4 -0.000000 0.945507 0.017506 0.942266 0.022537 0.984398 -0.000000 0.986559 -0.000000 0.945507
0 0.140831 0.509157 0.167948 0.506621 0.169118 0.510912 0.184688 0.512987 0.185333 0.533531 0.186155 0.542599 0.176142 0.543297 0.176922 0.546613 0.144733 0.550125 0.140831 0.509157
0 0.148078 0.446175 0.175601 0.444849 0.177425 0.469388 0.192268 0.469894 0.192898 0.483073 0.174606 0.483813 0.174606 0.485803 0.153881 0.486300 0.153052 0.471875 0.149570 0.471709 0.148078 0.446175
0 0.148436 0.473670 0.150831 0.473071 0.152268 0.473790 0.153227 0.475826 0.153227 0.477143 0.152463 0.478443 0.151310 0.479419 0.148795 0.478820 0.147478 0.477862 0.147358 0.475347 0.148436 0.473670
0 0.216529 0.457463 0.216536 0.466925 0.207656 0.467011 0.207335 0.457487 0.216529 0.457463
0 0.219493 0.457006 0.225270 0.457147 0.225975 0.465461 0.219916 0.465602 0.219493 0.457006
0 0.201743 0.390268 0.224292 0.388775 0.226448 0.406185 0.203235 0.408009 0.201743 0.390268
0 0.194447 0.395242 0.195774 0.409501 0.161452 0.411822 0.160291 0.397397 0.194447 0.395242
0 0.160623 0.407345 0.158799 0.407180 0.157307 0.407180 0.155649 0.406516 0.154488 0.405687 0.154157 0.405024 0.154157 0.403864 0.155152 0.402205 0.156478 0.401376 0.157970 0.400713 0.159462 0.400879 0.160457 0.402703 0.160955 0.404527 0.160955 0.406351 0.160955 0.407180 0.160623 0.407345
0 0.200548 0.369866 0.200971 0.381562 0.196744 0.381703 0.196603 0.383112 0.191248 0.383112 0.190684 0.369021 0.200548 0.368457 0.200548 0.369866
0 0.234791 0.360566 0.249165 0.359438 0.250151 0.367048 0.235355 0.367893 0.234791 0.360566
0 0.906398 0.323437 0.895473 0.340605 0.883378 0.332411 0.886304 0.329094 0.885134 0.327729 0.894303 0.314658 0.906398 0.323437
0 0.932930 0.290272 0.954780 0.305684 0.948342 0.314658 0.949707 0.316219 0.943269 0.325973 0.941319 0.324217 0.929223 0.343531 0.906593 0.326363 0.932930 0.290272
0 0.891486 0.236255 0.900646 0.234423 0.902055 0.242878 0.892895 0.244147 0.891486 0.236255
0 0.912876 0.261766 0.913553 0.268157 0.896502 0.269566 0.896251 0.263457 0.912876 0.261766
0 0.906747 0.261676 0.897545 0.261588 0.897178 0.257561 0.906050 0.256548 0.906747 0.261676
0 0.901998 0.249838 0.903266 0.255756 0.897348 0.257447 0.895234 0.250965 0.901998 0.249838
4 0.548394 0.681285 0.544402 0.679394 0.543811 0.676493 0.545030 0.673424 0.547887 0.671955 0.551249 0.673088 0.553017 0.675612 0.552177 0.679394 0.548394 0.681285
0 0.202718 0.543752 0.203073 0.542971 0.204137 0.542120 0.205557 0.542191 0.206763 0.542688 0.207544 0.543681 0.207615 0.545101 0.207260 0.546023 0.206550 0.546804 0.205557 0.547301 0.204705 0.547727 0.203215 0.547159 0.202150 0.546023 0.201795 0.544746 0.202718 0.543752
0 0.201866 0.540984 0.201015 0.539991 0.201086 0.538997 0.201086 0.537365 0.201511 0.536300 0.202505 0.535945 0.204208 0.535803 0.205628 0.535945 0.206196 0.536442 0.206409 0.537436 0.206338 0.539139 0.206125 0.540203 0.205628 0.541197 0.204208 0.541694 0.203073 0.541623 0.201866 0.540984
0 0.186531 0.394372 0.172754 0.394789 0.172754 0.388945 0.186113 0.387970 0.186531 0.394372
