0 -0.000000 0.870283 0.011809 0.865454 0.018679 0.883009 -0.000000 0.889266 -0.000000 0.870283
0 0.052644 0.862401 0.046538 0.850380 0.059705 0.844274 0.065620 0.856295 0.052644 0.862401
0 0.074656 0.836949 0.082861 0.834087 0.088204 0.845345 0.080571 0.848780 0.074656 0.836949
0 0.015924 0.945601 0.058095 0.919268 0.075078 0.943312 0.071070 0.945983 0.075268 0.951517 0.037105 0.975369 0.015924 0.945601
0 0.136254 0.800453 0.126531 0.804905 0.123017 0.798579 0.132974 0.793659 0.136254 0.800453
0 0.056066 0.654225 0.063798 0.668985 0.050561 0.674725 0.043532 0.661019 0.056066 0.654225
0 0.044703 0.611701 0.049975 0.624118 0.025140 0.634661 0.019517 0.622127 0.044703 0.611701
0 0.044703 0.627164 0.067429 0.616269 0.073521 0.628453 0.070592 0.629507 0.075161 0.639113 0.077387 0.638996 0.088281 0.663713 0.068132 0.673905 0.044703 0.627164
0 0.087457 0.664862 0.094954 0.679270 0.082537 0.685831 0.074571 0.671539 0.087457 0.664862
0 0.762657 0.998985 0.762371 0.997152 0.766108 0.995209 0.760427 0.984294 0.767903 0.979809 0.775528 0.991022 0.771491 0.993863 0.773729 0.998986 0.762657 0.998985
0 0.817057 0.998986 0.800024 0.956484 0.796077 0.958045 0.794149 0.953731 0.797637 0.952170 0.794608 0.943359 0.813690 0.936108 0.819414 0.948893 0.815598 0.950801 0.835825 0.997169 0.830558 0.998986 0.817057 0.998986
0 0.876659 0.946520 0.884859 0.944411 0.888608 0.951792 0.879353 0.954837 0.876659 0.946520
0 0.713703 0.775857 0.727252 0.770705 0.730305 0.777574 0.731449 0.777383 0.735838 0.787687 0.754920 0.781772 0.766942 0.809250 0.729160 0.822798 0.716184 0.792839 0.720764 0.791504 0.713703 0.775857
0 0.719519 0.875625 0.709801 0.853049 0.745983 0.836752 0.753309 0.852002 0.733125 0.861122 0.736264 0.867551 0.719519 0.875625
0 0.705296 0.881663 0.718972 0.876615 0.733382 0.903508 0.716953 0.910392 0.705296 0.881663
0 0.724673 0.711934 0.737580 0.708037 0.748052 0.732878 0.735875 0.736775 0.724673 0.711934
0 0.739562 0.742518 0.742022 0.749078 0.735814 0.751772 0.732768 0.745095 0.739562 0.742518
0 0.834920 0.641112 0.851067 0.678639 0.826398 0.688806 0.810699 0.652924 0.834920 0.641112
0 0.905341 0.554402 0.921787 0.548571 0.925675 0.558140 0.943317 0.551412 0.954680 0.575184 0.918349 0.590135 0.913714 0.576829 0.917153 0.574736 0.914013 0.567858 0.911322 0.569353 0.905341 0.554402
0 0.661741 0.596567 0.666525 0.603893 0.653817 0.611070 0.650079 0.603146 0.661741 0.596567
0 0.693773 0.560428 0.695866 0.567156 0.690035 0.567754 0.688241 0.561175 0.693773 0.560428
0 0.708724 0.571192 0.723825 0.564614 0.735636 0.590629 0.718891 0.598852 0.708724 0.571192
0 0.727562 0.528283 0.735038 0.552803 0.714555 0.559979 0.709771 0.545477 0.716200 0.543383 0.712761 0.533366 0.727562 0.528283
0 0.640128 0.551464 0.648715 0.546121 0.656539 0.569210 0.649097 0.572454 0.640128 0.551464
0 0.682553 0.491232 0.713274 0.480355 0.721098 0.500200 0.717854 0.501155 0.725105 0.518137 0.695528 0.529586 0.687514 0.508215 0.688850 0.506879 0.682553 0.491232
0 0.680092 0.483990 0.682394 0.485787 0.682825 0.487585 0.682610 0.489887 0.681387 0.491253 0.680740 0.491972 0.678726 0.491900 0.676640 0.491829 0.675202 0.491325 0.674123 0.489311 0.674123 0.487729 0.674123 0.486507 0.674771 0.485140 0.675777 0.484349 0.677935 0.483558 0.680092 0.483990
0 0.664400 0.511529 0.660637 0.500332 0.666328 0.498220 0.670458 0.509051 0.664400 0.511529
0 0.535467 0.395403 0.547488 0.398838 0.544626 0.408569 0.532032 0.405516 0.535467 0.395403
0 0.412742 0.349321 0.433687 0.351026 0.431982 0.372214 0.411038 0.371970 0.412742 0.349321
0 0.470948 0.298178 0.485317 0.306946 0.478497 0.315226 0.479228 0.316443 0.456092 0.353218 0.434174 0.338849 0.436853 0.334709 0.434661 0.332760 0.444646 0.318635 0.440749 0.315956 0.455849 0.296473 0.465590 0.305971 0.470948 0.298178
0 0.497001 0.376895 0.486385 0.370466 0.494309 0.358056 0.504775 0.364934 0.497001 0.376895
0 0.510123 0.379097 0.513754 0.373123 0.519377 0.376988 0.515628 0.382611 0.510123 0.379097
0 0.592815 0.353275 0.601337 0.333091 0.612700 0.338025 0.603879 0.360302 0.592815 0.353275
0 0.576369 0.359853 0.587582 0.360900 0.589376 0.355368 0.603131 0.362395 0.601487 0.365983 0.619428 0.370618 0.605374 0.404706 0.602234 0.403660 0.599693 0.410687 0.572183 0.400670 0.573229 0.397829 0.562763 0.393643 0.576369 0.359853
1 0.552099 0.395696 0.569436 0.401319 0.562525 0.417134 0.546007 0.411276 0.552099 0.395696
0 0.344439 0.332936 0.348637 0.339424 0.337378 0.345530 0.332608 0.338851 0.344439 0.332936
0 0.524449 0.193777 0.540035 0.190124 0.550264 0.219592 0.532729 0.223489 0.524449 0.193777
0 0.524449 0.193777 0.516412 0.162604 0.534434 0.157977 0.540035 0.190124 0.524449 0.193777
0 0.580287 0.210421 0.589054 0.245003 0.571763 0.250117 0.561048 0.212125 0.580287 0.210421
0 0.614382 0.211151 0.629725 0.266678 0.613165 0.271549 0.604289 0.240539 0.597335 0.216996 0.614382 0.211151
0 0.591403 0.219336 0.597335 0.216996 0.604289 0.240539 0.597430 0.243456 0.591403 0.219336
0 0.599789 0.203297 0.601737 0.201348 0.602224 0.201348 0.604416 0.201348 0.607825 0.202322 0.608799 0.203297 0.609287 0.205488 0.609043 0.208167 0.606121 0.210359 0.604172 0.211090 0.601006 0.209385 0.599058 0.208411 0.598814 0.207680 0.598814 0.205245 0.599789 0.203297
0 0.568560 0.144347 0.581119 0.140011 0.600855 0.182622 0.587399 0.188303 0.568560 0.144347
0 0.578909 0.124211 0.610203 0.112953 0.608295 0.109327 0.631384 0.100931 0.644550 0.129172 0.589213 0.150926 0.578909 0.124211
0 0.692790 -0.000000 0.715216 -0.000000 0.720448 0.010754 0.700414 0.018528 0.692790 -0.000000
0 0.716842 0.020845 0.717393 0.021120 0.718219 0.022130 0.718678 0.024057 0.718586 0.025893 0.718036 0.028004 0.716475 0.028555 0.714364 0.029381 0.712987 0.029381 0.710968 0.028738 0.709867 0.027178 0.708490 0.024424 0.708306 0.022772 0.708306 0.021579 0.710968 0.020110 0.713905 0.020110 0.715465 0.020569 0.716567 0.020845 0.716842 0.020845
0 0.720881 0.017265 0.722350 0.015888 0.724185 0.015980 0.726480 0.016072 0.727673 0.016990 0.728499 0.018917 0.729050 0.022038 0.728866 0.023598 0.728316 0.024700 0.726847 0.025618 0.725011 0.025618 0.722625 0.025526 0.721065 0.025251 0.720147 0.024516 0.719504 0.023231 0.719504 0.021763 0.719504 0.021028 0.719779 0.019560 0.720330 0.018275 0.720881 0.017265
0 0.443044 0.380480 0.460981 0.378763 0.460981 0.397845 0.442662 0.396700 0.443044 0.380480
0 0.706118 0.879500 0.701432 0.879031 0.698503 0.875283 0.699206 0.870831 0.703189 0.868488 0.708344 0.869542 0.709632 0.873174 0.708344 0.879383 0.706118 0.879500
0 0.804167 0.683856 0.815425 0.680040 0.816188 0.682902 0.820386 0.683093 0.821913 0.690726 0.810082 0.695305 0.804167 0.683856
0 0.632830 0.610113 0.638475 0.607450 0.641458 0.613095 0.635600 0.615439 0.632830 0.610113
