0 0.483848 0.945220 0.475890 0.944225 0.477548 0.928971 0.502584 0.931292 0.496118 0.993469 0.477382 0.991313 0.483848 0.945220
0 0.549158 0.912628 0.552085 0.893510 0.564436 0.895839 0.562266 0.913470 0.549158 0.912628
4 0.676433 0.998985 0.677690 0.990629 0.695305 0.992038 0.694690 0.998985 0.676433 0.998985
0 0.585377 0.910913 0.585185 0.909670 0.584994 0.909384 0.584994 0.908619 0.585281 0.907759 0.586523 0.907185 0.587957 0.906994 0.589008 0.906994 0.589964 0.907472 0.590729 0.908524 0.590635 0.910441 0.588339 0.912442 0.585377 0.910913
0 0.592067 0.911582 0.591685 0.910817 0.591493 0.909384 0.592162 0.908237 0.592449 0.907377 0.593309 0.906899 0.594265 0.906994 0.595221 0.907185 0.596272 0.908046 0.596463 0.908619 0.596463 0.910339 0.596272 0.911295 0.595603 0.912060 0.594839 0.912920 0.593978 0.913111 0.592927 0.912251 0.592067 0.911582
0 0.597702 0.912252 0.597613 0.910746 0.597702 0.910126 0.597968 0.909062 0.597968 0.908708 0.598677 0.907822 0.599386 0.907556 0.600803 0.907556 0.601601 0.907910 0.602310 0.908619 0.602576 0.909771 0.602576 0.911012 0.602398 0.911809 0.602044 0.912518 0.601158 0.912961 0.600183 0.913316 0.598943 0.913316 0.598234 0.913050 0.597702 0.912252
0 0.603993 0.913936 0.603639 0.912961 0.603462 0.912075 0.603462 0.911100 0.603462 0.909948 0.603550 0.909505 0.603905 0.908442 0.604614 0.908088 0.605943 0.908265 0.606741 0.908619 0.607538 0.909240 0.607804 0.909771 0.607804 0.910746 0.607804 0.911987 0.607538 0.912695 0.607095 0.913493 0.606209 0.913936 0.605411 0.914290 0.604614 0.914202 0.603993 0.913936
0 0.609222 0.913582 0.608601 0.912695 0.608342 0.910746 0.608779 0.909948 0.609310 0.909240 0.610108 0.908885 0.610817 0.908885 0.611614 0.909151 0.612412 0.909683 0.612855 0.910746 0.612943 0.912518 0.612678 0.913936 0.611437 0.914822 0.610374 0.914734 0.609576 0.914113 0.609222 0.913582
0 0.614116 0.913407 0.613847 0.911882 0.613483 0.910746 0.613937 0.909639 0.615193 0.909011 0.616717 0.908921 0.618063 0.909370 0.618870 0.909998 0.618870 0.911254 0.618870 0.912420 0.618601 0.913945 0.617435 0.914483 0.616269 0.914752 0.615551 0.914752 0.614565 0.914304 0.614116 0.913407
0 0.621382 0.915111 0.620575 0.914931 0.620036 0.914304 0.619857 0.913227 0.619947 0.912330 0.620485 0.911523 0.620844 0.910536 0.622010 0.910267 0.623355 0.910357 0.623983 0.910446 0.624701 0.910895 0.624970 0.911702 0.624880 0.913048 0.624521 0.913676 0.623535 0.914304 0.622548 0.914752 0.621382 0.915111
0 0.626674 0.915380 0.626136 0.914662 0.625957 0.913855 0.626046 0.912689 0.625957 0.910626 0.627751 0.910267 0.629276 0.910357 0.630352 0.911433 0.630352 0.913048 0.630083 0.914842 0.629545 0.915739 0.627661 0.915649 0.626674 0.915380
