0 0.120185 0.138468 0.128877 0.138203 0.128915 0.138507 0.131514 0.138278 0.137827 0.212601 0.134466 0.212815 0.133897 0.215805 0.125919 0.216582 0.103433 0.218083 0.100660 0.215563 0.095074 0.141290 0.108557 0.139713 0.118950 0.138222 0.118926 0.137930 0.120185 0.138468
0 0.127716 0.132726 0.128630 0.135945 0.128828 0.137715 0.125925 0.138507 0.122793 0.138507 0.120277 0.137977 0.118867 0.137383 0.118665 0.135233 0.120801 0.132386 0.124929 0.131816 0.127716 0.132726
0 0.070216 0.160348 0.091038 0.155314 0.095835 0.165951 0.072214 0.175609 0.068574 0.165657 0.070216 0.160348
3 0.248419 0.226256 0.245046 0.188033 0.245721 0.185560 0.256288 0.184436 0.266631 0.184436 0.269779 0.224233 0.266990 0.224522 0.266727 0.230840 0.249471 0.231719 0.248419 0.226256
0 0.248638 0.080550 0.252903 0.081429 0.254421 0.085570 0.254370 0.089544 0.250956 0.091890 0.246066 0.091462 0.243546 0.088737 0.243807 0.083725 0.246016 0.081930 0.248638 0.080550
0 0.235594 0.062019 0.233335 0.035429 0.240374 0.033082 0.250037 0.034463 0.251807 0.059187 0.251729 0.064976 0.247570 0.065614 0.243687 0.065716 0.237887 0.065614 0.235594 0.062019
0 0.015014 0.158235 0.053927 0.157391 0.057092 0.175027 0.054613 0.175691 0.054515 0.177637 0.046165 0.177853 0.038753 0.177664 0.014972 0.178077 0.015014 0.158235
4 -0.000000 0.130998 0.009038 0.127962 0.013799 0.140523 0.016697 0.152030 -0.000000 0.156673 -0.000000 0.130998
0 -0.000000 0.260933 0.008364 0.258490 0.016267 0.276043 0.014672 0.280494 -0.000000 0.283867 -0.000000 0.260933
0 0.063013 0.290387 0.078078 0.286115 0.083024 0.313321 0.068634 0.317818 0.063013 0.290387
0 0.062078 0.334318 0.062965 0.331593 0.065321 0.330533 0.068004 0.329776 0.071247 0.331614 0.073217 0.335335 0.071486 0.339444 0.065863 0.341196 0.063095 0.338817 0.062078 0.334318
3 0.111525 0.330273 0.112434 0.327050 0.114922 0.324065 0.119527 0.323264 0.122297 0.326531 0.122188 0.333301 0.118857 0.335658 0.113581 0.335442 0.111525 0.330273
0 0.091423 0.324359 0.091075 0.310848 0.097899 0.306807 0.106989 0.306601 0.107379 0.318273 0.098591 0.318985 0.098625 0.323914 0.091423 0.324359
0 0.155952 0.242978 0.157746 0.238561 0.160231 0.236904 0.164924 0.237870 0.166442 0.239113 0.166994 0.244634 0.162577 0.246843 0.158574 0.246014 0.155952 0.242978
0 0.156918 0.236214 0.152225 0.236214 0.149602 0.233591 0.150016 0.230969 0.151259 0.228346 0.153743 0.226828 0.157746 0.227794 0.160231 0.231935 0.158436 0.235800 0.156918 0.236214
4 0.744581 -0.000000 0.762919 -0.000000 0.760027 0.006736 0.743880 0.002700 0.744581 -0.000000
0 0.091709 0.051609 0.091977 0.058321 0.096542 0.056576 0.102181 0.058456 0.102718 0.059261 0.125541 0.058724 0.127287 0.092423 0.089963 0.094034 0.090098 0.094974 0.087949 0.095376 0.088218 0.101552 0.092380 0.101418 0.092648 0.105983 0.089829 0.105580 0.089158 0.107325 0.075732 0.107862 0.075093 0.087266 0.068176 0.087733 0.067677 0.071881 0.076403 0.070270 0.076940 0.061812 0.078551 0.053220 0.085667 0.051071 0.091440 0.051609 0.091709 0.051609
0 0.097780 0.204072 0.099588 0.204640 0.100237 0.213609 0.093896 0.214381 0.092757 0.209826 0.091618 0.207121 0.094038 0.204215 0.097780 0.204072
0 0.090170 0.175396 0.090707 0.175128 0.093660 0.177544 0.094197 0.182913 0.091244 0.184523 0.088828 0.182913 0.087218 0.179691 0.090170 0.175396
0 0.022952 0.023438 0.030944 0.021621 0.033123 0.030340 0.032397 0.032883 0.025858 0.034699 0.022952 0.023438
