0 0.129319 0.225224 0.136327 0.220206 0.143767 0.230501 0.136240 0.235951 0.129319 0.225224
0 0.145929 0.232058 0.151537 0.227025 0.157608 0.234135 0.151899 0.238893 0.145929 0.232058
0 0.199469 0.127426 0.200583 0.129713 0.200795 0.131386 0.199273 0.133585 0.196542 0.134473 0.193795 0.133782 0.192118 0.132225 0.190986 0.129523 0.193004 0.126598 0.196351 0.125583 0.199469 0.127426
0 0.206730 0.120488 0.208480 0.123841 0.207449 0.125877 0.206532 0.127314 0.204381 0.128138 0.202282 0.127930 0.200316 0.127318 0.198471 0.124012 0.199304 0.121087 0.203377 0.119530 0.206730 0.120488
0 0.276793 0.123602 0.276913 0.126237 0.276314 0.127314 0.274877 0.128991 0.273560 0.129829 0.272362 0.129949 0.271164 0.129710 0.270326 0.128632 0.268649 0.127314 0.268050 0.126117 0.268050 0.124081 0.269128 0.122524 0.270326 0.121446 0.271883 0.120727 0.273919 0.120847 0.274877 0.121446 0.276793 0.123602
0 0.146695 0.027311 0.155216 0.043876 0.147192 0.047373 0.148684 0.050855 0.106089 0.073337 0.093471 0.048037 0.099440 0.044720 0.101668 0.049241 0.146695 0.027311
0 0.169218 0.036956 0.155954 0.042427 0.149819 0.029163 0.206856 0.001971 0.214152 0.016396 0.191105 0.028666 0.197737 0.042593 0.190773 0.045743 0.198566 0.060832 0.183809 0.067795 0.169218 0.036956
0 0.111160 0.017228 0.141935 0.002284 0.151266 0.019611 0.120178 0.035161 0.111160 0.017228
0 0.172715 0.050944 0.180438 0.067090 0.175132 0.068464 0.169398 0.072679 0.161583 0.056957 0.166793 0.052688 0.172715 0.050944
0 0.261158 0.047903 0.254720 0.037953 0.260768 0.034051 0.267010 0.044001 0.261158 0.047903
0 0.120639 0.209084 0.117676 0.210318 0.115786 0.209348 0.115035 0.207002 0.116502 0.205409 0.118276 0.205005 0.120018 0.206483 0.120639 0.209084
0 0.139187 0.166583 0.137031 0.168406 0.138523 0.170728 0.141342 0.169235 0.155270 0.188303 0.146150 0.195930 0.143631 0.193120 0.142794 0.193871 0.144892 0.197591 0.131725 0.208034 0.128575 0.204054 0.121934 0.208441 0.114627 0.197158 0.105549 0.188266 0.127380 0.171947 0.127228 0.168551 0.136368 0.162935 0.139187 0.166583
0 0.111000 0.200407 0.112154 0.201381 0.112583 0.203550 0.112350 0.205269 0.110262 0.206376 0.107186 0.206376 0.105860 0.204718 0.105528 0.201899 0.106523 0.199909 0.108844 0.199412 0.111000 0.200407
0 0.236723 0.042796 0.241291 0.041038 0.248086 0.057907 0.242814 0.059664 0.236723 0.042796
