0 0.295119 0.267483 0.300386 0.246999 0.348378 0.257339 0.341550 0.278798 0.295119 0.267483
0 0.301317 0.243337 0.299880 0.242738 0.297365 0.240582 0.297964 0.236390 0.300958 0.234833 0.304910 0.235911 0.306108 0.239025 0.304431 0.241900 0.301317 0.243337
0 0.300865 0.225522 0.306718 0.198405 0.347491 0.207379 0.339102 0.235276 0.300865 0.225522
0 0.309172 0.194115 0.306197 0.193844 0.305071 0.190560 0.307042 0.186055 0.311453 0.186055 0.314174 0.187651 0.314643 0.192624 0.312926 0.193805 0.309172 0.194115
0 0.318038 0.169676 0.322948 0.148837 0.355166 0.156382 0.350016 0.176862 0.318038 0.169676
0 0.312641 0.168041 0.308068 0.167076 0.307627 0.162950 0.308886 0.160234 0.310945 0.160087 0.313592 0.159940 0.316050 0.162380 0.315389 0.166061 0.312641 0.168041
0 0.312342 0.159572 0.309595 0.157517 0.308984 0.154566 0.309591 0.152434 0.311239 0.150308 0.313960 0.149793 0.317195 0.152293 0.317300 0.155602 0.316018 0.158490 0.312342 0.159572
0 0.306021 0.177281 0.301844 0.175797 0.301991 0.172856 0.303020 0.170577 0.305153 0.170136 0.307735 0.171445 0.307979 0.174152 0.306021 0.177281
0 0.320221 0.116298 0.338583 0.033945 0.361603 0.039017 0.343185 0.120834 0.320221 0.116298
0 0.283995 0.038448 0.285432 0.018088 0.318608 0.020483 0.316212 0.041203 0.283995 0.038448
0 0.414792 0.034214 0.431148 0.034520 0.428243 0.055920 0.414028 0.053933 0.414792 0.034214
0 0.446698 0.081768 0.448074 0.067858 0.481396 0.069845 0.481702 0.077029 0.480938 0.085589 0.446698 0.081768
3 0.412053 0.102412 0.415406 0.081453 0.436964 0.084327 0.436844 0.105526 0.412053 0.102412
0 0.419469 0.190338 0.415205 0.189676 0.413405 0.186956 0.413818 0.184360 0.415352 0.182765 0.417558 0.182324 0.420131 0.182544 0.422354 0.184682 0.421715 0.187471 0.419469 0.190338
0 0.415300 0.154677 0.417379 0.156894 0.417379 0.158864 0.415656 0.159953 0.413145 0.159535 0.411401 0.158014 0.411514 0.155387 0.412762 0.153938 0.415300 0.154677
0 0.417520 0.146214 0.419469 0.149674 0.417666 0.151788 0.415969 0.152701 0.413316 0.152137 0.412027 0.149918 0.412885 0.147444 0.414629 0.146520 0.417520 0.146214
0 0.417018 0.137284 0.419739 0.138973 0.420793 0.141220 0.419362 0.144825 0.416093 0.144939 0.413722 0.144076 0.412587 0.141070 0.413783 0.138920 0.417018 0.137284
0 0.461537 0.136800 0.459359 0.139463 0.456465 0.139432 0.453786 0.137455 0.453051 0.133559 0.454375 0.130912 0.456833 0.130019 0.459374 0.129662 0.461339 0.132915 0.461537 0.136800
0 0.451347 0.127262 0.448113 0.126611 0.445343 0.124325 0.445483 0.121304 0.448395 0.119090 0.451900 0.118561 0.454841 0.120694 0.454390 0.124314 0.451347 0.127262
0 0.436841 0.121922 0.433932 0.120608 0.431773 0.117417 0.433275 0.113851 0.436090 0.111881 0.439280 0.111505 0.441902 0.113269 0.442675 0.117304 0.441466 0.120638 0.436841 0.121922
3 0.421464 0.118237 0.418790 0.118002 0.417239 0.116126 0.418034 0.114085 0.419679 0.113115 0.421440 0.113280 0.422868 0.114249 0.423362 0.116721 0.421464 0.118237
3 0.419700 0.110412 0.418579 0.108143 0.419462 0.106232 0.421814 0.104761 0.424167 0.105276 0.425417 0.106379 0.425585 0.108574 0.424832 0.110677 0.423754 0.111703 0.421167 0.111732 0.419700 0.110412
0 0.429795 0.112509 0.426749 0.111841 0.426097 0.107773 0.428576 0.106916 0.430516 0.107448 0.431296 0.109558 0.431580 0.111781 0.429795 0.112509
4 0.962775 0.572600 0.960054 0.569222 0.960148 0.564811 0.962306 0.562841 0.966904 0.561809 0.969156 0.562841 0.971221 0.566219 0.970001 0.571849 0.965497 0.573726 0.962775 0.572600
4 0.779775 0.956270 0.776209 0.953548 0.776209 0.951109 0.776866 0.947730 0.778462 0.945760 0.782778 0.945854 0.786532 0.948012 0.787564 0.951953 0.785969 0.954956 0.782403 0.956551 0.779775 0.956270
0 0.347951 0.099524 0.350672 0.088638 0.358555 0.090140 0.355927 0.101307 0.347951 0.099524
0 0.316743 0.197717 0.316095 0.196205 0.316311 0.194045 0.318039 0.191022 0.321278 0.191238 0.324518 0.192965 0.324734 0.196853 0.322358 0.198797 0.316743 0.197717
0 0.301408 0.186270 0.300760 0.183678 0.301192 0.181518 0.305296 0.180870 0.307888 0.184110 0.304648 0.186918 0.301408 0.186270
0 0.412479 0.160469 0.413662 0.160651 0.415575 0.161106 0.416668 0.162472 0.416668 0.164294 0.414937 0.166115 0.412752 0.165568 0.410566 0.165022 0.410293 0.163383 0.410111 0.161288 0.412479 0.160469
0 0.411841 0.172581 0.410566 0.171943 0.409564 0.171579 0.409291 0.170031 0.408836 0.168118 0.409838 0.166661 0.411204 0.166297 0.413571 0.166570 0.414755 0.167663 0.415757 0.169211 0.415848 0.170942 0.414300 0.172034 0.411841 0.172581
0 0.417852 0.172399 0.417123 0.171397 0.416941 0.169484 0.416212 0.167754 0.416850 0.165204 0.418944 0.164749 0.422041 0.165568 0.422951 0.166935 0.422405 0.169120 0.422951 0.171124 0.421768 0.172854 0.419673 0.172854 0.417852 0.172399
3 0.414300 0.115845 0.412934 0.115299 0.411295 0.114297 0.411021 0.112567 0.411568 0.111474 0.413571 0.111019 0.416030 0.112111 0.416857 0.113732 0.416303 0.115208 0.414300 0.115845
3 0.414664 0.110290 0.414326 0.110186 0.412934 0.109835 0.413207 0.108195 0.412387 0.107558 0.411386 0.106283 0.412296 0.105008 0.414482 0.104644 0.416577 0.104826 0.418216 0.105919 0.417578 0.107740 0.417032 0.109926 0.414664 0.110290
