0 0.860001 0.489943 0.897909 0.492541 0.898062 0.505228 0.900355 0.507215 0.900202 0.523418 0.892559 0.523877 0.892559 0.528309 0.856791 0.524947 0.857555 0.519902 0.859848 0.516540 0.859848 0.513330 0.858625 0.512412 0.860001 0.489943
2 0.851678 0.469431 0.861379 0.469790 0.861858 0.463921 0.865571 0.464041 0.865691 0.470628 0.867727 0.470628 0.867128 0.488833 0.851319 0.488713 0.851678 0.469431
3 0.845517 0.489868 0.856233 0.490213 0.855945 0.498163 0.845172 0.497645 0.845517 0.489868
4 0.831476 0.463150 0.837954 0.463841 0.837781 0.469024 0.830871 0.468505 0.831476 0.463150
3 0.901967 0.402368 0.905414 0.402209 0.905626 0.408148 0.902497 0.408201 0.901967 0.402368
0 0.816274 0.388530 0.818607 0.386357 0.821842 0.386410 0.823697 0.388212 0.823538 0.393833 0.817175 0.393886 0.817228 0.390068 0.816274 0.388530
0 0.824680 0.401674 0.826767 0.379364 0.866557 0.384602 0.893715 0.386966 0.892833 0.409894 0.857669 0.406808 0.857448 0.410225 0.849181 0.410225 0.849842 0.404934 0.824680 0.401674
2 0.786750 0.391543 0.788844 0.388236 0.791820 0.388236 0.793915 0.390110 0.794907 0.392645 0.794135 0.394629 0.792372 0.396283 0.789175 0.396173 0.786419 0.394299 0.786750 0.391543
3 0.805524 0.405188 0.830145 0.406877 0.827331 0.441627 0.802148 0.439938 0.805524 0.405188
3 0.745014 0.437843 0.761174 0.438382 0.760276 0.461186 0.752555 0.461006 0.752376 0.468009 0.742859 0.468368 0.745014 0.437843
0 0.661402 0.750560 0.688078 0.753867 0.687196 0.761032 0.660299 0.756953 0.661402 0.750560
0 0.608987 0.731945 0.634552 0.734881 0.633861 0.740841 0.607950 0.737904 0.608987 0.731945
3 0.569303 0.727667 0.583249 0.729311 0.582931 0.734560 0.568084 0.732705 0.569303 0.727667
0 0.553297 0.753615 0.564801 0.754292 0.564057 0.766000 0.552620 0.765188 0.553297 0.753615
0 0.512277 0.738769 0.535078 0.740497 0.533351 0.761744 0.509081 0.759930 0.512277 0.738769
0 0.745111 0.699366 0.756654 0.701431 0.755434 0.708187 0.742859 0.705935 0.745111 0.699366
0 0.692313 0.636645 0.697843 0.639410 0.693983 0.645690 0.688395 0.642867 0.692313 0.636645
0 0.681855 0.632954 0.687213 0.636353 0.683526 0.641941 0.678399 0.638197 0.681855 0.632954
3 0.523143 0.649861 0.531588 0.650143 0.531119 0.662436 0.522017 0.661873 0.523143 0.649861
3 0.527549 0.611993 0.536839 0.612931 0.535432 0.625224 0.525860 0.624192 0.527549 0.611993
0 0.530650 0.572633 0.541458 0.572928 0.541017 0.589177 0.528959 0.588589 0.530650 0.572633
3 0.535205 0.523424 0.544047 0.523212 0.544047 0.535590 0.534710 0.535626 0.535205 0.523424
