0 -0.000000 0.958370 0.008434 0.953986 0.023533 0.977122 0.010869 0.986133 -0.000000 0.972008 -0.000000 0.958370
0 -0.000000 0.886207 0.013061 0.880195 0.035467 0.925493 0.018906 0.930363 0.009165 0.937669 -0.000000 0.921352 -0.000000 0.886207
0 0.014035 0.941566 0.011844 0.939131 0.011600 0.934990 0.014035 0.932799 0.016714 0.934016 0.019393 0.936208 0.017445 0.939861 0.014035 0.941566
4 0.024326 0.936257 0.024326 0.933329 0.025146 0.930517 0.028777 0.932040 0.030066 0.934735 0.029246 0.936843 0.028543 0.936960 0.027957 0.936960 0.024326 0.936257
4 0.026768 0.937745 0.028543 0.936960 0.031107 0.937801 0.031614 0.938703 0.031670 0.940788 0.030712 0.941746 0.027501 0.940957 0.026655 0.939717 0.026768 0.937745
0 0.039568 0.933803 0.038345 0.931574 0.038561 0.929273 0.040863 0.928194 0.043020 0.927978 0.044602 0.929776 0.045250 0.931934 0.044099 0.933660 0.042661 0.934019 0.039568 0.933803
0 0.038105 0.943697 0.037530 0.941684 0.038249 0.939382 0.039903 0.938232 0.042708 0.939886 0.043858 0.942906 0.042995 0.944129 0.041054 0.944488 0.038105 0.943697
0 0.049853 0.960252 0.047466 0.958600 0.046365 0.956489 0.046824 0.954103 0.048659 0.952726 0.052239 0.953552 0.054442 0.956489 0.054075 0.958509 0.053340 0.959151 0.049853 0.960252
0 0.052562 0.968594 0.051555 0.965645 0.051627 0.962984 0.054072 0.961978 0.056733 0.963847 0.057740 0.966580 0.056158 0.969385 0.052562 0.968594
0 0.089054 0.946446 0.113097 0.935188 0.130652 0.969154 0.105274 0.980603 0.089054 0.946446
0 0.105274 0.980603 0.130652 0.969154 0.130461 0.975069 0.105846 0.985373 0.105274 0.980603
0 0.117292 0.987290 0.116120 0.987290 0.114363 0.982721 0.116355 0.981315 0.119752 0.979324 0.121861 0.979324 0.123618 0.979558 0.124321 0.981315 0.124321 0.983424 0.123266 0.986704 0.122329 0.987524 0.117292 0.987290
0 0.126898 0.982252 0.124906 0.979675 0.125961 0.975458 0.127132 0.973584 0.130764 0.973701 0.132521 0.974052 0.134044 0.977332 0.133692 0.981667 0.131935 0.982487 0.126898 0.982252
