0 0.587407 0.680511 0.568339 0.678570 0.571993 0.643631 0.590833 0.645115 0.587407 0.680511
0 0.808688 0.757404 0.809529 0.754205 0.811549 0.752101 0.814664 0.751512 0.818704 0.752522 0.820808 0.756225 0.819293 0.760518 0.815253 0.762286 0.811044 0.761444 0.809193 0.759087 0.808688 0.757404
4 0.802291 0.755300 0.799934 0.754205 0.798335 0.751764 0.798335 0.749408 0.800018 0.747051 0.802880 0.745704 0.806162 0.745957 0.808435 0.747892 0.808603 0.751259 0.806499 0.753700 0.804647 0.755215 0.802291 0.755300
4 0.832443 0.768956 0.830396 0.767902 0.829341 0.765047 0.829961 0.762814 0.831388 0.761511 0.834243 0.760766 0.837407 0.761511 0.839517 0.763869 0.839020 0.766723 0.836787 0.768398 0.835173 0.768832 0.832443 0.768956
4 0.848415 0.780985 0.846731 0.779807 0.844796 0.777703 0.845385 0.774841 0.847321 0.772484 0.850688 0.771306 0.854980 0.772821 0.855906 0.776524 0.853381 0.779133 0.851193 0.780733 0.848415 0.780985
4 0.908925 0.816481 0.908336 0.814124 0.909178 0.811767 0.911619 0.809074 0.914649 0.808989 0.917679 0.810589 0.918773 0.813198 0.917679 0.816733 0.914144 0.818248 0.911114 0.817912 0.908925 0.816481
0 0.857897 0.787713 0.855709 0.784851 0.856382 0.780727 0.858739 0.778791 0.862947 0.778034 0.865809 0.781064 0.865557 0.784767 0.863368 0.786787 0.861180 0.787713 0.857897 0.787713
4 0.878656 0.798063 0.876298 0.797070 0.875491 0.794154 0.876112 0.791672 0.878842 0.789811 0.882689 0.789624 0.885233 0.792106 0.885295 0.794961 0.884178 0.797318 0.881758 0.798808 0.878656 0.798063
4 0.972317 0.827248 0.974375 0.821577 0.980870 0.823955 0.978125 0.829764 0.972317 0.827248
4 0.928799 0.822773 0.927000 0.820788 0.926193 0.818058 0.926814 0.814955 0.928799 0.813404 0.932212 0.813156 0.935377 0.813963 0.936742 0.815886 0.936866 0.819671 0.934632 0.822463 0.931654 0.822959 0.928799 0.822773
0 0.937734 0.822897 0.938107 0.820043 0.939844 0.817996 0.943133 0.817065 0.946545 0.818678 0.948407 0.822215 0.947290 0.825814 0.944125 0.827861 0.939844 0.827117 0.938107 0.824821 0.937734 0.822897
4 0.852045 0.950734 0.849190 0.949022 0.848505 0.945596 0.849876 0.941828 0.853187 0.939887 0.857526 0.941029 0.860837 0.945254 0.858782 0.949707 0.856384 0.950849 0.852045 0.950734
4 0.826687 0.916405 0.824054 0.914547 0.823899 0.911449 0.824518 0.908351 0.828081 0.906492 0.831643 0.907422 0.835206 0.911139 0.834122 0.914547 0.831488 0.916715 0.826687 0.916405
1 0.579896 0.799418 0.580010 0.789599 0.599764 0.791654 0.598622 0.802045 0.579896 0.799418
