0 0.032088 0.845880 0.034378 0.817639 0.040866 0.817639 0.041820 0.812296 0.059756 0.814205 0.060901 0.812296 0.076930 0.815159 0.076930 0.817067 0.081898 0.819663 0.079215 0.852214 0.071778 0.851605 0.032088 0.845880
0 0.069870 0.854276 0.071778 0.851605 0.073872 0.852061 0.077312 0.852177 0.079215 0.852214 0.079029 0.855994 0.078075 0.860192 0.075022 0.860764 0.071969 0.860382 0.070061 0.859047 0.069870 0.854276
0 0.078647 0.866489 0.080937 0.837103 0.089142 0.838248 0.087043 0.866870 0.078647 0.866489
0 0.090323 0.839878 0.117765 0.842255 0.115974 0.861788 0.089142 0.857711 0.090323 0.839878
0 0.109207 0.861314 0.115974 0.861788 0.115298 0.873731 0.108855 0.873028 0.109207 0.861314
0 0.064405 0.882881 0.062639 0.880276 0.062904 0.877495 0.064317 0.874846 0.067849 0.874846 0.070321 0.876347 0.072485 0.879305 0.071469 0.882439 0.067098 0.883632 0.064405 0.882881
0 0.079769 0.875993 0.079637 0.871711 0.080343 0.870033 0.085465 0.868400 0.088953 0.869724 0.091072 0.873609 0.090233 0.876126 0.088997 0.878863 0.083611 0.879481 0.081491 0.878422 0.079769 0.875993
4 0.153999 0.890863 0.151457 0.887125 0.151457 0.882042 0.153849 0.879949 0.157288 0.879650 0.160727 0.882490 0.162820 0.888022 0.158783 0.891162 0.153999 0.890863
0 0.178070 0.884284 0.178519 0.880547 0.183303 0.877257 0.188087 0.880995 0.189283 0.884733 0.187938 0.889517 0.183303 0.891162 0.179715 0.889517 0.178070 0.884284
4 0.170295 0.870081 0.169697 0.863503 0.175080 0.861708 0.181359 0.864250 0.182256 0.868586 0.176425 0.876360 0.173286 0.874865 0.170295 0.870081
0 0.056150 0.943892 0.059316 0.934637 0.058342 0.930984 0.061020 0.922217 0.096820 0.933420 0.089514 0.955338 0.056150 0.943892
0 0.056150 0.943892 0.089514 0.955338 0.085332 0.961271 0.053298 0.949706 0.056150 0.943892
0 0.113479 0.942816 0.130462 0.947396 0.126100 0.965681 0.107182 0.961516 0.111189 0.943198 0.113479 0.942816
0 0.106583 0.966627 0.108877 0.962588 0.109153 0.961671 0.111815 0.961671 0.113650 0.961854 0.115119 0.964516 0.114201 0.967820 0.112090 0.969381 0.109061 0.969381 0.106583 0.966627
0 0.121636 0.965801 0.126100 0.965681 0.127969 0.966994 0.129346 0.969289 0.128428 0.972134 0.126776 0.972869 0.124481 0.972960 0.122921 0.972960 0.121452 0.970574 0.121636 0.965801
0 0.142762 0.933459 0.164324 0.940900 0.153639 0.974866 0.133009 0.969561 0.142762 0.933459
0 0.142762 0.933459 0.133009 0.969561 0.126100 0.965681 0.135129 0.931359 0.142762 0.933459
0 0.142762 0.933459 0.141757 0.929521 0.146146 0.925705 0.151107 0.926850 0.152443 0.930666 0.151298 0.933147 0.149962 0.934101 0.146543 0.934496 0.142762 0.933459
0 0.027681 0.998990 0.020538 0.996939 0.028973 0.974356 0.062440 0.985375 0.057852 0.998990 0.027681 0.998990
