0 0.245559 0.998987 0.217526 0.966897 0.230892 0.947316 0.246433 0.938302 0.259798 0.919653 0.277826 0.909085 0.281351 0.913808 0.284514 0.911348 0.289903 0.917322 0.286037 0.920485 0.296356 0.931598 0.299385 0.929120 0.306820 0.937565 0.303515 0.940318 0.320312 0.959318 0.324167 0.955830 0.333988 0.966661 0.329766 0.969873 0.331786 0.971985 0.335732 0.968864 0.340781 0.974830 0.337201 0.977859 0.347848 0.989949 0.349972 0.988461 0.352848 0.991769 0.351122 0.993351 0.352992 0.995365 0.355222 0.993999 0.357451 0.996659 0.355294 0.998529 0.355673 0.998985 0.245559 0.998987
4 0.173803 0.998988 0.178563 0.995215 0.194457 0.986278 0.205093 0.998987 0.173803 0.998988
0 0.913142 0.657638 0.919474 0.656664 0.928485 0.659586 0.934573 0.669328 0.938226 0.690029 0.935548 0.698309 0.922397 0.706346 0.909489 0.701231 0.904255 0.688988 0.901696 0.676147 0.903644 0.664457 0.913142 0.657638
0 0.901189 0.630788 0.905578 0.632315 0.909776 0.640711 0.913142 0.657638 0.903644 0.664457 0.901696 0.676147 0.894129 0.678493 0.882298 0.673150 0.878673 0.653877 0.877337 0.642428 0.880963 0.631742 0.892603 0.627926 0.901189 0.630788
0 0.943402 0.631603 0.945276 0.631720 0.949493 0.632892 0.956053 0.634883 0.961559 0.639686 0.964019 0.649878 0.965894 0.668621 0.958045 0.677759 0.947970 0.681273 0.943636 0.678462 0.932038 0.657141 0.929344 0.647301 0.933561 0.637343 0.943402 0.631603
0 0.843619 0.567480 0.844516 0.567929 0.848254 0.569872 0.854384 0.573311 0.858271 0.583777 0.860065 0.600522 0.855580 0.612782 0.842722 0.618314 0.829565 0.611137 0.824482 0.588711 0.824482 0.579890 0.830462 0.571068 0.843619 0.567480
0 0.855448 0.565969 0.852586 0.555093 0.856975 0.548414 0.863653 0.544025 0.872431 0.544025 0.880445 0.546506 0.885407 0.557764 0.888269 0.578182 0.883498 0.588677 0.871477 0.592684 0.860982 0.588295 0.855448 0.565969
0 0.830260 0.540400 0.829497 0.524944 0.836748 0.515784 0.845907 0.514830 0.855067 0.519028 0.861554 0.528760 0.863653 0.544025 0.856975 0.548414 0.852586 0.555093 0.838084 0.549177 0.830260 0.540400
0 0.822560 0.541792 0.825995 0.543700 0.830574 0.548280 0.833055 0.556676 0.835154 0.569843 0.830462 0.571068 0.824482 0.579890 0.824482 0.588711 0.816454 0.590260 0.807294 0.587589 0.801188 0.567362 0.800043 0.558775 0.800807 0.550761 0.805959 0.544273 0.812065 0.540266 0.822560 0.541792
0 0.925993 0.604162 0.928811 0.605558 0.933848 0.608135 0.937011 0.611533 0.939471 0.619381 0.941580 0.632385 0.933561 0.637343 0.929181 0.641132 0.926191 0.636647 0.915426 0.636497 0.906961 0.628324 0.906388 0.614394 0.910601 0.607693 0.918151 0.603309 0.925993 0.604162
