0 -0.000000 0.046872 0.007488 0.042762 0.039224 0.095920 0.024943 0.105440 0.011852 0.109407 -0.000000 0.088250 -0.000000 0.046872
0 0.015422 0.036415 0.037240 0.022531 0.040017 0.024911 0.076513 -0.000000 0.082121 -0.000000 0.088811 0.002299 0.091588 0.008646 0.090794 0.012613 0.080480 0.018167 0.078497 0.022134 0.047554 0.041176 0.047158 0.045936 0.024149 0.059424 0.013042 0.038002 0.015422 0.036415
0 0.375218 0.131365 0.375687 0.127851 0.377444 0.125742 0.382364 0.126445 0.384121 0.130779 0.381895 0.135817 0.376507 0.135582 0.375218 0.131365
0 0.730341 0.002971 0.737067 -0.000000 0.798418 -0.000000 0.803402 0.040963 0.797070 0.043642 0.797070 0.047782 0.790495 0.049244 0.786842 0.030491 0.774665 0.030978 0.772717 0.033414 0.736186 0.037067 0.730341 0.002971
4 0.749914 0.103430 0.750296 0.098087 0.754876 0.095416 0.761554 0.098087 0.761172 0.105529 0.755066 0.107056 0.749914 0.103430
4 0.971588 0.118068 0.970990 0.113284 0.972634 0.110593 0.977867 0.109995 0.981904 0.113135 0.980558 0.120311 0.976671 0.121507 0.971588 0.118068
0 0.904456 0.101887 0.909689 0.101139 0.912530 0.102634 0.911932 0.107269 0.905652 0.107568 0.903709 0.105326 0.904456 0.101887
4 0.991494 0.017350 0.994738 0.022311 0.994356 0.026319 0.989586 0.029753 0.983861 0.028418 0.982335 0.025174 0.982716 0.020785 0.985579 0.017350 0.991494 0.017350
0 0.711888 0.014232 0.709428 0.011655 0.708257 0.008960 0.710483 0.007086 0.715403 0.006383 0.717863 0.007672 0.718214 0.010600 0.716106 0.013998 0.711888 0.014232
0 0.334044 0.130508 0.332989 0.128165 0.333224 0.126056 0.336504 0.125705 0.337675 0.127228 0.338027 0.130039 0.335332 0.130859 0.334044 0.130508
4 0.795034 0.127548 0.812319 0.127008 0.814479 0.133220 0.815019 0.142133 0.796114 0.141322 0.795034 0.127548
0 0.029873 0.013723 0.030602 0.010209 0.044268 -0.000000 0.055887 -0.000000 0.057918 0.009979 0.052868 0.014570 0.044834 0.013881 0.040240 0.018742 0.033581 0.020278 0.029873 0.013723
