0 0.633414 0.190245 0.910689 0.143304 0.914474 0.167625 0.637271 0.214139 0.633414 0.190245
0 0.629479 0.163484 0.625390 0.140501 0.901957 0.095292 0.905935 0.117720 0.629479 0.163484
0 0.645503 0.266246 0.641724 0.242690 0.919435 0.197770 0.922651 0.219312 0.645503 0.266246
0 0.654213 0.314699 0.650434 0.291143 0.927541 0.246223 0.931361 0.268854 0.922469 0.270304 0.654213 0.314699
0 0.662924 0.365874 0.659145 0.342318 0.927346 0.299437 0.936857 0.297398 0.939300 0.318941 0.662924 0.365874
0 0.668913 0.418138 0.665134 0.394583 0.944312 0.349410 0.947507 0.370637 0.938003 0.372594 0.668913 0.418138
0 0.679663 0.470254 0.673545 0.441685 0.941153 0.397409 0.951507 0.396430 0.955599 0.423279 0.679663 0.470254
0 0.687350 0.525315 0.683474 0.493582 0.960182 0.449538 0.966471 0.478862 0.687350 0.525315
0 0.970238 0.506021 0.976367 0.537471 0.698213 0.585872 0.696118 0.568069 0.691960 0.552520 0.970238 0.506021
0 0.981004 0.562849 0.986690 0.590054 0.706666 0.638319 0.701547 0.608886 0.979371 0.563165 0.981004 0.562849
0 0.712674 0.672303 0.988235 0.626234 0.994634 0.650549 0.717793 0.697044 0.712674 0.672303
0 0.889569 0.698266 0.986492 0.682427 0.993619 0.716681 0.894766 0.733851 0.889569 0.698266
0 0.889330 0.707887 0.892471 0.733411 0.728991 0.758250 0.725648 0.748891 0.725648 0.733183 0.889330 0.707887
0 0.998768 0.801395 0.741928 0.842999 0.736809 0.815699 0.998768 0.774091 0.998768 0.801395
0 0.998768 0.679112 0.973926 0.682810 0.973143 0.678709 0.970293 0.679072 0.966660 0.659704 0.998768 0.654363 0.998768 0.679112
0 0.957692 0.671926 0.960606 0.671649 0.967468 0.670802 0.968903 0.680869 0.958826 0.681625 0.957692 0.671926
0 0.959598 0.665452 0.966539 0.664718 0.967468 0.670802 0.960606 0.671649 0.959598 0.665452
0 0.998768 0.288361 0.985640 0.290612 0.979484 0.256551 0.987281 0.252653 0.998768 0.252467 0.998768 0.288361
0 0.979484 0.256551 0.977432 0.242599 0.998768 0.239107 0.998768 0.252467 0.987281 0.252653 0.979484 0.256551
0 0.970251 0.231724 0.986460 0.230698 0.987486 0.239521 0.971482 0.241162 0.970251 0.231724
0 0.998768 0.304577 0.981475 0.306758 0.980028 0.294218 0.997551 0.292449 0.998768 0.300743 0.998768 0.304577
0 0.922469 0.270304 0.931361 0.268854 0.936857 0.297398 0.927346 0.299437 0.922469 0.270304
0 0.938003 0.372594 0.947507 0.370637 0.951507 0.396430 0.941153 0.397409 0.938003 0.372594
4 0.755845 0.027477 0.763606 0.025326 0.767166 0.035855 0.759266 0.037866 0.755845 0.027477
0 0.674456 0.766994 0.681402 0.765774 0.682993 0.773462 0.675940 0.774894 0.674456 0.766994
0 0.901957 0.095292 0.914174 0.093046 0.922232 0.141551 0.910689 0.143304 0.905935 0.117720 0.901957 0.095292
0 0.914474 0.167625 0.910689 0.143304 0.922232 0.141551 0.928422 0.170715 0.915144 0.174084 0.914474 0.167625
0 0.915144 0.174084 0.928422 0.170715 0.953067 0.316141 0.939300 0.318941 0.915144 0.174084
0 0.939300 0.318941 0.953067 0.316141 0.971299 0.419875 0.955599 0.423279 0.939300 0.318941
0 0.939590 0.426016 0.955599 0.423279 0.960182 0.449538 0.944079 0.452590 0.939590 0.426016
0 0.955599 0.423279 0.971299 0.419875 0.993862 0.560566 0.981004 0.562849 0.979371 0.563165 0.977735 0.554012 0.972143 0.554750 0.970239 0.547618 0.977372 0.546651 0.955599 0.423279
0 0.998768 0.648997 0.994634 0.650549 0.988235 0.626234 0.967364 0.630154 0.960206 0.593910 0.986690 0.590054 0.981004 0.562849 0.993862 0.560566 0.998768 0.594093 0.998768 0.648997
0 0.955896 0.480419 0.966471 0.478862 0.970238 0.506021 0.960576 0.507620 0.955896 0.480419
4 0.895315 0.843276 0.886344 0.860171 0.893442 0.866215 0.888679 0.872080 0.881710 0.866600 0.882457 0.864058 0.876477 0.860021 0.888139 0.838791 0.895315 0.843276
