0 0.484087 0.385998 0.491558 0.378492 0.461257 0.342906 0.470946 0.334450 0.493544 0.316324 0.500787 0.302418 0.512507 0.311208 0.507013 0.325491 0.492730 0.336479 0.533383 0.383358 0.505182 0.408995 0.484087 0.385998
0 0.481770 0.323067 0.480515 0.321642 0.479698 0.320111 0.479542 0.318394 0.479768 0.316491 0.481055 0.315037 0.482799 0.313974 0.485191 0.314024 0.486913 0.314663 0.488448 0.316168 0.489032 0.317280 0.489124 0.318311 0.489114 0.319851 0.483839 0.324055 0.481770 0.323067
0 0.459994 0.342831 0.458857 0.342366 0.457783 0.341455 0.456872 0.339755 0.456850 0.338402 0.457299 0.336695 0.458927 0.335120 0.460129 0.334282 0.462272 0.333740 0.463788 0.333957 0.464884 0.334553 0.465779 0.335823 0.466028 0.337518 0.465654 0.339011 0.461257 0.342906 0.459994 0.342831
0 0.468920 0.336148 0.467133 0.335670 0.465886 0.334507 0.464873 0.333161 0.464474 0.331973 0.464623 0.330519 0.465554 0.328857 0.466589 0.327803 0.468254 0.326821 0.469752 0.326700 0.471573 0.327595 0.472824 0.328400 0.473643 0.329572 0.474580 0.331600 0.471927 0.333713 0.468920 0.336148
0 0.476223 0.330154 0.474657 0.329328 0.473411 0.327999 0.472218 0.325785 0.472978 0.323370 0.474986 0.321644 0.477744 0.321134 0.479700 0.322112 0.480928 0.323725 0.481667 0.325825 0.476223 0.330154
0 0.501275 0.491260 0.515721 0.478047 0.541090 0.457083 0.556769 0.475933 0.530519 0.497073 0.517307 0.507467 0.501275 0.491260
0 0.503999 0.488746 0.501986 0.488925 0.500455 0.488510 0.499353 0.487345 0.498640 0.486308 0.498397 0.484969 0.498482 0.483410 0.498870 0.482361 0.500142 0.480810 0.501902 0.480118 0.504135 0.479795 0.505765 0.480308 0.506514 0.480990 0.507220 0.481946 0.507760 0.483151 0.507794 0.483992 0.507923 0.485210 0.503999 0.488746
0 0.512062 0.481376 0.509748 0.480854 0.508307 0.479868 0.507493 0.478494 0.507218 0.477412 0.507218 0.475752 0.507903 0.473788 0.509154 0.473065 0.510446 0.472517 0.512214 0.472414 0.514565 0.473371 0.515371 0.474204 0.515892 0.475278 0.516253 0.476759 0.515721 0.478047 0.512062 0.481376
0 0.518857 0.475381 0.517585 0.474660 0.516410 0.473894 0.515794 0.472674 0.515579 0.471401 0.515794 0.469712 0.516452 0.468219 0.517913 0.466653 0.519701 0.466034 0.520938 0.466208 0.522533 0.466750 0.523701 0.467757 0.524551 0.469126 0.524829 0.470449 0.518857 0.475381
0 0.574022 0.461428 0.605372 0.435036 0.618530 0.448911 0.615702 0.451244 0.632691 0.471387 0.625690 0.477390 0.628150 0.479850 0.615895 0.490267 0.588821 0.462572 0.581138 0.468516 0.574022 0.461428
0 0.546825 0.452030 0.551318 0.444314 0.558976 0.448052 0.554730 0.455889 0.546825 0.452030
0 0.620246 0.486582 0.625217 0.493183 0.602563 0.514060 0.587176 0.496774 0.601813 0.482640 0.602187 0.480049 0.604447 0.478565 0.615895 0.490267 0.620246 0.486582
0 0.574022 0.461428 0.581138 0.468516 0.582044 0.469957 0.572060 0.479264 0.564397 0.469753 0.574022 0.461428
0 0.552884 0.439381 0.553626 0.438056 0.554899 0.436942 0.556542 0.436677 0.558769 0.436624 0.560360 0.437632 0.561739 0.439116 0.562269 0.440866 0.562163 0.442934 0.561261 0.444525 0.559406 0.445373 0.556648 0.445532 0.555005 0.444790 0.553626 0.443040 0.552831 0.441184 0.552884 0.439381
0 0.556732 0.428681 0.564479 0.428974 0.564675 0.437437 0.560150 0.437144 0.560179 0.433442 0.556667 0.433271 0.556732 0.428681
0 0.383783 0.386681 0.383770 0.389195 0.384631 0.389390 0.384525 0.391347 0.383093 0.391241 0.382987 0.393097 0.379700 0.392832 0.379806 0.390817 0.378480 0.390817 0.378745 0.388060 0.380495 0.388113 0.380707 0.386416 0.383783 0.386681
