0 0.296575 0.530306 0.317714 0.536498 0.306824 0.574933 0.286325 0.568100 0.296575 0.530306
0 0.345584 0.659069 0.360785 0.659881 0.360552 0.664987 0.364382 0.665451 0.361921 0.707812 0.342245 0.706710 0.345584 0.659069
0 0.368847 0.693802 0.385689 0.694904 0.385217 0.706395 0.368217 0.705136 0.369004 0.694589 0.368847 0.693802
0 0.370279 0.678451 0.386103 0.679135 0.385761 0.689742 0.369595 0.689057 0.370279 0.678451
0 0.371134 0.661942 0.387215 0.662797 0.386873 0.672976 0.371134 0.672292 0.371134 0.661942
0 0.374043 0.646545 0.389268 0.647315 0.388755 0.657921 0.372845 0.657237 0.374043 0.646545
0 0.374385 0.630464 0.390466 0.631234 0.390124 0.641498 0.373529 0.640985 0.374385 0.630464
0 0.381430 0.621725 0.383319 0.619207 0.379698 0.616846 0.387569 0.605984 0.384263 0.603309 0.385995 0.600947 0.398902 0.610549 0.387726 0.626133 0.381430 0.621725
0 0.556180 0.645435 0.548449 0.616134 0.568009 0.613701 0.567284 0.609776 0.580833 0.608374 0.580388 0.612859 0.597605 0.610844 0.600595 0.640738 0.556180 0.645435
0 0.663118 0.516695 0.670694 0.512423 0.670143 0.510954 0.685959 0.503085 0.704209 0.531893 0.681378 0.544871 0.677600 0.538889 0.674609 0.540148 0.667368 0.527871 0.670044 0.526139 0.663118 0.516695
0 0.541554 0.567666 0.565952 0.564676 0.571147 0.599463 0.545489 0.602611 0.541554 0.567666
0 0.536452 0.555208 0.543647 0.554396 0.544807 0.563330 0.536800 0.564491 0.536452 0.555208
0 0.732373 0.576081 0.740496 0.575617 0.741192 0.583623 0.732489 0.584435 0.732373 0.576081
0 0.716608 0.471708 0.717635 0.478209 0.707199 0.480005 0.706173 0.473761 0.716608 0.471708
0 0.713016 0.465806 0.720458 0.465292 0.720800 0.469142 0.713101 0.469740 0.713016 0.465806
0 0.783853 0.397121 0.806863 0.395154 0.807034 0.411406 0.804040 0.411748 0.804040 0.414571 0.783254 0.414314 0.783340 0.407557 0.782252 0.407596 0.783853 0.397121
0 0.866673 0.453790 0.878648 0.452593 0.879161 0.480991 0.864620 0.479965 0.866673 0.453790
0 0.858914 0.480497 0.859844 0.478359 0.861843 0.477987 0.863702 0.479660 0.863702 0.481427 0.862308 0.482868 0.860170 0.482914 0.859147 0.482031 0.858868 0.481334 0.858914 0.480497
0 0.925844 0.464503 0.939188 0.465315 0.938956 0.471001 0.925496 0.470421 0.925844 0.464503
0 0.690800 0.548004 0.695206 0.547776 0.697527 0.552301 0.694626 0.556711 0.691957 0.556827 0.690100 0.555783 0.688940 0.552650 0.689288 0.550793 0.690800 0.548004
0 0.765049 0.982323 0.773984 0.982788 0.771921 0.998986 0.763337 0.998986 0.765049 0.982323
0 0.766442 0.965646 0.789185 0.967618 0.788256 0.973884 0.766674 0.972260 0.766442 0.965646
0 0.698931 0.951928 0.724746 0.953188 0.723801 0.963734 0.719394 0.963891 0.719079 0.970817 0.706486 0.970188 0.705699 0.981836 0.696412 0.981521 0.698931 0.951928
0 0.765852 0.846254 0.770642 0.846425 0.770214 0.854295 0.765510 0.854038 0.765852 0.846254
0 0.760805 0.842747 0.764911 0.842661 0.764398 0.849333 0.760720 0.849333 0.760805 0.842747
0 0.762878 0.868823 0.768616 0.869012 0.768489 0.877146 0.762751 0.877209 0.762878 0.868823
0 0.773914 0.879630 0.791435 0.879630 0.791667 0.907247 0.774726 0.905390 0.773914 0.879630
0 0.738455 0.925781 0.750890 0.932077 0.748056 0.936484 0.734677 0.929873 0.738455 0.925781
0 0.699772 0.922154 0.703234 0.920265 0.705596 0.922154 0.704179 0.924830 0.701818 0.925302 0.699772 0.923256 0.699772 0.922154
0 0.758729 0.884753 0.762324 0.884375 0.763522 0.885573 0.763963 0.887275 0.763080 0.888600 0.761441 0.890302 0.759486 0.890176 0.757973 0.889293 0.757720 0.887591 0.758540 0.885510 0.758729 0.884753
0 0.751982 0.885447 0.752298 0.884501 0.755261 0.884438 0.756522 0.885131 0.756775 0.887780 0.756270 0.889672 0.754505 0.890050 0.751856 0.889356 0.751667 0.888473 0.751667 0.887023 0.751982 0.885447
0 0.740736 0.887471 0.744329 0.885076 0.746809 0.886102 0.748264 0.888925 0.746467 0.892175 0.744243 0.892774 0.742789 0.891406 0.741421 0.890550 0.740736 0.887471
0 0.729740 0.882275 0.738210 0.882507 0.738094 0.890978 0.729392 0.890862 0.729740 0.882275
0 0.742516 0.966291 0.743384 0.966415 0.744314 0.966601 0.745244 0.967593 0.745865 0.968833 0.745989 0.969887 0.745865 0.971003 0.745182 0.971810 0.742826 0.972430 0.741400 0.972120 0.740284 0.971872 0.739973 0.971500 0.739787 0.970693 0.739601 0.969763 0.739787 0.968709 0.740035 0.967841 0.740222 0.967097 0.742516 0.966291
