0 0.492394 0.542573 0.493371 0.492106 0.520127 0.492331 0.519677 0.485586 0.530613 0.485390 0.531144 0.491207 0.536540 0.491431 0.535857 0.512256 0.523699 0.512714 0.524624 0.535051 0.512707 0.536175 0.513382 0.541796 0.492394 0.542573
0 0.529552 0.469671 0.517958 0.469152 0.517544 0.456453 0.529780 0.456393 0.529552 0.469671
0 0.531712 0.443648 0.526743 0.442268 0.524948 0.443648 0.521222 0.442958 0.519979 0.440611 0.520808 0.437713 0.523430 0.437713 0.526743 0.438541 0.529366 0.437575 0.531022 0.437575 0.533645 0.439369 0.533225 0.441037 0.532737 0.442437 0.531712 0.443648
0 0.050724 0.853567 0.090973 0.835948 0.103842 0.864623 0.091059 0.870841 0.089246 0.866005 0.077413 0.871101 0.082509 0.882070 0.064716 0.889757 0.049515 0.854690 0.050724 0.853567
0 0.034711 0.760753 0.060879 0.751045 0.065240 0.763988 0.040479 0.772992 0.034711 0.760753
0 0.059443 0.695240 0.086736 0.685006 0.096970 0.710503 0.071114 0.721097 0.059443 0.695240
0 0.786568 0.345914 0.788003 0.315209 0.807516 0.315496 0.805795 0.348784 0.786568 0.345914
0 0.793331 0.309552 0.791817 0.314635 0.786085 0.314419 0.783489 0.311391 0.785436 0.307389 0.788897 0.306524 0.792682 0.308038 0.793331 0.309552
0 0.962954 0.364252 0.918188 0.362244 0.918475 0.348470 0.937701 0.349330 0.939423 0.342730 0.966110 0.344452 0.962954 0.364252
0 0.924568 0.391854 0.958968 0.381286 0.967287 0.410516 0.933112 0.421308 0.924568 0.391854
0 0.952647 0.656192 0.992444 0.638654 0.998727 0.656884 0.998727 0.661149 0.962850 0.677217 0.952647 0.656192
0 0.906334 0.788948 0.935490 0.778102 0.945608 0.798337 0.917278 0.810479 0.906334 0.788948
0 0.966422 0.875841 0.936004 0.886964 0.931587 0.877992 0.928275 0.877992 0.923996 0.868605 0.926480 0.867087 0.923443 0.859633 0.929691 0.856041 0.925387 0.845423 0.944900 0.836814 0.954676 0.862348 0.960481 0.859959 0.966422 0.875841
0 0.775582 0.892365 0.792836 0.885049 0.796701 0.894573 0.808848 0.889604 0.815887 0.906168 0.805811 0.910447 0.807605 0.915002 0.788695 0.922870 0.775582 0.892365
0 0.724983 0.882779 0.748590 0.872209 0.754932 0.885950 0.729739 0.896520 0.724983 0.882779
0 0.635622 0.974849 0.647503 0.966814 0.660571 0.984359 0.642541 0.996929 0.634474 0.984893 0.640500 0.980876 0.635622 0.974849
0 0.667786 0.984649 0.713699 0.955583 0.719095 0.961713 0.711707 0.967423 0.721088 0.981600 0.714049 0.986569 0.714739 0.988501 0.704248 0.994989 0.705550 0.998488 0.704419 0.998985 0.682088 0.998985 0.677194 0.991124 0.674185 0.993357 0.667786 0.984649
0 0.627658 0.951184 0.634765 0.949499 0.636296 0.956270 0.628694 0.957739 0.627658 0.951184
0 0.405638 0.235398 0.403686 0.223743 0.405096 0.223391 0.403223 0.213525 0.412411 0.211764 0.415842 0.234137 0.405638 0.235398
0 0.412291 0.105243 0.440413 0.094052 0.449022 0.118730 0.419315 0.130513 0.412291 0.105243
0 0.440158 0.080398 0.445642 0.077823 0.450117 0.092205 0.444195 0.094452 0.440158 0.080398
1 0.486986 0.184313 0.501107 0.183168 0.501488 0.205876 0.487575 0.207144 0.486986 0.184313
3 0.868760 0.310090 0.889941 0.300549 0.900245 0.325355 0.878682 0.334515 0.868760 0.310090
0 0.956137 0.414453 0.964123 0.411792 0.965867 0.417299 0.957606 0.419869 0.956137 0.414453
0 0.906511 0.359126 0.901261 0.359917 0.898313 0.356465 0.899248 0.352797 0.902700 0.350352 0.906439 0.350352 0.908381 0.354020 0.909460 0.356393 0.906511 0.359126
0 0.860955 0.670498 0.864409 0.667682 0.868112 0.673396 0.864503 0.675856 0.860955 0.670498
0 0.903258 0.811355 0.892949 0.816419 0.886740 0.803272 0.899509 0.796946 0.903258 0.806200 0.901266 0.806200 0.903258 0.811355
0 0.807579 0.800523 0.816347 0.796576 0.824313 0.811805 0.814761 0.816455 0.807579 0.800523
0 0.156538 0.976379 0.163215 0.971693 0.167549 0.977316 0.160052 0.982822 0.156538 0.976379
0 0.188471 0.957631 0.193152 0.954785 0.197099 0.960660 0.191684 0.964515 0.188471 0.957631
