0 0.096680 0.474311 0.102965 0.440529 0.167124 0.449957 0.161887 0.484524 0.096680 0.474311
0 0.178340 0.447893 0.163422 0.422393 0.158635 0.424031 0.150070 0.407277 0.169090 0.396066 0.178000 0.413197 0.189943 0.407473 0.204037 0.435139 0.178340 0.447893
0 0.202896 0.388804 0.188585 0.396996 0.181282 0.383178 0.195593 0.375381 0.202896 0.388804
0 0.104845 0.388062 0.068945 0.418042 0.051435 0.396879 0.061639 0.388440 0.055214 0.381386 0.071968 0.367403 0.074613 0.370678 0.081415 0.365010 0.084187 0.368285 0.087336 0.366144 0.104845 0.388062
0 0.113555 0.391764 0.116309 0.399407 0.111324 0.401164 0.108760 0.393331 0.113555 0.391764
0 0.131927 0.393753 0.132639 0.389005 0.139048 0.389242 0.138526 0.394180 0.131927 0.393753
0 0.131595 0.378397 0.113455 0.391103 0.108657 0.383998 0.112749 0.381283 0.108959 0.375019 0.122957 0.365662 0.131595 0.378397
0 0.132745 0.359849 0.139534 0.370389 0.130893 0.375421 0.124389 0.364597 0.132745 0.359849
0 0.150892 0.361802 0.140726 0.368513 0.128981 0.350452 0.138456 0.344036 0.150892 0.361802
0 0.083594 0.467480 0.086754 0.467233 0.089662 0.467597 0.093540 0.470020 0.095661 0.473414 0.096691 0.477473 0.096024 0.482684 0.089481 0.485774 0.082755 0.485350 0.078392 0.481715 0.076999 0.476019 0.077726 0.472384 0.083594 0.467480
0 0.145371 0.490877 0.147976 0.489488 0.151796 0.494349 0.150407 0.498864 0.143635 0.499385 0.139121 0.496086 0.139294 0.493307 0.145371 0.490877
0 0.164297 0.490877 0.168117 0.490182 0.172284 0.493655 0.171937 0.500253 0.166901 0.503378 0.162561 0.500079 0.160651 0.493655 0.164297 0.490877
0 0.125927 0.335942 0.113506 0.345558 0.105292 0.336143 0.119115 0.327128 0.125927 0.335942
0 0.094074 0.338947 0.100084 0.346159 0.092672 0.351769 0.086461 0.343755 0.094074 0.338947
