0 -0.000000 0.626566 -0.000000 0.598985 0.006073 0.596155 0.016940 0.616226 0.022933 0.612957 0.031048 0.627371 0.020546 0.633348 0.014180 0.624031 0.002581 0.628987 -0.000000 0.626566
0 0.012284 0.551179 0.022932 0.551371 0.023662 0.570663 0.012135 0.570197 0.012284 0.551179
0 0.251270 0.503631 0.282315 0.494516 0.277716 0.484223 0.296987 0.477873 0.302920 0.490216 0.297761 0.492195 0.309968 0.512516 0.261986 0.530795 0.251270 0.503631
1 0.180719 0.448756 0.237001 0.426009 0.254474 0.455723 0.233495 0.466051 0.193228 0.479829 0.180719 0.448756
0 0.285915 0.360975 0.294175 0.359424 0.296097 0.367628 0.287629 0.368939 0.285915 0.360975
0 0.438669 0.409773 0.470901 0.397527 0.485135 0.427905 0.445646 0.445908 0.440662 0.434943 0.448886 0.431454 0.438669 0.409773
0 0.471342 0.387853 0.489885 0.380132 0.495569 0.393604 0.474834 0.402020 0.472235 0.396140 0.473926 0.395295 0.471342 0.387853
0 0.509364 0.342885 0.539664 0.328033 0.546490 0.339261 0.535683 0.345152 0.540024 0.352592 0.519764 0.361754 0.509364 0.342885
0 0.557879 0.343820 0.569733 0.337037 0.577470 0.349290 0.564919 0.355073 0.557879 0.343820
0 0.574078 0.364132 0.598007 0.349800 0.611729 0.371457 0.586975 0.385782 0.574078 0.364132
0 0.420004 0.061531 0.426018 0.046874 0.451508 0.057475 0.446304 0.070932 0.420004 0.061531
0 0.595852 0.192258 0.616009 0.182722 0.636364 0.217745 0.616083 0.227350 0.595852 0.192258
0 0.562158 0.223418 0.584388 0.209297 0.588005 0.213926 0.565940 0.228549 0.562158 0.223418
0 0.622827 0.268085 0.676661 0.238574 0.696727 0.274770 0.682774 0.281674 0.680849 0.278210 0.657942 0.290429 0.660116 0.295263 0.643568 0.302960 0.622827 0.268085
0 0.619023 0.231616 0.620784 0.230730 0.622263 0.230625 0.624111 0.231734 0.625115 0.233952 0.625537 0.236487 0.624956 0.238653 0.622263 0.240237 0.619325 0.240185 0.616402 0.237765 0.615898 0.235245 0.617410 0.232321 0.619023 0.231616
0 0.725929 0.166769 0.754444 0.177939 0.744286 0.202436 0.715493 0.189902 0.725929 0.166769
0 0.672892 0.117852 0.703221 0.101987 0.716060 0.124719 0.683869 0.140266 0.672892 0.117852
0 0.661394 0.130044 0.666871 0.127259 0.670992 0.134341 0.665311 0.137355 0.661394 0.130044
0 0.707093 0.137824 0.716003 0.132866 0.718759 0.137867 0.709583 0.142999 0.707093 0.137824
0 0.758182 0.106872 0.770511 0.101641 0.778730 0.116743 0.765457 0.122767 0.758182 0.106872
0 0.778967 0.078384 0.801389 0.065949 0.810805 0.081497 0.787760 0.095078 0.778967 0.078384
0 0.788319 0.114611 0.817172 0.098160 0.829507 0.119068 0.801041 0.135180 0.788319 0.114611
0 0.729722 0.009998 0.735455 0.006161 0.741273 0.014256 0.734814 0.017673 0.729722 0.009998
0 0.793029 0.039693 0.805908 0.032152 0.813175 0.043774 0.807706 0.046917 0.811721 0.053045 0.802862 0.057826 0.793029 0.039693
0 0.865332 0.092569 0.861937 0.088596 0.847118 0.095955 0.839960 0.081035 0.849433 0.076596 0.841883 0.060889 0.848866 0.056432 0.853712 0.064738 0.890283 0.045686 0.904828 0.072377 0.865332 0.092569
0 0.849471 0.007520 0.860369 -0.000000 0.878255 -0.000000 0.882650 0.005211 0.861310 0.022289 0.849471 0.007520
0 0.873080 0.090070 0.886000 0.083304 0.894372 0.094266 0.881306 0.101559 0.873080 0.090070
0 0.948265 0.081631 0.968102 0.070836 0.994093 0.116864 0.974457 0.127968 0.948265 0.081631
0 0.613407 0.256314 0.598438 0.262986 0.597754 0.261190 0.592490 0.249834 0.591729 0.247803 0.607266 0.242402 0.613407 0.256314
