0 0.605004 0.474422 0.608027 0.472533 0.612814 0.472281 0.618356 0.474548 0.621253 0.479587 0.620498 0.482610 0.616970 0.487649 0.610798 0.489664 0.606389 0.486263 0.603618 0.481350 0.605004 0.474422
0 0.423353 0.233743 0.452613 0.238888 0.451970 0.241299 0.449076 0.261395 0.433643 0.259145 0.419334 0.257215 0.423353 0.233743
0 0.451970 0.241299 0.455346 0.242264 0.451649 0.271202 0.432356 0.267826 0.433643 0.259145 0.449076 0.261395 0.451970 0.241299
0 0.347413 0.229164 0.366705 0.242508 0.361400 0.252315 0.363007 0.253762 0.357059 0.263408 0.330693 0.246045 0.337284 0.236720 0.341464 0.238328 0.347413 0.229164
0 0.306409 0.186413 0.332479 0.200451 0.303372 0.255938 0.289698 0.247242 0.274142 0.241051 0.306409 0.186413
0 0.218737 0.189009 0.227427 0.175306 0.235114 0.163942 0.274218 0.191014 0.259178 0.215078 0.218737 0.189009
0 0.238697 0.114566 0.254480 0.085133 0.326240 0.123698 0.309730 0.153005 0.238697 0.114566
0 0.129891 0.239905 0.160530 0.184387 0.194312 0.202457 0.170220 0.248546 0.162364 0.244880 0.156602 0.255355 0.137224 0.245142 0.137747 0.243571 0.129891 0.239905
0 0.186054 0.220936 0.192605 0.207961 0.203060 0.212622 0.204320 0.213126 0.197643 0.226604 0.186054 0.220936
0 0.209862 0.224715 0.205389 0.214577 0.211454 0.212107 0.216286 0.221818 0.209862 0.224715
0 0.252551 0.272912 0.309911 0.302262 0.294199 0.336044 0.235015 0.307238 0.252551 0.272912
0 0.266899 0.271031 0.269796 0.270023 0.272441 0.270401 0.275591 0.274684 0.274331 0.278589 0.272190 0.280479 0.268285 0.280101 0.265009 0.278715 0.263372 0.274810 0.266899 0.271031
0 0.279118 0.275944 0.283023 0.276951 0.283652 0.279597 0.282771 0.282368 0.279999 0.282998 0.276472 0.281738 0.275717 0.279093 0.279118 0.275944
0 0.286802 0.280982 0.290581 0.280479 0.291966 0.282116 0.292092 0.286399 0.289951 0.288540 0.285794 0.288162 0.283778 0.285517 0.283904 0.283124 0.286802 0.280982
4 0.297232 0.294414 0.298811 0.289282 0.315787 0.295204 0.313221 0.301422 0.297232 0.294414
0 0.290357 0.251800 0.294666 0.251800 0.296513 0.256314 0.295282 0.259597 0.290768 0.259392 0.288511 0.255494 0.290357 0.251800
0 0.415531 0.232096 0.412453 0.247485 0.400315 0.244614 0.404345 0.228714 0.415531 0.232096
0 0.325375 0.130970 0.324619 0.127947 0.326131 0.125553 0.330162 0.124672 0.332555 0.127191 0.332051 0.131348 0.328650 0.132482 0.325375 0.130970
4 0.368539 0.271610 0.375291 0.262158 0.388254 0.272151 0.382042 0.280793 0.368539 0.271610
0 0.474599 0.627635 0.474225 0.618662 0.472355 0.618288 0.483946 0.475833 0.506754 0.475459 0.534796 0.479572 0.520214 0.621279 0.520419 0.628232 0.474599 0.627635
4 0.309557 0.323148 0.311127 0.323873 0.312456 0.324960 0.312456 0.328585 0.309799 0.329189 0.307141 0.327981 0.307020 0.324960 0.309557 0.323148
