0 0.679318 0.393712 0.710734 0.391764 0.712439 0.410516 0.680779 0.412465 0.679318 0.393712
0 0.681023 0.417092 0.712196 0.414900 0.714144 0.434383 0.682728 0.436575 0.681023 0.417092
0 0.682484 0.441689 0.715362 0.438767 0.717310 0.457032 0.684676 0.460442 0.682484 0.441689
0 0.685958 0.464055 0.717721 0.460415 0.720144 0.480348 0.688457 0.483873 0.685958 0.464055
0 0.688085 0.488205 0.719989 0.484308 0.722181 0.503791 0.690277 0.508175 0.688085 0.488205
0 0.690613 0.511828 0.722527 0.507780 0.724616 0.526440 0.692291 0.529606 0.690613 0.511828
0 0.692816 0.533660 0.725899 0.530954 0.728269 0.550794 0.694829 0.553679 0.692816 0.533660
0 0.597960 0.823016 0.614667 0.790107 0.662766 0.813397 0.648083 0.846812 0.597960 0.823016
0 0.621249 0.782006 0.636438 0.751628 0.683524 0.774918 0.667828 0.805802 0.621249 0.782006
0 0.655677 0.710112 0.673904 0.684291 0.787821 0.775931 0.767063 0.801245 0.655677 0.710112
0 0.702666 0.674459 0.717708 0.655906 0.817186 0.737958 0.804022 0.755172 0.750175 0.710162 0.747823 0.712137 0.702666 0.674459
0 0.724534 0.626067 0.738204 0.607840 0.849589 0.700999 0.835919 0.717707 0.724534 0.626067
0 0.753899 0.585057 0.766556 0.569868 0.880473 0.663027 0.868322 0.678722 0.753899 0.585057
0 0.684461 0.629992 0.689807 0.634120 0.676746 0.649820 0.671536 0.645489 0.684461 0.629992
0 0.659590 0.641513 0.664949 0.636029 0.672968 0.643050 0.667774 0.648618 0.659590 0.641513
0 0.710036 0.629992 0.714820 0.623801 0.722276 0.629710 0.717352 0.636041 0.710036 0.629992
0 0.646052 0.691592 0.645849 0.689494 0.646458 0.687532 0.648353 0.686043 0.650925 0.685975 0.652278 0.687329 0.653361 0.689562 0.652752 0.691592 0.650789 0.693081 0.647879 0.693013 0.646052 0.691592
0 0.598560 0.802693 0.598256 0.800022 0.599119 0.798208 0.600933 0.797172 0.603265 0.797863 0.604993 0.799504 0.604474 0.801836 0.603179 0.803477 0.600926 0.803896 0.598560 0.802693
0 0.617086 0.763265 0.616951 0.760355 0.617763 0.758122 0.620335 0.756972 0.623245 0.757513 0.624463 0.759949 0.624869 0.762386 0.622703 0.764348 0.620064 0.764957 0.617086 0.763265
0 0.701389 0.747635 0.704223 0.749913 0.703717 0.752650 0.701890 0.754207 0.698844 0.753801 0.698032 0.751635 0.699047 0.748657 0.701389 0.747635
0 0.704712 0.753527 0.706800 0.752455 0.708477 0.753315 0.709938 0.754869 0.709710 0.756734 0.708106 0.758087 0.705508 0.757981 0.704129 0.756284 0.704712 0.753527
0 0.805208 0.574254 0.808749 0.574859 0.810908 0.577450 0.809958 0.581596 0.806762 0.583410 0.803233 0.582782 0.801148 0.579868 0.801407 0.576673 0.805208 0.574254
0 0.752813 0.566892 0.753233 0.564508 0.755060 0.562546 0.758876 0.562593 0.761625 0.565135 0.761081 0.569097 0.757553 0.570860 0.753805 0.569979 0.752813 0.566892
0 0.673208 0.527162 0.672328 0.524320 0.673479 0.522289 0.675847 0.521883 0.678212 0.523257 0.678013 0.526756 0.675577 0.528042 0.673208 0.527162
0 0.673221 0.529022 0.675683 0.528254 0.677885 0.529454 0.678230 0.532131 0.676416 0.534291 0.673307 0.534291 0.672098 0.531440 0.673221 0.529022
