4 0.345749 0.281683 0.354469 0.278654 0.356947 0.287649 0.347952 0.290128 0.345749 0.281683
4 0.359150 0.270394 0.365208 0.268925 0.366585 0.270669 0.367319 0.274983 0.360802 0.276268 0.359150 0.270394
0 0.558613 0.669102 0.480017 0.736970 0.440564 0.687044 0.516924 0.622881 0.558613 0.669102
0 0.686922 0.547745 0.711166 0.579138 0.655840 0.624829 0.636879 0.601517 0.558984 0.668779 0.558983 0.668773 0.517295 0.622568 0.517459 0.622427 0.496136 0.597226 0.559461 0.536485 0.686922 0.547745
0 0.624865 0.653473 0.656258 0.627985 0.665272 0.636688 0.680191 0.623634 0.707854 0.658135 0.687029 0.676163 0.677705 0.663419 0.660609 0.677406 0.662474 0.678960 0.650663 0.687663 0.624865 0.653473
0 0.553232 0.837617 0.529526 0.858068 0.510877 0.836310 0.517715 0.827918 0.486633 0.790619 0.501260 0.777510 0.553232 0.837617
0 0.650747 0.770727 0.565271 0.849054 0.554392 0.836621 0.553604 0.837305 0.501465 0.777002 0.500620 0.774457 0.588272 0.701724 0.650747 0.770727
0 0.678932 0.848397 0.680039 0.846958 0.699310 0.870197 0.702886 0.870889 0.704977 0.872320 0.707347 0.875705 0.708362 0.877285 0.712648 0.886587 0.713555 0.893281 0.684156 0.911220 0.675549 0.905145 0.675549 0.901601 0.675042 0.899069 0.668460 0.900082 0.659853 0.900082 0.657828 0.897044 0.657322 0.895019 0.655724 0.890810 0.655021 0.888467 0.654904 0.884835 0.655021 0.882844 0.655762 0.880780 0.653849 0.880384 0.651858 0.879564 0.648226 0.878041 0.647523 0.877104 0.646469 0.874761 0.645649 0.871949 0.645298 0.869723 0.644946 0.867380 0.644712 0.866912 0.644712 0.866182 0.668639 0.840163 0.678932 0.848397
0 0.709717 0.805768 0.707733 0.808148 0.720428 0.827586 0.722808 0.837504 0.742643 0.868049 0.745420 0.878760 0.722411 0.900182 0.715732 0.897377 0.714027 0.892994 0.714004 0.893008 0.713122 0.886449 0.708792 0.877050 0.707752 0.875433 0.705326 0.871967 0.703078 0.870429 0.699575 0.869751 0.680025 0.846176 0.678848 0.847705 0.668588 0.839497 0.643604 0.866670 0.634637 0.873238 0.592758 0.825135 0.648229 0.774429 0.656560 0.785140 0.662113 0.781570 0.667667 0.789107 0.683932 0.774032 0.709717 0.805768
0 0.739453 0.928486 0.730956 0.936520 0.718600 0.921963 0.726895 0.914980 0.739453 0.928486
0 0.748734 0.919716 0.739814 0.928154 0.727275 0.914658 0.727503 0.914466 0.722315 0.908359 0.731200 0.900233 0.748734 0.919716
0 0.731444 0.827501 0.717075 0.808262 0.717318 0.799495 0.742646 0.779281 0.753362 0.790727 0.756528 0.806801 0.731444 0.827501
0 0.822334 0.770414 0.823288 0.767552 0.824243 0.765262 0.826342 0.761064 0.829204 0.758965 0.836455 0.757629 0.838745 0.757820 0.842943 0.760682 0.845614 0.765262 0.846568 0.771368 0.845996 0.775566 0.843134 0.778428 0.839126 0.780718 0.833974 0.780527 0.830349 0.779955 0.826151 0.777283 0.823670 0.774803 0.822334 0.770414
0 0.842943 0.754194 0.843706 0.746943 0.847713 0.742936 0.853819 0.740265 0.862024 0.741219 0.863360 0.743127 0.865268 0.746753 0.866222 0.751332 0.866604 0.755149 0.864314 0.759919 0.858971 0.763926 0.857254 0.763926 0.851529 0.762972 0.848286 0.762400 0.845805 0.760301 0.844660 0.758202 0.842943 0.754194
0 0.399593 0.852952 0.406412 0.848081 0.417614 0.862694 0.411282 0.866347 0.399593 0.852952
0 0.355072 0.766726 0.382932 0.797448 0.374917 0.804508 0.348775 0.773786 0.355072 0.766726
0 0.810423 0.753532 0.824447 0.742456 0.830704 0.749001 0.817615 0.761155 0.810423 0.753532
