3 0.008775 0.135738 0.016177 0.138797 0.010551 0.149555 0.003642 0.146496 0.008775 0.135738
0 0.025849 0.128138 0.034337 0.131296 0.042727 0.135836 0.023164 0.172571 0.006583 0.162898 0.025849 0.128138
0 0.064895 0.169293 0.070311 0.163247 0.083538 0.171560 0.078751 0.178363 0.064895 0.169293
0 0.127795 0.196858 0.093549 0.261264 0.077470 0.251886 0.109123 0.189266 0.127795 0.196858
0 0.079761 0.024838 0.098571 0.034966 0.063684 0.088824 0.043910 0.077891 0.079761 0.024838
0 0.171425 0.197982 0.187414 0.175775 0.197185 0.179426 0.206166 0.185447 0.191164 0.209628 0.181788 0.201535 0.171425 0.197982
0 0.217567 0.201997 0.218890 0.200877 0.220315 0.199554 0.222351 0.199248 0.226422 0.199554 0.226626 0.202709 0.227033 0.205559 0.224794 0.208104 0.222351 0.208613 0.218483 0.207697 0.217160 0.205865 0.217567 0.201691 0.217567 0.201997
0 0.206406 0.142041 0.200650 0.149666 0.194167 0.145579 0.191772 0.144593 0.197510 0.135420 0.206406 0.142041
0 0.205300 0.128387 0.207696 0.129092 0.208400 0.130642 0.210655 0.136419 0.206709 0.141650 0.197764 0.135000 0.202341 0.127683 0.205300 0.128387
4 0.149074 0.169121 0.149074 0.169535 0.148651 0.171649 0.148510 0.172635 0.147524 0.173763 0.144846 0.176017 0.143860 0.176299 0.141464 0.177004 0.138646 0.174044 0.136955 0.171790 0.137096 0.168126 0.138928 0.166717 0.140337 0.166153 0.143281 0.165137 0.149074 0.169121
0 0.157100 0.158340 0.156683 0.159248 0.156824 0.161503 0.156120 0.163335 0.155274 0.164321 0.152456 0.165871 0.152033 0.166576 0.149074 0.168267 0.149074 0.168525 0.143857 0.164932 0.144001 0.164885 0.144142 0.161644 0.144142 0.159671 0.144564 0.158966 0.145692 0.157275 0.147806 0.155725 0.148087 0.155725 0.148792 0.155161 0.149074 0.154739 0.149074 0.154598 0.149844 0.153828 0.157100 0.158340
0 0.162783 0.147910 0.162179 0.147975 0.162038 0.150652 0.161897 0.152061 0.160911 0.153470 0.159924 0.155866 0.158374 0.156993 0.157388 0.157698 0.157295 0.157891 0.150195 0.153477 0.150765 0.152907 0.151047 0.150652 0.152174 0.148116 0.152597 0.147411 0.154429 0.146002 0.154570 0.145297 0.154570 0.143975 0.162783 0.147910
0 0.165420 0.139307 0.164997 0.139661 0.164857 0.144875 0.163613 0.147773 0.154570 0.143438 0.154570 0.141492 0.155556 0.139097 0.156261 0.137688 0.157529 0.137265 0.158938 0.136279 0.159609 0.135615 0.165420 0.139307
4 0.170071 0.125146 0.172466 0.127401 0.169789 0.136560 0.167534 0.137547 0.165811 0.138984 0.159707 0.135098 0.159784 0.134588 0.159924 0.132192 0.160911 0.130078 0.161193 0.128105 0.162179 0.127260 0.163870 0.126273 0.166548 0.124723 0.170071 0.125146
0 0.147230 0.074412 0.148189 0.073095 0.149985 0.071777 0.152021 0.071657 0.155255 0.072256 0.155973 0.074532 0.155734 0.077526 0.153578 0.078843 0.151183 0.080041 0.149266 0.081358 0.148069 0.080640 0.147709 0.078125 0.147230 0.074412
0 0.157530 0.077406 0.158488 0.076568 0.161004 0.075729 0.163638 0.076448 0.164956 0.078843 0.164477 0.080520 0.163279 0.083634 0.162680 0.084353 0.160045 0.085071 0.158728 0.085191 0.157890 0.084113 0.157171 0.081598 0.156931 0.079921 0.156812 0.078484 0.157530 0.077406
0 0.146033 0.067585 0.146751 0.068783 0.147590 0.069861 0.147829 0.070460 0.148189 0.073095 0.145913 0.073933 0.144835 0.074053 0.144116 0.074053 0.142799 0.074053 0.140763 0.071538 0.140883 0.069861 0.141721 0.068184 0.146033 0.067585
0 0.057839 0.085858 0.058034 0.087418 0.057254 0.088589 0.054132 0.091320 0.051401 0.091320 0.049841 0.090149 0.048670 0.089174 0.048475 0.087808 0.048670 0.085467 0.050231 0.083126 0.051011 0.082736 0.057839 0.085858
3 0.005362 0.133664 0.007517 0.124710 0.020947 0.129021 0.016177 0.138797 0.005362 0.133664
0 0.060439 0.346322 0.060771 0.343006 0.059279 0.339027 0.059942 0.337203 0.062263 0.335213 0.065413 0.335213 0.067237 0.336042 0.069724 0.338364 0.068895 0.341514 0.067403 0.343006 0.064584 0.345659 0.063590 0.346322 0.060439 0.346322
