0 0.566504 0.195339 0.560566 0.190315 0.566275 0.184035 0.571984 0.189059 0.566504 0.195339
0 0.222108 0.418164 0.214002 0.413254 0.219825 0.402863 0.228046 0.407773 0.233755 0.398296 0.260930 0.414282 0.244145 0.441913 0.236724 0.438374 0.233184 0.444768 0.217541 0.435519 0.221880 0.429353 0.223479 0.426271 0.218797 0.423188 0.222108 0.418164
0 0.205860 0.427197 0.185421 0.413609 0.193871 0.402077 0.213167 0.415208 0.205860 0.427197
0 0.218928 0.383588 0.205911 0.375595 0.218014 0.357555 0.230118 0.365890 0.218928 0.383588
0 0.224979 0.361323 0.218014 0.357555 0.223153 0.349105 0.229775 0.353672 0.224979 0.361323
0 0.294692 0.380374 0.301580 0.385152 0.297609 0.391047 0.291094 0.386145 0.294692 0.380374
0 0.215553 0.396463 0.219711 0.389546 0.225853 0.392959 0.221944 0.399598 0.215553 0.396463
4 -0.000000 0.809384 -0.000000 0.793324 0.007649 0.798542 -0.000000 0.809384
0 0.020289 0.802572 -0.000000 0.790992 -0.000000 0.765960 0.030452 0.786359 0.020289 0.802572
1 0.042599 0.732698 0.054370 0.739668 0.052976 0.741991 0.065677 0.749426 0.048949 0.775448 0.018745 0.757480 0.024321 0.748651 0.022618 0.747567 0.030207 0.735486 0.037487 0.738893 0.042599 0.732698
2 0.027699 0.734352 0.015253 0.727159 0.021191 0.718481 0.033408 0.726588 0.027699 0.734352
0 0.062002 0.687684 0.081185 0.659824 0.089406 0.665076 0.091803 0.661423 0.101851 0.668959 0.082555 0.697961 0.075704 0.691909 0.073420 0.695563 0.062002 0.687684
0 0.067855 0.692727 0.062395 0.699552 0.051226 0.690990 0.056252 0.684537 0.067855 0.692727
0 0.046793 0.690288 0.035009 0.682965 0.041406 0.673538 0.052853 0.680945 0.046793 0.690288
0 0.009043 0.976044 0.035374 0.992927 0.028204 0.998991 -0.000000 0.998991 -0.000000 0.986422 0.009043 0.976044
0 0.061487 0.946805 0.039802 0.983049 0.021061 0.972207 0.041816 0.937821 0.051574 0.941539 0.061487 0.946805
0 0.075375 0.913147 0.060351 0.937929 0.038046 0.925538 0.046875 0.912682 0.049198 0.914386 0.056943 0.902614 0.067321 0.906951 0.075375 0.913147
0 0.111637 0.886055 0.097542 0.908514 0.076787 0.895039 0.079110 0.891166 0.073623 0.886250 0.083584 0.871982 0.083757 0.872115 0.086390 0.869791 0.111637 0.886055
0 0.083193 0.871680 0.073262 0.885918 0.073069 0.885745 0.070436 0.888843 0.056186 0.877071 0.068887 0.860808 0.083193 0.871680
0 0.182216 0.849729 0.158466 0.835113 0.171825 0.812277 0.198201 0.826892 0.192149 0.835799 0.197516 0.838881 0.191008 0.849500 0.185184 0.846075 0.182216 0.849729
0 0.148882 0.829780 0.117026 0.808999 0.132897 0.784793 0.164868 0.805688 0.148882 0.829780
0 0.183963 0.785629 0.166036 0.773525 0.173001 0.763592 0.191841 0.774553 0.183963 0.785629
0 0.182563 0.735935 0.159156 0.723375 0.176169 0.695058 0.210766 0.714012 0.201860 0.731139 0.190327 0.724631 0.182563 0.735935
0 0.158474 0.500645 0.191156 0.521710 0.170556 0.554392 0.144999 0.539523 0.148406 0.535031 0.138648 0.528526 0.149336 0.512262 0.158474 0.500645
0 0.147099 0.595547 0.126256 0.627547 0.100247 0.610713 0.095534 0.607683 0.102604 0.596993 0.108075 0.600444 0.113967 0.593121 0.114556 0.590091 0.118765 0.584283 0.123815 0.587145 0.126845 0.583610 0.131895 0.586724 0.139555 0.589249 0.147099 0.595547
0 0.062734 0.606962 0.069823 0.596762 0.083728 0.605819 0.076959 0.616293 0.062734 0.606962
0 0.077881 0.583278 0.085326 0.571117 0.091655 0.574592 0.084396 0.587063 0.077881 0.583278
0 0.092547 0.618760 0.096084 0.613858 0.103157 0.618388 0.099931 0.623600 0.092547 0.618760
0 0.111503 0.621741 0.125459 0.630066 0.122832 0.634176 0.125230 0.638744 0.106276 0.667403 0.088121 0.654957 0.092346 0.648906 0.081956 0.642055 0.086180 0.635775 0.092917 0.640913 0.104367 0.624719 0.108028 0.626891 0.111503 0.621741
0 0.034604 0.668279 0.031403 0.665259 0.036297 0.659771 0.039590 0.662424 0.034604 0.668279
0 0.351364 0.475018 0.334123 0.505732 0.317909 0.495684 0.316196 0.498425 0.308457 0.493516 0.313584 0.482412 0.314712 0.483124 0.322134 0.471935 0.318480 0.468738 0.324189 0.458347 0.351364 0.475018
0 0.313174 0.482148 0.308047 0.493252 0.292789 0.483581 0.298384 0.472734 0.313174 0.482148
0 0.365007 0.486994 0.377110 0.494759 0.362609 0.518508 0.349706 0.510401 0.365007 0.486994
0 0.316196 0.498425 0.340269 0.512529 0.327024 0.534224 0.323028 0.532168 0.319260 0.538563 0.311610 0.533767 0.308984 0.537763 0.290030 0.526003 0.305330 0.501340 0.311153 0.503966 0.316196 0.498425
0 0.348752 0.549332 0.341597 0.543946 0.347574 0.536034 0.354728 0.541168 0.348752 0.549332
0 0.343702 0.559601 0.330150 0.551773 0.335621 0.543525 0.349341 0.551437 0.343702 0.559601
0 0.295275 0.571136 0.278491 0.560860 0.294704 0.534598 0.311146 0.543847 0.295275 0.571136
0 0.271711 0.628476 0.233587 0.605479 0.255053 0.570654 0.260305 0.573737 0.264644 0.565174 0.278689 0.573851 0.272294 0.584813 0.278346 0.588923 0.274692 0.595431 0.288051 0.603424 0.271711 0.628476
0 0.288563 0.663306 0.280913 0.675866 0.267021 0.667412 0.275684 0.655449 0.288563 0.663306
0 0.275273 0.655195 0.266602 0.667158 0.249399 0.656684 0.258419 0.645037 0.275273 0.655195
0 0.226498 0.655884 0.233006 0.647321 0.244310 0.654057 0.237916 0.662735 0.226498 0.655884
0 0.237721 0.673006 0.243603 0.664690 0.242004 0.663343 0.244024 0.659555 0.246886 0.661323 0.248990 0.658293 0.262794 0.667720 0.252609 0.682786 0.237721 0.673006
0 0.220372 0.709785 0.208893 0.702774 0.217952 0.691295 0.228562 0.698927 0.220372 0.709785
0 0.231539 0.716093 0.239481 0.704925 0.249160 0.710881 0.241466 0.722546 0.231539 0.716093
0 0.257232 0.711314 0.251005 0.707424 0.243926 0.703656 0.254430 0.686529 0.261167 0.689269 0.268132 0.693151 0.257232 0.711314
0 0.150390 0.751399 0.128011 0.736441 0.138858 0.721484 0.161352 0.735756 0.150390 0.751399
0 0.207061 0.826824 0.201085 0.824215 0.192920 0.820595 0.199065 0.807549 0.205714 0.809737 0.212616 0.814283 0.207061 0.826824
0 0.336640 0.811664 0.318796 0.803078 0.323426 0.792136 0.342111 0.800216 0.336640 0.811664
0 0.516819 0.818593 0.515979 0.821325 0.468913 0.797371 0.464500 0.806406 0.444959 0.796321 0.441177 0.801574 0.454625 0.809558 0.442018 0.832881 0.429201 0.826367 0.412316 0.857075 0.387387 0.844648 0.461138 0.710803 0.473955 0.717107 0.465341 0.733706 0.472274 0.737908 0.542033 0.772368 0.516819 0.818593
0 0.293917 0.826460 0.306249 0.802025 0.313899 0.805679 0.315611 0.802367 0.323147 0.805679 0.321092 0.810246 0.336621 0.817439 0.324746 0.840732 0.293917 0.826460
0 0.293917 0.826460 0.313785 0.835822 0.309446 0.845299 0.288322 0.834909 0.291976 0.825774 0.293917 0.826460
0 0.218632 0.649461 0.227881 0.656654 0.223085 0.663391 0.234960 0.672754 0.223884 0.689538 0.194768 0.670128 0.208013 0.652430 0.214179 0.656426 0.218632 0.649461
0 0.170623 0.506238 0.142433 0.488891 0.146925 0.483315 0.141194 0.479287 0.160865 0.450787 0.193237 0.470304 0.174341 0.500198 0.175735 0.501282 0.170623 0.506238
0 0.406144 0.998985 0.398300 0.977211 0.390556 0.951189 0.400933 0.948401 0.394395 0.929906 0.525088 0.883051 0.542820 0.934868 0.506128 0.947000 0.512221 0.967171 0.409777 0.998985 0.406144 0.998985
0 0.392123 0.967318 0.402628 0.998985 0.361845 0.998986 0.370283 0.977076 0.372606 0.972585 0.392123 0.967318
0 0.374165 0.869799 0.386401 0.874445 0.406537 0.884359 0.385007 0.937022 0.365801 0.925095 0.343187 0.917660 0.374165 0.869799
0 0.324267 0.998986 0.331292 0.981014 0.335517 0.981471 0.360522 0.926550 0.366117 0.927806 0.376393 0.935113 0.354409 0.987431 0.356693 0.989372 0.352768 0.998986 0.324267 0.998986
0 0.563984 0.586699 0.575859 0.568659 0.605089 0.586699 0.593329 0.605082 0.563984 0.586699
0 0.740183 0.871695 0.737443 0.873864 0.739955 0.880259 0.718260 0.888023 0.716205 0.882656 0.713693 0.883456 0.701362 0.839154 0.714150 0.835386 0.716548 0.842008 0.726481 0.839154 0.731049 0.851942 0.732876 0.851485 0.740183 0.871695
0 0.729172 0.813095 0.751902 0.807506 0.759862 0.832960 0.751298 0.834787 0.752212 0.836843 0.736683 0.840839 0.729172 0.813095
0 0.757437 0.974473 0.749227 0.941326 0.792287 0.930793 0.800961 0.964250 0.796624 0.965334 0.796159 0.963011 0.757437 0.974473
0 0.771050 0.998987 0.769315 0.993488 0.787241 0.987893 0.786213 0.984125 0.802770 0.978987 0.809399 0.998987 0.771050 0.998987
0 0.878860 0.998989 0.878210 0.993727 0.894009 0.991713 0.893235 0.976224 0.907639 0.974985 0.910464 0.998989 0.878860 0.998989
0 0.863760 0.967433 0.865244 0.986159 0.850629 0.987872 0.849373 0.968689 0.863760 0.967433
0 0.952434 0.914877 0.923469 0.923396 0.915415 0.890249 0.926257 0.887926 0.925018 0.882195 0.943760 0.878013 0.952434 0.914877
0 0.892800 0.897994 0.905037 0.928353 0.867089 0.940279 0.863371 0.927423 0.867398 0.926339 0.861203 0.908991 0.892800 0.897994
0 0.959818 0.913816 0.948051 0.876836 0.975787 0.868011 0.988183 0.903940 0.959818 0.913816
0 0.998756 0.931016 0.985334 0.935196 0.982137 0.920923 0.998756 0.916993 0.998756 0.931016
0 0.913332 0.951198 0.908993 0.930645 0.921325 0.928019 0.926577 0.948001 0.913332 0.951198
0 0.857221 0.962731 0.854615 0.948833 0.880489 0.943621 0.883530 0.957519 0.857221 0.962731
0 0.998756 0.948353 0.987621 0.951532 0.988631 0.954647 0.972386 0.959865 0.967167 0.944041 0.996711 0.933773 0.998756 0.942615 0.998756 0.948353
0 0.962180 0.958400 0.927586 0.967256 0.923799 0.952760 0.958393 0.944259 0.962180 0.958400
0 0.978155 0.998991 0.974785 0.981336 0.998756 0.975887 0.998756 0.998991 0.978155 0.998991
0 0.922877 0.998990 0.922442 0.983982 0.946760 0.981194 0.947689 0.989248 0.957292 0.988628 0.957575 0.998990 0.922877 0.998990
0 0.944937 0.718631 0.943493 0.690440 0.959447 0.689356 0.960376 0.718011 0.944937 0.718631
0 0.786869 0.613079 0.786641 0.579281 0.819182 0.577683 0.821009 0.611709 0.786869 0.613079
0 0.797078 0.562496 0.783447 0.563890 0.781743 0.539417 0.795684 0.538488 0.797078 0.562496
0 0.917977 0.538087 0.908529 0.537622 0.899700 0.539945 0.897222 0.495647 0.914880 0.494253 0.917977 0.538087
0 0.962276 0.508193 0.992015 0.506644 0.993255 0.538861 0.966613 0.539945 0.966923 0.543198 0.959798 0.543353 0.959798 0.547070 0.925412 0.548774 0.925567 0.529103 0.939352 0.527864 0.939352 0.523527 0.937804 0.523217 0.937339 0.507883 0.945548 0.505560 0.952363 0.507109 0.953912 0.521513 0.961192 0.521513 0.960727 0.514079 0.962276 0.513614 0.962276 0.508193
0 0.979736 0.397334 0.982818 0.427592 0.956328 0.430447 0.953931 0.400532 0.979736 0.397334
0 0.951225 0.405982 0.952481 0.431102 0.945859 0.431559 0.944260 0.406782 0.951225 0.405982
0 0.881120 0.400577 0.876096 0.387332 0.891053 0.381623 0.895849 0.394868 0.881120 0.400577
0 0.866865 0.427218 0.864353 0.413059 0.885362 0.410775 0.887189 0.424820 0.866865 0.427218
0 0.667834 0.458253 0.658575 0.447142 0.675073 0.435190 0.681049 0.440072 0.685931 0.446806 0.667834 0.458253
0 0.601964 0.440844 0.605618 0.429883 0.608472 0.422804 0.625713 0.427143 0.627426 0.423375 0.649120 0.430796 0.645695 0.437419 0.651518 0.439132 0.645581 0.455916 0.631080 0.450892 0.630052 0.453290 0.610299 0.447010 0.611441 0.443699 0.601964 0.440844
0 0.788495 0.271507 0.801506 0.266240 0.814517 0.305273 0.801351 0.310075 0.788495 0.271507
0 0.784190 0.293719 0.789340 0.291361 0.792504 0.298683 0.787354 0.300482 0.784190 0.293719
0 0.788781 0.288817 0.787540 0.290616 0.782825 0.292478 0.776992 0.292726 0.773642 0.290616 0.771904 0.286769 0.771656 0.283109 0.772152 0.280130 0.775441 0.277090 0.778792 0.275973 0.782328 0.276097 0.785058 0.277090 0.787913 0.280751 0.789091 0.285839 0.788781 0.288817
0 0.883893 0.293950 0.887090 0.298974 0.889602 0.307880 0.862541 0.315987 0.858317 0.301143 0.883893 0.293950
0 0.840961 0.336882 0.833425 0.311877 0.850438 0.307994 0.857860 0.330031 0.855120 0.329917 0.856376 0.332772 0.840961 0.336882
0 0.892927 0.342497 0.896799 0.339467 0.900923 0.339551 0.905721 0.350746 0.899408 0.352261 0.900166 0.353944 0.896631 0.354786 0.892927 0.342497
0 0.973584 0.344164 0.970272 0.345420 0.970044 0.347133 0.957827 0.348388 0.957827 0.350900 0.951661 0.351243 0.951547 0.348959 0.931337 0.352385 0.930081 0.328749 0.942869 0.327265 0.942641 0.325210 0.966847 0.323155 0.966847 0.325210 0.971643 0.324639 0.973584 0.344164
0 0.924486 0.445185 0.930481 0.444553 0.931576 0.457600 0.925515 0.457936 0.924486 0.445185
0 0.872290 0.555684 0.875373 0.584914 0.861443 0.585828 0.860415 0.556369 0.872290 0.555684
0 0.950584 0.588466 0.952182 0.602167 0.928204 0.604223 0.926834 0.584698 0.940878 0.584241 0.941221 0.589265 0.950584 0.588466
0 0.998285 0.585142 0.985040 0.586626 0.984697 0.588568 0.958778 0.590509 0.957066 0.583315 0.952498 0.581146 0.951928 0.572354 0.955239 0.571897 0.954896 0.567102 0.963117 0.566531 0.962775 0.564590 0.995545 0.562420 0.998285 0.585142
0 0.998755 0.670101 0.986968 0.671443 0.986626 0.664935 0.958880 0.667789 0.957053 0.647694 0.998755 0.643452 0.998755 0.670101
0 0.946962 0.686495 0.938966 0.686411 0.938713 0.678583 0.946625 0.678330 0.946962 0.686495
0 0.898320 0.679865 0.896379 0.648808 0.925038 0.646981 0.927778 0.675070 0.907797 0.677582 0.907797 0.678952 0.898320 0.679865
0 0.852149 0.744843 0.844995 0.740382 0.852907 0.728093 0.860230 0.732386 0.852149 0.744843
0 0.833765 0.734021 0.823748 0.728550 0.831576 0.717440 0.840919 0.723247 0.833765 0.734021
0 0.804312 0.780225 0.792665 0.773602 0.806253 0.752593 0.817557 0.758758 0.804312 0.780225
0 0.749274 0.773404 0.740689 0.767765 0.754072 0.750762 0.786478 0.769616 0.777808 0.781400 0.755250 0.765997 0.749274 0.773404
0 0.770461 0.798779 0.757331 0.790362 0.761034 0.786911 0.760024 0.784639 0.765411 0.776979 0.773828 0.780009 0.779972 0.785986 0.770461 0.798779
0 0.864907 0.794439 0.860225 0.802431 0.861481 0.805400 0.860568 0.808140 0.857028 0.811452 0.857142 0.814534 0.852918 0.819901 0.849835 0.820358 0.848693 0.823098 0.842070 0.818759 0.821518 0.806656 0.837161 0.781765 0.847094 0.788159 0.849150 0.784962 0.864907 0.794439
0 0.783264 0.859932 0.776299 0.856963 0.769448 0.858333 0.768763 0.854793 0.765338 0.855136 0.760885 0.842804 0.762598 0.842348 0.761342 0.837895 0.763968 0.836981 0.762598 0.832871 0.772075 0.831044 0.768763 0.821338 0.786804 0.817000 0.788060 0.819055 0.790229 0.818598 0.793655 0.825221 0.787832 0.826705 0.791942 0.836068 0.790001 0.836410 0.797765 0.856164 0.783264 0.859932
0 0.893235 0.976224 0.894009 0.991713 0.878210 0.993727 0.875384 0.979672 0.885318 0.976018 0.893235 0.976224
0 0.907639 0.974985 0.893235 0.976224 0.888688 0.976076 0.887139 0.961672 0.905572 0.959348 0.907639 0.974985
0 0.796145 0.751214 0.776392 0.738769 0.781188 0.732375 0.782900 0.725295 0.795460 0.709196 0.818068 0.721527 0.803681 0.742194 0.799913 0.744478 0.796145 0.751214
0 0.828508 0.763181 0.817482 0.756700 0.821690 0.749966 0.832127 0.755943 0.828508 0.763181
0 0.889443 0.758453 0.874573 0.783391 0.843130 0.763874 0.850565 0.751328 0.859084 0.755665 0.866674 0.745133 0.889443 0.758453
0 0.996695 0.640594 0.986937 0.641523 0.971293 0.644311 0.966801 0.605588 0.974856 0.605124 0.974546 0.595830 0.994372 0.595365 0.995611 0.617205 0.993288 0.617670 0.996695 0.640594
0 0.917977 0.538087 0.919311 0.552636 0.906146 0.552172 0.905216 0.539471 0.917977 0.538087
0 0.711129 0.447644 0.719802 0.444391 0.725379 0.454769 0.717014 0.458331 0.711129 0.447644
0 0.775474 0.378607 0.759675 0.358006 0.772841 0.348403 0.777178 0.353669 0.783218 0.350107 0.779656 0.344531 0.798398 0.330900 0.808775 0.345150 0.805678 0.347009 0.809550 0.353205 0.808311 0.355528 0.811254 0.358781 0.801650 0.367455 0.797623 0.362653 0.795919 0.365131 0.793286 0.364047 0.783993 0.370552 0.785387 0.372411 0.775474 0.378607
0 0.874782 0.115872 0.879274 0.129038 0.853562 0.136937 0.849225 0.123617 0.874782 0.115872
0 0.878257 0.098758 0.890029 0.095970 0.889874 0.095041 0.923950 0.086057 0.931540 0.106968 0.885382 0.121218 0.878257 0.098758
0 0.944649 0.123430 0.948211 0.150226 0.907475 0.156887 0.903757 0.132104 0.920486 0.129781 0.919711 0.123585 0.943255 0.120797 0.944649 0.123430
0 0.922782 0.224627 0.935155 0.220503 0.939363 0.233044 0.926653 0.237253 0.922782 0.224627
0 0.931258 0.260216 0.930344 0.261244 0.931600 0.264441 0.908993 0.271406 0.906937 0.266268 0.899287 0.268894 0.896889 0.260787 0.886727 0.264441 0.883759 0.256220 0.898602 0.251082 0.899630 0.252566 0.943589 0.237494 0.948842 0.255421 0.931258 0.260216
0 0.839830 0.286837 0.847834 0.284107 0.850812 0.292236 0.842932 0.295028 0.839830 0.286837
0 0.967537 0.305764 0.962116 0.304835 0.929279 0.307004 0.927420 0.284854 0.937953 0.284080 0.936714 0.276800 0.965678 0.274476 0.967537 0.305764
0 0.085942 0.568210 0.090533 0.559488 0.113946 0.575326 0.108437 0.583819 0.085942 0.568210
0 0.141110 0.558936 0.147079 0.546003 0.157856 0.551309 0.159017 0.550148 0.176426 0.558604 0.165317 0.576014 0.162664 0.574190 0.159348 0.580490 0.147576 0.571703 0.150229 0.568055 0.148239 0.565899 0.149234 0.562583 0.141110 0.558936
0 0.998755 0.755569 0.970838 0.733718 0.980202 0.717916 0.971228 0.710697 0.978056 0.701528 0.980788 0.702114 0.985665 0.691189 0.995809 0.687677 0.998755 0.685894 0.998755 0.755569
0 0.838895 0.589475 0.841420 0.578687 0.853356 0.578687 0.854045 0.589016 0.838895 0.589475
0 0.888928 0.249613 0.871518 0.257240 0.868202 0.246297 0.884783 0.239499 0.888928 0.249613
0 0.853611 0.275312 0.851290 0.267851 0.860575 0.264204 0.863228 0.272991 0.853611 0.275312
2 -0.000000 0.707365 0.001957 0.705399 0.005863 0.709060 -0.000000 0.717535 -0.000000 0.707365
0 0.136254 0.575921 0.137922 0.576088 0.138923 0.576588 0.139757 0.577756 0.140424 0.578757 0.140257 0.580925 0.139924 0.582260 0.138089 0.583594 0.134586 0.583761 0.132751 0.582260 0.132250 0.580925 0.132686 0.578730 0.134521 0.576006 0.135420 0.575754 0.136254 0.575921
0 0.131750 0.572084 0.133585 0.573585 0.134150 0.575693 0.132227 0.578535 0.131249 0.578757 0.129081 0.579424 0.128914 0.579424 0.128080 0.578590 0.126912 0.577756 0.126412 0.576755 0.126412 0.575754 0.126578 0.575087 0.126578 0.574253 0.126745 0.572918 0.127913 0.571917 0.130248 0.571750 0.131750 0.572084
0 0.956328 0.430447 0.952481 0.431102 0.951225 0.405982 0.953931 0.400532 0.956328 0.430447
0 0.981167 -0.000000 0.991099 -0.000000 0.991770 0.006828 0.981564 0.007678 0.981167 -0.000000
4 0.998756 0.010729 0.993301 0.010740 0.992791 -0.000000 0.998756 -0.000000 0.998756 0.010729
0 0.983702 0.032014 0.981564 0.007678 0.991770 0.006828 0.993203 0.031223 0.983702 0.032014
0 0.982119 0.035445 0.990300 0.034389 0.991091 0.044417 0.983702 0.044417 0.982119 0.035445
4 0.998756 0.045495 0.993466 0.045737 0.993301 0.010740 0.998756 0.010729 0.998756 0.045495
