0 0.098043 0.667609 0.115906 0.653491 0.121668 0.662999 0.111008 0.670491 0.130024 0.696133 0.122533 0.702472 0.098043 0.667609
0 0.131465 0.741944 0.125990 0.728115 0.132905 0.722352 0.138668 0.720912 0.145582 0.735606 0.138091 0.737334 0.131465 0.741944
0 0.138379 0.742809 0.179581 0.725810 0.187360 0.744826 0.169496 0.752893 0.170361 0.756062 0.168344 0.756062 0.169785 0.761537 0.159700 0.764418 0.158260 0.760672 0.156819 0.761248 0.153938 0.756927 0.146159 0.760960 0.138379 0.742809
0 0.074956 0.767205 0.081074 0.764528 0.084515 0.772176 0.078780 0.774852 0.074956 0.767205
0 0.114687 0.841225 0.115164 0.843926 0.114687 0.844879 0.113575 0.845515 0.112304 0.845833 0.110556 0.845356 0.109285 0.844403 0.108491 0.843291 0.109444 0.841543 0.110874 0.840431 0.112463 0.840272 0.113893 0.840431 0.114687 0.841225
0 0.013586 0.796261 0.024246 0.792264 0.022647 0.788799 0.062886 0.772277 0.075410 0.808253 0.030108 0.827972 0.022913 0.807720 0.018916 0.809318 0.013586 0.796261
0 0.034905 0.838365 0.050894 0.830371 0.053825 0.836766 0.087935 0.823442 0.096995 0.841563 0.044765 0.865013 0.039169 0.852755 0.041567 0.851689 0.034905 0.838365
0 0.047696 0.867412 0.087136 0.850090 0.099927 0.884733 0.062886 0.900722 0.055158 0.884467 0.057822 0.883401 0.055158 0.877005 0.052493 0.878071 0.047696 0.867412
0 -0.000000 0.742431 -0.000000 0.699976 0.002293 0.698838 0.017120 0.735707 -0.000000 0.742431
0 0.004196 0.698476 0.039091 0.682156 0.050517 0.708132 0.055975 0.724226 0.021129 0.740599 0.004196 0.698476
4 0.011069 0.681717 0.023784 0.676066 0.028023 0.684542 0.015873 0.690759 0.011069 0.681717
0 0.020181 0.663880 0.031324 0.658492 0.041194 0.677103 0.029040 0.682911 0.020181 0.663880
0 -0.000000 0.647753 -0.000000 0.605249 0.012413 0.641177 -0.000000 0.647753
0 0.145325 0.978441 0.153216 0.973619 0.159352 0.971428 0.174514 0.996014 0.156954 0.996313 0.145325 0.978441
0 -0.000000 0.943660 -0.000000 0.902624 0.018413 0.936906 -0.000000 0.943660
