0 0.736158 0.213372 0.747989 0.202495 0.760583 0.217952 0.747798 0.228828 0.736158 0.213372
0 0.697231 0.224821 0.702572 0.220588 0.692005 0.209348 0.706917 0.196393 0.716958 0.205570 0.725091 0.212418 0.729670 0.217188 0.723373 0.222340 0.727762 0.226729 0.712306 0.239323 0.709825 0.235698 0.705436 0.239132 0.700094 0.231881 0.702002 0.230355 0.697231 0.224821
0 0.758076 0.255390 0.773419 0.242483 0.780725 0.250276 0.782186 0.248815 0.788518 0.254903 0.787301 0.256364 0.798747 0.268785 0.796312 0.272681 0.803618 0.281936 0.785352 0.299227 0.775611 0.288024 0.777316 0.286076 0.777803 0.285832 0.755641 0.258556 0.758076 0.255390
0 0.751744 0.255877 0.755641 0.258556 0.764895 0.270246 0.754423 0.278770 0.753693 0.281692 0.741516 0.290947 0.730313 0.278526 0.741516 0.268785 0.740054 0.267080 0.751744 0.255877
0 0.764408 0.311647 0.776829 0.300932 0.799234 0.325772 0.786814 0.335027 0.764408 0.311647
0 0.833718 0.339744 0.850463 0.327484 0.877225 0.359030 0.879319 0.366057 0.864816 0.379214 0.833120 0.346023 0.835512 0.342883 0.833718 0.339744
0 0.620497 0.259399 0.643961 0.242658 0.664178 0.221055 0.693889 0.258560 0.674163 0.278286 0.847077 0.477609 0.833307 0.485214 0.816060 0.505231 0.792152 0.477445 0.756612 0.508462 0.724949 0.475507 0.713964 0.487138 0.660332 0.427044 0.673641 0.412876 0.650035 0.385289 0.668432 0.366646 0.683033 0.356109 0.648321 0.317751 0.629224 0.334094 0.634793 0.341182 0.614186 0.357841 0.571825 0.309373 0.614834 0.273693 0.612123 0.270377 0.621944 0.261765 0.620497 0.259399
0 0.693237 0.296205 0.721277 0.270639 0.879620 0.447951 0.864775 0.457022 0.847077 0.477609 0.692579 0.297980 0.693237 0.296205
0 0.468670 0.404638 0.492869 0.385200 0.519051 0.415746 0.495645 0.435977 0.468670 0.404638
0 0.430984 0.432407 0.451215 0.411779 0.455976 0.414159 0.462720 0.408209 0.480968 0.430027 0.473430 0.434787 0.450819 0.454225 0.430984 0.432407
0 0.423843 0.424076 0.453596 0.460176 0.436934 0.473663 0.413926 0.445895 0.417496 0.442721 0.411546 0.435581 0.423843 0.424076
0 0.472504 0.461872 0.493205 0.445312 0.534606 0.492071 0.502947 0.516181 0.489065 0.499621 0.497589 0.492071 0.472504 0.461872
0 0.374883 0.504186 0.385778 0.494463 0.400304 0.509809 0.388824 0.519532 0.374883 0.504186
0 0.327499 0.506564 0.335322 0.499695 0.338184 0.502557 0.349824 0.492444 0.368143 0.512670 0.371959 0.517250 0.378447 0.516487 0.387415 0.528318 0.370051 0.543774 0.364517 0.544919 0.349443 0.529462 0.346008 0.532134 0.334368 0.519540 0.337803 0.517059 0.327499 0.506564
0 0.330738 0.526545 0.348866 0.547344 0.338180 0.557076 0.341424 0.561847 0.334555 0.567380 0.340661 0.574631 0.328067 0.584363 0.298872 0.550779 0.320243 0.530743 0.322151 0.532651 0.330738 0.526545
0 0.207229 0.596450 0.214671 0.593016 0.209519 0.582139 0.229364 0.572598 0.241004 0.596450 0.213717 0.609808 0.207229 0.596450
0 0.209073 0.602325 0.210010 0.607245 0.208839 0.610290 0.205559 0.614391 0.200522 0.615445 0.195250 0.614391 0.193024 0.611696 0.191970 0.607245 0.191501 0.604902 0.191970 0.603145 0.193962 0.599279 0.195719 0.597287 0.199702 0.596350 0.202630 0.596350 0.204739 0.596936 0.207316 0.598693 0.209073 0.602325
0 0.250301 0.595158 0.261547 0.586606 0.269630 0.596095 0.258970 0.605349 0.250301 0.595158
0 0.249013 0.566105 0.256041 0.563060 0.260610 0.570557 0.253816 0.574891 0.249013 0.566105
0 0.245830 0.594457 0.274811 0.625630 0.280655 0.620272 0.290641 0.631475 0.284552 0.636102 0.309149 0.666301 0.277977 0.695525 0.212952 0.624169 0.245830 0.594457
4 0.457405 0.531069 0.466774 0.524015 0.474491 0.532062 0.465452 0.539557 0.457405 0.531069
4 0.483783 0.519093 0.486828 0.516048 0.494611 0.524777 0.491295 0.527417 0.483783 0.519093
4 0.898434 0.373727 0.913665 0.354145 0.968991 0.421904 0.950652 0.438067 0.898434 0.373727
0 0.843043 0.935584 0.861717 0.919244 0.874107 0.934327 0.875543 0.933429 0.886856 0.946896 0.875723 0.959465 0.890267 0.976703 0.881469 0.985501 0.867643 0.970957 0.864052 0.973291 0.858665 0.966109 0.862615 0.963415 0.844659 0.942227 0.843043 0.935584
0 0.979609 0.942391 0.998103 0.962681 0.974581 0.984408 0.956805 0.964836 0.969913 0.951908 0.969195 0.950651 0.979609 0.942391
0 0.430400 0.486495 0.440843 0.476052 0.450205 0.486735 0.440122 0.496818 0.430400 0.486495
0 0.850900 0.378647 0.856873 0.374216 0.869782 0.388667 0.884619 0.376913 0.895409 0.389630 0.872673 0.406972 0.850900 0.378647
0 0.853736 0.980913 0.864052 0.973291 0.878165 0.989006 0.865725 0.998448 0.851488 0.982861 0.853736 0.980913
