0 0.325132 0.246161 0.342222 0.250795 0.330636 0.288741 0.327100 0.287812 0.324315 0.297211 0.308534 0.293034 0.325132 0.246161
0 0.110828 0.132479 0.119155 0.122443 0.141149 0.139739 0.133462 0.148921 0.110828 0.132479
0 0.144779 0.148921 0.163569 0.148707 0.162929 0.180310 0.144779 0.180523 0.144779 0.148921
0 0.205266 0.139048 0.233452 0.139902 0.234947 0.197341 0.205693 0.196274 0.205266 0.139048
0 -0.000000 0.162812 0.065500 0.177982 0.056158 0.220376 -0.000000 0.204135 -0.000000 0.162812
0 0.123305 0.240354 0.132800 0.243263 0.134425 0.238216 0.144177 0.241210 0.141855 0.247564 0.150210 0.251393 0.137910 0.283303 0.131412 0.277734 0.110293 0.271468 0.123305 0.240354
0 0.143139 0.295235 0.157778 0.299800 0.150694 0.325300 0.135111 0.320105 0.143139 0.295235
0 0.077898 0.264517 0.092287 0.265677 0.091474 0.272175 0.076622 0.270899 0.077898 0.264517
0 0.106217 0.245488 0.110836 0.245745 0.113659 0.247284 0.113402 0.250706 0.111178 0.253700 0.108013 0.254042 0.105704 0.252160 0.105533 0.249166 0.106217 0.245488
0 0.171615 0.335158 0.177437 0.294784 0.172563 0.294087 0.173956 0.282020 0.215378 0.286443 0.213985 0.298279 0.210272 0.297931 0.207284 0.335500 0.204803 0.335158 0.204376 0.338580 0.171615 0.335158
0 0.239170 0.139428 0.247409 0.139892 0.246828 0.150799 0.238822 0.150219 0.239170 0.139428
0 0.205693 0.196274 0.198788 0.199405 0.192440 0.198447 0.187050 0.192099 0.187889 0.187189 0.190404 0.183955 0.193997 0.181799 0.200225 0.181320 0.204177 0.183356 0.205854 0.188506 0.205693 0.196274
