2 0.530558 0.777691 0.545988 0.779234 0.546605 0.767199 0.551852 0.768433 0.550309 0.779543 0.554629 0.778617 0.572528 0.783554 0.571293 0.798059 0.531484 0.793121 0.530558 0.777691
0 0.612507 0.788114 0.608184 0.784246 0.608184 0.779241 0.610459 0.776057 0.615236 0.773782 0.622516 0.772872 0.625473 0.777421 0.626156 0.786294 0.620696 0.789934 0.617056 0.790161 0.612507 0.788114
0 0.630478 0.774237 0.669834 0.780606 0.668014 0.798578 0.628203 0.793346 0.630478 0.774237
0 0.614099 0.738293 0.655275 0.743753 0.654592 0.750805 0.662782 0.751715 0.661417 0.761952 0.612734 0.755127 0.614099 0.738293
0 0.617056 0.716909 0.619331 0.703487 0.633436 0.704852 0.631388 0.726918 0.616374 0.725781 0.617056 0.716909
0 0.607986 0.707914 0.614414 0.709274 0.614662 0.720029 0.607368 0.719411 0.607986 0.707914
4 0.621533 0.683174 0.634390 0.683421 0.633154 0.696896 0.620544 0.694424 0.621533 0.683174
4 0.641190 0.677561 0.648484 0.678797 0.646258 0.695734 0.641190 0.696104 0.641190 0.677561
4 0.652563 0.680528 0.660351 0.680775 0.660104 0.686338 0.657384 0.686709 0.657508 0.691283 0.649102 0.691283 0.649473 0.682753 0.652316 0.683248 0.652563 0.680528
4 0.661870 0.681259 0.668386 0.681125 0.667983 0.683677 0.669595 0.683677 0.668856 0.692948 0.662273 0.693284 0.662340 0.690530 0.660593 0.690261 0.660795 0.687708 0.662071 0.687775 0.662407 0.685155 0.661332 0.685021 0.661870 0.681259
4 0.671183 0.682919 0.678103 0.683120 0.677901 0.693130 0.670780 0.693063 0.671183 0.682919
4 0.682931 0.685301 0.690677 0.686213 0.690130 0.695052 0.682658 0.694414 0.682931 0.685301
4 0.701027 0.688693 0.708864 0.688238 0.709320 0.687235 0.715426 0.688420 0.715061 0.695619 0.713148 0.698080 0.706586 0.695073 0.700025 0.693797 0.701027 0.688693
4 0.655492 0.668304 0.659993 0.668506 0.659724 0.676769 0.654753 0.676836 0.655492 0.668304
4 0.661269 0.668707 0.667718 0.669312 0.667651 0.678180 0.662277 0.677911 0.662411 0.675761 0.661067 0.675560 0.661269 0.668707
4 0.669734 0.669043 0.676854 0.669312 0.676653 0.676030 0.669398 0.675761 0.669734 0.669043
0 0.601195 0.668752 0.610465 0.668618 0.609659 0.678695 0.600389 0.677821 0.601195 0.668752
3 0.559948 0.665361 0.567860 0.664249 0.567860 0.667710 0.583560 0.669812 0.583683 0.682051 0.582447 0.683534 0.582694 0.685883 0.574164 0.686377 0.573423 0.682916 0.571692 0.682916 0.572434 0.686377 0.567241 0.686872 0.566500 0.683410 0.560319 0.683781 0.559948 0.665361
3 0.552530 0.671048 0.552901 0.666474 0.558217 0.666350 0.558093 0.671295 0.552530 0.671048
3 0.553272 0.673768 0.557599 0.674633 0.557599 0.679949 0.553767 0.679949 0.553272 0.673768
3 0.557228 0.685636 0.562049 0.685636 0.562667 0.690210 0.556981 0.690704 0.557228 0.685636
3 0.530588 0.690017 0.536123 0.689346 0.536458 0.686328 0.553563 0.685154 0.555576 0.694377 0.579221 0.691694 0.581569 0.716681 0.565638 0.716011 0.555408 0.717688 0.550712 0.720539 0.534781 0.721377 0.530588 0.690017
3 0.530085 0.687334 0.529079 0.679788 0.534110 0.680123 0.534110 0.676769 0.545178 0.676266 0.545178 0.681968 0.539812 0.682135 0.540147 0.686831 0.530588 0.688173 0.530085 0.687334
0 0.542508 0.729198 0.565986 0.726683 0.566657 0.738422 0.542676 0.740937 0.542508 0.729198
0 0.550893 0.740099 0.557321 0.739852 0.558063 0.743931 0.554725 0.744055 0.554725 0.744302 0.550893 0.744549 0.550893 0.740099
0 0.639394 0.803124 0.666465 0.806764 0.665328 0.811769 0.638711 0.806992 0.639394 0.803124
0 0.560252 0.771518 0.574097 0.772878 0.573479 0.781037 0.559634 0.779430 0.560252 0.771518
0 0.716563 0.823769 0.723125 0.823769 0.723489 0.829874 0.715378 0.830148 0.715196 0.823404 0.716563 0.823769
3 0.765365 0.797350 0.803811 0.801900 0.803811 0.805313 0.806086 0.805313 0.806086 0.808952 0.765137 0.804858 0.765365 0.797350
0 0.658566 0.780217 0.659183 0.774045 0.670292 0.775279 0.669367 0.784229 0.658566 0.780217
3 0.672618 0.795805 0.677995 0.795350 0.678906 0.800362 0.675352 0.803643 0.669520 0.802823 0.669246 0.799998 0.672618 0.795805
0 0.529223 0.992865 0.531324 0.974692 0.561241 0.977536 0.559387 0.996821 0.529223 0.992865
3 0.575390 0.995678 0.576300 0.985668 0.581078 0.986123 0.582215 0.983393 0.596319 0.984303 0.596532 0.998984 0.582783 0.998984 0.582897 0.997953 0.575390 0.995678
3 0.606105 0.994712 0.603375 0.985613 0.614750 0.984248 0.617252 0.994712 0.606105 0.994712
4 0.671060 0.740756 0.672544 0.740138 0.672791 0.736553 0.678230 0.737047 0.677983 0.740262 0.674893 0.740385 0.674769 0.742734 0.671060 0.742116 0.671060 0.740756
