0 0.777808 -0.000000 0.786828 -0.000000 0.789439 0.002610 0.781558 0.008924 0.776004 0.002278 0.777808 -0.000000
0 0.802570 0.011305 0.812143 0.024728 0.803162 0.031637 0.802076 0.029959 0.794970 0.035288 0.786284 0.022754 0.802570 0.011305
0 0.744282 0.068604 0.753385 0.083356 0.738846 0.093597 0.728491 0.077586 0.744282 0.068604
0 0.923467 0.064468 0.909359 0.077821 0.901227 0.071052 0.901833 0.069719 0.898621 0.067719 0.898015 0.064266 0.893895 0.060024 0.906881 0.047493 0.909062 0.050038 0.911849 0.047493 0.920904 0.056219 0.918863 0.059305 0.923467 0.064468
0 0.893565 0.175521 0.888899 0.175097 0.888172 0.166008 0.897866 0.164857 0.899078 0.173340 0.893565 0.175521
0 0.929775 0.177617 0.929395 0.172062 0.939792 0.171065 0.940172 0.176620 0.929775 0.177617
0 0.695464 0.020910 0.701947 0.027697 0.693222 0.035150 0.687526 0.027636 0.695464 0.020910
4 0.699498 0.032065 0.702030 0.035131 0.698213 0.037847 0.695703 0.034679 0.699498 0.032065
0 0.704145 0.013055 0.710998 0.008383 0.715048 0.014613 0.708818 0.018663 0.704145 0.013055
0 0.720775 -0.000000 0.725241 -0.000000 0.728049 0.002639 0.724386 0.005997 0.719441 0.001113 0.720775 -0.000000
