0 0.239057 -0.000000 0.251884 -0.000000 0.256601 0.014576 0.244074 0.018211 0.239057 -0.000000
0 0.275465 0.011513 0.276082 0.009899 0.276841 0.008902 0.278361 0.008048 0.280972 0.007810 0.283440 0.008807 0.284390 0.010564 0.284817 0.011846 0.284960 0.014172 0.284532 0.015834 0.282966 0.016688 0.281209 0.016925 0.279595 0.016925 0.278835 0.016878 0.277743 0.015928 0.276319 0.014742 0.276177 0.013982 0.275465 0.011513
4 0.300121 -0.000000 0.326572 -0.000000 0.303131 0.007237 0.300121 -0.000000
3 0.272360 0.074821 0.291237 0.128580 0.273181 0.134530 0.255945 0.079746 0.272360 0.074821
0 0.364955 0.118177 0.382338 0.156848 0.363696 0.165288 0.346646 0.124829 0.364955 0.118177
0 0.340074 0.050265 0.367652 0.117223 0.364955 0.118177 0.346646 0.124829 0.321425 0.057982 0.340074 0.050265
0 0.326752 0.721562 0.372713 0.767318 0.348296 0.791325 0.302950 0.744542 0.326752 0.721562
0 0.318798 0.790548 0.324907 0.784600 0.336804 0.796496 0.330373 0.803249 0.318798 0.790548
0 0.327985 0.824650 0.351376 0.845374 0.334961 0.863225 0.312596 0.839628 0.327985 0.824650
0 0.273404 0.812086 0.339396 0.878078 0.320541 0.898242 0.254287 0.828846 0.273404 0.812086
0 0.224577 0.942794 0.237921 0.950832 0.244834 0.941186 0.272325 0.960478 0.252551 0.990220 0.211716 0.962890 0.224577 0.942794
0 0.192179 0.993019 0.191982 0.991825 0.192742 0.990781 0.193311 0.990021 0.193833 0.989546 0.195210 0.988644 0.196397 0.988359 0.198581 0.988407 0.200433 0.989356 0.201287 0.990211 0.201809 0.991160 0.201952 0.992157 0.202094 0.993344 0.202094 0.994864 0.201762 0.995718 0.201192 0.996810 0.200433 0.997475 0.198961 0.998139 0.197109 0.998472 0.196492 0.998472 0.195258 0.998187 0.194546 0.997712 0.193833 0.996952 0.193311 0.995908 0.193026 0.995053 0.193026 0.994769 0.192179 0.993019
0 0.185062 0.975333 0.184766 0.973952 0.185654 0.971879 0.186246 0.970793 0.188220 0.969609 0.190293 0.969313 0.192168 0.970300 0.193649 0.971681 0.194734 0.973853 0.194833 0.974741 0.194734 0.976814 0.193945 0.978590 0.193353 0.979182 0.192662 0.979577 0.189701 0.980169 0.187233 0.979775 0.186444 0.979380 0.185753 0.977998 0.185062 0.975333
0 0.188813 0.984710 0.189306 0.983624 0.189602 0.982834 0.191675 0.981650 0.192760 0.981255 0.194636 0.981255 0.196511 0.981946 0.197202 0.982933 0.197498 0.984117 0.197498 0.984808 0.197399 0.985795 0.197301 0.986486 0.196397 0.988359 0.193833 0.989546 0.191576 0.989941 0.190589 0.989644 0.189602 0.988559 0.188911 0.987374 0.188813 0.984710
0 0.320654 0.960990 0.334259 0.962124 0.330732 0.984797 0.315868 0.983160 0.320654 0.960990
0 0.377104 0.899248 0.383052 0.894103 0.392859 0.903267 0.386750 0.910180 0.377104 0.899248
0 0.357796 0.882872 0.364112 0.877345 0.372798 0.886426 0.366975 0.892545 0.357796 0.882872
0 0.466042 0.861272 0.475616 0.853573 0.482426 0.861962 0.472359 0.870253 0.466042 0.861272
0 0.259821 0.787280 0.267757 0.777832 0.276323 0.771912 0.320537 0.814992 0.314617 0.823180 0.304287 0.833509 0.259821 0.787280
