0 0.194441 0.213443 0.220911 0.214674 0.216909 0.266691 0.189824 0.266076 0.194441 0.213443
0 0.270414 0.087353 0.279096 0.090005 0.282714 0.096034 0.283437 0.100134 0.281026 0.108575 0.276202 0.112434 0.269691 0.113639 0.260768 0.111710 0.258356 0.106405 0.255221 0.098928 0.258597 0.092176 0.262456 0.088800 0.270414 0.087353
0 0.235624 0.091098 0.240066 0.094356 0.243027 0.098945 0.242139 0.104127 0.238881 0.107680 0.236216 0.109309 0.230442 0.109605 0.226001 0.107828 0.223632 0.103979 0.222744 0.098353 0.224224 0.095096 0.228370 0.092283 0.235624 0.091098
4 0.228027 0.126124 0.233815 0.127088 0.238639 0.130223 0.239121 0.134806 0.238639 0.138182 0.235262 0.142282 0.228510 0.143729 0.223928 0.139629 0.221516 0.134806 0.221516 0.129982 0.228027 0.126124
0 0.246549 0.148161 0.252218 0.149672 0.256375 0.154018 0.255241 0.159309 0.253918 0.162899 0.248060 0.166490 0.242770 0.166301 0.238613 0.163844 0.236723 0.159876 0.237479 0.155530 0.239368 0.151373 0.246549 0.148161
0 0.082012 0.248344 0.092783 0.249667 0.091082 0.270830 0.127551 0.274798 0.124717 0.300496 0.076154 0.294450 0.082012 0.248344
0 0.346562 0.280028 0.364324 0.280784 0.363757 0.300436 0.344672 0.298735 0.346562 0.280028
0 0.536443 0.299409 0.537989 0.299227 0.541897 0.300318 0.543533 0.302954 0.541806 0.306135 0.539261 0.307590 0.536898 0.307408 0.534353 0.306317 0.533989 0.303408 0.536443 0.299409
0 0.335979 0.316434 0.343443 0.317613 0.343836 0.312506 0.357040 0.314863 0.357192 0.318791 0.541430 0.335290 0.540644 0.367109 0.332444 0.346289 0.335979 0.316434
0 0.339393 0.348846 0.342938 0.350300 0.342847 0.352845 0.341938 0.356117 0.338666 0.356662 0.336666 0.355572 0.335667 0.353390 0.336121 0.350391 0.339393 0.348846
0 0.346210 0.350027 0.347301 0.350482 0.347846 0.351572 0.348119 0.353663 0.348028 0.354845 0.346755 0.356299 0.345301 0.356571 0.344210 0.356390 0.343665 0.355208 0.343665 0.353572 0.343938 0.351936 0.344574 0.350664 0.346210 0.350027
4 0.351454 0.215837 0.353272 0.215837 0.354544 0.217837 0.355181 0.220200 0.355181 0.222291 0.354635 0.223563 0.350909 0.224018 0.349273 0.222836 0.348546 0.222018 0.347637 0.220291 0.348818 0.217292 0.351454 0.215837
4 0.360703 0.217650 0.361665 0.218305 0.362671 0.220579 0.361403 0.222371 0.360004 0.223158 0.358561 0.223596 0.357162 0.223115 0.356594 0.222153 0.356637 0.221497 0.356113 0.220142 0.356331 0.218655 0.356987 0.217431 0.357643 0.216906 0.360703 0.217650
4 0.365140 0.217649 0.367711 0.219016 0.367867 0.221375 0.367685 0.223102 0.367503 0.223648 0.366594 0.223830 0.365685 0.223375 0.364686 0.222921 0.363777 0.221739 0.363868 0.220557 0.364140 0.219285 0.364595 0.218012 0.365140 0.217649
0 0.227747 0.061201 0.225822 0.075415 0.222861 0.074526 0.224342 0.060905 0.227747 0.061201
0 0.127188 0.287875 0.136824 0.288631 0.135691 0.295056 0.126769 0.294758 0.127188 0.287875
0 0.338750 0.255653 0.340895 0.239209 0.343278 0.224433 0.522496 0.242307 0.523449 0.238255 0.552763 0.241592 0.551333 0.259466 0.549665 0.274480 0.460532 0.267331 0.459579 0.273289 0.440752 0.272574 0.438607 0.265424 0.364965 0.258036 0.363535 0.261611 0.347091 0.260181 0.347568 0.258751 0.338750 0.255653
0 0.213509 0.117733 0.214407 0.109829 0.222491 0.111176 0.221324 0.118721 0.213509 0.117733
0 0.047103 0.193666 0.049676 0.194005 0.050962 0.195359 0.050962 0.197457 0.050014 0.198744 0.046765 0.198811 0.045478 0.197864 0.045478 0.194885 0.047103 0.193666
0 0.434110 0.293974 0.448475 0.294988 0.448306 0.297861 0.434786 0.297354 0.434110 0.293974
