0 0.645007 0.972078 0.710505 0.873041 0.756081 0.903673 0.759583 0.912741 0.700936 0.998986 0.688332 0.998986 0.645007 0.972078
3 0.781502 0.998987 0.808504 0.958509 0.849306 0.986788 0.849198 0.998988 0.781502 0.998987
0 0.792778 0.900042 0.795460 0.899153 0.801687 0.900009 0.806825 0.902889 0.809860 0.907793 0.809238 0.917523 0.801765 0.923595 0.794526 0.924529 0.788511 0.921270 0.785492 0.916703 0.784796 0.911134 0.786095 0.904869 0.788740 0.902409 0.792778 0.900042
0 0.497708 0.356251 0.535004 0.379169 0.514051 0.412382 0.494855 0.400623 0.493739 0.401936 0.475237 0.389733 0.497708 0.356251
0 0.457617 0.377303 0.465485 0.364305 0.477428 0.371503 0.469438 0.384401 0.457617 0.377303
0 0.458597 0.337534 0.467905 0.322456 0.475910 0.327010 0.483465 0.313738 0.499317 0.322511 0.484667 0.347800 0.469655 0.339510 0.467974 0.341867 0.458597 0.337534
0 0.375217 0.340451 0.394956 0.308887 0.411255 0.317647 0.391996 0.349947 0.375217 0.340451
0 0.409673 0.293691 0.434454 0.250463 0.446700 0.255808 0.421971 0.299179 0.409673 0.293691
0 0.417439 0.205206 0.444698 0.165269 0.474649 0.184614 0.447260 0.226140 0.417439 0.205206
0 0.488657 0.238105 0.497481 0.226354 0.493141 0.223506 0.499603 0.214373 0.508240 0.219840 0.516448 0.207367 0.535374 0.219381 0.512569 0.253651 0.502074 0.244957 0.488657 0.238105
0 0.533220 0.192017 0.547015 0.172543 0.557361 0.178619 0.543357 0.198835 0.533220 0.192017
0 0.578291 0.194558 0.610903 0.147986 0.624254 0.155394 0.590949 0.202695 0.578291 0.194558
0 0.622781 0.218220 0.615916 0.208136 0.625229 0.201117 0.631977 0.209890 0.645208 0.199989 0.659244 0.217405 0.634855 0.234627 0.622781 0.218220
0 0.676410 0.173906 0.703648 0.133247 0.710917 0.138020 0.733857 0.153190 0.706818 0.193857 0.684372 0.178124 0.676410 0.173906
0 0.576696 0.090697 0.593603 0.065717 0.612094 0.080294 0.595087 0.104995 0.576696 0.090697
4 0.587525 0.308560 0.591150 0.308218 0.593476 0.310338 0.594981 0.313690 0.594023 0.316426 0.591014 0.319162 0.587183 0.319230 0.584584 0.316152 0.583558 0.313006 0.585063 0.310407 0.587525 0.308560
4 0.589671 0.301185 0.591474 0.300224 0.593397 0.299202 0.596883 0.300043 0.599047 0.302448 0.598145 0.306535 0.594779 0.308217 0.592616 0.308278 0.590392 0.307316 0.589130 0.304671 0.589671 0.301185
0 0.605811 0.283711 0.607760 0.283711 0.608646 0.284597 0.610595 0.286546 0.610595 0.289735 0.608203 0.291949 0.604925 0.292747 0.602356 0.289912 0.602002 0.286900 0.605811 0.283711
0 0.608952 0.276016 0.611410 0.276059 0.613123 0.276760 0.614242 0.278672 0.613278 0.282053 0.611332 0.283688 0.607985 0.282286 0.606584 0.279562 0.607207 0.277460 0.608952 0.276016
0 0.613607 0.268272 0.614581 0.267947 0.616530 0.268040 0.617226 0.268875 0.618387 0.270267 0.618572 0.272217 0.617923 0.274769 0.615231 0.275883 0.612818 0.275094 0.611147 0.272588 0.611611 0.269989 0.613607 0.268272
0 0.616481 0.258491 0.618316 0.258002 0.620967 0.258777 0.621945 0.260693 0.622068 0.263018 0.620885 0.265424 0.618397 0.266484 0.615543 0.265831 0.614156 0.263548 0.614360 0.260612 0.616481 0.258491
0 0.621244 0.248875 0.623569 0.248328 0.627126 0.249833 0.628357 0.252979 0.628084 0.254963 0.626374 0.257630 0.621312 0.257288 0.619055 0.254621 0.618987 0.251201 0.621244 0.248875
0 0.748763 0.309374 0.751081 0.307055 0.752997 0.305644 0.755920 0.305644 0.759247 0.308265 0.759348 0.311894 0.756928 0.315826 0.750880 0.315725 0.748662 0.313003 0.748763 0.309374
4 0.744352 0.300365 0.746832 0.300188 0.749755 0.300720 0.751350 0.303377 0.751081 0.307055 0.746832 0.309046 0.743732 0.308603 0.741960 0.306389 0.741428 0.304617 0.741871 0.302668 0.744352 0.300365
4 0.734669 0.294540 0.736615 0.294151 0.738483 0.294151 0.740818 0.294773 0.742453 0.297498 0.742064 0.301701 0.740351 0.303102 0.737082 0.304114 0.734202 0.303414 0.732723 0.300067 0.732412 0.297731 0.734669 0.294540
0 0.726169 0.286055 0.729801 0.284815 0.731839 0.284815 0.734496 0.286143 0.735382 0.289687 0.734939 0.292256 0.733876 0.294116 0.727587 0.294736 0.726169 0.292787 0.725638 0.289598 0.725195 0.287649 0.726169 0.286055
4 0.722236 0.274540 0.724684 0.273374 0.728732 0.273841 0.730911 0.275709 0.732857 0.278278 0.732701 0.281158 0.731067 0.283026 0.728031 0.284505 0.724061 0.284272 0.721882 0.283571 0.720714 0.280146 0.720481 0.276488 0.722236 0.274540
4 0.725508 0.263566 0.727379 0.262654 0.729778 0.262414 0.731985 0.262990 0.733760 0.264381 0.733904 0.265725 0.734096 0.268603 0.733280 0.271098 0.730402 0.273305 0.728195 0.273401 0.725316 0.272682 0.723445 0.271674 0.722437 0.269803 0.722293 0.266876 0.723013 0.265245 0.725508 0.263566
0 0.773582 0.260308 0.775509 0.260432 0.776751 0.260867 0.778367 0.261986 0.779237 0.264471 0.778740 0.267329 0.775881 0.269566 0.772464 0.269877 0.769916 0.268013 0.769171 0.266149 0.769171 0.263353 0.770538 0.261178 0.773582 0.260308
4 0.748694 0.219191 0.750179 0.219120 0.752301 0.219191 0.755058 0.219827 0.756402 0.222444 0.757321 0.225131 0.755341 0.228737 0.751735 0.229939 0.748906 0.229373 0.747068 0.227393 0.746432 0.224141 0.746785 0.221242 0.748694 0.219191
4 0.753598 0.196984 0.756055 0.195783 0.759440 0.196274 0.761952 0.198021 0.762552 0.200041 0.761624 0.203754 0.759659 0.205938 0.755072 0.205501 0.752506 0.203645 0.751633 0.201188 0.752015 0.199059 0.753598 0.196984
0 0.522408 0.199056 0.524178 0.199056 0.526190 0.198653 0.529087 0.200665 0.529409 0.203643 0.529087 0.206057 0.526512 0.208068 0.523212 0.208471 0.520155 0.207022 0.519108 0.205252 0.518787 0.202435 0.520074 0.200343 0.522408 0.199056
0 0.525848 0.190694 0.527475 0.189916 0.528960 0.189351 0.531930 0.190553 0.533697 0.193169 0.533485 0.195715 0.532637 0.197624 0.529101 0.198685 0.525707 0.196705 0.524929 0.195220 0.524505 0.193947 0.525848 0.190694
0 0.534866 0.197274 0.535740 0.196728 0.537323 0.196619 0.539562 0.196619 0.542346 0.198748 0.542947 0.201478 0.542346 0.203553 0.541309 0.205082 0.538361 0.206010 0.536395 0.205682 0.534266 0.204426 0.533065 0.202679 0.533392 0.199513 0.534866 0.197274
0 0.530812 0.205680 0.532895 0.205146 0.534895 0.205665 0.536451 0.206517 0.537414 0.208666 0.537562 0.210222 0.537363 0.212614 0.536381 0.214197 0.533814 0.215071 0.530975 0.214743 0.529174 0.213651 0.527754 0.210976 0.527918 0.208683 0.528628 0.207482 0.530812 0.205680
0 0.582328 0.121792 0.593392 0.128221 0.568167 0.165885 0.556463 0.158870 0.582328 0.121792
0 0.584004 0.182039 0.584931 0.183364 0.584622 0.185130 0.583165 0.186543 0.581531 0.186587 0.579986 0.185704 0.579633 0.183673 0.580251 0.182393 0.582503 0.181421 0.584004 0.182039
0 0.589500 0.171986 0.589050 0.170361 0.589708 0.168458 0.591922 0.167662 0.593824 0.168873 0.594101 0.171018 0.593098 0.172471 0.590918 0.172920 0.589500 0.171986
0 0.593897 0.164561 0.593932 0.162396 0.595246 0.161379 0.597149 0.161102 0.598775 0.162278 0.598948 0.164077 0.597703 0.165495 0.595558 0.165841 0.593897 0.164561
0 0.602499 0.152368 0.602586 0.150698 0.603409 0.149330 0.605575 0.148974 0.606900 0.149399 0.607537 0.151732 0.606370 0.153428 0.604143 0.153694 0.602499 0.152368
0 0.430010 0.216305 0.433097 0.217374 0.434761 0.219795 0.434844 0.223451 0.432434 0.225736 0.428321 0.225694 0.425371 0.222869 0.424831 0.219047 0.427075 0.216429 0.430010 0.216305
0 0.395093 0.358043 0.400698 0.361632 0.388960 0.378081 0.383001 0.374540 0.395093 0.358043
0 0.479506 0.349351 0.482622 0.352425 0.481541 0.356621 0.477304 0.357618 0.474354 0.355250 0.474063 0.352176 0.476057 0.349641 0.479506 0.349351
0 0.662440 0.167312 0.662550 0.163785 0.665637 0.160478 0.670707 0.159706 0.675507 0.160724 0.677983 0.166100 0.676550 0.170950 0.672030 0.173485 0.666679 0.173503 0.663389 0.171341 0.662440 0.167312
