4 0.158955 0.220798 0.159442 0.217632 0.163826 0.214709 0.170888 0.216414 0.172106 0.222015 0.170888 0.227860 0.161877 0.226886 0.160416 0.223964 0.158955 0.220798
0 0.528209 0.297659 0.526564 0.295117 0.526415 0.292127 0.530153 0.288838 0.532993 0.288987 0.537628 0.291380 0.537628 0.294669 0.536283 0.299603 0.532993 0.300051 0.528209 0.297659
4 0.573897 0.306805 0.575232 0.303370 0.578476 0.300126 0.583819 0.300317 0.585346 0.302798 0.585536 0.306423 0.583247 0.310049 0.578476 0.311957 0.575423 0.310049 0.573897 0.306996 0.573897 0.306805
4 0.582387 0.314107 0.583396 0.311720 0.585875 0.309334 0.592300 0.311078 0.592850 0.312822 0.591933 0.316218 0.586150 0.319155 0.583580 0.317686 0.582295 0.316769 0.582387 0.314107
0 0.593309 0.316677 0.597532 0.316401 0.599367 0.319063 0.599551 0.322000 0.598266 0.325396 0.594227 0.326957 0.592391 0.326681 0.590189 0.324662 0.589638 0.321817 0.590005 0.318696 0.593309 0.316677
0 0.615456 0.378570 0.630556 0.369559 0.629582 0.367611 0.660024 0.347641 0.675367 0.367367 0.629338 0.401950 0.615456 0.378570
0 0.662703 0.326697 0.684621 0.356895 0.684377 0.358113 0.687787 0.365663 0.677802 0.373699 0.675367 0.367367 0.648578 0.332785 0.660024 0.325479 0.662703 0.326697
0 0.679359 0.322152 0.686421 0.316551 0.695432 0.309732 0.727336 0.353812 0.719055 0.359414 0.710044 0.366963 0.679359 0.322152
0 0.673740 0.308074 0.672595 0.304639 0.673167 0.301777 0.676411 0.301013 0.682136 0.303494 0.681945 0.306929 0.679083 0.310936 0.673740 0.308074
0 0.675457 0.319713 0.675457 0.317614 0.675839 0.314561 0.679274 0.312844 0.683853 0.313989 0.684807 0.318187 0.683853 0.321049 0.681563 0.321431 0.675648 0.319523 0.675457 0.319713
0 0.683277 0.311474 0.684331 0.308780 0.685269 0.307609 0.686909 0.307257 0.690189 0.307374 0.691477 0.309600 0.692297 0.312997 0.691243 0.316746 0.686421 0.316551 0.683853 0.313989 0.683277 0.311474
4 0.664460 0.554845 0.665032 0.550456 0.669230 0.548548 0.676100 0.551410 0.676481 0.558661 0.671139 0.561905 0.664460 0.559806 0.664460 0.554845
0 0.661849 0.453567 0.679595 0.443645 0.676351 0.437730 0.682267 0.434676 0.679214 0.430288 0.691808 0.422655 0.695242 0.427425 0.706500 0.421892 0.716423 0.433913 0.718522 0.433913 0.721193 0.437157 0.722338 0.442882 0.731307 0.458910 0.703829 0.474557 0.693907 0.460055 0.673107 0.472077 0.661849 0.453567
0 0.721318 0.400434 0.721629 0.397015 0.724426 0.395461 0.729400 0.395461 0.731575 0.399191 0.732197 0.402610 0.731886 0.405097 0.726602 0.407272 0.724426 0.406340 0.722562 0.404786 0.721318 0.400434
0 0.729400 0.395461 0.730954 0.388623 0.736238 0.388001 0.740900 0.393285 0.740900 0.398569 0.739657 0.400123 0.737481 0.400434 0.735927 0.399813 0.729400 0.395461
0 0.759999 0.407400 0.759236 0.404919 0.759236 0.399958 0.759618 0.397859 0.768777 0.399195 0.771257 0.404347 0.769158 0.411025 0.766487 0.411979 0.764388 0.411789 0.759999 0.407400
0 0.735210 0.448408 0.735592 0.446500 0.736737 0.444019 0.739599 0.442874 0.741698 0.442492 0.743988 0.439439 0.747423 0.439439 0.749140 0.442111 0.750285 0.444973 0.750285 0.448026 0.745515 0.448980 0.745324 0.448789 0.744179 0.448980 0.742843 0.450507 0.741507 0.451652 0.739599 0.451843 0.738454 0.451270 0.737119 0.450125 0.735210 0.448408
0 0.756010 0.434287 0.756582 0.431043 0.759063 0.429708 0.760208 0.429708 0.761162 0.429898 0.762688 0.427990 0.763833 0.426464 0.767459 0.426082 0.768794 0.422075 0.772611 0.423411 0.775091 0.427418 0.775282 0.430662 0.773946 0.432952 0.771657 0.432952 0.769558 0.433715 0.766123 0.436959 0.763451 0.438485 0.761352 0.440012 0.760017 0.440966 0.757536 0.439630 0.756391 0.436577 0.756010 0.434287
0 0.807197 0.355119 0.804400 0.351700 0.803156 0.347660 0.805021 0.342997 0.811238 0.341754 0.815589 0.346416 0.816833 0.352944 0.813724 0.355430 0.807197 0.354187 0.807197 0.355119
0 0.798805 0.371904 0.806886 0.366309 0.803467 0.360403 0.825225 0.349214 0.844496 0.381228 0.851334 0.393040 0.857861 0.389310 0.871226 0.414175 0.853820 0.422568 0.848226 0.430027 0.826468 0.395526 0.817765 0.401432 0.798805 0.371904
0 0.798805 0.371904 0.817765 0.401432 0.811549 0.403607 0.796008 0.374701 0.798805 0.371904
0 0.915826 0.403679 0.940423 0.386632 0.958688 0.413421 0.936039 0.428764 0.934822 0.433147 0.915826 0.403679
0 0.934822 0.433147 0.936039 0.428764 0.958688 0.413421 0.957471 0.419266 0.934822 0.433147
0 0.919966 0.390528 0.918992 0.386632 0.918992 0.383709 0.918261 0.380543 0.918261 0.373481 0.920696 0.371289 0.924106 0.371289 0.926785 0.372994 0.928003 0.379813 0.926785 0.381761 0.926541 0.389798 0.926541 0.390041 0.924349 0.390772 0.919966 0.390528
0 0.959662 0.438992 0.972813 0.429738 0.981337 0.440453 0.966969 0.449708 0.959662 0.438992
0 0.998762 0.390179 0.993950 0.394169 0.993707 0.397092 0.989567 0.400501 0.967161 0.365432 0.978851 0.353742 0.990054 0.350089 0.998762 0.364264 0.998762 0.390179
0 0.923965 0.279216 0.934222 0.273311 0.935154 0.272689 0.934533 0.269581 0.947898 0.262121 0.947898 0.260256 0.954736 0.254661 0.956601 0.257148 0.957223 0.256216 0.962507 0.260256 0.969655 0.253729 0.988616 0.282946 0.979602 0.288541 0.973385 0.295068 0.980534 0.302217 0.961574 0.314650 0.969345 0.326461 0.954425 0.335475 0.943236 0.318691 0.935465 0.316515 0.931735 0.312164 0.931735 0.305947 0.935465 0.307190 0.923965 0.279216
0 0.959356 0.236148 0.964117 0.232475 0.967246 0.237372 0.962485 0.240637 0.959356 0.236148
0 0.979732 0.424226 0.986504 0.417975 0.991886 0.425788 0.982684 0.431518 0.979732 0.424226
