4 0.311581 0.442981 0.312006 0.447915 0.309913 0.450756 0.305876 0.451653 0.302736 0.450307 0.300942 0.446869 0.301190 0.443885 0.303783 0.441337 0.307969 0.440739 0.311581 0.442981
0 0.621750 0.556870 0.628905 0.546905 0.660066 0.564126 0.662643 0.559206 0.701659 0.581274 0.699645 0.584439 0.718799 0.597051 0.711653 0.607946 0.693378 0.597051 0.692207 0.598223 0.654252 0.576551 0.651660 0.578973 0.636068 0.569862 0.638554 0.565422 0.621750 0.556870
0 0.743003 0.552580 0.755779 0.526957 0.746214 0.518354 0.754089 0.509035 0.762214 0.515074 0.758098 0.520129 0.762539 0.525658 0.773720 0.534439 0.789268 0.546106 0.777988 0.567073 0.758009 0.556469 0.754820 0.560935 0.743003 0.552580
1 0.641887 0.484549 0.655301 0.465415 0.672901 0.477188 0.659453 0.496586 0.653024 0.492699 0.653028 0.490606 0.641887 0.484549
0 0.824534 0.603539 0.824942 0.607033 0.824420 0.610196 0.822429 0.612305 0.819734 0.613125 0.816103 0.612187 0.814346 0.608087 0.814931 0.604807 0.817731 0.601161 0.822039 0.601161 0.824534 0.603539
2 0.705290 0.468607 0.669661 0.446090 0.694174 0.414451 0.718972 0.428703 0.708711 0.443809 0.720397 0.450650 0.705290 0.468607
0 0.630550 0.588866 0.625336 0.589126 0.624294 0.579481 0.630029 0.578699 0.630550 0.588866
4 0.687568 0.385447 0.691852 0.381984 0.693599 0.383548 0.695326 0.386307 0.695688 0.388727 0.694121 0.391369 0.693265 0.394314 0.688421 0.393268 0.687082 0.390848 0.686561 0.389544 0.686561 0.387610 0.687568 0.385447
4 0.893321 0.828997 0.899638 0.833530 0.896888 0.836811 0.891391 0.832808 0.893321 0.828997
4 0.901324 0.810563 0.904152 0.807562 0.909933 0.812028 0.907057 0.815893 0.901324 0.810563
4 0.910219 0.795493 0.912033 0.792891 0.917095 0.796665 0.914663 0.799538 0.910219 0.795493
4 0.833270 0.812619 0.837615 0.805957 0.840222 0.807985 0.835877 0.814358 0.833270 0.812619
4 0.824580 0.837822 0.829215 0.832318 0.832401 0.834925 0.827766 0.840718 0.824580 0.837822
