0 0.063684 0.820333 0.061748 0.834840 0.061172 0.840410 0.035910 0.837991 0.038263 0.817873 0.063684 0.820333
0 0.031820 0.841654 0.058998 0.844231 0.055367 0.879140 0.026549 0.876212 0.031820 0.841654
0 0.126885 0.837609 0.138834 0.838429 0.138421 0.846080 0.135203 0.846044 0.134944 0.849823 0.126065 0.849089 0.126885 0.837609
0 0.175043 0.864530 0.200743 0.869836 0.198540 0.882283 0.172602 0.876647 0.175043 0.864530
3 0.169819 0.850082 0.174052 0.832338 0.194052 0.837485 0.189632 0.855767 0.169819 0.850082
1 0.191028 0.942549 0.170046 0.941291 0.171422 0.920188 0.169313 0.919953 0.169899 0.910582 0.181730 0.911636 0.181262 0.917259 0.185479 0.917962 0.185830 0.912222 0.200128 0.913586 0.199419 0.922531 0.195554 0.922413 0.195436 0.926396 0.199068 0.926748 0.198482 0.937291 0.191453 0.936822 0.191028 0.942549
0 0.113502 0.898126 0.121351 0.898595 0.120968 0.906160 0.113145 0.905808 0.113502 0.898126
0 0.019233 0.903838 0.019013 0.891708 0.029171 0.891565 0.029464 0.895911 0.032486 0.895752 0.032592 0.899411 0.029994 0.899464 0.030095 0.903636 0.019233 0.903838
0 0.037598 0.905427 0.038653 0.895298 0.046606 0.896240 0.045763 0.906578 0.037598 0.905427
4 0.058173 0.875070 0.058568 0.860691 0.068174 0.860926 0.067822 0.875217 0.058173 0.875070
4 0.045346 0.810960 0.056134 0.811104 0.056278 0.816210 0.045490 0.816139 0.045346 0.810960
4 0.062966 0.797656 0.068719 0.797728 0.068719 0.804716 0.066646 0.804447 0.066578 0.805971 0.062706 0.805892 0.062966 0.797656
1 0.174891 0.812739 0.180932 0.804972 0.188051 0.810581 0.182298 0.817989 0.174891 0.812739
1 0.142194 0.816074 0.150466 0.816021 0.150466 0.821854 0.147603 0.824505 0.147762 0.829595 0.142035 0.829701 0.142194 0.816074
1 0.177468 0.818487 0.182173 0.818404 0.182329 0.823099 0.177551 0.823224 0.177468 0.818487
1 0.100308 0.831439 0.098730 0.849696 0.090898 0.849246 0.092532 0.830932 0.100308 0.831439
4 0.084044 0.864447 0.075828 0.865189 0.075290 0.860225 0.083593 0.859677 0.084044 0.864447
4 0.083593 0.859677 0.075290 0.860225 0.074674 0.855065 0.083027 0.853780 0.083593 0.859677
1 0.184955 0.964591 0.196460 0.965403 0.196121 0.974945 0.203565 0.975554 0.203159 0.982659 0.183534 0.981509 0.184955 0.964591
0 0.200069 0.877397 0.203674 0.877662 0.203621 0.883070 0.200069 0.883123 0.200069 0.877397
