0 0.796911 0.661478 0.785441 0.677278 0.778413 0.673352 0.803647 0.633846 0.817007 0.642524 0.802391 0.664903 0.796911 0.661478
0 0.771152 0.705066 0.759832 0.697862 0.776159 0.678793 0.787803 0.685184 0.771152 0.705066
0 0.928909 0.678906 0.898329 0.723484 0.888561 0.715942 0.879616 0.710810 0.910754 0.666803 0.920231 0.671827 0.928909 0.678906
0 0.983981 0.695983 0.949130 0.674763 0.950524 0.671510 0.932557 0.661132 0.940611 0.648586 0.994146 0.679071 0.988673 0.685542 0.983981 0.695983
0 0.896826 0.636847 0.900481 0.630478 0.896373 0.628310 0.898771 0.624314 0.903567 0.627054 0.906994 0.622088 0.919939 0.629338 0.911058 0.644453 0.896826 0.636847
0 0.998750 0.585275 0.985397 0.603270 0.969643 0.593239 0.957975 0.586452 0.998750 0.528640 0.998750 0.585275
0 0.899911 0.756750 0.882901 0.768843 0.870017 0.753187 0.887519 0.740331 0.899911 0.756750
0 0.903589 0.802384 0.876870 0.820995 0.868992 0.809806 0.864281 0.812181 0.848254 0.789974 0.844345 0.791719 0.838858 0.784045 0.857327 0.772814 0.865349 0.781646 0.885107 0.768968 0.890346 0.773411 0.899778 0.786649 0.896852 0.788796 0.904845 0.800329 0.903589 0.802384
0 0.762020 0.653788 0.749628 0.644030 0.773946 0.612587 0.786802 0.621261 0.762020 0.653788
0 0.881158 0.644481 0.883936 0.646248 0.884806 0.648574 0.884450 0.651816 0.882252 0.654690 0.879452 0.654912 0.877263 0.654576 0.875918 0.653651 0.875019 0.650860 0.875295 0.647301 0.877351 0.645331 0.881158 0.644481
4 0.873217 0.646838 0.874817 0.649773 0.874723 0.653659 0.873339 0.655266 0.870077 0.656295 0.867272 0.655953 0.865364 0.653516 0.864690 0.651214 0.865785 0.648437 0.869259 0.646249 0.873217 0.646838
0 0.985397 0.603270 0.981529 0.605354 0.960876 0.592683 0.957975 0.586452 0.969643 0.593239 0.985397 0.603270
0 0.885712 0.651059 0.888229 0.649469 0.890878 0.649778 0.893439 0.651500 0.893880 0.654547 0.891982 0.657858 0.888626 0.658697 0.885756 0.657416 0.884388 0.654282 0.885712 0.651059
0 0.892559 0.659201 0.893928 0.657524 0.896047 0.656155 0.899402 0.657170 0.900948 0.658362 0.901566 0.661188 0.899623 0.663440 0.895605 0.664499 0.892912 0.662248 0.892559 0.659201
0 0.901225 0.663448 0.902682 0.661417 0.905994 0.661329 0.907760 0.664199 0.907142 0.668172 0.903919 0.669188 0.901402 0.666936 0.901225 0.663448
0 0.839798 0.661810 0.842108 0.662825 0.843122 0.665642 0.841375 0.667727 0.838671 0.668403 0.836642 0.666431 0.837037 0.662881 0.839798 0.661810
0 0.752820 0.712135 0.758501 0.705734 0.763320 0.709330 0.757998 0.715515 0.752820 0.712135
0 0.761481 0.686471 0.762311 0.684638 0.764317 0.683669 0.766360 0.684590 0.767670 0.687556 0.765359 0.689443 0.762103 0.688893 0.761481 0.686471
0 0.874771 0.701140 0.878534 0.701599 0.880920 0.704261 0.880737 0.708024 0.877983 0.710594 0.874495 0.711236 0.871375 0.708483 0.871466 0.703710 0.874771 0.701140
0 0.868404 0.747407 0.869420 0.745464 0.871053 0.744757 0.873217 0.745331 0.874056 0.748069 0.871981 0.750011 0.869905 0.749967 0.868404 0.747407
0 0.823532 0.817204 0.832625 0.807658 0.838499 0.812614 0.829479 0.822619 0.823532 0.817204
0 0.859589 0.819167 0.865673 0.816903 0.867924 0.821387 0.861902 0.823932 0.859589 0.819167
0 0.991717 0.674790 0.993689 0.671860 0.996450 0.671183 0.998704 0.672648 0.998704 0.675748 0.996225 0.677494 0.993633 0.677156 0.991717 0.674790
