0 0.361098 0.480037 0.364517 0.439319 0.387829 0.442116 0.384801 0.482903 0.361098 0.480037
0 0.367467 0.485214 0.369326 0.483274 0.372498 0.483095 0.374507 0.484324 0.376096 0.485967 0.376325 0.488209 0.375159 0.490325 0.373318 0.491086 0.370741 0.490964 0.368573 0.489910 0.367350 0.487506 0.367467 0.485214
4 0.396284 0.997410 0.394999 0.996033 0.394540 0.994657 0.394632 0.993739 0.397018 0.992178 0.399129 0.992545 0.400414 0.994748 0.399313 0.997135 0.396284 0.997410
4 0.404148 0.998984 0.405035 0.983459 0.418068 0.984071 0.426634 0.984285 0.426597 0.986454 0.433292 0.986761 0.433319 0.998983 0.404148 0.998984
0 0.461908 0.462089 0.463093 0.447046 0.472903 0.447932 0.471822 0.462215 0.461908 0.462089
4 0.713150 0.651307 0.710599 0.649335 0.708952 0.646288 0.710005 0.643638 0.712981 0.642734 0.716338 0.642324 0.718797 0.644062 0.719490 0.646755 0.718395 0.649738 0.716493 0.651476 0.713150 0.651307
4 0.714846 0.610832 0.713843 0.607955 0.714133 0.605383 0.716210 0.603729 0.720804 0.603920 0.723476 0.606019 0.723476 0.609835 0.720995 0.611553 0.717942 0.611553 0.714846 0.610832
4 0.717806 0.568542 0.718527 0.566026 0.720194 0.564244 0.723086 0.564174 0.725609 0.565820 0.727376 0.568937 0.724704 0.572181 0.720895 0.573129 0.718753 0.571411 0.717806 0.568542
4 0.723062 0.526368 0.728579 0.524905 0.733750 0.527321 0.734061 0.533227 0.730240 0.536427 0.724737 0.535403 0.722978 0.531743 0.723062 0.526368
4 0.729776 0.475203 0.731397 0.473381 0.734453 0.472435 0.737610 0.474442 0.738755 0.477877 0.737142 0.482370 0.731875 0.482462 0.729580 0.479599 0.729776 0.475203
4 0.733234 0.441798 0.737356 0.440619 0.739833 0.442929 0.740899 0.445490 0.739100 0.449436 0.735148 0.449679 0.732703 0.447338 0.732022 0.444493 0.733234 0.441798
0 0.505073 0.490648 0.498805 0.491141 0.498175 0.489750 0.499523 0.488099 0.498437 0.485774 0.499415 0.482320 0.500589 0.477453 0.501044 0.472457 0.500696 0.468460 0.501087 0.461790 0.500804 0.457227 0.501912 0.450493 0.502759 0.444603 0.504280 0.440953 0.504280 0.437608 0.504671 0.434413 0.504780 0.431524 0.505497 0.428787 0.505497 0.426353 0.506105 0.423616 0.505909 0.420247 0.506713 0.417228 0.509451 0.415099 0.512797 0.415708 0.514926 0.418141 0.514622 0.424224 0.512492 0.428178 0.512492 0.430612 0.512188 0.433958 0.510972 0.442170 0.508538 0.457378 0.505073 0.490648
