0 0.585397 0.826850 0.590075 0.816529 0.600387 0.820425 0.595600 0.830810 0.585397 0.826850
0 0.598360 0.848217 0.602906 0.840202 0.610086 0.844359 0.605436 0.852259 0.598360 0.848217
0 0.693636 0.820523 0.702723 0.807478 0.726783 0.822720 0.717209 0.836378 0.693636 0.820523
0 0.695543 0.772838 0.705691 0.778539 0.700477 0.786008 0.702133 0.786955 0.686969 0.810716 0.674445 0.802610 0.695543 0.772838
0 0.591961 0.715399 0.600778 0.704314 0.609596 0.710864 0.601660 0.722453 0.591961 0.715399
0 0.736827 0.750189 0.744385 0.750315 0.745393 0.775131 0.737331 0.774753 0.736827 0.750189
0 0.653582 0.758546 0.680293 0.720836 0.698179 0.732882 0.672175 0.770854 0.653582 0.758546
0 0.735917 0.796472 0.742467 0.796724 0.742341 0.804911 0.735747 0.804929 0.735917 0.796472
0 0.675860 0.780321 0.680223 0.774731 0.686333 0.778830 0.682002 0.784707 0.675860 0.780321
0 0.603865 0.858345 0.607854 0.851514 0.613480 0.854969 0.609955 0.861398 0.603865 0.858345
0 0.690431 0.717007 0.691916 0.718520 0.692382 0.721373 0.690539 0.723752 0.687785 0.724578 0.685583 0.723385 0.684389 0.720447 0.685215 0.718061 0.687694 0.716409 0.690431 0.717007
0 0.698054 0.721322 0.699539 0.722835 0.700006 0.725688 0.698162 0.728067 0.695409 0.728893 0.693206 0.727700 0.692013 0.724762 0.692839 0.722376 0.695317 0.720724 0.698054 0.721322
