0 0.940574 0.631997 0.980346 0.753321 0.909156 0.777051 0.869049 0.655727 0.905146 0.643695 0.940574 0.631997
0 0.825812 0.672486 0.827449 0.670470 0.831102 0.670092 0.836645 0.670344 0.841179 0.674627 0.840424 0.682059 0.837274 0.685964 0.831732 0.687602 0.827701 0.684704 0.825308 0.677776 0.825812 0.672486
0 0.839164 0.686972 0.841809 0.687098 0.847730 0.691381 0.848234 0.698687 0.842943 0.703473 0.835763 0.703725 0.832110 0.701584 0.830850 0.695915 0.831984 0.689617 0.839164 0.686972
0 0.831486 0.707056 0.841690 0.707056 0.845846 0.711968 0.847232 0.717511 0.845972 0.723557 0.838792 0.727336 0.832494 0.727966 0.826700 0.722927 0.824936 0.716125 0.824256 0.710892 0.827455 0.707811 0.831486 0.707056
0 0.966169 0.776425 0.981283 0.816481 0.880682 0.850238 0.866978 0.809463 0.966169 0.776425
0 0.985352 0.753332 0.987523 0.750963 0.990978 0.750667 0.994926 0.753134 0.995814 0.758859 0.992853 0.761820 0.988510 0.761820 0.985549 0.758464 0.985352 0.753332
0 0.988510 0.761820 0.991471 0.763004 0.995320 0.765866 0.995222 0.770110 0.992359 0.773367 0.989596 0.773071 0.984266 0.771887 0.982490 0.769222 0.982490 0.765965 0.983970 0.762511 0.988510 0.761820
0 0.986635 0.772677 0.992359 0.773367 0.995123 0.777809 0.992458 0.782842 0.988510 0.784125 0.985845 0.783632 0.982786 0.780572 0.982095 0.776723 0.983477 0.774650 0.986635 0.772677
0 0.985845 0.783632 0.988510 0.784125 0.990574 0.784527 0.993358 0.787311 0.992430 0.792260 0.989646 0.794271 0.985548 0.794425 0.981758 0.792106 0.980985 0.789399 0.982300 0.784914 0.985845 0.783632
0 0.984337 0.796037 0.986730 0.795281 0.990383 0.796918 0.991391 0.800193 0.990005 0.805610 0.987108 0.806492 0.982447 0.805484 0.979802 0.802209 0.980432 0.797422 0.984337 0.796037
