0 0.033384 0.037222 0.042432 0.036139 0.044907 0.050910 0.035240 0.051761 0.033384 0.037222
0 0.342179 0.087960 0.357924 0.064783 0.375056 0.074104 0.358932 0.098290 0.342179 0.087960
0 0.325358 0.104884 0.337737 0.092183 0.355422 0.107777 0.343981 0.120387 0.325358 0.104884
0 0.325358 0.104884 0.340538 0.118832 0.341997 0.121217 0.334194 0.130191 0.331657 0.127850 0.317109 0.144025 0.303000 0.130295 0.325358 0.104884
0 -0.000000 0.012804 0.024224 0.009003 0.024602 0.017317 -0.000000 0.019866 -0.000000 0.012804
0 -0.000000 0.023113 0.024980 0.018576 0.028255 0.040494 0.029389 0.047423 0.008171 0.050455 0.008277 0.051831 -0.000000 0.053091 -0.000000 0.023113
0 0.126211 0.140873 0.132572 0.132050 0.147551 0.139026 0.142421 0.150106 0.126211 0.140873
0 0.165645 0.160138 0.172321 0.150438 0.181139 0.156233 0.175471 0.165680 0.165645 0.160138
0 0.185044 0.157619 0.189075 0.150942 0.205324 0.159886 0.200916 0.166562 0.185044 0.157619
0 0.215985 0.190609 0.225218 0.179734 0.255175 0.196970 0.245942 0.209075 0.215985 0.190609
0 0.291704 0.187760 0.309067 0.161072 0.329163 0.173291 0.313247 0.199657 0.291704 0.187760
0 0.301771 0.254724 0.315929 0.224152 0.353068 0.240772 0.339731 0.270729 0.301771 0.254724
0 0.371472 0.122205 0.387227 0.136514 0.376938 0.146964 0.385298 0.156288 0.377260 0.164648 0.354456 0.141114 0.361344 0.133137 0.371472 0.122205
0 0.416065 0.138225 0.431864 0.148074 0.410935 0.179262 0.393495 0.168798 0.416065 0.138225
0 0.031815 0.011383 0.033433 0.015280 0.032183 0.018809 0.025933 0.019030 0.025639 0.010648 0.030565 0.010427 0.031815 0.011383
0 0.188559 0.175414 0.175744 0.167150 0.182810 0.156012 0.195625 0.163916 0.188559 0.175414
0 0.253550 0.178247 0.252232 0.173576 0.254268 0.168785 0.258700 0.165432 0.264688 0.166030 0.267443 0.162198 0.272233 0.160761 0.273072 0.156928 0.278461 0.151179 0.284928 0.156090 0.283611 0.160880 0.278222 0.164114 0.274868 0.173576 0.267323 0.174893 0.262293 0.181361 0.256903 0.181959 0.253550 0.178247
0 0.307399 0.136656 0.313986 0.142045 0.313147 0.144920 0.310034 0.146237 0.305722 0.147195 0.303327 0.141327 0.304165 0.138093 0.307399 0.136656
