0 0.888844 0.687302 0.902238 0.696556 0.889818 0.715065 0.876423 0.705810 0.888844 0.687302
1 0.773477 0.716346 0.777975 0.710380 0.780636 0.712491 0.789540 0.700284 0.786878 0.698264 0.791834 0.691747 0.804868 0.701752 0.797342 0.712583 0.788163 0.726076 0.773477 0.716346
1 0.859825 0.780241 0.852002 0.793408 0.827768 0.778906 0.831584 0.772799 0.835019 0.775089 0.837309 0.772036 0.839980 0.767457 0.823188 0.757725 0.834828 0.737880 0.837690 0.739979 0.841103 0.734516 0.885013 0.759442 0.883677 0.762686 0.893218 0.768029 0.879458 0.792694 0.859825 0.780241
0 0.958818 0.757131 0.975414 0.766251 0.952688 0.811553 0.936092 0.801685 0.958818 0.757131
0 0.941313 0.807676 0.949418 0.812974 0.945873 0.817878 0.937828 0.812987 0.941313 0.807676
0 0.949712 0.628113 0.967354 0.638279 0.966158 0.640073 0.988883 0.653828 0.979464 0.668032 0.968251 0.660556 0.958533 0.674610 0.931770 0.659211 0.943133 0.643064 0.940591 0.640971 0.949712 0.628113
0 0.928567 0.788720 0.937654 0.793310 0.932606 0.802856 0.923703 0.798083 0.928567 0.788720
0 -0.000000 0.965394 -0.000000 0.945072 0.015684 0.954570 0.006917 0.969182 -0.000000 0.965394
2 0.159758 0.934488 0.177550 0.946748 0.169327 0.957214 0.150937 0.947496 0.159758 0.934488
0 0.177849 0.961998 0.168878 0.984275 0.166336 0.983229 0.163197 0.989807 0.150787 0.983079 0.153927 0.977398 0.153291 0.977100 0.167832 0.957598 0.177849 0.961998
0 0.167373 0.957393 0.152842 0.976895 0.143611 0.972614 0.155721 0.952280 0.167373 0.957393
0 0.157705 0.991459 0.159517 0.993144 0.160727 0.995497 0.158838 0.998308 0.157322 0.998988 0.154773 0.998989 0.152565 0.998526 0.151922 0.995406 0.152381 0.992285 0.155168 0.991513 0.157705 0.991459
0 0.944240 0.820482 0.944762 0.819960 0.946016 0.819020 0.947582 0.818811 0.949044 0.819751 0.949357 0.821213 0.949253 0.822258 0.948626 0.823093 0.948000 0.823406 0.946955 0.823720 0.946120 0.823615 0.945598 0.823615 0.944867 0.823197 0.944554 0.822780 0.944345 0.822466 0.944136 0.821944 0.944136 0.821527 0.944240 0.820482
