3 0.311807 0.320459 0.311717 0.323085 0.288128 0.320791 0.288262 0.317939 0.311807 0.320459
3 0.311992 0.314641 0.311807 0.320459 0.288262 0.317939 0.288587 0.311153 0.311992 0.314641
2 0.292038 0.404922 0.302724 0.401105 0.305395 0.414081 0.295664 0.417134 0.292038 0.404922
4 0.292038 0.404922 0.289558 0.401296 0.300434 0.398815 0.302724 0.401105 0.292038 0.404922
3 0.287494 0.423239 0.304589 0.426969 0.301170 0.449970 0.285008 0.446240 0.287494 0.423239
0 0.324171 0.424793 0.339091 0.426969 0.336604 0.462403 0.321374 0.459916 0.324171 0.424793
0 0.418251 0.486493 0.431418 0.487638 0.429891 0.506529 0.410428 0.503476 0.412527 0.483440 0.412909 0.482677 0.414244 0.482105 0.416343 0.482105 0.416725 0.482868 0.418251 0.486493
1 0.314518 0.424098 0.321459 0.424517 0.320696 0.445507 0.313636 0.444935 0.314518 0.424098
0 0.419507 0.392261 0.442643 0.393479 0.441426 0.432689 0.431684 0.433176 0.416751 0.432291 0.419507 0.392261
0 0.407751 0.432969 0.408696 0.430753 0.410969 0.430404 0.413864 0.430920 0.416029 0.433760 0.415519 0.436547 0.412765 0.437549 0.410276 0.437529 0.407863 0.435731 0.407751 0.432969
0 0.448868 0.560648 0.453601 0.512057 0.457642 0.512057 0.457953 0.508327 0.487792 0.510814 0.487481 0.514544 0.489346 0.517652 0.489346 0.522936 0.492454 0.522936 0.494008 0.523558 0.494940 0.528531 0.494940 0.529774 0.487481 0.531328 0.484372 0.564586 0.471318 0.563654 0.448868 0.560648
0 0.457679 0.561799 0.465015 0.563022 0.465374 0.567265 0.464439 0.569279 0.462138 0.569638 0.458830 0.569423 0.457392 0.567769 0.456529 0.565971 0.457679 0.561799
0 0.496402 0.526727 0.498944 0.525531 0.502831 0.526877 0.504027 0.529418 0.503429 0.531212 0.501187 0.532857 0.498197 0.533006 0.496402 0.531810 0.494940 0.529774 0.496402 0.526727
0 0.502285 0.460842 0.508036 0.462669 0.505693 0.469652 0.499738 0.467691 0.502285 0.460842
2 0.319567 0.351516 0.340334 0.354543 0.340012 0.364605 0.334647 0.363983 0.333795 0.379985 0.317595 0.378431 0.319567 0.351516
0 0.417937 0.442802 0.415120 0.441876 0.414671 0.439225 0.415519 0.436547 0.417630 0.434831 0.420296 0.435127 0.421678 0.437237 0.421966 0.439955 0.420631 0.442436 0.417937 0.442802
