0 0.693665 0.930666 0.701297 0.935818 0.693283 0.946885 0.699771 0.950511 0.694809 0.957571 0.681643 0.948794 0.693665 0.930666
0 0.689848 0.907577 0.708358 0.881626 0.713128 0.884488 0.717708 0.877428 0.745949 0.894601 0.725150 0.927231 0.689848 0.907577
0 0.680689 0.917881 0.685078 0.911966 0.692520 0.917881 0.687749 0.922270 0.680689 0.917881
0 0.691900 0.887666 0.699632 0.877474 0.705958 0.881457 0.698109 0.891883 0.691900 0.887666
0 0.686237 0.825601 0.695248 0.812937 0.723255 0.830471 0.715218 0.844109 0.686237 0.825601
0 0.622212 0.785896 0.637478 0.762807 0.652934 0.770821 0.638050 0.794482 0.631562 0.789330 0.622212 0.785896
4 0.540696 0.705796 0.538752 0.705198 0.535463 0.702507 0.537406 0.698769 0.539798 0.696078 0.543387 0.695181 0.546227 0.698022 0.547274 0.702507 0.544284 0.704600 0.540696 0.705796
4 0.546676 0.709534 0.547424 0.707292 0.548321 0.705946 0.550862 0.703554 0.554002 0.702806 0.555647 0.703554 0.557142 0.706843 0.557590 0.709534 0.556245 0.711328 0.553852 0.712674 0.551460 0.712823 0.549068 0.712524 0.546676 0.709534
0 0.517711 0.833529 0.528626 0.817233 0.547165 0.828895 0.535503 0.846686 0.517711 0.833529
0 0.552996 0.878532 0.580506 0.830988 0.594410 0.838314 0.567050 0.886307 0.552996 0.878532
0 0.607198 0.888662 0.622149 0.863993 0.635007 0.871618 0.620804 0.896437 0.607198 0.888662
0 0.622897 0.861451 0.636203 0.839772 0.650108 0.848294 0.636054 0.870273 0.622897 0.861451
0 0.620654 0.830204 0.631569 0.811963 0.650407 0.823775 0.640539 0.840221 0.620654 0.830204
1 0.652650 0.823177 0.661620 0.828410 0.650498 0.847510 0.640975 0.840861 0.652650 0.823177
4 0.929305 0.916787 0.933073 0.917970 0.934877 0.921182 0.934144 0.925746 0.932341 0.927211 0.927100 0.927268 0.924565 0.922929 0.925241 0.918421 0.929305 0.916787
4 0.711874 0.808513 0.714444 0.809247 0.716555 0.811267 0.716922 0.814755 0.714077 0.817233 0.709854 0.816682 0.707376 0.813378 0.709028 0.808789 0.711874 0.808513
0 0.678006 0.808142 0.679880 0.810016 0.679412 0.812476 0.676718 0.813882 0.673672 0.813296 0.672500 0.810367 0.673789 0.807439 0.678006 0.808142
0 0.677917 0.804795 0.678593 0.802541 0.680453 0.801301 0.682819 0.801752 0.684059 0.803612 0.683946 0.806260 0.681298 0.808119 0.679044 0.806992 0.677917 0.804795
