0 0.856938 0.820925 0.862870 0.824336 0.865095 0.829230 0.864650 0.833827 0.862870 0.838128 0.860942 0.840946 0.855752 0.841391 0.847002 0.839018 0.844184 0.834569 0.843294 0.829971 0.844332 0.827153 0.846260 0.824187 0.849819 0.821666 0.852489 0.821221 0.856938 0.820925
0 0.998723 0.900771 0.979130 0.909123 0.967394 0.883192 0.990297 0.873917 0.990943 0.873427 0.998723 0.890758 0.998723 0.900771
0 0.962160 0.885730 0.965868 0.886916 0.967648 0.889289 0.966906 0.892404 0.962605 0.892849 0.960529 0.891069 0.959936 0.887658 0.962160 0.885730
0 0.963940 0.894628 0.970317 0.895666 0.971504 0.897150 0.971355 0.900264 0.969724 0.901747 0.967055 0.902637 0.963644 0.900116 0.962902 0.898188 0.963940 0.894628
0 0.968241 0.905455 0.974766 0.904861 0.975360 0.907828 0.974618 0.910942 0.971949 0.911683 0.969576 0.911980 0.967648 0.910645 0.967055 0.908569 0.968241 0.905455
0 0.894971 0.800925 0.901039 0.799418 0.905568 0.813852 0.899330 0.815940 0.894971 0.800925
0 0.820405 0.720404 0.829510 0.720950 0.830511 0.713302 0.860375 0.717035 0.852772 0.771578 0.864797 0.772811 0.860480 0.797254 0.800050 0.788227 0.801219 0.775929 0.801635 0.772932 0.802208 0.768186 0.812074 0.769111 0.820405 0.720404
0 0.824942 0.711357 0.829403 0.712540 0.830314 0.717001 0.828948 0.718913 0.826034 0.720370 0.822939 0.719096 0.821573 0.717366 0.821391 0.714452 0.822484 0.711903 0.824942 0.711357
0 0.781926 0.695056 0.788782 0.695173 0.789297 0.715216 0.783496 0.715043 0.781926 0.695056
0 0.741038 0.688882 0.747777 0.687719 0.750101 0.694343 0.742664 0.695970 0.741038 0.688882
0 0.929485 0.835021 0.931561 0.838729 0.924443 0.840064 0.923553 0.835911 0.929485 0.835021
0 0.800803 0.782589 0.799637 0.784254 0.797140 0.784837 0.793810 0.784254 0.792478 0.782256 0.792478 0.780008 0.793477 0.778427 0.795558 0.777761 0.797722 0.777594 0.799387 0.778593 0.800470 0.780008 0.800803 0.782589
0 0.797722 0.777594 0.796307 0.776678 0.793976 0.775679 0.792809 0.773514 0.793976 0.771101 0.795558 0.770934 0.798388 0.770435 0.799387 0.770351 0.800886 0.771017 0.801385 0.771600 0.801635 0.772932 0.801219 0.775929 0.800719 0.776595 0.797722 0.777594
