0 0.962850 0.027633 0.961896 0.027442 0.960942 0.025343 0.960560 0.022862 0.961705 0.021145 0.963041 0.019809 0.964758 0.019427 0.967239 0.019427 0.968193 0.020191 0.970292 0.021908 0.970483 0.023625 0.970483 0.026297 0.968956 0.027442 0.966666 0.028587 0.964567 0.028968 0.963422 0.028587 0.962850 0.027633
0 0.998759 0.132126 0.955408 0.122851 0.960369 0.099762 0.998759 0.107710 0.998759 0.132126
0 0.972050 0.173366 0.953362 0.170376 0.954558 0.162153 0.973695 0.165293 0.972050 0.173366
0 0.892835 0.388951 0.905255 0.407460 0.882119 0.423777 0.869699 0.403077 0.892835 0.388951
0 0.740137 0.368981 0.762299 0.353639 0.774232 0.371417 0.783000 0.367033 0.791280 0.379210 0.760838 0.399911 0.740137 0.368981
0 0.762786 0.350473 0.754749 0.339270 0.772040 0.328798 0.779346 0.339757 0.762786 0.350473
0 0.826408 0.375061 0.877551 0.351681 0.885588 0.367024 0.873168 0.373112 0.871219 0.369459 0.833958 0.387238 0.826408 0.375061
0 0.912864 0.320021 0.860504 0.333172 0.857094 0.319534 0.910916 0.306140 0.912864 0.320021
0 0.792640 0.225021 0.810418 0.220394 0.816263 0.239633 0.797997 0.244991 0.792640 0.225021
0 0.816993 0.271293 0.833067 0.319757 0.810418 0.327063 0.794101 0.273972 0.810174 0.267884 0.811879 0.273241 0.816993 0.271293
0 0.741740 0.211779 0.756353 0.212266 0.756109 0.221277 0.740766 0.220059 0.741740 0.211779
