0 0.598759 0.672302 0.684241 0.657447 0.688381 0.679852 0.602900 0.694708 0.598759 0.672302
0 0.605819 0.710421 0.690161 0.694965 0.694168 0.718435 0.609254 0.732556 0.605819 0.710421
0 0.611935 0.747579 0.696658 0.732886 0.700475 0.756166 0.615179 0.770096 0.611935 0.747579
0 0.618057 0.786003 0.702808 0.770660 0.705730 0.794040 0.620492 0.807922 0.618057 0.786003
0 0.624389 0.824969 0.709384 0.807922 0.713767 0.831545 0.628042 0.845913 0.624389 0.824969
0 0.630721 0.860282 0.715472 0.846157 0.719125 0.868562 0.635105 0.883905 0.630721 0.860282
0 0.720770 0.858301 0.768929 0.850419 0.771389 0.846670 0.798216 0.841633 0.801730 0.861665 0.721518 0.875047 0.719574 0.866824 0.722265 0.866226 0.720770 0.858301
0 0.763348 0.823298 0.760295 0.799446 0.841011 0.786279 0.845018 0.809750 0.763348 0.823298
0 0.753780 0.761562 0.835609 0.747924 0.839262 0.771303 0.756946 0.783967 0.753780 0.761562
0 0.746474 0.723570 0.831712 0.709201 0.835609 0.733068 0.749640 0.746463 0.746474 0.723570
0 0.740142 0.686065 0.823919 0.671697 0.827816 0.695320 0.744039 0.708958 0.740142 0.686065
0 0.734541 0.648804 0.819292 0.634436 0.823432 0.657572 0.737951 0.671453 0.734541 0.648804
0 0.817787 0.832854 0.830790 0.830629 0.831844 0.835197 0.818841 0.837189 0.817787 0.832854
0 0.599972 0.689668 0.600798 0.690769 0.601349 0.694165 0.599789 0.696460 0.596760 0.697194 0.594557 0.695083 0.594557 0.691228 0.596760 0.689117 0.599972 0.689668
0 0.604187 0.727040 0.607033 0.727866 0.607400 0.731079 0.606023 0.733557 0.602902 0.732915 0.601801 0.730436 0.602168 0.727315 0.604187 0.727040
0 0.612190 0.766199 0.614160 0.768720 0.613400 0.771479 0.610433 0.772759 0.608559 0.770767 0.608325 0.768190 0.610082 0.766550 0.612190 0.766199
0 0.617516 0.803500 0.619038 0.804458 0.619714 0.807107 0.619038 0.809417 0.617066 0.810375 0.614868 0.808966 0.614530 0.806318 0.615488 0.804402 0.617516 0.803500
0 0.625193 0.841960 0.626871 0.843019 0.627047 0.845403 0.626164 0.848052 0.622323 0.848406 0.620733 0.846816 0.620645 0.844300 0.621749 0.842092 0.625193 0.841960
0 0.630462 0.879362 0.632489 0.879827 0.634211 0.881946 0.633593 0.884992 0.630767 0.885920 0.627633 0.885787 0.626800 0.882686 0.627194 0.879925 0.630462 0.879362
0 0.828224 0.651596 0.829785 0.653431 0.830427 0.655542 0.828408 0.657286 0.826022 0.657011 0.824645 0.654992 0.825563 0.652514 0.828224 0.651596
0 0.835039 0.686634 0.837382 0.690852 0.836327 0.694249 0.832462 0.694600 0.829650 0.693077 0.829533 0.689329 0.831524 0.686869 0.835039 0.686634
0 0.837265 0.728455 0.839139 0.726698 0.842419 0.726815 0.844059 0.729744 0.843122 0.732204 0.839490 0.733258 0.837265 0.731267 0.837265 0.728455
0 0.843620 0.766932 0.847357 0.765885 0.849451 0.767680 0.848404 0.770371 0.846460 0.771268 0.844218 0.770072 0.843620 0.766932
0 0.849738 0.803572 0.853476 0.804469 0.854224 0.806413 0.852728 0.808656 0.849589 0.808506 0.848542 0.806562 0.849738 0.803572
