4 0.274859 -0.000000 0.307090 -0.000000 0.306940 0.007924 0.274497 0.006130 0.274859 -0.000000
0 0.273766 0.032421 0.294618 0.024807 0.300241 0.040036 0.278920 0.047650 0.273766 0.032421
0 0.375976 0.013487 0.392590 0.014129 0.391856 0.035791 0.375426 0.035148 0.375976 0.013487
0 0.423644 0.017014 0.434199 0.017014 0.434291 0.026101 0.423827 0.026101 0.423644 0.017014
0 0.436861 0.018575 0.446590 0.018208 0.446682 0.025183 0.437044 0.025367 0.436861 0.018575
0 0.444879 0.061081 0.443825 0.088844 0.408096 0.086619 0.408320 0.081973 0.408334 0.081974 0.410820 0.059111 0.444879 0.061081
0 0.410907 0.049249 0.410508 0.057715 0.410480 0.057712 0.407861 0.081787 0.395092 0.081113 0.397201 0.048781 0.410907 0.049249
0 0.268791 0.109869 0.284020 0.110454 0.283669 0.123809 0.293509 0.124160 0.293509 0.125566 0.302178 0.125918 0.302221 0.137523 0.301241 0.147004 0.282263 0.146418 0.281912 0.150284 0.263520 0.149581 0.266331 0.109634 0.268791 0.109869
0 0.274344 0.168167 0.323897 0.171447 0.322257 0.196633 0.272938 0.192650 0.274344 0.168167
0 0.338540 0.163950 0.352363 0.164067 0.351894 0.181287 0.337603 0.181170 0.338540 0.163950
4 0.331271 0.190064 0.337603 0.181170 0.346370 0.188116 0.340038 0.197370 0.331271 0.190064
0 0.367188 0.103888 0.394708 0.105837 0.392760 0.123615 0.366945 0.121423 0.367188 0.103888
0 0.436093 0.094521 0.444914 0.095269 0.443718 0.107529 0.434598 0.106632 0.436093 0.094521
0 0.478423 0.088725 0.491543 0.088140 0.492246 0.110749 0.478189 0.111334 0.477720 0.095988 0.475260 0.096106 0.475026 0.090951 0.478306 0.090951 0.478423 0.088725
0 0.540596 0.088213 0.540446 0.088289 0.546240 0.100498 0.546184 0.100520 0.547230 0.104108 0.532130 0.108892 0.533625 0.113378 0.523906 0.116667 0.522561 0.113228 0.508656 0.118013 0.507311 0.115022 0.500583 0.117564 0.494154 0.098427 0.500732 0.096333 0.499536 0.093941 0.537960 0.081382 0.540596 0.088213
0 0.595652 -0.000000 0.609944 -0.000000 0.610412 0.011706 0.645697 0.012902 0.645547 0.015443 0.644500 0.045645 0.606973 0.043252 0.606674 0.040711 0.597255 0.039216 0.596657 0.019779 0.590079 0.020377 0.589481 0.006323 0.596209 0.005875 0.595652 -0.000000
0 0.735261 0.022424 0.733855 0.049368 0.730575 0.049134 0.729521 0.070220 0.714995 0.069283 0.715112 0.067057 0.688285 0.065534 0.689770 0.026185 0.702118 0.026185 0.703564 0.020928 0.735261 0.022424
0 0.828935 -0.000000 0.886371 -0.000000 0.877456 0.004193 0.879799 0.011808 0.837510 0.025162 0.836690 0.022702 0.823686 0.026685 0.819469 0.013448 0.831770 0.009113 0.828935 -0.000000
0 0.943436 0.084192 0.961059 0.078777 0.961977 0.081439 0.970972 0.078777 0.972900 0.085294 0.975378 0.084376 0.984006 0.115216 0.953992 0.124487 0.941876 0.084468 0.943436 0.084192
0 0.929467 0.121777 0.943525 0.122245 0.943525 0.144269 0.949265 0.144503 0.948562 0.164418 0.927242 0.163715 0.929467 0.121777
0 0.998753 0.184431 0.973185 0.184878 0.972717 0.163323 0.998753 0.162764 0.998753 0.184431
0 0.865645 0.217337 0.890129 0.216986 0.890480 0.232332 0.885443 0.232566 0.885794 0.249786 0.887317 0.249669 0.887669 0.256112 0.883452 0.256229 0.883452 0.250958 0.865880 0.251075 0.865528 0.222491 0.865645 0.217337
0 0.356150 0.506056 0.415206 0.511962 0.411166 0.550503 0.351488 0.544287 0.356150 0.506056
0 0.377908 0.474041 0.379151 0.455392 0.413030 0.456324 0.412720 0.475285 0.377908 0.474041
0 0.350555 0.470933 0.349623 0.466271 0.352109 0.461919 0.355218 0.458500 0.361123 0.458500 0.365785 0.460365 0.368272 0.464717 0.368272 0.470622 0.363921 0.474663 0.356772 0.475595 0.350555 0.470933
0 0.337501 0.473730 0.347447 0.470622 0.349934 0.478393 0.339987 0.481812 0.337501 0.473730
0 0.285864 0.290561 0.316364 0.282786 0.321597 0.305063 0.292293 0.312389 0.285864 0.290561
0 0.329521 0.304017 0.344622 0.299830 0.347612 0.312539 0.332212 0.316575 0.329521 0.304017
0 0.252146 0.292786 0.268301 0.285718 0.274083 0.300313 0.258112 0.307197 0.252146 0.292786
0 0.261049 0.308114 0.273532 0.303250 0.276745 0.311878 0.264629 0.316467 0.261049 0.308114
0 0.472252 0.242818 0.487801 0.242070 0.488847 0.263450 0.473896 0.264198 0.472252 0.242818
0 0.491838 0.223232 0.525777 0.211570 0.533402 0.234744 0.498865 0.246257 0.491838 0.223232
0 0.282538 0.012260 0.284696 0.010462 0.288507 0.010462 0.290305 0.012548 0.289154 0.015640 0.288363 0.017654 0.284552 0.017295 0.283041 0.015209 0.282538 0.012260
0 0.366534 0.128852 0.368003 0.125915 0.369196 0.124447 0.372317 0.124447 0.374887 0.125823 0.374978 0.128852 0.372684 0.130963 0.369104 0.131331 0.366534 0.128852
0 0.954227 0.125192 0.965568 0.121500 0.967496 0.121959 0.968597 0.124437 0.969423 0.126365 0.969607 0.129026 0.967128 0.130770 0.965017 0.131321 0.962447 0.130862 0.961346 0.129944 0.956481 0.131596 0.954227 0.125192
0 0.931742 0.166327 0.931834 0.165317 0.935046 0.165593 0.936882 0.166786 0.938351 0.168989 0.938443 0.171650 0.934129 0.172752 0.931191 0.170824 0.930457 0.168163 0.931742 0.166327
0 0.678898 0.013014 0.689710 0.014189 0.689770 0.026185 0.678898 0.025471 0.678898 0.013014
