4 -0.000000 0.010726 -0.000000 -0.000000 0.012516 -0.000000 0.013247 0.010483 -0.000000 0.010726
0 -0.000000 0.010726 0.008974 0.010880 0.009325 0.014395 0.013543 0.014043 0.015066 0.028804 0.012254 0.028804 0.013191 0.044501 -0.000000 0.045438 -0.000000 0.010726
0 0.013543 0.014043 0.028069 0.013575 0.028772 0.029507 0.015066 0.028804 0.013543 0.014043
4 0.034127 -0.000000 0.056625 -0.000000 0.056015 0.004979 0.044951 0.007072 0.040914 0.009912 0.035980 0.009015 0.034127 -0.000000
0 0.031346 0.019033 0.049436 0.011557 0.056463 0.028153 0.060949 0.026209 0.065883 0.040712 0.044054 0.050878 0.031346 0.019033
0 0.093525 -0.000000 0.110508 -0.000000 0.112829 0.006025 0.128378 0.000942 0.139591 0.027704 0.100719 0.041908 0.090701 0.017238 0.098177 0.014846 0.093525 -0.000000
4 0.110508 -0.000000 0.127955 -0.000000 0.128378 0.000942 0.112829 0.006025 0.110508 -0.000000
4 0.130150 0.001337 0.134740 -0.000000 0.137769 -0.000000 0.139329 0.006844 0.133088 0.008864 0.130150 0.001337
4 0.144942 -0.000000 0.153794 -0.000000 0.153866 0.007977 0.144781 0.008193 0.144942 -0.000000
4 0.172757 -0.000000 0.172665 0.001289 0.163395 0.004134 0.160672 -0.000000 0.164405 -0.000000 0.172757 -0.000000
0 0.054736 0.118550 0.089847 0.116260 0.092518 0.134960 0.056263 0.137631 0.055309 0.123702 0.054736 0.118550
0 0.055309 0.123702 0.056263 0.137631 0.092518 0.134960 0.092709 0.144692 0.065040 0.147172 0.065040 0.141639 0.045577 0.142784 0.045004 0.123893 0.055309 0.123702
0 0.047662 0.153050 0.061716 0.152303 0.063211 0.168600 0.048858 0.169347 0.047662 0.153050
0 0.014912 0.173760 0.028517 0.171517 0.030461 0.179890 0.017005 0.181983 0.014912 0.173760
0 0.003997 0.187216 0.018799 0.183927 0.030461 0.185123 0.031657 0.205606 0.018051 0.206951 0.006539 0.209493 0.003997 0.187216
0 0.049200 0.215745 0.067889 0.215595 0.068188 0.226958 0.064301 0.226958 0.064749 0.240564 0.050546 0.241311 0.049200 0.215745
0 0.010178 0.247890 0.017504 0.244451 0.023634 0.245198 0.024830 0.247591 0.038585 0.246096 0.042921 0.273306 0.037987 0.272708 0.038286 0.275848 0.020943 0.277343 0.020195 0.275699 0.013467 0.276895 0.013168 0.256860 0.011374 0.256711 0.011823 0.252674 0.009879 0.252225 0.010178 0.247890
0 0.069244 0.251774 0.098996 0.251325 0.101837 0.276443 0.071636 0.280031 0.069244 0.251774
0 0.074776 0.250279 0.074028 0.237869 0.098099 0.236972 0.098697 0.249531 0.074776 0.250279
0 0.119139 0.245718 0.124970 0.245718 0.123325 0.225833 0.145602 0.225534 0.146649 0.255137 0.135735 0.256632 0.136333 0.261566 0.121232 0.261118 0.119139 0.245718
0 0.154378 0.226457 0.163164 0.226925 0.163281 0.239109 0.156018 0.239577 0.154378 0.226457
0 0.109289 0.208223 0.119784 0.208223 0.119593 0.217574 0.110053 0.217383 0.109289 0.208223
0 0.133385 0.210273 0.141937 0.209804 0.142288 0.219762 0.133268 0.219645 0.133385 0.210273
0 0.134171 0.152739 0.149628 0.152548 0.150391 0.166859 0.135889 0.167050 0.134171 0.152739
0 0.135889 0.167050 0.150391 0.166859 0.149628 0.183842 0.136080 0.184033 0.135889 0.167050
0 0.150391 0.166859 0.155734 0.167050 0.159741 0.189948 0.150963 0.191666 0.149628 0.183842 0.150391 0.166859
0 0.131948 0.186736 0.138557 0.186368 0.139383 0.193528 0.132774 0.193252 0.131948 0.186736
0 0.140209 0.186460 0.146817 0.186093 0.147093 0.191967 0.141035 0.191876 0.140209 0.186460
0 0.099089 0.151798 0.106469 0.148869 0.111377 0.149276 0.115021 0.149806 0.115723 0.165270 0.114201 0.165153 0.114552 0.171127 0.110686 0.170776 0.111038 0.173821 0.101900 0.173353 0.100026 0.166090 0.099089 0.151798
0 0.099089 0.151798 0.097332 0.151095 0.097214 0.135163 0.110686 0.133758 0.111377 0.149276 0.106469 0.148869 0.099089 0.151798
0 0.097338 0.133916 0.096610 0.123373 0.109052 0.122670 0.110107 0.132628 0.097338 0.133916
0 0.136707 0.105581 0.152256 0.105581 0.151807 0.122327 0.137454 0.122476 0.136707 0.105581
0 0.164705 0.099980 0.158981 0.092347 0.159935 0.074792 0.188176 0.075746 0.188366 0.069640 0.202678 0.070212 0.203059 0.090821 0.167567 0.091012 0.166995 0.099026 0.164705 0.099980
0 0.166995 0.099026 0.167567 0.091012 0.203059 0.090821 0.203059 0.096927 0.178458 0.098185 0.166995 0.099026
0 0.164705 0.099980 0.166995 0.099026 0.178458 0.098185 0.180925 0.122306 0.175009 0.121352 0.166613 0.122497 0.164705 0.099980
0 0.166753 0.123545 0.174739 0.123178 0.175473 0.134376 0.167304 0.134926 0.166753 0.123545
0 0.158435 0.152541 0.178350 0.149495 0.180927 0.164490 0.159841 0.166481 0.158435 0.152541
0 0.162182 0.170473 0.167923 0.169887 0.169563 0.181719 0.164174 0.182070 0.162182 0.170473
0 0.183435 0.197026 0.208050 0.196263 0.209195 0.212483 0.184961 0.214582 0.183435 0.197026
0 0.184961 0.214582 0.200203 0.214454 0.200386 0.217574 0.204425 0.217299 0.204425 0.214270 0.212248 0.213818 0.214920 0.233473 0.212058 0.233473 0.212821 0.239197 0.188396 0.239579 0.186870 0.235762 0.186106 0.228320 0.191449 0.225267 0.191258 0.222596 0.185916 0.227176 0.184961 0.214582
0 0.218854 0.220836 0.215266 0.190037 0.226479 0.188243 0.228273 0.194522 0.237244 0.195270 0.237991 0.200353 0.234403 0.201101 0.234702 0.220238 0.218854 0.220836
0 0.236197 0.201699 0.258325 0.200951 0.259072 0.220537 0.237543 0.220537 0.236197 0.201699
0 0.237543 0.220537 0.259072 0.220537 0.258624 0.225471 0.237692 0.225919 0.237543 0.220537
0 0.279815 0.183496 0.304812 0.181397 0.306148 0.204867 0.283249 0.207539 0.281150 0.191892 0.286493 0.190938 0.286112 0.186931 0.280769 0.187694 0.279815 0.183496
0 0.287638 0.164032 0.301950 0.161933 0.303667 0.181015 0.281914 0.182733 0.281114 0.176542 0.288401 0.175672 0.287638 0.164032
0 0.265674 0.177964 0.263683 0.156878 0.272703 0.155121 0.274343 0.164492 0.278560 0.163672 0.279849 0.175270 0.265674 0.177964
0 0.241739 0.151153 0.239640 0.136079 0.258913 0.134171 0.261012 0.149245 0.241739 0.151153
0 0.232460 0.145018 0.239958 0.144550 0.241715 0.153570 0.233983 0.154624 0.232460 0.145018
0 0.210322 0.124284 0.207459 0.096616 0.221771 0.095280 0.224824 0.123330 0.210322 0.124284
0 0.258625 0.103139 0.256908 0.085775 0.269120 0.084821 0.270456 0.101994 0.258625 0.103139
0 0.219126 0.081386 0.217790 0.067075 0.232292 0.065930 0.231720 0.060396 0.247939 0.059633 0.248130 0.080050 0.219126 0.081386
0 0.249183 0.026637 0.270857 0.026637 0.271832 0.039544 0.291802 0.039544 0.293506 0.057566 0.253079 0.058540 0.249183 0.026637
0 0.016263 0.365769 0.064441 0.361107 0.065684 0.385972 0.033048 0.389702 0.037710 0.421095 0.022169 0.423582 0.016263 0.365769
0 0.046258 0.507212 0.043968 0.483933 0.071827 0.480880 0.074690 0.503968 0.046258 0.507212
0 0.084843 0.466907 0.109840 0.465571 0.112702 0.486370 0.099536 0.487133 0.099918 0.491331 0.086179 0.492476 0.084843 0.466907
0 0.086179 0.492476 0.076256 0.493239 0.073966 0.463281 0.084461 0.463472 0.084843 0.466907 0.086179 0.492476
0 0.142592 0.428275 0.167589 0.426176 0.168543 0.446975 0.145073 0.449074 0.142592 0.428275
0 0.105373 0.385496 0.102320 0.352675 0.118730 0.351912 0.121211 0.383969 0.105373 0.385496
0 0.117967 0.333212 0.154222 0.322144 0.156321 0.326724 0.165099 0.322908 0.170632 0.333402 0.164526 0.335692 0.168724 0.349622 0.129988 0.363933 0.117967 0.333212
0 0.185295 0.309477 0.221825 0.296569 0.228888 0.315078 0.192357 0.328960 0.185295 0.309477
0 0.176597 0.341702 0.191862 0.339985 0.191862 0.359639 0.178123 0.360975 0.176597 0.341702
0 0.158488 0.375078 0.179097 0.374315 0.179478 0.386145 0.158107 0.387290 0.158488 0.375078
0 0.244163 0.402415 0.286907 0.395354 0.289578 0.415581 0.276226 0.417199 0.246644 0.421306 0.244163 0.402415
0 0.276226 0.417199 0.289578 0.415581 0.290151 0.427221 0.276793 0.427221 0.276226 0.417199
0 0.256480 0.385722 0.254481 0.364042 0.282812 0.356336 0.284911 0.387248 0.271363 0.387821 0.271554 0.384004 0.256480 0.385722
0 0.271363 0.387821 0.284911 0.387248 0.286010 0.395388 0.271438 0.397581 0.271363 0.387821
0 0.235818 0.352381 0.248761 0.350975 0.250309 0.363636 0.237506 0.366169 0.235818 0.352381
0 0.296321 0.379285 0.308890 0.378028 0.309249 0.386826 0.320920 0.386287 0.322895 0.410169 0.298116 0.411426 0.296321 0.379285
0 0.282136 0.334934 0.315174 0.327392 0.320022 0.342655 0.286625 0.350735 0.282136 0.334934
0 0.318227 0.312130 0.303323 0.314105 0.303323 0.306564 0.296859 0.307282 0.294705 0.290044 0.290575 0.290044 0.288779 0.274962 0.315174 0.271191 0.318227 0.312130
0 0.290575 0.290044 0.294705 0.290044 0.296859 0.307282 0.303323 0.306564 0.303323 0.314105 0.288779 0.315542 0.286086 0.290224 0.290575 0.290044
0 0.276496 0.286237 0.285134 0.284855 0.287206 0.302993 0.278569 0.304548 0.276496 0.286237
0 0.101292 0.607913 0.100215 0.590496 0.094110 0.590496 0.092315 0.564999 0.100933 0.564999 0.100574 0.562126 0.116196 0.560869 0.117812 0.575772 0.123917 0.575593 0.125892 0.604502 0.118889 0.604861 0.119069 0.607015 0.101292 0.607913
0 0.125533 0.553148 0.155698 0.550634 0.157853 0.565897 0.150850 0.566256 0.149953 0.586546 0.134331 0.586905 0.134152 0.583852 0.126610 0.583673 0.125533 0.553148
0 0.155698 0.550634 0.159110 0.551173 0.163060 0.586187 0.152466 0.587444 0.149953 0.586546 0.150850 0.566256 0.157853 0.565897 0.155698 0.550634
0 0.135918 0.591240 0.152519 0.589833 0.152660 0.598133 0.136903 0.598696 0.135918 0.591240
0 0.161290 0.544304 0.175835 0.544484 0.180683 0.541251 0.186967 0.544124 0.202230 0.543227 0.201870 0.538917 0.212285 0.538558 0.214260 0.554000 0.211387 0.555975 0.210489 0.563517 0.198279 0.564594 0.199357 0.574829 0.177451 0.576624 0.175835 0.567287 0.163086 0.568365 0.161290 0.544304
0 0.218197 0.518406 0.259218 0.516802 0.261052 0.542010 0.218885 0.542927 0.218197 0.518406
0 0.262656 0.512906 0.298864 0.511073 0.299781 0.536510 0.263572 0.538802 0.262656 0.512906
0 0.316739 0.512219 0.339656 0.510156 0.343093 0.557364 0.308031 0.559885 0.307343 0.538573 0.319260 0.538114 0.318572 0.526427 0.316739 0.512219
0 0.318572 0.526427 0.319260 0.538114 0.307343 0.538573 0.307114 0.526198 0.318572 0.526427
0 0.263343 0.570656 0.279614 0.569739 0.282135 0.589448 0.266552 0.591739 0.263343 0.570656
0 0.272239 0.594907 0.274490 0.593359 0.278288 0.592937 0.279976 0.595892 0.281805 0.599690 0.278429 0.603489 0.273927 0.603489 0.273083 0.601660 0.271676 0.598283 0.272239 0.594907
0 0.267174 0.596454 0.269706 0.597861 0.270550 0.600534 0.270269 0.603067 0.266752 0.604896 0.263516 0.604192 0.262109 0.602504 0.260280 0.600112 0.262109 0.597721 0.264079 0.596454 0.267174 0.596454
0 0.325513 0.585541 0.347598 0.585541 0.348137 0.596673 0.331079 0.596494 0.330540 0.593082 0.326410 0.593082 0.325513 0.585541
0 0.325333 0.613193 0.345623 0.612115 0.353344 0.664367 0.342391 0.665444 0.336825 0.665803 0.338261 0.672447 0.331977 0.672626 0.331797 0.668137 0.327667 0.668137 0.326231 0.655389 0.328924 0.655389 0.325333 0.613193
0 0.310430 0.585002 0.317792 0.585361 0.317971 0.593262 0.326410 0.593082 0.330540 0.593082 0.331079 0.596494 0.331797 0.603138 0.326949 0.604394 0.326769 0.599546 0.317073 0.600624 0.317253 0.605113 0.310609 0.605651 0.310430 0.585002
0 0.252847 0.634886 0.265680 0.633052 0.264076 0.626636 0.280576 0.625490 0.288368 0.675219 0.279201 0.676594 0.271638 0.674302 0.258347 0.679344 0.252847 0.634886
0 0.271015 0.611533 0.282973 0.611251 0.284099 0.620677 0.271577 0.621381 0.271015 0.611533
0 0.233592 0.611111 0.240063 0.609563 0.247379 0.609422 0.247520 0.625179 0.241470 0.624476 0.235702 0.626586 0.233592 0.611111
0 0.206157 0.641499 0.216709 0.640514 0.217694 0.652192 0.207424 0.653036 0.206157 0.641499
0 0.142412 0.717079 0.141334 0.683501 0.162702 0.683322 0.166293 0.708998 0.154801 0.709358 0.155879 0.716540 0.150133 0.714565 0.142412 0.717079
0 0.097522 0.729648 0.094649 0.694813 0.128945 0.693736 0.130202 0.726595 0.097522 0.729648
0 -0.000000 0.643325 0.009871 0.642352 0.011334 0.668675 -0.000000 0.669959 -0.000000 0.643325
0 -0.000000 0.687280 0.007142 0.691331 0.005167 0.693845 0.022943 0.704259 0.019531 0.710005 -0.000000 0.698334 -0.000000 0.687280
0 0.019531 0.710005 0.015222 0.718983 0.014144 0.721317 0.019352 0.723831 -0.000000 0.756543 -0.000000 0.698334 0.019531 0.710005
0 0.054725 0.702105 0.057059 0.699232 0.055981 0.695102 0.066396 0.694922 0.066396 0.699950 0.073578 0.701207 0.073937 0.731911 0.065678 0.728859 0.056520 0.734425 0.054725 0.702105
0 0.056520 0.734425 0.065678 0.728859 0.073937 0.731911 0.071634 0.745914 0.062467 0.746372 0.060634 0.737893 0.056520 0.734425
0 0.131110 0.616479 0.150131 0.609833 0.152193 0.613500 0.162506 0.610062 0.165256 0.619687 0.155173 0.622896 0.135006 0.630687 0.131110 0.616479
0 0.092935 0.632382 0.107838 0.631664 0.107479 0.644592 0.093474 0.646567 0.092935 0.632382
0 0.130822 0.632562 0.141057 0.631664 0.141775 0.638667 0.132079 0.640283 0.130822 0.632562
0 0.119342 0.618649 0.128319 0.617392 0.128679 0.627268 0.120060 0.628884 0.119342 0.618649
4 -0.000000 0.916698 0.002391 0.916210 0.004905 0.929138 -0.000000 0.930628 -0.000000 0.916698
0 -0.000000 0.975605 0.013344 0.972052 0.016037 0.996292 0.004363 0.998991 -0.000000 0.998991 -0.000000 0.975605
0 0.077839 0.952281 0.093743 0.951197 0.093461 0.943318 0.120473 0.943178 0.123146 0.969627 0.116393 0.969768 0.117238 0.985103 0.113017 0.986228 0.113246 0.990308 0.082538 0.992371 0.081621 0.980154 0.079788 0.965100 0.077839 0.952281
0 0.079788 0.965100 0.081621 0.980154 0.065700 0.981046 0.063729 0.967095 0.079788 0.965100
0 0.054716 0.925858 0.082523 0.923640 0.085396 0.942314 0.080728 0.942673 0.081510 0.948522 0.073101 0.949020 0.072288 0.944828 0.058219 0.946340 0.054716 0.925858
0 0.160730 0.962869 0.179522 0.958973 0.188001 0.966078 0.185251 0.977078 0.167147 0.979598 0.161876 0.972723 0.160730 0.962869
0 0.212039 0.950258 0.223463 0.949675 0.234296 0.949253 0.240769 0.948822 0.241846 0.968160 0.242564 0.977012 0.225686 0.976653 0.213538 0.977121 0.212039 0.950258
0 0.240769 0.948822 0.251236 0.947625 0.255007 0.967377 0.241846 0.968160 0.240769 0.948822
0 0.223463 0.949675 0.223181 0.938420 0.233733 0.937435 0.234296 0.949253 0.223463 0.949675
0 0.185025 0.947165 0.179128 0.920770 0.190440 0.917717 0.196305 0.944112 0.185025 0.947165
0 0.205367 0.934236 0.203548 0.915742 0.215758 0.914306 0.218092 0.933159 0.205367 0.934236
0 0.189279 0.910703 0.184214 0.891992 0.196876 0.889459 0.199971 0.904232 0.192374 0.905779 0.193781 0.909859 0.189279 0.910703
0 0.204473 0.854850 0.220793 0.850067 0.224029 0.857664 0.207569 0.863713 0.204473 0.854850
0 0.186873 0.846332 0.196721 0.842955 0.199535 0.853225 0.189546 0.856883 0.186873 0.846332
0 0.181667 0.846332 0.178009 0.835639 0.196580 0.830715 0.200097 0.840704 0.181667 0.846332
0 0.178009 0.835639 0.166191 0.800889 0.193485 0.793292 0.206710 0.821571 0.203333 0.822415 0.205834 0.827995 0.196580 0.830715 0.178009 0.835639
4 0.161608 0.847882 0.169909 0.846615 0.172300 0.860403 0.164985 0.861669 0.161608 0.847882
4 0.172300 0.852243 0.177787 0.850133 0.180742 0.857167 0.174411 0.859137 0.172300 0.852243
0 0.132966 0.867859 0.153506 0.861668 0.160400 0.883475 0.139438 0.889947 0.132966 0.867859
0 0.092347 0.870844 0.081214 0.838345 0.115330 0.825057 0.121615 0.843193 0.104557 0.849657 0.109405 0.864380 0.092347 0.870844
0 0.041711 0.872820 0.050150 0.868690 0.059128 0.869588 0.065786 0.891421 0.067029 0.895623 0.056255 0.900472 0.054280 0.895264 0.049612 0.897239 0.041711 0.872820
0 0.059128 0.869588 0.059128 0.866715 0.070800 0.863842 0.079239 0.888441 0.065786 0.891421 0.059128 0.869588
0 0.062477 0.905795 0.072325 0.901012 0.075420 0.906076 0.064868 0.911141 0.062477 0.905795
0 0.259959 0.926995 0.285457 0.921429 0.289587 0.938667 0.285636 0.939205 0.288689 0.949979 0.292819 0.948722 0.296230 0.963625 0.270015 0.970269 0.259959 0.926995
0 0.316879 0.930048 0.342017 0.930227 0.345249 0.961111 0.341658 0.960932 0.341658 0.966498 0.321368 0.967396 0.316879 0.930048
0 0.269835 0.897907 0.278095 0.892700 0.285995 0.892161 0.288868 0.905807 0.274145 0.910835 0.269835 0.897907
0 0.283907 0.882009 0.318961 0.871868 0.322709 0.884435 0.302315 0.890718 0.306945 0.905709 0.300111 0.907363 0.295922 0.894686 0.288867 0.896670 0.283907 0.882009
0 0.330400 0.913982 0.344328 0.911450 0.347142 0.921157 0.332369 0.925097 0.330400 0.913982
0 0.345735 0.904797 0.362899 0.899451 0.367260 0.914083 0.350378 0.918866 0.345735 0.904797
0 0.379922 0.918203 0.408200 0.911450 0.415798 0.942120 0.398915 0.947325 0.397649 0.942823 0.387801 0.945919 0.379922 0.918203
0 0.374717 0.905541 0.389207 0.902305 0.391318 0.910465 0.377812 0.914404 0.374717 0.905541
0 0.392725 0.882327 0.402573 0.880358 0.412441 0.878325 0.414929 0.885130 0.421015 0.883991 0.422832 0.892035 0.416079 0.894005 0.417064 0.899210 0.409326 0.901039 0.407919 0.893723 0.396664 0.896256 0.392725 0.882327
0 0.257596 0.879752 0.254509 0.864980 0.292650 0.856162 0.295847 0.869059 0.257596 0.879752
0 0.297280 0.852634 0.322413 0.846130 0.326602 0.863327 0.301028 0.869279 0.297280 0.852634
0 0.356369 0.841684 0.364968 0.838928 0.367282 0.843998 0.372684 0.842124 0.375991 0.850502 0.361991 0.855463 0.356369 0.841684
0 0.348322 0.824377 0.363405 0.819556 0.362432 0.816991 0.375660 0.812251 0.387345 0.809496 0.394582 0.830948 0.382058 0.832563 0.375804 0.836009 0.376873 0.837274 0.368164 0.840471 0.366070 0.836723 0.354385 0.841022 0.348322 0.824377
0 0.367878 0.802876 0.380806 0.800182 0.384218 0.808262 0.371110 0.811853 0.367878 0.802876
0 0.348486 0.794257 0.341663 0.766605 0.353154 0.763373 0.351359 0.756729 0.365544 0.753497 0.375060 0.786895 0.348486 0.794257
0 0.304822 0.758828 0.312445 0.756691 0.314429 0.764076 0.317185 0.763746 0.319059 0.770029 0.307043 0.772675 0.304822 0.758828
0 0.316441 0.815140 0.330651 0.811904 0.332761 0.825129 0.318974 0.827521 0.316441 0.815140
0 0.273653 0.772328 0.295195 0.765453 0.298862 0.774619 0.304820 0.774390 0.307341 0.788828 0.301383 0.789515 0.311695 0.829390 0.289924 0.835119 0.273653 0.772328
0 0.231264 0.796948 0.252452 0.791561 0.251913 0.788149 0.256223 0.787790 0.255145 0.782403 0.274179 0.776478 0.280284 0.801077 0.249040 0.807721 0.249220 0.811671 0.235753 0.814006 0.231264 0.796948
0 0.249220 0.811671 0.249040 0.807721 0.280284 0.801077 0.280643 0.807721 0.251375 0.815801 0.249220 0.811671
0 0.343266 0.009730 0.369657 0.014625 0.370685 0.007963 0.382633 0.009855 0.381678 0.015961 0.375954 0.049926 0.346517 0.044782 0.349886 0.024232 0.341988 0.023403 0.343266 0.009730
0 0.381678 0.015961 0.388548 0.017297 0.383968 0.051262 0.375954 0.049926 0.381678 0.015961
0 0.386640 0.053552 0.400379 0.018632 0.436825 0.031799 0.428810 0.052407 0.412209 0.046301 0.407057 0.060803 0.386640 0.053552
0 0.441444 0.059430 0.462053 0.050270 0.484569 0.100074 0.465678 0.109233 0.458045 0.093014 0.446215 0.068970 0.441444 0.059430
0 0.446215 0.068970 0.458045 0.093014 0.450031 0.096639 0.438964 0.073168 0.446215 0.068970
4 0.501046 -0.000000 0.527913 -0.000000 0.521259 0.013291 0.501046 -0.000000
4 0.584705 -0.000000 0.616122 -0.000000 0.588163 0.009898 0.584705 -0.000000
0 0.460473 0.123615 0.489477 0.101289 0.498064 0.112929 0.493103 0.116364 0.507986 0.132965 0.496919 0.142125 0.492912 0.136209 0.490431 0.137736 0.483180 0.129340 0.471349 0.138690 0.460473 0.123615
0 0.471349 0.138690 0.483180 0.129340 0.490431 0.137736 0.479745 0.147658 0.471349 0.138690
0 0.499400 0.156054 0.519626 0.157581 0.518481 0.177426 0.499400 0.177807 0.499400 0.156054
0 0.524778 0.106060 0.556645 0.097664 0.561034 0.117700 0.550157 0.120371 0.551493 0.123997 0.562560 0.120944 0.565804 0.130103 0.551493 0.134301 0.536037 0.140216 0.524778 0.106060
0 0.551493 0.134301 0.565804 0.130103 0.569430 0.141934 0.555500 0.146513 0.551493 0.134301
0 0.560644 0.146402 0.580766 0.139899 0.584542 0.154017 0.565095 0.159687 0.560644 0.146402
0 0.584295 0.144555 0.591675 0.142564 0.594369 0.152521 0.587458 0.154396 0.584295 0.144555
0 0.578910 0.124188 0.565902 0.087109 0.611503 0.074102 0.617782 0.091445 0.592216 0.098920 0.595057 0.106396 0.608214 0.101612 0.612549 0.112376 0.578910 0.124188
0 0.598778 0.132743 0.615373 0.125716 0.611486 0.116446 0.624643 0.112708 0.632417 0.131547 0.602665 0.143657 0.598778 0.132743
0 0.624643 0.105980 0.613878 0.073686 0.629577 0.068603 0.630324 0.071593 0.644827 0.066061 0.650060 0.082208 0.635707 0.087890 0.640342 0.101346 0.624643 0.105980
0 0.647668 0.084301 0.667552 0.077125 0.670393 0.092824 0.660877 0.095682 0.652153 0.098804 0.647668 0.084301
0 0.628231 0.105831 0.638996 0.102990 0.642584 0.111213 0.631969 0.114652 0.628231 0.105831
0 0.670842 0.104635 0.683849 0.098355 0.689680 0.111811 0.675626 0.117941 0.670842 0.104635
0 0.657685 0.077125 0.654396 0.066958 0.662768 0.065314 0.664562 0.075630 0.657685 0.077125
0 0.681382 0.049697 0.721322 0.037033 0.725950 0.052620 0.712555 0.055786 0.715965 0.065527 0.722540 0.064066 0.727167 0.076486 0.693803 0.088420 0.681382 0.049697
0 0.744072 0.038911 0.759528 0.035095 0.769450 0.067534 0.755330 0.072113 0.744072 0.038911
0 0.758932 0.025713 0.793021 0.011304 0.803330 0.038130 0.778495 0.047267 0.774043 0.037778 0.764437 0.041176 0.758932 0.025713
0 0.844165 0.041204 0.856668 0.037616 0.861286 0.052063 0.848146 0.055557 0.844165 0.041204
0 0.845406 -0.000000 0.888299 -0.000000 0.859193 0.025804 0.840671 0.004275 0.845406 -0.000000
0 0.998757 0.035936 0.982299 0.037202 0.978203 0.010165 0.995008 0.008001 0.995905 0.020158 0.998757 0.020316 0.998757 0.035936
0 0.956140 0.046601 0.966444 0.046410 0.968352 0.066064 0.956521 0.066827 0.956140 0.046601
0 0.950154 0.134321 0.964847 0.133940 0.964847 0.159128 0.950726 0.159509 0.950154 0.134321
0 0.855009 0.150091 0.875953 0.150822 0.875709 0.172010 0.891539 0.172984 0.890321 0.193441 0.870838 0.191980 0.870595 0.195389 0.853304 0.193928 0.855009 0.150091
0 0.958757 0.238174 0.973831 0.237219 0.976121 0.256874 0.961428 0.258782 0.958757 0.238174
0 0.966389 0.225007 0.974404 0.224053 0.974976 0.233785 0.967534 0.234739 0.966389 0.225007
0 0.906282 0.211841 0.921166 0.211268 0.922883 0.223290 0.945972 0.224053 0.946735 0.249050 0.905328 0.250195 0.904564 0.237601 0.908190 0.237219 0.906282 0.211841
0 0.805127 0.205215 0.817912 0.204070 0.819820 0.202544 0.829361 0.201399 0.833368 0.243951 0.815813 0.245859 0.815050 0.243188 0.792915 0.245287 0.791198 0.228495 0.806654 0.227350 0.805127 0.205215
4 0.780321 0.262651 0.788335 0.261316 0.791198 0.273528 0.782611 0.275055 0.780321 0.262651
0 0.745210 0.272574 0.737578 0.232502 0.754942 0.228495 0.758949 0.246623 0.778031 0.241661 0.782420 0.260171 0.762766 0.264941 0.764101 0.267994 0.745210 0.272574
0 0.769359 0.205775 0.784731 0.204108 0.786427 0.217618 0.770398 0.219717 0.769359 0.205775
0 0.688919 0.251393 0.731853 0.249867 0.734143 0.271429 0.723076 0.272383 0.723266 0.268758 0.691591 0.271620 0.688919 0.251393
4 0.702983 0.226477 0.717158 0.224837 0.718095 0.233623 0.703100 0.233974 0.702983 0.226477
0 0.681489 0.210687 0.692403 0.210089 0.694048 0.226385 0.682685 0.227133 0.681489 0.210687
0 0.653238 0.263190 0.661461 0.262143 0.661013 0.248687 0.679253 0.246295 0.683738 0.282776 0.669535 0.283523 0.669385 0.280533 0.654285 0.281430 0.653238 0.263190
0 0.632307 0.225513 0.632755 0.206525 0.652939 0.205927 0.654434 0.225064 0.632307 0.225513
0 0.618464 0.239711 0.632012 0.238185 0.635065 0.266044 0.629340 0.273104 0.620563 0.274058 0.618464 0.239711
0 0.588505 0.289324 0.629531 0.285698 0.631058 0.309169 0.591177 0.312604 0.588505 0.289324
0 0.537557 0.244482 0.551868 0.242573 0.556257 0.272913 0.585834 0.271005 0.588505 0.289324 0.583670 0.289585 0.584404 0.297754 0.577887 0.298763 0.579723 0.315560 0.558428 0.316386 0.557602 0.300048 0.543926 0.300232 0.537557 0.244482
0 0.587837 0.267157 0.598003 0.267157 0.598003 0.283154 0.588584 0.282706 0.587837 0.267157
0 0.591607 0.170889 0.597115 0.169788 0.599409 0.177681 0.593810 0.179701 0.591607 0.170889
4 0.504762 0.246108 0.511554 0.244914 0.513665 0.258407 0.507608 0.259417 0.504762 0.246108
4 0.514883 0.217383 0.518472 0.210954 0.524004 0.213047 0.524602 0.218878 0.521611 0.221719 0.517276 0.220672 0.514883 0.217383
4 0.494445 0.207000 0.491399 0.204775 0.491399 0.201729 0.494445 0.199386 0.498077 0.198332 0.500654 0.202900 0.499248 0.205946 0.494445 0.207000
0 0.492143 0.299158 0.533742 0.295914 0.536222 0.332742 0.533551 0.335604 0.534123 0.340756 0.528780 0.344381 0.520575 0.346480 0.510271 0.344191 0.510843 0.348389 0.499776 0.350297 0.496723 0.348198 0.492143 0.299158
0 0.370482 0.347996 0.389918 0.346352 0.392011 0.372068 0.399487 0.371918 0.401131 0.388364 0.372724 0.391055 0.370482 0.347996
0 0.371056 0.209683 0.366955 0.187542 0.363558 0.187542 0.363675 0.172665 0.398936 0.170790 0.402216 0.191291 0.387104 0.191994 0.388979 0.208980 0.371056 0.209683
0 0.392727 0.155093 0.408425 0.155093 0.409362 0.166104 0.405145 0.166222 0.405731 0.170673 0.398936 0.170790 0.399170 0.167159 0.392845 0.166339 0.392727 0.155093
0 0.378150 0.142012 0.358419 0.144924 0.354221 0.103707 0.392385 0.100845 0.396583 0.128895 0.376547 0.131185 0.378150 0.142012
0 0.396583 0.128895 0.396774 0.139581 0.378150 0.142012 0.376547 0.131185 0.396583 0.128895
0 0.411276 0.136146 0.426923 0.135383 0.427686 0.149885 0.411876 0.150359 0.411276 0.136146
0 0.409749 0.153510 0.422343 0.152175 0.422916 0.160380 0.411467 0.162670 0.409749 0.153510
0 0.364680 0.071475 0.370959 0.052188 0.383369 0.056973 0.376491 0.075961 0.364680 0.071475
0 0.380903 0.467202 0.408190 0.466438 0.409525 0.494679 0.397122 0.495633 0.396550 0.492962 0.381666 0.494488 0.381284 0.485711 0.381094 0.472163 0.380903 0.467202
0 0.381094 0.472163 0.381284 0.485711 0.374224 0.486665 0.373461 0.473117 0.381094 0.472163
0 0.396226 0.505600 0.409981 0.505450 0.411476 0.517411 0.398469 0.517860 0.396226 0.505600
0 0.411476 0.517411 0.415812 0.534754 0.412672 0.536399 0.398319 0.538642 0.398469 0.517860 0.411476 0.517411
0 0.415250 0.504390 0.428370 0.502633 0.429776 0.516690 0.415250 0.517627 0.415250 0.504390
0 0.416903 0.461829 0.416140 0.448281 0.452586 0.447518 0.452777 0.460875 0.439992 0.461448 0.441137 0.475568 0.430451 0.475759 0.429879 0.462211 0.416903 0.461829
0 0.416903 0.461829 0.429879 0.462211 0.430451 0.475759 0.432359 0.492360 0.427207 0.493696 0.428370 0.502633 0.415250 0.504390 0.411942 0.473278 0.410224 0.472515 0.409843 0.462020 0.416903 0.461829
0 0.477001 0.493950 0.484177 0.493651 0.483430 0.489464 0.490457 0.488717 0.491055 0.493202 0.497932 0.491557 0.500175 0.505462 0.478795 0.508303 0.477001 0.493950
0 0.467067 0.471151 0.466156 0.451668 0.465119 0.434774 0.489779 0.433403 0.490996 0.439735 0.501956 0.437543 0.503904 0.467255 0.467067 0.471151
0 0.474428 0.532190 0.499026 0.526589 0.501461 0.540957 0.476377 0.545341 0.474428 0.532190
0 0.380034 0.573357 0.395035 0.572130 0.396983 0.593318 0.382038 0.594545 0.380034 0.573357
0 0.422555 0.561171 0.439846 0.559466 0.440333 0.572617 0.423529 0.573835 0.422555 0.561171
0 0.406725 0.619863 0.405402 0.603007 0.422311 0.601111 0.426926 0.637642 0.410865 0.639884 0.410793 0.638168 0.392883 0.639147 0.391858 0.625260 0.397902 0.624662 0.397471 0.621325 0.406725 0.619863
0 0.492329 0.594024 0.496168 0.593026 0.494381 0.586657 0.501823 0.584939 0.503731 0.592763 0.517089 0.589901 0.520774 0.603948 0.495717 0.608792 0.492329 0.594024
0 0.519868 0.555072 0.560295 0.552149 0.560782 0.576747 0.521329 0.578938 0.519868 0.555072
0 0.545683 0.497353 0.560539 0.496136 0.563948 0.530475 0.549823 0.531449 0.545683 0.497353
0 0.543004 0.484933 0.538377 0.461310 0.546901 0.456439 0.556886 0.455952 0.559565 0.484446 0.550797 0.483472 0.543004 0.484933
0 0.510354 0.450290 0.509018 0.419378 0.523902 0.418424 0.524474 0.422240 0.552334 0.418614 0.553479 0.434643 0.541107 0.435504 0.527146 0.436551 0.526001 0.449145 0.510354 0.450290
0 0.554222 0.406520 0.594103 0.400605 0.596965 0.416443 0.589141 0.417015 0.589523 0.420450 0.575212 0.421977 0.576929 0.440295 0.558038 0.442585 0.554222 0.406520
0 0.594103 0.400605 0.600972 0.400796 0.603453 0.422358 0.590095 0.424076 0.592767 0.437624 0.576929 0.440295 0.575212 0.421977 0.589523 0.420450 0.589141 0.417015 0.596965 0.416443 0.594103 0.400605
0 0.602117 0.391637 0.626351 0.390492 0.626351 0.386485 0.636464 0.385149 0.637418 0.396598 0.648104 0.395071 0.650585 0.410528 0.642761 0.410337 0.643524 0.415489 0.635128 0.415298 0.635319 0.418542 0.623679 0.420641 0.623679 0.413772 0.614902 0.414726 0.614902 0.417397 0.604788 0.418351 0.602117 0.391637
0 0.648867 0.372746 0.691801 0.370074 0.693519 0.385912 0.681116 0.387630 0.682451 0.403277 0.650966 0.406139 0.648867 0.372746
0 0.700156 0.370993 0.699202 0.354010 0.732659 0.351911 0.735165 0.372137 0.726489 0.372328 0.729542 0.398661 0.710079 0.400378 0.707407 0.370802 0.700156 0.370993
0 0.696629 0.373331 0.706235 0.372277 0.708226 0.389380 0.698152 0.390200 0.696629 0.373331
0 0.742287 0.340787 0.764265 0.339292 0.765611 0.342581 0.778020 0.341833 0.780712 0.362914 0.764116 0.364110 0.765611 0.375922 0.746324 0.378464 0.742287 0.340787
0 0.798732 0.347339 0.823539 0.338180 0.828118 0.348293 0.803503 0.357644 0.798732 0.347339
0 0.798732 0.347339 0.797418 0.348591 0.795675 0.344552 0.789433 0.346296 0.785323 0.330549 0.809572 0.323520 0.807581 0.320123 0.821521 0.315671 0.829136 0.335586 0.823539 0.338180 0.798732 0.347339
0 0.832785 0.309487 0.861790 0.306243 0.863802 0.315502 0.867133 0.329713 0.869995 0.331049 0.869804 0.335819 0.865988 0.340781 0.836411 0.345170 0.832785 0.309487
0 0.863802 0.315502 0.876339 0.313329 0.882671 0.362767 0.878044 0.365446 0.867572 0.366664 0.865988 0.340781 0.869804 0.335819 0.869995 0.331049 0.867133 0.329713 0.863802 0.315502
0 0.859566 0.378208 0.877020 0.372233 0.879129 0.379496 0.880066 0.386759 0.863432 0.391680 0.861440 0.384416 0.859566 0.378208
0 0.872854 0.399121 0.885761 0.394980 0.889171 0.408375 0.876751 0.412759 0.872854 0.399121
0 0.877867 0.415108 0.892158 0.409133 0.903990 0.444160 0.890518 0.448728 0.877867 0.415108
0 0.863678 0.469967 0.876685 0.465930 0.874891 0.461594 0.905989 0.452773 0.910923 0.467276 0.891935 0.473106 0.893580 0.478190 0.869957 0.486413 0.863678 0.469967
0 0.823437 0.427268 0.839283 0.422711 0.847089 0.445249 0.831241 0.450332 0.823437 0.427268
0 0.801079 0.465858 0.820964 0.459429 0.826197 0.472736 0.841297 0.468101 0.847577 0.485444 0.830233 0.490976 0.832027 0.494415 0.813937 0.500395 0.801079 0.465858
0 0.759113 0.511365 0.757778 0.481788 0.764075 0.481406 0.763502 0.474537 0.774760 0.474346 0.775142 0.481406 0.797086 0.479498 0.796895 0.483505 0.804337 0.482169 0.805673 0.504686 0.796514 0.504304 0.796895 0.509647 0.759113 0.511365
0 0.725244 0.477959 0.724629 0.488818 0.717650 0.490906 0.711090 0.487157 0.712379 0.478957 0.719408 0.475911 0.725244 0.477959
0 0.737331 0.478020 0.738151 0.486806 0.731239 0.490906 0.726671 0.488212 0.725127 0.488672 0.725723 0.478125 0.726085 0.478254 0.732645 0.475911 0.737331 0.478020
0 0.674777 0.513719 0.705462 0.510310 0.709846 0.544892 0.677212 0.547571 0.674777 0.513719
0 0.660539 0.499136 0.672799 0.497790 0.672052 0.487325 0.682069 0.485830 0.684162 0.510499 0.662184 0.513040 0.660539 0.499136
0 0.651860 0.529648 0.651286 0.515579 0.660821 0.515530 0.661727 0.529199 0.651860 0.529648
0 0.655268 0.538953 0.655866 0.560034 0.631645 0.563024 0.629851 0.547625 0.631794 0.547326 0.631495 0.543439 0.633738 0.543588 0.633473 0.539925 0.655268 0.538953
0 0.573861 0.552321 0.599516 0.549087 0.602598 0.548911 0.605034 0.572291 0.577514 0.574239 0.573861 0.552321
0 0.573861 0.552321 0.572293 0.551519 0.571994 0.538362 0.599205 0.537465 0.599516 0.549087 0.573861 0.552321
0 0.613990 0.521549 0.625951 0.519605 0.627296 0.535005 0.615335 0.535902 0.613990 0.521549
0 0.597198 0.515161 0.596244 0.493217 0.609983 0.491118 0.612272 0.513444 0.597198 0.515161
0 0.592977 0.481163 0.590435 0.453802 0.605237 0.452756 0.608227 0.480266 0.592977 0.481163
0 0.606433 0.451111 0.620038 0.450064 0.620935 0.458886 0.607479 0.459783 0.606433 0.451111
0 0.638416 0.448133 0.653490 0.446225 0.655398 0.465497 0.641278 0.466451 0.638416 0.448133
0 0.629327 0.475418 0.638746 0.473624 0.640091 0.481249 0.630822 0.483492 0.629327 0.475418
0 0.685076 0.408570 0.692136 0.408189 0.691564 0.404373 0.701105 0.404182 0.703013 0.424599 0.688320 0.425744 0.685076 0.408570
0 0.718457 0.420061 0.748060 0.417668 0.749106 0.432918 0.721596 0.434862 0.718457 0.420061
0 0.773319 0.393714 0.790214 0.393265 0.792457 0.414645 0.776609 0.415243 0.773319 0.393714
0 0.790513 0.374875 0.805557 0.374214 0.808385 0.396152 0.792756 0.397751 0.790513 0.374875
0 0.526001 0.449145 0.527146 0.436551 0.541107 0.435504 0.540752 0.449372 0.529303 0.450898 0.526001 0.449145
0 0.920166 0.443104 0.922456 0.441768 0.919785 0.435089 0.954132 0.424213 0.963291 0.447111 0.955277 0.449401 0.956803 0.451881 0.927227 0.461040 0.920166 0.443104
0 0.998757 0.433303 0.982564 0.439860 0.984281 0.442913 0.965959 0.446919 0.954588 0.415245 0.977984 0.406848 0.983518 0.418679 0.997829 0.413527 0.998757 0.416136 0.998757 0.433303
0 0.963253 0.357469 0.984053 0.352889 0.989586 0.369108 0.970695 0.375596 0.963253 0.357469
0 0.906306 0.439964 0.896289 0.412604 0.908549 0.407969 0.918416 0.435927 0.906306 0.439964
0 0.905442 0.961286 0.923187 0.959582 0.924892 0.972733 0.907601 0.974925 0.905442 0.961286
0 0.932452 0.957688 0.942374 0.955970 0.946954 0.970282 0.937173 0.971808 0.932452 0.957688
0 0.795102 0.998987 0.793199 0.989145 0.797588 0.984947 0.805602 0.985519 0.808464 0.992007 0.820868 0.988381 0.825919 0.998988 0.795102 0.998987
0 0.766274 0.998987 0.763813 0.992770 0.786902 0.986473 0.792198 0.998987 0.766274 0.998987
0 0.751982 0.991435 0.750483 0.976985 0.776021 0.972064 0.783167 0.971596 0.786095 0.985185 0.751982 0.991435
0 0.779191 0.971132 0.774257 0.949752 0.779341 0.947809 0.794142 0.943921 0.801169 0.942277 0.808944 0.970086 0.801917 0.969488 0.793993 0.973375 0.792498 0.968291 0.779191 0.971132
0 0.779341 0.947809 0.776799 0.940183 0.792049 0.936745 0.794142 0.943921 0.779341 0.947809
0 0.775304 0.939436 0.772463 0.929269 0.749738 0.936296 0.743907 0.913122 0.762446 0.908637 0.760801 0.904002 0.790255 0.896377 0.800721 0.932259 0.775304 0.939436
0 0.750970 0.902696 0.741959 0.875420 0.752431 0.872011 0.749996 0.862269 0.762173 0.857642 0.766069 0.871524 0.778003 0.867140 0.782630 0.885649 0.774350 0.886867 0.778003 0.895390 0.750970 0.902696
0 0.749793 0.839858 0.739870 0.807228 0.763722 0.800168 0.773836 0.832989 0.749793 0.839858
0 0.759495 0.781369 0.773454 0.777842 0.777080 0.790436 0.763722 0.794444 0.759495 0.781369
0 0.735368 0.847894 0.703692 0.856862 0.700639 0.845031 0.711325 0.842360 0.709607 0.836063 0.699112 0.838544 0.697204 0.831865 0.691289 0.834155 0.687091 0.817745 0.723919 0.806105 0.735368 0.847894
0 0.642633 0.827122 0.647976 0.822543 0.653319 0.822924 0.656563 0.825405 0.661906 0.824642 0.660570 0.820825 0.676026 0.817772 0.681178 0.831893 0.674500 0.833610 0.677553 0.842006 0.672019 0.842960 0.677171 0.858035 0.650634 0.864201 0.642633 0.827122
0 0.643966 0.867166 0.667818 0.862396 0.670681 0.874417 0.647973 0.880333 0.643966 0.867166
0 0.659733 0.888733 0.674617 0.884726 0.675953 0.888733 0.690073 0.885490 0.692172 0.892741 0.696943 0.891787 0.698469 0.896366 0.706865 0.893885 0.712208 0.910868 0.669274 0.923271 0.659733 0.888733
0 0.715824 0.914027 0.725313 0.912035 0.727187 0.920587 0.717581 0.923398 0.715824 0.914027
0 0.679990 0.965951 0.674647 0.948395 0.678845 0.947250 0.674838 0.930077 0.689913 0.925879 0.688195 0.921299 0.708994 0.916529 0.718345 0.955074 0.679990 0.965951
0 0.684325 0.971072 0.698255 0.967446 0.700926 0.975651 0.721344 0.970881 0.728158 0.998986 0.690402 0.998986 0.684325 0.971072
0 0.735790 0.966738 0.745904 0.965212 0.748575 0.980668 0.739225 0.982385 0.735790 0.966738
0 0.729298 0.903667 0.723573 0.883250 0.733114 0.881342 0.738457 0.901568 0.729298 0.903667
0 0.717415 0.902175 0.725498 0.899715 0.727841 0.907563 0.720344 0.909203 0.717415 0.902175
0 0.582995 0.998985 0.576979 0.975823 0.594173 0.970740 0.597612 0.984196 0.604938 0.982252 0.601499 0.969095 0.616899 0.965507 0.625025 0.998986 0.582995 0.998985
0 0.564452 0.998985 0.562744 0.992489 0.577521 0.989129 0.581097 0.998985 0.564452 0.998985
0 0.579619 0.968427 0.574467 0.944765 0.594694 0.939613 0.592064 0.930320 0.605189 0.927592 0.613966 0.959840 0.579619 0.968427
0 0.579619 0.968427 0.574849 0.969572 0.569697 0.945910 0.578093 0.933007 0.592064 0.930320 0.594694 0.939613 0.574467 0.944765 0.579619 0.968427
0 0.552724 0.934188 0.568572 0.930001 0.571562 0.939570 0.555564 0.944653 0.552724 0.934188
0 0.546219 0.927857 0.547742 0.925045 0.550905 0.923991 0.553365 0.925045 0.554888 0.927623 0.555239 0.929848 0.554068 0.932426 0.551725 0.933480 0.548562 0.933363 0.546687 0.931488 0.546219 0.927857
0 0.557033 0.907523 0.582118 0.901435 0.579926 0.889014 0.592346 0.885848 0.602818 0.918726 0.561660 0.928224 0.557033 0.907523
0 0.557033 0.907523 0.554240 0.894357 0.579926 0.889014 0.582118 0.901435 0.557033 0.907523
0 0.521124 0.890218 0.533534 0.887378 0.537570 0.902030 0.524413 0.905767 0.521124 0.890218
0 0.553495 0.860486 0.570287 0.856670 0.567806 0.845221 0.581927 0.841977 0.591849 0.876705 0.560174 0.885292 0.553495 0.860486
0 0.529070 0.844648 0.528498 0.819651 0.550824 0.819079 0.551014 0.815071 0.569142 0.815453 0.569715 0.826902 0.575630 0.826902 0.575439 0.840450 0.529070 0.844648
0 0.503388 0.998985 0.492641 0.961838 0.508239 0.957018 0.522633 0.998985 0.503388 0.998985
0 0.483114 0.911493 0.474632 0.881383 0.495812 0.875086 0.505353 0.904854 0.498707 0.906807 0.483114 0.911493
0 0.483114 0.911493 0.498707 0.906807 0.502417 0.919794 0.487128 0.923790 0.483114 0.911493
0 0.469989 0.871941 0.459304 0.833014 0.476477 0.828244 0.488117 0.866407 0.469989 0.871941
0 0.457586 0.831488 0.449763 0.802865 0.465791 0.799430 0.471024 0.813726 0.476477 0.828244 0.466555 0.827862 0.457586 0.831488
0 0.465791 0.799430 0.472550 0.797697 0.477130 0.812199 0.471024 0.813726 0.465791 0.799430
0 0.489724 0.778425 0.505562 0.773463 0.510905 0.794263 0.495449 0.799033 0.489724 0.778425
0 0.446467 0.789571 0.441887 0.773733 0.450092 0.771824 0.446085 0.758086 0.464213 0.753888 0.472227 0.782319 0.446467 0.789571
0 0.443414 0.705038 0.460396 0.714007 0.447039 0.742629 0.432728 0.737096 0.434254 0.733661 0.427576 0.730226 0.443414 0.705038
0 0.479478 0.746446 0.494171 0.744728 0.495316 0.753697 0.481196 0.756559 0.479478 0.746446
0 0.525349 0.747863 0.533871 0.761917 0.513836 0.772831 0.505015 0.755936 0.525349 0.747863
0 0.523555 0.780755 0.539253 0.752946 0.583508 0.776270 0.574986 0.790174 0.577378 0.791819 0.569753 0.806770 0.523555 0.780755
0 0.513450 0.718756 0.524065 0.715916 0.530195 0.734754 0.518683 0.738342 0.513450 0.718756
0 0.474988 0.700326 0.507581 0.688365 0.509076 0.691504 0.514907 0.688365 0.524326 0.710941 0.495919 0.721407 0.493228 0.713931 0.481417 0.717968 0.474988 0.700326
0 0.522831 0.686720 0.530606 0.685524 0.528812 0.679245 0.538978 0.675955 0.540922 0.681936 0.550640 0.679245 0.555126 0.695691 0.527915 0.703914 0.522831 0.686720
0 0.561875 0.670705 0.591981 0.659108 0.596315 0.669417 0.599244 0.680311 0.592450 0.682068 0.595847 0.691206 0.574292 0.697766 0.571949 0.691674 0.568786 0.692612 0.561875 0.670705
0 0.563917 0.703549 0.573102 0.700506 0.577726 0.699460 0.583935 0.718672 0.572572 0.723241 0.563917 0.703549
0 0.623846 0.647302 0.632817 0.669728 0.610390 0.678699 0.604709 0.662402 0.609493 0.660459 0.606503 0.652834 0.623846 0.647302
0 0.598254 0.669329 0.604814 0.666869 0.612194 0.687369 0.605868 0.690064 0.598254 0.669329
0 0.639256 0.642452 0.670735 0.633182 0.676117 0.650226 0.656531 0.658001 0.645318 0.661739 0.639256 0.642452
0 0.656531 0.658001 0.676117 0.650226 0.679257 0.659645 0.659671 0.666074 0.656531 0.658001
0 0.687901 0.625248 0.712892 0.618728 0.720723 0.642129 0.695301 0.651427 0.694383 0.647188 0.688294 0.648893 0.684154 0.634768 0.689755 0.633794 0.687901 0.625248
0 0.733141 0.673705 0.747942 0.669519 0.754072 0.696431 0.740317 0.699720 0.733141 0.673705
0 0.734636 0.688357 0.748690 0.730071 0.710415 0.744723 0.695165 0.698823 0.734636 0.688357
0 0.718541 0.678036 0.725569 0.675927 0.727795 0.684948 0.721586 0.686353 0.718541 0.678036
0 0.724398 0.665150 0.737401 0.664213 0.738807 0.671593 0.726506 0.674522 0.724398 0.665150
0 0.660132 0.715055 0.695117 0.705187 0.707975 0.739724 0.695715 0.743611 0.697808 0.748545 0.674335 0.757067 0.660132 0.715055
0 0.652806 0.706532 0.668355 0.701898 0.671046 0.711317 0.656394 0.715055 0.652806 0.706532
0 0.617222 0.730454 0.636957 0.723427 0.645479 0.749143 0.651460 0.747050 0.657291 0.761552 0.630678 0.771420 0.617222 0.730454
0 0.617222 0.730454 0.614680 0.722530 0.635612 0.715653 0.636957 0.723427 0.617222 0.730454
0 0.572817 0.737182 0.603467 0.727613 0.608700 0.746452 0.616175 0.743611 0.622006 0.759011 0.584031 0.772018 0.572817 0.737182
0 0.823708 0.745534 0.842547 0.741347 0.844951 0.756339 0.862731 0.751664 0.866768 0.769904 0.829786 0.779582 0.823708 0.745534
0 0.870556 0.712072 0.890441 0.707138 0.893431 0.720295 0.875041 0.725677 0.870556 0.712072
0 0.817624 0.642524 0.831745 0.639852 0.836897 0.660270 0.823158 0.663895 0.817624 0.642524
0 0.776864 0.613588 0.803960 0.606718 0.809303 0.626563 0.802815 0.628853 0.807776 0.644119 0.786596 0.649462 0.776864 0.613588
0 0.824689 0.588915 0.860753 0.581473 0.863425 0.595784 0.853311 0.598074 0.858654 0.621163 0.832321 0.626315 0.824689 0.588915
0 0.863425 0.595784 0.868768 0.617347 0.858654 0.621163 0.853311 0.598074 0.863425 0.595784
0 0.862661 0.584908 0.877927 0.581091 0.889376 0.629368 0.874683 0.632421 0.862661 0.584908
0 0.873347 0.634711 0.887659 0.631658 0.890521 0.644061 0.877164 0.647496 0.873347 0.634711
0 0.895864 0.627078 0.909793 0.624789 0.915136 0.651503 0.901779 0.653602 0.895864 0.627078
0 0.878975 0.564022 0.914708 0.554004 0.919343 0.572394 0.881966 0.579720 0.878975 0.564022
0 0.943006 0.596615 0.952928 0.594516 0.957317 0.614934 0.946631 0.617796 0.943006 0.596615
0 0.974699 0.566222 0.946449 0.571823 0.941822 0.552340 0.937438 0.552583 0.934272 0.539189 0.965932 0.533100 0.974699 0.566222
0 0.998757 0.562197 0.989555 0.564030 0.988581 0.560133 0.982005 0.561838 0.976404 0.534318 0.998757 0.530627 0.998757 0.562197
0 0.459362 0.124778 0.471637 0.140232 0.465077 0.147378 0.451997 0.131653 0.459362 0.124778
0 0.464662 0.596369 0.469159 0.616378 0.461082 0.618122 0.460348 0.614267 0.454657 0.615552 0.455116 0.617663 0.439696 0.620876 0.440247 0.623354 0.433730 0.624547 0.433913 0.625924 0.428222 0.627117 0.425194 0.612248 0.436483 0.609403 0.435290 0.602427 0.464662 0.596369
0 0.487128 0.923790 0.502417 0.919794 0.511494 0.946517 0.494156 0.951085 0.490759 0.935153 0.487596 0.936442 0.485253 0.927656 0.488065 0.926719 0.487128 0.923790
0 0.508628 0.958813 0.516338 0.956334 0.521386 0.973866 0.514135 0.975885 0.508628 0.958813
4 0.805482 0.030793 0.812242 0.030577 0.812745 0.040718 0.805554 0.041077 0.805482 0.030793
0 0.724683 0.052888 0.727287 0.061542 0.716294 0.064809 0.713203 0.055449 0.724683 0.052888
0 0.444319 0.141994 0.448489 0.146220 0.440769 0.153940 0.436250 0.148651 0.444319 0.141994
0 0.243837 0.380285 0.244569 0.385638 0.238765 0.385638 0.238371 0.380510 0.243837 0.380285
0 0.144639 0.408756 0.147120 0.428601 0.142592 0.428275 0.144258 0.440050 0.128420 0.442340 0.124604 0.395017 0.144830 0.395208 0.144639 0.408756
0 0.073966 0.463281 0.074114 0.455607 0.088915 0.454560 0.089812 0.460840 0.092504 0.461288 0.091906 0.453514 0.116126 0.452766 0.117173 0.467867 0.110146 0.467269 0.109840 0.465571 0.086178 0.467011 0.085896 0.463292 0.073966 0.463281
0 0.130871 0.447641 0.138603 0.447524 0.138603 0.461347 0.130637 0.461464 0.130871 0.447641
4 0.207227 0.524567 0.213670 0.525387 0.214022 0.536516 0.207579 0.536750 0.207227 0.524567
0 0.118641 0.657033 0.120018 0.663000 0.117540 0.663458 0.118549 0.670526 0.112216 0.671536 0.110105 0.658502 0.118641 0.657033
0 0.188237 0.658836 0.221122 0.659070 0.223221 0.693799 0.219595 0.697997 0.207383 0.698569 0.207192 0.701241 0.190400 0.702004 0.188237 0.658836
0 0.347849 0.666438 0.349647 0.677585 0.317428 0.690674 0.316349 0.671903 0.325051 0.670609 0.326489 0.681181 0.342527 0.676218 0.340226 0.666797 0.347849 0.666438
0 0.457624 0.578163 0.466398 0.577875 0.466613 0.588160 0.457264 0.588231 0.457192 0.583701 0.461507 0.583701 0.461507 0.581831 0.457552 0.581687 0.457624 0.578163
0 0.513871 0.492148 0.522285 0.491933 0.522501 0.496176 0.514303 0.496248 0.513871 0.492148
0 0.561168 0.462805 0.568502 0.462805 0.568709 0.468063 0.561099 0.467683 0.561168 0.462805
0 0.598899 0.482145 0.604245 0.482552 0.603500 0.488913 0.598493 0.488439 0.598899 0.482145
0 0.596244 0.493217 0.597217 0.507209 0.591948 0.507382 0.591862 0.501508 0.589530 0.501336 0.589271 0.493130 0.596244 0.493217
0 0.566816 0.520732 0.573232 0.520520 0.573391 0.528262 0.567134 0.528315 0.566816 0.520732
0 0.559401 0.533449 0.563597 0.533657 0.563348 0.544168 0.558653 0.544085 0.559401 0.533449
0 0.654320 0.530701 0.654388 0.537401 0.637673 0.538484 0.637064 0.532055 0.654320 0.530701
0 0.651138 0.496611 0.658853 0.496814 0.659191 0.502972 0.651003 0.502566 0.651138 0.496611
0 0.675934 0.478160 0.675934 0.485517 0.670498 0.485419 0.670465 0.478193 0.675934 0.478160
0 0.714370 0.448582 0.716385 0.449431 0.717180 0.450120 0.718081 0.451075 0.718293 0.452877 0.718134 0.454945 0.717975 0.456218 0.716915 0.456695 0.715589 0.456960 0.712885 0.457013 0.711665 0.456801 0.710605 0.456112 0.710340 0.454786 0.710234 0.453461 0.710446 0.451817 0.711294 0.450809 0.711984 0.449802 0.712408 0.449272 0.712673 0.449272 0.714370 0.448582
0 0.711789 0.458795 0.718353 0.458709 0.718180 0.464841 0.711702 0.465014 0.711789 0.458795
0 0.761832 0.467571 0.762063 0.473478 0.757132 0.473372 0.756973 0.467699 0.761832 0.467571
0 0.739363 0.433428 0.740893 0.435999 0.734252 0.439840 0.731843 0.436162 0.734415 0.433851 0.739363 0.433428
0 0.783652 0.424316 0.785750 0.431828 0.773839 0.435279 0.772080 0.428512 0.783652 0.424316
0 0.793604 0.400344 0.800258 0.400214 0.800393 0.407861 0.793694 0.407455 0.793604 0.400344
0 0.840479 0.448896 0.846982 0.447022 0.849297 0.454628 0.842683 0.456612 0.840479 0.448896
0 0.808876 0.376834 0.821313 0.376489 0.822349 0.398254 0.819586 0.398427 0.820017 0.401968 0.813712 0.402055 0.813453 0.397045 0.810171 0.397045 0.808876 0.376834
0 0.781542 0.393696 0.781542 0.389032 0.783269 0.389032 0.783183 0.386700 0.788711 0.386441 0.788970 0.390241 0.791043 0.390414 0.790214 0.393265 0.781542 0.393696
4 0.783249 0.378163 0.788234 0.378246 0.788026 0.385351 0.782916 0.385060 0.783249 0.378163
0 0.872954 0.454751 0.902888 0.445815 0.905989 0.452773 0.898195 0.454986 0.897983 0.454456 0.897194 0.454572 0.881678 0.458885 0.882069 0.459601 0.874891 0.461594 0.872954 0.454751
0 0.827917 0.408865 0.832734 0.409060 0.832604 0.412380 0.830618 0.412348 0.830586 0.413161 0.827656 0.412901 0.827917 0.408865
0 0.972162 0.126762 0.979470 0.126762 0.979538 0.132920 0.972094 0.132988 0.972162 0.126762
0 0.871802 0.134758 0.882301 0.134864 0.881930 0.143984 0.871749 0.143295 0.871802 0.134758
0 0.894701 0.134254 0.902906 0.134773 0.902734 0.135896 0.907570 0.136241 0.907311 0.132182 0.913703 0.132527 0.913616 0.137882 0.908002 0.137537 0.907311 0.152997 0.892974 0.152306 0.894701 0.134254
0 0.761303 0.076754 0.762859 0.076822 0.764213 0.077093 0.765702 0.077160 0.766378 0.078446 0.766514 0.079732 0.766987 0.080950 0.766987 0.082507 0.766378 0.084605 0.765228 0.085146 0.764010 0.085417 0.761777 0.085552 0.761100 0.085484 0.760355 0.084808 0.759543 0.084334 0.759205 0.083522 0.758867 0.082236 0.758731 0.081356 0.758867 0.080612 0.759611 0.079394 0.760288 0.078649 0.761303 0.076754
0 0.521793 0.156397 0.527925 0.155188 0.529307 0.162789 0.523174 0.163825 0.521793 0.156397
0 0.791428 0.190100 0.791511 0.198368 0.785196 0.198451 0.785030 0.190889 0.791428 0.190100
0 0.783338 0.191559 0.783550 0.198293 0.782914 0.198346 0.783285 0.204232 0.778247 0.204815 0.778035 0.197710 0.778990 0.197869 0.778778 0.191718 0.783338 0.191559
4 0.968097 0.175612 0.967934 0.183034 0.962628 0.182676 0.962693 0.175612 0.968097 0.175612
0 0.901796 0.391605 0.908015 0.390483 0.909743 0.398169 0.903610 0.399638 0.901796 0.391605
0 0.713509 0.494960 0.720084 0.495172 0.719819 0.503073 0.712873 0.502755 0.713509 0.494960
0 0.563808 0.507886 0.573949 0.507997 0.573618 0.515713 0.563367 0.515162 0.563808 0.507886
0 0.536752 0.540932 0.546700 0.540796 0.546903 0.552233 0.537632 0.551692 0.536752 0.540932
0 0.537735 0.488833 0.542134 0.488901 0.541998 0.493096 0.537261 0.492893 0.537735 0.488833
0 0.444345 0.538834 0.454226 0.538834 0.454293 0.544857 0.444616 0.544857 0.444345 0.538834
0 0.405402 0.603007 0.406725 0.619863 0.397471 0.621325 0.397902 0.624662 0.385663 0.626336 0.383508 0.604610 0.405402 0.603007
0 0.311827 0.573920 0.312709 0.584392 0.306536 0.585715 0.305654 0.574581 0.311827 0.573920
0 0.228602 0.607230 0.234963 0.608313 0.233272 0.614200 0.227722 0.613253 0.228602 0.607230
0 0.149887 0.677631 0.149455 0.683677 0.141334 0.683501 0.140732 0.677631 0.149887 0.677631
0 0.128556 0.681349 0.133667 0.681544 0.133927 0.687762 0.127743 0.687664 0.128036 0.682944 0.128654 0.683042 0.128556 0.681349
0 0.071280 0.981646 0.072402 0.981646 0.074907 0.983374 0.075253 0.984669 0.075339 0.985533 0.075166 0.987174 0.074130 0.987520 0.073352 0.987951 0.071971 0.988210 0.070243 0.987347 0.068343 0.986310 0.068084 0.983546 0.071280 0.981646
0 0.071971 0.988210 0.075020 0.988126 0.076186 0.989240 0.076982 0.990565 0.077247 0.992156 0.076504 0.994118 0.075656 0.994860 0.074277 0.995019 0.073164 0.994701 0.072209 0.994330 0.070937 0.993270 0.070195 0.992580 0.069611 0.991626 0.069346 0.990565 0.070354 0.989823 0.071971 0.988210
0 0.134612 0.994584 0.136817 0.991938 0.138911 0.992600 0.139463 0.993041 0.140345 0.993592 0.141447 0.995356 0.141667 0.997671 0.141447 0.998883 0.141372 0.998988 0.135087 0.998988 0.134723 0.998442 0.134612 0.997560 0.133951 0.996238 0.133841 0.994915 0.134612 0.994584
0 0.126917 0.998989 0.126455 0.998663 0.126014 0.997671 0.125573 0.994694 0.126896 0.993592 0.129872 0.993482 0.132298 0.993812 0.132628 0.994694 0.133951 0.996238 0.133290 0.998773 0.133246 0.998989 0.126917 0.998989
0 0.117416 0.974723 0.121446 0.974670 0.122241 0.982730 0.117893 0.983154 0.117416 0.974723
4 0.172619 0.986852 0.184304 0.985309 0.185186 0.991702 0.173280 0.992915 0.172619 0.986852
0 0.186245 0.955742 0.195530 0.954336 0.199469 0.974595 0.190184 0.975861 0.186245 0.955742
4 0.158634 0.852377 0.162114 0.862301 0.156944 0.864033 0.153733 0.853308 0.158634 0.852377
0 0.104557 0.849657 0.121615 0.843193 0.124450 0.851167 0.106442 0.855669 0.104557 0.849657
0 0.068589 0.834536 0.069539 0.839545 0.060902 0.840841 0.061679 0.845591 0.051747 0.847318 0.049760 0.836954 0.068589 0.834536
0 0.362501 0.899972 0.376177 0.896209 0.378839 0.905204 0.365255 0.908049 0.362501 0.899972
0 0.361912 0.925469 0.362846 0.931151 0.359251 0.931726 0.359682 0.934531 0.356302 0.934890 0.355079 0.927123 0.361912 0.925469
0 0.567806 0.845221 0.570287 0.856670 0.554952 0.860396 0.552141 0.847627 0.567838 0.843878 0.567806 0.845221
0 0.549180 0.809048 0.550824 0.819079 0.529630 0.819603 0.528895 0.810516 0.549180 0.809048
0 0.483987 0.719448 0.491513 0.718163 0.492523 0.724129 0.485455 0.725231 0.483987 0.719448
0 0.473798 0.713115 0.479948 0.721835 0.474992 0.725139 0.468566 0.716878 0.473798 0.713115
0 0.550740 0.734881 0.558516 0.733585 0.559305 0.739727 0.551473 0.740966 0.550740 0.734881
0 0.527396 0.737385 0.532120 0.737562 0.531811 0.742419 0.527484 0.742419 0.527396 0.737385
0 0.560931 0.693181 0.567918 0.690364 0.573102 0.700506 0.563917 0.703549 0.560931 0.693181
0 0.599675 0.708119 0.607401 0.706883 0.609255 0.715934 0.601485 0.717347 0.599675 0.708119
0 0.614403 0.687342 0.617136 0.695900 0.609081 0.698417 0.607211 0.690363 0.614403 0.687342
0 0.629980 0.670723 0.631632 0.674853 0.628512 0.675863 0.630806 0.681645 0.629705 0.681645 0.628879 0.686877 0.619976 0.687152 0.620159 0.684950 0.616212 0.684766 0.615570 0.686785 0.612194 0.687369 0.608961 0.679075 0.629980 0.670723
0 0.682922 0.657926 0.686278 0.666580 0.679258 0.669494 0.675946 0.660884 0.682922 0.657926
0 0.727396 0.676682 0.733763 0.677527 0.733425 0.681922 0.727001 0.681246 0.727396 0.676682
0 0.810647 0.628430 0.814512 0.639676 0.806898 0.642254 0.803384 0.630890 0.810647 0.628430
0 0.831860 0.632918 0.837721 0.632072 0.839580 0.642722 0.833889 0.643849 0.831860 0.632918
0 0.837468 0.692681 0.844084 0.691171 0.845235 0.695126 0.838884 0.696573 0.837468 0.692681
0 0.838884 0.696573 0.840450 0.702830 0.834357 0.704243 0.833121 0.697665 0.838884 0.696573
0 0.527033 0.993107 0.534302 0.990346 0.534696 0.996882 0.527484 0.998686 0.527033 0.993107
0 0.720541 0.962470 0.722604 0.970618 0.700926 0.975651 0.698255 0.967446 0.720541 0.962470
0 0.673422 0.847246 0.684410 0.845612 0.686777 0.855811 0.677055 0.857244 0.673422 0.847246
0 0.844830 0.749202 0.860495 0.745821 0.861735 0.752020 0.846239 0.756190 0.844830 0.749202
0 0.784914 0.643366 0.788953 0.655115 0.783354 0.657409 0.779223 0.645294 0.784914 0.643366
0 0.960698 0.638472 0.965450 0.636948 0.967873 0.640667 0.971085 0.641005 0.972831 0.652669 0.959420 0.653402 0.957873 0.645492 0.962597 0.643858 0.960698 0.638472
0 0.729099 0.854482 0.735241 0.853129 0.736593 0.857017 0.734283 0.857243 0.735297 0.862033 0.731409 0.863160 0.729099 0.854482
0 0.736706 0.864230 0.738791 0.869809 0.732480 0.872063 0.730451 0.866653 0.736706 0.864230
0 0.502417 0.919794 0.511446 0.917303 0.513100 0.923488 0.506915 0.925645 0.509648 0.933268 0.507419 0.934275 0.502417 0.919794
0 0.240851 0.180359 0.247855 0.179308 0.248906 0.189464 0.241551 0.189114 0.240851 0.180359
0 0.247855 0.179308 0.257311 0.177907 0.258011 0.188764 0.248906 0.189464 0.247855 0.179308
0 0.213304 0.070962 0.211584 0.055267 0.230503 0.053117 0.231720 0.060396 0.232292 0.065930 0.217790 0.067075 0.218033 0.070747 0.213304 0.070962
0 0.393187 0.009011 0.395020 0.009011 0.397464 0.010844 0.398075 0.013288 0.397159 0.015120 0.395326 0.016953 0.393187 0.016648 0.391049 0.015426 0.389827 0.013593 0.389827 0.011455 0.390132 0.009622 0.391965 0.009011 0.393187 0.009011
0 0.652153 0.098804 0.660877 0.095682 0.665261 0.108394 0.656494 0.112339 0.652153 0.098804
