0 -0.000000 0.302228 0.067961 0.308652 0.064813 0.333049 -0.000000 0.326784 -0.000000 0.302228
0 -0.000000 0.365102 0.039841 0.369212 0.038633 0.394336 -0.000000 0.389568 -0.000000 0.365102
0 0.047344 0.240623 0.094692 0.244971 0.091552 0.271303 0.045653 0.265988 0.047344 0.240623
0 0.035507 0.175881 0.121990 0.184094 0.118850 0.208977 0.031158 0.199797 0.035507 0.175881
0 0.289603 0.199881 0.287429 0.224280 0.200462 0.217033 0.201912 0.192151 0.289603 0.199881
0 0.359276 0.098599 0.378556 0.100231 0.378556 0.115506 0.358386 0.115506 0.359276 0.098599
0 0.238745 0.047904 0.307264 0.052826 0.307454 0.085760 0.237231 0.080650 0.238745 0.047904
0 0.356306 -0.000000 0.354132 0.019761 0.242766 0.011064 0.243491 -0.000000 0.356306 -0.000000
0 0.370422 -0.000000 0.369977 0.002048 0.367900 0.003827 0.365528 0.005607 0.361227 0.005904 0.359892 0.005459 0.359002 0.002196 0.359002 -0.000000 0.370422 -0.000000
0 0.314535 0.063294 0.319456 0.063104 0.321160 0.065565 0.321538 0.068972 0.321160 0.072000 0.319835 0.072758 0.316806 0.072758 0.313967 0.072758 0.311885 0.071054 0.311885 0.068783 0.313210 0.065943 0.314535 0.063294
