0 0.531084 0.736337 0.542813 0.723763 0.558672 0.739250 0.547599 0.752102 0.531084 0.736337
0 0.580872 0.761453 0.606490 0.738180 0.601141 0.732831 0.607147 0.728421 0.622443 0.746720 0.590819 0.774215 0.580872 0.761453
0 0.609633 0.724274 0.631433 0.705349 0.655626 0.734093 0.633589 0.753255 0.609633 0.724274
2 0.635029 0.767949 0.635139 0.768940 0.635632 0.770172 0.636121 0.771699 0.636886 0.773039 0.638379 0.774077 0.640489 0.774205 0.642370 0.773578 0.644419 0.772433 0.644785 0.772334 0.663868 0.792369 0.647500 0.809741 0.637913 0.799946 0.644021 0.793290 0.626449 0.775337 0.633919 0.767021 0.635029 0.767949
0 0.642155 0.764772 0.643966 0.766021 0.645001 0.768002 0.645309 0.769928 0.644727 0.771846 0.644234 0.771977 0.642172 0.773130 0.640424 0.773712 0.638545 0.773598 0.637256 0.772701 0.636570 0.771502 0.636092 0.770006 0.635617 0.768820 0.635537 0.768066 0.636268 0.766832 0.637933 0.765256 0.640027 0.764629 0.642155 0.764772
1 0.693979 0.802256 0.709781 0.786009 0.737046 0.811013 0.722852 0.827617 0.693979 0.802256
3 0.711968 0.785063 0.751772 0.738681 0.766446 0.751062 0.725939 0.798600 0.711968 0.785063
1 0.709958 0.779569 0.703295 0.777974 0.699448 0.773094 0.700562 0.765513 0.705819 0.760525 0.712698 0.760165 0.717951 0.764034 0.719905 0.770560 0.717465 0.776660 0.709958 0.779569
0 0.690450 0.723568 0.706034 0.710881 0.716742 0.723263 0.706653 0.732128 0.703749 0.728154 0.698552 0.732434 0.690450 0.723568
0 0.690823 0.708509 0.687528 0.707473 0.686341 0.704417 0.686208 0.700433 0.688292 0.697026 0.691635 0.696106 0.695085 0.696513 0.698088 0.698380 0.699230 0.701631 0.698088 0.704613 0.696760 0.707286 0.694201 0.708426 0.690823 0.708509
3 0.659378 0.783127 0.647048 0.769680 0.666042 0.751407 0.678943 0.764785 0.659378 0.783127
0 0.818830 0.615109 0.825972 0.602509 0.824193 0.601011 0.835775 0.579938 0.870570 0.600133 0.851358 0.633579 0.818830 0.615109
0 0.813472 0.616190 0.802813 0.609364 0.807244 0.601579 0.821616 0.607448 0.819220 0.612597 0.817783 0.612238 0.813472 0.616190
0 0.785315 0.627849 0.798002 0.615926 0.805658 0.623906 0.792989 0.636391 0.785315 0.627849
0 0.681097 0.594289 0.685648 0.588301 0.693552 0.593690 0.688642 0.599200 0.681097 0.594289
4 0.599550 0.656241 0.592342 0.651192 0.599380 0.641057 0.606512 0.646500 0.599550 0.656241
0 0.907288 0.864805 0.908476 0.862609 0.910522 0.860846 0.912741 0.859892 0.916180 0.860560 0.918424 0.863127 0.918645 0.865755 0.917704 0.868619 0.915453 0.870690 0.912675 0.871404 0.909668 0.870950 0.908356 0.869131 0.907558 0.866913 0.907288 0.864805
0 0.890421 0.850212 0.891609 0.848016 0.893655 0.846252 0.895875 0.845299 0.899313 0.845967 0.901558 0.848533 0.901779 0.851162 0.900837 0.854026 0.898587 0.856097 0.895808 0.856811 0.892801 0.856356 0.891489 0.854538 0.890692 0.852319 0.890421 0.850212
3 0.665802 0.749029 0.674433 0.741004 0.688220 0.756184 0.679640 0.764031 0.665802 0.749029
0 0.834931 0.643171 0.839926 0.637882 0.846683 0.642583 0.842864 0.648165 0.834931 0.643171
