0 0.117278 0.052846 0.125896 0.051409 0.126511 0.044433 0.143542 0.044433 0.143542 0.047716 0.148671 0.047306 0.150313 0.072338 0.152980 0.072543 0.154211 0.083828 0.119330 0.086906 0.117278 0.052846
0 0.119330 0.086906 0.109891 0.088343 0.107429 0.051820 0.115226 0.051820 0.115637 0.045048 0.126511 0.044433 0.125896 0.051409 0.117278 0.052846 0.119330 0.086906
0 0.051328 0.087104 0.088901 0.077572 0.093112 0.089030 0.096352 0.088302 0.097703 0.094120 0.094780 0.095111 0.095390 0.097468 0.056285 0.108729 0.051328 0.087104
0 0.090287 0.104221 0.118749 0.102237 0.122292 0.148451 0.092573 0.150823 0.090287 0.104221
0 0.122481 0.104464 0.137918 0.103306 0.138111 0.110546 0.175922 0.108189 0.178318 0.134392 0.125158 0.137797 0.122481 0.104464
0 0.073954 0.160882 0.088263 0.160239 0.088474 0.172912 0.074276 0.173743 0.073954 0.160882
0 0.090192 0.176798 0.109163 0.175190 0.109966 0.182746 0.110770 0.189498 0.124596 0.188855 0.125651 0.188811 0.125946 0.193906 0.132796 0.193678 0.134725 0.211684 0.093086 0.215061 0.090192 0.176798
0 0.109966 0.182746 0.124275 0.181782 0.124596 0.188855 0.110770 0.189498 0.109966 0.182746
0 0.011856 0.182952 0.018217 0.180489 0.024988 0.181105 0.025874 0.194097 0.019612 0.193670 0.013908 0.195878 0.011856 0.182952
0 0.057355 0.189328 0.063137 0.192560 0.067798 0.208444 0.061410 0.209307 0.061101 0.213319 0.040788 0.215166 0.040916 0.220493 0.028197 0.221256 0.027656 0.215166 0.025874 0.194097 0.057355 0.189328
0 0.040705 0.292757 0.049117 0.291115 0.048707 0.289884 0.051685 0.288349 0.050659 0.281988 0.062560 0.278705 0.074460 0.277269 0.083283 0.306200 0.057635 0.311740 0.054763 0.302096 0.052506 0.302301 0.052711 0.304353 0.044130 0.306683 0.040705 0.292757
0 0.057635 0.311740 0.083283 0.306200 0.086459 0.316844 0.061540 0.323918 0.057635 0.311740
0 0.016565 0.329020 0.032980 0.326148 0.038315 0.349334 0.020463 0.352206 0.016565 0.329020
0 -0.000000 0.429786 0.007673 0.429170 0.007673 0.433684 0.015676 0.433274 0.016496 0.451330 -0.000000 0.452356 -0.000000 0.429786
0 0.026824 0.420621 0.026845 0.429258 0.013422 0.429653 0.013397 0.428509 0.007864 0.428884 0.001621 0.429544 0.001871 0.421550 0.018357 0.421066 0.018258 0.419290 0.022206 0.419191 0.022404 0.420770 0.026824 0.420621
0 0.016496 0.451330 0.015676 0.433274 0.015711 0.431703 0.026658 0.431366 0.027461 0.455818 0.016851 0.456461 0.016496 0.451330
0 0.036884 0.506178 0.042029 0.505374 0.045084 0.505374 0.055534 0.505535 0.060035 0.522737 0.040743 0.526274 0.037849 0.511966 0.036884 0.506178
0 0.001676 0.488815 0.017432 0.484957 0.018878 0.482384 0.028364 0.481902 0.035920 0.484635 0.042029 0.505374 0.036884 0.506178 0.037849 0.511966 0.035598 0.510358 0.031579 0.511001 0.031418 0.512609 0.019522 0.515020 0.011644 0.517110 0.004731 0.518075 -0.000000 0.499426 0.000229 0.490744 0.001676 0.488815
0 0.040173 0.477743 0.048086 0.476941 0.049923 0.485217 0.040990 0.486687 0.040173 0.477743
0 0.089282 0.482532 0.096516 0.478673 0.106162 0.479316 0.109538 0.501181 0.091532 0.503432 0.089282 0.482532
0 0.087192 0.483336 0.090085 0.499412 0.071758 0.502949 0.069507 0.487355 0.087192 0.483336
0 0.058414 0.415708 0.087191 0.412814 0.087834 0.423907 0.068060 0.424390 0.066774 0.424711 0.067256 0.428248 0.059057 0.428730 0.058414 0.415708
0 0.095754 0.369702 0.100540 0.367686 0.110366 0.366679 0.113137 0.379653 0.117546 0.400816 0.090463 0.406358 0.085550 0.383810 0.098021 0.380031 0.095754 0.369702
0 0.143329 0.395500 0.175543 0.393038 0.178621 0.417455 0.145791 0.419917 0.143329 0.395500
0 0.131235 0.333095 0.153421 0.330523 0.155351 0.346117 0.133969 0.349332 0.131235 0.333095
0 0.133813 0.349232 0.155195 0.346016 0.167364 0.344087 0.174005 0.378491 0.137672 0.382350 0.133813 0.349232
0 0.124672 0.325909 0.129031 0.346362 0.119576 0.348435 0.115527 0.327874 0.124672 0.325909
0 0.283199 0.393405 0.229879 0.456110 0.189355 0.421985 0.242249 0.360986 0.283199 0.393405
0 0.129401 0.412165 0.130365 0.426956 0.125381 0.426956 0.125703 0.437727 0.105125 0.438531 0.105446 0.413451 0.123774 0.412005 0.129401 0.412165
0 0.210388 0.034657 0.249578 0.028296 0.251630 0.039992 0.259427 0.038555 0.265785 0.064270 0.232753 0.071180 0.228034 0.052098 0.213876 0.053739 0.210388 0.034657
0 0.228349 0.079691 0.239461 0.072507 0.263576 0.068649 0.269846 0.089870 0.247017 0.094050 0.234509 0.099714 0.228349 0.079691
0 0.287896 0.025255 0.298689 0.025507 0.299233 0.043646 0.288194 0.043978 0.287896 0.025255
0 0.332040 0.046684 0.347407 0.046054 0.348448 0.064186 0.332417 0.064445 0.332040 0.046684
0 0.287714 0.051669 0.299361 0.049004 0.302124 0.064894 0.290182 0.067559 0.287714 0.051669
0 0.314288 0.073413 0.322282 0.072920 0.322578 0.081408 0.314189 0.081605 0.314288 0.073413
0 0.270864 0.174564 0.318262 0.173128 0.321530 0.204612 0.305745 0.206163 0.305335 0.200418 0.271069 0.201854 0.270864 0.188927 0.270864 0.180104 0.270864 0.174564
0 0.270864 0.180104 0.270864 0.188927 0.264298 0.189748 0.264245 0.180393 0.270864 0.180104
4 0.454077 -0.000000 0.438000 0.003249 0.435910 -0.000000 0.454077 -0.000000
4 0.431891 -0.000000 0.434302 0.008876 0.424335 0.010162 0.421280 -0.000000 0.431891 -0.000000
0 0.424991 0.022933 0.437302 0.021497 0.439449 0.033223 0.430040 0.035638 0.427042 0.036270 0.426808 0.035016 0.425870 0.027732 0.424991 0.022933
0 0.446961 0.026042 0.463581 0.023374 0.463326 0.022351 0.475553 0.020440 0.478606 0.030044 0.485190 0.027616 0.487505 0.034539 0.479944 0.037359 0.482409 0.045029 0.473971 0.047134 0.460618 0.050787 0.453101 0.052069 0.453032 0.051750 0.448273 0.031262 0.448053 0.030821 0.446961 0.026042
0 0.474050 0.046962 0.476570 0.059937 0.463091 0.062960 0.460698 0.050615 0.474050 0.046962
0 0.453101 0.052069 0.425379 0.058030 0.422978 0.045914 0.431929 0.043669 0.430040 0.035638 0.439449 0.033223 0.448053 0.030821 0.453101 0.052069
0 0.451380 0.059352 0.451164 0.073344 0.437730 0.073216 0.437660 0.059197 0.451380 0.059352
0 0.422022 0.080632 0.441489 0.080385 0.441971 0.092764 0.422197 0.093728 0.422022 0.080632
0 0.483048 0.103250 0.498964 0.100517 0.503465 0.124793 0.488514 0.128973 0.483048 0.103250
0 0.483048 0.103250 0.488514 0.128973 0.467936 0.133635 0.462148 0.108716 0.483048 0.103250
0 0.448583 0.166196 0.448709 0.167960 0.449591 0.174132 0.450850 0.184209 0.443040 0.184083 0.436112 0.186729 0.434727 0.167582 0.441403 0.166322 0.448583 0.166196
0 0.461180 0.176525 0.466821 0.174449 0.474719 0.174792 0.478059 0.189248 0.470345 0.188615 0.464455 0.193279 0.461180 0.176525
0 0.483098 0.151710 0.467291 0.166431 0.461568 0.162860 0.476493 0.147427 0.478781 0.148265 0.483098 0.151710
0 0.456897 0.169471 0.461935 0.165692 0.466470 0.169975 0.461305 0.174384 0.456897 0.169471
0 0.449591 0.174132 0.448709 0.167960 0.453748 0.167708 0.454377 0.173754 0.449591 0.174132
0 0.395110 0.165849 0.405627 0.165537 0.426138 0.165206 0.428871 0.198324 0.404595 0.199450 0.403470 0.175656 0.395431 0.175817 0.395110 0.165849
0 0.389965 0.158454 0.395621 0.158375 0.403437 0.158072 0.405560 0.157811 0.405627 0.165537 0.395110 0.165849 0.389965 0.166331 0.389965 0.158454
0 0.388834 0.149347 0.394712 0.149165 0.395075 0.145529 0.402468 0.145651 0.402892 0.151952 0.407254 0.151649 0.407436 0.154618 0.407073 0.155285 0.403740 0.155466 0.403437 0.158072 0.395621 0.158375 0.395681 0.157345 0.389440 0.157648 0.388834 0.149347
0 0.251570 0.101931 0.273629 0.100260 0.274578 0.114426 0.252543 0.115993 0.251570 0.101931
0 0.296690 0.079873 0.308722 0.078870 0.310393 0.105274 0.293014 0.106276 0.292345 0.088562 0.297359 0.088228 0.296690 0.079873
0 0.489311 0.145008 0.513404 0.165958 0.498300 0.182596 0.485224 0.171719 0.478313 0.179051 0.467291 0.166431 0.483098 0.151710 0.489311 0.145008
0 0.421905 0.064659 0.421382 0.077229 0.409597 0.077491 0.410271 0.064742 0.421905 0.064659
0 0.426808 0.035016 0.419578 0.035588 0.419650 0.037197 0.410007 0.036944 0.409896 0.028403 0.425870 0.027732 0.426808 0.035016
0 0.617598 0.128256 0.676010 0.125458 0.676740 0.147456 0.645619 0.148421 0.647190 0.168847 0.624669 0.169894 0.625051 0.176441 0.600963 0.178294 0.600576 0.169894 0.589316 0.170156 0.589209 0.166548 0.588006 0.153658 0.618384 0.151040 0.617598 0.128256
0 0.573615 0.145809 0.575404 0.166311 0.576348 0.178606 0.563154 0.179282 0.561557 0.145648 0.573615 0.145809
0 0.573615 0.145809 0.573132 0.136967 0.587678 0.135503 0.588084 0.139742 0.593228 0.139217 0.593871 0.148863 0.587490 0.149357 0.588006 0.153658 0.589209 0.166548 0.575404 0.166311 0.573615 0.145809
0 0.477254 0.253963 0.523868 0.252129 0.527010 0.283816 0.507894 0.285126 0.506846 0.278579 0.478040 0.280936 0.477254 0.253963
0 0.472140 0.287386 0.485162 0.282562 0.489021 0.296871 0.494165 0.313751 0.479375 0.316324 0.472140 0.287386
0 0.489021 0.296871 0.502365 0.292209 0.507991 0.310536 0.494165 0.313751 0.489021 0.296871
0 0.476570 0.317969 0.460565 0.319610 0.457898 0.286165 0.467747 0.285139 0.471850 0.284729 0.472140 0.287386 0.476570 0.317969
0 0.457898 0.286165 0.457077 0.272212 0.466721 0.271186 0.467747 0.285139 0.457898 0.286165
0 0.440457 0.286986 0.457898 0.286165 0.458103 0.302580 0.442304 0.304632 0.440457 0.286986
0 0.440457 0.286986 0.434917 0.287601 0.433686 0.271186 0.435943 0.270366 0.435122 0.255182 0.454410 0.252925 0.457077 0.272212 0.457898 0.286165 0.440457 0.286986
0 0.430500 0.269192 0.432079 0.279160 0.424875 0.280739 0.422703 0.271561 0.430500 0.269192
0 0.369426 0.256751 0.391685 0.255442 0.392471 0.275082 0.370735 0.275868 0.369426 0.256751
0 0.370735 0.275868 0.392471 0.275082 0.391685 0.290533 0.372045 0.291057 0.370735 0.275868
0 0.300589 0.323398 0.328949 0.316096 0.327278 0.310080 0.357358 0.304064 0.360700 0.315094 0.365379 0.337821 0.306271 0.353478 0.300589 0.323398
0 0.300540 0.300722 0.319925 0.295709 0.323935 0.315094 0.304550 0.319773 0.300540 0.300722
0 0.330791 0.256488 0.332881 0.281728 0.332399 0.286551 0.316161 0.287998 0.317126 0.280925 0.314393 0.257452 0.330791 0.256488
0 0.334971 0.259542 0.350244 0.256809 0.352173 0.270153 0.336900 0.272082 0.334971 0.259542
0 0.157630 0.272304 0.210437 0.267291 0.212108 0.295700 0.159635 0.301382 0.157630 0.272304
0 0.225211 0.282453 0.231642 0.275862 0.251095 0.291296 0.244503 0.299495 0.243057 0.298691 0.225211 0.282453
0 0.225211 0.282453 0.243057 0.298691 0.236144 0.306408 0.218459 0.290653 0.225211 0.282453
0 0.218459 0.290653 0.236144 0.306408 0.248218 0.313317 0.254426 0.306553 0.264633 0.314548 0.261760 0.319062 0.267710 0.323166 0.263475 0.329956 0.267710 0.333630 0.250620 0.354376 0.246166 0.350661 0.240626 0.357842 0.236112 0.358253 0.233034 0.358253 0.227699 0.353328 0.224827 0.352713 0.218876 0.347993 0.217030 0.341428 0.207942 0.334942 0.206506 0.331044 0.205480 0.325298 0.208352 0.321810 0.204659 0.318117 0.198914 0.327556 0.194810 0.326324 0.187013 0.320579 0.183730 0.316476 0.182492 0.309903 0.188797 0.302064 0.199940 0.296983 0.208147 0.303754 0.218459 0.290653
0 0.033888 0.567690 0.080350 0.564348 0.083083 0.592482 0.080556 0.592900 0.053869 0.594990 0.050126 0.595215 0.049965 0.591196 0.035175 0.592643 0.033888 0.567690
0 0.053869 0.594990 0.080556 0.592900 0.082003 0.601099 0.054351 0.602224 0.053869 0.594990
0 0.082706 0.592104 0.090789 0.592683 0.090628 0.600239 0.083137 0.600595 0.082706 0.592104
0 0.035220 0.607195 0.060458 0.605554 0.061279 0.611709 0.073385 0.610684 0.073378 0.611772 0.075451 0.622036 0.075756 0.624013 0.064151 0.626072 0.066408 0.641872 0.051225 0.644949 0.040555 0.646386 0.035220 0.607195
0 0.075451 0.622036 0.073378 0.611772 0.081570 0.611377 0.082952 0.622135 0.075451 0.622036
0 0.094012 0.653766 0.097539 0.654774 0.098799 0.656034 0.099177 0.659057 0.098799 0.661828 0.096531 0.662458 0.093256 0.660946 0.092375 0.658553 0.092878 0.655656 0.094012 0.653766
0 0.092878 0.655656 0.092375 0.658553 0.091241 0.662332 0.089477 0.662458 0.086202 0.661450 0.084313 0.658931 0.085194 0.657042 0.087084 0.654774 0.090359 0.655404 0.092878 0.655656
0 0.074766 0.655297 0.078049 0.677046 0.081948 0.696539 0.062045 0.701874 0.052811 0.658169 0.063276 0.655912 0.074766 0.655297
0 0.078049 0.677046 0.092207 0.674379 0.095079 0.695718 0.086257 0.695513 0.083794 0.695923 0.081948 0.696539 0.078049 0.677046
0 0.083794 0.695923 0.086462 0.707414 0.065122 0.713364 0.062045 0.701874 0.083794 0.695923
0 0.114387 0.685774 0.151049 0.678965 0.155501 0.691535 0.117529 0.700963 0.114387 0.685774
0 0.065488 0.737364 0.070823 0.734081 0.070002 0.732234 0.092983 0.728130 0.100370 0.757472 0.071233 0.765269 0.065488 0.737364
0 0.095240 0.719102 0.113091 0.716640 0.115348 0.728336 0.097497 0.731413 0.095240 0.719102
0 0.207260 0.548978 0.207055 0.570112 0.185510 0.570522 0.184895 0.549799 0.207260 0.548978
0 0.207055 0.570112 0.207876 0.583860 0.186947 0.584475 0.185510 0.570522 0.207055 0.570112
0 0.161061 0.597387 0.180178 0.597125 0.181226 0.608648 0.184368 0.608648 0.184630 0.614409 0.161061 0.615718 0.161061 0.597387
0 0.156706 0.648686 0.163777 0.648424 0.184465 0.647115 0.185774 0.660209 0.157492 0.663613 0.156706 0.648686
0 0.163777 0.648424 0.156706 0.648686 0.157492 0.635592 0.164563 0.636116 0.163777 0.648424
0 0.194678 0.643972 0.201749 0.641354 0.203058 0.644234 0.208819 0.642925 0.212747 0.656804 0.199130 0.661256 0.194678 0.643972
0 0.195762 0.604655 0.198155 0.616747 0.187952 0.618511 0.186945 0.611709 0.188330 0.611205 0.187196 0.606166 0.195762 0.604655
0 0.239878 0.563807 0.275580 0.557652 0.277017 0.564217 0.284403 0.562986 0.287276 0.577760 0.272913 0.578991 0.274144 0.584736 0.263064 0.586993 0.261628 0.581863 0.246239 0.585352 0.239878 0.563807
0 0.245290 0.587711 0.252093 0.586073 0.253982 0.595017 0.247180 0.596529 0.245290 0.587711
4 0.222023 0.608526 0.231872 0.608526 0.232487 0.619400 0.221612 0.620016 0.222023 0.608526
4 0.234334 0.631506 0.240695 0.629660 0.243772 0.645049 0.238848 0.646485 0.234334 0.631506
0 0.266945 0.641554 0.294850 0.639297 0.296081 0.653455 0.269202 0.655712 0.266945 0.641554
0 0.347250 0.635449 0.350916 0.675254 0.306398 0.675516 0.304565 0.651947 0.300113 0.652209 0.300113 0.637806 0.347250 0.635449
0 0.313997 0.697396 0.322377 0.692944 0.318449 0.684040 0.323948 0.681683 0.330495 0.681683 0.333637 0.687968 0.338351 0.687968 0.348040 0.720441 0.324734 0.728821 0.313997 0.697396
4 0.313997 0.697396 0.314784 0.701207 0.313021 0.702593 0.306974 0.701711 0.306092 0.697932 0.307982 0.696294 0.310879 0.695161 0.313997 0.697396
0 0.286218 0.733979 0.300687 0.729960 0.304063 0.744751 0.289916 0.748770 0.286218 0.733979
0 0.325986 0.755131 0.357584 0.744257 0.363622 0.759000 0.357156 0.761232 0.364711 0.781189 0.346710 0.786320 0.339939 0.770520 0.332347 0.772572 0.325986 0.755131
0 0.325986 0.755131 0.332347 0.772572 0.325165 0.776266 0.318189 0.758825 0.325986 0.755131
0 0.325165 0.776266 0.332347 0.772572 0.339939 0.770520 0.346710 0.786320 0.337346 0.788073 0.329005 0.792821 0.323038 0.777462 0.325165 0.776266
0 0.310595 0.803736 0.332138 0.797787 0.336800 0.812739 0.315740 0.818366 0.310595 0.803736
0 0.302576 0.807690 0.308498 0.805519 0.312150 0.815389 0.306228 0.817363 0.302576 0.807690
0 0.455087 0.611391 0.487402 0.604478 0.490135 0.613159 0.493350 0.624734 0.460875 0.633255 0.457820 0.620555 0.455087 0.611391
0 0.410875 0.647095 0.453299 0.636359 0.465869 0.684543 0.444657 0.692662 0.443086 0.689519 0.430254 0.694233 0.426588 0.681139 0.416637 0.684805 0.411137 0.666998 0.415065 0.665427 0.410875 0.647095
0 0.465371 0.678570 0.487892 0.671238 0.500200 0.668619 0.507532 0.698735 0.511460 0.714971 0.499152 0.718899 0.497388 0.714792 0.488278 0.718361 0.490579 0.723351 0.476741 0.728478 0.465371 0.678570
0 0.510683 0.673790 0.540637 0.661830 0.553622 0.693759 0.522983 0.705282 0.510683 0.673790
0 0.450456 0.692815 0.459298 0.688152 0.466533 0.687188 0.471516 0.708570 0.456083 0.713071 0.450456 0.692815
0 0.417816 0.739072 0.440338 0.731477 0.445313 0.744047 0.450813 0.761593 0.428030 0.768925 0.423316 0.753737 0.417816 0.739072
0 0.395532 0.854585 0.427098 0.852026 0.431790 0.901081 0.399798 0.904493 0.395532 0.854585
0 0.398263 0.917955 0.418371 0.916313 0.420833 0.937652 0.400110 0.939089 0.398263 0.917955
0 0.346195 0.871011 0.370259 0.869674 0.376944 0.923150 0.384965 0.921813 0.385633 0.933511 0.364577 0.935182 0.364243 0.929500 0.351877 0.931172 0.346195 0.871011
0 0.364577 0.935182 0.385633 0.933511 0.387657 0.947862 0.366113 0.949708 0.364577 0.935182
0 0.372846 0.952254 0.372761 0.949961 0.374617 0.948955 0.377092 0.949110 0.379489 0.949497 0.379721 0.951585 0.379799 0.953827 0.378716 0.954910 0.376087 0.955451 0.373071 0.954523 0.372846 0.952254
0 0.325220 0.902244 0.338796 0.897476 0.345227 0.914999 0.331079 0.920305 0.325220 0.902244
0 0.281482 0.900234 0.316979 0.889360 0.326623 0.915213 0.290305 0.927114 0.281482 0.900234
0 0.405893 0.998985 0.403908 0.986900 0.415623 0.985388 0.414615 0.980727 0.422173 0.979342 0.422929 0.983624 0.440370 0.981684 0.442605 0.998985 0.405893 0.998985
0 0.354673 0.998986 0.353633 0.986656 0.393504 0.983441 0.395013 0.998985 0.354673 0.998986
0 0.272008 0.915072 0.275062 0.913303 0.277152 0.913786 0.278599 0.914750 0.279885 0.917323 0.279885 0.920377 0.277474 0.922628 0.274901 0.923753 0.272008 0.922467 0.269757 0.918448 0.272008 0.915072
0 0.205475 0.923976 0.245280 0.911406 0.246397 0.913954 0.255136 0.911429 0.263349 0.934713 0.251826 0.938379 0.250517 0.939951 0.226687 0.947807 0.226687 0.950426 0.215545 0.953710 0.205475 0.923976
4 0.222443 0.998987 0.219504 0.993312 0.231931 0.989454 0.235829 0.995405 0.240998 0.992739 0.244615 0.998987 0.222443 0.998987
0 0.179198 0.958266 0.190483 0.956009 0.210591 0.947802 0.214401 0.953520 0.216542 0.954573 0.221876 0.962575 0.222697 0.969141 0.227006 0.976528 0.212848 0.982068 0.210386 0.977143 0.181250 0.985761 0.179198 0.958266
0 0.179198 0.958266 0.177556 0.946365 0.189457 0.944108 0.190688 0.946570 0.202999 0.942262 0.203410 0.948212 0.191304 0.951085 0.190483 0.956009 0.179198 0.958266
4 0.183289 0.998988 0.181709 0.990515 0.190126 0.989641 0.192686 0.998987 0.183289 0.998988
4 0.201104 0.998987 0.199220 0.996058 0.206494 0.991399 0.212428 0.998987 0.201104 0.998987
0 0.117193 0.957721 0.150165 0.955769 0.150427 0.960413 0.157759 0.959889 0.160116 0.987910 0.119002 0.992100 0.117193 0.957721
0 -0.000000 0.982792 0.013510 0.982792 0.013748 0.998991 0.000385 0.998991 -0.000000 0.982792
0 0.013510 0.982792 0.013006 0.977250 0.037317 0.976116 0.037800 0.998990 0.013748 0.998991 0.013510 0.982792
0 -0.000000 0.894519 0.011859 0.889053 0.014060 0.895691 0.017513 0.893924 0.021416 0.901318 0.015457 0.904456 0.022470 0.918152 0.011538 0.922975 -0.000000 0.928119 -0.000000 0.894519
4 -0.000000 0.880801 0.009356 0.876952 0.013856 0.887573 0.011859 0.889053 -0.000000 0.894519 -0.000000 0.880801
0 0.098073 0.783127 0.117713 0.781032 0.121380 0.802768 0.103572 0.804077 0.098073 0.783127
0 0.098073 0.783127 0.103572 0.804077 0.100692 0.807481 0.081313 0.813505 0.076599 0.814290 0.071624 0.794126 0.076861 0.789936 0.098073 0.783127
0 0.127956 0.837902 0.136163 0.869911 0.136778 0.873399 0.112772 0.879145 0.111013 0.874619 0.099681 0.878412 0.091181 0.851882 0.098271 0.849325 0.097717 0.847565 0.103538 0.846387 0.102735 0.844468 0.127956 0.837902
0 0.127956 0.837902 0.137804 0.836466 0.140044 0.844031 0.142916 0.856753 0.146012 0.867654 0.136163 0.869911 0.127956 0.837902
0 0.140044 0.844031 0.148484 0.842404 0.151124 0.854750 0.142916 0.856753 0.140044 0.844031
4 0.094487 0.812580 0.108313 0.808722 0.111529 0.819493 0.096738 0.822709 0.094487 0.812580
0 0.109195 0.808501 0.113536 0.805125 0.122262 0.802547 0.124950 0.813324 0.112893 0.815897 0.109195 0.808501
3 0.124801 0.815324 0.142311 0.812679 0.144704 0.828425 0.127195 0.830692 0.124801 0.815324
0 0.188325 0.767034 0.215732 0.765363 0.216066 0.780403 0.188325 0.781072 0.188109 0.775577 0.188325 0.767034
0 0.283762 0.759539 0.292380 0.757282 0.295458 0.764669 0.286429 0.767541 0.283762 0.759539
0 0.235580 0.774074 0.248904 0.768448 0.253079 0.778713 0.249003 0.780292 0.250384 0.783352 0.241107 0.787102 0.235580 0.774074
0 0.222397 0.791901 0.232168 0.789829 0.235425 0.804436 0.225062 0.806509 0.222397 0.791901
3 0.163309 0.835133 0.174997 0.832191 0.176394 0.839651 0.168727 0.841355 0.168984 0.843062 0.165512 0.843606 0.163309 0.835133
4 0.245318 0.705211 0.256780 0.703826 0.257788 0.711510 0.246829 0.712769 0.245318 0.705211
0 0.140895 0.775262 0.155885 0.774128 0.155633 0.785339 0.145933 0.785843 0.145848 0.783763 0.141021 0.783954 0.140895 0.775262
0 0.270544 0.414280 0.278216 0.405471 0.289326 0.415189 0.281410 0.423620 0.270544 0.414280
0 0.420387 0.919606 0.423985 0.917447 0.426453 0.917447 0.428612 0.919092 0.429229 0.922793 0.427789 0.925672 0.424191 0.925877 0.420695 0.924027 0.420387 0.919606
0 0.423266 0.926391 0.427789 0.925672 0.429845 0.927625 0.431593 0.931120 0.430976 0.934102 0.428406 0.935027 0.424705 0.935336 0.421518 0.934822 0.420901 0.931737 0.420798 0.928242 0.423266 0.926391
0 0.191053 0.912417 0.199509 0.939968 0.189457 0.944108 0.177556 0.946365 0.172776 0.917600 0.183687 0.913781 0.191053 0.912417
0 0.074157 0.775746 0.088477 0.773609 0.090187 0.780448 0.076294 0.784296 0.074157 0.775746
3 0.174259 0.803692 0.185814 0.801515 0.187154 0.807544 0.175599 0.809386 0.174259 0.803692
2 0.188325 0.767034 0.188109 0.775577 0.178678 0.776285 0.178845 0.777960 0.169802 0.778127 0.169132 0.768247 0.188325 0.767034
4 -0.000000 0.284277 0.004937 0.282568 0.008143 0.299239 0.002800 0.300735 0.003655 0.308429 0.000021 0.310139 -0.000000 0.284277
0 0.324872 0.748427 0.328627 0.744151 0.333833 0.745281 0.335073 0.749857 0.332022 0.752527 0.326874 0.753099 0.324872 0.748427
0 0.337090 0.931488 0.339378 0.927961 0.343763 0.927008 0.347100 0.931774 0.345098 0.935778 0.340045 0.935874 0.337090 0.931488
3 0.176202 0.843517 0.186011 0.841767 0.187602 0.850941 0.177633 0.852425 0.176202 0.843517
0 0.540953 0.080465 0.546136 0.079256 0.545358 0.076578 0.576538 0.070100 0.583553 0.096714 0.552571 0.103702 0.552095 0.101885 0.545790 0.103612 0.540953 0.080465
0 0.089431 -0.000000 0.140951 -0.000000 0.141768 0.019658 0.137345 0.019608 0.138262 0.037487 0.122280 0.037902 0.122006 0.023487 0.103215 0.024451 0.102777 0.021413 0.093009 0.022594 0.089431 -0.000000
0 0.208843 -0.000000 0.248910 -0.000000 0.254563 0.012982 0.215410 0.024346 0.208843 -0.000000
0 0.570215 0.047645 0.569834 0.034543 0.585469 0.033590 0.586231 0.061046 0.574505 0.060950 0.574447 0.062805 0.569739 0.062952 0.569548 0.053038 0.553246 0.053324 0.553627 0.062190 0.538088 0.062285 0.538183 0.056088 0.536277 0.056088 0.535991 0.048271 0.532654 0.048366 0.531891 0.033304 0.527125 0.033685 0.526934 0.023389 0.563828 0.022245 0.564495 0.047508 0.570215 0.047645
0 0.068733 0.344178 0.074176 0.361267 0.059896 0.364838 0.055024 0.349122 0.058076 0.347898 0.068733 0.344178
0 0.367006 0.950217 0.370057 0.949359 0.372250 0.951170 0.372154 0.955174 0.369294 0.956604 0.366816 0.954793 0.367006 0.950217
