0 0.697336 0.884191 0.698970 0.884424 0.701617 0.885748 0.702084 0.888783 0.701150 0.891897 0.697881 0.893532 0.693989 0.892130 0.692276 0.889717 0.692354 0.887149 0.693833 0.884891 0.697336 0.884191
0 0.883733 0.681184 0.887453 0.681007 0.890377 0.682424 0.891706 0.685879 0.891351 0.689245 0.888516 0.691637 0.885416 0.691814 0.881961 0.689865 0.881253 0.686322 0.881430 0.683930 0.883733 0.681184
0 0.864471 0.488266 0.883510 0.494697 0.879513 0.506718 0.860424 0.499494 0.864471 0.488266
0 0.909582 0.488738 0.915556 0.489087 0.915239 0.496714 0.909388 0.496485 0.909582 0.488738
0 0.787711 0.467141 0.793509 0.453708 0.800156 0.455768 0.803712 0.446246 0.853680 0.461529 0.848669 0.474966 0.840393 0.472709 0.839223 0.474957 0.827079 0.470436 0.824250 0.478699 0.787711 0.467141
0 0.762845 0.437826 0.767290 0.426729 0.786995 0.433482 0.782585 0.444675 0.762845 0.437826
0 0.890219 0.427493 0.904578 0.431519 0.898736 0.449451 0.902889 0.451018 0.900131 0.458630 0.882152 0.452688 0.890219 0.427493
0 0.789287 0.353028 0.803301 0.358886 0.796914 0.374931 0.792344 0.373626 0.787325 0.388932 0.824055 0.401857 0.820538 0.412882 0.774186 0.397682 0.789287 0.353028
0 0.792184 0.349289 0.796985 0.332362 0.802853 0.333540 0.805877 0.323459 0.830741 0.329843 0.826253 0.344838 0.812799 0.341204 0.809400 0.353625 0.792184 0.349289
0 0.845356 0.292395 0.860323 0.296060 0.856382 0.310885 0.841740 0.306879 0.845356 0.292395
0 0.807172 0.305009 0.815233 0.306958 0.813550 0.312008 0.805843 0.310059 0.807172 0.305009
0 0.705718 0.386315 0.719348 0.390766 0.709008 0.417154 0.695420 0.411911 0.705718 0.386315
0 0.601161 0.354746 0.603574 0.354901 0.606143 0.356069 0.607544 0.359572 0.606532 0.363308 0.604430 0.365098 0.602095 0.365643 0.599293 0.364553 0.598125 0.362919 0.597736 0.359416 0.598359 0.357003 0.601161 0.354746
0 0.610202 0.360460 0.611707 0.359571 0.613759 0.359161 0.615742 0.359640 0.617657 0.361760 0.618273 0.365659 0.616631 0.368737 0.612733 0.370036 0.609450 0.368873 0.608424 0.366548 0.608287 0.362854 0.610202 0.360460
0 0.630846 0.365103 0.631736 0.364652 0.633651 0.363900 0.635840 0.363968 0.637345 0.364926 0.638986 0.367251 0.639192 0.368893 0.638576 0.371971 0.635566 0.374091 0.632694 0.374775 0.630778 0.373612 0.629137 0.371424 0.628922 0.369971 0.629103 0.366966 0.630846 0.365103
0 0.642157 0.367873 0.644020 0.367152 0.646845 0.367092 0.648347 0.367934 0.649429 0.369797 0.649910 0.372321 0.649369 0.375266 0.646665 0.377370 0.642758 0.377490 0.640354 0.375927 0.639693 0.372982 0.639813 0.370578 0.640414 0.369376 0.642157 0.367873
0 0.653999 0.370579 0.655795 0.369681 0.658594 0.369523 0.660865 0.370579 0.661446 0.371952 0.661446 0.374434 0.661393 0.377762 0.659914 0.380085 0.657009 0.380561 0.653946 0.380138 0.652995 0.378184 0.652362 0.376336 0.652414 0.373484 0.652467 0.372216 0.653999 0.370579
0 0.664812 0.374304 0.666027 0.373934 0.668192 0.373776 0.670146 0.374093 0.671467 0.375413 0.671942 0.377579 0.672153 0.380008 0.671361 0.383388 0.668720 0.384233 0.665604 0.384127 0.663175 0.383494 0.662224 0.382015 0.661855 0.378952 0.662277 0.376786 0.663333 0.375572 0.664812 0.374304
0 0.674945 0.378089 0.676523 0.377207 0.678982 0.376836 0.680096 0.376882 0.681860 0.378089 0.682741 0.379388 0.682881 0.381198 0.683020 0.383240 0.681860 0.386581 0.678936 0.387510 0.676291 0.387417 0.673738 0.386442 0.672903 0.384307 0.672624 0.381894 0.673553 0.379527 0.674945 0.378089
0 0.657398 0.324343 0.659889 0.324032 0.662224 0.324577 0.664481 0.325822 0.665571 0.328624 0.665026 0.332516 0.661290 0.334852 0.657164 0.335085 0.654907 0.332983 0.654440 0.329870 0.654518 0.327379 0.657398 0.324343
0 0.669227 0.326311 0.671279 0.325763 0.673536 0.326242 0.675930 0.327268 0.676683 0.328841 0.677093 0.331646 0.676751 0.334108 0.672784 0.336160 0.670253 0.336639 0.667517 0.333698 0.667107 0.329936 0.669227 0.326311
0 0.679356 0.329063 0.681400 0.328522 0.685006 0.328763 0.687050 0.330326 0.687470 0.332970 0.687050 0.335675 0.684525 0.337778 0.680679 0.337838 0.678695 0.336576 0.677794 0.334112 0.678094 0.330987 0.679356 0.329063
0 0.692530 0.342842 0.694035 0.342227 0.697113 0.342911 0.699096 0.344005 0.700738 0.345715 0.700943 0.348314 0.700054 0.351050 0.696976 0.352555 0.693966 0.353444 0.691572 0.352213 0.690136 0.350229 0.689999 0.347425 0.690478 0.344689 0.692530 0.342842
0 0.715728 0.332986 0.717440 0.332052 0.719231 0.332285 0.721644 0.332830 0.723356 0.334309 0.724290 0.337968 0.722578 0.342093 0.718842 0.343728 0.715261 0.341937 0.714016 0.339680 0.713782 0.337189 0.714171 0.334932 0.715728 0.332986
0 0.870238 0.484049 0.872373 0.477216 0.886466 0.482981 0.884331 0.488746 0.870238 0.484049
