0 0.422383 0.919484 0.436820 0.917924 0.436126 0.912309 0.472765 0.907377 0.475301 0.927387 0.472483 0.927669 0.475160 0.942606 0.476287 0.942465 0.476287 0.938379 0.481501 0.938097 0.482206 0.942043 0.485870 0.941761 0.487984 0.957262 0.460364 0.959798 0.460223 0.960926 0.451204 0.961771 0.449795 0.949089 0.443172 0.949934 0.443595 0.953457 0.442044 0.953739 0.442467 0.960785 0.430348 0.961771 0.429362 0.956698 0.429208 0.952169 0.428343 0.951737 0.428084 0.946892 0.427305 0.942826 0.426527 0.942739 0.426094 0.937116 0.425575 0.936943 0.425315 0.934002 0.424364 0.934002 0.424104 0.930195 0.423153 0.930022 0.422383 0.919484
2 0.338364 0.998985 0.336660 0.982605 0.356885 0.979716 0.356776 0.977877 0.372753 0.976450 0.371903 0.972761 0.391147 0.969229 0.396697 0.998984 0.338364 0.998985
0 0.502016 0.950923 0.506103 0.980234 0.490320 0.982207 0.485870 0.941761 0.500044 0.940073 0.502016 0.950923
0 0.949122 0.942864 0.965933 0.942455 0.966469 0.946951 0.969543 0.973392 0.950313 0.975193 0.947995 0.948360 0.949545 0.948360 0.949122 0.942864
0 0.949865 0.883954 0.952791 0.909706 0.937770 0.911656 0.935234 0.885710 0.949865 0.883954
0 0.904020 0.862495 0.917091 0.862357 0.916863 0.877000 0.904020 0.877516 0.904020 0.862495
0 0.998733 0.873376 0.975400 0.876213 0.974174 0.868442 0.978385 0.867592 0.976727 0.857975 0.957596 0.860234 0.954275 0.830928 0.981701 0.828959 0.981369 0.826804 0.996789 0.824482 0.998733 0.834848 0.998733 0.857986 0.997618 0.858141 0.998733 0.865386 0.998733 0.873376
0 0.998733 0.921307 0.991644 0.922593 0.991041 0.926902 0.979437 0.927004 0.979030 0.923441 0.977503 0.923645 0.973330 0.888629 0.971905 0.878145 0.990940 0.875905 0.991958 0.885270 0.994538 0.885923 0.998733 0.917550 0.998733 0.921307
0 0.866530 0.738481 0.858726 0.730483 0.854044 0.720338 0.862433 0.714876 0.862238 0.712730 0.885063 0.699269 0.908669 0.732629 0.907498 0.734189 0.916277 0.745894 0.887794 0.765208 0.879015 0.753113 0.887599 0.746870 0.876284 0.733214 0.866530 0.738481
0 0.882767 0.761310 0.883754 0.761733 0.884881 0.762297 0.886149 0.763565 0.887794 0.765208 0.886572 0.767229 0.886290 0.768920 0.885163 0.770611 0.882908 0.770752 0.880654 0.770329 0.879104 0.769343 0.877835 0.766383 0.878161 0.764594 0.879561 0.762640 0.882178 0.761325 0.882767 0.761310
0 0.880513 0.756801 0.882063 0.758210 0.882627 0.760042 0.882178 0.761325 0.879561 0.762640 0.877272 0.762438 0.876003 0.760747 0.875951 0.759117 0.876265 0.757929 0.877611 0.757099 0.879245 0.756519 0.880513 0.756801
0 0.896859 0.761028 0.915179 0.747923 0.919265 0.753983 0.901369 0.766242 0.896859 0.761028
0 0.849452 0.701523 0.851276 0.703845 0.851773 0.706663 0.850944 0.709648 0.848291 0.711306 0.844975 0.712466 0.843317 0.711969 0.841328 0.708321 0.840499 0.705171 0.842488 0.702021 0.846136 0.700860 0.849452 0.701523
0 0.675515 0.939945 0.668492 0.898586 0.683708 0.896050 0.685464 0.906780 0.697755 0.905219 0.696779 0.901318 0.718044 0.897416 0.718434 0.899562 0.738333 0.896245 0.742234 0.916534 0.713557 0.922387 0.714532 0.928435 0.696389 0.931751 0.695023 0.924728 0.689756 0.925118 0.690731 0.930190 0.681562 0.931946 0.683318 0.938969 0.675515 0.939945
0 0.498036 0.751616 0.499860 0.737025 0.511300 0.738020 0.512295 0.730393 0.504502 0.729895 0.505663 0.717957 0.514616 0.717626 0.515777 0.710330 0.530202 0.711988 0.529373 0.716631 0.538492 0.717792 0.530533 0.759243 0.510139 0.755595 0.509974 0.753771 0.498036 0.751616
0 0.569617 0.710655 0.560838 0.708899 0.563179 0.698364 0.559082 0.697584 0.564935 0.670077 0.577030 0.672028 0.578396 0.667346 0.601221 0.670272 0.596539 0.699535 0.579956 0.697584 0.578396 0.709680 0.581322 0.710460 0.581907 0.706363 0.596539 0.708509 0.593808 0.735041 0.588150 0.738943 0.580932 0.738552 0.578201 0.734065 0.569422 0.733090 0.568836 0.735431 0.554010 0.732895 0.556546 0.715532 0.568836 0.713971 0.569617 0.710655
0 0.617955 0.673250 0.621169 0.656264 0.622775 0.654199 0.625759 0.640885 0.637925 0.642262 0.638614 0.639278 0.654452 0.640885 0.650091 0.670496 0.658354 0.671873 0.654222 0.711813 0.634023 0.711124 0.630121 0.711584 0.609692 0.708140 0.614971 0.673480 0.617955 0.673250
2 0.577771 0.614841 0.573869 0.640592 0.557287 0.638056 0.561383 0.613085 0.577771 0.614841
0 0.677868 0.568832 0.672082 0.611150 0.652183 0.607834 0.658036 0.565890 0.677868 0.568832
0 0.487129 0.337598 0.505722 0.331860 0.515592 0.358716 0.495393 0.365832 0.496081 0.367668 0.485522 0.370422 0.477029 0.346550 0.488047 0.342419 0.487129 0.337598
0 0.457653 0.371740 0.464451 0.390973 0.432450 0.402911 0.429798 0.393958 0.447373 0.387657 0.442896 0.375719 0.457653 0.371740
0 0.447444 0.319629 0.457889 0.316313 0.460211 0.322614 0.449433 0.325598 0.447444 0.319629
0 0.998733 0.986727 0.986589 0.988341 0.980319 0.948310 0.998733 0.945687 0.998733 0.986727
4 0.567454 0.991045 0.574612 0.990992 0.574665 0.998257 0.567666 0.998310 0.567454 0.991045
0 0.483692 0.925515 0.483851 0.932090 0.476905 0.932090 0.477170 0.925303 0.483692 0.925515
3 0.564176 0.603910 0.567914 0.604159 0.569782 0.606152 0.569907 0.608893 0.569409 0.610762 0.565422 0.611260 0.562930 0.610388 0.561560 0.607772 0.564176 0.603910
0 0.661070 0.944876 0.667673 0.950607 0.663811 0.955465 0.656461 0.948738 0.661070 0.944876
0 0.833023 0.889458 0.839003 0.889208 0.839128 0.895936 0.833272 0.895811 0.833023 0.889458
