3 0.256958 -0.000000 0.270154 -0.000000 0.279186 0.002734 0.273873 0.020000 0.253951 0.014835 0.256958 -0.000000
2 0.270853 0.037416 0.299210 0.042671 0.293761 0.068476 0.264391 0.063504 0.269730 0.036982 0.270853 0.037416
0 0.323001 0.077618 0.346317 0.079832 0.344842 0.092966 0.321525 0.090310 0.323001 0.077618
0 0.342944 0.117574 0.347338 0.108670 0.355200 0.112139 0.351616 0.120696 0.342944 0.117574
0 0.241446 0.105712 0.252318 0.089676 0.253314 0.090220 0.283483 0.109608 0.273065 0.125825 0.241446 0.105712
0 0.253339 0.125138 0.257882 0.124925 0.261147 0.125351 0.264980 0.127480 0.266542 0.129894 0.266755 0.133230 0.264625 0.136212 0.261928 0.138554 0.258663 0.140187 0.252913 0.140684 0.250215 0.139690 0.248370 0.136780 0.247234 0.133443 0.247234 0.130462 0.248654 0.126771 0.250144 0.125990 0.250996 0.125564 0.253339 0.125138
3 0.267951 0.136436 0.283741 0.114595 0.305761 0.129408 0.316360 0.137019 0.301255 0.158198 0.267951 0.136436
0 0.279819 0.087783 0.284394 0.087914 0.284307 0.092228 0.279731 0.092141 0.279819 0.087783
0 0.089034 0.278067 0.108114 0.216792 0.118751 0.218989 0.127539 0.222111 0.109265 0.283107 0.099469 0.280125 0.089034 0.278067
0 0.078741 0.233422 0.092240 0.236774 0.086260 0.256887 0.071855 0.253444 0.078741 0.233422
0 0.091645 0.279328 0.092201 0.281274 0.091645 0.283054 0.090365 0.284333 0.088808 0.284945 0.087751 0.284723 0.086917 0.283443 0.086528 0.281886 0.086639 0.280551 0.087084 0.279606 0.087696 0.279105 0.088196 0.278938 0.091645 0.279328
0 0.383507 0.082681 0.388762 0.082868 0.388481 0.087842 0.383226 0.088405 0.383507 0.082681
2 0.340516 0.008717 0.341643 0.004495 0.348024 0.006841 0.346428 0.011908 0.340516 0.008717
