0 0.936391 0.735686 0.941543 0.746563 0.934101 0.750188 0.929140 0.739312 0.936391 0.735686
0 0.722365 0.706437 0.738195 0.748326 0.722365 0.753440 0.706535 0.713013 0.722365 0.706437
0 0.742588 0.746152 0.755622 0.740471 0.757678 0.745403 0.767176 0.740289 0.770585 0.748569 0.778622 0.746134 0.783006 0.758311 0.775456 0.761477 0.780083 0.772436 0.775700 0.773897 0.779353 0.783152 0.760844 0.790945 0.742588 0.746152
0 0.917938 0.387596 0.909864 0.366515 0.926759 0.359637 0.924816 0.355003 0.942308 0.348125 0.943803 0.351863 0.948588 0.351115 0.956362 0.371897 0.917938 0.387596
0 0.947840 0.345284 0.958605 0.340799 0.967875 0.364870 0.966080 0.365917 0.969968 0.373991 0.960399 0.378326 0.956362 0.371897 0.948588 0.351115 0.947840 0.345284
0 0.883594 0.398105 0.870950 0.403438 0.864671 0.389982 0.877695 0.384521 0.883594 0.398105
0 0.898610 0.391776 0.884043 0.397920 0.878145 0.384336 0.892480 0.378320 0.898610 0.391776
0 0.998376 0.138438 0.986355 0.143399 0.987881 0.147788 0.970899 0.151605 0.969754 0.148551 0.952389 0.153322 0.947428 0.139201 0.953725 0.136721 0.951626 0.130042 0.990935 0.118021 0.998376 0.138438
4 0.920491 0.130147 0.926216 0.140069 0.921064 0.143504 0.914576 0.133390 0.920491 0.130147
0 0.868353 0.270510 0.877322 0.269174 0.880947 0.279478 0.871597 0.281959 0.868353 0.270510
0 0.866815 0.351276 0.879673 0.345744 0.882813 0.355612 0.869955 0.360097 0.866815 0.351276
0 0.923102 0.113903 0.920411 0.111960 0.921458 0.105531 0.933867 0.105830 0.933119 0.114501 0.923102 0.113903
0 0.894258 0.087639 0.892906 0.087189 0.891891 0.082624 0.898766 0.080314 0.900118 0.085949 0.894258 0.087639
