2 0.983368 0.001084 0.992654 0.043398 0.977910 0.047141 0.969233 -0.000000 0.977406 -0.000000 0.977782 0.002137 0.983368 0.001084
0 0.913857 -0.000000 0.922256 -0.000000 0.922777 0.001398 0.922679 0.003286 0.922386 0.005109 0.922191 0.006151 0.920238 0.007616 0.918936 0.008071 0.915680 0.007388 0.914867 0.006509 0.913988 0.005077 0.913369 0.003840 0.913499 0.002538 0.913857 -0.000000
0 0.893399 0.066047 0.906960 0.064925 0.910399 0.091131 0.897302 0.091768 0.893399 0.066047
0 0.892558 0.059714 0.894739 0.058184 0.897636 0.058217 0.898352 0.058477 0.899687 0.059421 0.899980 0.060430 0.900306 0.062155 0.900306 0.064174 0.899785 0.065020 0.898483 0.065704 0.896660 0.066062 0.893958 0.066062 0.892200 0.064727 0.891777 0.062937 0.892233 0.060658 0.892558 0.059714
0 0.900171 0.058982 0.902645 0.057745 0.903980 0.057517 0.905412 0.057680 0.906324 0.058136 0.907430 0.058950 0.908016 0.059861 0.908407 0.061814 0.908179 0.063409 0.907007 0.064549 0.905054 0.065167 0.903036 0.065200 0.901441 0.064777 0.900306 0.064174 0.899976 0.063312 0.899260 0.060903 0.900171 0.058982
0 0.833381 0.040607 0.876998 0.035339 0.882612 0.084138 0.843745 0.087938 0.842104 0.070060 0.835731 0.070018 0.833381 0.040607
0 0.836269 0.081896 0.837506 0.079846 0.839003 0.078967 0.841119 0.078967 0.842519 0.079455 0.843365 0.080008 0.843886 0.081896 0.843690 0.084631 0.843593 0.086226 0.841477 0.086747 0.839393 0.086877 0.836887 0.085803 0.835845 0.084110 0.835813 0.082906 0.836269 0.081896
0 0.812708 0.023256 0.817887 0.023212 0.817834 0.027189 0.825064 0.026933 0.826023 0.043270 0.816963 0.043801 0.816298 0.030049 0.812434 0.029883 0.812708 0.023256
0 0.735200 0.035273 0.748126 0.034799 0.750359 0.077027 0.738651 0.078110 0.735200 0.035273
0 0.738321 0.092503 0.739806 0.082481 0.752691 0.084337 0.751153 0.094412 0.738321 0.092503
2 0.949630 0.017945 0.956942 0.016874 0.956750 0.012215 0.970135 0.011246 0.971151 0.020652 0.962488 0.021532 0.962218 0.024577 0.950375 0.025525 0.949630 0.017945
0 0.968282 0.059039 0.973479 0.058773 0.974062 0.067469 0.968494 0.067947 0.968282 0.059039
0 0.972689 0.050122 0.980877 0.049175 0.981960 0.063319 0.974448 0.064604 0.972689 0.050122
0 0.810851 0.132397 0.821615 0.132662 0.820926 0.147614 0.810109 0.146713 0.810851 0.132397
4 0.864837 0.149597 0.873104 0.149639 0.873021 0.155746 0.865044 0.155455 0.864837 0.149597
0 0.810509 0.179837 0.818887 0.180209 0.818091 0.195214 0.809501 0.194949 0.810509 0.179837
0 0.681102 0.148070 0.690835 0.148298 0.690673 0.156990 0.688003 0.156892 0.687906 0.158259 0.680809 0.158259 0.681102 0.148070
0 0.694245 0.187527 0.706440 0.188004 0.705963 0.199934 0.693449 0.199934 0.694245 0.187527
3 0.552650 0.371545 0.588145 0.377498 0.583625 0.406820 0.570601 0.405763 0.570866 0.396590 0.549232 0.394840 0.552650 0.371545
0 0.626262 0.385911 0.627270 0.377745 0.635913 0.378911 0.634534 0.387607 0.626262 0.385911
0 0.643323 0.370662 0.644701 0.368966 0.646981 0.368117 0.649686 0.368117 0.650746 0.368488 0.653238 0.370715 0.653556 0.372624 0.652443 0.376442 0.651170 0.377980 0.646398 0.378351 0.642580 0.377237 0.641838 0.372942 0.643323 0.370662
0 0.666649 0.379457 0.686946 0.382134 0.684943 0.396958 0.670043 0.396057 0.669831 0.387202 0.666438 0.386619 0.666649 0.379457
0 0.642425 0.499657 0.646003 0.467475 0.642281 0.467340 0.642754 0.462061 0.648439 0.462535 0.675779 0.465242 0.673088 0.493032 0.680430 0.493896 0.677666 0.525751 0.653574 0.523180 0.655875 0.501998 0.642425 0.499657
0 0.686144 0.525885 0.697492 0.526680 0.698022 0.522067 0.702158 0.522385 0.701840 0.527582 0.703536 0.527794 0.703006 0.537762 0.685084 0.536649 0.686144 0.525885
0 0.612047 0.493883 0.622123 0.494771 0.621777 0.501335 0.633696 0.501594 0.631278 0.531392 0.608562 0.530010 0.612047 0.493883
0 0.549322 0.503601 0.553723 0.500049 0.556957 0.500049 0.559184 0.499996 0.561199 0.500420 0.566290 0.503442 0.567721 0.507207 0.567986 0.510653 0.567085 0.513252 0.562949 0.516327 0.560828 0.517759 0.557647 0.518130 0.552397 0.516592 0.550860 0.514842 0.548686 0.512456 0.548474 0.509434 0.549269 0.505298 0.549322 0.503601
3 0.567689 0.457728 0.570016 0.442065 0.582272 0.443187 0.580818 0.458891 0.567689 0.457728
2 0.543386 0.374283 0.544493 0.372818 0.544818 0.372623 0.547520 0.372656 0.549669 0.374218 0.550092 0.375227 0.550255 0.376725 0.549311 0.378124 0.548367 0.378678 0.547097 0.379166 0.545860 0.379231 0.544558 0.378938 0.543321 0.378092 0.542865 0.377115 0.542605 0.375683 0.543386 0.374283
3 0.544132 0.358735 0.551486 0.358902 0.551403 0.362765 0.552940 0.362765 0.552607 0.371116 0.544631 0.370991 0.544838 0.368914 0.540975 0.368665 0.541224 0.361228 0.544049 0.361020 0.544132 0.358735
