0 0.166808 0.744856 0.167960 0.743589 0.169861 0.742552 0.172396 0.742552 0.173836 0.742552 0.174815 0.743531 0.175737 0.745605 0.176141 0.747737 0.175795 0.748947 0.173318 0.750041 0.170149 0.750272 0.167902 0.750099 0.166923 0.748832 0.166404 0.746642 0.166808 0.744856
0 0.194440 0.662401 0.247504 0.666693 0.247894 0.711368 0.213559 0.710782 0.214144 0.718586 0.194830 0.718196 0.194440 0.662401
0 0.286709 0.597647 0.298173 0.597800 0.298785 0.627912 0.287474 0.628065 0.286709 0.597647
0 0.309302 0.618576 0.298494 0.617914 0.298420 0.612767 0.309817 0.613943 0.309302 0.618576
4 0.420556 0.595818 0.429530 0.595623 0.429725 0.601671 0.420946 0.601085 0.420556 0.595818
0 0.408461 0.632299 0.408656 0.599915 0.433042 0.602061 0.433042 0.631714 0.408461 0.632299
0 0.401358 0.503905 0.402337 0.511279 0.396115 0.510991 0.397325 0.516809 0.397613 0.520093 0.398996 0.520035 0.398938 0.525566 0.389260 0.525278 0.389375 0.523031 0.388165 0.523204 0.388280 0.517731 0.387301 0.517673 0.387358 0.513929 0.386149 0.513813 0.386091 0.510472 0.395193 0.510587 0.395136 0.508052 0.394156 0.507995 0.394041 0.503501 0.401358 0.503905
0 0.379247 0.519129 0.370318 0.518495 0.370145 0.513599 0.379132 0.513541 0.379247 0.519129
0 0.350108 0.508911 0.358372 0.508792 0.358611 0.517295 0.350228 0.517415 0.350108 0.508911
0 0.387956 0.574243 0.388187 0.584209 0.381389 0.584382 0.381274 0.574070 0.387956 0.574243
0 0.355808 0.564075 0.355928 0.560123 0.358083 0.559883 0.358203 0.558686 0.365389 0.558566 0.365150 0.564794 0.355808 0.564075
0 0.353532 0.564794 0.366587 0.565273 0.366467 0.571740 0.366467 0.573058 0.372575 0.573297 0.372934 0.571381 0.380599 0.572219 0.379522 0.589585 0.351856 0.586232 0.353532 0.564794
0 0.356772 0.588433 0.358500 0.587511 0.361323 0.588087 0.362878 0.589758 0.362129 0.591083 0.359825 0.592235 0.357117 0.591947 0.355908 0.590564 0.356772 0.588433
0 0.341031 0.541372 0.352801 0.541678 0.353259 0.545193 0.359068 0.549932 0.352036 0.555587 0.351272 0.557422 0.347756 0.557880 0.347298 0.556963 0.343171 0.557269 0.343171 0.561549 0.332624 0.561090 0.332624 0.555129 0.341184 0.555435 0.341184 0.553295 0.340114 0.552836 0.341031 0.541372
0 0.305948 0.530326 0.338884 0.531284 0.338884 0.555238 0.304990 0.554998 0.305948 0.530326
0 0.194858 0.716422 0.187423 0.715871 0.185679 0.711006 0.187423 0.709446 0.188157 0.708253 0.186046 0.705224 0.187148 0.702929 0.193573 0.700910 0.194858 0.716422
