0 0.012066 0.477372 0.020167 0.450622 0.038663 0.455514 0.046917 0.435489 0.068317 0.442368 0.064037 0.457042 0.071221 0.459029 0.060674 0.491587 0.012066 0.477372
0 0.078974 0.433160 0.082336 0.407328 0.099301 0.410537 0.097163 0.430715 0.094871 0.430409 0.094259 0.436676 0.078974 0.433160
0 0.001243 0.410802 0.003389 0.393244 0.035578 0.398707 0.032847 0.417240 0.001243 0.410802
0 0.087082 0.482059 0.090436 0.470441 0.095945 0.472837 0.092951 0.483496 0.087082 0.482059
0 0.536399 0.352995 0.535177 0.336792 0.538081 0.336639 0.536247 0.319214 0.556271 0.318755 0.557494 0.334194 0.566665 0.334499 0.567582 0.352995 0.536399 0.352995
0 0.540365 0.303513 0.539194 0.291613 0.545242 0.291418 0.543096 0.268007 0.545930 0.267970 0.568847 0.267227 0.570018 0.302342 0.540365 0.303513
0 0.536056 0.262446 0.535275 0.252106 0.553638 0.250878 0.554120 0.257844 0.568869 0.257229 0.568847 0.267227 0.545930 0.267970 0.545440 0.262468 0.536056 0.262446
0 0.596519 0.788915 0.608986 0.754676 0.628478 0.760877 0.618587 0.785730 0.622271 0.787549 0.627211 0.776462 0.645876 0.785208 0.635147 0.813105 0.632173 0.812253 0.629059 0.821692 0.610373 0.814350 0.613010 0.808013 0.608235 0.805441 0.606079 0.809789 0.594959 0.805107 0.601535 0.790985 0.596519 0.788915
0 0.596123 0.876425 0.605906 0.855484 0.617982 0.861751 0.609728 0.882233 0.596123 0.876425
0 0.588164 0.871196 0.591233 0.873345 0.591693 0.876569 0.591693 0.880253 0.587088 0.880599 0.583865 0.880253 0.582713 0.876799 0.583059 0.874151 0.584440 0.871964 0.588164 0.871196
