4 0.682721 -0.000000 0.702108 -0.000000 0.688791 0.008416 0.682721 -0.000000
0 0.076929 0.000306 0.121880 -0.000000 0.132938 0.020498 0.091833 0.038046 0.076929 0.000306
0 0.133868 0.007668 0.138150 0.005443 0.142822 0.013118 0.138429 0.015176 0.133868 0.007668
0 0.146831 0.002926 0.152367 -0.000000 0.157620 0.010096 0.151871 0.012935 0.146831 0.002926
0 0.156627 -0.000000 0.163680 -0.000000 0.168883 0.009740 0.160789 0.014596 0.156511 0.005346 0.159286 0.004421 0.156627 -0.000000
2 0.256902 0.067784 0.271275 0.062105 0.270840 0.061059 0.276938 0.058771 0.277364 0.055435 0.282475 0.056854 0.291323 0.054023 0.295370 0.065586 0.274931 0.072857 0.274387 0.070683 0.259439 0.076028 0.256902 0.067784
2 0.267102 0.110153 0.273136 0.108166 0.272710 0.106604 0.277750 0.105113 0.276543 0.101138 0.285345 0.098157 0.291166 0.115832 0.284919 0.118104 0.285203 0.119665 0.271432 0.123995 0.267102 0.110153
0 0.177776 0.114838 0.211456 0.101500 0.218271 0.116265 0.210216 0.119949 0.212700 0.126124 0.187004 0.137837 0.177776 0.114838
2 0.182943 0.101804 0.184817 0.102065 0.185645 0.102762 0.186168 0.103852 0.186342 0.105072 0.186168 0.106118 0.185558 0.106946 0.184861 0.107600 0.183597 0.108123 0.182420 0.107992 0.181331 0.107600 0.180590 0.106597 0.180329 0.105203 0.180764 0.104026 0.181549 0.103024 0.181941 0.102501 0.182943 0.101804
0 -0.000000 0.022568 0.010699 0.017943 0.031421 0.062030 0.002981 0.074460 -0.000000 0.066362 -0.000000 0.022568
0 0.003363 0.083304 0.004272 0.082712 0.004982 0.081931 0.006402 0.078240 0.007883 0.075017 0.022197 0.069178 0.025399 0.077088 0.030861 0.074263 0.041408 0.100820 0.036323 0.103080 0.040090 0.110614 0.018618 0.119843 0.003363 0.083304
0 0.000046 0.080354 0.000472 0.078153 0.001750 0.077230 0.003382 0.077230 0.004731 0.077869 0.005299 0.078721 0.005299 0.079857 0.004802 0.080851 0.003666 0.081489 0.002602 0.081773 0.001253 0.081773 0.000614 0.081418 0.000046 0.080354
0 0.001771 0.137205 0.031363 0.120631 0.036071 0.127411 0.043040 0.123644 0.057082 0.159435 0.034481 0.168476 0.031879 0.162336 0.020571 0.168314 0.016378 0.159435 0.010561 0.162260 0.001771 0.137205
0 0.186785 0.226244 0.209010 0.215320 0.215414 0.228127 0.192247 0.237921 0.186785 0.226244
0 0.169739 0.225916 0.175937 0.223850 0.182430 0.240378 0.176232 0.242739 0.169739 0.225916
0 0.005245 0.256489 0.017488 0.251592 0.030295 0.278902 0.018430 0.284552 0.021066 0.290203 0.009012 0.295476 -0.000000 0.273440 -0.000000 0.269485 0.009201 0.265718 0.005245 0.256489
0 0.034263 0.241695 0.058842 0.231562 0.061667 0.236647 0.065513 0.243137 0.097243 0.230157 0.106378 0.250830 0.074407 0.264772 0.076090 0.269579 0.052052 0.279916 0.034263 0.241695
4 0.080863 0.266668 0.092888 0.261118 0.095201 0.267015 0.083291 0.271640 0.080863 0.266668
0 0.027099 0.348629 0.021823 0.350388 0.013225 0.332190 0.033943 0.323150 0.043981 0.346894 0.040165 0.348513 0.043287 0.355104 0.028949 0.361579 0.026290 0.355566 0.029296 0.353601 0.027099 0.348629
0 0.081519 0.356330 0.104608 0.345995 0.111766 0.361306 0.116295 0.359494 0.122184 0.372993 0.104182 0.381190 0.101291 0.373443 0.094585 0.376680 0.089844 0.365927 0.086607 0.367546 0.081519 0.356330
0 0.036528 0.408490 0.031133 0.400965 0.044762 0.392944 0.053067 0.405437 0.039580 0.413175 0.036528 0.408490
0 -0.000000 0.410179 0.007242 0.406283 0.015306 0.422228 -0.000000 0.430654 -0.000000 0.410179
0 0.078198 0.423086 0.115974 0.407142 0.124530 0.426798 0.108921 0.434314 0.105452 0.426683 0.084986 0.436627 0.078198 0.423086
0 0.135453 0.399551 0.163935 0.387155 0.175741 0.415932 0.157458 0.424874 0.159813 0.431216 0.121919 0.447424 0.117988 0.438174 0.145738 0.424877 0.135453 0.399551
0 0.094546 0.456251 0.104143 0.452666 0.107497 0.459835 0.097784 0.463651 0.094546 0.456251
0 0.108075 0.443301 0.116284 0.439832 0.119637 0.448041 0.110965 0.451163 0.108075 0.443301
0 0.048380 0.433981 0.055356 0.433257 0.056172 0.444762 0.049558 0.445306 0.048380 0.433981
0 0.255279 0.676776 0.295076 0.657716 0.313817 0.697118 0.306099 0.700976 0.308180 0.705023 0.283320 0.717049 0.279851 0.710805 0.263895 0.719592 0.260297 0.711456 0.269446 0.706143 0.255279 0.676776
0 0.268829 0.652560 0.264589 0.639326 0.280970 0.631863 0.285942 0.645275 0.268829 0.652560
0 0.245687 0.638500 0.242912 0.632487 0.268582 0.622543 0.271472 0.628903 0.245687 0.638500
0 0.246159 0.652531 0.260564 0.646733 0.263826 0.653981 0.249602 0.659870 0.246159 0.652531
0 0.275703 0.757801 0.316762 0.741792 0.322978 0.759685 0.281730 0.775317 0.275703 0.757801
0 0.253518 0.787345 0.268549 0.780870 0.278262 0.801105 0.263924 0.807696 0.253518 0.787345
0 0.307831 0.842979 0.306918 0.841430 0.359814 0.817365 0.367913 0.833185 0.350020 0.841849 0.315364 0.857294 0.307831 0.842979
0 0.316036 0.793621 0.347302 0.782320 0.358979 0.812455 0.336001 0.820554 0.331104 0.808500 0.323570 0.811325 0.316036 0.793621
0 0.174484 0.734694 0.184994 0.731523 0.189433 0.745294 0.178742 0.748374 0.174484 0.734694
0 0.229230 0.714597 0.234780 0.728588 0.223680 0.732288 0.219055 0.717835 0.229230 0.714597
0 0.394429 0.998984 0.387608 0.980514 0.409596 0.970922 0.413728 0.978596 0.414761 0.978153 0.419779 0.990107 0.418598 0.990697 0.421992 0.998518 0.422225 0.998984 0.394429 0.998984
0 0.393419 0.958660 0.399663 0.970917 0.384862 0.979127 0.378734 0.966870 0.393419 0.958660
0 0.387802 0.939621 0.409643 0.929438 0.410233 0.930323 0.415988 0.941687 0.393410 0.951869 0.387802 0.939621
0 0.361133 0.924463 0.360868 0.923849 0.373511 0.917635 0.401487 0.905269 0.409927 0.923538 0.380674 0.936604 0.379517 0.934292 0.368302 0.940189 0.361133 0.924463
0 0.505633 0.965733 0.539441 0.952135 0.539672 0.952713 0.546957 0.970173 0.549269 0.969364 0.551795 0.975184 0.536742 0.981678 0.538808 0.986990 0.519476 0.994369 0.512540 0.976365 0.510622 0.977398 0.505633 0.965733
0 0.561513 0.940785 0.568942 0.937523 0.573834 0.949573 0.565862 0.952472 0.561513 0.940785
0 0.744570 0.933854 0.788831 0.928957 0.791845 0.950617 0.746830 0.954007 0.744570 0.933854
0 0.488113 0.933968 0.492903 0.931755 0.490076 0.924127 0.500514 0.920258 0.495657 0.909620 0.510920 0.902335 0.518927 0.921465 0.531415 0.915453 0.534190 0.921234 0.547834 0.916031 0.555106 0.932698 0.540973 0.937862 0.540675 0.936966 0.539495 0.933277 0.500620 0.947749 0.498989 0.945122 0.493644 0.947930 0.488113 0.933968
0 0.705968 0.933844 0.705564 0.932307 0.715679 0.929818 0.721229 0.952365 0.711054 0.954562 0.705968 0.933844
0 0.770378 0.892707 0.780344 0.887814 0.783787 0.894337 0.773821 0.899411 0.770378 0.892707
0 0.750508 0.854065 0.765655 0.846664 0.773633 0.864934 0.757677 0.871293 0.750508 0.854065
0 0.760795 0.732282 0.779083 0.723939 0.795021 0.761535 0.788777 0.764773 0.792824 0.774023 0.781608 0.779573 0.760795 0.732282
0 0.812571 0.717386 0.814062 0.714759 0.815766 0.713624 0.818179 0.712701 0.820167 0.712346 0.823006 0.712417 0.825988 0.713695 0.828259 0.715327 0.829537 0.717102 0.830460 0.718805 0.830673 0.721006 0.830460 0.722710 0.829821 0.724910 0.828401 0.727040 0.825775 0.728247 0.823077 0.729169 0.819457 0.728956 0.817115 0.728317 0.813636 0.726543 0.812359 0.723633 0.812075 0.720296 0.812359 0.718805 0.812571 0.717386
0 0.892286 0.602529 0.903468 0.631260 0.907305 0.629489 0.925076 0.674070 0.899084 0.685371 0.875500 0.628437 0.873053 0.629343 0.864003 0.610091 0.878572 0.604656 0.879844 0.608588 0.892286 0.602529
0 0.846989 0.586206 0.857858 0.610951 0.844330 0.616848 0.833114 0.593144 0.846989 0.586206
0 0.797555 0.586509 0.810174 0.580294 0.814694 0.591406 0.802075 0.596680 0.797555 0.586509
0 0.527930 0.890671 0.535214 0.886971 0.538799 0.894718 0.531167 0.897956 0.527930 0.890671
0 0.488906 0.850086 0.494214 0.847579 0.494032 0.847398 0.493761 0.846492 0.493942 0.844861 0.495119 0.842868 0.496388 0.841871 0.499921 0.841327 0.495694 0.832082 0.526537 0.818653 0.539523 0.847134 0.496137 0.865433 0.488906 0.850086
0 0.539885 0.814800 0.539290 0.813046 0.556188 0.806243 0.566595 0.833763 0.549366 0.840007 0.539885 0.814800
0 0.596795 0.826103 0.607305 0.820848 0.612106 0.830723 0.601325 0.835706 0.596795 0.826103
0 0.662485 0.766895 0.708268 0.747661 0.714049 0.763271 0.711274 0.767665 0.717171 0.781078 0.700348 0.788034 0.699709 0.786757 0.674510 0.796727 0.662485 0.766895
0 0.406579 0.806828 0.406392 0.806396 0.442184 0.793601 0.445717 0.801121 0.441187 0.803476 0.450791 0.824585 0.443180 0.827756 0.440281 0.822501 0.432399 0.825854 0.430950 0.823407 0.417088 0.830746 0.406579 0.806828
0 0.501208 0.800537 0.545429 0.781057 0.553103 0.794929 0.508093 0.814851 0.501208 0.800537
0 0.555130 0.771738 0.572839 0.764655 0.581545 0.784135 0.563984 0.791808 0.555130 0.771738
0 0.452776 0.764865 0.452299 0.763523 0.475945 0.755273 0.482143 0.771063 0.458384 0.779918 0.452776 0.764865
0 0.513761 0.774568 0.519920 0.771912 0.519991 0.770492 0.525812 0.767937 0.527445 0.769143 0.530639 0.768505 0.530639 0.766091 0.536077 0.764278 0.539893 0.771562 0.516536 0.780928 0.513761 0.774568
0 0.626442 0.709193 0.639624 0.703874 0.648412 0.723415 0.634536 0.729543 0.632686 0.726884 0.630258 0.729659 0.628755 0.730237 0.625286 0.730815 0.621239 0.730237 0.618464 0.727925 0.617655 0.725150 0.617770 0.722490 0.618464 0.719715 0.619620 0.717865 0.621933 0.716246 0.625402 0.715668 0.627252 0.715784 0.628524 0.716246 0.626442 0.709193
0 0.664856 0.710468 0.693485 0.713420 0.692600 0.723602 0.688911 0.723160 0.688616 0.732604 0.662052 0.729948 0.664856 0.710468
0 0.631798 0.689061 0.638273 0.687789 0.637811 0.686286 0.643361 0.684552 0.646020 0.692068 0.633764 0.695652 0.631798 0.689061
0 0.584600 0.740171 0.584213 0.739457 0.578258 0.742436 0.575902 0.737091 0.591304 0.729843 0.593297 0.733648 0.599548 0.730568 0.602900 0.737725 0.587046 0.745154 0.584600 0.740171
0 0.539308 0.747431 0.546709 0.744194 0.550987 0.752750 0.543587 0.756219 0.539308 0.747431
0 0.541717 0.758562 0.548673 0.757639 0.549312 0.763815 0.542711 0.764525 0.541717 0.758562
0 0.414385 0.780054 0.424985 0.774075 0.428427 0.780598 0.417465 0.785943 0.414385 0.780054
0 0.402247 0.776987 0.407682 0.774212 0.412885 0.784040 0.407566 0.786931 0.402247 0.776987
0 0.416507 0.737146 0.411419 0.724427 0.439853 0.713535 0.444750 0.726531 0.416507 0.737146
0 0.383307 0.755743 0.386168 0.754362 0.413753 0.744327 0.415228 0.739605 0.425558 0.737539 0.427772 0.737539 0.430871 0.737982 0.432347 0.740490 0.431461 0.745951 0.434986 0.753189 0.424810 0.757236 0.427130 0.763606 0.418574 0.766959 0.417649 0.765109 0.390592 0.775631 0.383307 0.755743
0 0.396930 0.688980 0.414492 0.681749 0.416115 0.684996 0.422608 0.682487 0.433233 0.708017 0.408294 0.718347 0.396930 0.688980
0 0.461604 0.739806 0.458482 0.731365 0.466923 0.729052 0.469466 0.736453 0.472010 0.735759 0.474901 0.743968 0.464032 0.747437 0.461604 0.739806
0 0.469492 0.667946 0.475395 0.664257 0.483364 0.684031 0.476428 0.686688 0.469492 0.667946
0 0.521566 0.641462 0.529100 0.636754 0.535127 0.648054 0.527593 0.652575 0.521566 0.641462
0 0.396154 0.643197 0.417430 0.634756 0.422633 0.647475 0.401242 0.655800 0.396154 0.643197
0 0.384658 0.607823 0.418371 0.597275 0.429672 0.628352 0.410640 0.636407 0.409484 0.633863 0.395840 0.638951 0.384658 0.607823
0 0.421884 0.637228 0.422665 0.635383 0.423020 0.635099 0.423233 0.634957 0.424937 0.633892 0.426214 0.633395 0.427563 0.632898 0.429338 0.632898 0.429906 0.632898 0.430261 0.633111 0.431680 0.634318 0.432248 0.635383 0.432603 0.637370 0.432816 0.639074 0.432461 0.640706 0.431822 0.641771 0.430261 0.642765 0.429054 0.642907 0.428344 0.643049 0.426995 0.643191 0.426498 0.643191 0.425008 0.642978 0.423162 0.642197 0.422026 0.640848 0.421600 0.638861 0.421884 0.637228
0 0.436792 0.540994 0.441995 0.551632 0.419332 0.561576 0.415170 0.550129 0.436098 0.540647 0.436792 0.540994
0 0.555910 0.538310 0.576251 0.529270 0.570601 0.514956 0.584538 0.508740 0.590942 0.524185 0.590189 0.524750 0.599041 0.543207 0.594897 0.545091 0.603938 0.564679 0.572861 0.578616 0.555910 0.538310
0 0.571495 0.452064 0.591206 0.443891 0.602263 0.469611 0.583273 0.478025 0.571495 0.452064
0 0.309337 0.529894 0.309177 0.529516 0.319223 0.525505 0.314945 0.515561 0.346048 0.501570 0.349286 0.508276 0.355992 0.505270 0.364549 0.524927 0.357727 0.527702 0.361542 0.537414 0.319212 0.554899 0.309337 0.529894
0 0.491478 0.371818 0.516801 0.360139 0.524085 0.373205 0.497838 0.384768 0.491478 0.371818
0 0.511126 0.321998 0.524770 0.316448 0.534020 0.337839 0.527314 0.340729 0.526157 0.338070 0.518757 0.341423 0.511126 0.321998
0 0.366608 0.374628 0.365855 0.373052 0.388597 0.362946 0.386053 0.355892 0.421253 0.339750 0.428975 0.357266 0.413049 0.363761 0.403188 0.368968 0.408392 0.380068 0.415329 0.377409 0.420533 0.389781 0.410589 0.393596 0.407004 0.384115 0.403535 0.385618 0.406310 0.391168 0.393652 0.396531 0.391270 0.391389 0.382251 0.395436 0.381365 0.393370 0.375610 0.396321 0.366608 0.374628
0 0.394639 0.397906 0.406882 0.392448 0.412046 0.404678 0.401718 0.409661 0.405795 0.419536 0.390212 0.426240 0.386228 0.415615 0.399804 0.409712 0.394639 0.397906
0 0.231821 0.172811 0.235603 0.178516 0.219604 0.186330 0.216504 0.180191 0.231821 0.172811
0 0.073065 0.426763 0.074953 0.426372 0.076906 0.426730 0.077818 0.427251 0.078567 0.427804 0.079218 0.428520 0.079511 0.429399 0.079478 0.430864 0.078990 0.432752 0.078111 0.433924 0.076483 0.434543 0.075018 0.434608 0.072707 0.433826 0.072056 0.433175 0.071600 0.432362 0.071568 0.431678 0.071438 0.430929 0.071405 0.429595 0.071405 0.428520 0.071600 0.427967 0.073065 0.426763
0 0.626863 0.893491 0.631095 0.902905 0.617967 0.907396 0.613821 0.898327 0.626863 0.893491
4 0.333017 0.966398 0.336465 0.966606 0.336299 0.967811 0.342697 0.968102 0.342365 0.974043 0.334637 0.973627 0.334845 0.969930 0.332809 0.969846 0.333017 0.966398
0 0.490915 0.785517 0.495652 0.794720 0.490712 0.797359 0.486178 0.788088 0.490915 0.785517
0 0.561763 0.736432 0.570357 0.735620 0.571778 0.744485 0.563116 0.745636 0.561763 0.736432
4 0.523629 0.568757 0.528120 0.574717 0.525011 0.577308 0.520433 0.571348 0.523629 0.568757
0 0.467831 0.525348 0.476847 0.525763 0.476556 0.530707 0.467208 0.530250 0.467831 0.525348
0 0.661956 0.888860 0.668682 0.886264 0.674936 0.895940 0.667148 0.899008 0.661956 0.888860
