0 0.603664 0.476883 0.618894 0.467869 0.629152 0.485897 0.635057 0.482789 0.630706 0.475951 0.636301 0.474086 0.649666 0.494911 0.640341 0.499262 0.644071 0.505168 0.631017 0.515425 0.603664 0.476883
0 0.657126 0.459166 0.667694 0.447666 0.696911 0.474707 0.704681 0.467247 0.715560 0.478437 0.699397 0.494600 0.657126 0.459166
0 0.668626 0.413786 0.686343 0.398556 0.700641 0.414097 0.684167 0.429638 0.668626 0.413786
0 0.699087 0.383947 0.718979 0.366230 0.727993 0.372758 0.732966 0.380217 0.714938 0.398556 0.699087 0.383947
0 0.731161 0.375215 0.752591 0.353258 0.777725 0.377731 0.754413 0.399799 0.731161 0.375215
0 0.789312 0.500717 0.806885 0.466605 0.834544 0.480210 0.815556 0.515046 0.789312 0.500717
0 0.789312 0.500717 0.815556 0.515046 0.810324 0.522223 0.785355 0.510710 0.789312 0.500717
0 0.829461 0.495610 0.834694 0.487536 0.842319 0.493517 0.836936 0.502188 0.829461 0.495610
0 0.746029 0.479027 0.769118 0.490095 0.763203 0.500971 0.771408 0.504215 0.764157 0.515664 0.759196 0.531120 0.728283 0.516809 0.746029 0.479027
0 0.705491 0.572698 0.717894 0.562203 0.737548 0.586819 0.723809 0.597505 0.705491 0.572698
0 0.761278 0.583295 0.759981 0.584503 0.757832 0.582419 0.760697 0.579294 0.762487 0.580824 0.768270 0.574797 0.782581 0.587582 0.775712 0.595787 0.761278 0.583295
4 0.763545 0.282589 0.769816 0.279718 0.772385 0.285082 0.766114 0.288029 0.763545 0.282589
0 0.789312 0.500717 0.785355 0.510710 0.778205 0.507488 0.782524 0.497037 0.789312 0.500717
