0 0.156994 0.469514 0.229018 0.477516 0.224709 0.504294 0.153301 0.497830 0.156994 0.469514
0 0.245572 0.370001 0.251119 0.371448 0.253531 0.374342 0.252566 0.377719 0.250878 0.380371 0.244849 0.380613 0.243161 0.378683 0.242920 0.372654 0.245572 0.370001
0 0.244240 0.381563 0.249240 0.381563 0.250239 0.383562 0.250512 0.387834 0.249240 0.391106 0.242604 0.391106 0.240514 0.388380 0.240696 0.385380 0.241695 0.382835 0.244240 0.381563
0 0.240499 0.391107 0.246191 0.391663 0.248119 0.393956 0.248261 0.397730 0.245983 0.400864 0.243632 0.401647 0.240926 0.400935 0.238434 0.398442 0.238149 0.395166 0.238647 0.393101 0.240499 0.391107
0 0.239070 0.401918 0.243770 0.403556 0.244553 0.405978 0.244625 0.408684 0.242773 0.410892 0.240921 0.412174 0.237645 0.411675 0.235723 0.409752 0.234868 0.408257 0.234441 0.405978 0.236933 0.403414 0.239070 0.401918
0 0.236101 0.416317 0.237725 0.418405 0.237725 0.419681 0.236449 0.421305 0.233433 0.421305 0.232505 0.420493 0.232505 0.417709 0.234245 0.415969 0.236101 0.416317
0 0.233665 0.423509 0.237725 0.425249 0.238305 0.427685 0.235637 0.430005 0.231925 0.429889 0.230765 0.427917 0.230765 0.426293 0.233665 0.423509
0 0.231925 0.436269 0.237609 0.436965 0.238073 0.441373 0.236449 0.443926 0.231925 0.446246 0.229488 0.444158 0.228560 0.441721 0.230185 0.438821 0.231925 0.436269
0 0.118853 0.391050 0.141706 0.395690 0.137994 0.413438 0.115025 0.408798 0.118853 0.391050
0 0.095934 0.474899 0.117401 0.477268 0.113256 0.526125 0.092676 0.524201 0.095934 0.474899
0 0.130060 0.570721 0.158217 0.572120 0.157869 0.583953 0.161233 0.584069 0.160769 0.596829 0.130028 0.597177 0.130060 0.570721
0 0.452056 0.517768 0.467265 0.519120 0.466917 0.523528 0.483853 0.525036 0.483621 0.515524 0.502878 0.516800 0.502762 0.531416 0.515987 0.532692 0.514130 0.557981 0.496150 0.557053 0.496498 0.559721 0.485371 0.559982 0.484781 0.557401 0.454040 0.557633 0.449284 0.554733 0.450096 0.544525 0.446500 0.544641 0.447544 0.531996 0.450560 0.532112 0.452056 0.517768
0 0.408794 0.476740 0.420810 0.476299 0.419597 0.492393 0.408243 0.492723 0.408794 0.476740
4 0.332198 0.379467 0.336866 0.379467 0.338841 0.381442 0.339201 0.384494 0.335789 0.389163 0.332737 0.388804 0.328248 0.386290 0.327888 0.385033 0.327529 0.381083 0.332198 0.379467
4 0.319090 0.295254 0.323938 0.298127 0.326811 0.300282 0.325195 0.302796 0.321424 0.306028 0.317474 0.306207 0.315319 0.302437 0.314960 0.297589 0.319090 0.295254
0 0.339380 0.250365 0.342612 0.252340 0.343869 0.255572 0.342612 0.258265 0.338662 0.259702 0.335071 0.257727 0.335071 0.253058 0.339380 0.250365
4 0.189809 0.193984 0.193579 0.195959 0.194297 0.200807 0.191604 0.204218 0.186756 0.204578 0.183344 0.200986 0.185858 0.195959 0.189809 0.193984
4 0.201121 0.197575 0.205251 0.199011 0.205430 0.202602 0.204712 0.206553 0.202018 0.207271 0.196632 0.205296 0.196093 0.200986 0.201121 0.197575
4 0.215665 0.198114 0.220513 0.200448 0.219076 0.205116 0.217281 0.208169 0.211715 0.208528 0.208303 0.205296 0.209021 0.200627 0.212612 0.198652 0.215665 0.198114
4 0.223861 0.200045 0.228870 0.199354 0.231548 0.201946 0.231202 0.206610 0.230080 0.209373 0.226193 0.209546 0.223343 0.209287 0.221874 0.205746 0.221442 0.201686 0.223861 0.200045
4 0.237076 0.202982 0.239839 0.203068 0.242344 0.205228 0.242258 0.208596 0.242171 0.211446 0.239062 0.212224 0.236039 0.212828 0.233534 0.211619 0.233362 0.208682 0.233362 0.204796 0.234744 0.203500 0.237076 0.202982
4 0.250204 0.204537 0.254436 0.206696 0.255645 0.210583 0.255041 0.213087 0.252104 0.215160 0.248131 0.215506 0.245108 0.213346 0.244417 0.209460 0.245626 0.206264 0.250204 0.204537
4 0.264541 0.210928 0.267564 0.213433 0.268428 0.217233 0.266787 0.219997 0.263937 0.221293 0.260136 0.221206 0.258409 0.218788 0.257027 0.215592 0.258668 0.213606 0.261950 0.211360 0.264541 0.210928
0 0.107269 0.286789 0.205250 0.299365 0.200278 0.333001 0.101712 0.321301 0.107269 0.286789
0 0.090811 0.290648 0.096197 0.290648 0.102482 0.295855 0.101045 0.304653 0.096736 0.308963 0.092068 0.310579 0.083808 0.306808 0.081833 0.303935 0.080755 0.301062 0.082012 0.295855 0.084706 0.292443 0.090811 0.290648
0 0.433906 0.508237 0.441240 0.515112 0.441469 0.520612 0.438490 0.524737 0.433219 0.525883 0.429094 0.525425 0.423594 0.519925 0.424511 0.514425 0.427948 0.509841 0.433906 0.508237
0 0.450398 0.459803 0.456586 0.461865 0.454523 0.466678 0.448794 0.465073 0.450398 0.459803
