0 0.641790 0.157593 0.659731 0.132625 0.667356 0.137409 0.672141 0.131728 0.716246 0.163125 0.695165 0.193177 0.641790 0.157593
4 0.621631 0.112240 0.624110 0.111138 0.625395 0.111138 0.627414 0.111322 0.628974 0.111873 0.630076 0.112332 0.631177 0.113066 0.632003 0.114076 0.632462 0.115452 0.632462 0.117196 0.632187 0.118757 0.631544 0.120225 0.629433 0.123163 0.627781 0.123713 0.626312 0.123713 0.624660 0.123713 0.622641 0.123346 0.620714 0.122795 0.619429 0.121510 0.618694 0.119583 0.618511 0.117380 0.618602 0.116279 0.619245 0.115361 0.620255 0.113800 0.621631 0.112240
0 0.747592 0.113316 0.758506 0.067416 0.786016 0.073696 0.775251 0.120343 0.747592 0.113316
0 0.743271 0.041455 0.744668 0.041738 0.746240 0.042383 0.747920 0.043408 0.748770 0.044727 0.749512 0.047227 0.749697 0.049814 0.749512 0.052949 0.748955 0.055537 0.748027 0.057764 0.746992 0.059082 0.743369 0.060283 0.741416 0.060195 0.736533 0.059453 0.734580 0.058340 0.732627 0.056582 0.731055 0.054170 0.730400 0.051104 0.730684 0.048242 0.731230 0.046025 0.731611 0.044893 0.734688 0.042656 0.736709 0.042285 0.738467 0.041270 0.743271 0.041455
0 0.740168 0.036652 0.748438 0.008461 0.762174 0.011769 0.753760 0.040608 0.740168 0.036652
4 0.771020 0.038522 0.779362 0.038306 0.779650 0.049957 0.770948 0.050317 0.771020 0.038522
0 0.837437 0.022843 0.846570 0.024785 0.844053 0.036723 0.834488 0.034637 0.837437 0.022843
0 0.793051 0.360583 0.821010 0.363872 0.818169 0.383757 0.810992 0.382561 0.807735 0.406900 0.804931 0.406396 0.803541 0.419285 0.788117 0.417247 0.793961 0.378107 0.790382 0.377648 0.793051 0.360583
0 0.975702 0.389893 0.983668 0.389425 0.984371 0.399851 0.976405 0.400436 0.975702 0.389893
0 0.868791 0.536480 0.879439 0.509678 0.911105 0.521794 0.902477 0.544098 0.891371 0.539876 0.886139 0.551441 0.875951 0.547494 0.878888 0.540518 0.868791 0.536480
0 0.871361 0.559335 0.876410 0.549055 0.887975 0.554654 0.882743 0.565026 0.871361 0.559335
0 0.911747 0.566678 0.916612 0.549697 0.930013 0.553277 0.925148 0.570166 0.911747 0.566678
0 0.937762 0.601690 0.942443 0.589115 0.958597 0.594072 0.953641 0.606555 0.937762 0.601690
0 0.928216 0.599763 0.928399 0.591777 0.936293 0.592236 0.936201 0.599946 0.928216 0.599763
0 0.939732 0.553544 0.942464 0.545489 0.950447 0.548078 0.947930 0.555989 0.939732 0.553544
0 0.815281 0.575288 0.828131 0.543989 0.845112 0.550689 0.831895 0.582080 0.815281 0.575288
0 0.806445 0.572920 0.807100 0.575996 0.805804 0.579941 0.802311 0.580617 0.798986 0.578307 0.798986 0.573573 0.802593 0.572221 0.803428 0.571865 0.806445 0.572920
0 0.809853 0.565254 0.810707 0.567150 0.809805 0.571827 0.806312 0.572277 0.806328 0.572363 0.803574 0.571396 0.802198 0.569178 0.803832 0.564896 0.806650 0.564445 0.806514 0.564092 0.809853 0.565254
0 0.813299 0.559204 0.812848 0.563825 0.809814 0.564727 0.806289 0.563496 0.805354 0.561064 0.806593 0.557739 0.810932 0.557345 0.813299 0.559204
0 0.823549 0.615839 0.826486 0.608404 0.833737 0.611157 0.830433 0.617950 0.823549 0.615839
4 0.367051 0.945519 0.367510 0.943407 0.368336 0.941755 0.369254 0.940287 0.369988 0.940103 0.371916 0.939369 0.373752 0.939369 0.376689 0.939644 0.378249 0.940379 0.379259 0.941572 0.380269 0.943224 0.380452 0.944876 0.380085 0.947079 0.378983 0.949098 0.377240 0.951118 0.375220 0.952586 0.373476 0.952586 0.371549 0.952403 0.370356 0.951576 0.369254 0.950567 0.367969 0.948823 0.367143 0.947354 0.367051 0.945519
