0 0.043154 0.035273 0.044825 0.037040 0.047113 0.041916 0.041144 0.043729 0.039271 0.042934 0.036757 0.043075 0.034609 0.043374 0.034588 0.038445 0.043154 0.035273
0 0.114472 0.051083 0.112142 0.052526 0.114229 0.056855 0.113609 0.059962 0.113242 0.061406 0.086853 0.069578 0.082616 0.057558 0.070655 0.061595 0.066319 0.046345 0.076635 0.042757 0.074542 0.036926 0.103198 0.027230 0.114472 0.051083
0 0.137249 0.106469 0.144322 0.132513 0.144113 0.136594 0.132500 0.137850 0.130574 0.135758 0.125751 0.114465 0.126872 0.107990 0.137249 0.106469
0 0.125829 0.142438 0.136527 0.142984 0.136410 0.150530 0.125712 0.150491 0.125829 0.142438
0 0.168323 -0.000000 0.202923 -0.000000 0.209425 0.022987 0.181461 0.031696 0.177587 0.031671 0.168323 -0.000000
0 0.230988 0.010501 0.235293 0.020180 0.233531 0.023646 0.218561 0.028571 0.214333 0.029725 0.209911 0.019416 0.206513 0.008221 0.225575 0.001321 0.230988 0.010501
0 0.255146 0.038478 0.259482 0.056269 0.257407 0.059679 0.254133 0.057099 0.246097 0.058389 0.246197 0.062457 0.242030 0.063052 0.241534 0.059084 0.231374 0.062549 0.231822 0.064343 0.222188 0.065731 0.222386 0.067814 0.216722 0.067782 0.216572 0.064941 0.214152 0.064441 0.213854 0.066723 0.209048 0.067029 0.207302 0.049242 0.202373 0.049641 0.202321 0.043361 0.207255 0.043108 0.208145 0.040966 0.211374 0.038547 0.216830 0.038547 0.219707 0.037555 0.230380 0.035833 0.232170 0.038779 0.237096 0.036676 0.240494 0.036594 0.242087 0.039661 0.247810 0.039637 0.247810 0.035972 0.254295 0.035408 0.255146 0.038478
0 0.242257 0.080844 0.247113 0.082172 0.247113 0.089015 0.242060 0.088470 0.242257 0.080844
0 0.233483 0.084242 0.235235 0.084452 0.235190 0.089155 0.231237 0.089274 0.230891 0.085453 0.230879 0.085449 0.231205 0.085112 0.232212 0.084756 0.233483 0.084242
0 0.233884 0.079701 0.233916 0.083691 0.232055 0.084294 0.230930 0.084691 0.230215 0.085449 0.225735 0.085418 0.225677 0.080760 0.229532 0.080981 0.229645 0.079480 0.233884 0.079701
3 0.213756 0.092804 0.216011 0.104953 0.204006 0.107044 0.195891 0.107410 0.195447 0.095449 0.213756 0.092804
0 0.174164 0.149602 0.188353 0.148953 0.188943 0.162510 0.174068 0.163043 0.174164 0.149602
0 0.190909 0.148166 0.199031 0.147448 0.199326 0.159753 0.191674 0.160276 0.190909 0.148166
0 0.162673 0.189851 0.199569 0.200164 0.191319 0.229955 0.153277 0.218726 0.162673 0.189851
4 -0.000000 0.168686 0.005559 0.168417 0.005635 0.178144 -0.000000 0.178316 -0.000000 0.168686
0 0.024892 0.220430 0.022262 0.216720 0.022905 0.212935 0.033786 0.210770 0.035096 0.217789 0.024892 0.220430
3 0.132317 0.088800 0.139320 0.085208 0.143090 0.091313 0.135908 0.095623 0.132317 0.088800
0 0.231651 -0.000000 0.248171 -0.000000 0.245096 0.001928 0.248002 0.007499 0.235243 0.011404 0.231651 -0.000000
4 0.400531 -0.000000 0.396459 0.011146 0.392001 0.009431 0.388203 0.008505 0.388950 0.004270 0.384096 0.003962 0.384149 -0.000000 0.400531 -0.000000
4 0.382522 -0.000000 0.380549 0.004584 0.379049 0.004309 0.375862 0.011404 0.344831 -0.000000 0.382522 -0.000000
0 0.378697 0.028618 0.391445 0.031040 0.386261 0.047352 0.373913 0.044128 0.378697 0.028618
0 0.376171 0.052670 0.375747 0.050283 0.376648 0.048269 0.378663 0.046996 0.381261 0.046784 0.383223 0.047367 0.384973 0.048799 0.385503 0.050920 0.385556 0.052723 0.384814 0.054419 0.383064 0.054790 0.381526 0.055003 0.379140 0.054790 0.377496 0.054101 0.377125 0.053518 0.376171 0.052670
0 0.376754 0.056275 0.377867 0.056116 0.378610 0.055957 0.379723 0.056169 0.380519 0.056487 0.381632 0.057017 0.382322 0.057707 0.382640 0.059244 0.383170 0.060411 0.383382 0.061365 0.383329 0.062850 0.383170 0.063911 0.381632 0.064759 0.380996 0.064918 0.379140 0.065342 0.377496 0.065448 0.375269 0.064865 0.373838 0.063805 0.372883 0.062002 0.373307 0.058926 0.374686 0.057230 0.376754 0.056275
0 0.372850 0.048772 0.366887 0.070108 0.322716 0.057505 0.322182 0.055101 0.322399 0.051310 0.325648 0.048710 0.325806 0.045181 0.328320 0.045719 0.332270 0.030636 0.345019 0.034766 0.348071 0.036203 0.347173 0.039794 0.348789 0.040333 0.352201 0.031714 0.369797 0.036921 0.366925 0.047515 0.372850 0.048772
0 0.352997 0.086712 0.346385 0.107112 0.311354 0.094872 0.315152 0.081507 0.317825 0.081507 0.319232 0.077286 0.323734 0.078552 0.324578 0.075879 0.352997 0.086712
0 0.368655 0.096177 0.367770 0.103191 0.360417 0.102022 0.361339 0.095162 0.368655 0.096177
0 0.309564 0.106746 0.347727 0.119689 0.337476 0.148460 0.323476 0.143720 0.322238 0.145848 0.318680 0.146133 0.319534 0.149976 0.317256 0.156097 0.314694 0.160368 0.297992 0.154674 0.299889 0.142147 0.302736 0.139869 0.302661 0.134781 0.300700 0.127938 0.309564 0.106746
1 0.349377 0.120535 0.349702 0.119981 0.350158 0.119819 0.350712 0.119493 0.351070 0.119460 0.351753 0.119493 0.352307 0.119493 0.352827 0.119526 0.353739 0.119851 0.354520 0.120665 0.354748 0.121446 0.354748 0.122260 0.354715 0.123139 0.354488 0.123855 0.353902 0.124441 0.352437 0.124897 0.351428 0.124832 0.350516 0.124506 0.349702 0.123920 0.349182 0.123009 0.348921 0.121674 0.349377 0.120535
0 0.281975 0.197434 0.280102 0.191429 0.282823 0.184868 0.286664 0.185028 0.286824 0.177666 0.295196 0.162141 0.304390 0.166657 0.308503 0.163873 0.326346 0.168797 0.322770 0.178742 0.311797 0.209272 0.282823 0.201832 0.281975 0.197434
0 0.311791 0.211707 0.332775 0.217901 0.329784 0.232100 0.308271 0.226137 0.308589 0.216395 0.311791 0.211707
0 0.324145 0.206355 0.330869 0.207568 0.330759 0.214512 0.323483 0.213410 0.324145 0.206355
0 0.288868 0.221883 0.316241 0.230457 0.317711 0.233840 0.305068 0.270008 0.300847 0.268240 0.277286 0.259961 0.278022 0.252084 0.279462 0.249043 0.267139 0.245682 0.265697 0.242140 0.277453 0.206343 0.292742 0.211730 0.288868 0.221883
0 0.320264 0.234784 0.320785 0.234101 0.321794 0.233384 0.323031 0.233026 0.324626 0.233222 0.325570 0.233645 0.326449 0.234621 0.327197 0.236184 0.327523 0.237454 0.327197 0.238658 0.326709 0.239927 0.325277 0.240579 0.324463 0.240579 0.322835 0.240806 0.321305 0.240513 0.320036 0.239862 0.319678 0.238886 0.319515 0.237779 0.319906 0.236086 0.319906 0.235598 0.320264 0.234784
0 0.498246 -0.000000 0.530605 -0.000000 0.514706 0.053907 0.512968 0.056855 0.497816 0.051712 0.494990 0.061172 0.480110 0.056951 0.498246 -0.000000
0 0.601359 -0.000000 0.610839 -0.000000 0.615249 0.013342 0.606650 0.016539 0.601359 -0.000000
0 0.597111 0.071407 0.612660 0.067320 0.628275 0.065471 0.655620 0.165636 0.649943 0.170628 0.638419 0.173475 0.617752 0.177233 0.593409 0.075184 0.597111 0.071407
0 0.560044 0.134113 0.574064 0.128593 0.588019 0.128367 0.593927 0.162351 0.592996 0.165473 0.567426 0.170636 0.565606 0.167342 0.560044 0.134113
0 0.595698 0.048978 0.606649 0.046901 0.609089 0.054219 0.609726 0.056485 0.597368 0.058756 0.596131 0.057850 0.594140 0.052300 0.595698 0.048978
0 0.598977 0.061005 0.605006 0.058694 0.608659 0.059478 0.610703 0.067867 0.599945 0.069955 0.597747 0.064880 0.598977 0.061005
0 0.560202 0.231919 0.559715 0.226075 0.577737 0.224613 0.578711 0.231432 0.595028 0.229241 0.595515 0.236060 0.604526 0.235085 0.606986 0.258291 0.545053 0.262556 0.542911 0.233624 0.560202 0.231919
0 0.610713 0.231568 0.615954 0.231850 0.616010 0.230047 0.621251 0.230329 0.620969 0.236471 0.615728 0.236358 0.615841 0.235231 0.610488 0.235118 0.610713 0.231568
0 0.947963 0.116252 0.948930 0.130801 0.934506 0.131577 0.933505 0.117171 0.947963 0.116252
0 0.931292 0.127220 0.932178 0.147432 0.927762 0.147536 0.928011 0.153745 0.928193 0.153740 0.928695 0.163394 0.910218 0.165564 0.908076 0.128867 0.912490 0.128389 0.916228 0.128514 0.917246 0.126680 0.917311 0.126833 0.925591 0.126346 0.931292 0.127220
0 0.932406 0.152680 0.928460 0.152723 0.928270 0.148012 0.932197 0.147920 0.932406 0.152680
4 0.917316 0.126113 0.916126 0.127926 0.912773 0.128000 0.912539 0.123506 0.916852 0.123609 0.917316 0.126113
4 0.912195 0.128003 0.907959 0.128466 0.907433 0.124075 0.909282 0.123537 0.911963 0.123623 0.912195 0.128003
0 0.955480 0.163710 0.955928 0.176109 0.929315 0.176707 0.929166 0.181632 0.916010 0.181785 0.915711 0.167580 0.925428 0.167288 0.925873 0.164298 0.955480 0.163710
0 0.968023 0.152789 0.968383 0.151711 0.969461 0.150057 0.970900 0.149769 0.972050 0.149841 0.973561 0.150776 0.974496 0.152070 0.974711 0.152861 0.974352 0.154731 0.973561 0.155738 0.971835 0.156098 0.970684 0.155882 0.969965 0.155522 0.969389 0.155091 0.968814 0.154372 0.968383 0.153940 0.968023 0.152789
0 0.964708 0.147257 0.964825 0.153826 0.958971 0.153471 0.958615 0.150900 0.959181 0.147138 0.964708 0.147257
0 0.934372 0.158307 0.934649 0.157580 0.935133 0.157200 0.936102 0.156716 0.936932 0.156473 0.937693 0.156300 0.938627 0.156266 0.939803 0.156404 0.940460 0.156612 0.940979 0.156992 0.941464 0.157580 0.942052 0.158549 0.942259 0.160002 0.941775 0.161144 0.940876 0.161974 0.939526 0.162527 0.937866 0.162527 0.936275 0.162251 0.935098 0.161524 0.934061 0.159518 0.934372 0.158307
0 0.980611 0.180875 0.981412 0.182237 0.983258 0.183263 0.983580 0.183468 0.983933 0.189908 0.974173 0.192277 0.971394 0.190629 0.969684 0.182574 0.975464 0.179093 0.979359 0.178194 0.980611 0.180875
0 0.987834 0.182649 0.984199 0.183145 0.983405 0.182637 0.981688 0.181683 0.980430 0.178887 0.980310 0.175918 0.987042 0.175126 0.987834 0.182649
0 0.766383 0.149897 0.824391 0.146272 0.824391 0.148371 0.836795 0.147417 0.837749 0.165926 0.826872 0.165735 0.822773 0.170566 0.768072 0.174684 0.766383 0.149897
0 0.794702 0.230705 0.784940 0.233247 0.779846 0.210735 0.805417 0.205621 0.806391 0.210004 0.834398 0.204160 0.840487 0.229487 0.797868 0.239959 0.794702 0.230705
0 0.998754 0.309338 0.995441 0.310987 0.996073 0.315819 0.964397 0.324406 0.962489 0.315629 0.958482 0.316583 0.953330 0.297883 0.998754 0.284641 0.998754 0.309338
0 0.998754 0.452003 0.986383 0.452642 0.984625 0.435655 0.995520 0.434250 0.994934 0.430618 0.998754 0.429912 0.998754 0.452003
0 0.888850 0.315206 0.891712 0.328372 0.889933 0.332921 0.856556 0.341591 0.857938 0.348980 0.848969 0.350316 0.846870 0.341729 0.838856 0.343256 0.837319 0.331250 0.855148 0.323111 0.850305 0.307573 0.860800 0.301276 0.872631 0.302612 0.876256 0.317495 0.888850 0.315206
0 0.899734 0.353736 0.900671 0.363928 0.884036 0.364279 0.883802 0.359593 0.881810 0.359476 0.881810 0.354322 0.899734 0.353736
0 0.843345 0.369981 0.846851 0.389760 0.814430 0.396609 0.810546 0.374116 0.843345 0.369981
0 0.855459 0.362716 0.845423 0.365924 0.836854 0.367243 0.834139 0.354841 0.840304 0.352327 0.851828 0.350884 0.855459 0.362716
0 0.798644 0.299219 0.806086 0.322308 0.796545 0.324216 0.798262 0.330513 0.807994 0.328032 0.810093 0.338527 0.782997 0.345778 0.780516 0.336047 0.776891 0.337001 0.772502 0.321926 0.779180 0.320018 0.775555 0.307233 0.798644 0.299219
0 0.747254 0.306820 0.746418 0.332581 0.707228 0.335367 0.704252 0.305221 0.737865 0.302882 0.738701 0.307061 0.747254 0.306820
0 0.690749 0.304598 0.693326 0.317952 0.681378 0.320412 0.684423 0.335993 0.684423 0.337399 0.694029 0.335759 0.696255 0.349933 0.676926 0.354268 0.677277 0.355790 0.677512 0.357313 0.663337 0.359773 0.652072 0.314751 0.652072 0.312953 0.690749 0.304598
0 0.698183 0.346588 0.707924 0.344997 0.709900 0.353536 0.700398 0.355833 0.698183 0.346588
0 0.555044 0.326382 0.588367 0.325324 0.589118 0.344458 0.555754 0.345920 0.555044 0.326382
0 0.515413 0.324421 0.527375 0.325449 0.531197 0.333255 0.539770 0.335622 0.525276 0.380363 0.498775 0.371503 0.515413 0.324421
0 0.515814 0.403918 0.516772 0.405593 0.517725 0.407021 0.517326 0.409322 0.515831 0.410967 0.512393 0.412163 0.508505 0.410219 0.508206 0.407827 0.507903 0.407827 0.508632 0.405510 0.508809 0.402744 0.513720 0.402522 0.515814 0.403918
0 0.535417 0.391680 0.531081 0.407080 0.523157 0.403790 0.522111 0.407080 0.517924 0.405884 0.517852 0.406328 0.517187 0.405336 0.516181 0.403576 0.513858 0.402027 0.508838 0.402256 0.508890 0.401392 0.504764 0.399329 0.500322 0.399473 0.491312 0.396464 0.496843 0.379570 0.535417 0.391680
0 0.508382 0.401685 0.508149 0.405420 0.507383 0.407852 0.504469 0.408724 0.501179 0.408276 0.499834 0.405435 0.498787 0.401697 0.500432 0.400202 0.500557 0.399951 0.504655 0.399821 0.508382 0.401685
0 0.655568 0.366617 0.676619 0.361854 0.681474 0.376566 0.660484 0.382291 0.655568 0.366617
0 0.685193 0.370269 0.686337 0.371032 0.688246 0.371223 0.689581 0.372177 0.689963 0.375612 0.689391 0.377711 0.687864 0.378474 0.686147 0.378665 0.684238 0.377520 0.683094 0.375040 0.683094 0.373513 0.683475 0.372750 0.685193 0.370269
0 0.691680 0.371796 0.692444 0.371605 0.694352 0.371605 0.695688 0.371796 0.697405 0.372368 0.699122 0.374086 0.699122 0.375612 0.698931 0.377139 0.697977 0.377520 0.695306 0.379047 0.693779 0.379047 0.691733 0.378208 0.690606 0.377064 0.690606 0.373653 0.691680 0.371796
0 0.710557 0.381427 0.712501 0.397574 0.714279 0.419943 0.719880 0.419959 0.722518 0.433457 0.692596 0.437023 0.687682 0.390248 0.692915 0.389052 0.692317 0.382474 0.710557 0.381427
0 0.600356 0.335570 0.612091 0.334295 0.614639 0.356127 0.602977 0.356881 0.600356 0.335570
0 0.573595 0.432193 0.587607 0.431485 0.588370 0.443861 0.574113 0.444242 0.573595 0.432193
0 0.501571 0.473602 0.510766 0.474097 0.513643 0.499346 0.513451 0.503157 0.513017 0.505910 0.504324 0.506489 0.502585 0.503447 0.499253 0.479687 0.490125 0.480266 0.491284 0.466357 0.500569 0.466230 0.501571 0.473602
0 0.546883 0.468178 0.551020 0.467798 0.551255 0.474439 0.552093 0.495531 0.547691 0.495876 0.547788 0.493016 0.528085 0.493558 0.527678 0.502393 0.520119 0.502600 0.520147 0.498272 0.514072 0.498760 0.511210 0.473686 0.504324 0.473602 0.504400 0.465998 0.546070 0.463741 0.546883 0.468178
0 0.703178 0.524083 0.714049 0.522514 0.715760 0.537367 0.704935 0.538398 0.703178 0.524083
0 0.889978 0.396165 0.899026 0.429240 0.865076 0.436611 0.860785 0.434085 0.852827 0.436323 0.846171 0.410369 0.854394 0.407678 0.853647 0.404388 0.889978 0.396165
0 0.852346 0.442191 0.895636 0.432758 0.898946 0.452107 0.895817 0.456327 0.857772 0.463181 0.852346 0.442191
0 0.805506 0.470674 0.820949 0.466049 0.830071 0.466768 0.833682 0.482717 0.826267 0.484021 0.807530 0.487351 0.805506 0.470674
0 0.908291 0.470428 0.913443 0.494662 0.863985 0.505729 0.860805 0.502685 0.858535 0.488613 0.859251 0.481686 0.908291 0.470428
0 0.853336 0.495043 0.856580 0.508210 0.836735 0.512026 0.834445 0.499051 0.853336 0.495043
0 0.827567 0.510326 0.828209 0.508123 0.831146 0.507388 0.833900 0.508582 0.835093 0.510050 0.835277 0.512345 0.834359 0.514181 0.832890 0.515190 0.831054 0.515007 0.829035 0.514089 0.827475 0.512069 0.827567 0.510326
0 0.835658 0.526418 0.863168 0.522531 0.868102 0.547798 0.872438 0.547051 0.876325 0.564095 0.844031 0.570972 0.842203 0.557066 0.837105 0.556718 0.833550 0.539857 0.838200 0.538828 0.835658 0.526418
0 0.424299 0.539621 0.433973 0.539487 0.442686 0.539238 0.442772 0.551750 0.442687 0.565328 0.424856 0.565908 0.424990 0.570331 0.442812 0.570464 0.442678 0.590565 0.398324 0.591101 0.398860 0.551838 0.408106 0.550632 0.415155 0.550776 0.415208 0.539778 0.418721 0.538603 0.424299 0.539621
0 0.442675 0.538112 0.442676 0.538750 0.433963 0.538998 0.424340 0.539132 0.418773 0.538112 0.419094 0.535088 0.421815 0.534664 0.420768 0.526885 0.441944 0.526666 0.442675 0.538112
0 0.490835 0.579374 0.490927 0.595792 0.489163 0.599025 0.478081 0.599736 0.476398 0.596938 0.476072 0.580677 0.484190 0.578424 0.490835 0.579374
0 0.549130 0.567679 0.564795 0.567622 0.565358 0.577652 0.549299 0.578216 0.549130 0.567679
0 0.487124 0.604018 0.523035 0.603141 0.526034 0.632545 0.486961 0.634158 0.486415 0.626096 0.473733 0.626721 0.473246 0.606426 0.485458 0.605737 0.487124 0.604018
0 0.387963 0.662238 0.434722 0.658342 0.436914 0.682696 0.408664 0.685618 0.407933 0.677094 0.389181 0.678799 0.387963 0.662238
0 0.417342 0.715772 0.415625 0.721306 0.411809 0.723596 0.415434 0.731801 0.405482 0.737515 0.409495 0.744536 0.397688 0.751455 0.385857 0.757752 0.377652 0.744204 0.369447 0.748593 0.367157 0.743632 0.367031 0.743691 0.366711 0.742635 0.365508 0.740228 0.363682 0.739385 0.364252 0.737670 0.360638 0.733051 0.359111 0.732930 0.357807 0.730656 0.406466 0.697072 0.417342 0.715772
0 0.365679 0.741265 0.366788 0.743482 0.367124 0.744561 0.365885 0.747281 0.362960 0.748079 0.361572 0.746788 0.360343 0.745177 0.360196 0.743384 0.362352 0.741273 0.363872 0.740430 0.365679 0.741265
0 0.360917 0.734186 0.364238 0.738429 0.363731 0.739948 0.362046 0.740885 0.359636 0.742096 0.357775 0.741299 0.356566 0.739025 0.356292 0.736912 0.356711 0.734518 0.359711 0.734092 0.360917 0.734186
0 0.436408 0.699160 0.436291 0.684283 0.446951 0.684283 0.447420 0.699277 0.436408 0.699160
0 0.442326 0.768585 0.450760 0.768585 0.450760 0.777371 0.441740 0.777254 0.442326 0.768585
0 0.392079 0.831948 0.396576 0.830847 0.396576 0.836905 0.397403 0.836813 0.397311 0.830663 0.403185 0.830388 0.403460 0.836446 0.404654 0.836538 0.404470 0.829745 0.408784 0.829470 0.409335 0.835528 0.409885 0.835344 0.409702 0.829195 0.414016 0.829011 0.414291 0.834610 0.415117 0.834610 0.415117 0.828828 0.418422 0.828736 0.418605 0.844340 0.392538 0.845533 0.392079 0.831948
0 0.451475 0.850309 0.452238 0.863692 0.442495 0.863299 0.441917 0.850498 0.451475 0.850309
0 0.339116 0.847997 0.361521 0.852868 0.352024 0.903767 0.351642 0.906932 0.341432 0.905198 0.336038 0.934479 0.320434 0.931590 0.321782 0.923691 0.316003 0.923306 0.316966 0.918297 0.322553 0.918490 0.325057 0.903657 0.334111 0.903079 0.334497 0.901923 0.320049 0.900382 0.320182 0.895629 0.328887 0.858226 0.336437 0.859687 0.339116 0.847997
0 0.404504 0.903162 0.404567 0.913269 0.389231 0.912498 0.388995 0.903119 0.404504 0.903162
0 0.413046 0.884324 0.433828 0.883427 0.433380 0.878344 0.440706 0.877596 0.441154 0.881932 0.444593 0.881633 0.445341 0.896135 0.433679 0.897182 0.433828 0.905256 0.414242 0.906302 0.413046 0.884324
0 0.412000 0.869523 0.421120 0.869672 0.422166 0.877447 0.412897 0.878194 0.412000 0.869523
0 0.828544 0.928422 0.821830 0.907160 0.836128 0.903119 0.843153 0.924010 0.828544 0.928422
0 0.849680 0.937806 0.876722 0.928171 0.888473 0.961059 0.861058 0.969823 0.849680 0.937806
0 0.882317 0.930347 0.901883 0.923396 0.898851 0.914516 0.896685 0.914733 0.896644 0.910759 0.914011 0.903688 0.915744 0.905420 0.923757 0.903255 0.927655 0.914083 0.912347 0.919590 0.914401 0.923608 0.929502 0.917857 0.934038 0.929910 0.935778 0.937185 0.901277 0.951172 0.899349 0.946386 0.890709 0.948685 0.882317 0.930347
0 0.869123 0.892964 0.886657 0.886145 0.892259 0.901000 0.887631 0.902949 0.888119 0.905628 0.876185 0.910011 0.869123 0.892964
3 0.953138 0.858383 0.963752 0.853481 0.975299 0.854645 0.977546 0.866093 0.968282 0.868216 0.980222 0.898250 0.960438 0.904609 0.957355 0.895361 0.952096 0.896993 0.947200 0.880310 0.957537 0.877953 0.956630 0.874507 0.960982 0.872331 0.959831 0.868979 0.955388 0.869743 0.953138 0.858383
0 0.998755 0.927808 0.997691 0.927543 0.996717 0.922672 0.989897 0.925595 0.993844 0.939095 0.981490 0.943372 0.980283 0.942275 0.979501 0.939165 0.978883 0.936227 0.969612 0.911578 0.973062 0.902600 0.998755 0.893238 0.998755 0.927808
2 0.960101 0.906840 0.961312 0.906633 0.962384 0.906806 0.963699 0.907532 0.964806 0.909227 0.964875 0.911268 0.964079 0.913586 0.962834 0.914624 0.960655 0.915177 0.957818 0.914762 0.956607 0.913448 0.956157 0.911234 0.956296 0.909850 0.957091 0.908362 0.958475 0.907117 0.960101 0.906840
0 0.933755 0.773574 0.937151 0.788352 0.894562 0.798632 0.891533 0.784405 0.933755 0.773574
0 0.845092 0.764391 0.847753 0.762463 0.849865 0.762463 0.852710 0.762463 0.854454 0.762739 0.857666 0.764024 0.859869 0.766135 0.861154 0.768705 0.861154 0.772009 0.860512 0.774028 0.859410 0.776415 0.857575 0.778251 0.854821 0.779811 0.850691 0.780362 0.848671 0.779994 0.844357 0.777975 0.842430 0.772835 0.842613 0.767603 0.845092 0.764391
0 0.897480 0.770660 0.894938 0.764597 0.867490 0.772291 0.863643 0.759086 0.868530 0.757839 0.868634 0.755551 0.890779 0.748377 0.900175 0.744968 0.926858 0.736109 0.936050 0.758080 0.897480 0.770660
0 0.869719 0.708677 0.881902 0.704161 0.886246 0.715991 0.886725 0.719715 0.872923 0.723097 0.873098 0.720138 0.869719 0.708677
0 0.885723 0.704575 0.924251 0.692691 0.934441 0.726146 0.895212 0.736790 0.885723 0.704575
0 0.887640 0.682535 0.898163 0.678545 0.901224 0.684993 0.890185 0.688861 0.887640 0.682535
0 0.801300 0.664879 0.807240 0.685066 0.772707 0.695575 0.767290 0.675468 0.801300 0.664879
0 0.809372 0.684064 0.841966 0.675393 0.846750 0.689447 0.814050 0.701807 0.809636 0.691262 0.809372 0.684064
0 0.839678 0.669777 0.831798 0.671651 0.829316 0.662666 0.836982 0.660566 0.839678 0.669777
0 0.836846 0.660098 0.829189 0.662188 0.826552 0.652637 0.834040 0.650531 0.836846 0.660098
0 0.911737 0.629523 0.915923 0.640736 0.922202 0.641633 0.925342 0.652697 0.898580 0.661817 0.899178 0.663462 0.895589 0.664807 0.894393 0.662265 0.891403 0.663462 0.885722 0.646268 0.886619 0.646268 0.884825 0.639241 0.911737 0.629523
4 0.796082 0.379177 0.802599 0.378901 0.803416 0.387543 0.797092 0.388172 0.796082 0.379177
0 0.764264 0.339091 0.776891 0.337001 0.782070 0.357366 0.769535 0.360060 0.764264 0.339091
0 0.765435 0.348697 0.768012 0.361232 0.760046 0.362403 0.759695 0.349048 0.765435 0.348697
0 0.416852 0.855751 0.428918 0.855399 0.428918 0.862194 0.417086 0.862194 0.416852 0.855751
0 0.933092 0.227901 0.924883 0.200485 0.968872 0.187629 0.970364 0.191762 0.972431 0.191253 0.981418 0.214116 0.933092 0.227901
0 0.070715 0.091434 0.078295 0.091434 0.080976 0.113112 0.082990 0.114207 0.083060 0.120888 0.079214 0.123131 0.074029 0.123430 0.071022 0.125575 0.070725 0.119232 0.066143 0.118975 0.065661 0.118497 0.059775 0.117866 0.056969 0.118322 0.055743 0.119956 0.055139 0.121992 0.057670 0.123546 0.059692 0.126270 0.059692 0.129760 0.049155 0.130229 0.048452 0.121097 0.049857 0.119223 0.049857 0.111262 0.055945 0.109623 0.055243 0.092529 0.055771 0.092084 0.061619 0.091434 0.062485 0.090351 0.068766 0.090135 0.070715 0.091434
0 0.064518 0.119177 0.065566 0.120224 0.066161 0.121415 0.066260 0.123399 0.065169 0.125284 0.063185 0.125978 0.061200 0.125978 0.059692 0.125311 0.059692 0.125449 0.058106 0.123314 0.058288 0.120577 0.060189 0.118982 0.062383 0.118340 0.064518 0.119177
0 0.231588 0.120751 0.234347 0.145442 0.210265 0.146814 0.209808 0.148033 0.200968 0.148948 0.198682 0.124104 0.193652 0.124561 0.193347 0.122580 0.198224 0.121818 0.198377 0.119531 0.195633 0.118464 0.195176 0.110844 0.195023 0.108710 0.209046 0.107033 0.220274 0.104572 0.225819 0.104236 0.225651 0.108605 0.229684 0.108101 0.231588 0.120751
0 0.257262 0.021345 0.251356 0.023521 0.243274 0.023676 0.242808 0.025852 0.239855 0.025852 0.238922 0.016682 0.255708 0.012797 0.257262 0.021345
0 0.244709 0.024553 0.252603 0.024553 0.252462 0.029205 0.249925 0.029346 0.249784 0.032306 0.244286 0.032165 0.244427 0.033857 0.240198 0.033998 0.240057 0.029346 0.241607 0.029205 0.241889 0.027231 0.243863 0.027231 0.244568 0.024694 0.244709 0.024553
0 0.179758 0.236400 0.179118 0.235920 0.177357 0.233199 0.177837 0.230959 0.179598 0.229358 0.180878 0.228878 0.183439 0.229519 0.185359 0.232879 0.183439 0.236400 0.179758 0.236400
2 0.117950 0.056386 0.119930 0.058515 0.120999 0.060536 0.120434 0.063746 0.119314 0.064599 0.117535 0.064665 0.115548 0.064619 0.113920 0.063374 0.113537 0.061839 0.114110 0.058441 0.115263 0.056563 0.117950 0.056386
0 0.180018 0.039682 0.185004 0.038915 0.188073 0.043134 0.186411 0.047226 0.181808 0.047737 0.179634 0.045564 0.180018 0.039682
0 0.121041 0.216004 0.121348 0.216123 0.121006 0.221942 0.123584 0.222187 0.124424 0.223994 0.124369 0.223992 0.124369 0.225489 0.121041 0.225489 0.121208 0.228984 0.116548 0.229150 0.116382 0.224491 0.112554 0.223326 0.113886 0.214340 0.121041 0.216004
0 0.135676 0.214734 0.132395 0.217577 0.131026 0.224657 0.124980 0.224053 0.123910 0.221728 0.121521 0.221500 0.121826 0.216309 0.123428 0.216921 0.124085 0.213422 0.129989 0.213640 0.130427 0.208392 0.135894 0.208392 0.135676 0.214734
0 0.770547 0.195104 0.774046 0.207132 0.754800 0.209538 0.751520 0.197072 0.770547 0.195104
0 0.774890 0.218357 0.780972 0.218286 0.783010 0.233364 0.776640 0.233828 0.774890 0.218357
0 0.809715 0.461174 0.809494 0.462940 0.809355 0.464561 0.807922 0.465462 0.805652 0.465916 0.802247 0.466143 0.801793 0.464100 0.801112 0.461830 0.801793 0.459334 0.805879 0.457972 0.808651 0.457972 0.809715 0.461174
0 0.816092 0.455475 0.819043 0.458426 0.819724 0.462057 0.818135 0.463192 0.814504 0.463419 0.809873 0.464297 0.809980 0.462991 0.810213 0.461125 0.809180 0.458037 0.811326 0.455248 0.816092 0.455475
0 0.535775 0.375029 0.536734 0.375189 0.537692 0.376307 0.538171 0.378064 0.536894 0.379342 0.536095 0.380460 0.534178 0.382057 0.530025 0.382057 0.528268 0.379501 0.527629 0.377585 0.528428 0.375508 0.529546 0.372313 0.531942 0.372313 0.534498 0.372313 0.535775 0.375029
0 0.653210 0.479822 0.665122 0.476676 0.662200 0.468809 0.692993 0.461392 0.695016 0.469034 0.707827 0.465662 0.710075 0.475552 0.696814 0.479373 0.699511 0.489038 0.670516 0.497129 0.668044 0.487914 0.656132 0.491061 0.653210 0.479822
0 0.657895 0.499260 0.661963 0.499941 0.662493 0.503657 0.662791 0.509625 0.656078 0.509625 0.654437 0.507238 0.654885 0.499033 0.657122 0.499033 0.657895 0.499260
0 0.660067 0.494313 0.660983 0.495437 0.661665 0.497180 0.661383 0.498835 0.659700 0.499365 0.657946 0.498708 0.657070 0.497646 0.656701 0.496349 0.657466 0.494751 0.658691 0.494314 0.660067 0.494313
0 0.668460 0.492767 0.668908 0.495601 0.668908 0.498137 0.666670 0.499033 0.665477 0.499331 0.663090 0.499480 0.662668 0.499480 0.662127 0.497006 0.660596 0.494229 0.660703 0.492170 0.665626 0.490977 0.668460 0.492767
0 0.777275 0.540448 0.796113 0.535909 0.799972 0.547484 0.796794 0.550435 0.781360 0.552932 0.778183 0.549073 0.777275 0.540448
0 0.784538 0.559741 0.807462 0.556109 0.811774 0.573813 0.793617 0.576536 0.792482 0.571316 0.787489 0.571997 0.784538 0.559741
0 0.978077 0.936474 0.978459 0.936583 0.978514 0.937948 0.979224 0.940023 0.979715 0.941497 0.979388 0.943135 0.977531 0.943626 0.975839 0.943299 0.975347 0.942097 0.974965 0.940787 0.974310 0.939750 0.974801 0.938658 0.975620 0.937729 0.976112 0.936692 0.977040 0.936310 0.978077 0.936474
0 0.450467 0.807336 0.451623 0.826022 0.427735 0.826408 0.427350 0.812537 0.431780 0.812345 0.438523 0.807721 0.450467 0.807336
