0 0.952488 0.483634 0.959637 0.430172 0.998733 0.436770 0.998733 0.474940 0.996314 0.475552 0.984503 0.474309 0.982327 0.489539 0.952488 0.483634
0 0.846982 0.437067 0.848847 0.417485 0.868429 0.419972 0.868429 0.416242 0.880862 0.418418 0.872781 0.488664 0.841698 0.483380 0.844185 0.461622 0.835793 0.461311 0.837969 0.436446 0.846982 0.437067
0 0.906002 0.452241 0.904541 0.449075 0.906977 0.443960 0.909899 0.442986 0.908194 0.440794 0.907464 0.437872 0.907464 0.434706 0.909656 0.432514 0.908681 0.427400 0.910143 0.423747 0.914770 0.422286 0.920128 0.426913 0.920371 0.430809 0.918910 0.433001 0.920371 0.435437 0.920615 0.441038 0.919397 0.443960 0.917936 0.444204 0.917692 0.446396 0.917936 0.451510 0.914283 0.454676 0.911847 0.454676 0.906002 0.452241
0 0.913801 0.494675 0.915446 0.480471 0.930995 0.482863 0.928603 0.496020 0.928005 0.496917 0.913801 0.494675
0 0.926510 0.503645 0.928902 0.484807 0.940414 0.486601 0.938022 0.505140 0.926510 0.503645
0 0.908284 0.516811 0.908666 0.502500 0.926510 0.503645 0.925267 0.518337 0.908284 0.516811
0 0.893858 0.525426 0.894307 0.516755 0.911800 0.518848 0.912099 0.527370 0.893858 0.525426
0 0.887216 0.547857 0.889164 0.528618 0.907429 0.530810 0.906699 0.549562 0.887216 0.547857
0 0.881858 0.597295 0.885755 0.551267 0.899149 0.551997 0.906471 0.552412 0.903776 0.599487 0.894522 0.599000 0.881858 0.597295
0 0.883064 0.603453 0.889934 0.600972 0.895658 0.602690 0.898139 0.605934 0.897948 0.609177 0.897566 0.615284 0.891269 0.618337 0.886690 0.618528 0.882110 0.615284 0.880393 0.611086 0.880393 0.607269 0.883064 0.603453
0 0.925044 0.619291 0.925044 0.615093 0.926952 0.612612 0.930196 0.610895 0.934203 0.613375 0.936302 0.618718 0.933249 0.623298 0.927716 0.622916 0.925044 0.619291
0 0.937431 0.608780 0.942545 0.589054 0.949987 0.590962 0.957810 0.593633 0.952658 0.614051 0.937431 0.608780
0 0.947630 0.583793 0.946867 0.582839 0.946485 0.579786 0.946676 0.577687 0.948012 0.576161 0.948584 0.574634 0.948584 0.572535 0.949920 0.568528 0.951065 0.567574 0.952782 0.567192 0.955644 0.568910 0.957362 0.572726 0.955263 0.574825 0.954118 0.578450 0.953545 0.585129 0.949157 0.585511 0.947630 0.583793
0 0.963468 0.586656 0.952475 0.583937 0.956599 0.565666 0.961178 0.550782 0.994762 0.561849 0.977016 0.623865 0.956026 0.618331 0.964613 0.587419 0.963468 0.586656
0 0.866783 0.685407 0.860354 0.683314 0.867830 0.663877 0.887266 0.671054 0.875334 0.709154 0.859687 0.704193 0.866783 0.685407
0 0.891387 0.653278 0.892324 0.648358 0.906147 0.651403 0.904858 0.657963 0.891387 0.654918 0.891387 0.653278
4 0.793474 0.395859 0.793474 0.392042 0.797290 0.390134 0.804923 0.393569 0.803396 0.399866 0.799007 0.402346 0.797481 0.401774 0.794619 0.398721 0.793474 0.395859
