0 0.691295 0.608657 0.703766 0.568222 0.723543 0.574394 0.711828 0.615585 0.691295 0.608657
0 0.926762 0.519541 0.931714 0.603354 0.902133 0.605283 0.895091 0.520506 0.926762 0.519541
0 0.928177 0.617861 0.929785 0.634260 0.896506 0.636028 0.895541 0.619469 0.928177 0.617861
0 0.998724 0.543826 0.984057 0.542551 0.984309 0.539024 0.980152 0.538520 0.980782 0.533733 0.985694 0.534111 0.986450 0.524916 0.998724 0.526171 0.998724 0.543826
4 0.998724 0.551670 0.989529 0.551819 0.989297 0.545941 0.998267 0.545941 0.998724 0.549012 0.998724 0.551670
0 0.953952 0.440530 0.958458 0.468520 0.938555 0.471669 0.941200 0.489178 0.923565 0.491445 0.922431 0.484013 0.919912 0.484517 0.919408 0.479857 0.913740 0.480108 0.909563 0.445943 0.953952 0.440530
0 0.945347 0.476224 0.947341 0.477126 0.948907 0.478930 0.948148 0.481066 0.944207 0.482016 0.942118 0.479880 0.942308 0.477458 0.945347 0.476224
0 0.906253 0.402129 0.905803 0.391482 0.935214 0.390890 0.935609 0.387140 0.945874 0.387041 0.946861 0.394838 0.937682 0.396812 0.937824 0.400420 0.906253 0.402129
4 0.953602 0.389181 0.957662 0.386999 0.961601 0.387423 0.963297 0.389120 0.964267 0.391786 0.964024 0.393543 0.962994 0.395664 0.959116 0.397300 0.957117 0.397361 0.954693 0.395361 0.953239 0.392756 0.953602 0.389181
4 0.961613 0.373219 0.964414 0.374169 0.966741 0.376020 0.967548 0.377777 0.967690 0.380150 0.966076 0.382714 0.963180 0.384233 0.959050 0.384281 0.956343 0.382762 0.955441 0.379153 0.955869 0.376258 0.956391 0.375023 0.961613 0.373219
0 0.922888 0.327008 0.924171 0.317632 0.966217 0.318717 0.965921 0.327896 0.922888 0.327008
0 0.978895 0.327251 0.981833 0.327698 0.983098 0.328442 0.984586 0.330525 0.985256 0.333092 0.983879 0.335063 0.980606 0.336960 0.976998 0.337109 0.974654 0.336142 0.972794 0.332571 0.974096 0.329744 0.975770 0.328442 0.978895 0.327251
0 0.841687 0.760056 0.842151 0.751472 0.850889 0.751704 0.850580 0.760210 0.841687 0.760056
0 0.840117 0.718701 0.840177 0.712339 0.849508 0.712339 0.849811 0.718217 0.840117 0.718701
0 0.830479 0.657196 0.828580 0.661991 0.822693 0.659570 0.824450 0.654917 0.830479 0.657196
0 0.880377 0.610298 0.872500 0.604481 0.878802 0.597937 0.885709 0.604360 0.880377 0.610298
0 0.604681 0.821132 0.609524 0.831386 0.604254 0.833808 0.598984 0.823838 0.604681 0.821132
0 0.950339 0.610336 0.989827 0.609191 0.993261 0.643529 0.950339 0.645818 0.950339 0.610336
