0 0.924377 0.811582 0.930102 0.807956 0.935636 0.805666 0.949756 0.828755 0.937544 0.835434 0.924377 0.811582
0 0.935636 0.805666 0.942887 0.801636 0.950970 0.814288 0.943824 0.818857 0.935636 0.805666
0 0.935636 0.805666 0.934804 0.802808 0.940778 0.799411 0.942887 0.801636 0.935636 0.805666
0 0.961938 0.840414 0.961296 0.827013 0.966252 0.825636 0.972035 0.826646 0.971759 0.840230 0.966344 0.839863 0.961938 0.840414
0 0.971940 0.830990 0.978871 0.831046 0.979378 0.839498 0.971658 0.839498 0.971940 0.830990
0 0.998757 0.862355 0.974207 0.864508 0.973011 0.865106 0.971658 0.839498 0.986766 0.838194 0.986467 0.828924 0.998757 0.829204 0.998757 0.862355
0 0.805290 0.998988 0.784928 0.985506 0.788516 0.978928 0.794796 0.972350 0.797786 0.969658 0.821110 0.985207 0.809410 0.998988 0.805290 0.998988
0 0.775957 0.978031 0.783433 0.966668 0.792703 0.973845 0.784928 0.985506 0.775957 0.978031
0 0.783433 0.966668 0.787769 0.965323 0.795244 0.970555 0.792703 0.973845 0.783433 0.966668
4 0.842233 0.997939 0.853345 0.986619 0.864259 0.993945 0.869492 0.988712 0.882621 0.998989 0.840891 0.998988 0.842233 0.997939
0 0.895428 0.928832 0.922159 0.895884 0.934281 0.903966 0.944849 0.913601 0.961633 0.926656 0.933348 0.964265 0.892630 0.931940 0.895428 0.928832
0 0.927505 0.831677 0.928966 0.831677 0.946014 0.861876 0.915572 0.879167 0.905830 0.861389 0.900473 0.864311 0.893897 0.851404 0.927505 0.831677
0 0.909118 0.833845 0.912904 0.836117 0.912904 0.837632 0.912507 0.839680 0.911368 0.840852 0.909642 0.841535 0.906846 0.841797 0.905331 0.841418 0.904195 0.840282 0.904195 0.838389 0.904195 0.837253 0.904952 0.835360 0.906088 0.834602 0.907224 0.833466 0.909118 0.833845
0 0.912407 0.832099 0.913935 0.830724 0.915310 0.830113 0.916227 0.829960 0.917449 0.830724 0.918366 0.831641 0.919129 0.833016 0.919129 0.834391 0.918671 0.835308 0.918518 0.836225 0.917129 0.837271 0.915307 0.837922 0.912937 0.836215 0.912254 0.834391 0.912407 0.832099
