0 0.357323 -0.000000 0.379094 0.027640 0.320870 0.081307 0.246444 -0.000000 0.357323 -0.000000
0 0.182520 0.161514 0.172868 0.169331 0.162905 0.180541 0.079032 0.090958 0.088807 0.078244 0.099254 0.071461 0.182520 0.161514
0 0.212744 0.132197 0.200197 0.142003 0.182520 0.161514 0.098760 0.069287 0.115351 0.051119 0.130840 0.039160 0.212744 0.132197
0 0.249482 0.108594 0.234199 0.116581 0.219611 0.135481 0.213535 0.131431 0.213096 0.131855 0.131191 0.038828 0.162129 0.009766 0.249482 0.108594
0 0.280366 0.080801 0.263752 0.089887 0.249844 0.108271 0.162480 0.009434 0.172525 -0.000000 0.205941 -0.000000 0.280366 0.080801
0 0.346431 0.352722 0.379357 0.326144 0.394431 0.340028 0.363489 0.369780 0.346431 0.352722
4 0.363683 0.295019 0.347237 0.310119 0.343499 0.305036 0.358899 0.290384 0.363683 0.295019
0 0.355012 0.319239 0.362786 0.312511 0.366972 0.318043 0.359796 0.323874 0.355012 0.319239
0 0.344396 0.328061 0.349928 0.323725 0.355161 0.329107 0.349779 0.334191 0.344396 0.328061
0 0.356803 0.219396 0.363546 0.226933 0.296901 0.290404 0.290554 0.283264 0.356803 0.219396
0 0.241135 0.241356 0.232088 0.242002 0.230913 0.236897 0.231265 0.231391 0.313946 0.156557 0.315528 0.156845 0.317973 0.157924 0.318980 0.160872 0.320275 0.164612 0.319196 0.169502 0.318549 0.172163 0.241135 0.241356
4 0.243398 0.245201 0.265504 0.272583 0.265653 0.274676 0.265653 0.275872 0.259972 0.282002 0.257281 0.282002 0.236486 0.254338 0.234612 0.252347 0.234026 0.245201 0.236604 0.244147 0.240938 0.242624 0.243398 0.245201
0 0.474048 0.171404 0.474517 0.169178 0.476860 0.166952 0.479320 0.165898 0.482600 0.164492 0.487051 0.164258 0.491854 0.165078 0.495837 0.168475 0.499937 0.175035 0.500992 0.187336 0.501343 0.194833 0.494197 0.201276 0.486934 0.203150 0.478968 0.196122 0.473814 0.188273 0.471471 0.181010 0.472408 0.175387 0.474048 0.171404
0 0.450268 0.161212 0.449682 0.157698 0.450385 0.151958 0.453313 0.146218 0.458819 0.143172 0.462919 0.141883 0.467839 0.141649 0.472642 0.143289 0.476742 0.147858 0.478617 0.152426 0.479671 0.157932 0.479320 0.165898 0.476860 0.166952 0.474517 0.169178 0.472408 0.175387 0.469831 0.178198 0.459756 0.177847 0.457648 0.170232 0.454719 0.166718 0.452376 0.164844 0.450619 0.162501 0.450268 0.161212
0 0.454719 0.166718 0.457648 0.170232 0.457873 0.176577 0.458322 0.179866 0.458172 0.183305 0.459219 0.183753 0.464751 0.184202 0.470881 0.185547 0.473814 0.188273 0.478968 0.196122 0.480150 0.205582 0.479851 0.209918 0.478805 0.213954 0.475815 0.217991 0.473273 0.219486 0.467592 0.220084 0.461462 0.220383 0.456677 0.219486 0.450921 0.215005 0.449342 0.205543 0.448979 0.198582 0.447690 0.198699 0.446285 0.199050 0.438904 0.199167 0.435156 0.195653 0.431173 0.192373 0.427893 0.180073 0.426838 0.177613 0.427190 0.174215 0.429064 0.170935 0.430939 0.167421 0.433633 0.164609 0.436444 0.162384 0.438553 0.161446 0.442067 0.161564 0.446285 0.161681 0.450619 0.162501 0.452376 0.164844 0.454719 0.166718
0 0.375792 0.071420 0.374087 0.065332 0.373356 0.058513 0.374574 0.052424 0.376766 0.049015 0.381637 0.044387 0.385046 0.043413 0.389917 0.043170 0.395031 0.045362 0.399171 0.047553 0.401607 0.051206 0.403555 0.053885 0.404286 0.059487 0.404286 0.062896 0.404286 0.067036 0.404042 0.068985 0.404286 0.069228 0.404286 0.070202 0.408182 0.069472 0.411835 0.069228 0.416462 0.070202 0.420116 0.071907 0.422551 0.075073 0.424499 0.079944 0.425717 0.083110 0.426691 0.089685 0.428396 0.108681 0.425473 0.111117 0.423282 0.113552 0.421333 0.115500 0.415001 0.117205 0.411105 0.117449 0.407208 0.116718 0.405503 0.115500 0.403311 0.114283 0.400146 0.111847 0.402094 0.125242 0.401850 0.128408 0.400633 0.132548 0.399171 0.135957 0.395762 0.139123 0.388699 0.141802 0.384072 0.142533 0.378227 0.140585 0.374331 0.136444 0.370190 0.133035 0.368242 0.129138 0.367755 0.124024 0.367755 0.121832 0.367024 0.115013 0.366781 0.113308 0.361423 0.115013 0.355091 0.114283 0.352169 0.112578 0.350464 0.110629 0.348272 0.106246 0.345837 0.102106 0.345106 0.095774 0.344863 0.094069 0.345106 0.078483 0.347785 0.074342 0.349490 0.071420 0.352412 0.070202 0.357770 0.068741 0.360449 0.068254 0.367024 0.069959 0.369947 0.070933 0.372626 0.072151 0.375061 0.074586 0.377009 0.078239 0.377740 0.080674 0.377740 0.083840 0.378227 0.087981 0.378227 0.092364 0.379201 0.093582 0.383585 0.092608 0.387238 0.092851 0.390648 0.094556 0.392596 0.095043 0.393814 0.095530 0.394057 0.096991 0.395518 0.097722 0.396736 0.097722 0.395518 0.093582 0.394544 0.089929 0.393570 0.087493 0.393570 0.083840 0.393814 0.079944 0.394381 0.077296 0.391233 0.088984 0.388700 0.089666 0.381319 0.090446 0.379201 0.074830 0.375792 0.071420
0 0.130772 0.015627 0.136174 0.024810 0.132393 0.034533 0.120509 0.040474 0.111867 0.037503 0.107546 0.028591 0.108626 0.020488 0.112137 0.015627 0.119699 0.012386 0.128342 0.013466 0.130772 0.015627
