4 0.998754 0.260387 0.988523 0.263252 0.984391 0.243282 0.993343 0.240986 0.998754 0.236695 0.998754 0.260387
0 0.969011 0.251399 0.972675 0.269014 0.956187 0.272396 0.954215 0.252526 0.969011 0.251399
0 0.983864 0.156805 0.988544 0.191262 0.971916 0.193517 0.968393 0.160401 0.974875 0.156315 0.983864 0.156805
4 0.998754 0.150766 0.989554 0.151788 0.989389 0.140182 0.998754 0.139157 0.998754 0.150766
4 0.998754 0.138293 0.984410 0.139836 0.984171 0.125464 0.998754 0.124691 0.998754 0.138293
0 0.962032 0.157431 0.966177 0.203359 0.947275 0.204851 0.943462 0.159918 0.962032 0.157431
0 0.907316 0.180809 0.941804 0.177659 0.944622 0.206012 0.942467 0.206177 0.941140 0.206177 0.940975 0.208664 0.909140 0.209659 0.908145 0.189763 0.907316 0.180809
1 0.896886 0.167840 0.900592 0.202566 0.887326 0.204517 0.890058 0.227732 0.862550 0.231244 0.856698 0.172718 0.856308 0.170767 0.882059 0.168036 0.882839 0.171547 0.885571 0.171547 0.885376 0.168231 0.896886 0.167840
2 0.873313 0.144754 0.873876 0.158564 0.871340 0.158987 0.872467 0.168569 0.857389 0.169697 0.853584 0.165328 0.852457 0.148559 0.858375 0.145036 0.873313 0.144754
3 0.848370 0.160255 0.848370 0.165892 0.855557 0.166033 0.857671 0.186889 0.848793 0.187875 0.848793 0.179702 0.830897 0.181111 0.831037 0.159410 0.848652 0.158846 0.848370 0.160255
1 0.847813 0.189376 0.849872 0.188347 0.852372 0.188200 0.854651 0.188641 0.856563 0.190699 0.856783 0.194302 0.855974 0.196361 0.852886 0.196729 0.848695 0.196802 0.846637 0.195552 0.846489 0.193126 0.847813 0.189376
1 0.818596 0.201547 0.829015 0.201188 0.829015 0.199032 0.857999 0.197116 0.862191 0.237118 0.847579 0.239154 0.847579 0.240591 0.821590 0.242627 0.821470 0.226459 0.819554 0.226578 0.818596 0.201547
0 0.910618 0.098331 0.933024 0.088748 0.938097 0.102699 0.914704 0.110450 0.910618 0.098331
3 0.882666 0.094172 0.892536 0.093483 0.893225 0.102894 0.901488 0.102894 0.902177 0.114830 0.884273 0.115289 0.882666 0.094172
0 0.938214 0.026743 0.941328 0.025546 0.950789 0.046744 0.949113 0.048421 0.954382 0.060398 0.923842 0.072254 0.919650 0.061595 0.917374 0.062434 0.912584 0.049499 0.917374 0.047702 0.910548 0.029139 0.934142 0.019437 0.938214 0.026743
0 0.994661 0.027425 0.995379 0.040240 0.992146 0.040359 0.992146 0.042156 0.979091 0.043593 0.978492 0.028023 0.994661 0.027425
3 0.833849 0.096684 0.818242 0.102146 0.808098 0.069371 0.816292 0.066250 0.815706 0.064299 0.832679 0.059617 0.844384 0.091416 0.847701 0.090831 0.853163 0.106438 0.846725 0.107999 0.847505 0.109364 0.838727 0.111510 0.835995 0.103512 0.833849 0.096684
0 0.945424 0.155891 0.943152 0.154965 0.942394 0.152776 0.942058 0.149830 0.944078 0.148063 0.946434 0.147558 0.949801 0.148652 0.951148 0.152440 0.949296 0.154796 0.945424 0.155891
