0 0.882831 0.008145 0.898806 0.011550 0.914518 0.018358 0.906138 0.046379 0.903216 0.055159 0.886498 0.048474 0.869476 0.044284 0.882831 0.008145
0 0.898806 0.011550 0.901831 -0.000000 0.937072 -0.000000 0.946729 0.003432 0.938872 0.028310 0.923684 0.022810 0.914780 0.048998 0.906138 0.046379 0.914518 0.018358 0.898806 0.011550
0 0.890759 0.052925 0.894455 0.052076 0.898333 0.053409 0.900393 0.056378 0.900414 0.059480 0.898091 0.062256 0.895485 0.062983 0.891910 0.062316 0.889426 0.059469 0.889123 0.054924 0.890759 0.052925
0 0.909940 0.051307 0.914780 0.048998 0.917836 0.048741 0.920501 0.052097 0.920896 0.054959 0.920600 0.057328 0.915961 0.059795 0.911322 0.058611 0.909151 0.055453 0.909940 0.051307
0 0.535182 0.138768 0.556811 0.139463 0.556548 0.140393 0.556426 0.147664 0.556344 0.155395 0.534678 0.154388 0.535182 0.138768
0 0.556548 0.140393 0.566788 0.140756 0.566545 0.148936 0.556426 0.147664 0.556548 0.140393
0 0.580624 0.162660 0.605246 0.164507 0.603605 0.201645 0.602374 0.202056 0.600116 0.224626 0.567902 0.222369 0.569134 0.203492 0.564619 0.203287 0.566466 0.170457 0.580008 0.171893 0.580624 0.162660
0 0.608484 0.165092 0.613774 0.164589 0.616798 0.167612 0.616924 0.171391 0.615664 0.173028 0.615412 0.173154 0.616546 0.175674 0.616924 0.178445 0.614656 0.180712 0.612263 0.181594 0.608988 0.181720 0.607098 0.179579 0.606720 0.176177 0.609114 0.173658 0.607854 0.170887 0.607350 0.167612 0.607602 0.165974 0.608484 0.165092
0 0.603913 0.225951 0.607170 0.224865 0.609144 0.225457 0.611612 0.228320 0.612303 0.231774 0.611710 0.235229 0.613290 0.238189 0.614474 0.241743 0.613882 0.245000 0.610230 0.245690 0.605887 0.245296 0.603321 0.242927 0.603025 0.240163 0.604505 0.236610 0.604703 0.235130 0.602532 0.232761 0.601643 0.229208 0.603913 0.225951
0 0.880894 0.049851 0.886991 0.049022 0.888531 0.054054 0.882551 0.055771 0.880894 0.049851
