2 0.198612 0.554989 0.216842 0.546629 0.222620 0.558366 0.204442 0.566766 0.198612 0.554989
2 0.211891 0.567268 0.223210 0.562174 0.229044 0.574654 0.236634 0.571667 0.242388 0.584684 0.262047 0.575742 0.269390 0.591162 0.259806 0.595816 0.258375 0.593365 0.248646 0.598138 0.254264 0.609201 0.234019 0.618538 0.223745 0.595089 0.221988 0.588880 0.211891 0.567268
2 0.231500 0.621556 0.254140 0.610451 0.259843 0.620880 0.236909 0.632657 0.231500 0.621556
2 0.300931 0.812034 0.335606 0.812268 0.335840 0.827263 0.300579 0.827029 0.300931 0.812034
0 0.507183 0.733805 0.563062 0.735796 0.563296 0.746808 0.506832 0.745402 0.507183 0.733805
0 0.501867 0.598790 0.561406 0.600737 0.562109 0.634124 0.501545 0.633304 0.501867 0.598790
0 0.517458 0.633449 0.517448 0.634578 0.521528 0.634645 0.521359 0.638024 0.518542 0.638083 0.518431 0.686938 0.490711 0.686387 0.490876 0.639795 0.495478 0.639795 0.495670 0.633298 0.517458 0.633449
0 0.562262 0.657987 0.570295 0.658764 0.569517 0.666883 0.561485 0.666192 0.562262 0.657987
0 0.596000 0.658790 0.605771 0.651216 0.612439 0.659693 0.602361 0.667046 0.596000 0.658790
0 0.595317 0.636980 0.600183 0.634238 0.602707 0.638447 0.597658 0.641394 0.595317 0.636980
0 0.664220 0.649555 0.682502 0.658523 0.677320 0.667750 0.659182 0.658954 0.664220 0.649555
0 0.717953 0.639305 0.724821 0.644008 0.721592 0.648439 0.722977 0.649532 0.719430 0.653930 0.711474 0.648660 0.717953 0.639305
0 0.710352 0.560342 0.735693 0.589805 0.729888 0.595160 0.704211 0.614373 0.679971 0.639511 0.648907 0.605934 0.674219 0.579850 0.700669 0.559872 0.702920 0.561982 0.707703 0.558324 0.710352 0.560342
0 0.750396 0.575334 0.735693 0.589805 0.710352 0.560342 0.723806 0.547055 0.750396 0.575334
0 0.577784 0.596991 0.596998 0.587040 0.603861 0.600032 0.584868 0.609831 0.577784 0.596991
0 0.700698 0.505693 0.717806 0.493488 0.736084 0.518911 0.717919 0.530302 0.700698 0.505693
0 0.581126 0.746672 0.582731 0.747139 0.583780 0.748422 0.583886 0.750649 0.582773 0.752717 0.581169 0.753031 0.579442 0.752937 0.578107 0.751444 0.577735 0.748793 0.578955 0.747202 0.581126 0.746672
2 0.245075 0.565822 0.253093 0.566598 0.252627 0.570960 0.250546 0.570718 0.250086 0.573222 0.244451 0.572617 0.245075 0.565822
