0 0.745593 0.283285 0.778833 0.298879 0.767548 0.322886 0.734923 0.307702 0.745593 0.283285
0 0.732752 0.313740 0.697223 0.347341 0.691113 0.340428 0.727768 0.306024 0.732752 0.313740
0 0.708175 0.340615 0.713801 0.348116 0.705115 0.353940 0.699687 0.347129 0.708175 0.340615
0 0.731598 0.351382 0.725182 0.355725 0.719853 0.347632 0.726070 0.343487 0.731598 0.351382
0 0.642257 0.253806 0.634756 0.261899 0.623998 0.251635 0.631795 0.243246 0.642257 0.253806
0 0.613836 0.350754 0.604164 0.356676 0.600117 0.349076 0.609296 0.343648 0.613836 0.350754
0 0.607677 0.339516 0.597610 0.346326 0.592773 0.338628 0.602742 0.332015 0.607677 0.339516
0 0.600106 0.328664 0.590714 0.334238 0.585624 0.324544 0.595561 0.318969 0.600106 0.328664
0 0.582741 0.325105 0.579166 0.319228 0.589467 0.313290 0.592799 0.318925 0.582741 0.325105
3 0.576259 0.289494 0.568448 0.294907 0.563963 0.288334 0.571387 0.282921 0.576259 0.289494
3 0.577086 0.292754 0.581108 0.299637 0.569817 0.304818 0.566105 0.297935 0.577086 0.292754
3 0.584466 0.305488 0.573949 0.311442 0.571474 0.306029 0.580908 0.300848 0.584466 0.305488
3 0.586356 0.307813 0.589155 0.312500 0.586291 0.314355 0.583036 0.309798 0.586356 0.307813
0 0.573855 0.270105 0.565531 0.276128 0.558155 0.265571 0.566749 0.259480 0.573855 0.270105
0 0.613836 0.272249 0.602276 0.280863 0.595945 0.272000 0.607903 0.263136 0.613836 0.272249
0 0.628637 0.297023 0.618826 0.304188 0.611441 0.293605 0.622243 0.286330 0.628637 0.297023
0 0.641577 0.312392 0.632335 0.316624 0.631212 0.319302 0.628362 0.320079 0.623957 0.311183 0.638122 0.305396 0.641577 0.312392
0 0.618728 0.284972 0.607327 0.292227 0.603958 0.286526 0.606809 0.284885 0.604217 0.280740 0.612855 0.275471 0.618728 0.284972
0 0.589624 0.247310 0.592940 0.260709 0.585767 0.262807 0.581909 0.249408 0.589624 0.247310
0 0.781209 0.469043 0.775457 0.474186 0.769028 0.466945 0.774713 0.462073 0.781209 0.469043
0 0.882775 0.384344 0.881047 0.394967 0.869042 0.391772 0.871287 0.381753 0.882775 0.384344
0 0.812385 0.322277 0.800293 0.332987 0.793383 0.325473 0.806339 0.314245 0.812385 0.322277
4 0.774855 0.210869 0.786428 0.214237 0.782887 0.223220 0.771400 0.219247 0.774855 0.210869
0 0.821264 0.120333 0.809354 0.130348 0.801842 0.121415 0.813211 0.112618 0.821264 0.120333
0 0.716192 0.054852 0.724990 0.072628 0.714037 0.077476 0.706675 0.058623 0.716192 0.054852
3 0.671426 0.396787 0.662497 0.404503 0.653238 0.392047 0.662497 0.384441 0.671426 0.396787
4 0.743187 0.364892 0.754217 0.357256 0.759874 0.365458 0.749409 0.373094 0.743187 0.364892
3 0.734532 0.406867 0.740072 0.411520 0.736083 0.415952 0.730765 0.410412 0.734532 0.406867
