0 0.883913 -0.000000 0.896250 0.009247 0.877601 0.031626 0.839598 -0.000000 0.883913 -0.000000
0 0.759856 0.044549 0.740860 0.029937 0.740860 0.027745 0.730632 0.020926 0.738425 0.010454 0.769354 0.031398 0.759856 0.044549
0 0.758929 0.073163 0.778202 0.047784 0.817320 0.074690 0.795757 0.103885 0.757784 0.073927 0.758929 0.073163
0 0.758739 0.062096 0.759502 0.057707 0.764081 0.056180 0.766944 0.057516 0.767707 0.061142 0.766944 0.064004 0.763127 0.065149 0.760456 0.064004 0.758739 0.062096
0 0.719414 0.088540 0.724100 0.082917 0.731480 0.088071 0.732535 0.087017 0.746006 0.096740 0.747881 0.094631 0.778969 0.117487 0.770148 0.128850 0.718417 0.089529 0.719414 0.088540
0 0.720062 0.091622 0.720959 0.091472 0.766859 0.126458 0.764915 0.130794 0.719314 0.096107 0.720062 0.091622
0 0.739144 0.131171 0.743031 0.126685 0.747666 0.119808 0.769794 0.136553 0.760076 0.148364 0.739144 0.131171
0 0.739144 0.131171 0.760076 0.148364 0.757384 0.152850 0.736303 0.136254 0.739144 0.131171
0 0.720092 0.168705 0.707671 0.158233 0.728372 0.134610 0.766607 0.166513 0.732269 0.204505 0.705723 0.182587 0.720092 0.168705
0 0.633984 0.140319 0.636906 0.135692 0.643969 0.128873 0.666131 0.146894 0.657363 0.158828 0.633984 0.140319
0 0.857281 0.026759 0.860861 0.021619 0.872609 0.029329 0.869030 0.034561 0.857281 0.026759
0 0.857281 0.026759 0.869030 0.034561 0.867561 0.036121 0.856639 0.029145 0.857281 0.026759
0 0.998757 0.109024 0.974509 0.118523 0.969638 0.100257 0.998757 0.089513 0.998757 0.109024
0 0.969638 0.100257 0.974509 0.118523 0.969882 0.120958 0.964280 0.100988 0.969638 0.100257
0 0.980299 0.129254 0.994424 0.142162 0.985901 0.153608 0.968853 0.140214 0.973967 0.133395 0.978594 0.128280 0.980299 0.129254
0 0.985901 0.153608 0.994424 0.142162 0.998321 0.146789 0.992476 0.156774 0.985901 0.153608
0 0.957407 0.157018 0.961547 0.149712 0.965930 0.145328 0.977620 0.153365 0.978351 0.158722 0.972993 0.167733 0.957650 0.157261 0.957407 0.157018
0 0.914314 0.189078 0.901223 0.180350 0.907173 0.172416 0.912330 0.165673 0.921851 0.151392 0.942082 0.166069 0.958744 0.178764 0.959934 0.180747 0.943669 0.204152 0.936529 0.199788 0.927405 0.193838 0.919074 0.202169 0.911933 0.197408 0.910347 0.192648 0.914314 0.189078
0 0.841393 0.293711 0.841637 0.269844 0.843829 0.269844 0.843829 0.246464 0.847482 0.246464 0.848456 0.242568 0.890344 0.243299 0.890101 0.249387 0.893997 0.250118 0.892536 0.289083 0.882795 0.288109 0.881820 0.290058 0.860876 0.288353 0.859902 0.298581 0.841150 0.297120 0.841393 0.293711
0 0.894579 0.331842 0.916258 0.323021 0.921042 0.335281 0.899214 0.344102 0.894579 0.331842
0 0.901456 0.300594 0.924182 0.296557 0.926126 0.310013 0.922986 0.310163 0.901755 0.313601 0.900111 0.301192 0.901456 0.300594
0 0.945899 0.297536 0.955318 0.284678 0.966831 0.292602 0.956365 0.306058 0.945899 0.297536
0 0.945899 0.297536 0.956365 0.306058 0.953823 0.310095 0.943806 0.301573 0.945899 0.297536
0 0.985370 0.291257 0.988061 0.285127 0.994341 0.289014 0.993294 0.294097 0.998757 0.298604 0.998757 0.309476 0.997480 0.312936 0.994490 0.314730 0.992248 0.314431 0.990603 0.313085 0.991500 0.310394 0.981931 0.303218 0.981333 0.300825 0.979539 0.294546 0.981931 0.290509 0.985370 0.291257
0 0.983648 0.308781 0.992617 0.316604 0.972009 0.344464 0.957888 0.331679 0.978687 0.304774 0.983648 0.308781
0 0.957888 0.331679 0.951400 0.325382 0.971436 0.300766 0.978687 0.304774 0.957888 0.331679
0 0.972623 0.173582 0.972623 0.171101 0.975867 0.169193 0.980446 0.170529 0.982545 0.174536 0.980256 0.177971 0.974722 0.176253 0.972623 0.173582
4 0.708598 0.247310 0.713178 0.242539 0.724818 0.251698 0.720620 0.255515 0.708598 0.247310
4 0.708598 0.247310 0.720620 0.255515 0.718902 0.260094 0.707644 0.252271 0.708598 0.247310
0 0.417710 0.438273 0.442063 0.406857 0.474697 0.431210 0.449857 0.465062 0.417710 0.438273
0 0.383422 0.475308 0.399495 0.454607 0.406801 0.459965 0.412159 0.451197 0.441627 0.471655 0.415569 0.505019 0.383422 0.475308
0 0.351242 0.520647 0.371468 0.495268 0.389214 0.507481 0.397420 0.495841 0.410586 0.503283 0.412494 0.505382 0.383061 0.546228 0.351242 0.520647
0 0.324747 0.553711 0.344717 0.530819 0.360060 0.543726 0.365661 0.536663 0.383061 0.546228 0.357355 0.581147 0.324747 0.553711
0 0.298508 0.605516 0.309076 0.574123 0.329280 0.581893 0.330523 0.575055 0.347307 0.581272 0.338604 0.617638 0.298508 0.605516
0 0.260415 0.602394 0.263850 0.588845 0.290946 0.596669 0.286175 0.610599 0.260415 0.602394
0 0.260415 0.602394 0.286175 0.610599 0.284267 0.616132 0.258125 0.608500 0.260415 0.602394
0 0.286175 0.610599 0.290946 0.596669 0.291900 0.603348 0.288274 0.613843 0.284267 0.616132 0.286175 0.610599
0 0.289321 0.663807 0.290051 0.636530 0.294922 0.636774 0.295409 0.627276 0.312213 0.628494 0.313187 0.624110 0.331696 0.625571 0.331940 0.644324 0.334132 0.644080 0.333644 0.665755 0.289321 0.663807
0 0.260511 0.614441 0.277556 0.613843 0.278453 0.637465 0.260212 0.638362 0.260511 0.614441
0 0.278302 0.664796 0.291966 0.664581 0.292901 0.673139 0.278446 0.673714 0.278302 0.664796
0 0.295294 0.720173 0.291406 0.681749 0.332522 0.678908 0.335063 0.695205 0.332522 0.696251 0.332372 0.697896 0.334914 0.697896 0.337605 0.714043 0.336110 0.714641 0.337007 0.721967 0.308002 0.724509 0.307852 0.720771 0.295294 0.720173
0 0.342147 0.769389 0.346188 0.808242 0.308579 0.810728 0.305781 0.784308 0.327539 0.781822 0.326606 0.770632 0.342147 0.769389
0 0.271665 0.774915 0.280789 0.773328 0.290707 0.774122 0.294277 0.805858 0.276822 0.805461 0.271665 0.774915
0 0.276822 0.805461 0.287754 0.805790 0.288327 0.814568 0.276687 0.815140 0.276822 0.805461
0 0.292830 0.815769 0.294357 0.830080 0.278901 0.831034 0.278710 0.821875 0.276038 0.821303 0.276038 0.818059 0.292830 0.815769
0 0.233140 0.841130 0.261390 0.839425 0.262608 0.853794 0.235331 0.856960 0.233870 0.851358 0.233140 0.841130
0 0.024683 0.882049 0.018336 0.876098 0.020320 0.872925 0.027460 0.876892 0.047692 0.851503 0.042138 0.846346 0.079824 0.800329 0.094899 0.810247 0.092518 0.815007 0.102039 0.826114 0.040551 0.901090 0.024683 0.882049
0 0.034034 0.998991 0.026986 0.921892 0.049781 0.918085 0.056540 0.998990 0.034034 0.998991
0 0.093173 0.998989 0.089709 0.989036 0.104592 0.983693 0.108600 0.994761 0.096433 0.998989 0.093173 0.998989
0 0.110139 0.998989 0.108600 0.994761 0.124819 0.988845 0.127666 0.998989 0.110139 0.998989
0 0.160288 0.998988 0.150358 0.972826 0.173763 0.965289 0.188044 0.996231 0.169184 0.998988 0.160288 0.998988
0 0.129134 0.833925 0.130088 0.822667 0.149742 0.823812 0.149360 0.833162 0.129134 0.833925
0 0.129593 0.821316 0.129593 0.815349 0.141526 0.815441 0.141526 0.821591 0.129593 0.821316
0 0.163365 0.798007 0.171290 0.797708 0.171290 0.796960 0.176074 0.796661 0.177419 0.807276 0.167701 0.807276 0.167402 0.809519 0.163665 0.809220 0.163365 0.798007
0 0.220869 0.950178 0.218383 0.927799 0.216829 0.909150 0.213721 0.909771 0.211545 0.883351 0.213410 0.882108 0.213099 0.874648 0.236100 0.872473 0.239519 0.896717 0.244803 0.896717 0.246979 0.911325 0.252573 0.911014 0.253817 0.915366 0.262830 0.914744 0.266871 0.935880 0.267804 0.944583 0.254127 0.946137 0.253506 0.940543 0.245424 0.941786 0.245424 0.938988 0.238586 0.939610 0.238897 0.951111 0.221180 0.952665 0.220869 0.950178
0 0.292830 0.815769 0.307131 0.814078 0.311028 0.829421 0.294357 0.830080 0.292830 0.815769
0 0.302448 0.773472 0.326606 0.770632 0.327539 0.781822 0.305781 0.784308 0.302448 0.773472
0 0.305781 0.784308 0.308194 0.807814 0.299670 0.807083 0.297235 0.785165 0.305781 0.784308
0 0.313065 0.857495 0.311028 0.829421 0.331086 0.829002 0.329869 0.817799 0.348134 0.816581 0.352031 0.842883 0.355927 0.854086 0.313065 0.857495
0 0.315013 0.812928 0.329625 0.812928 0.330112 0.811223 0.339367 0.810736 0.339367 0.817068 0.329869 0.817799 0.331086 0.829002 0.315500 0.829002 0.316231 0.824861 0.309655 0.824131 0.307131 0.814078 0.315013 0.812928
0 0.294794 0.871494 0.301589 0.871494 0.302877 0.881920 0.295966 0.882154 0.294794 0.871494
0 0.294794 0.871494 0.295966 0.882154 0.292334 0.883091 0.291045 0.873720 0.294794 0.871494
0 0.306040 0.870557 0.309320 0.867277 0.319863 0.866574 0.320332 0.869854 0.322440 0.869737 0.323143 0.875946 0.323260 0.877117 0.319512 0.877351 0.319512 0.883794 0.318575 0.884849 0.310609 0.884966 0.310140 0.880046 0.306274 0.879460 0.306040 0.870557
0 0.298233 0.884547 0.305730 0.883961 0.306667 0.892162 0.299170 0.892630 0.298233 0.884547
0 0.305650 0.895324 0.318508 0.892632 0.324189 0.915657 0.319704 0.916853 0.308192 0.918199 0.304304 0.895623 0.305650 0.895324
0 0.307254 0.919117 0.317328 0.918414 0.317797 0.927083 0.315571 0.927200 0.315337 0.928606 0.308308 0.928957 0.307254 0.919117
0 0.338941 0.954261 0.332853 0.927959 0.340159 0.926498 0.337967 0.913347 0.355746 0.910424 0.369627 0.907745 0.373767 0.933073 0.376203 0.933560 0.377420 0.947442 0.338941 0.954261
0 0.323427 0.912191 0.319512 0.883794 0.325863 0.881262 0.326350 0.877852 0.339988 0.875904 0.340232 0.871520 0.344128 0.870303 0.345589 0.865432 0.361663 0.866162 0.369627 0.907745 0.324189 0.915657 0.323427 0.912191
0 0.846622 0.998988 0.870893 0.978798 0.887469 0.998989 0.846622 0.998988
0 0.907007 0.942110 0.930809 0.897283 0.933585 0.897283 0.940726 0.886969 0.943900 0.888159 0.959371 0.896490 0.955007 0.906011 0.955404 0.915134 0.949850 0.924259 0.954214 0.931002 0.942709 0.955201 0.935172 0.950837 0.929222 0.957978 0.907007 0.942110
0 0.976750 0.865944 0.966803 0.870606 0.958722 0.847605 0.968979 0.843876 0.976750 0.865944
0 0.957790 0.874025 0.966803 0.870606 0.975506 0.891742 0.965249 0.893918 0.957790 0.874025
0 0.992602 0.871228 0.998757 0.885145 0.998757 0.911371 0.993153 0.910469 0.979236 0.875890 0.983899 0.873093 0.992602 0.871228
0 0.891946 0.813729 0.873194 0.789863 0.894382 0.770136 0.900957 0.779391 0.908020 0.774033 0.899983 0.765022 0.921901 0.744321 0.947960 0.780121 0.932373 0.796682 0.927259 0.790106 0.900714 0.812268 0.899009 0.810564 0.893894 0.814704 0.891946 0.813729
0 0.845352 0.830546 0.875307 0.803757 0.880908 0.809358 0.885048 0.815203 0.854850 0.842479 0.845352 0.830546
0 0.823168 0.783210 0.829073 0.778859 0.838398 0.774196 0.855183 0.806833 0.839952 0.815536 0.823168 0.783210
0 0.815155 0.761470 0.817833 0.754895 0.823922 0.752947 0.830984 0.754895 0.833663 0.762444 0.830984 0.769751 0.819295 0.770725 0.814667 0.761714 0.815155 0.761470
0 0.685163 0.748769 0.697907 0.732917 0.721529 0.750323 0.721219 0.751256 0.729300 0.756851 0.716556 0.772703 0.685163 0.748769
0 0.685163 0.748769 0.716556 0.772703 0.715002 0.778297 0.683609 0.756540 0.685163 0.748769
0 0.707925 0.732305 0.712898 0.724534 0.727818 0.734791 0.721290 0.743805 0.707925 0.732305
0 0.754859 0.768982 0.721290 0.743805 0.765116 0.686303 0.797131 0.711169 0.754859 0.768982
0 0.721290 0.743805 0.754859 0.768982 0.750508 0.771779 0.720358 0.747224 0.721290 0.743805
0 0.725534 0.715915 0.743471 0.697406 0.751485 0.704466 0.733548 0.727173 0.723435 0.720113 0.725534 0.715915
0 0.737538 0.682789 0.748254 0.669394 0.758482 0.677918 0.758726 0.679379 0.765116 0.686303 0.755316 0.698375 0.737538 0.684250 0.737538 0.682789
0 0.651080 0.690569 0.660405 0.679379 0.694284 0.704866 0.711379 0.718232 0.701433 0.731908 0.650769 0.693988 0.651080 0.690569
0 0.678191 0.650195 0.699622 0.625354 0.731769 0.650682 0.701570 0.687456 0.671128 0.662372 0.674538 0.658231 0.678434 0.653361 0.679408 0.652143 0.678191 0.650195
0 0.626218 0.748410 0.627150 0.732248 0.641759 0.732869 0.641448 0.746856 0.654502 0.748410 0.654502 0.739397 0.669111 0.740640 0.667557 0.771722 0.623109 0.771100 0.626218 0.748410
0 0.781522 0.872454 0.823046 0.855801 0.833119 0.884576 0.792090 0.900428 0.781522 0.872454
0 0.722677 0.826142 0.736559 0.819323 0.747762 0.845381 0.733149 0.850252 0.722677 0.826142
0 0.722677 0.826142 0.733149 0.850252 0.729740 0.852200 0.720973 0.831743 0.722677 0.826142
0 0.693453 0.813721 0.707335 0.808607 0.711718 0.825168 0.695645 0.830282 0.690287 0.814695 0.693453 0.813721
0 0.711231 0.809581 0.717320 0.809581 0.719511 0.813478 0.719024 0.819566 0.716589 0.821514 0.711962 0.820053 0.708796 0.815913 0.708065 0.811773 0.711231 0.809581
0 0.647134 0.784793 0.660889 0.781802 0.662085 0.785391 0.675242 0.782849 0.677336 0.793763 0.661338 0.796305 0.659843 0.790474 0.648630 0.793016 0.647134 0.784793
0 0.647134 0.784793 0.648630 0.793016 0.646088 0.795109 0.645041 0.786736 0.647134 0.784793
0 0.647882 0.795557 0.646088 0.795109 0.648630 0.793016 0.659843 0.790474 0.658647 0.793464 0.647882 0.795557
0 0.661338 0.796305 0.677336 0.793763 0.677186 0.796006 0.659544 0.798996 0.661338 0.796305
0 0.660935 0.857848 0.668950 0.854986 0.668377 0.852505 0.677727 0.849452 0.677346 0.846399 0.695664 0.839339 0.702152 0.858230 0.704442 0.857466 0.712265 0.887806 0.671621 0.901927 0.666851 0.885326 0.667805 0.883799 0.660935 0.857848
0 0.676896 0.920892 0.720403 0.904291 0.733187 0.936349 0.702657 0.945126 0.710862 0.965162 0.693879 0.969169 0.675942 0.925663 0.676896 0.920892
0 0.702657 0.945126 0.733187 0.936349 0.731661 0.944172 0.706282 0.953141 0.702657 0.945126
0 0.749454 0.946512 0.745119 0.935149 0.745939 0.931635 0.750039 0.928589 0.756600 0.927535 0.753905 0.915234 0.767143 0.911134 0.777100 0.939249 0.749922 0.947684 0.749454 0.946512
0 0.754488 0.910937 0.752993 0.905555 0.755086 0.900471 0.761066 0.901069 0.764804 0.906003 0.764356 0.911236 0.758674 0.912582 0.754488 0.910937
0 0.584353 0.998985 0.577643 0.979665 0.624158 0.965296 0.631221 0.991111 0.630003 0.994764 0.618811 0.998986 0.584353 0.998985
0 0.591497 0.938261 0.609762 0.931929 0.615120 0.947759 0.605378 0.952142 0.606109 0.955065 0.589305 0.960179 0.581999 0.941914 0.590035 0.940209 0.591497 0.938261
0 0.485933 0.990861 0.492611 0.977504 0.498527 0.979412 0.499672 0.975977 0.506732 0.978267 0.506732 0.980175 0.517990 0.984564 0.519135 0.981511 0.532301 0.988762 0.528309 0.998985 0.499367 0.998985 0.485933 0.990861
0 0.462912 0.968161 0.449031 0.929195 0.460721 0.924081 0.479230 0.918236 0.483613 0.928465 0.491650 0.925055 0.503096 0.952818 0.462912 0.968161
0 0.552397 0.889892 0.578817 0.880567 0.573844 0.866580 0.591872 0.860053 0.595912 0.870621 0.600886 0.869999 0.614562 0.907298 0.559546 0.923150 0.550532 0.891446 0.552397 0.889892
0 0.545546 0.858845 0.534830 0.828160 0.537022 0.822558 0.533126 0.805998 0.574283 0.792847 0.592062 0.846912 0.546764 0.862498 0.545546 0.858845
0 0.512653 0.874437 0.548940 0.863722 0.554785 0.879552 0.516306 0.890024 0.512653 0.874437
0 0.526411 0.950691 0.516244 0.942916 0.520879 0.935590 0.531794 0.943365 0.526411 0.950691
0 0.496879 0.917503 0.490582 0.904527 0.500123 0.901093 0.499741 0.899185 0.507183 0.896704 0.513480 0.911969 0.496879 0.917503
0 0.490582 0.904527 0.496879 0.917503 0.493444 0.920556 0.487720 0.909298 0.490582 0.904527
0 0.501535 0.782356 0.547140 0.777395 0.550575 0.797049 0.503824 0.802965 0.501535 0.782356
0 0.487375 0.796931 0.502259 0.794260 0.503594 0.809525 0.490428 0.809907 0.487375 0.796931
0 0.490428 0.809907 0.503594 0.809525 0.503022 0.812769 0.488901 0.813532 0.490428 0.809907
0 0.476766 0.770921 0.491119 0.769725 0.494109 0.783928 0.478411 0.785722 0.476766 0.770921
0 0.482148 0.797534 0.480653 0.793646 0.482148 0.789759 0.485438 0.789759 0.489175 0.792600 0.489923 0.795441 0.487375 0.796931 0.482148 0.797534
0 0.479756 0.805009 0.479158 0.802767 0.480952 0.799328 0.483045 0.798879 0.485886 0.798879 0.487680 0.800823 0.488278 0.806803 0.485737 0.808298 0.481102 0.807401 0.479756 0.805009
0 0.490072 0.789759 0.491717 0.788264 0.496352 0.786320 0.500987 0.790058 0.499940 0.794842 0.496202 0.796487 0.489923 0.795441 0.489773 0.790656 0.490072 0.789759
0 0.495218 0.775358 0.499105 0.774910 0.501198 0.776554 0.502544 0.781040 0.501535 0.782356 0.499553 0.784329 0.494620 0.782236 0.493423 0.778647 0.495218 0.775358
0 0.502245 0.774312 0.506730 0.772817 0.510617 0.776853 0.510916 0.779993 0.508973 0.782535 0.504039 0.781937 0.502544 0.781040 0.501198 0.776554 0.502245 0.774312
0 0.516401 0.771984 0.510295 0.734775 0.521362 0.733630 0.521172 0.732103 0.553611 0.725997 0.562197 0.767977 0.516592 0.774655 0.516401 0.771984
0 0.483533 0.672474 0.492055 0.652141 0.507156 0.657523 0.497587 0.680099 0.483533 0.672474
0 0.526602 0.659602 0.540723 0.638994 0.573162 0.660557 0.553317 0.688416 0.538433 0.678875 0.539387 0.676394 0.534806 0.671115 0.536334 0.667426 0.526602 0.659602
0 0.572538 0.595611 0.591811 0.572522 0.629593 0.604198 0.621388 0.617364 0.616617 0.613929 0.604023 0.629767 0.590093 0.619272 0.597154 0.610494 0.588758 0.603053 0.583224 0.607823 0.571012 0.597710 0.572538 0.595611
0 0.605967 0.557556 0.619324 0.540574 0.625430 0.544772 0.628483 0.541146 0.630773 0.541909 0.637642 0.533704 0.659968 0.550496 0.636688 0.583126 0.605967 0.557556
0 0.646633 0.522134 0.649324 0.516154 0.659640 0.521088 0.659640 0.522134 0.665920 0.526321 0.663527 0.532152 0.646633 0.522134
0 0.646633 0.522134 0.663527 0.532152 0.660238 0.535590 0.644839 0.525424 0.646633 0.522134
0 0.590030 0.547752 0.593885 0.542612 0.600769 0.547568 0.605909 0.553167 0.601320 0.559317 0.595170 0.552892 0.590030 0.547752
0 0.619867 0.584701 0.620155 0.581537 0.621090 0.580242 0.622456 0.579307 0.625692 0.579523 0.628210 0.580818 0.629504 0.583263 0.629576 0.584989 0.628929 0.587218 0.625908 0.589160 0.621809 0.588513 0.620227 0.586499 0.619867 0.584701
0 0.631086 0.583478 0.634682 0.583910 0.636840 0.587002 0.637055 0.590239 0.635473 0.591749 0.633675 0.592324 0.629792 0.591461 0.627850 0.589520 0.628929 0.587218 0.629576 0.584989 0.631086 0.583478
0 0.511893 0.883345 0.513884 0.882408 0.516306 0.890024 0.524662 0.887563 0.526888 0.894474 0.515759 0.898574 0.513650 0.892951 0.509433 0.894240 0.506270 0.885103 0.511893 0.883345
0 0.427342 0.878815 0.439458 0.874042 0.438724 0.872573 0.454419 0.868626 0.458733 0.880467 0.467453 0.877438 0.472869 0.892124 0.481680 0.889645 0.487830 0.904882 0.465798 0.913617 0.461409 0.901977 0.440419 0.909801 0.438320 0.903313 0.436602 0.901405 0.427342 0.878815
0 0.454419 0.868626 0.461376 0.868767 0.465712 0.878037 0.458733 0.880467 0.454419 0.868626
0 0.408166 0.817001 0.422478 0.813185 0.426867 0.823489 0.449192 0.815856 0.466175 0.856119 0.426867 0.872720 0.408166 0.817001
0 0.410369 0.809736 0.410252 0.800013 0.406738 0.797436 0.406343 0.771545 0.446796 0.769255 0.452139 0.807037 0.419318 0.809327 0.419318 0.811044 0.410369 0.809736
0 0.401170 0.726754 0.402067 0.721073 0.428829 0.721073 0.429128 0.716288 0.437351 0.716438 0.437800 0.720624 0.449910 0.721073 0.450359 0.753217 0.435856 0.753965 0.435856 0.754862 0.405805 0.756357 0.404758 0.747536 0.401768 0.746938 0.401170 0.726754
0 0.398371 0.701180 0.395574 0.663570 0.406763 0.662327 0.410182 0.661084 0.441575 0.661084 0.443440 0.701491 0.400547 0.704910 0.398371 0.701180
0 0.397324 0.623493 0.419077 0.594107 0.455523 0.619486 0.435488 0.646582 0.427664 0.641048 0.424611 0.644674 0.411826 0.634942 0.410681 0.635706 0.396752 0.625211 0.397324 0.623493
0 0.469662 0.610027 0.476343 0.615272 0.482786 0.621598 0.474703 0.630618 0.467557 0.625112 0.460177 0.620309 0.469662 0.610027
0 0.453173 0.647427 0.463287 0.627201 0.470919 0.630635 0.469583 0.632925 0.475117 0.635406 0.468248 0.653724 0.453173 0.647427
0 0.424789 0.585504 0.431627 0.575247 0.433492 0.576180 0.457935 0.551059 0.472655 0.562814 0.462709 0.570896 0.472966 0.576801 0.467993 0.581464 0.466439 0.584261 0.477007 0.593586 0.458668 0.614100 0.424789 0.585504
0 0.480418 0.519154 0.493813 0.527191 0.491864 0.530356 0.506476 0.541316 0.504285 0.544969 0.513539 0.555684 0.492838 0.580769 0.455355 0.547266 0.480418 0.519154
0 0.512237 0.547195 0.520258 0.537112 0.542945 0.553153 0.534695 0.561632 0.535841 0.564841 0.533778 0.565528 0.512237 0.548570 0.512237 0.547195
0 0.497201 0.500215 0.511868 0.486006 0.515764 0.487381 0.526993 0.474319 0.531806 0.477298 0.532035 0.480736 0.539368 0.485548 0.542805 0.485548 0.547160 0.481652 0.555639 0.483486 0.558160 0.492194 0.555410 0.495402 0.556326 0.502506 0.528597 0.531152 0.500181 0.506631 0.497201 0.500215
0 0.531166 0.541662 0.547326 0.520474 0.563666 0.533582 0.548224 0.554949 0.531166 0.541662
0 0.558943 0.523965 0.559122 0.520733 0.559481 0.518219 0.561816 0.517321 0.566125 0.518040 0.568998 0.522349 0.568280 0.527017 0.563791 0.527736 0.559122 0.525761 0.558943 0.523965
0 0.564150 0.513192 0.566484 0.510498 0.570973 0.510857 0.574385 0.513371 0.574923 0.518758 0.572230 0.520913 0.568818 0.520374 0.566125 0.518040 0.564150 0.513192
0 0.568998 0.506548 0.579771 0.493799 0.582644 0.496493 0.590006 0.503855 0.580310 0.515167 0.568998 0.506548
0 0.666453 0.149547 0.674393 0.158606 0.666250 0.167869 0.657363 0.158828 0.666453 0.149547
0 0.694805 0.113824 0.700200 0.107920 0.706002 0.112603 0.700912 0.118608 0.694805 0.113824
0 0.718278 0.193987 0.721133 0.195285 0.723036 0.197274 0.723209 0.200129 0.721912 0.202811 0.720441 0.203936 0.719230 0.204368 0.716375 0.204368 0.714991 0.203763 0.714039 0.202552 0.713434 0.200821 0.713174 0.198572 0.713607 0.197534 0.715856 0.194592 0.718278 0.193987
0 0.685047 0.678528 0.687724 0.677965 0.691670 0.679515 0.693361 0.681769 0.693502 0.684729 0.693502 0.687124 0.691670 0.687829 0.688288 0.688956 0.684624 0.688674 0.683356 0.686702 0.682792 0.682756 0.683356 0.679092 0.685047 0.678528
0 0.678282 0.680219 0.676873 0.679515 0.672928 0.676415 0.673069 0.673737 0.675323 0.671060 0.676732 0.670214 0.678282 0.670073 0.682792 0.671764 0.684342 0.673878 0.684483 0.675992 0.683496 0.677683 0.680960 0.679515 0.678282 0.680219
0 0.733083 0.652332 0.742855 0.660272 0.738376 0.666583 0.733389 0.663529 0.734203 0.661188 0.729928 0.660985 0.726263 0.657524 0.731769 0.650682 0.733083 0.652332
0 0.289780 0.767656 0.296802 0.765226 0.298152 0.765226 0.300583 0.765496 0.303554 0.767926 0.303554 0.769817 0.302448 0.773472 0.301393 0.776299 0.298963 0.776029 0.293291 0.774948 0.290707 0.774122 0.289780 0.767656
0 0.144988 0.998988 0.145928 0.978510 0.154806 0.979356 0.153843 0.998988 0.144988 0.998988
0 0.538157 0.862463 0.543001 0.859089 0.545424 0.860733 0.546029 0.863069 0.545597 0.864626 0.544126 0.864886 0.542396 0.865232 0.540665 0.865232 0.537897 0.863761 0.538157 0.862463
