2 0.157296 0.333630 0.143486 0.332221 0.143627 0.326443 0.146868 0.326584 0.147996 0.306715 0.159128 0.307419 0.159410 0.303474 0.188862 0.305024 0.187030 0.339690 0.157040 0.337409 0.157296 0.333630
3 0.257193 0.733577 0.256998 0.732016 0.282944 0.733382 0.279628 0.768107 0.270264 0.766936 0.268898 0.778642 0.246463 0.776106 0.247829 0.762449 0.248609 0.762449 0.250365 0.745867 0.256218 0.745867 0.257193 0.733577
0 0.204715 0.718750 0.227735 0.720506 0.226369 0.733382 0.209007 0.732406 0.209982 0.727334 0.202764 0.726358 0.204715 0.718750
0 0.168396 0.223241 0.169225 0.268340 0.147007 0.268174 0.148168 0.221251 0.168396 0.221251 0.168396 0.223241
3 0.229177 0.859962 0.208381 0.857801 0.209191 0.848889 0.202709 0.848078 0.204059 0.830253 0.212432 0.830523 0.212972 0.819180 0.232418 0.819990 0.229177 0.859962
0 0.184344 0.788931 0.204599 0.791902 0.202169 0.807567 0.182183 0.804866 0.184344 0.788931
0 0.174891 0.852940 0.194877 0.855911 0.192716 0.869955 0.171920 0.866444 0.174891 0.852940
0 0.144912 0.913707 0.145722 0.897773 0.160307 0.899123 0.160307 0.905875 0.159226 0.914518 0.144912 0.913707
0 0.140871 0.920119 0.153825 0.919919 0.153825 0.939635 0.140060 0.938615 0.140871 0.920119
2 0.131084 0.992093 0.126715 0.991811 0.128688 0.971801 0.134184 0.972224 0.134748 0.966305 0.162309 0.969895 0.162227 0.981665 0.159972 0.981665 0.157437 0.998987 0.157328 0.998987 0.129957 0.996180 0.131084 0.992093
0 0.126434 0.993220 0.126194 0.998988 0.113879 0.998988 0.114737 0.992187 0.126434 0.993220
0 0.202461 0.984592 0.204258 0.968424 0.220666 0.969022 0.220187 0.985071 0.202461 0.984592
0 0.232658 0.983328 0.232897 0.969195 0.247988 0.969794 0.247389 0.987639 0.239245 0.987160 0.239484 0.983687 0.232658 0.983328
0 0.200473 0.940302 0.201600 0.910287 0.213860 0.910850 0.214283 0.894786 0.215410 0.894786 0.220906 0.894927 0.221047 0.897181 0.228797 0.897322 0.228374 0.908173 0.235138 0.907891 0.235138 0.915360 0.241339 0.915501 0.240352 0.940584 0.212451 0.939457 0.212451 0.940725 0.200473 0.940302
3 0.141660 0.894996 0.143981 0.895765 0.144842 0.897626 0.144900 0.900188 0.143314 0.901875 0.140555 0.902322 0.139205 0.901694 0.138477 0.899604 0.138612 0.897425 0.139302 0.895750 0.141660 0.894996
3 0.100578 0.882696 0.101142 0.872020 0.114161 0.871496 0.113862 0.882471 0.100578 0.882696
0 0.183288 0.808890 0.200261 0.811621 0.194799 0.836007 0.178021 0.831910 0.183288 0.808890
3 0.035386 0.228759 0.036958 0.218427 0.046940 0.219602 0.046590 0.229692 0.035386 0.228759
0 0.075043 0.928976 0.081903 0.929256 0.081171 0.936279 0.074303 0.935823 0.075043 0.928976
0 0.100559 0.934186 0.105895 0.934686 0.105395 0.939189 0.100225 0.938855 0.100559 0.934186
0 0.111921 0.935017 0.116998 0.935017 0.116321 0.940093 0.111413 0.940093 0.111921 0.935017
