0 0.325943 0.436497 0.343384 0.423160 0.359799 0.445114 0.342153 0.458452 0.325943 0.436497
4 0.384977 0.401249 0.389075 0.401172 0.392710 0.404420 0.392942 0.409137 0.390777 0.411225 0.386369 0.412617 0.383662 0.411380 0.381033 0.407977 0.381961 0.403569 0.384977 0.401249
4 0.400985 0.446611 0.404542 0.450168 0.405238 0.453494 0.403537 0.455736 0.399748 0.457283 0.395417 0.456046 0.393871 0.451792 0.395108 0.448158 0.397737 0.446843 0.400985 0.446611
0 0.399748 0.457283 0.403537 0.455736 0.405238 0.453494 0.407249 0.453803 0.411193 0.456432 0.411889 0.463005 0.405702 0.465325 0.402145 0.463933 0.399980 0.460144 0.399748 0.457283
4 0.407568 0.466583 0.409037 0.464650 0.412440 0.464495 0.416538 0.465732 0.417543 0.469290 0.416925 0.472228 0.415224 0.475012 0.410197 0.475012 0.407413 0.473388 0.406717 0.468671 0.407568 0.466583
0 0.365424 0.525795 0.375340 0.520066 0.384986 0.519584 0.406574 0.585997 0.396370 0.585371 0.385615 0.591762 0.365424 0.525795
0 0.365580 0.619072 0.408053 0.621123 0.406002 0.657236 0.393075 0.654569 0.392459 0.656621 0.378302 0.656005 0.363118 0.656415 0.364349 0.635076 0.365580 0.619072
0 0.410259 0.631027 0.412652 0.631027 0.431710 0.631531 0.432681 0.631657 0.432429 0.645765 0.409629 0.645261 0.410259 0.631027
0 0.412652 0.631027 0.413030 0.613644 0.432177 0.614400 0.431856 0.619366 0.431701 0.627486 0.431710 0.631531 0.412652 0.631027
0 0.431856 0.619366 0.439899 0.620062 0.439203 0.628569 0.431701 0.627486 0.431856 0.619366
0 0.480930 0.596801 0.508165 0.629274 0.490358 0.646296 0.463385 0.612514 0.480930 0.596801
0 0.542348 0.597708 0.557781 0.612980 0.558103 0.616196 0.569839 0.630343 0.555531 0.642240 0.541589 0.625408 0.531028 0.612676 0.528039 0.608801 0.542348 0.597708
0 0.541589 0.625408 0.536358 0.630343 0.525896 0.618203 0.531028 0.612676 0.541589 0.625408
0 0.548722 0.547507 0.552375 0.549145 0.554768 0.551916 0.553886 0.554435 0.551997 0.557585 0.548848 0.557710 0.546077 0.555695 0.545069 0.551538 0.546958 0.549145 0.548722 0.547507
0 0.389639 0.591579 0.390282 0.589650 0.394623 0.587238 0.400089 0.586113 0.402822 0.586917 0.404429 0.588846 0.403947 0.591418 0.402018 0.592865 0.399767 0.593348 0.397838 0.592704 0.396552 0.594794 0.394301 0.596081 0.392372 0.594794 0.389639 0.591579
0 0.425467 0.511113 0.441175 0.496741 0.472927 0.528827 0.456550 0.542864 0.425467 0.511113
4 0.306873 0.462341 0.311063 0.462079 0.312634 0.462341 0.314991 0.465745 0.313682 0.470459 0.310277 0.473078 0.306873 0.472030 0.304254 0.468102 0.306873 0.462341
0 0.384515 0.683395 0.394878 0.683318 0.394955 0.689582 0.384670 0.689504 0.384515 0.683395
2 0.457223 0.484939 0.470765 0.473921 0.491654 0.496646 0.507262 0.518452 0.493031 0.531536 0.487522 0.518911 0.457223 0.484939
0 0.559913 0.570295 0.567043 0.563166 0.574172 0.570958 0.566379 0.577425 0.559913 0.570295
