0 0.175968 0.630022 0.176244 0.655041 0.183037 0.693061 0.115607 0.684307 0.115914 0.674794 0.124047 0.674794 0.124660 0.666201 0.136936 0.667582 0.138374 0.645477 0.095244 0.644194 0.095934 0.626922 0.175968 0.630022
0 0.069212 0.637195 0.094186 0.641625 0.093288 0.654926 0.071353 0.651211 0.068129 0.651229 0.069212 0.637195
0 0.065988 0.652504 0.068111 0.652542 0.068129 0.651229 0.071353 0.651211 0.070926 0.660189 0.065148 0.659854 0.065988 0.652504
0 0.023458 0.657595 0.065722 0.660268 0.063711 0.689991 0.033983 0.688101 0.032062 0.712052 0.015057 0.710918 0.016694 0.689882 0.027024 0.690638 0.027178 0.686856 0.021747 0.686670 0.023458 0.657595
4 -0.000000 0.688054 -0.000000 0.669699 0.002280 0.669699 -0.000000 0.688054
0 0.233045 0.648026 0.232850 0.651538 0.229533 0.654464 0.223681 0.652513 0.224266 0.648221 0.228558 0.645685 0.233045 0.648026
0 0.235971 0.647636 0.237727 0.645880 0.243189 0.646271 0.245335 0.648221 0.246896 0.649782 0.247676 0.648026 0.250017 0.646271 0.254894 0.646661 0.258601 0.649392 0.259772 0.652513 0.255480 0.657586 0.251188 0.658171 0.247871 0.656220 0.246506 0.653684 0.245140 0.656415 0.240848 0.657000 0.236751 0.656220 0.234605 0.652513 0.235971 0.647636
0 0.245335 0.667535 0.249822 0.662463 0.254699 0.662658 0.256845 0.666950 0.251188 0.677484 0.247481 0.676509 0.244750 0.672412 0.236361 0.672217 0.234801 0.666169 0.238897 0.661487 0.242994 0.663243 0.245335 0.667535
0 0.227777 0.664023 0.227387 0.667730 0.222510 0.669681 0.218023 0.669291 0.216072 0.665779 0.218023 0.662658 0.223486 0.661487 0.224851 0.662073 0.227777 0.664023
0 0.230704 0.681386 0.244945 0.678265 0.246311 0.687044 0.231289 0.690360 0.230704 0.681386
0 0.121246 0.625452 0.120610 0.623198 0.120847 0.620948 0.122604 0.620116 0.125324 0.619824 0.125867 0.621748 0.126582 0.623823 0.124416 0.625011 0.121246 0.625452
0 0.038002 0.649813 0.040433 0.634419 0.066631 0.635499 0.065988 0.652261 0.038002 0.649813
0 0.072032 0.630368 0.072302 0.617674 0.090938 0.618484 0.090668 0.630638 0.072032 0.630368
0 0.080834 0.668515 0.079468 0.667734 0.077322 0.666954 0.077127 0.662272 0.078298 0.659931 0.082005 0.659151 0.085321 0.661101 0.086296 0.662272 0.086296 0.663638 0.085906 0.665783 0.084736 0.667539 0.083565 0.668515 0.080834 0.668515
0 0.047351 0.591424 0.052727 0.589924 0.059102 0.592675 0.056822 0.617081 0.043476 0.615052 0.047351 0.591424
0 0.179028 0.638540 0.181108 0.639664 0.181815 0.642534 0.179984 0.644614 0.177280 0.644614 0.176656 0.642118 0.176656 0.640204 0.177655 0.638457 0.179028 0.638540
0 0.103775 0.675201 0.112938 0.675895 0.112938 0.684919 0.102248 0.684642 0.103775 0.675201
4 0.213035 0.650489 0.214331 0.650489 0.215140 0.652918 0.216112 0.671050 0.202674 0.672022 0.202512 0.663279 0.206883 0.664898 0.208016 0.652432 0.213035 0.650489
