0 0.762815 -0.000000 0.774172 -0.000000 0.775686 0.003763 0.784583 -0.000000 0.810135 -0.000000 0.818693 0.018467 0.778496 0.034875 0.762815 -0.000000
0 0.814283 0.004607 0.816142 0.003329 0.817885 0.003910 0.818931 0.005072 0.820093 0.007745 0.819512 0.009023 0.817653 0.010185 0.814399 0.009604 0.813818 0.008326 0.813004 0.006234 0.814283 0.004607
0 0.595995 0.009010 0.609110 0.002853 0.619754 0.028506 0.607073 0.034314 0.595995 0.009010
0 0.998725 0.063487 0.990783 0.044183 0.988171 0.044797 0.985670 0.038997 0.995970 0.035129 0.991653 0.026140 0.998725 0.023114 0.998725 0.063487
0 0.954407 0.041865 0.963132 0.036655 0.977093 0.033058 0.982043 0.043201 0.978993 0.044711 0.984778 0.059304 0.964978 0.067571 0.954407 0.041865
0 0.970100 0.118210 0.989449 0.111164 0.995250 0.125226 0.975846 0.132107 0.970100 0.118210
0 0.872392 0.088958 0.881561 0.083355 0.891402 0.080501 0.907302 0.115517 0.899056 0.122046 0.886103 0.122710 0.872392 0.088958
0 0.758493 0.186368 0.783408 0.175838 0.784595 0.177618 0.799574 0.170499 0.814997 0.207576 0.774955 0.224779 0.758493 0.186368
0 0.398954 0.445375 0.425044 0.435471 0.438814 0.473639 0.411516 0.483544 0.398954 0.445375
0 0.448342 0.469356 0.456860 0.465192 0.462538 0.475981 0.452128 0.479577 0.448342 0.469356
0 0.359002 0.461231 0.388218 0.449218 0.394447 0.463603 0.365082 0.476209 0.359002 0.461231
0 0.346021 0.440468 0.352624 0.437975 0.358098 0.452791 0.351721 0.455256 0.346021 0.440468
0 0.273332 0.443935 0.308184 0.432516 0.316489 0.454317 0.304277 0.458842 0.309392 0.472065 0.283983 0.481361 0.270217 0.446456 0.273777 0.445418 0.273332 0.443935
0 0.368489 0.475800 0.370540 0.476066 0.371598 0.477761 0.371871 0.479491 0.369777 0.480675 0.367697 0.480808 0.365754 0.479499 0.366417 0.476762 0.368489 0.475800
0 0.375604 0.473027 0.377607 0.473482 0.378699 0.474028 0.379428 0.476031 0.378790 0.478217 0.375731 0.479337 0.373293 0.478384 0.372417 0.475121 0.372781 0.473755 0.375604 0.473027
0 0.317053 0.165556 0.352323 0.151544 0.364160 0.180533 0.336862 0.192612 0.334688 0.187781 0.328890 0.190196 0.317053 0.165556
0 0.313171 0.181164 0.321426 0.178093 0.326641 0.192229 0.319687 0.195825 0.313171 0.181164
0 0.370003 0.120457 0.375871 0.117853 0.384685 0.115415 0.393732 0.135733 0.383861 0.138086 0.375723 0.140853 0.370003 0.120457
0 0.373379 0.092420 0.380003 0.089960 0.386250 0.103209 0.363331 0.110531 0.359553 0.102331 0.362175 0.099613 0.360850 0.096214 0.373379 0.092420
0 0.382703 0.065135 0.400338 0.056680 0.409518 0.082528 0.413866 0.079871 0.430776 0.118040 0.412417 0.126012 0.382703 0.065135
0 0.447601 0.120670 0.483354 0.106900 0.492292 0.126468 0.456056 0.141204 0.447601 0.120670
0 0.482629 0.084192 0.494950 0.079119 0.503646 0.096996 0.491084 0.103035 0.482629 0.084192
0 0.543228 0.094753 0.556235 0.089013 0.567253 0.114478 0.555537 0.120558 0.543228 0.094753
0 0.571010 0.083956 0.575756 0.083363 0.574272 0.078617 0.583764 0.075503 0.584951 0.077972 0.593474 0.076122 0.599188 0.094189 0.602302 0.093003 0.608234 0.110503 0.583171 0.120291 0.571010 0.083956
0 0.716398 0.173561 0.721650 0.170946 0.723107 0.174277 0.726392 0.172312 0.733395 0.188401 0.724499 0.192186 0.716398 0.173561
0 0.975503 0.177716 0.998725 0.166750 0.998725 0.187714 0.984698 0.194920 0.975503 0.177716
0 0.946973 0.244864 0.961182 0.237315 0.967469 0.249875 0.967596 0.256123 0.955855 0.261042 0.946973 0.244864
0 0.944160 0.234744 0.954042 0.229925 0.958109 0.236664 0.947848 0.241868 0.944160 0.234744
0 0.869875 0.312647 0.878257 0.309509 0.879718 0.311700 0.884261 0.310375 0.891264 0.326275 0.884829 0.328546 0.885775 0.329682 0.879150 0.332521 0.869875 0.312647
0 0.990335 0.357137 0.993485 0.365118 0.991281 0.366550 0.993135 0.368857 0.993097 0.368885 0.995030 0.372025 0.970873 0.380964 0.969853 0.379246 0.963921 0.364000 0.966042 0.362631 0.966283 0.360860 0.969638 0.359759 0.970148 0.360646 0.989590 0.353945 0.990335 0.357137
0 0.998725 0.364552 0.993525 0.368555 0.992001 0.366665 0.994086 0.365310 0.990802 0.356991 0.990049 0.353770 0.995996 0.351492 0.998725 0.359723 0.998725 0.364552
0 0.872386 0.531479 0.893306 0.521815 0.905738 0.548262 0.905094 0.551582 0.899788 0.551745 0.896785 0.554913 0.888469 0.556388 0.887453 0.558420 0.883255 0.558536 0.872386 0.531479
0 0.894947 0.508908 0.908194 0.503563 0.906683 0.502284 0.913074 0.499612 0.919117 0.512626 0.900292 0.521458 0.894947 0.508908
0 0.825151 0.460898 0.830468 0.457205 0.834369 0.465008 0.841928 0.461233 0.849817 0.487425 0.837204 0.491943 0.825151 0.460898
0 0.004255 0.504910 0.020722 0.498853 0.029619 0.522162 0.032619 0.520421 0.037664 0.521576 0.039650 0.526487 0.040218 0.529894 0.037379 0.535005 0.042300 0.542387 0.043814 0.552230 0.048546 0.553365 0.052332 0.556394 0.054036 0.560369 0.050439 0.567372 0.052521 0.570400 0.049304 0.572482 0.056496 0.590085 0.038893 0.598982 0.033404 0.586489 0.037000 0.585164 0.033783 0.576836 0.030754 0.578350 0.010691 0.530841 0.013340 0.529705 0.004255 0.504910
0 0.060660 0.600874 0.067096 0.601064 0.069557 0.604092 0.070882 0.607878 0.070314 0.610906 0.068336 0.613492 0.066150 0.615280 0.061607 0.615828 0.057821 0.614313 0.056317 0.609747 0.056564 0.604815 0.060660 0.600874
0 0.057257 0.591153 0.060394 0.592315 0.061208 0.593942 0.060859 0.596498 0.059465 0.597660 0.057257 0.598706 0.054933 0.599519 0.053306 0.599055 0.051814 0.596866 0.051679 0.594174 0.053887 0.592431 0.057257 0.591153
0 0.049123 0.595685 0.050634 0.597079 0.050866 0.598474 0.051563 0.600565 0.050982 0.602076 0.049597 0.603665 0.044986 0.603806 0.043661 0.602541 0.043197 0.601263 0.042476 0.598647 0.044475 0.596614 0.046574 0.595468 0.049123 0.595685
0 0.919686 0.500513 0.923194 0.500980 0.925042 0.504545 0.924664 0.507763 0.922203 0.509277 0.918417 0.509277 0.916476 0.505888 0.916335 0.503788 0.916476 0.501535 0.919686 0.500513
0 0.277401 0.549270 0.274905 0.543452 0.285102 0.539257 0.288800 0.549051 0.279047 0.552983 0.277401 0.549270
0 0.193471 0.429886 0.201395 0.427045 0.206628 0.439006 0.198853 0.442594 0.193471 0.429886
0 0.893108 0.329678 0.898798 0.327017 0.901001 0.329678 0.903938 0.327384 0.908069 0.335277 0.898156 0.341152 0.893108 0.329678
0 0.892924 0.314901 0.898982 0.311872 0.903021 0.322244 0.897330 0.325273 0.892924 0.314901
0 0.880597 0.334622 0.890418 0.329207 0.896293 0.340037 0.891153 0.342607 0.892071 0.344535 0.886747 0.346921 0.880597 0.334622
0 0.731784 0.163015 0.723166 0.164302 0.718830 0.160388 0.718627 0.152549 0.722514 0.148214 0.728046 0.148513 0.733130 0.150008 0.735821 0.154344 0.735522 0.159875 0.731784 0.163015
0 0.735942 0.175626 0.736060 0.169652 0.740511 0.163209 0.748477 0.162975 0.753046 0.165552 0.755271 0.171526 0.754334 0.175392 0.750820 0.179609 0.746837 0.181367 0.742385 0.181601 0.738099 0.178650 0.735942 0.175626
0 0.801976 0.146721 0.813351 0.139832 0.819319 0.149861 0.807807 0.156756 0.801976 0.146721
0 0.794189 0.126388 0.791372 0.120704 0.816760 0.110384 0.819460 0.116813 0.794189 0.126388
0 0.792893 0.259524 0.801888 0.254659 0.805376 0.262645 0.801704 0.263746 0.803264 0.267142 0.795922 0.267969 0.794086 0.263287 0.792893 0.259524
0 0.264137 0.514874 0.267981 0.519591 0.260817 0.523960 0.257672 0.521513 0.257672 0.518368 0.259769 0.516970 0.257847 0.514699 0.264137 0.514874
0 0.304584 0.481940 0.320429 0.473750 0.328416 0.492305 0.320135 0.490795 0.310176 0.493297 0.304584 0.481940
0 0.224299 0.475734 0.241248 0.468920 0.238627 0.462105 0.258546 0.454242 0.271476 0.486218 0.249285 0.494780 0.255226 0.511554 0.239500 0.517145 0.224299 0.475734
0 0.254593 0.495610 0.255264 0.493999 0.258621 0.493865 0.258621 0.495342 0.260097 0.497221 0.261037 0.499772 0.259560 0.502055 0.257815 0.502726 0.255801 0.502592 0.253922 0.500980 0.252982 0.499101 0.253519 0.496819 0.254593 0.495610
0 0.254459 0.504471 0.256607 0.504068 0.258889 0.503934 0.260232 0.505277 0.260500 0.507156 0.260903 0.508499 0.259695 0.510513 0.257144 0.510916 0.255264 0.509573 0.254593 0.508096 0.254593 0.506485 0.254324 0.504740 0.254459 0.504471
0 0.261172 0.494268 0.263185 0.491985 0.266810 0.491985 0.268556 0.494133 0.269764 0.496147 0.268556 0.497624 0.268556 0.499101 0.266408 0.498967 0.266542 0.500175 0.263991 0.500309 0.263857 0.498967 0.262246 0.498698 0.261440 0.496819 0.260903 0.495073 0.261172 0.494268
0 0.260769 0.503666 0.261172 0.502055 0.262783 0.501115 0.265334 0.501518 0.267079 0.502726 0.267884 0.504337 0.267750 0.506351 0.266810 0.507693 0.265468 0.508230 0.263185 0.508230 0.261843 0.507425 0.261574 0.506217 0.261306 0.504337 0.260769 0.503666
0 0.561791 0.317816 0.605725 0.316049 0.606388 0.333711 0.607050 0.333932 0.607492 0.340555 0.598661 0.341218 0.598661 0.346075 0.615660 0.344971 0.618089 0.371464 0.602635 0.372789 0.602855 0.376542 0.594024 0.376983 0.591375 0.348062 0.580778 0.347841 0.580557 0.344529 0.564440 0.344750 0.564440 0.338789 0.558259 0.339010 0.557596 0.324218 0.562012 0.323556 0.561791 0.317816
0 0.771414 0.163450 0.776412 0.160951 0.778702 0.165324 0.773705 0.167822 0.771414 0.163450
0 0.733027 0.190234 0.732587 0.196242 0.726872 0.196096 0.727019 0.191553 0.729656 0.190381 0.733027 0.190234
0 0.894971 0.573331 0.899045 0.578612 0.898290 0.580272 0.895725 0.580272 0.892406 0.576650 0.892406 0.574387 0.894971 0.573331
0 0.934052 0.501657 0.929223 0.502110 0.925903 0.497734 0.926356 0.494566 0.929977 0.494867 0.931034 0.498187 0.932694 0.498036 0.934052 0.501657
0 0.260636 0.067326 0.256448 0.064844 0.256448 0.062052 0.258930 0.059259 0.257844 0.058639 0.259085 0.057398 0.261101 0.057398 0.264824 0.060811 0.265290 0.063448 0.260636 0.067326
0 0.020379 0.069105 0.017949 0.065946 0.018678 0.062544 0.024024 0.060356 0.026212 0.061815 0.026455 0.064731 0.026212 0.066918 0.020379 0.069105
0 0.012374 0.065698 0.014790 0.071292 0.014848 0.073623 0.011874 0.074451 0.008715 0.074451 0.007619 0.073795 0.007317 0.070196 0.006527 0.069105 0.006270 0.066298 0.012374 0.065698
