0 0.890863 0.328967 0.905704 0.332283 0.900024 0.354376 0.884309 0.349828 0.890863 0.328967
0 0.887204 0.353903 0.898144 0.357764 0.895686 0.365896 0.884574 0.361872 0.887204 0.353903
0 0.815650 0.269976 0.840293 0.277784 0.830195 0.308748 0.804652 0.300627 0.815650 0.269976
0 0.870475 0.272406 0.886850 0.275497 0.885057 0.287945 0.868358 0.284200 0.870475 0.272406
0 0.842198 0.305151 0.844196 0.300976 0.840410 0.299413 0.842032 0.294725 0.855546 0.300946 0.851986 0.309705 0.842198 0.305151
0 0.860209 0.283871 0.872889 0.289627 0.866296 0.307713 0.853277 0.301287 0.860209 0.283871
0 0.511776 0.368120 0.517909 0.350757 0.552695 0.362753 0.547197 0.380516 0.511776 0.368120
0 0.576371 0.374234 0.585515 0.346028 0.602448 0.351801 0.594174 0.379703 0.576371 0.374234
0 0.606456 0.394036 0.620440 0.399126 0.614868 0.418610 0.600339 0.413640 0.606456 0.394036
0 0.547438 0.405949 0.549853 0.400204 0.592601 0.413886 0.590478 0.420045 0.547438 0.405949
0 0.556205 0.381171 0.569028 0.385500 0.564953 0.399188 0.551636 0.394618 0.556205 0.381171
0 0.565771 0.400798 0.567598 0.396230 0.588313 0.403702 0.586957 0.408069 0.565771 0.400798
0 0.588129 0.397942 0.597309 0.399331 0.596885 0.405362 0.587542 0.404077 0.588129 0.397942
0 0.501965 0.386472 0.503906 0.378694 0.510953 0.380542 0.511457 0.378626 0.523254 0.380943 0.522476 0.384602 0.528172 0.386290 0.525472 0.393886 0.501965 0.386472
0 0.491568 0.380363 0.497161 0.382168 0.495124 0.387483 0.489451 0.385504 0.491568 0.380363
0 0.541088 0.396093 0.544012 0.395384 0.547201 0.396270 0.547821 0.398219 0.548087 0.401231 0.547555 0.403268 0.545163 0.404597 0.543214 0.405128 0.541354 0.404685 0.539760 0.403357 0.538697 0.401408 0.538785 0.397864 0.541088 0.396093
0 0.162513 0.477838 0.175035 0.474974 0.179983 0.496162 0.167736 0.498685 0.162513 0.477838
0 0.157623 0.312415 0.204504 0.323245 0.200145 0.337984 0.183141 0.335405 0.180926 0.342226 0.162365 0.337926 0.164750 0.330821 0.153743 0.328546 0.157623 0.312415
0 0.182765 0.285290 0.199876 0.277115 0.208882 0.293745 0.192296 0.302785 0.182765 0.285290
0 0.069812 0.243445 0.081925 0.233708 0.119173 0.271079 0.115735 0.274100 0.119332 0.278771 0.110242 0.286416 0.107303 0.283258 0.104327 0.286122 0.069812 0.243445
0 0.040704 0.227194 0.048623 0.212992 0.065390 0.219667 0.057351 0.233687 0.040704 0.227194
0 0.106832 0.219732 0.118488 0.184241 0.136226 0.190373 0.138611 0.187458 0.144281 0.189068 0.144714 0.192062 0.152212 0.195190 0.142605 0.230916 0.106832 0.219732
0 0.192416 0.245342 0.199965 0.238005 0.211671 0.248311 0.203833 0.255930 0.192416 0.245342
0 0.164393 0.263042 0.172745 0.256984 0.177862 0.263223 0.169630 0.269833 0.164393 0.263042
0 0.160245 0.266193 0.163430 0.266734 0.165414 0.268777 0.165594 0.270701 0.164933 0.272925 0.162829 0.274367 0.160665 0.274788 0.158382 0.274127 0.157660 0.272324 0.157179 0.269499 0.157781 0.267936 0.160245 0.266193
0 0.139781 0.238034 0.146384 0.223894 0.162689 0.229820 0.156724 0.244253 0.139781 0.238034
0 0.108069 0.224425 0.109091 0.223263 0.110623 0.222660 0.112200 0.222381 0.113314 0.222381 0.114010 0.222381 0.114799 0.223078 0.115728 0.224006 0.116284 0.225120 0.116424 0.226187 0.116331 0.227904 0.116192 0.229111 0.115403 0.230132 0.113407 0.230921 0.111226 0.231106 0.109184 0.230921 0.107699 0.229668 0.106539 0.228182 0.106910 0.226048 0.108069 0.224425
0 0.134748 0.230007 0.136253 0.229254 0.137416 0.229391 0.139605 0.230007 0.140699 0.231306 0.141041 0.233222 0.141041 0.235000 0.140045 0.236613 0.138589 0.237182 0.136527 0.237261 0.134745 0.236688 0.133859 0.235684 0.133690 0.234606 0.133449 0.232990 0.133791 0.231785 0.134748 0.230007
0 0.205854 0.495892 0.207710 0.495521 0.209427 0.495799 0.210124 0.496681 0.210773 0.497934 0.211330 0.499651 0.211330 0.501229 0.210309 0.502528 0.209242 0.503689 0.208035 0.504431 0.206457 0.504338 0.205204 0.504153 0.203905 0.503410 0.203209 0.501925 0.202745 0.500858 0.202513 0.499280 0.203023 0.497424 0.204189 0.496297 0.205854 0.495892
0 0.201242 0.487773 0.202876 0.487617 0.204717 0.487864 0.206018 0.488384 0.207002 0.489797 0.207624 0.492599 0.206301 0.494389 0.203733 0.495646 0.200619 0.494701 0.199442 0.493007 0.199218 0.490653 0.200138 0.488864 0.201242 0.487773
0 0.185822 0.461062 0.188139 0.460646 0.190578 0.461289 0.192154 0.463271 0.192947 0.466133 0.191818 0.468962 0.189321 0.470952 0.186608 0.471546 0.183773 0.470743 0.182273 0.468018 0.181769 0.465420 0.182475 0.463179 0.184091 0.461667 0.185822 0.461062
