0 0.740575 0.834047 0.758133 0.829365 0.767302 0.869943 0.749354 0.873064 0.740575 0.834047
0 0.759132 0.800602 0.771947 0.797967 0.775899 0.811500 0.761288 0.814495 0.759132 0.800602
0 0.828106 0.854146 0.835707 0.853020 0.839461 0.865126 0.830922 0.867002 0.828106 0.854146
0 0.575274 0.707608 0.593901 0.700105 0.607963 0.743669 0.582284 0.751923 0.572807 0.724868 0.579379 0.722728 0.575274 0.707608
0 0.539305 0.695375 0.562233 0.686510 0.570182 0.702712 0.545266 0.712801 0.539305 0.695375
0 0.540935 0.606965 0.570588 0.597406 0.578782 0.620816 0.571173 0.624913 0.574295 0.636423 0.551860 0.643446 0.540935 0.606965
0 0.551005 0.594614 0.546877 0.584220 0.563080 0.578717 0.567972 0.589570 0.560634 0.591098 0.561552 0.593085 0.557883 0.594308 0.557119 0.592474 0.551005 0.594614
0 0.488100 0.585173 0.496965 0.580435 0.500022 0.585632 0.491157 0.590370 0.488100 0.585173
0 0.504086 0.510486 0.510506 0.507887 0.507143 0.500856 0.527167 0.492755 0.544899 0.533720 0.524569 0.543655 0.523499 0.541668 0.519372 0.543961 0.504086 0.510486
0 0.489085 0.447307 0.512471 0.437524 0.518586 0.454033 0.496880 0.463051 0.489085 0.447307
0 0.450538 0.461977 0.482396 0.450240 0.487666 0.465930 0.458203 0.477547 0.450538 0.461977
0 0.443115 0.470401 0.449223 0.467526 0.452457 0.474233 0.445989 0.476868 0.443115 0.470401
0 0.732799 0.557149 0.761688 0.548283 0.769178 0.575645 0.737996 0.582370 0.732799 0.557149
0 0.673544 0.539319 0.670916 0.539976 0.670822 0.538569 0.667444 0.538944 0.665943 0.531155 0.667163 0.530498 0.666787 0.526088 0.665380 0.526276 0.663128 0.519238 0.665004 0.518393 0.662471 0.504223 0.678517 0.500188 0.677954 0.498968 0.713238 0.489772 0.726470 0.527402 0.682646 0.538099 0.673544 0.539319
0 0.733165 0.461555 0.750743 0.456052 0.758386 0.481579 0.741572 0.486623 0.733165 0.461555
0 0.815959 0.560141 0.810107 0.553313 0.810497 0.547656 0.812448 0.544924 0.814984 0.543169 0.819666 0.542583 0.829030 0.548631 0.827860 0.554679 0.822397 0.558971 0.815959 0.560141
0 0.647251 0.390261 0.661024 0.387147 0.665216 0.401279 0.650365 0.404034 0.647251 0.390261
0 0.624656 0.395547 0.644550 0.389542 0.648398 0.402492 0.627190 0.407277 0.624656 0.395547
0 0.631479 0.386944 0.616346 0.354080 0.639274 0.342157 0.655935 0.373645 0.631479 0.386944
0 0.480720 0.422264 0.475648 0.393587 0.511739 0.387149 0.514665 0.403341 0.511154 0.404121 0.516226 0.427922 0.496522 0.431433 0.494181 0.420118 0.480720 0.422264
0 0.438359 0.277062 0.498446 0.257163 0.514053 0.317445 0.496105 0.319981 0.491228 0.303203 0.486936 0.303593 0.481473 0.283695 0.480888 0.279012 0.442261 0.288182 0.438359 0.277062
4 0.426445 0.276747 0.425375 0.270480 0.430878 0.267881 0.432712 0.276747 0.426445 0.276747
0 0.440526 0.257972 0.434411 0.231987 0.446640 0.228624 0.452907 0.255221 0.440526 0.257972
0 0.452907 0.255221 0.446640 0.228624 0.466511 0.222968 0.474307 0.251858 0.453824 0.257514 0.452907 0.255221
0 0.446640 0.228624 0.443263 0.220067 0.453810 0.217315 0.456561 0.225570 0.446640 0.228624
0 0.435546 0.221397 0.431877 0.207792 0.452054 0.203054 0.453810 0.217315 0.435546 0.221397
0 0.431877 0.207792 0.424787 0.182301 0.444907 0.177749 0.452054 0.203054 0.431877 0.207792
0 0.439197 0.117161 0.461667 0.108754 0.471297 0.134434 0.449133 0.143911 0.439197 0.117161
0 0.403408 0.114069 0.412698 0.111348 0.415607 0.120826 0.417390 0.119794 0.419267 0.124955 0.408569 0.128521 0.403408 0.114069
0 0.436533 0.100275 0.452486 0.093237 0.456896 0.100275 0.455583 0.101683 0.441507 0.108158 0.436533 0.100275
0 0.417066 0.046428 0.430391 0.039109 0.435365 0.053372 0.422321 0.060035 0.417066 0.046428
0 0.394804 -0.000000 0.420673 -0.000000 0.400313 0.008860 0.394804 -0.000000
0 0.535768 0.074760 0.573217 0.058863 0.581013 0.073690 0.576580 0.075830 0.578262 0.079498 0.572606 0.082250 0.571230 0.078734 0.541576 0.090198 0.535768 0.074760
0 0.594655 0.074207 0.609147 0.067859 0.613818 0.081752 0.601123 0.085944 0.594655 0.074207
0 0.598723 0.049633 0.617886 0.042087 0.624114 0.054304 0.604951 0.061609 0.598723 0.049633
0 0.627406 0.019140 0.647583 0.011345 0.652321 0.023573 0.632909 0.031674 0.627406 0.019140
3 0.619173 0.023141 0.623245 0.020506 0.627796 0.027692 0.624922 0.029369 0.619173 0.023141
0 0.594154 0.032010 0.599504 0.031093 0.604090 0.035679 0.605924 0.040723 0.600421 0.042710 0.594766 0.037972 0.594154 0.032010
0 0.591423 0.225246 0.586379 0.212865 0.607167 0.208585 0.610530 0.221272 0.591423 0.225246
0 0.590047 0.227233 0.613281 0.221272 0.619854 0.251843 0.598301 0.256582 0.592646 0.231513 0.590659 0.231972 0.590047 0.227233
0 0.567886 0.237042 0.576905 0.233374 0.580879 0.247284 0.570026 0.248201 0.567886 0.237042
0 0.781947 0.458712 0.789132 0.457030 0.795552 0.480111 0.788826 0.483016 0.781947 0.458712
0 0.812060 0.453973 0.818480 0.449999 0.821079 0.459017 0.814659 0.461769 0.812060 0.453973
0 0.767475 0.567681 0.769540 0.562989 0.776765 0.563646 0.777704 0.568338 0.774889 0.569651 0.771135 0.571247 0.767475 0.567681
0 0.438244 0.368663 0.443799 0.382468 0.433025 0.386676 0.427638 0.372198 0.438244 0.368663
