0 0.077553 0.345762 0.110110 0.341180 0.113245 0.362884 0.080205 0.365778 0.077553 0.345762
0 0.246088 0.332746 0.275089 0.328918 0.278685 0.352119 0.249220 0.355947 0.246088 0.332746
0 0.225146 0.429912 0.239144 0.429003 0.243870 0.455998 0.228509 0.457453 0.225146 0.429912
0 0.179564 0.363744 0.183740 0.365600 0.184436 0.367920 0.185248 0.369312 0.184126 0.372934 0.180981 0.373742 0.177708 0.373360 0.174808 0.371632 0.174808 0.367804 0.176896 0.364904 0.179564 0.363744
2 0.238091 0.574173 0.253284 0.572726 0.266307 0.674738 0.272577 0.674015 0.277159 0.713566 0.256902 0.715977 0.238091 0.574173
0 0.184222 0.596268 0.205385 0.593622 0.213699 0.648798 0.192536 0.651632 0.184222 0.596268
0 0.194573 0.659487 0.215153 0.656822 0.218410 0.677253 0.204789 0.679178 0.203605 0.668222 0.196202 0.668518 0.194573 0.659487
2 0.104734 0.550108 0.114942 0.548715 0.115870 0.559504 0.118190 0.559388 0.120510 0.580269 0.123179 0.580269 0.124339 0.590129 0.115522 0.590825 0.118306 0.616346 0.110070 0.617390 0.104734 0.550108
0 0.151170 0.604706 0.159461 0.603374 0.160942 0.610036 0.154279 0.612109 0.151170 0.604706
0 0.166420 0.600561 0.170565 0.600709 0.173526 0.601449 0.174711 0.603670 0.175155 0.606779 0.175599 0.609740 0.173230 0.612553 0.170007 0.613203 0.166226 0.612827 0.163641 0.611461 0.162571 0.609592 0.161534 0.606039 0.161682 0.602189 0.166420 0.600561
0 0.157981 0.583090 0.164791 0.579685 0.171750 0.582794 0.173971 0.586940 0.174267 0.590937 0.172342 0.594935 0.169677 0.596859 0.166420 0.598192 0.162422 0.598784 0.158425 0.597007 0.155316 0.594046 0.155168 0.589753 0.155020 0.586051 0.157981 0.583090
3 0.176154 0.529115 0.187491 0.528737 0.186546 0.521178 0.220370 0.519100 0.225850 0.544987 0.177308 0.549257 0.176154 0.529115
3 0.120206 0.525602 0.130094 0.524396 0.131541 0.537419 0.122136 0.538866 0.120206 0.525602
3 0.118036 0.498109 0.126477 0.497144 0.129121 0.507985 0.119716 0.509693 0.118036 0.498109
0 0.219429 0.296364 0.255999 0.293847 0.256739 0.304062 0.220021 0.306875 0.219429 0.296364
0 0.236524 0.346158 0.241887 0.344794 0.245522 0.353247 0.239978 0.355247 0.236524 0.346158
0 0.250439 0.414565 0.252759 0.415841 0.254151 0.417581 0.253339 0.419669 0.251947 0.420597 0.250439 0.420945 0.248931 0.420829 0.247539 0.418973 0.247423 0.416073 0.250091 0.414681 0.250439 0.414565
0 0.242435 0.415261 0.244755 0.416537 0.246147 0.418277 0.245335 0.420365 0.243943 0.421293 0.242435 0.421641 0.240927 0.421525 0.239535 0.419669 0.239419 0.416769 0.242087 0.415377 0.242435 0.415261
0 0.229791 0.422801 0.232111 0.424077 0.233503 0.425818 0.232691 0.427906 0.231299 0.428834 0.229791 0.429182 0.228283 0.429066 0.226890 0.427210 0.226774 0.424309 0.229443 0.422917 0.229791 0.422801
0 0.250555 0.420945 0.252875 0.422221 0.254267 0.423961 0.253455 0.426050 0.252063 0.426978 0.250555 0.427326 0.249047 0.427210 0.247655 0.425353 0.247539 0.422453 0.250207 0.421061 0.250555 0.420945
0 0.243711 0.422221 0.246031 0.423497 0.247423 0.425237 0.246611 0.427326 0.245219 0.428254 0.243711 0.428602 0.242203 0.428486 0.240811 0.426630 0.240695 0.423729 0.243363 0.422337 0.243711 0.422221
0 0.236983 0.422105 0.239303 0.423381 0.240695 0.425121 0.239883 0.427210 0.238491 0.428138 0.236983 0.428486 0.235475 0.428370 0.234083 0.426514 0.233967 0.423613 0.236635 0.422221 0.236983 0.422105
0 0.276782 0.511255 0.283742 0.510211 0.285366 0.518447 0.278522 0.518911 0.276782 0.511255
0 0.298823 0.538400 0.294531 0.538400 0.293370 0.534340 0.291709 0.534443 0.290381 0.521885 0.296735 0.521579 0.298823 0.538400
0 0.291709 0.534443 0.281886 0.535036 0.279566 0.522391 0.290381 0.521885 0.291709 0.534443
0 0.318475 0.499035 0.326618 0.498739 0.327210 0.508066 0.335205 0.507326 0.335945 0.519910 0.319808 0.521095 0.318475 0.499035
0 0.291973 0.540638 0.347642 0.533975 0.353120 0.568176 0.318031 0.572766 0.317960 0.569092 0.302633 0.570134 0.301449 0.560329 0.295379 0.560921 0.291973 0.540638
0 0.312538 0.570507 0.314603 0.569866 0.316384 0.570222 0.317167 0.570721 0.317238 0.573213 0.314675 0.575065 0.312681 0.573213 0.312396 0.572644 0.312538 0.570507
0 0.264327 0.616238 0.273775 0.615104 0.274909 0.620206 0.265461 0.621718 0.264327 0.616238
0 0.321507 0.603618 0.320752 0.597194 0.333223 0.595304 0.334546 0.601729 0.321507 0.603618
3 0.304991 0.384150 0.321232 0.383272 0.321671 0.398781 0.310551 0.399074 0.310112 0.391758 0.305138 0.391319 0.304991 0.384150
4 0.324064 0.351796 0.322787 0.348285 0.323000 0.345492 0.325048 0.344175 0.328121 0.344614 0.329876 0.345784 0.330315 0.348564 0.329797 0.351171 0.326711 0.352475 0.324064 0.351796
0 0.207745 0.689573 0.214279 0.685216 0.221350 0.696488 0.214853 0.701266 0.207745 0.689573
3 0.167123 0.797865 0.172385 0.789916 0.179065 0.793873 0.173689 0.801167 0.167123 0.797865
3 0.158997 0.797855 0.159143 0.793031 0.157827 0.792884 0.157681 0.787183 0.164552 0.787183 0.164552 0.797855 0.158997 0.797855
0 0.272336 0.516662 0.271313 0.509502 0.274893 0.509502 0.276086 0.516491 0.272336 0.516662
0 0.292963 0.516491 0.294156 0.517684 0.293645 0.519730 0.291940 0.521094 0.290381 0.521885 0.288019 0.518878 0.288530 0.516832 0.289553 0.516321 0.292963 0.516491
