4 0.293973 0.884670 0.309554 0.887364 0.308734 0.894393 0.293270 0.891933 0.293973 0.884670
0 0.606401 0.922930 0.601767 0.958514 0.495016 0.949992 0.496362 0.936536 0.489484 0.936087 0.490232 0.926220 0.498455 0.926519 0.499651 0.914857 0.606401 0.922930
0 0.496745 0.915987 0.494450 0.916079 0.493716 0.915895 0.492798 0.914702 0.492431 0.913692 0.492431 0.912683 0.492706 0.911122 0.493808 0.910204 0.495368 0.909929 0.496745 0.910021 0.498030 0.911030 0.498764 0.911856 0.498856 0.913050 0.498489 0.914243 0.498122 0.914885 0.496745 0.915987
0 0.493624 0.950774 0.493440 0.950866 0.492339 0.950958 0.491697 0.950958 0.490687 0.950499 0.490320 0.949856 0.490136 0.949214 0.490044 0.948479 0.490044 0.948112 0.490320 0.947011 0.491329 0.946552 0.492155 0.946368 0.492982 0.946185 0.493440 0.946185 0.494358 0.946276 0.494634 0.946827 0.494909 0.947929 0.493624 0.950774
0 0.629423 0.944317 0.628825 0.941178 0.630320 0.939384 0.631815 0.937589 0.633909 0.936094 0.636600 0.935197 0.639590 0.935197 0.642281 0.935197 0.644823 0.935945 0.647066 0.937440 0.649757 0.941925 0.649757 0.946560 0.648262 0.949550 0.646169 0.951494 0.639291 0.953138 0.634806 0.952989 0.633759 0.951793 0.632862 0.949849 0.629274 0.947158 0.629423 0.944317
0 0.259599 0.724121 0.254442 0.795526 0.201284 0.791559 0.205648 0.722931 0.259599 0.724121
0 0.213306 0.711718 0.210140 0.710744 0.208192 0.710501 0.206974 0.706604 0.206000 0.702951 0.206000 0.698811 0.207705 0.697350 0.210384 0.695888 0.213793 0.694914 0.216959 0.694914 0.219882 0.696862 0.221586 0.697837 0.223291 0.701246 0.224022 0.704169 0.224265 0.705143 0.222560 0.706847 0.221343 0.709283 0.219882 0.710501 0.213306 0.711718
4 0.331126 0.718727 0.340844 0.719475 0.340545 0.727548 0.330677 0.727548 0.331126 0.718727
0 0.386480 0.530026 0.384140 0.575945 0.320964 0.581210 0.319794 0.531781 0.386480 0.530026
0 0.392915 0.550792 0.409586 0.553717 0.406369 0.577992 0.388820 0.575360 0.392915 0.550792
0 0.291131 0.551382 0.296159 0.550844 0.297236 0.551023 0.299391 0.552460 0.301007 0.554255 0.302982 0.557128 0.303700 0.560719 0.303162 0.563054 0.301187 0.565388 0.299032 0.567543 0.296159 0.568620 0.292927 0.568081 0.289336 0.567183 0.288258 0.565029 0.286822 0.562694 0.285745 0.560540 0.285385 0.558565 0.285385 0.558026 0.285924 0.555692 0.287361 0.554255 0.291131 0.551382
0 0.652230 0.654009 0.653756 0.652483 0.656809 0.650002 0.660053 0.649239 0.664060 0.649239 0.667877 0.650002 0.670548 0.651528 0.672075 0.654200 0.673410 0.660306 0.673410 0.664122 0.671311 0.666985 0.667877 0.668893 0.664824 0.668893 0.660626 0.668702 0.657191 0.668130 0.654138 0.665840 0.653375 0.663359 0.652993 0.660688 0.652611 0.657062 0.652230 0.654009
0 0.631240 0.640652 0.625515 0.675953 0.520756 0.666794 0.518848 0.668320 0.516558 0.668320 0.515032 0.666794 0.515795 0.663741 0.519421 0.662596 0.519802 0.663168 0.521520 0.652864 0.513314 0.652483 0.513314 0.643514 0.521138 0.643323 0.522283 0.632828 0.519039 0.632828 0.516940 0.631493 0.516177 0.630157 0.516367 0.628630 0.518085 0.627295 0.522092 0.626150 0.522474 0.626150 0.523619 0.628821 0.524000 0.630348 0.631240 0.640652
0 0.363952 0.435742 0.383192 0.437204 0.383192 0.450842 0.363221 0.449624 0.363952 0.435742
0 0.204360 0.511370 0.207500 0.509576 0.209444 0.510024 0.212284 0.511669 0.212583 0.513612 0.211836 0.515855 0.208696 0.516453 0.205556 0.515855 0.204360 0.514061 0.204360 0.511818 0.204360 0.511370
0 0.207948 0.502399 0.211238 0.499857 0.212135 0.500007 0.213331 0.502399 0.212733 0.505240 0.210341 0.506585 0.208098 0.505240 0.207948 0.502399
0 0.208397 0.490289 0.213630 0.489541 0.215125 0.490887 0.215274 0.494026 0.214078 0.496269 0.210341 0.497017 0.207649 0.496867 0.206752 0.495372 0.207649 0.491335 0.208397 0.490289
0 0.208995 0.480421 0.213630 0.479374 0.215873 0.479972 0.216770 0.484009 0.216172 0.485654 0.212583 0.486700 0.209593 0.486401 0.208098 0.484159 0.208547 0.481468 0.208995 0.480421
0 0.209145 0.469955 0.210789 0.468909 0.213630 0.468909 0.215424 0.470105 0.216620 0.472048 0.216471 0.475188 0.215125 0.476982 0.211836 0.477580 0.209294 0.475936 0.208696 0.474142 0.208846 0.472347 0.209145 0.469955
0 0.209593 0.460237 0.213480 0.458592 0.216022 0.459190 0.218713 0.460088 0.218863 0.461134 0.218713 0.463377 0.218115 0.465171 0.215574 0.466516 0.213181 0.466666 0.210042 0.466217 0.209444 0.464423 0.209145 0.462031 0.209593 0.460237
0 0.211088 0.449323 0.214377 0.448276 0.217816 0.448874 0.218713 0.449024 0.219162 0.452762 0.218863 0.455154 0.215873 0.456798 0.212583 0.456350 0.210640 0.455453 0.210490 0.453808 0.210341 0.451117 0.211088 0.449323
0 0.211836 0.439904 0.217517 0.438857 0.219610 0.440651 0.219012 0.444090 0.216321 0.446482 0.213480 0.446482 0.211985 0.445286 0.211387 0.443940 0.211537 0.441997 0.211836 0.439904
0 0.213331 0.429587 0.220059 0.431232 0.220657 0.434222 0.220059 0.436465 0.217517 0.438857 0.212882 0.436465 0.212284 0.434521 0.211238 0.431980 0.213331 0.429587
0 0.342519 0.354475 0.356400 0.357154 0.354452 0.383943 0.340570 0.383213 0.342519 0.354475
0 0.402407 0.370757 0.422825 0.374383 0.421489 0.390984 0.400308 0.389458 0.402407 0.370757
0 0.426450 0.364079 0.432747 0.364651 0.432556 0.371139 0.425878 0.369994 0.426450 0.364079
0 0.390130 0.351853 0.390364 0.351385 0.391301 0.350799 0.393761 0.349862 0.396690 0.349862 0.397861 0.350565 0.398213 0.352908 0.398916 0.351619 0.400204 0.349862 0.401376 0.349745 0.402430 0.349745 0.403484 0.349862 0.405476 0.350916 0.406296 0.353025 0.406882 0.355016 0.407116 0.356539 0.406530 0.358062 0.405242 0.359116 0.402079 0.359585 0.400204 0.358413 0.399501 0.356305 0.399033 0.355836 0.398564 0.356070 0.396104 0.357593 0.394933 0.358062 0.392590 0.358296 0.391418 0.357710 0.390950 0.356656 0.390598 0.354899 0.390130 0.351853
0 0.409459 0.351970 0.412153 0.351853 0.413676 0.352205 0.416253 0.352908 0.417542 0.354899 0.417776 0.358296 0.416605 0.359936 0.414145 0.360405 0.411685 0.360053 0.409810 0.358882 0.409107 0.357476 0.409107 0.355719 0.409107 0.353025 0.409459 0.351970
0 0.420470 0.351736 0.421642 0.351385 0.423751 0.351502 0.425156 0.352439 0.426445 0.354430 0.426679 0.357008 0.426093 0.358531 0.423868 0.358999 0.421876 0.359233 0.420002 0.358882 0.419065 0.357710 0.418830 0.356305 0.418830 0.355133 0.419182 0.353728 0.419885 0.352087 0.420470 0.351736
0 0.406739 0.393198 0.419905 0.395297 0.418951 0.401021 0.405212 0.398350 0.406739 0.393198
0 0.652936 0.365602 0.649206 0.402901 0.543369 0.395248 0.543493 0.379275 0.544078 0.370255 0.545250 0.357720 0.652936 0.365602
0 0.541735 0.388998 0.543375 0.390990 0.543258 0.392513 0.542087 0.393801 0.541618 0.394621 0.540095 0.394738 0.539041 0.394738 0.538221 0.394387 0.536698 0.392864 0.536581 0.392044 0.536698 0.390990 0.537401 0.389584 0.539627 0.388530 0.541735 0.388998
0 0.537635 0.354089 0.540330 0.352566 0.541501 0.352566 0.544547 0.353620 0.545718 0.356197 0.545250 0.357720 0.543844 0.359360 0.541735 0.360063 0.539627 0.360180 0.537518 0.359126 0.537167 0.356666 0.537635 0.354089
0 0.536698 0.369435 0.544078 0.370255 0.543493 0.379275 0.535995 0.378807 0.536698 0.369435
0 0.691125 0.378355 0.692369 0.376180 0.699828 0.376801 0.705112 0.380531 0.706977 0.382707 0.706977 0.391099 0.703869 0.395451 0.700139 0.396694 0.696098 0.397005 0.691436 0.395140 0.688328 0.392964 0.687706 0.389234 0.687706 0.385815 0.688639 0.381463 0.691125 0.378355
0 0.243734 0.271056 0.246787 0.270866 0.248695 0.272965 0.250412 0.275254 0.252320 0.280025 0.252893 0.282124 0.251939 0.287848 0.250603 0.289566 0.246977 0.291092 0.243543 0.291474 0.239345 0.290520 0.235528 0.288803 0.234193 0.287276 0.232475 0.281551 0.232666 0.279071 0.234384 0.275445 0.235910 0.273155 0.237627 0.271247 0.243734 0.271056
0 0.260526 0.253120 0.322541 0.260371 0.325404 0.234992 0.361087 0.237473 0.358424 0.268952 0.356125 0.303305 0.340287 0.302160 0.340097 0.308457 0.317580 0.305785 0.318153 0.300252 0.254992 0.293955 0.260526 0.253120
0 0.388027 0.239498 0.385486 0.271643 0.358424 0.268952 0.361087 0.237473 0.388027 0.239498
0 0.333084 0.190181 0.348036 0.192274 0.347138 0.200348 0.332486 0.198853 0.333084 0.190181
0 0.342504 0.096737 0.380180 0.100923 0.374947 0.145477 0.382573 0.147869 0.382573 0.153252 0.387656 0.152953 0.387955 0.154597 0.400962 0.156690 0.400364 0.168352 0.382872 0.168352 0.382872 0.162820 0.378386 0.162820 0.377639 0.166857 0.333084 0.163568 0.342504 0.096737
0 0.409127 0.124427 0.409890 0.117175 0.409127 0.116985 0.412180 0.086072 0.420003 0.086645 0.420385 0.081493 0.441947 0.083019 0.441184 0.087599 0.447290 0.087790 0.443092 0.128243 0.409127 0.124427
0 0.731162 0.099881 0.736123 0.103316 0.737077 0.106942 0.736887 0.113429 0.735932 0.116864 0.730208 0.119154 0.725247 0.118391 0.720095 0.117437 0.718568 0.115338 0.716851 0.110185 0.717423 0.106369 0.718377 0.103698 0.722384 0.100263 0.727346 0.099881 0.731162 0.099881
0 0.678496 0.090531 0.676681 0.126773 0.567546 0.116309 0.568812 0.102155 0.569603 0.093310 0.570943 0.080420 0.678496 0.090531
0 0.562682 0.112729 0.565068 0.112454 0.566353 0.114106 0.566629 0.115850 0.566170 0.117777 0.565252 0.118236 0.564334 0.118787 0.562406 0.118604 0.560295 0.118328 0.559745 0.116584 0.559928 0.114748 0.560938 0.113647 0.562682 0.112729
0 0.567179 0.076657 0.570575 0.078676 0.570943 0.080420 0.570208 0.082348 0.569474 0.083357 0.566261 0.083082 0.564334 0.081705 0.563967 0.081063 0.563875 0.079411 0.564334 0.077208 0.567179 0.076657
0 0.569603 0.093310 0.568812 0.102155 0.561260 0.102012 0.561404 0.093238 0.569603 0.093310
0 0.259526 0.696517 0.260620 0.695423 0.261715 0.694693 0.262810 0.694693 0.265364 0.694693 0.267651 0.695027 0.269657 0.697424 0.269728 0.701097 0.268465 0.702173 0.265546 0.703268 0.261897 0.703268 0.260620 0.702173 0.259526 0.699254 0.259526 0.697612 0.259526 0.696517
0 0.253203 0.564399 0.253610 0.562824 0.254372 0.562367 0.255236 0.562164 0.256303 0.562062 0.257675 0.562062 0.258437 0.562570 0.259047 0.563180 0.259250 0.564145 0.259250 0.565466 0.259250 0.566686 0.258691 0.567651 0.257268 0.568464 0.255033 0.568312 0.253711 0.567702 0.253152 0.566635 0.253051 0.566025 0.253203 0.564399
0 0.260419 0.562824 0.261079 0.561960 0.261841 0.561503 0.262909 0.561503 0.263874 0.561503 0.264992 0.561706 0.265398 0.562265 0.266110 0.563078 0.266110 0.563942 0.266059 0.565670 0.265856 0.566635 0.265043 0.567296 0.263823 0.567702 0.262248 0.567651 0.261181 0.566940 0.260622 0.565924 0.260622 0.565517 0.260419 0.562824
0 0.267004 0.561763 0.268670 0.560564 0.270535 0.560564 0.271934 0.561164 0.272200 0.562829 0.271934 0.565294 0.270801 0.566226 0.269336 0.567026 0.267604 0.566693 0.266871 0.565427 0.266871 0.564694 0.267004 0.561763
0 0.271377 0.695688 0.273180 0.694753 0.275050 0.694553 0.277253 0.694686 0.278389 0.695154 0.279056 0.695888 0.279657 0.696890 0.279925 0.698225 0.279925 0.700162 0.279457 0.702366 0.278856 0.703367 0.277788 0.703701 0.276051 0.703701 0.274115 0.703701 0.272980 0.703701 0.271844 0.703033 0.270709 0.702099 0.269728 0.701097 0.269657 0.697424 0.270509 0.696623 0.271377 0.695688
0 0.284532 0.694553 0.287203 0.694553 0.289674 0.695621 0.290743 0.696623 0.291010 0.698693 0.291010 0.700830 0.290342 0.702900 0.289274 0.704302 0.287871 0.704970 0.285801 0.704970 0.284265 0.704970 0.282729 0.704235 0.281995 0.703301 0.281127 0.702099 0.281060 0.701097 0.281394 0.699227 0.281527 0.697558 0.281995 0.696089 0.282796 0.695220 0.284532 0.694553
0 0.294549 0.695755 0.296486 0.696155 0.297220 0.696289 0.298556 0.696690 0.299157 0.697424 0.299824 0.699828 0.299824 0.702232 0.299624 0.704369 0.297888 0.705838 0.295751 0.705972 0.293748 0.705638 0.292092 0.704293 0.291544 0.702432 0.291544 0.700095 0.291678 0.698025 0.292278 0.696690 0.294549 0.695755
0 0.305501 0.696422 0.307504 0.696690 0.308172 0.696690 0.309507 0.697491 0.310509 0.698292 0.311575 0.700274 0.311377 0.702900 0.310910 0.704636 0.309240 0.706239 0.307771 0.706840 0.305968 0.706840 0.304232 0.706706 0.302829 0.705638 0.301561 0.704636 0.301160 0.702499 0.301294 0.700429 0.302162 0.698559 0.302963 0.697424 0.305501 0.696422
0 0.312646 0.698693 0.314582 0.697758 0.315517 0.697758 0.317254 0.698092 0.318656 0.698693 0.319658 0.698960 0.320860 0.699761 0.322062 0.700897 0.321861 0.704703 0.321060 0.705905 0.319991 0.706973 0.318456 0.707842 0.316452 0.708242 0.314850 0.708175 0.313314 0.707508 0.312446 0.706907 0.311778 0.706038 0.310910 0.704636 0.311575 0.700274 0.311845 0.699828 0.312646 0.698693
0 0.322062 0.700897 0.322592 0.700279 0.323066 0.699762 0.323928 0.699374 0.324704 0.699244 0.325652 0.699072 0.327117 0.698986 0.328151 0.699115 0.329099 0.699546 0.329703 0.699891 0.330608 0.700968 0.330952 0.701615 0.331039 0.702649 0.331168 0.703597 0.331125 0.704717 0.330608 0.705536 0.329746 0.706398 0.328539 0.707303 0.326384 0.707734 0.324574 0.707562 0.323497 0.707001 0.322549 0.706053 0.321861 0.704703 0.322062 0.700897
0 0.334529 0.700020 0.335477 0.699718 0.337029 0.699718 0.339054 0.699762 0.341123 0.700925 0.341467 0.702520 0.341467 0.704243 0.341123 0.706398 0.340304 0.707217 0.338278 0.707777 0.336727 0.707906 0.334615 0.707820 0.333409 0.706570 0.332935 0.705881 0.332892 0.704028 0.332892 0.702218 0.333495 0.700882 0.334529 0.700020
0 0.345346 0.699417 0.347113 0.698813 0.348793 0.698813 0.350862 0.699417 0.352025 0.700580 0.352887 0.702046 0.352973 0.704028 0.352198 0.707001 0.351379 0.708510 0.350215 0.709544 0.348190 0.709587 0.345690 0.709285 0.343967 0.708122 0.343191 0.706743 0.342932 0.704674 0.343019 0.702864 0.343493 0.701313 0.344182 0.700193 0.345346 0.699417
0 0.358145 0.700063 0.359653 0.700149 0.360429 0.700149 0.362368 0.701097 0.362971 0.703252 0.362842 0.704330 0.362756 0.706527 0.362626 0.708122 0.361592 0.709501 0.358662 0.710320 0.356636 0.710492 0.354956 0.709759 0.353749 0.709156 0.353361 0.707519 0.353318 0.705105 0.353447 0.702649 0.354525 0.701227 0.355990 0.700020 0.358145 0.700063
0 0.362971 0.703252 0.363962 0.702002 0.364867 0.701313 0.366031 0.701313 0.367755 0.701054 0.369565 0.701528 0.370771 0.701959 0.371590 0.702606 0.372409 0.703554 0.372581 0.703942 0.372667 0.710018 0.371676 0.710923 0.369909 0.711397 0.367625 0.711397 0.365169 0.710880 0.363919 0.710363 0.363144 0.709328 0.362626 0.708122 0.362971 0.703252
0 0.372581 0.703942 0.373486 0.703166 0.374607 0.702606 0.375856 0.702132 0.377451 0.702046 0.379261 0.702477 0.380467 0.703338 0.380812 0.705062 0.380812 0.707217 0.380424 0.709328 0.380338 0.710664 0.379347 0.711440 0.376158 0.711914 0.373917 0.711440 0.372667 0.710018 0.372581 0.703942
4 0.239184 0.400583 0.241367 0.400292 0.244133 0.400292 0.246462 0.401602 0.247481 0.402767 0.247336 0.407862 0.246462 0.409172 0.243697 0.411065 0.239766 0.410628 0.237582 0.409463 0.236418 0.406697 0.236418 0.404222 0.237146 0.402039 0.239184 0.400583
4 0.247481 0.402767 0.249374 0.400292 0.250975 0.399418 0.253887 0.399418 0.256798 0.400146 0.258836 0.402767 0.259273 0.408735 0.256362 0.410045 0.253450 0.410919 0.250393 0.410919 0.248209 0.409318 0.247336 0.407862 0.247481 0.402767
4 0.258836 0.402767 0.260147 0.401165 0.261894 0.399855 0.264514 0.398691 0.266115 0.398691 0.268008 0.399273 0.269609 0.400292 0.271065 0.402184 0.271065 0.408299 0.269464 0.409609 0.266698 0.410191 0.263640 0.410191 0.261748 0.410191 0.259273 0.408735 0.258836 0.402767
4 0.271065 0.402184 0.272375 0.400583 0.273831 0.399273 0.275869 0.399127 0.278053 0.399273 0.280382 0.400146 0.281983 0.401602 0.282711 0.403640 0.282711 0.405969 0.281837 0.408007 0.279945 0.409900 0.277033 0.411356 0.273976 0.410628 0.271065 0.408299 0.271065 0.402184
4 0.283876 0.401457 0.284458 0.399564 0.286787 0.398108 0.290281 0.398108 0.292610 0.399273 0.293775 0.401165 0.293920 0.403786 0.293484 0.405678 0.291737 0.407862 0.288680 0.408007 0.284603 0.408007 0.282711 0.403640 0.283876 0.401457
