2 0.595079 0.271641 0.589334 0.243531 0.583794 0.243736 0.581127 0.231630 0.586256 0.229989 0.584820 0.224654 0.607391 0.219524 0.620728 0.271231 0.610058 0.274104 0.595079 0.271641
2 0.495248 0.251974 0.492786 0.223616 0.508687 0.220608 0.515151 0.249306 0.495248 0.251974
2 0.492786 0.223616 0.487348 0.197422 0.510944 0.192908 0.514227 0.208707 0.507046 0.211374 0.508687 0.220608 0.492786 0.223616
0 0.477588 0.974131 0.478288 0.976613 0.478716 0.978512 0.478098 0.980316 0.476959 0.981693 0.475392 0.982595 0.472734 0.982975 0.470692 0.982452 0.468793 0.981503 0.468271 0.980031 0.468271 0.978844 0.468698 0.977135 0.469078 0.976376 0.470123 0.974524 0.470550 0.974049 0.470488 0.973652 0.477588 0.974131
0 0.475108 0.963415 0.478193 0.964934 0.479618 0.967118 0.479713 0.969302 0.478953 0.971011 0.478098 0.972388 0.477539 0.973643 0.470410 0.973154 0.470360 0.972862 0.467559 0.969539 0.467322 0.966358 0.468224 0.963985 0.471025 0.962750 0.475108 0.963415
4 0.561138 0.997162 0.556343 0.996972 0.553447 0.996165 0.552307 0.993696 0.553826 0.988427 0.557339 0.986860 0.561707 0.987287 0.563511 0.988569 0.563132 0.995216 0.561138 0.997162
4 0.553915 0.985634 0.550667 0.985711 0.548193 0.984860 0.546414 0.983082 0.546337 0.980220 0.547728 0.977436 0.551054 0.976354 0.555152 0.977127 0.556390 0.982308 0.553915 0.985634
0 0.539582 0.968283 0.535561 0.959621 0.540433 0.955755 0.545227 0.964493 0.539582 0.968283
4 0.706442 0.998985 0.706442 0.995411 0.721740 0.995509 0.723122 0.993042 0.751152 0.993338 0.751487 0.998985 0.706442 0.998985
4 0.694485 0.996876 0.693711 0.987519 0.705157 0.987596 0.705079 0.996876 0.694485 0.996876
2 0.544896 0.975721 0.541408 0.972692 0.541041 0.968194 0.545227 0.964493 0.549393 0.965257 0.550770 0.970672 0.549393 0.973518 0.544896 0.975721
2 0.508687 0.220608 0.507046 0.211374 0.514227 0.208707 0.511831 0.195361 0.526592 0.192550 0.528466 0.202859 0.531043 0.201336 0.534206 0.215393 0.508687 0.220608
3 0.490825 0.180826 0.490526 0.174546 0.503982 0.172602 0.505029 0.178732 0.502188 0.178732 0.502188 0.182769 0.496955 0.183517 0.496357 0.180377 0.490825 0.180826
