0 0.022276 0.998990 0.020706 0.987214 0.038971 0.984779 0.040790 0.998990 0.022276 0.998990
0 0.179421 0.816443 0.193362 0.818435 0.191370 0.835069 0.177781 0.833312 0.179421 0.816443
0 0.125858 0.813847 0.132845 0.814241 0.132112 0.829906 0.124731 0.829512 0.125858 0.813847
0 0.146198 0.813545 0.145802 0.831473 0.135086 0.831185 0.135621 0.813645 0.146198 0.813545
0 0.152346 0.828888 0.147664 0.828784 0.148069 0.819031 0.152634 0.819031 0.152346 0.828888
0 0.153633 0.781783 0.184208 0.784126 0.183973 0.789632 0.186550 0.789632 0.186082 0.797598 0.182685 0.797363 0.182333 0.803924 0.152110 0.801464 0.153633 0.781783
0 0.072259 0.783525 0.071679 0.810108 0.064336 0.809832 0.064152 0.816808 0.058095 0.816533 0.058095 0.813687 0.035331 0.812678 0.035423 0.806987 0.029854 0.806855 0.030539 0.788032 0.045887 0.788079 0.046025 0.784866 0.052180 0.784962 0.052220 0.788694 0.060573 0.788538 0.060684 0.783281 0.072259 0.783525
0 0.073007 0.857837 0.081925 0.857693 0.082213 0.867546 0.072935 0.867833 0.073007 0.857837
0 0.075556 0.851143 0.081676 0.851273 0.081546 0.856156 0.075524 0.855896 0.075556 0.851143
0 0.386759 0.880828 0.394092 0.881745 0.394092 0.878536 0.412426 0.879911 0.411051 0.905349 0.405551 0.905349 0.405551 0.910620 0.385384 0.909245 0.386759 0.880828
0 0.396558 0.920504 0.413644 0.920945 0.413644 0.925244 0.409896 0.925134 0.409823 0.927192 0.413093 0.927449 0.412983 0.931968 0.409014 0.931968 0.409014 0.933842 0.395786 0.933732 0.396558 0.920504
0 0.415009 0.920036 0.422644 0.920408 0.422167 0.932550 0.414584 0.932391 0.415009 0.920036
0 0.337183 0.998985 0.337822 0.985677 0.378385 0.985906 0.379660 0.998985 0.337183 0.998985
0 0.544903 0.880755 0.553108 0.882396 0.551467 0.893019 0.543348 0.891465 0.544903 0.880755
0 0.555543 0.846507 0.556240 0.851406 0.554363 0.854443 0.550313 0.853508 0.548599 0.851015 0.548169 0.847743 0.549639 0.844969 0.551074 0.844453 0.555543 0.846507
0 0.562963 0.845745 0.564352 0.850320 0.561289 0.852731 0.557000 0.850174 0.555674 0.850027 0.555988 0.846175 0.559561 0.843789 0.562963 0.845745
0 0.558452 0.843156 0.559092 0.843525 0.555469 0.845937 0.552517 0.843937 0.553321 0.841366 0.555861 0.839955 0.558452 0.843156
0 0.532268 0.816862 0.551747 0.817091 0.552893 0.820300 0.557247 0.820758 0.557247 0.827862 0.563893 0.827862 0.564199 0.842764 0.558688 0.842671 0.555982 0.839329 0.552913 0.841034 0.552158 0.843448 0.547041 0.843448 0.547041 0.843691 0.538685 0.843904 0.538914 0.851008 0.527914 0.851466 0.527685 0.841841 0.508893 0.842070 0.508206 0.815258 0.515081 0.815487 0.514623 0.810445 0.532039 0.809987 0.532268 0.816862
0 0.508693 0.857767 0.509072 0.867170 0.495162 0.867617 0.494084 0.856125 0.484029 0.857382 0.483311 0.849661 0.487261 0.849122 0.486363 0.833501 0.489416 0.833860 0.489404 0.833643 0.490077 0.833924 0.492791 0.834067 0.494521 0.833203 0.494623 0.834399 0.496778 0.833860 0.496239 0.824882 0.507372 0.824523 0.508693 0.857767
0 0.494482 0.832676 0.492688 0.833572 0.490187 0.833441 0.489365 0.833096 0.488211 0.830526 0.489057 0.828114 0.491504 0.827232 0.494084 0.827755 0.494661 0.829702 0.494482 0.832676
0 0.026553 0.816608 0.026697 0.808985 0.034464 0.809057 0.034392 0.816752 0.026553 0.816608
0 0.509072 0.867170 0.508693 0.857767 0.516331 0.857639 0.516443 0.867008 0.509072 0.867170
0 0.044734 0.990714 0.044734 0.984188 0.052271 0.984110 0.052115 0.991569 0.048774 0.991724 0.048697 0.990481 0.044734 0.990714
0 0.359149 0.981540 0.356640 0.981957 0.352178 0.981957 0.350888 0.981616 0.350393 0.979974 0.350492 0.975115 0.350673 0.973476 0.352178 0.972834 0.356938 0.972834 0.359050 0.973339 0.359417 0.975313 0.359219 0.980173 0.359149 0.981540
0 0.340751 0.982150 0.340004 0.978436 0.340044 0.973677 0.341367 0.972909 0.345289 0.972489 0.346921 0.973033 0.348553 0.975675 0.348553 0.977539 0.348630 0.980337 0.348086 0.981968 0.346066 0.981968 0.340751 0.982150
0 0.338890 0.982552 0.332246 0.982552 0.332246 0.976900 0.338890 0.976999 0.338890 0.982552
4 0.158206 0.134249 0.161535 0.133236 0.164430 0.133236 0.166601 0.135552 0.167614 0.138157 0.167614 0.140907 0.165587 0.143222 0.163851 0.143801 0.160088 0.144380 0.157193 0.142643 0.156469 0.140472 0.156035 0.136420 0.157048 0.135117 0.158206 0.134249
