0 0.575487 0.998985 0.576215 0.980329 0.604314 0.979994 0.604379 0.974660 0.616074 0.974454 0.616139 0.979346 0.627398 0.979472 0.627100 0.990316 0.628594 0.990364 0.628595 0.996062 0.623565 0.996271 0.623589 0.998986 0.575487 0.998985
0 0.585237 0.969221 0.588784 0.967328 0.592435 0.968142 0.594416 0.970677 0.594613 0.973860 0.592540 0.976031 0.588099 0.976031 0.585434 0.973070 0.585237 0.969221
0 0.289082 0.809272 0.285800 0.841691 0.269590 0.839639 0.272873 0.808656 0.289082 0.809272
0 0.289082 0.809272 0.315141 0.811939 0.312268 0.846205 0.297290 0.843127 0.285800 0.841691 0.289082 0.809272
0 0.357362 0.847345 0.384447 0.845293 0.386909 0.865891 0.380848 0.866351 0.381574 0.874919 0.366595 0.876276 0.366562 0.868969 0.359004 0.869395 0.357362 0.847345
0 0.346626 0.858080 0.354333 0.856652 0.358737 0.882968 0.350563 0.884041 0.346626 0.858080
0 0.461759 0.762016 0.474329 0.752064 0.516229 0.801297 0.504183 0.812295 0.461759 0.762016
0 0.311300 0.767055 0.316799 0.766270 0.322822 0.768365 0.325965 0.776745 0.320465 0.782768 0.314704 0.785125 0.308943 0.783292 0.306324 0.772555 0.311300 0.767055
0 0.183917 0.670032 0.188934 0.659086 0.205457 0.666631 0.200166 0.677716 0.183917 0.670032
0 0.264856 0.729686 0.293633 0.729847 0.293633 0.744316 0.265499 0.744316 0.264856 0.729686
0 0.312868 0.739975 0.318593 0.738988 0.320863 0.742837 0.320369 0.746193 0.315533 0.748266 0.311881 0.746094 0.311881 0.743035 0.312868 0.739975
0 0.396787 0.779015 0.428637 0.813910 0.415969 0.825334 0.383857 0.791651 0.396787 0.779015
