0 0.315479 0.400332 0.318223 0.401126 0.318393 0.416183 0.319729 0.416946 0.320683 0.425342 0.314195 0.425914 0.313813 0.441371 0.293777 0.441180 0.293396 0.435265 0.275841 0.434501 0.276222 0.416755 0.279657 0.416755 0.280229 0.400154 0.315479 0.400332
0 0.321828 0.399963 0.323545 0.400154 0.324308 0.401108 0.325072 0.404543 0.324881 0.405497 0.323163 0.405688 0.321064 0.405688 0.320110 0.403970 0.320393 0.401503 0.318223 0.401126 0.315479 0.400332 0.315149 0.395002 0.321064 0.395002 0.321828 0.399963
0 0.325531 0.400431 0.326173 0.398596 0.327642 0.397861 0.330120 0.398596 0.331772 0.400340 0.331772 0.403552 0.330579 0.404654 0.328285 0.404929 0.326082 0.403919 0.325531 0.400431
0 0.365704 0.421406 0.383645 0.421406 0.384243 0.433816 0.365405 0.433517 0.365255 0.421556 0.365704 0.421406
0 0.325274 0.440859 0.325612 0.439026 0.326753 0.437736 0.328431 0.437492 0.330823 0.438539 0.331869 0.440482 0.330984 0.442930 0.328580 0.443805 0.326205 0.443058 0.325274 0.440859
0 0.334975 0.418521 0.343996 0.418970 0.343586 0.436612 0.340358 0.436911 0.340208 0.441995 0.334078 0.441546 0.334975 0.418521
0 0.371336 0.328149 0.394336 0.298310 0.416405 0.313540 0.392471 0.345244 0.371336 0.328149
0 0.463365 0.304958 0.462030 0.302286 0.461266 0.299233 0.462030 0.297134 0.464701 0.295417 0.468517 0.295417 0.470807 0.296562 0.471952 0.299806 0.471952 0.303813 0.467563 0.306675 0.463365 0.304958
0 0.425303 0.349037 0.445440 0.325716 0.466898 0.344458 0.447074 0.368067 0.425303 0.349037
4 0.439678 0.382958 0.440335 0.380595 0.441261 0.378654 0.444401 0.378654 0.445744 0.381076 0.445474 0.384392 0.444849 0.385767 0.442639 0.385169 0.440604 0.384482 0.439678 0.382958
0 0.469418 0.443028 0.472963 0.426224 0.484448 0.428589 0.483893 0.431700 0.485674 0.432013 0.483303 0.445776 0.476270 0.444780 0.469418 0.443028
0 0.635093 0.483655 0.677059 0.417666 0.700666 0.431851 0.659579 0.499257 0.635093 0.483655
0 0.681941 0.419076 0.682757 0.416263 0.684667 0.413072 0.687524 0.412912 0.691228 0.414390 0.692172 0.416782 0.692567 0.419259 0.690905 0.421097 0.688904 0.422166 0.686375 0.422300 0.681941 0.419076
0 0.692940 0.426289 0.690927 0.423841 0.690905 0.421097 0.692567 0.419259 0.695146 0.418376 0.698374 0.419538 0.699614 0.421516 0.699740 0.424401 0.698880 0.426833 0.696440 0.427282 0.692940 0.426289
0 0.685050 0.389271 0.687446 0.386801 0.690358 0.386647 0.692535 0.388677 0.692910 0.391901 0.691268 0.394739 0.687657 0.395110 0.684747 0.393236 0.685050 0.389271
0 0.661142 0.282938 0.660230 0.280618 0.661269 0.278502 0.663593 0.277157 0.665846 0.277464 0.667274 0.279790 0.667429 0.282199 0.666164 0.284212 0.663626 0.284288 0.661142 0.282938
0 0.492698 0.452275 0.494689 0.443854 0.490319 0.442244 0.491268 0.438363 0.495970 0.439250 0.497744 0.433148 0.509331 0.435523 0.505046 0.455118 0.492698 0.452275
2 0.486114 0.402983 0.486877 0.385809 0.514736 0.387527 0.514927 0.388671 0.519889 0.389053 0.519698 0.398785 0.520270 0.400884 0.520270 0.402410 0.519125 0.404128 0.517408 0.404700 0.513782 0.403937 0.513782 0.404891 0.486114 0.402983
1 0.474846 0.391740 0.471108 0.390395 0.470211 0.387404 0.471108 0.384863 0.473201 0.383218 0.475743 0.385162 0.476341 0.388451 0.474846 0.391740
4 0.507352 0.502474 0.508708 0.498121 0.514174 0.499284 0.513028 0.503947 0.507352 0.502474
0 0.565525 0.474530 0.570248 0.467604 0.576601 0.470948 0.571761 0.480189 0.564940 0.476008 0.565525 0.474530
0 0.551057 0.390832 0.552434 0.387161 0.562805 0.391200 0.561153 0.395238 0.551057 0.390832
0 0.460130 -0.000000 0.503633 -0.000000 0.489022 0.022439 0.460130 -0.000000
