0 0.226593 0.957448 0.331894 0.756804 0.353075 0.766345 0.372680 0.778726 0.266689 0.979517 0.246486 0.966773 0.226593 0.957448
0 0.350229 0.763577 0.349850 0.754234 0.357284 0.747993 0.365270 0.748819 0.370318 0.754968 0.369767 0.764973 0.360497 0.769930 0.350229 0.763577
0 0.375627 0.998985 0.464445 0.828029 0.486363 0.836796 0.506576 0.848729 0.428552 0.998985 0.375627 0.998985
0 0.485117 0.801569 0.485703 0.797586 0.489100 0.794891 0.494606 0.793720 0.499175 0.795829 0.501986 0.800866 0.500815 0.807777 0.493786 0.811058 0.487343 0.808715 0.485117 0.801569
0 0.610234 0.618785 0.617763 0.611360 0.623637 0.607413 0.661564 0.644354 0.654503 0.648362 0.648779 0.656758 0.610234 0.618785
0 0.696952 0.623756 0.713290 0.598147 0.727058 0.606775 0.710537 0.632384 0.696952 0.623756
0 0.560732 0.490966 0.560342 0.486277 0.573647 0.470383 0.577746 0.473116 0.590691 0.454201 0.600041 0.461393 0.600391 0.466848 0.608448 0.473722 0.610590 0.471130 0.622254 0.479864 0.619549 0.483753 0.623227 0.486603 0.604441 0.511959 0.600198 0.509729 0.599551 0.503041 0.591568 0.497575 0.589267 0.499805 0.586206 0.497488 0.584925 0.498812 0.589095 0.502982 0.588160 0.504061 0.587656 0.506794 0.584060 0.509887 0.560732 0.490966
0 0.629430 0.509559 0.638015 0.515445 0.627869 0.529569 0.619425 0.523052 0.629430 0.509559
0 0.699256 0.462463 0.711275 0.449296 0.702902 0.441970 0.714564 0.431056 0.752941 0.465951 0.739723 0.475588 0.729810 0.489907 0.699256 0.462463
0 0.648610 0.457599 0.660870 0.447881 0.667149 0.455506 0.655802 0.465946 0.648610 0.457599
0 0.615495 0.351075 0.628967 0.335846 0.637987 0.324248 0.660713 0.302225 0.706986 0.345452 0.683908 0.367241 0.674068 0.379072 0.658605 0.393481 0.615495 0.351075
0 0.600930 0.312935 0.600227 0.305906 0.603390 0.300401 0.607959 0.298409 0.614636 0.299698 0.618619 0.303798 0.619322 0.310709 0.617330 0.314927 0.612644 0.318441 0.605030 0.317621 0.600930 0.312935
0 0.622042 0.321064 0.621395 0.317971 0.622330 0.315526 0.623768 0.314304 0.626933 0.313656 0.629378 0.314519 0.630960 0.318115 0.630672 0.321352 0.627220 0.323006 0.624775 0.323365 0.622042 0.321064
0 0.639328 0.312792 0.638314 0.310707 0.638708 0.307946 0.640737 0.305861 0.643949 0.305241 0.647555 0.306143 0.649246 0.308228 0.648682 0.312454 0.645583 0.314595 0.641751 0.314708 0.639328 0.312792
0 0.650598 0.296507 0.654881 0.297014 0.657135 0.298423 0.657923 0.302480 0.655444 0.305354 0.651950 0.305974 0.648626 0.305129 0.646992 0.301973 0.647724 0.298817 0.650598 0.296507
0 0.635498 0.242049 0.636682 0.244979 0.636343 0.247176 0.635724 0.248247 0.633075 0.249768 0.631666 0.249938 0.629976 0.249825 0.628680 0.249318 0.627384 0.247571 0.627102 0.244922 0.627215 0.243514 0.627722 0.242387 0.629187 0.241542 0.630145 0.240978 0.631159 0.240358 0.633132 0.240809 0.635498 0.242049
0 0.645503 0.241682 0.646686 0.244612 0.646348 0.246809 0.645728 0.247880 0.643080 0.249401 0.641671 0.249570 0.639981 0.249458 0.638685 0.248951 0.637389 0.247204 0.637107 0.244555 0.637220 0.243147 0.637727 0.242020 0.639192 0.241174 0.640150 0.240611 0.641164 0.239991 0.643136 0.240442 0.645503 0.241682
0 0.657160 0.242324 0.658343 0.245254 0.658005 0.247452 0.657385 0.248522 0.654737 0.250044 0.653328 0.250213 0.651638 0.250100 0.650342 0.249593 0.649046 0.247846 0.648764 0.245198 0.648877 0.243789 0.649384 0.242662 0.650849 0.241817 0.651807 0.241253 0.652821 0.240634 0.654793 0.241084 0.657160 0.242324
0 0.635957 0.231952 0.636757 0.233378 0.637141 0.234882 0.636802 0.237080 0.636183 0.238151 0.633534 0.239672 0.632125 0.239841 0.630435 0.239728 0.629139 0.239221 0.627843 0.237474 0.627561 0.234826 0.627674 0.233417 0.628181 0.232290 0.629646 0.231445 0.630604 0.230881 0.631618 0.230262 0.633591 0.230712 0.635957 0.231952
0 0.646237 0.231034 0.647421 0.233964 0.647083 0.236162 0.646463 0.237233 0.643814 0.238754 0.642406 0.238923 0.640715 0.238810 0.639419 0.238303 0.638123 0.236556 0.637841 0.233908 0.637954 0.232499 0.638461 0.231372 0.639926 0.230527 0.640884 0.229964 0.641898 0.229344 0.643871 0.229795 0.646237 0.231034
0 0.656551 0.230806 0.657735 0.233736 0.657397 0.235934 0.656777 0.237005 0.654128 0.238526 0.652720 0.238695 0.651029 0.238582 0.649733 0.238075 0.648437 0.236328 0.648155 0.233680 0.648268 0.232271 0.648775 0.231144 0.650240 0.230299 0.651198 0.229736 0.652213 0.229116 0.654185 0.229567 0.656551 0.230806
0 0.667440 0.242599 0.668623 0.245530 0.668285 0.247727 0.667665 0.248798 0.665017 0.250319 0.663608 0.250488 0.661918 0.250376 0.660622 0.249868 0.659326 0.248122 0.659044 0.245473 0.659157 0.244064 0.659664 0.242937 0.661129 0.242092 0.662087 0.241529 0.663101 0.240909 0.665073 0.241360 0.667440 0.242599
0 0.666533 0.230983 0.667716 0.233913 0.667378 0.236111 0.666758 0.237181 0.664110 0.238703 0.662701 0.238872 0.661010 0.238759 0.659714 0.238252 0.658418 0.236505 0.658136 0.233857 0.658249 0.232448 0.658756 0.231321 0.660221 0.230476 0.661179 0.229912 0.662194 0.229292 0.664166 0.229743 0.666533 0.230983
0 0.670892 0.141160 0.672075 0.144091 0.671737 0.146288 0.671117 0.147359 0.668469 0.148880 0.667060 0.149049 0.665369 0.148937 0.664073 0.148429 0.662777 0.146683 0.662496 0.144034 0.662608 0.142625 0.663115 0.141498 0.664581 0.140653 0.665538 0.140090 0.666553 0.139470 0.668525 0.139921 0.670892 0.141160
0 0.735392 0.231440 0.741817 0.233643 0.737595 0.247136 0.730802 0.245392 0.735392 0.231440
0 0.747150 0.236043 0.753299 0.238338 0.750362 0.246048 0.749995 0.250362 0.743570 0.249719 0.743478 0.246231 0.747150 0.236043
4 0.393980 0.900019 0.395152 0.905290 0.391638 0.909156 0.387655 0.909625 0.384023 0.907164 0.383437 0.902479 0.386717 0.897910 0.390935 0.897559 0.393980 0.900019
4 0.378042 0.929463 0.379565 0.933094 0.378628 0.936374 0.375231 0.938834 0.371248 0.938717 0.368905 0.935437 0.370311 0.930986 0.373474 0.928526 0.378042 0.929463
