0 0.512289 0.728364 0.530961 0.715232 0.555993 0.749909 0.535680 0.763040 0.512289 0.728364
0 0.542857 0.771858 0.555327 0.765434 0.565404 0.784832 0.554445 0.791635 0.542857 0.771858
0 0.528288 0.762659 0.530893 0.761266 0.533135 0.762720 0.533498 0.766234 0.532529 0.767931 0.530711 0.768294 0.527924 0.767446 0.527197 0.765204 0.528288 0.762659
0 0.533983 0.767204 0.537195 0.767991 0.538952 0.769991 0.538952 0.771506 0.537316 0.773081 0.533983 0.774353 0.532771 0.773687 0.531923 0.770051 0.532529 0.767931 0.533983 0.767204
0 0.537316 0.773081 0.539442 0.772465 0.541865 0.773555 0.543501 0.775131 0.543744 0.776464 0.542803 0.778131 0.540494 0.778773 0.538217 0.779180 0.536584 0.778674 0.535150 0.776949 0.535370 0.774803 0.537316 0.773081
0 0.494891 0.757777 0.500391 0.759872 0.501700 0.764323 0.499081 0.767466 0.493844 0.766680 0.490963 0.762752 0.492624 0.759503 0.494891 0.757777
4 0.472894 0.797058 0.479965 0.794963 0.483893 0.798629 0.484416 0.802295 0.481012 0.806747 0.475775 0.807271 0.471323 0.803866 0.471061 0.800724 0.472894 0.797058
0 0.427590 0.746516 0.436494 0.738398 0.444612 0.731327 0.479965 0.769037 0.462419 0.783964 0.427590 0.746516
0 0.470585 0.753037 0.473608 0.752281 0.475750 0.753793 0.475875 0.755934 0.474994 0.757950 0.471719 0.757824 0.469577 0.756564 0.469577 0.755430 0.470585 0.753037
0 0.535994 0.672581 0.547583 0.672581 0.547583 0.681525 0.536372 0.681021 0.535994 0.672581
0 0.535027 0.596900 0.544671 0.596489 0.554930 0.597310 0.554520 0.623984 0.545492 0.623369 0.533591 0.622958 0.535027 0.596900
0 0.442758 0.555064 0.446779 0.554987 0.449254 0.556920 0.449486 0.560323 0.447011 0.561715 0.443686 0.561715 0.441443 0.559549 0.441598 0.557848 0.442758 0.555064
0 0.496741 0.560970 0.493526 0.564828 0.485327 0.556951 0.470536 0.569651 0.473591 0.573510 0.462131 0.584231 0.444331 0.564989 0.450923 0.559523 0.446779 0.554987 0.471179 0.534282 0.496741 0.560970
0 0.470536 0.569651 0.485327 0.556951 0.493526 0.564828 0.499866 0.572539 0.485380 0.586774 0.473591 0.573510 0.470536 0.569651
0 0.394050 0.552080 0.398584 0.554095 0.406394 0.539357 0.420250 0.548175 0.401859 0.580170 0.395577 0.575792 0.390070 0.572232 0.384854 0.568329 0.394050 0.552080
0 0.391742 0.450614 0.407455 0.439092 0.440974 0.478635 0.426048 0.491205 0.391742 0.450614
0 0.352861 0.496586 0.364646 0.490563 0.367526 0.495800 0.356004 0.502347 0.352861 0.496586
0 0.375644 0.506275 0.387691 0.514655 0.382453 0.523821 0.369883 0.515702 0.375644 0.506275
0 0.330864 0.505489 0.338196 0.497371 0.346315 0.504442 0.339244 0.512298 0.330864 0.505489
0 0.317564 0.531538 0.326922 0.525857 0.349315 0.547581 0.340626 0.556605 0.317564 0.531538
0 0.318567 0.555268 0.331936 0.554934 0.330599 0.596044 0.314222 0.596044 0.318567 0.555268
3 0.301758 0.440199 0.311404 0.432965 0.318478 0.444701 0.309796 0.451292 0.301758 0.440199
0 0.429915 0.582798 0.435362 0.575973 0.445968 0.584811 0.439234 0.591966 0.429915 0.582798
0 0.332464 0.684364 0.339414 0.654758 0.333131 0.652949 0.339509 0.631434 0.346173 0.633053 0.345030 0.638098 0.350647 0.639336 0.347220 0.651807 0.360453 0.656281 0.351599 0.689791 0.332464 0.684364
