0 -0.000000 0.020385 0.017336 0.019873 0.016459 0.035314 -0.000000 0.035841 -0.000000 0.020385
0 0.008401 0.104700 0.006684 0.073405 0.005912 0.064763 0.021096 0.063763 0.022235 0.069353 0.026720 0.069017 0.028246 0.076649 0.038169 0.075886 0.037215 0.061766 0.049045 0.061002 0.050954 0.077603 0.054198 0.077413 0.056678 0.095731 0.025766 0.097258 0.025957 0.103555 0.008401 0.104700
0 0.035961 0.151418 0.033672 0.122986 0.074316 0.121078 0.078895 0.147602 0.035961 0.151418
0 0.079299 0.148769 0.080308 0.162720 0.064613 0.163546 0.063970 0.149595 0.079299 0.148769
0 0.012062 0.154801 0.034938 0.154950 0.037928 0.170200 0.012062 0.170051 0.012062 0.154801
0 0.006462 0.201145 0.005890 0.190460 0.019629 0.190460 0.019629 0.200382 0.006462 0.201145
0 0.007261 0.204695 0.018624 0.202001 0.021670 0.211724 0.010190 0.213481 0.007261 0.204695
0 0.009487 0.216410 0.002224 0.217230 0.001191 0.210908 0.007930 0.210342 0.009487 0.216410
0 0.007812 0.209854 0.001673 0.210290 0.001003 0.207295 0.007027 0.206804 0.007812 0.209854
0 0.067410 0.235769 0.064869 0.214688 0.046628 0.216632 0.045432 0.200933 0.061430 0.199139 0.060832 0.194653 0.083258 0.192112 0.086249 0.233676 0.067410 0.235769
0 0.046628 0.216632 0.064869 0.214688 0.067410 0.235769 0.053805 0.238460 0.053057 0.228891 0.046030 0.229639 0.045283 0.219472 0.046628 0.216632
0 0.036424 0.202383 0.044502 0.201649 0.045787 0.218354 0.037618 0.218721 0.036424 0.202383
0 -0.000000 0.258141 0.022788 0.256501 0.023374 0.268801 -0.000000 0.270793 -0.000000 0.258141
0 0.058426 0.283402 0.056041 0.258606 0.064960 0.258456 0.065220 0.255287 0.080332 0.254115 0.082909 0.287384 0.086775 0.286916 0.088298 0.299685 0.083846 0.299802 0.059714 0.301559 0.058426 0.283402
0 0.083846 0.299802 0.085369 0.309056 0.061354 0.309759 0.059714 0.301559 0.083846 0.299802
0 0.007827 0.354076 0.020947 0.350094 0.026102 0.362394 0.012161 0.367197 0.007827 0.354076
0 0.057131 0.380702 0.059523 0.380104 0.076119 0.375021 0.082398 0.387281 0.090771 0.384889 0.097200 0.399840 0.081053 0.404774 0.082398 0.407614 0.067447 0.413146 0.057131 0.380702
0 0.059523 0.380104 0.057580 0.374423 0.074325 0.369639 0.076119 0.375021 0.059523 0.380104
0 0.002410 0.389972 0.030351 0.381795 0.036126 0.397217 0.023091 0.402231 0.025734 0.406568 0.036648 0.402980 0.042330 0.416136 0.030518 0.419426 0.032013 0.424808 0.015268 0.430041 0.002410 0.389972
0 0.040535 0.400438 0.053094 0.396252 0.057131 0.408362 0.046067 0.412698 0.040535 0.400438
0 -0.000000 0.530422 0.009017 0.527412 0.017794 0.555844 -0.000000 0.561950 -0.000000 0.530422
0 0.026763 0.523977 0.079619 0.509093 0.086107 0.528938 0.066071 0.535235 0.041265 0.544395 0.039547 0.540960 0.032678 0.542868 0.026763 0.523977
0 0.041265 0.544395 0.066071 0.535235 0.072559 0.552791 0.064735 0.555271 0.063018 0.551073 0.059774 0.552027 0.056149 0.553554 0.054813 0.548783 0.044699 0.552218 0.041265 0.544395
0 0.054170 0.590704 0.051479 0.581734 0.048788 0.582780 0.046545 0.577547 0.063589 0.571567 0.068075 0.585322 0.054170 0.590704
0 0.093192 0.488589 0.116217 0.482608 0.115918 0.479917 0.126982 0.476478 0.137597 0.509371 0.101715 0.521331 0.093192 0.488589
0 0.132065 0.473937 0.145222 0.469601 0.146717 0.472441 0.154043 0.470049 0.152548 0.467209 0.166602 0.462873 0.172284 0.477076 0.160921 0.482010 0.168396 0.508025 0.144774 0.515501 0.132065 0.473937
0 0.212754 0.445456 0.229200 0.439625 0.230546 0.441718 0.238918 0.438130 0.238470 0.434691 0.249982 0.433345 0.257159 0.466985 0.234284 0.474610 0.228602 0.457267 0.218136 0.460108 0.212754 0.445456
0 0.183400 0.505368 0.192670 0.502827 0.197006 0.516432 0.188185 0.519273 0.183400 0.505368
0 0.133015 0.528692 0.144378 0.525851 0.146770 0.533925 0.135856 0.536915 0.133015 0.528692
0 0.255276 0.414899 0.275310 0.409068 0.279945 0.421926 0.260060 0.428953 0.255276 0.414899
0 0.246155 0.418786 0.254229 0.416244 0.256621 0.424168 0.248996 0.426411 0.246155 0.418786
0 0.279197 0.409367 0.314930 0.399499 0.324798 0.434186 0.313884 0.438073 0.308501 0.424767 0.304465 0.426411 0.305661 0.429401 0.297886 0.431195 0.295643 0.428803 0.286374 0.432242 0.279197 0.409367
0 0.286374 0.432242 0.295643 0.428803 0.297886 0.431195 0.305661 0.429401 0.304465 0.426411 0.308501 0.424767 0.313884 0.438073 0.290112 0.446147 0.286374 0.432242
0 0.291756 0.462294 0.318369 0.454370 0.315379 0.445848 0.329582 0.440615 0.340198 0.475600 0.297886 0.489206 0.291756 0.462294
0 0.310033 0.498460 0.332931 0.491209 0.330450 0.483576 0.345143 0.478424 0.350868 0.497506 0.353348 0.496552 0.359264 0.512580 0.319192 0.526128 0.310033 0.498460
0 0.310033 0.498460 0.307361 0.487774 0.328733 0.480905 0.330450 0.483576 0.332931 0.491209 0.310033 0.498460
0 0.358882 0.519259 0.373384 0.551126 0.333312 0.567154 0.331213 0.565819 0.328924 0.560094 0.330450 0.553988 0.332931 0.552652 0.330832 0.547882 0.333503 0.541394 0.348578 0.536242 0.343807 0.525938 0.358882 0.519259
0 0.368232 0.554942 0.379299 0.583565 0.343616 0.597113 0.340563 0.589671 0.333694 0.592342 0.327779 0.578794 0.336556 0.573260 0.356974 0.564864 0.354684 0.560094 0.368232 0.554942
0 0.382162 0.588335 0.396091 0.617912 0.394565 0.622682 0.353539 0.637948 0.341708 0.606844 0.354684 0.601120 0.358500 0.610470 0.364034 0.607989 0.361935 0.603791 0.373193 0.600357 0.369377 0.593296 0.382162 0.588335
0 0.361354 0.670619 0.355373 0.650734 0.368979 0.646099 0.369278 0.641913 0.380491 0.637428 0.381837 0.639371 0.384976 0.638325 0.383332 0.633690 0.397386 0.629055 0.406356 0.655518 0.361354 0.670619
0 0.369706 0.671144 0.403099 0.660076 0.408442 0.675723 0.410160 0.675532 0.413594 0.686409 0.380201 0.698240 0.369706 0.671144
0 0.380201 0.698240 0.370088 0.702247 0.360929 0.675342 0.369706 0.671144 0.380201 0.698240
0 0.368752 0.711597 0.397184 0.703010 0.395276 0.698431 0.409778 0.694042 0.413594 0.704728 0.416647 0.703583 0.421609 0.718657 0.376194 0.732587 0.368752 0.711597
0 0.385353 0.744990 0.406534 0.737548 0.404244 0.731060 0.419319 0.725527 0.428669 0.748616 0.392032 0.762164 0.385353 0.744990
0 0.388406 0.783345 0.405771 0.777811 0.402145 0.767316 0.407297 0.762355 0.415312 0.762355 0.427524 0.757775 0.438591 0.796893 0.395276 0.808342 0.388406 0.783345
0 0.366960 0.770397 0.375043 0.768171 0.377035 0.775903 0.369186 0.778246 0.366960 0.770397
4 0.376332 0.749545 0.383829 0.746851 0.386523 0.753176 0.379260 0.756339 0.376332 0.749545
0 0.335534 0.741185 0.331551 0.727362 0.348771 0.722442 0.353457 0.736148 0.335534 0.741185
0 0.339517 0.720333 0.337525 0.712133 0.347951 0.709556 0.349825 0.717873 0.339517 0.720333
0 0.356543 0.731397 0.357981 0.728880 0.359635 0.727370 0.362943 0.727154 0.365748 0.728161 0.366539 0.731181 0.366467 0.733626 0.365245 0.735280 0.362728 0.736287 0.360858 0.736359 0.359419 0.735712 0.357837 0.734633 0.357190 0.732979 0.356543 0.731397
0 0.358125 0.726435 0.356902 0.726219 0.355608 0.725644 0.354169 0.724205 0.354961 0.721544 0.356327 0.720250 0.358269 0.719531 0.361002 0.719459 0.362368 0.720178 0.363159 0.722767 0.362728 0.724852 0.361505 0.726003 0.358125 0.726435
0 0.330250 0.800819 0.320182 0.762352 0.352032 0.752622 0.363597 0.788603 0.342578 0.795028 0.341293 0.791448 0.339457 0.792091 0.342211 0.797231 0.330250 0.800819
0 0.289661 0.802707 0.276654 0.760096 0.306855 0.751574 0.310892 0.761293 0.315826 0.760246 0.324497 0.789550 0.311789 0.792839 0.312836 0.794334 0.299081 0.797923 0.299828 0.799866 0.289661 0.802707
0 0.273365 0.741707 0.267683 0.716140 0.273963 0.714047 0.271571 0.701638 0.287120 0.698050 0.288615 0.704927 0.296389 0.702385 0.300725 0.705824 0.303865 0.705226 0.302519 0.699993 0.315826 0.697003 0.322853 0.725560 0.273365 0.741707
0 0.258655 0.673533 0.282507 0.665518 0.284988 0.674105 0.295292 0.671243 0.291666 0.660939 0.302161 0.658458 0.312275 0.685554 0.266097 0.700247 0.258655 0.673533
0 0.290502 0.619629 0.299089 0.652640 0.287831 0.656266 0.285541 0.647107 0.273138 0.650732 0.276954 0.661990 0.261689 0.666570 0.256918 0.654167 0.260734 0.653404 0.259017 0.643672 0.253674 0.645389 0.250240 0.632414 0.290502 0.619629
0 0.255773 0.626117 0.246805 0.592342 0.288785 0.577458 0.299089 0.611615 0.255773 0.626117
0 0.324412 0.651517 0.332612 0.649760 0.334721 0.657492 0.326872 0.659835 0.324412 0.651517
0 0.319280 0.626611 0.327802 0.624667 0.329745 0.631844 0.321074 0.634086 0.319280 0.626611
0 0.261697 0.551809 0.272708 0.534823 0.285126 0.541735 0.273060 0.560947 0.261697 0.551809
4 0.271265 0.565545 0.280285 0.552659 0.284971 0.555588 0.277122 0.568826 0.271265 0.565545
0 0.252998 0.507054 0.266737 0.503619 0.272271 0.522892 0.257196 0.525563 0.252998 0.507054
0 0.203515 0.583814 0.194245 0.545091 0.229380 0.536568 0.235809 0.558696 0.240294 0.574395 0.203515 0.583814
0 0.229380 0.536568 0.238201 0.534176 0.245677 0.555855 0.235809 0.558696 0.229380 0.536568
0 0.204113 0.592934 0.164642 0.602951 0.156269 0.561088 0.186172 0.553463 0.188863 0.564826 0.182733 0.566022 0.183929 0.575292 0.199926 0.572451 0.204113 0.592934
0 0.131899 0.624630 0.129507 0.608932 0.144458 0.607138 0.143112 0.599961 0.131750 0.602802 0.127115 0.578880 0.154475 0.573797 0.163595 0.617603 0.131899 0.624630
0 0.083167 0.639546 0.071505 0.594693 0.091390 0.589012 0.093931 0.596637 0.105145 0.593796 0.110378 0.612335 0.116508 0.610541 0.119199 0.627735 0.096174 0.635360 0.097370 0.638051 0.083167 0.639546
0 0.042882 0.650030 0.032769 0.609004 0.060437 0.602707 0.063109 0.614347 0.057003 0.615874 0.060819 0.629040 0.073985 0.625415 0.078183 0.639344 0.042882 0.650030
0 0.063109 0.614347 0.070932 0.612248 0.073985 0.625415 0.060819 0.629040 0.057003 0.615874 0.063109 0.614347
0 0.079290 0.740630 0.073445 0.717007 0.067357 0.718955 0.064435 0.704343 0.079047 0.700203 0.077342 0.695332 0.095851 0.690948 0.107297 0.732106 0.079290 0.740630
0 0.111437 0.728697 0.102426 0.689731 0.127024 0.683886 0.130433 0.699716 0.134817 0.698985 0.140175 0.722852 0.111437 0.728697
0 0.138545 0.669643 0.157436 0.664872 0.161061 0.678611 0.143315 0.683763 0.138545 0.669643
0 0.162970 0.666971 0.179081 0.663108 0.177207 0.659008 0.187633 0.655962 0.189039 0.659242 0.197590 0.657368 0.205087 0.680797 0.202627 0.682554 0.205322 0.693332 0.188804 0.697315 0.186696 0.690754 0.166898 0.696260 0.162212 0.680094 0.166404 0.678229 0.162970 0.666971
0 0.170963 0.732110 0.167337 0.716272 0.174398 0.715128 0.171917 0.704823 0.209508 0.697191 0.212180 0.707495 0.208554 0.708831 0.214088 0.724096 0.170963 0.732110
0 0.175851 0.748401 0.191848 0.744813 0.200071 0.742272 0.198875 0.738982 0.212929 0.735245 0.216518 0.748999 0.219059 0.748252 0.222199 0.760661 0.180187 0.771875 0.175851 0.748401
0 0.191848 0.744813 0.175851 0.748401 0.172562 0.739431 0.190054 0.735693 0.191848 0.744813
0 0.182579 0.810897 0.183177 0.789965 0.200969 0.789965 0.200371 0.785779 0.210089 0.784882 0.210238 0.788919 0.215322 0.788470 0.215488 0.783037 0.226798 0.782762 0.230422 0.782789 0.230273 0.788171 0.232216 0.788171 0.232216 0.809402 0.182579 0.810897
0 0.183177 0.789965 0.182280 0.779948 0.226385 0.776659 0.226798 0.782762 0.215488 0.783037 0.215322 0.788470 0.210238 0.788919 0.210089 0.784882 0.200371 0.785779 0.200969 0.789965 0.183177 0.789965
0 0.081030 0.770124 0.089103 0.767582 0.096130 0.790009 0.086412 0.792849 0.081030 0.770124
0 0.090748 0.810043 0.087152 0.794509 0.098155 0.792136 0.093208 0.771760 0.118980 0.766489 0.127532 0.798352 0.118043 0.800930 0.118980 0.803390 0.107734 0.806670 0.107149 0.803976 0.090748 0.810043
0 0.121042 0.765895 0.141376 0.761410 0.143319 0.768587 0.147655 0.767689 0.149300 0.777707 0.147057 0.780996 0.147506 0.782940 0.152589 0.781295 0.156775 0.797891 0.142123 0.800582 0.142422 0.802525 0.135844 0.805067 0.131807 0.805815 0.121042 0.765895
0 0.154156 -0.000000 0.167704 -0.000000 0.176201 -0.000000 0.192009 -0.000000 0.195945 0.026178 0.168085 0.029231 0.157209 0.030185 0.154156 -0.000000
0 0.168085 0.029231 0.195945 0.026178 0.196899 0.030567 0.166940 0.034574 0.168085 0.029231
0 0.208348 0.009195 0.222850 0.007669 0.223995 0.016828 0.209111 0.018546 0.208348 0.009195
0 0.223688 0.011113 0.231582 0.010104 0.234060 0.033876 0.225065 0.034519 0.223688 0.011113
0 0.152918 0.113900 0.175816 0.113137 0.178488 0.160651 0.176452 0.160743 0.163877 0.161202 0.160360 0.161605 0.158370 0.137521 0.154148 0.137796 0.152918 0.113900
0 0.163877 0.161202 0.176452 0.160743 0.176819 0.174143 0.164703 0.174786 0.163877 0.161202
0 0.217701 0.159523 0.211404 0.140060 0.221327 0.138151 0.224189 0.147883 0.233730 0.145593 0.236783 0.154753 0.217701 0.159523
0 0.260635 0.186619 0.274946 0.180322 0.281434 0.196542 0.297654 0.190245 0.303187 0.203411 0.272847 0.214860 0.260635 0.186619
0 0.270271 0.244662 0.276186 0.241800 0.281911 0.254203 0.304237 0.245044 0.309007 0.249051 0.309961 0.259355 0.281529 0.270041 0.270271 0.244662
0 0.302329 0.227870 0.319693 0.221955 0.322937 0.229969 0.338775 0.224626 0.332478 0.207071 0.339156 0.202873 0.342019 0.204781 0.357093 0.243708 0.331142 0.252676 0.330379 0.256111 0.317212 0.260691 0.316831 0.259164 0.313396 0.260118 0.302329 0.227870
0 0.441142 0.222640 0.433700 0.197833 0.420990 0.171555 0.458982 0.158372 0.463097 0.170007 0.459510 0.173146 0.473962 0.211190 0.441142 0.222640
0 0.376526 0.177077 0.361427 0.131292 0.386998 0.121794 0.395035 0.137380 0.381153 0.142251 0.391382 0.171719 0.376526 0.177077
0 0.404789 0.116182 0.414656 0.113491 0.417347 0.122013 0.407779 0.124704 0.404789 0.116182
0 0.518232 0.109980 0.530635 0.105210 0.538650 0.123719 0.523957 0.129062 0.518232 0.109980
0 0.526056 0.131924 0.538650 0.126772 0.545710 0.143182 0.530063 0.148907 0.526056 0.131924
0 0.555983 0.122794 0.593211 0.109487 0.595753 0.119953 0.600387 0.135353 0.562860 0.149706 0.558973 0.134306 0.555983 0.122794
0 0.614101 0.021484 0.626886 0.016714 0.633183 0.032742 0.618872 0.037704 0.614101 0.021484
0 0.710296 0.139475 0.715529 0.136635 0.716725 0.138429 0.720463 0.137083 0.719267 0.135738 0.725546 0.132000 0.732573 0.144559 0.735414 0.143064 0.740647 0.145605 0.747973 0.143064 0.747076 0.140671 0.756644 0.135738 0.765166 0.149044 0.735862 0.161005 0.736759 0.164892 0.726742 0.170873 0.710296 0.139475
0 0.765826 0.132894 0.786160 0.136931 0.783170 0.151134 0.765166 0.149044 0.765826 0.132894
0 0.803353 0.123923 0.828471 0.114354 0.837143 0.133791 0.811876 0.143808 0.803353 0.123923
0 0.819756 0.141864 0.826916 0.139294 0.829853 0.145077 0.822510 0.148289 0.819756 0.141864
0 0.737207 0.141875 0.733729 0.143135 0.728313 0.128082 0.731934 0.126650 0.737207 0.141875
0 0.743574 0.139561 0.737666 0.141709 0.732383 0.126465 0.738457 0.124063 0.743574 0.139561
0 0.749766 0.137314 0.744033 0.139395 0.738916 0.123877 0.744541 0.121650 0.749766 0.137314
0 0.758511 0.134140 0.750225 0.137148 0.745000 0.121465 0.752637 0.118445 0.758511 0.134140
0 0.682857 0.064093 0.699453 0.059608 0.703041 0.070372 0.685848 0.075904 0.682857 0.064093
0 0.191749 0.292331 0.206551 0.298162 0.202066 0.313711 0.228978 0.322831 0.223745 0.341819 0.180686 0.329559 0.191749 0.292331
0 0.207149 0.304740 0.215425 0.307221 0.219642 0.296561 0.233817 0.301364 0.229426 0.321691 0.204308 0.313561 0.207149 0.304740
0 0.236277 0.309564 0.242017 0.304761 0.249046 0.303941 0.259003 0.328425 0.251506 0.329128 0.245414 0.334165 0.236277 0.309564
0 0.252560 0.289064 0.267438 0.284378 0.279855 0.321747 0.265681 0.325848 0.252560 0.289064
0 0.178358 0.470799 0.173873 0.457193 0.209756 0.448073 0.221717 0.483358 0.198393 0.490235 0.191067 0.467211 0.178358 0.470799
0 0.178372 0.472284 0.190396 0.469163 0.197372 0.491283 0.185531 0.496423 0.178372 0.472284
0 0.388703 0.408276 0.377340 0.373484 0.412015 0.362941 0.420684 0.389650 0.402410 0.395624 0.404401 0.402887 0.388703 0.408276
0 0.431813 0.357669 0.440365 0.355092 0.442825 0.362238 0.434976 0.364815 0.431813 0.357669
0 0.451517 0.365531 0.486054 0.355513 0.494875 0.387359 0.459291 0.398124 0.451517 0.365531
0 0.488147 0.350879 0.502051 0.346692 0.500706 0.342506 0.508630 0.341160 0.513264 0.337722 0.517750 0.339067 0.525674 0.336974 0.537336 0.379136 0.501902 0.388406 0.497267 0.375398 0.506686 0.372857 0.503995 0.362690 0.492183 0.365680 0.488147 0.350879
0 0.548438 0.365938 0.543653 0.348894 0.537075 0.350987 0.533786 0.334690 0.557408 0.329756 0.556063 0.327514 0.560847 0.324822 0.566529 0.324523 0.576097 0.358313 0.548438 0.365938
0 0.568921 0.323776 0.583274 0.318693 0.584470 0.321234 0.594637 0.317347 0.608392 0.365938 0.596431 0.369975 0.594338 0.363396 0.581779 0.366685 0.568921 0.323776
0 0.625809 0.347450 0.618557 0.322834 0.614550 0.323025 0.609398 0.310813 0.623900 0.305660 0.624854 0.308523 0.630197 0.306042 0.629052 0.303752 0.641074 0.299363 0.642219 0.302035 0.646417 0.300318 0.658820 0.335619 0.625809 0.347450
0 0.648516 0.298028 0.669088 0.292207 0.668639 0.290263 0.681796 0.286525 0.687029 0.299383 0.678058 0.301327 0.673424 0.300280 0.680224 0.325991 0.659655 0.333902 0.648516 0.298028
0 0.690617 0.285628 0.721118 0.271724 0.734125 0.305663 0.715137 0.313138 0.707213 0.293851 0.695402 0.298038 0.690617 0.285628
0 0.725902 0.269930 0.729191 0.265743 0.735471 0.265145 0.736069 0.266940 0.742348 0.264547 0.756701 0.258567 0.758047 0.262454 0.763280 0.274864 0.759841 0.276060 0.768961 0.298935 0.761186 0.302224 0.755057 0.301477 0.748627 0.306261 0.739956 0.309700 0.725902 0.269930
0 0.758047 0.262454 0.761934 0.260361 0.776437 0.295496 0.779247 0.295375 0.779875 0.298337 0.783015 0.296991 0.787949 0.309999 0.768512 0.317325 0.761186 0.302224 0.768961 0.298935 0.759841 0.276060 0.763280 0.274864 0.758047 0.262454
0 0.748627 0.306261 0.755057 0.301477 0.761186 0.302224 0.766120 0.319119 0.758944 0.318969 0.754907 0.323006 0.748627 0.306261
0 0.727779 0.310509 0.735553 0.308266 0.738394 0.316190 0.729722 0.319031 0.727779 0.310509
0 0.765766 0.254281 0.776680 0.249347 0.778773 0.253085 0.787594 0.249796 0.786249 0.247404 0.796116 0.243367 0.803143 0.258318 0.798509 0.260112 0.801798 0.268335 0.798957 0.269681 0.802695 0.278502 0.797462 0.280595 0.799854 0.286426 0.780885 0.294844 0.765766 0.254281
0 0.803085 0.287206 0.816386 0.282801 0.821481 0.296275 0.807403 0.301544 0.803085 0.287206
0 0.825166 0.314638 0.833213 0.311992 0.835748 0.319709 0.827260 0.322685 0.825166 0.314638
0 0.845496 0.321123 0.863631 0.315557 0.862733 0.313761 0.874764 0.309811 0.879432 0.322021 0.870454 0.325253 0.875482 0.336386 0.885358 0.333154 0.890565 0.349673 0.857885 0.364935 0.849985 0.347339 0.856449 0.345543 0.845496 0.321123
0 0.818203 0.387919 0.812637 0.373195 0.810482 0.360446 0.806352 0.348775 0.840289 0.335488 0.858604 0.372118 0.844778 0.381275 0.831849 0.386123 0.830772 0.382891 0.818203 0.387919
0 0.780496 0.403002 0.772057 0.385046 0.774571 0.384148 0.762720 0.357573 0.795399 0.341234 0.816228 0.387380 0.800427 0.394383 0.796297 0.383430 0.789653 0.385944 0.793963 0.397256 0.780496 0.403002
0 0.726955 0.374726 0.756402 0.360900 0.776692 0.403455 0.758377 0.412792 0.755684 0.406328 0.738446 0.414588 0.726057 0.388014 0.732700 0.385679 0.726955 0.374726
0 0.725159 0.347433 0.745269 0.338096 0.751374 0.352102 0.730187 0.360362 0.725159 0.347433
0 0.687231 0.359337 0.705545 0.350538 0.708957 0.358259 0.713266 0.366699 0.694233 0.375317 0.691001 0.366699 0.687231 0.359337
0 0.706413 0.339359 0.714349 0.336493 0.717105 0.344320 0.708507 0.347516 0.706413 0.339359
0 0.678868 0.386619 0.705740 0.374519 0.716854 0.401391 0.722622 0.398858 0.728531 0.413068 0.706302 0.422353 0.708131 0.425730 0.697298 0.430513 0.678868 0.386619
0 0.674929 0.385774 0.694063 0.428544 0.678165 0.435859 0.677180 0.433186 0.672115 0.435297 0.673381 0.437266 0.662970 0.442894 0.656358 0.441065 0.639616 0.398296 0.655373 0.390839 0.656780 0.393653 0.674929 0.385774
0 0.604952 0.412131 0.635622 0.400454 0.651660 0.438158 0.630979 0.448147 0.629994 0.446037 0.616347 0.452790 0.610157 0.436048 0.614518 0.434501 0.604952 0.412131
0 0.564996 0.464045 0.559369 0.450539 0.569639 0.446740 0.563449 0.429717 0.552053 0.433938 0.549520 0.423668 0.575407 0.413397 0.574563 0.412131 0.588772 0.406504 0.606358 0.447444 0.583848 0.458277 0.582582 0.456026 0.564996 0.464045
0 0.552053 0.433938 0.563449 0.429717 0.569639 0.446740 0.559369 0.450539 0.552053 0.433938
0 0.514320 0.425162 0.517732 0.422109 0.517373 0.419595 0.523298 0.414568 0.538202 0.427496 0.528326 0.437551 0.514320 0.425162
0 0.501728 0.450046 0.516272 0.453278 0.513938 0.463153 0.521659 0.464769 0.523993 0.454534 0.544642 0.458485 0.544642 0.461896 0.548951 0.462435 0.547156 0.473568 0.543744 0.472490 0.539973 0.499424 0.523634 0.496192 0.523454 0.490446 0.494545 0.484162 0.501728 0.450046
0 0.390717 0.420710 0.411545 0.409757 0.416932 0.419633 0.428783 0.416041 0.436324 0.423224 0.441352 0.439204 0.406877 0.452851 0.399695 0.435254 0.395385 0.435254 0.390717 0.420710
0 0.400592 0.462547 0.415316 0.457519 0.419446 0.467395 0.435965 0.462008 0.433811 0.458956 0.446020 0.454467 0.456076 0.482119 0.414239 0.497561 0.400592 0.462547
0 0.412982 0.503486 0.428603 0.498997 0.432015 0.511207 0.438300 0.509412 0.436504 0.505282 0.443686 0.503666 0.444404 0.506718 0.454819 0.503666 0.461642 0.525751 0.423935 0.538320 0.412982 0.503486
0 0.428603 0.498997 0.426987 0.494329 0.448534 0.486787 0.454819 0.503666 0.444404 0.506718 0.443686 0.503666 0.436504 0.505282 0.438300 0.509412 0.432015 0.511207 0.428603 0.498997
0 0.425565 0.565165 0.442084 0.558342 0.451242 0.581325 0.458604 0.578093 0.464350 0.592278 0.438493 0.602872 0.425565 0.565165
0 0.464709 0.547389 0.486076 0.540027 0.500620 0.581325 0.492002 0.584737 0.493618 0.587430 0.487333 0.590303 0.484999 0.586173 0.473687 0.590662 0.468659 0.573963 0.474405 0.571449 0.464709 0.547389
0 0.490386 0.540565 0.512112 0.533024 0.519474 0.552596 0.513548 0.554032 0.514805 0.558342 0.521988 0.556726 0.527374 0.570731 0.513548 0.574322 0.514626 0.577195 0.500620 0.581325 0.490386 0.540565
0 0.512307 0.526721 0.531145 0.520455 0.539249 0.551072 0.548024 0.549184 0.553051 0.563728 0.528586 0.571319 0.512307 0.526721
0 0.547912 0.545104 0.555545 0.542435 0.546786 0.515700 0.570281 0.507400 0.576753 0.526674 0.571688 0.528503 0.581114 0.553827 0.565920 0.559454 0.564935 0.556219 0.554383 0.560017 0.547912 0.545104
0 0.537430 0.664403 0.554308 0.663326 0.556283 0.682000 0.537609 0.683616 0.537430 0.664403
0 0.624366 0.505508 0.665158 0.490154 0.679595 0.527966 0.664699 0.532779 0.661491 0.522924 0.651637 0.525445 0.656449 0.538278 0.640179 0.542174 0.636283 0.530945 0.632616 0.531403 0.624366 0.505508
0 0.644304 0.546758 0.659658 0.541945 0.662408 0.550883 0.674095 0.547445 0.678679 0.560966 0.687845 0.557758 0.691512 0.568070 0.654158 0.581133 0.644304 0.546758
0 0.674095 0.547445 0.672720 0.544237 0.682804 0.541487 0.687845 0.557758 0.678679 0.560966 0.674095 0.547445
0 0.654331 0.583035 0.669055 0.577469 0.672287 0.585369 0.695809 0.577289 0.702453 0.592372 0.662950 0.608891 0.654331 0.583035
0 0.669055 0.608891 0.684856 0.602427 0.687011 0.607096 0.711071 0.597400 0.723281 0.628643 0.681085 0.645342 0.677315 0.631875 0.679110 0.630977 0.676596 0.623974 0.675160 0.624693 0.669055 0.608891
0 0.730128 0.593450 0.752919 0.586134 0.759324 0.602562 0.759672 0.604423 0.769380 0.600765 0.774022 0.613146 0.755592 0.618914 0.757843 0.623135 0.743212 0.628481 0.730128 0.593450
0 0.733786 0.612020 0.739976 0.627074 0.727877 0.632561 0.721827 0.616523 0.733786 0.612020
0 0.706266 0.541333 0.720092 0.535228 0.725838 0.550310 0.712730 0.556236 0.706266 0.541333
0 0.742178 0.558031 0.754567 0.553183 0.759775 0.565752 0.747206 0.570601 0.742178 0.558031
0 0.752919 0.586134 0.751695 0.582631 0.765996 0.577603 0.772693 0.597277 0.759324 0.602562 0.752919 0.586134
0 0.767755 0.577113 0.785060 0.571204 0.787311 0.566280 0.784075 0.561497 0.796174 0.556995 0.807710 0.588509 0.811087 0.586258 0.817699 0.602015 0.801239 0.608627 0.799691 0.606095 0.795048 0.607924 0.795189 0.611160 0.781120 0.614818 0.767755 0.577113
0 0.795960 0.532393 0.810070 0.527653 0.814590 0.541432 0.801141 0.545841 0.795960 0.532393
0 0.803294 0.557283 0.832416 0.545324 0.842686 0.569522 0.846766 0.567834 0.852113 0.581903 0.841561 0.585702 0.843390 0.589078 0.835371 0.593158 0.820176 0.598926 0.803294 0.557283
0 0.846626 0.543917 0.877155 0.532662 0.887988 0.555032 0.892631 0.557001 0.895867 0.565865 0.894038 0.572336 0.881235 0.577260 0.879969 0.574165 0.876311 0.574306 0.876874 0.579652 0.862664 0.584857 0.846626 0.543917
0 0.894691 0.541518 0.891033 0.528434 0.924798 0.516054 0.940555 0.556853 0.930144 0.563184 0.918185 0.565998 0.916638 0.562762 0.902569 0.567827 0.898208 0.554039 0.908759 0.548693 0.904961 0.537579 0.894691 0.541518
0 0.924657 0.505643 0.952795 0.493966 0.968411 0.529560 0.955468 0.536594 0.953358 0.540674 0.947027 0.542644 0.940133 0.544051 0.924657 0.505643
0 0.898996 0.474985 0.870266 0.487195 0.854824 0.449488 0.856261 0.448770 0.857697 0.442844 0.862725 0.440151 0.875114 0.435662 0.879244 0.440689 0.925570 0.420759 0.931495 0.435303 0.920004 0.439971 0.925390 0.454515 0.932034 0.451283 0.937062 0.461339 0.906896 0.474446 0.896661 0.449488 0.891275 0.452361 0.898996 0.474985
0 0.823325 0.485231 0.811225 0.450059 0.821074 0.444854 0.826420 0.443306 0.829937 0.444291 0.843162 0.439929 0.849352 0.454842 0.841051 0.457234 0.844146 0.464972 0.850055 0.462018 0.854698 0.473413 0.823325 0.485231
0 0.769582 0.465957 0.779289 0.462018 0.778867 0.459907 0.787027 0.457516 0.787871 0.459485 0.801237 0.454280 0.807005 0.469333 0.799970 0.471866 0.803628 0.482136 0.808974 0.479322 0.813476 0.492547 0.811788 0.493672 0.795328 0.498878 0.797860 0.504224 0.785902 0.508304 0.769582 0.465957
0 0.785902 0.508304 0.783510 0.510696 0.749604 0.526453 0.744539 0.513087 0.755935 0.508867 0.748197 0.489592 0.735113 0.494235 0.728219 0.479604 0.750870 0.471162 0.754528 0.465816 0.762969 0.464691 0.769582 0.465957 0.785902 0.508304
0 0.735113 0.494235 0.748197 0.489592 0.755935 0.508867 0.744539 0.513087 0.735113 0.494235
0 0.740600 0.516323 0.705146 0.530533 0.700363 0.517027 0.711196 0.513087 0.707116 0.503521 0.695017 0.509429 0.689909 0.493749 0.697831 0.491421 0.696784 0.488592 0.700926 0.486919 0.700295 0.484861 0.707116 0.482558 0.705620 0.479598 0.716824 0.475664 0.717949 0.479181 0.724562 0.475946 0.740600 0.516323
0 0.696921 0.686544 0.696628 0.692875 0.714457 0.693134 0.714887 0.686383 0.728631 0.687361 0.727497 0.716664 0.715760 0.716775 0.715826 0.710739 0.707957 0.710351 0.707387 0.720974 0.691406 0.719537 0.691406 0.705711 0.687097 0.705711 0.687815 0.694220 0.685840 0.694220 0.685553 0.686353 0.696921 0.686544
0 0.683271 0.746957 0.685100 0.725714 0.688477 0.725291 0.688477 0.721774 0.702546 0.722759 0.702405 0.730356 0.709580 0.730638 0.709721 0.726839 0.725056 0.727824 0.724211 0.749912 0.683271 0.746957
0 0.724243 0.790621 0.684081 0.788116 0.684686 0.770410 0.688832 0.770324 0.689177 0.765833 0.685204 0.765919 0.686413 0.748990 0.703601 0.749509 0.703255 0.754000 0.711633 0.754691 0.711288 0.760910 0.728044 0.761773 0.724243 0.790621
0 0.751187 0.775146 0.752031 0.744758 0.782420 0.745602 0.782420 0.767408 0.787063 0.766986 0.786781 0.784994 0.771446 0.783869 0.771446 0.780070 0.768632 0.779930 0.766803 0.779226 0.766890 0.776376 0.764385 0.776549 0.764385 0.780263 0.755489 0.779226 0.755403 0.775599 0.751187 0.775146
0 0.798530 0.747624 0.822561 0.747845 0.822120 0.771104 0.833695 0.770883 0.833915 0.785103 0.798676 0.784663 0.798530 0.747624
0 0.846259 0.741389 0.878579 0.741210 0.879118 0.753599 0.870319 0.752881 0.871038 0.761320 0.879297 0.761320 0.879656 0.768502 0.884504 0.768502 0.885402 0.785022 0.857930 0.784842 0.858109 0.788074 0.844104 0.788074 0.846259 0.741389
0 0.830913 0.723150 0.839776 0.723291 0.839776 0.730888 0.831475 0.730888 0.830913 0.723150
0 0.884374 0.737922 0.908854 0.735390 0.912090 0.760292 0.925737 0.759166 0.927847 0.772813 0.887891 0.778018 0.884374 0.737922
0 0.913148 0.759447 0.908817 0.729333 0.918088 0.727979 0.921471 0.758365 0.913148 0.759447
0 0.906517 0.728165 0.902925 0.704284 0.920343 0.701770 0.924472 0.726011 0.906517 0.728165
0 0.925689 0.727963 0.939941 0.726408 0.940631 0.729690 0.946418 0.729172 0.946073 0.727099 0.954278 0.726581 0.953328 0.723126 0.962310 0.722435 0.965420 0.746619 0.968529 0.745928 0.970861 0.761647 0.953673 0.764757 0.953587 0.761906 0.949873 0.762252 0.950391 0.765879 0.936831 0.767607 0.936486 0.765966 0.933031 0.766829 0.925689 0.727963
0 0.951457 0.716427 0.945267 0.696871 0.952442 0.694901 0.950331 0.688993 0.955678 0.687445 0.963556 0.712487 0.951457 0.716427
0 0.998759 0.742986 0.981711 0.750614 0.974676 0.735701 0.979741 0.733450 0.971018 0.712487 0.998759 0.700512 0.998759 0.742986
0 0.998759 0.648414 0.985104 0.655689 0.967000 0.615355 0.987712 0.605339 0.989365 0.608866 0.998759 0.605671 0.998759 0.648414
0 0.951106 0.663765 0.946064 0.652994 0.952481 0.650473 0.945835 0.635348 0.937585 0.639473 0.930023 0.625952 0.949821 0.617330 0.947710 0.613672 0.960654 0.608185 0.980069 0.649407 0.951106 0.663765
0 0.894108 0.638574 0.905082 0.633227 0.905926 0.634916 0.924919 0.626474 0.928155 0.627459 0.932235 0.637589 0.930546 0.640684 0.938706 0.660662 0.909162 0.674308 0.894108 0.638574
0 0.888762 0.635760 0.907192 0.676700 0.881446 0.689925 0.876100 0.677404 0.873568 0.678810 0.861609 0.650532 0.873568 0.645186 0.872583 0.643216 0.888762 0.635760
0 0.871840 0.696931 0.883511 0.691185 0.890514 0.703934 0.877945 0.709500 0.871840 0.696931
0 0.835754 0.704687 0.818674 0.663531 0.828780 0.658090 0.829816 0.660163 0.843492 0.652632 0.848979 0.666701 0.843070 0.669233 0.854888 0.694135 0.835754 0.704687
0 0.796381 0.721139 0.790050 0.705804 0.796100 0.703553 0.789769 0.683716 0.783579 0.686389 0.780062 0.674712 0.805526 0.667677 0.809043 0.682168 0.805385 0.683434 0.815796 0.713120 0.796381 0.721139
0 0.781540 0.723891 0.750479 0.728544 0.741935 0.682485 0.752983 0.680281 0.753415 0.682768 0.772382 0.678283 0.781540 0.723891
0 0.998759 0.944200 0.973859 0.955038 0.961110 0.925949 0.974757 0.919485 0.976732 0.923076 0.989301 0.915894 0.985351 0.909609 0.998759 0.903216 0.998759 0.944200
0 0.922506 0.916971 0.938307 0.910687 0.946207 0.937261 0.931483 0.943905 0.922506 0.916971
0 0.942616 0.874596 0.969191 0.866516 0.967575 0.862386 0.984453 0.857538 0.993790 0.893629 0.952133 0.906198 0.942616 0.874596
0 0.930047 0.861668 0.920351 0.834016 0.926097 0.831681 0.924660 0.828270 0.962727 0.817317 0.971345 0.849278 0.930047 0.861668
0 0.910934 0.876145 0.923737 0.870658 0.929927 0.889229 0.916421 0.893731 0.910934 0.876145
0 0.908683 0.894575 0.915999 0.895138 0.916562 0.903298 0.907558 0.903016 0.908683 0.894575
0 0.897287 0.878959 0.868728 0.884868 0.862397 0.844490 0.872667 0.841817 0.873230 0.843787 0.896162 0.838159 0.900382 0.855605 0.892645 0.857011 0.897287 0.878959
0 0.849172 0.839988 0.854237 0.874175 0.857754 0.873331 0.860427 0.886697 0.827506 0.892465 0.819909 0.847726 0.836229 0.845897 0.835244 0.842380 0.849172 0.839988
0 0.809870 0.839843 0.816342 0.885004 0.806400 0.885000 0.806924 0.895213 0.788306 0.896280 0.784828 0.860242 0.780185 0.860805 0.779200 0.844907 0.791721 0.844063 0.791159 0.840124 0.809870 0.839843
0 0.769712 0.840309 0.772944 0.853237 0.760734 0.856110 0.762171 0.878914 0.739546 0.880530 0.734339 0.843361 0.769712 0.840309
0 0.722129 0.837436 0.726080 0.853058 0.715127 0.854853 0.718718 0.876580 0.711535 0.877477 0.712254 0.881607 0.700582 0.884121 0.693580 0.844439 0.695555 0.844439 0.694837 0.840668 0.704712 0.838693 0.705431 0.841745 0.722129 0.837436
0 0.690348 0.839052 0.696093 0.874425 0.662696 0.879452 0.661798 0.855751 0.658566 0.855751 0.658207 0.839232 0.690348 0.839052
0 0.627859 0.832136 0.652761 0.831995 0.654308 0.847611 0.647696 0.847330 0.648259 0.871669 0.628421 0.871528 0.627859 0.832136
0 0.588466 0.873217 0.585652 0.837341 0.588607 0.836778 0.588325 0.831010 0.599158 0.830447 0.599158 0.832980 0.610273 0.832417 0.610695 0.836075 0.623779 0.835231 0.625186 0.850706 0.612102 0.850988 0.612946 0.855771 0.616604 0.855349 0.617870 0.877015 0.603660 0.878141 0.602957 0.871528 0.588466 0.873217
0 0.506336 0.883027 0.508849 0.857171 0.505079 0.855734 0.505617 0.844961 0.510286 0.842627 0.510465 0.834906 0.513338 0.833469 0.513698 0.829339 0.517468 0.829698 0.519623 0.831674 0.529139 0.834906 0.533269 0.836162 0.529319 0.891466 0.513698 0.889491 0.514057 0.884284 0.506336 0.883027
0 0.467910 0.875845 0.470963 0.833469 0.490175 0.834008 0.489637 0.839035 0.495203 0.838856 0.495383 0.852682 0.489457 0.852143 0.488380 0.876383 0.467910 0.875845
0 0.430203 0.893262 0.430203 0.847834 0.442593 0.847654 0.442593 0.851964 0.458573 0.852143 0.458035 0.867226 0.452109 0.867765 0.452109 0.892903 0.430203 0.893262
0 0.392137 0.900444 0.394292 0.854657 0.406142 0.854836 0.406142 0.858966 0.427869 0.859505 0.428587 0.874947 0.420507 0.874049 0.419609 0.901342 0.392137 0.900444
0 0.350839 0.899008 0.352275 0.857709 0.388007 0.858069 0.387827 0.871176 0.375079 0.871715 0.374720 0.899367 0.350839 0.899008
0 0.375079 0.871715 0.387827 0.871176 0.387827 0.898649 0.374720 0.899367 0.375079 0.871715
0 0.374361 0.905831 0.389982 0.905472 0.390162 0.920375 0.374540 0.920734 0.374361 0.905831
0 0.480639 0.922497 0.484410 0.889818 0.500390 0.890716 0.499133 0.900771 0.505238 0.901130 0.505777 0.892511 0.530017 0.895025 0.525708 0.933450 0.509548 0.931655 0.510625 0.925729 0.480639 0.922497
0 0.503263 0.941171 0.532531 0.941890 0.530556 0.957152 0.505059 0.955716 0.503263 0.941171
0 0.630882 0.906307 0.651531 0.901998 0.653506 0.911515 0.656558 0.932164 0.663741 0.931266 0.665716 0.946887 0.653685 0.949940 0.654583 0.955506 0.644349 0.957122 0.643810 0.952095 0.637166 0.954609 0.630882 0.906307
0 0.653506 0.911515 0.659431 0.910617 0.663741 0.931266 0.656558 0.932164 0.653506 0.911515
0 0.668768 0.906846 0.688161 0.904871 0.688699 0.908103 0.696600 0.907205 0.698216 0.920852 0.689956 0.921929 0.692290 0.933241 0.698754 0.931446 0.700370 0.947247 0.687981 0.947606 0.689058 0.953890 0.671462 0.955686 0.670205 0.943296 0.672898 0.943117 0.668768 0.906846
0 0.714196 0.909899 0.739155 0.906307 0.741051 0.914815 0.739150 0.915419 0.739582 0.919392 0.741742 0.919133 0.742692 0.925611 0.740878 0.926129 0.741482 0.929411 0.744074 0.929066 0.744419 0.933125 0.742087 0.932953 0.742432 0.935112 0.744505 0.935285 0.746146 0.950140 0.736559 0.951522 0.736991 0.954200 0.731377 0.953854 0.731032 0.951522 0.716867 0.952904 0.714196 0.909899
0 0.750465 0.909538 0.780989 0.905767 0.787274 0.950656 0.766625 0.954966 0.766266 0.949220 0.753158 0.951195 0.750106 0.934317 0.753876 0.934137 0.750465 0.909538
0 0.785119 0.907383 0.816721 0.902894 0.819774 0.929289 0.826058 0.928571 0.828931 0.944372 0.816542 0.945988 0.817619 0.949220 0.805050 0.949938 0.805768 0.951913 0.793199 0.953350 0.785119 0.907383
0 0.832343 0.914386 0.866818 0.909178 0.869332 0.922107 0.859277 0.924441 0.861970 0.935035 0.874539 0.932341 0.876155 0.948142 0.866459 0.950297 0.863047 0.955145 0.857302 0.955504 0.852633 0.957300 0.847426 0.957479 0.839346 0.958198 0.832343 0.914386
0 0.877771 0.913667 0.906500 0.913667 0.909194 0.934137 0.916915 0.933957 0.916915 0.949938 0.894650 0.950477 0.894829 0.952811 0.879567 0.953170 0.877771 0.913667
0 0.480189 0.945297 0.495772 0.938651 0.504022 0.962026 0.489814 0.968901 0.480189 0.945297
0 0.510897 0.977838 0.521668 0.976463 0.527150 0.998985 0.517458 0.998985 0.510897 0.977838
4 0.543848 0.993180 0.560168 0.992195 0.560658 0.998985 0.545285 0.998985 0.543848 0.993180
0 0.421021 0.998985 0.417806 0.991627 0.445944 0.983608 0.447632 0.988954 0.460576 0.985437 0.465026 0.998985 0.421021 0.998985
0 0.410758 0.973267 0.404593 0.953351 0.422549 0.947605 0.424524 0.953889 0.418778 0.955685 0.422728 0.969870 0.410758 0.973267
0 0.457767 0.930143 0.457336 0.927725 0.459754 0.926170 0.462604 0.925997 0.464677 0.927034 0.465368 0.930316 0.464591 0.932734 0.461913 0.933080 0.459409 0.933080 0.458458 0.931957 0.457767 0.930143
0 0.380959 0.988513 0.399390 0.988935 0.399390 0.998985 0.379292 0.998986 0.380959 0.988513
0 0.365343 0.988372 0.365624 0.973881 0.377583 0.973881 0.378427 0.988935 0.365343 0.988372
0 0.320761 0.998986 0.317735 0.990233 0.329130 0.987278 0.332756 0.998986 0.320761 0.998986
0 0.279327 0.986424 0.301555 0.986142 0.304033 0.998986 0.281149 0.998986 0.279327 0.986424
0 0.315605 0.920883 0.340366 0.922009 0.340507 0.929606 0.316449 0.928621 0.315605 0.920883
0 0.263128 0.907377 0.272273 0.906252 0.273680 0.916803 0.265098 0.917225 0.263128 0.907377
0 0.262143 0.939032 0.277338 0.940720 0.275227 0.957321 0.259329 0.955070 0.262143 0.939032
0 0.267898 0.904934 0.241683 0.906011 0.242401 0.896854 0.236655 0.896674 0.237014 0.858428 0.248506 0.856633 0.251917 0.860224 0.268975 0.859326 0.270771 0.876025 0.267539 0.876025 0.267898 0.904934
0 0.270771 0.856812 0.280288 0.855735 0.285854 0.859685 0.303810 0.859685 0.304707 0.875307 0.302553 0.875127 0.303451 0.899547 0.271489 0.900624 0.270771 0.856812
0 0.305657 0.854907 0.316349 0.854063 0.316772 0.858283 0.343924 0.856736 0.344487 0.871930 0.329574 0.871367 0.329434 0.895988 0.306642 0.895847 0.305657 0.854907
0 0.153672 0.901990 0.151380 0.876552 0.148401 0.876782 0.148401 0.862115 0.163297 0.861198 0.163068 0.855927 0.172464 0.853407 0.178651 0.852490 0.183464 0.856386 0.185984 0.858219 0.188964 0.897177 0.153672 0.901990
0 0.175464 0.904461 0.197370 0.902486 0.197190 0.918646 0.176003 0.920980 0.175464 0.904461
0 0.144046 0.909763 0.145148 0.907007 0.147684 0.905574 0.150770 0.905794 0.153305 0.907778 0.154187 0.910755 0.152975 0.912739 0.148014 0.914613 0.145810 0.913290 0.144377 0.911637 0.144046 0.909763
0 0.112803 0.910818 0.101970 0.867346 0.128841 0.859748 0.133766 0.878179 0.126590 0.880008 0.129967 0.894358 0.134610 0.893092 0.137142 0.905331 0.112803 0.910818
0 0.036175 0.956541 0.052155 0.953309 0.055208 0.965160 0.038868 0.968572 0.036175 0.956541
0 0.037136 0.982823 0.046837 0.981059 0.049703 0.994066 0.040223 0.995940 0.037136 0.982823
0 0.081438 0.998990 0.076493 0.994684 0.083496 0.988758 0.082239 0.982474 0.086549 0.979241 0.097142 0.992708 0.090492 0.998989 0.081438 0.998990
0 0.108227 0.998989 0.105783 0.986729 0.137309 0.980996 0.139734 0.993453 0.118203 0.998989 0.108227 0.998989
4 -0.000000 0.615506 0.007686 0.644737 -0.000000 0.647430 -0.000000 0.615506
0 0.917929 0.894948 0.924840 0.893074 0.927418 0.901509 0.929643 0.900454 0.931635 0.907483 0.921795 0.909826 0.917929 0.894948
0 0.878579 0.741210 0.884028 0.741011 0.884504 0.768502 0.879656 0.768502 0.879297 0.761320 0.871038 0.761320 0.870319 0.752881 0.879118 0.753599 0.878579 0.741210
0 0.784435 0.719526 0.792146 0.718425 0.793522 0.726227 0.786179 0.727604 0.784435 0.719526
4 -0.000000 0.432799 -0.000000 0.419633 0.005999 0.430551 -0.000000 0.432799
0 0.094150 0.762488 0.094150 0.755803 0.110861 0.751458 0.113535 0.754132 0.112866 0.758477 0.108522 0.761151 0.104511 0.759480 0.094150 0.762488
0 0.159992 0.743437 0.167011 0.741431 0.170687 0.752461 0.163334 0.754466 0.159992 0.743437
0 0.166008 0.777194 0.178040 0.777194 0.178375 0.784546 0.166008 0.785215 0.166008 0.777194
0 0.473801 0.500810 0.488728 0.496359 0.493966 0.515213 0.484015 0.519665 0.474849 0.524379 0.471968 0.516261 0.478253 0.514428 0.473801 0.500810
0 0.494609 0.521482 0.501418 0.519387 0.501418 0.516768 0.507964 0.515721 0.509274 0.521482 0.504036 0.522530 0.505084 0.527767 0.495395 0.530909 0.493561 0.523839 0.494609 0.521482
4 0.551525 0.567648 0.556873 0.581017 0.532474 0.588704 0.528130 0.575335 0.550523 0.566645 0.551525 0.567648
0 0.665304 0.365610 0.668970 0.372419 0.654567 0.380014 0.651425 0.371895 0.665304 0.365610
0 0.677612 0.368491 0.682064 0.377919 0.676041 0.380799 0.668970 0.372419 0.677612 0.368491
0 0.851686 0.513509 0.857033 0.526210 0.842996 0.533563 0.833303 0.509164 0.848678 0.502146 0.851686 0.508830 0.849012 0.509833 0.851686 0.513509
0 0.848178 0.718919 0.848964 0.734893 0.840322 0.734893 0.839275 0.720228 0.848178 0.718919
0 0.852811 0.715055 0.856914 0.715260 0.857325 0.722647 0.851990 0.722237 0.852811 0.715055
4 0.914009 0.998990 0.914853 0.988018 0.932768 0.986738 0.933951 0.998990 0.914009 0.998990
0 0.455652 0.427563 0.464556 0.424683 0.467699 0.431230 0.459580 0.434896 0.455652 0.427563
0 0.283269 0.009176 0.285943 0.028227 0.277587 0.029564 0.274913 0.010847 0.283269 0.009176
0 0.788356 0.139102 0.789898 0.136017 0.792983 0.135091 0.796068 0.135091 0.798227 0.137559 0.797919 0.142804 0.796993 0.144963 0.793291 0.146197 0.788973 0.144963 0.787739 0.141878 0.788356 0.139102
0 0.079801 0.571199 0.081400 0.571732 0.082467 0.573331 0.081933 0.575064 0.080068 0.576130 0.076869 0.575197 0.075669 0.573331 0.076602 0.571465 0.077402 0.570799 0.079801 0.571199
0 0.352446 0.698914 0.354323 0.701435 0.355205 0.707854 0.354082 0.709539 0.350792 0.710020 0.349315 0.708352 0.346776 0.703628 0.347202 0.698945 0.350181 0.698945 0.352446 0.698914
0 0.589336 0.380964 0.592306 0.381707 0.593792 0.384677 0.593792 0.388391 0.592306 0.390247 0.588222 0.390247 0.584880 0.388762 0.584508 0.385420 0.585994 0.382449 0.587479 0.381335 0.589336 0.380964
4 0.657290 0.341603 0.657290 0.344945 0.656176 0.345687 0.654690 0.346430 0.652834 0.345687 0.652091 0.343459 0.652834 0.341603 0.655062 0.340489 0.657290 0.341603
0 0.743433 0.744579 0.743927 0.744905 0.744904 0.746534 0.744795 0.748271 0.743601 0.749140 0.743927 0.751420 0.740995 0.751963 0.737955 0.750986 0.737846 0.747402 0.738280 0.745774 0.740235 0.744362 0.743433 0.744579
