0 0.483743 0.142818 0.484661 0.116985 0.515385 0.116068 0.515843 0.128908 0.506977 0.129978 0.506366 0.141748 0.483743 0.142818
0 0.292436 0.200264 0.290296 0.165566 0.317810 0.163579 0.320562 0.198736 0.343490 0.198583 0.343949 0.210658 0.296869 0.212340 0.296716 0.201487 0.292436 0.200264
0 0.342724 0.184706 0.342265 0.170032 0.353577 0.169573 0.353271 0.162848 0.362289 0.162236 0.362595 0.168656 0.375282 0.168351 0.375588 0.183330 0.342724 0.184706
0 0.290648 0.119205 0.291936 0.097263 0.325710 0.096185 0.325470 0.095347 0.332865 0.095301 0.333018 0.116243 0.314370 0.117007 0.314064 0.118841 0.290648 0.119205
0 0.385464 0.118739 0.384089 0.103607 0.410991 0.101467 0.413131 0.114918 0.409004 0.116446 0.409004 0.118128 0.385464 0.118739
0 0.409243 0.049797 0.418251 0.048483 0.419753 0.062090 0.410275 0.063216 0.409243 0.049797
0 0.282935 0.057701 0.292397 0.056863 0.292876 0.071115 0.283893 0.071714 0.282935 0.057701
0 0.330565 0.229207 0.349061 0.227678 0.349214 0.269408 0.331177 0.270325 0.330565 0.229207
0 0.320453 0.249349 0.317825 0.246346 0.318951 0.242874 0.322423 0.240340 0.326365 0.240153 0.329274 0.241936 0.330681 0.246065 0.329461 0.249443 0.324863 0.251320 0.321297 0.250944 0.320453 0.249349
0 0.322423 0.240340 0.320077 0.238276 0.317731 0.233490 0.318576 0.230862 0.323080 0.227860 0.326083 0.228704 0.329461 0.230675 0.330025 0.236024 0.327209 0.238276 0.326365 0.240153 0.322423 0.240340
0 0.303379 0.266118 0.302421 0.263962 0.301942 0.258213 0.300984 0.258093 0.301104 0.250428 0.309847 0.250189 0.309727 0.266477 0.303379 0.266118
0 0.333472 0.292664 0.334550 0.278411 0.343532 0.278531 0.342814 0.292185 0.333472 0.292664
0 0.302242 0.315021 0.311344 0.314542 0.310745 0.335621 0.301164 0.335381 0.302242 0.315021
0 0.387949 0.159578 0.398484 0.156456 0.400630 0.193132 0.390680 0.194108 0.387949 0.159578
0 0.441342 0.205774 0.444216 0.200505 0.446732 0.201702 0.448648 0.194516 0.453199 0.194157 0.453798 0.202421 0.451522 0.202301 0.448169 0.209128 0.441342 0.205774
0 0.353000 0.160988 0.353376 0.153857 0.359475 0.153950 0.359100 0.161552 0.353000 0.160988
0 0.358068 0.153763 0.358068 0.146912 0.367827 0.146912 0.368390 0.154326 0.359475 0.153950 0.358068 0.153763
4 0.389869 0.125371 0.370913 0.125934 0.370913 0.119553 0.389212 0.119365 0.389869 0.125371
0 0.385271 0.116926 0.381705 0.119178 0.378327 0.118709 0.374761 0.116550 0.374291 0.112703 0.376074 0.109700 0.379828 0.107635 0.384332 0.108762 0.385271 0.116926
4 0.352774 0.106810 0.349772 0.107280 0.349959 0.103432 0.352399 0.102869 0.354464 0.105403 0.358499 0.104746 0.358780 0.113379 0.353901 0.113754 0.352774 0.106810
3 0.260543 0.102015 0.267369 0.101536 0.267729 0.116507 0.260782 0.115788 0.260543 0.102015
4 0.482808 0.152148 0.483371 0.149896 0.484403 0.150365 0.484685 0.145767 0.494632 0.150459 0.493881 0.154869 0.492192 0.156934 0.482808 0.152148
0 0.337938 0.196005 0.335779 0.195067 0.334466 0.191782 0.335592 0.187935 0.337844 0.186058 0.341410 0.186527 0.343287 0.190187 0.341597 0.193847 0.337938 0.196005
4 0.347885 0.191688 0.349386 0.189624 0.352483 0.190281 0.353140 0.197788 0.352108 0.198633 0.351263 0.200509 0.348729 0.201072 0.347885 0.191688
4 0.353421 0.189906 0.358395 0.189436 0.358770 0.195161 0.353609 0.195161 0.353421 0.189906
0 0.343005 0.179865 0.339815 0.180897 0.336061 0.179489 0.337187 0.176674 0.338782 0.173202 0.341504 0.173202 0.343005 0.179865
0 0.315698 0.162598 0.313633 0.160346 0.314196 0.156968 0.315322 0.155654 0.319264 0.154809 0.324049 0.159032 0.323486 0.161097 0.322923 0.162880 0.323017 0.165226 0.319451 0.165319 0.319076 0.163630 0.315698 0.162598
