0 0.401361 0.481830 0.396204 0.489367 0.396270 0.489404 0.386600 0.502804 0.386875 0.502998 0.383877 0.506656 0.209757 0.387416 0.218881 0.375515 0.228401 0.363614 0.401361 0.481830
0 0.166533 0.428068 0.331973 0.543431 0.327450 0.549892 0.328066 0.550303 0.319927 0.564064 0.317638 0.564413 0.315213 0.569071 0.140705 0.450381 0.149105 0.436165 0.159444 0.421949 0.166533 0.428068
0 0.449386 0.923818 0.448593 0.923818 0.433122 0.948413 0.357750 0.898826 0.349419 0.898032 0.258500 0.829602 0.262698 0.824260 0.262285 0.823984 0.272979 0.807891 0.273193 0.808040 0.277391 0.801743 0.449386 0.923818
0 0.204801 0.431824 0.207967 0.426709 0.229398 0.440835 0.225258 0.445949 0.204801 0.431824
0 0.204801 0.431824 0.225258 0.445949 0.221605 0.449358 0.202609 0.434990 0.204801 0.431824
0 0.223559 0.457191 0.231840 0.443065 0.246452 0.454999 0.237441 0.466201 0.223559 0.457191
0 0.223559 0.457191 0.237441 0.466201 0.234762 0.469124 0.222342 0.461574 0.223559 0.457191
0 0.065147 0.913606 0.063164 0.918366 0.063311 0.918496 0.051719 0.936895 0.049279 0.937805 -0.000000 0.904658 -0.000000 0.868615 0.065147 0.913606
4 0.271773 0.309284 0.277215 0.305067 0.285106 0.313910 0.278031 0.318127 0.271773 0.309284
4 0.278031 0.318127 0.285106 0.313910 0.284970 0.325745 0.277351 0.325473 0.278031 0.318127
0 0.319532 0.595096 0.329872 0.599999 0.325502 0.608740 0.314736 0.602984 0.319532 0.595096
0 0.310930 0.624145 0.313434 0.625879 0.313627 0.627613 0.308040 0.634163 0.305535 0.632044 0.305535 0.630695 0.310930 0.624145
0 0.018766 0.795287 0.022416 0.798221 0.022416 0.800046 0.018766 0.804479 0.015638 0.802393 0.015377 0.799525 0.018766 0.795287
