0 0.941551 0.179601 0.955546 0.180573 0.954973 0.192317 0.940535 0.191390 0.941551 0.179601
0 0.920462 0.212194 0.966172 0.212378 0.965445 0.247498 0.964942 0.251310 0.922582 0.251813 0.919634 0.251885 0.920462 0.212194
0 0.969456 0.268774 0.978035 0.267079 0.986338 0.268532 0.986520 0.290254 0.978687 0.289634 0.969784 0.290254 0.969456 0.268774
0 0.998751 0.443958 0.979776 0.444530 0.979303 0.446560 0.970476 0.444473 0.972410 0.390622 0.995459 0.390152 0.995292 0.388532 0.998751 0.388379 0.998751 0.443958
0 0.927695 0.453416 0.935062 0.447393 0.943521 0.449965 0.954692 0.450457 0.954732 0.475959 0.954568 0.481637 0.927357 0.480280 0.927320 0.455468 0.927695 0.453416
0 0.779146 0.394141 0.874134 0.396917 0.873586 0.432172 0.778604 0.429678 0.779146 0.394141
0 0.855678 0.441636 0.855262 0.438810 0.856467 0.436401 0.860913 0.435362 0.864029 0.436193 0.865109 0.437107 0.866023 0.439849 0.866106 0.441885 0.866064 0.443671 0.864818 0.445541 0.861951 0.446330 0.858420 0.445873 0.856509 0.444918 0.855636 0.442799 0.855678 0.441636
0 0.768495 0.403919 0.768658 0.403430 0.772466 0.402584 0.774615 0.402747 0.775656 0.403072 0.776307 0.403919 0.776796 0.405123 0.777121 0.406523 0.776731 0.410787 0.774777 0.411568 0.772531 0.411471 0.771587 0.411113 0.770578 0.410820 0.768918 0.409778 0.768560 0.408769 0.768137 0.407206 0.768169 0.405969 0.768495 0.403919
0 0.770741 0.414308 0.772786 0.413293 0.774863 0.412919 0.775611 0.413251 0.777232 0.414207 0.777740 0.415633 0.777599 0.418742 0.777522 0.420937 0.775154 0.422100 0.770875 0.422100 0.769338 0.419566 0.769589 0.416337 0.769712 0.414954 0.770741 0.414308
0 0.768837 0.423872 0.769898 0.423024 0.772390 0.422706 0.775041 0.423024 0.776261 0.423766 0.777692 0.426523 0.777692 0.431083 0.776844 0.432621 0.776049 0.433788 0.771807 0.434053 0.770481 0.433682 0.768625 0.432356 0.767989 0.430659 0.768201 0.427849 0.768837 0.423872
0 0.834251 0.340445 0.861335 0.340152 0.861725 0.346109 0.861628 0.347932 0.834317 0.348420 0.834121 0.346858 0.834251 0.340445
0 0.955124 0.332933 0.963488 0.333119 0.963618 0.337058 0.962414 0.337091 0.962219 0.339044 0.955562 0.339320 0.955124 0.332933
0 0.968268 0.404938 0.970034 0.405156 0.971210 0.406463 0.971733 0.409600 0.970557 0.412999 0.968694 0.413452 0.964863 0.413026 0.963586 0.408344 0.965289 0.405364 0.968268 0.404938
