0 0.404090 -0.000000 0.433321 -0.000000 0.434045 0.017095 0.423816 0.016608 0.422112 0.030490 0.400924 0.028542 0.404090 -0.000000
0 0.398128 0.001370 0.403048 0.005353 0.397776 0.009688 0.392856 0.005002 0.398128 0.001370
0 0.465968 0.026762 0.526648 0.031914 0.525884 0.050996 0.464250 0.046226 0.465968 0.026762
0 0.508457 0.077804 0.520171 0.078507 0.520171 0.093384 0.508105 0.092564 0.508457 0.077804
0 0.465464 0.098070 0.484559 0.098304 0.484559 0.113884 0.464762 0.114353 0.465464 0.098070
0 0.388792 0.062653 0.416452 0.065045 0.414508 0.080893 0.386550 0.077753 0.388792 0.062653
2 0.367854 0.171128 0.381641 0.172324 0.379317 0.201061 0.365905 0.200480 0.367854 0.171128
4 0.370270 0.109346 0.374253 0.105715 0.380462 0.109463 0.376245 0.115789 0.371793 0.113915 0.370270 0.109346
0 0.374283 0.069434 0.377588 0.066772 0.380433 0.070260 0.377312 0.073381 0.374283 0.069434
2 0.449408 0.241077 0.443692 0.247955 0.453258 0.252602 0.432234 0.281917 0.413287 0.267846 0.415333 0.265153 0.405668 0.257474 0.412181 0.250289 0.411021 0.249367 0.424874 0.229661 0.434415 0.236721 0.438884 0.233027 0.449408 0.241077
0 0.455120 0.224553 0.450586 0.231436 0.441533 0.226543 0.446818 0.218975 0.455120 0.224553
3 0.398569 0.329959 0.400761 0.318999 0.415130 0.321435 0.413181 0.332394 0.398569 0.329959
0 0.376651 0.342866 0.423166 0.345788 0.421705 0.368437 0.375920 0.366733 0.376651 0.342866
0 0.425206 0.340372 0.443905 0.340588 0.443473 0.348211 0.425062 0.347564 0.425206 0.340372
0 0.448992 0.317814 0.463311 0.317906 0.463587 0.333602 0.448717 0.333143 0.448992 0.317814
0 0.393767 0.018462 0.399390 0.017291 0.400327 0.022797 0.394704 0.024320 0.393767 0.018462
3 0.379851 0.124715 0.389584 0.125019 0.388976 0.135360 0.379851 0.135360 0.379851 0.124715
4 0.444798 0.014480 0.449838 0.013981 0.449838 0.018872 0.444798 0.018872 0.444798 0.014480
