0 0.757785 0.608090 0.740494 0.558165 0.767526 0.549154 0.784818 0.599323 0.757785 0.608090
0 0.747800 0.591530 0.731239 0.605168 0.724907 0.596157 0.741711 0.583249 0.747800 0.591530
0 0.724907 0.638532 0.745608 0.631470 0.749748 0.643890 0.730752 0.651196 0.724907 0.638532
0 0.719793 0.662399 0.730752 0.654606 0.747800 0.653388 0.760220 0.696617 0.746544 0.702833 0.733800 0.706874 0.719793 0.662399
0 0.792746 0.637424 0.801567 0.631593 0.812482 0.629799 0.822499 0.657757 0.803810 0.663887 0.792746 0.637424
0 0.819509 0.629500 0.833712 0.625613 0.839394 0.646843 0.825639 0.651777 0.819509 0.629500
0 0.834759 0.652108 0.844580 0.651466 0.845039 0.657340 0.848251 0.657157 0.849169 0.671751 0.836870 0.672302 0.834759 0.652108
0 0.818921 0.578270 0.839255 0.571093 0.851814 0.609368 0.832377 0.615797 0.818921 0.578270
0 0.882684 0.627870 0.873191 0.632401 0.867582 0.618808 0.876571 0.614781 0.882684 0.627870
0 0.925348 0.675961 0.893291 0.687791 0.894054 0.690654 0.872301 0.697332 0.858181 0.653253 0.862188 0.647147 0.883941 0.639323 0.884895 0.642186 0.887376 0.641232 0.891574 0.653635 0.915998 0.645048 0.925348 0.675961
0 0.832802 0.618911 0.834098 0.616826 0.835901 0.616319 0.839056 0.616150 0.840690 0.616713 0.841367 0.618516 0.841479 0.620883 0.840634 0.623644 0.839113 0.624264 0.836239 0.624264 0.834267 0.623701 0.833309 0.622405 0.832914 0.621052 0.832802 0.618911
0 0.822490 0.613952 0.830717 0.613389 0.831393 0.617840 0.822941 0.618291 0.822490 0.613952
