0 0.242153 0.669987 0.250152 0.636042 0.259126 0.637017 0.260686 0.630384 0.285462 0.636237 0.281756 0.657891 0.285462 0.657891 0.281561 0.677400 0.242153 0.669987
0 0.236451 0.623492 0.238792 0.610616 0.264544 0.614713 0.260686 0.630384 0.236451 0.623492
0 0.247961 0.597053 0.255181 0.561199 0.278586 0.563689 0.269871 0.601784 0.247961 0.597053
0 0.247961 0.597053 0.246454 0.598185 0.241563 0.597573 0.239729 0.594516 0.239881 0.589931 0.246607 0.589013 0.249358 0.591153 0.247961 0.597053
0 0.303203 0.466446 0.307177 0.450244 0.331176 0.454677 0.332398 0.449632 0.342181 0.451619 0.343098 0.461096 0.338360 0.474395 0.321699 0.471032 0.320781 0.474853 0.312986 0.473325 0.312374 0.469656 0.303203 0.466446
0 0.327477 0.439507 0.327358 0.431483 0.344724 0.434357 0.344005 0.442022 0.327477 0.439507
4 0.215185 0.363563 0.232763 0.366314 0.226344 0.399178 0.209377 0.395968 0.215185 0.363563
0 0.216053 0.413782 0.211830 0.411717 0.211455 0.408808 0.212581 0.405430 0.216428 0.404304 0.218399 0.405055 0.220745 0.407401 0.220932 0.410591 0.219150 0.412937 0.216053 0.413782
0 0.230223 0.415002 0.226938 0.411342 0.227689 0.408433 0.232475 0.405712 0.236041 0.406462 0.237073 0.409559 0.235196 0.412937 0.233507 0.415283 0.230223 0.415002
0 0.305740 0.358108 0.308556 0.350413 0.316907 0.353885 0.313905 0.360829 0.305740 0.358108
0 0.247582 0.322156 0.258720 0.321796 0.258960 0.331857 0.247103 0.331976 0.247582 0.322156
0 0.326842 0.266019 0.335708 0.267547 0.334332 0.276260 0.325619 0.275190 0.326842 0.266019
0 0.288561 0.159567 0.296631 0.162288 0.294379 0.170546 0.285652 0.168012 0.288561 0.159567
4 0.430853 -0.000000 0.421363 0.010625 0.409882 -0.000000 0.430853 -0.000000
0 0.403909 0.002368 0.406912 0.000491 0.414701 0.004620 0.412636 0.016444 0.402783 0.014754 0.403909 0.002368
0 0.382678 -0.000000 0.398091 -0.000000 0.395933 0.011282 0.381294 0.008655 0.382678 -0.000000
0 0.243031 0.666214 0.237693 0.667874 0.236379 0.665622 0.236473 0.662619 0.235535 0.662056 0.234503 0.665059 0.233095 0.666185 0.229341 0.665528 0.227089 0.662150 0.227652 0.658302 0.229717 0.656332 0.233283 0.656519 0.235066 0.657833 0.235253 0.659053 0.237036 0.659991 0.238632 0.658490 0.242291 0.658490 0.243980 0.659710 0.243879 0.663052 0.243031 0.666214
0 0.216684 0.637121 0.225944 0.639215 0.222306 0.655309 0.212385 0.653215 0.216684 0.637121
0 0.222306 0.655309 0.220298 0.663541 0.213264 0.661994 0.215233 0.653834 0.222306 0.655309
