4 0.758293 0.998986 0.771051 0.993270 0.765198 0.979613 0.783146 0.970444 0.789194 0.980979 0.798982 0.998986 0.758293 0.998986
0 0.545443 0.950592 0.553348 0.945083 0.559696 0.955982 0.551551 0.960533 0.545443 0.950592
0 0.577998 0.891558 0.585802 0.883364 0.577413 0.875366 0.589899 0.865416 0.614870 0.897411 0.599263 0.908921 0.592825 0.899752 0.585412 0.905604 0.577998 0.891558
4 0.671702 0.857377 0.675655 0.852706 0.691584 0.864323 0.687032 0.869833 0.671702 0.857377
0 0.627713 0.779359 0.641317 0.772327 0.670207 0.816808 0.655686 0.824910 0.638260 0.796631 0.637955 0.793116 0.627713 0.779359
0 0.594420 0.796159 0.605731 0.785001 0.613221 0.794936 0.609247 0.799980 0.607259 0.798452 0.601757 0.803955 0.594420 0.796159
0 0.615800 0.810537 0.621908 0.806944 0.626100 0.813052 0.619872 0.817962 0.615800 0.810537
0 0.603555 0.842692 0.599483 0.846045 0.605471 0.852872 0.592057 0.865807 0.577206 0.851195 0.605112 0.828320 0.619604 0.843171 0.611100 0.851195 0.603555 0.842692
0 0.372264 0.877925 0.379929 0.876727 0.380048 0.874931 0.387953 0.874931 0.388192 0.871457 0.408313 0.872894 0.408553 0.870619 0.412864 0.870739 0.412864 0.874451 0.414182 0.874451 0.414301 0.883913 0.410948 0.883673 0.410469 0.892895 0.404840 0.891698 0.404361 0.895051 0.378491 0.892416 0.378611 0.890261 0.372024 0.890141 0.372264 0.877925
0 0.349225 0.762045 0.361321 0.726930 0.389023 0.735708 0.376147 0.771019 0.349225 0.762045
0 0.138442 0.792386 0.160291 0.791020 0.161267 0.779315 0.180190 0.779705 0.179605 0.795897 0.164193 0.794922 0.160877 0.822819 0.136686 0.820478 0.138442 0.792386
0 0.176423 0.708374 0.184677 0.708527 0.182996 0.721978 0.175659 0.721366 0.176423 0.708374
0 0.149673 0.727175 0.161749 0.728092 0.161137 0.739098 0.151966 0.738333 0.152883 0.733748 0.149215 0.733136 0.149673 0.727175
0 0.213148 0.382357 0.227363 0.384650 0.226752 0.398713 0.211925 0.397643 0.213148 0.382357
0 0.112895 0.388091 0.113480 0.373264 0.154253 0.378532 0.152107 0.392383 0.112895 0.388091
0 0.128454 0.321017 0.118993 0.288400 0.133185 0.284665 0.127956 0.271220 0.169039 0.263999 0.175762 0.289644 0.176819 0.305340 0.167145 0.306903 0.167047 0.312302 0.128454 0.321017
0 0.266314 0.345028 0.277778 0.342276 0.278695 0.354810 0.268148 0.356339 0.266314 0.345028
0 0.286515 0.275080 0.292263 0.274481 0.293102 0.295799 0.287473 0.295799 0.286515 0.275080
0 0.135931 0.266336 0.135332 0.266695 0.132578 0.264300 0.133416 0.260348 0.134374 0.257473 0.128745 0.254838 0.129464 0.252204 0.130062 0.250407 0.132937 0.248012 0.139284 0.249928 0.138925 0.256994 0.139644 0.257833 0.142159 0.262024 0.140362 0.264420 0.135931 0.266336
0 0.139969 0.211145 0.134580 0.211624 0.131705 0.207792 0.132663 0.204798 0.134580 0.201684 0.137215 0.201085 0.138891 0.201085 0.141885 0.204319 0.142125 0.208870 0.139969 0.211145
0 0.144375 0.211692 0.142125 0.208870 0.141885 0.204319 0.143624 0.203622 0.145313 0.202684 0.148410 0.202214 0.151037 0.203716 0.152163 0.206719 0.150474 0.209534 0.149067 0.211974 0.144375 0.211692
0 0.119552 0.195147 0.124223 0.172391 0.120390 0.171433 0.122546 0.154546 0.141589 0.155025 0.140511 0.166163 0.146380 0.166522 0.146380 0.173589 0.155003 0.173589 0.155362 0.164367 0.169375 0.165325 0.166381 0.198380 0.119552 0.195147
0 0.246191 0.182829 0.279746 0.177951 0.281892 0.198436 0.246972 0.200972 0.246191 0.182829
0 0.214230 0.190301 0.240037 0.186331 0.241067 0.193463 0.236287 0.193978 0.237023 0.201110 0.216509 0.203242 0.216582 0.199566 0.215406 0.199639 0.215038 0.195742 0.214450 0.195889 0.214230 0.190301
0 0.241067 0.193463 0.242774 0.192653 0.245712 0.194323 0.246000 0.199969 0.244502 0.201467 0.240585 0.201179 0.238453 0.200200 0.237301 0.197261 0.238223 0.194208 0.241067 0.193463
0 0.205513 0.083943 0.224926 0.081191 0.227525 0.107788 0.208112 0.110692 0.205513 0.083943
0 0.228046 0.095155 0.231049 0.093185 0.234427 0.094217 0.236492 0.098533 0.233395 0.103413 0.230205 0.103132 0.227296 0.101536 0.226451 0.097501 0.228046 0.095155
0 0.231853 0.093159 0.227000 0.092939 0.225603 0.090292 0.225971 0.087130 0.226853 0.084851 0.229280 0.084116 0.233324 0.084704 0.234721 0.085954 0.235015 0.089851 0.234426 0.092057 0.231853 0.093159
0 0.136102 0.086887 0.131670 0.084252 0.132389 0.080060 0.135862 0.077306 0.134545 0.060539 0.138497 0.060539 0.137419 0.053712 0.166522 0.052394 0.167840 0.063772 0.185805 0.062934 0.189158 0.082216 0.136102 0.086887
4 0.204768 0.090287 0.190879 0.091789 0.190598 0.085314 0.205513 0.083943 0.206105 0.090170 0.204768 0.090287
0 0.194886 0.248364 0.201797 0.247922 0.202827 0.256525 0.196356 0.256378 0.194886 0.248364
0 0.403327 0.813710 0.414706 0.773390 0.429142 0.781194 0.422119 0.793874 0.416526 0.818290 0.403327 0.813710
4 0.125213 0.998987 0.126466 0.988605 0.148630 0.991356 0.147956 0.998987 0.125213 0.998987
4 0.159551 0.998987 0.160495 0.991834 0.174388 0.993391 0.174083 0.998987 0.159551 0.998987
4 0.178345 0.992241 0.178063 0.983326 0.189324 0.983796 0.188761 0.992898 0.178345 0.992241
4 0.118240 0.991916 0.116833 0.987130 0.117302 0.984221 0.119085 0.983658 0.122276 0.984503 0.124528 0.987881 0.122276 0.990227 0.118240 0.991916
4 0.054562 0.998989 0.055666 0.989650 0.059640 0.990108 0.061169 0.986593 0.113598 0.991942 0.113197 0.998988 0.054562 0.998989
4 0.129071 0.365011 0.139956 0.368431 0.138712 0.373096 0.126583 0.369675 0.129071 0.365011
0 0.435002 0.815928 0.443790 0.808492 0.446494 0.813224 0.437706 0.820322 0.435002 0.815928
0 0.356916 0.773826 0.366316 0.776806 0.364482 0.781392 0.355541 0.777723 0.356916 0.773826
0 0.180243 0.307733 0.179229 0.303846 0.208634 0.299959 0.211845 0.316690 0.222830 0.315169 0.227562 0.330885 0.185989 0.338659 0.180243 0.307733
0 0.201706 0.290833 0.209986 0.289650 0.212183 0.297424 0.203734 0.298438 0.201706 0.290833
0 0.206438 0.286270 0.212690 0.280862 0.220126 0.287453 0.214042 0.293030 0.206438 0.286270
0 0.218098 0.280017 0.225196 0.277651 0.231449 0.284918 0.224858 0.289481 0.218098 0.280017
0 0.142386 0.249589 0.141927 0.247755 0.184340 0.237897 0.189383 0.256925 0.146283 0.267471 0.142386 0.249589
