0 0.428225 0.765662 0.452424 0.728372 0.471862 0.740670 0.479399 0.730356 0.500821 0.743843 0.477019 0.780736 0.471186 0.777788 0.464508 0.788474 0.428225 0.765662
0 0.383624 0.734900 0.391292 0.721292 0.405542 0.701779 0.440125 0.722724 0.418206 0.756332 0.383624 0.734900
0 0.325864 0.702381 0.344617 0.671695 0.363369 0.680463 0.345377 0.711409 0.325864 0.702381
0 0.342964 0.669137 0.347299 0.659765 0.358193 0.664919 0.354210 0.674174 0.342964 0.669137
0 0.355265 0.656953 0.373260 0.627485 0.386894 0.634110 0.369556 0.665271 0.361094 0.659886 0.355265 0.656953
0 0.305328 0.675442 0.333593 0.630479 0.348074 0.639155 0.335368 0.660490 0.320883 0.684451 0.305328 0.675442
0 0.508948 0.641728 0.518663 0.607575 0.532801 0.611409 0.531494 0.615328 0.537919 0.616980 0.536551 0.621906 0.546204 0.625462 0.539485 0.651124 0.532783 0.648520 0.526758 0.646782 0.508948 0.641728
0 0.539485 0.651124 0.546204 0.625462 0.586506 0.637491 0.581817 0.653811 0.579005 0.653595 0.575986 0.662835 0.539485 0.651124
0 0.550401 0.557506 0.539741 0.550914 0.545262 0.541490 0.556125 0.547965 0.550401 0.557506
0 0.494980 0.525021 0.503203 0.512761 0.512570 0.518819 0.504347 0.531014 0.494980 0.525021
0 0.443415 0.579419 0.411930 0.561291 0.448758 0.496222 0.473755 0.510724 0.449726 0.552711 0.456595 0.557481 0.443415 0.579419
0 0.328664 0.610522 0.329809 0.594684 0.351372 0.596402 0.350608 0.612430 0.328664 0.610522
0 0.407090 0.619681 0.419684 0.596020 0.433423 0.602317 0.428271 0.613384 0.449834 0.623498 0.444491 0.634374 0.423501 0.623498 0.421402 0.627314 0.407090 0.619681
0 0.418282 0.573000 0.421284 0.570395 0.424010 0.571294 0.425284 0.573423 0.424622 0.576414 0.421505 0.577944 0.418679 0.576046 0.418282 0.573000
0 0.412674 0.567867 0.414083 0.566233 0.416788 0.566233 0.418534 0.567529 0.418929 0.569670 0.417464 0.571812 0.414703 0.572206 0.412618 0.570797 0.412674 0.567867
0 0.453384 0.711362 0.458340 0.705304 0.463021 0.708424 0.458248 0.714299 0.453384 0.711362
0 0.397923 0.682882 0.399434 0.680221 0.402239 0.680293 0.404468 0.682091 0.404756 0.684249 0.403102 0.685975 0.399506 0.685615 0.397923 0.682882
0 0.428380 0.628921 0.428484 0.631845 0.428066 0.632367 0.427544 0.632784 0.426604 0.632993 0.425978 0.632993 0.425038 0.632993 0.424203 0.632680 0.423576 0.632158 0.422636 0.631114 0.422532 0.630696 0.422427 0.630383 0.422532 0.629338 0.422741 0.628085 0.423681 0.627354 0.425456 0.626832 0.427231 0.627667 0.428380 0.628921
0 0.432243 0.629756 0.433497 0.630278 0.433497 0.630383 0.434019 0.630487 0.434436 0.631009 0.434854 0.631636 0.434959 0.632053 0.435376 0.632576 0.435585 0.632993 0.435481 0.633724 0.435272 0.634455 0.435063 0.635082 0.434436 0.635291 0.432348 0.635082 0.431826 0.634977 0.430886 0.634664 0.430677 0.634455 0.430364 0.633933 0.430155 0.633411 0.430155 0.632993 0.429946 0.632262 0.429946 0.631531 0.430364 0.631218 0.430573 0.630696 0.430782 0.630278 0.431304 0.629965 0.431721 0.629965 0.432243 0.629756
0 0.439136 0.633620 0.440389 0.634037 0.441329 0.634977 0.441746 0.635499 0.441955 0.636753 0.442164 0.637275 0.441851 0.638423 0.441224 0.638737 0.439344 0.639259 0.439031 0.639259 0.437674 0.639050 0.437256 0.638528 0.436943 0.638215 0.436525 0.637588 0.436212 0.637275 0.436212 0.636544 0.436212 0.636022 0.436212 0.635395 0.436316 0.634977 0.436734 0.634664 0.436943 0.634455 0.437465 0.634142 0.437883 0.634142 0.439136 0.633620
0 0.458820 0.491578 0.460841 0.496294 0.459157 0.497978 0.458146 0.499662 0.453431 0.498315 0.448758 0.496222 0.449726 0.491578 0.453768 0.489894 0.456125 0.489894 0.458820 0.491578
0 0.404486 0.679957 0.403251 0.679546 0.402634 0.679340 0.402223 0.678722 0.401811 0.678002 0.401502 0.677488 0.401297 0.676973 0.400988 0.676356 0.400988 0.675533 0.401194 0.675018 0.401399 0.674504 0.401914 0.673681 0.403149 0.673578 0.403766 0.673681 0.404280 0.673886 0.404795 0.674092 0.405721 0.674504 0.406030 0.674812 0.406544 0.675327 0.406956 0.675944 0.407367 0.676562 0.407367 0.677179 0.407059 0.677899 0.407059 0.678517 0.406338 0.679134 0.406235 0.679237 0.405618 0.679648 0.404486 0.679957
