0 0.205964 0.591285 0.207090 0.574488 0.217899 0.574761 0.216005 0.593725 0.206433 0.594100 0.206527 0.591473 0.205964 0.591285
0 0.208779 0.561014 0.211174 0.540893 0.222665 0.541634 0.219917 0.561219 0.208779 0.561014
0 0.208678 0.519536 0.223309 0.463546 0.238526 0.466862 0.224285 0.522852 0.208678 0.519536
0 0.228339 0.464193 0.225740 0.458996 0.227116 0.450895 0.230479 0.447991 0.235597 0.446442 0.240882 0.447273 0.243840 0.450050 0.244910 0.453188 0.243930 0.461289 0.239956 0.465416 0.238526 0.466862 0.228339 0.464193
0 0.232182 0.417580 0.229312 0.414403 0.227668 0.409481 0.228472 0.403783 0.231273 0.400324 0.235585 0.398767 0.239657 0.398767 0.244464 0.401833 0.246532 0.405564 0.246921 0.409740 0.245166 0.413019 0.241866 0.416963 0.237176 0.418531 0.232182 0.417580
0 0.259248 0.500571 0.262759 0.473649 0.286890 0.477340 0.286974 0.479654 0.287874 0.479159 0.289225 0.478844 0.290657 0.479306 0.291611 0.480014 0.292217 0.481257 0.292457 0.482893 0.292016 0.484426 0.290807 0.485324 0.288910 0.485282 0.287109 0.484471 0.285494 0.484964 0.284789 0.492047 0.290826 0.493327 0.290403 0.496867 0.292607 0.497644 0.292218 0.501382 0.286918 0.500862 0.285942 0.505480 0.259248 0.500571
0 0.322994 0.492142 0.323733 0.487650 0.317337 0.486452 0.318507 0.477510 0.322604 0.478096 0.323774 0.463659 0.319482 0.462879 0.320653 0.454685 0.312543 0.453345 0.316316 0.436247 0.358822 0.444066 0.349776 0.496884 0.336775 0.492764 0.322994 0.492142
0 0.729612 0.314506 0.731355 0.310523 0.747290 0.308780 0.748037 0.363059 0.744303 0.368287 0.730110 0.368038 0.729612 0.314506
0 0.734123 0.308092 0.730603 0.304865 0.729683 0.299172 0.730600 0.295351 0.735339 0.292293 0.739990 0.291374 0.744556 0.292898 0.746294 0.298034 0.746107 0.303469 0.743424 0.307655 0.738583 0.308764 0.734123 0.308092
0 0.555365 0.278594 0.553209 0.275839 0.552490 0.272845 0.554886 0.268533 0.559078 0.270090 0.561593 0.274282 0.560395 0.276678 0.555365 0.278594
0 0.402495 0.263301 0.403276 0.253742 0.493601 0.262716 0.492625 0.272471 0.402495 0.263301
0 0.409909 0.250621 0.411274 0.243403 0.495942 0.251011 0.495552 0.258229 0.409909 0.250621
0 0.196224 0.628406 0.198070 0.637995 0.187715 0.640426 0.185779 0.630161 0.196224 0.628406
0 0.329236 0.495597 0.340038 0.495888 0.340038 0.498422 0.337670 0.498422 0.337794 0.500458 0.338750 0.500541 0.339041 0.503865 0.329195 0.504280 0.329236 0.495597
0 0.560641 0.441338 0.561411 0.444885 0.559815 0.447620 0.556168 0.448076 0.554344 0.445341 0.554572 0.442149 0.557080 0.439870 0.560641 0.441338
