0 0.998729 0.418340 0.990488 0.423296 0.974282 0.421389 0.974044 0.418053 0.789821 0.397795 0.791727 0.386356 0.793157 0.363953 0.998729 0.387402 0.998729 0.418340
0 0.785578 0.435543 0.788438 0.416954 0.794158 0.416954 0.794873 0.419813 0.807742 0.422197 0.807027 0.433398 0.804882 0.436258 0.785578 0.435543
0 0.829925 0.434313 0.830217 0.429778 0.832265 0.427290 0.834167 0.427290 0.837679 0.428022 0.839142 0.431680 0.838996 0.434167 0.837386 0.436069 0.834753 0.436508 0.829925 0.434313
0 0.897519 0.437971 0.913028 0.439727 0.912736 0.442214 0.897519 0.441629 0.897519 0.437971
0 0.966469 0.437342 0.991016 0.439725 0.990777 0.459983 0.965992 0.457361 0.966469 0.437342
0 0.779061 0.488709 0.781862 0.471343 0.783729 0.457712 0.965986 0.476387 0.968219 0.473090 0.991187 0.475331 0.992308 0.487842 0.991374 0.494191 0.990067 0.509690 0.785359 0.489906 0.779061 0.488709
0 0.457317 0.991417 0.455975 0.998984 0.438110 0.998984 0.442936 0.987546 0.457317 0.991417
0 0.464571 0.944074 0.460276 0.963307 0.452807 0.963029 0.451790 0.968904 0.454113 0.969751 0.452994 0.974324 0.449167 0.973859 0.447763 0.977535 0.422743 0.971523 0.434133 0.935484 0.464571 0.944074
1 0.848603 0.365203 0.849116 0.361335 0.858686 0.362053 0.858056 0.365833 0.848603 0.365203
1 0.889542 0.365122 0.898684 0.365838 0.898287 0.368938 0.888827 0.368381 0.889542 0.365122
1 0.928370 0.370355 0.937647 0.370920 0.937647 0.373985 0.928128 0.373420 0.928370 0.370355
3 0.943224 0.516406 0.933817 0.515841 0.933723 0.511138 0.943506 0.511608 0.943224 0.516406
3 0.886008 0.512541 0.886102 0.507920 0.895626 0.508392 0.895438 0.512729 0.886008 0.512541
3 0.837727 0.506411 0.838764 0.502734 0.848477 0.503205 0.848383 0.506977 0.837727 0.506411
4 0.398942 0.943149 0.404158 0.944400 0.401654 0.955666 0.395395 0.955458 0.398942 0.943149
4 0.395395 0.955458 0.405618 0.955666 0.405410 0.965889 0.392892 0.965889 0.395395 0.955458
4 0.390180 0.967975 0.398733 0.968810 0.397690 0.978198 0.388302 0.976947 0.390180 0.967975
4 0.412443 0.975293 0.414231 0.975740 0.414976 0.978124 0.414231 0.979316 0.412890 0.980508 0.410655 0.980657 0.409314 0.979465 0.408718 0.977379 0.409165 0.975740 0.410953 0.974846 0.412443 0.975293
0 0.403503 0.983339 0.405738 0.983190 0.408420 0.982296 0.412145 0.983786 0.411102 0.991533 0.409016 0.993768 0.402907 0.992129 0.403503 0.983339
4 0.396000 0.983230 0.402223 0.984137 0.401186 0.990490 0.395481 0.989064 0.396000 0.983230
4 0.381155 0.998984 0.386205 0.995202 0.387603 0.988464 0.407311 0.994694 0.405404 0.998508 0.408417 0.998984 0.381155 0.998984
