0 0.253248 0.182359 0.226510 0.228482 0.191417 0.208762 0.218823 0.162305 0.253248 0.182359
0 0.208978 0.163824 0.212466 0.168543 0.210004 0.174494 0.206926 0.177982 0.199745 0.178597 0.193795 0.173878 0.193589 0.167723 0.196667 0.162593 0.203233 0.161362 0.208978 0.163824
3 0.337929 0.191582 0.322745 0.224822 0.302842 0.216204 0.308177 0.204303 0.300380 0.200405 0.308177 0.179886 0.319052 0.183990 0.337929 0.191582
0 0.296261 0.196833 0.298531 0.197623 0.300380 0.200405 0.301196 0.203841 0.298136 0.206703 0.294386 0.206111 0.291425 0.201867 0.292905 0.198116 0.296261 0.196833
0 0.388048 0.176100 0.391575 0.176477 0.394472 0.178115 0.395102 0.182524 0.391449 0.185043 0.386662 0.183784 0.385781 0.179249 0.388048 0.176100
0 0.384395 0.189830 0.386788 0.190208 0.389182 0.191971 0.389182 0.196632 0.385529 0.198270 0.381750 0.196380 0.381246 0.191845 0.384395 0.189830
1 0.370453 0.208655 0.377138 0.207319 0.385493 0.209412 0.371122 0.270153 0.356082 0.267145 0.370453 0.208655
0 0.343102 0.299670 0.361774 0.308903 0.356234 0.316905 0.351720 0.327985 0.346994 0.325478 0.343856 0.323980 0.332433 0.318136 0.336126 0.309108 0.343102 0.299670
0 0.374423 0.336851 0.382017 0.323496 0.388302 0.326638 0.392754 0.317734 0.407681 0.324281 0.412133 0.316163 0.421037 0.320615 0.429155 0.322186 0.434916 0.325591 0.433607 0.328733 0.449319 0.336851 0.443558 0.346279 0.444082 0.349159 0.440939 0.352040 0.436749 0.353349 0.430726 0.364872 0.374423 0.336851
4 0.494409 0.680465 0.495105 0.677372 0.496420 0.676753 0.500287 0.675670 0.504772 0.678686 0.504849 0.683171 0.502529 0.686342 0.499745 0.687270 0.495879 0.685182 0.494409 0.680465
