0 0.553887 0.998984 0.538442 0.997319 0.545615 0.935225 0.587473 0.937893 0.580611 0.998984 0.553887 0.998984
0 0.441026 0.992801 0.443346 0.973622 0.472423 0.976406 0.470258 0.995817 0.441026 0.992801
0 0.403320 0.961985 0.430067 0.963663 0.428488 0.987844 0.406972 0.986659 0.407465 0.975112 0.401840 0.974520 0.403320 0.961985
0 0.354431 0.984716 0.357688 0.962904 0.374171 0.964187 0.372098 0.986296 0.354431 0.984716
0 0.317769 0.932223 0.358926 0.935973 0.352937 0.983208 0.312745 0.979028 0.317769 0.932223
4 0.316883 0.930355 0.315483 0.951078 0.274745 0.947738 0.272351 0.937661 0.284066 0.933630 0.286082 0.924434 0.316883 0.930355
0 0.319356 0.929263 0.317962 0.920356 0.340199 0.921083 0.340017 0.929990 0.319356 0.929263
0 0.350057 0.933367 0.350389 0.928952 0.353665 0.926151 0.357558 0.926246 0.359694 0.927908 0.360881 0.932086 0.359409 0.933937 0.356988 0.934839 0.354092 0.934839 0.350057 0.933367
0 0.435591 0.901732 0.434406 0.886828 0.450691 0.886137 0.451185 0.901238 0.435591 0.901732
0 0.465384 0.890980 0.467904 0.862134 0.514007 0.865913 0.511740 0.895137 0.465384 0.890980
0 0.469986 0.854538 0.469908 0.842243 0.480039 0.842243 0.479807 0.854616 0.469986 0.854538
0 0.478230 0.855674 0.477806 0.859613 0.472837 0.859855 0.472777 0.855917 0.478230 0.855674
0 0.480503 0.849709 0.480633 0.844500 0.486688 0.844370 0.486590 0.849644 0.480503 0.849709
0 0.475126 0.894866 0.474435 0.901171 0.466403 0.900567 0.466575 0.894262 0.475126 0.894866
4 0.339011 0.824174 0.344633 0.832111 0.334932 0.838946 0.329200 0.830899 0.339011 0.824174
4 0.271684 0.826073 0.266415 0.818213 0.274966 0.812340 0.280148 0.820200 0.271684 0.826073
4 0.473259 0.698887 0.479910 0.705796 0.471705 0.712533 0.465313 0.705710 0.473259 0.698887
0 0.226726 0.952927 0.229058 0.935653 0.243828 0.937294 0.241755 0.954655 0.226726 0.952927
0 0.182212 0.948647 0.185623 0.898550 0.210582 0.900525 0.210043 0.905553 0.222612 0.908785 0.217225 0.954213 0.195140 0.952058 0.195499 0.949724 0.182212 0.948647
0 0.181285 0.909210 0.180676 0.910563 0.182571 0.913541 0.180202 0.915030 0.180135 0.920714 0.175262 0.920241 0.175533 0.916180 0.173909 0.914759 0.175194 0.901630 0.182503 0.902239 0.181285 0.909210
0 0.170938 0.881008 0.175429 0.887486 0.168606 0.891372 0.164460 0.884635 0.170938 0.881008
0 0.155537 0.960000 0.154935 0.965554 0.142920 0.964341 0.143408 0.958945 0.155537 0.960000
0 0.156230 0.953682 0.155596 0.959512 0.143447 0.958457 0.144141 0.950820 0.156230 0.953682
0 0.156982 0.946816 0.156289 0.953193 0.144189 0.950332 0.144727 0.944414 0.156982 0.946816
0 0.155707 0.940972 0.157581 0.941303 0.157031 0.946328 0.144775 0.943926 0.145124 0.940090 0.155707 0.940972
0 0.156794 0.940646 0.156628 0.934955 0.165934 0.934955 0.166640 0.940812 0.156794 0.940646
0 0.151677 0.911888 0.160826 0.913431 0.156196 0.930958 0.147378 0.929746 0.151677 0.911888
0 0.222211 0.906737 0.216825 0.905480 0.219518 0.886806 0.244836 0.890397 0.241783 0.909969 0.222211 0.906737
