0 0.183279 0.479684 0.253149 0.488303 0.247916 0.520313 0.178970 0.512618 0.183279 0.479684
0 0.178277 0.299123 0.204482 0.303120 0.198264 0.352570 0.206407 0.353458 0.203594 0.375074 0.170578 0.371669 0.178277 0.299123
3 0.251475 0.365721 0.270748 0.355895 0.273961 0.365721 0.295502 0.355328 0.302871 0.371768 0.286810 0.380460 0.295124 0.396899 0.277362 0.408237 0.269426 0.391608 0.264513 0.393687 0.251475 0.365721
0 0.219321 0.379782 0.225244 0.378597 0.230722 0.380966 0.233090 0.384075 0.233683 0.391330 0.232350 0.395772 0.225836 0.398288 0.222875 0.398140 0.219470 0.397548 0.216656 0.395475 0.215176 0.392070 0.214584 0.386888 0.215620 0.383187 0.219321 0.379782
0 0.244666 0.366286 0.248262 0.368606 0.247450 0.372318 0.244666 0.373826 0.241534 0.372666 0.239562 0.370810 0.240838 0.367794 0.244666 0.366286
0 0.195248 0.376030 0.200701 0.377190 0.202093 0.378814 0.202209 0.383222 0.201397 0.384846 0.197917 0.387167 0.194668 0.386587 0.192580 0.384382 0.191420 0.381946 0.192464 0.378698 0.195248 0.376030
4 0.186084 0.407699 0.188056 0.409555 0.187824 0.412223 0.186084 0.415240 0.183996 0.416864 0.180632 0.416168 0.178080 0.414427 0.177964 0.409671 0.180400 0.407815 0.182140 0.406771 0.186084 0.407699
4 0.232970 0.563044 0.236938 0.564555 0.238828 0.567579 0.238072 0.571547 0.235238 0.573814 0.232025 0.574192 0.229002 0.571547 0.227490 0.569090 0.229191 0.565689 0.230514 0.563989 0.232970 0.563044
4 0.245984 0.564072 0.250856 0.566160 0.251204 0.567204 0.250856 0.571381 0.246912 0.573121 0.245288 0.573585 0.242620 0.572541 0.241808 0.569176 0.242736 0.566624 0.245984 0.564072
0 0.153276 0.435245 0.159061 0.435993 0.158693 0.444494 0.153301 0.444146 0.153276 0.435245
0 0.231897 0.360643 0.231772 0.359647 0.238873 0.360519 0.237129 0.371856 0.230402 0.371108 0.231897 0.360643
0 0.262695 0.430597 0.271167 0.430597 0.270544 0.437324 0.262197 0.436701 0.262695 0.430597
