0 0.219409 -0.000000 0.237552 -0.000000 0.230895 0.048464 0.213549 0.046847 0.215942 0.031109 0.211337 0.026923 0.213431 0.023993 0.212175 0.022318 0.213012 0.016457 0.217198 0.015620 0.219409 -0.000000
0 0.270592 -0.000000 0.271450 0.012522 0.268322 0.015378 0.265539 0.053999 0.239337 0.053727 0.239753 0.031474 0.235290 0.031209 0.235752 0.021372 0.241924 0.021064 0.241725 0.015133 0.241589 0.005859 0.243111 -0.000000 0.270592 -0.000000
0 0.330784 -0.000000 0.345706 -0.000000 0.342093 0.013529 0.328997 0.012514 0.330784 -0.000000
0 0.200440 0.056366 0.207139 0.056784 0.206929 0.063273 0.200440 0.062646 0.200440 0.056366
4 0.284191 0.128067 0.283982 0.120839 0.304967 0.121764 0.304041 0.128554 0.284191 0.128067
0 0.249926 0.088566 0.267825 0.089184 0.266899 0.109243 0.245297 0.107391 0.246531 0.088875 0.249926 0.088566
4 0.339441 0.129777 0.346721 0.128412 0.346948 0.132507 0.340124 0.133872 0.339441 0.129777
0 0.277882 0.117947 0.271876 0.117265 0.270739 0.129322 0.264597 0.128867 0.267554 0.082686 0.285981 0.082686 0.286891 0.089966 0.279883 0.090076 0.277882 0.117947
3 0.180076 0.119154 0.193756 0.119969 0.193396 0.142560 0.179166 0.141817 0.180076 0.119154
0 0.344324 0.015657 0.345826 0.001795 0.357073 0.001624 0.356330 0.015609 0.344324 0.015657
