0 0.368181 0.931027 0.384836 0.931241 0.383982 0.990175 0.366045 0.989961 0.368181 0.931027
0 0.338315 0.852786 0.355397 0.851078 0.360949 0.909798 0.343218 0.911323 0.343263 0.910390 0.343001 0.906532 0.342914 0.901655 0.342634 0.899226 0.338315 0.852786
0 0.153455 0.951599 0.179293 0.954588 0.174406 0.994905 0.148281 0.992178 0.153455 0.951599
0 0.263704 0.951030 0.287192 0.951884 0.286978 0.964696 0.262849 0.964055 0.263704 0.951030
1 0.338047 0.998984 0.339228 0.929102 0.357678 0.929102 0.356169 0.996519 0.350832 0.996761 0.350832 0.998984 0.338047 0.998984
0 0.263448 0.929439 0.260160 0.930496 0.257011 0.929394 0.254808 0.926718 0.255910 0.922783 0.258113 0.920894 0.261104 0.921838 0.263937 0.922311 0.265826 0.924986 0.264567 0.927505 0.263448 0.929439
0 0.271021 0.930338 0.268817 0.929394 0.267873 0.924672 0.269447 0.920579 0.271808 0.919949 0.275113 0.920579 0.278261 0.923098 0.277947 0.926246 0.277474 0.928764 0.274799 0.930496 0.273697 0.930653 0.271021 0.930338
0 0.027805 0.582412 0.067314 0.581153 0.067472 0.591384 0.078490 0.591227 0.079120 0.600671 0.068574 0.600986 0.068416 0.608856 0.027490 0.610431 0.027805 0.582412
0 0.090348 0.558310 0.090348 0.545875 0.103570 0.545875 0.103570 0.547922 0.099477 0.548236 0.099635 0.557051 0.090348 0.558310
0 0.062664 0.553901 0.073210 0.554373 0.073210 0.550910 0.082812 0.550753 0.083441 0.576095 0.075571 0.577040 0.075886 0.568067 0.061877 0.567280 0.062664 0.553901
4 0.066759 0.549848 0.069020 0.548957 0.070460 0.549197 0.071693 0.550088 0.072002 0.551356 0.071830 0.553103 0.070494 0.553789 0.068815 0.553960 0.066862 0.553343 0.066211 0.552075 0.066313 0.551424 0.066759 0.549848
0 0.245668 0.928395 0.242827 0.927797 0.243156 0.922658 0.246485 0.921400 0.250129 0.923366 0.250146 0.926601 0.245668 0.928395
0 0.247475 0.949875 0.252260 0.946885 0.259885 0.956155 0.255399 0.960939 0.247475 0.949875
0 0.138630 0.991854 0.136522 0.989628 0.137459 0.985528 0.139099 0.984474 0.143550 0.983536 0.147182 0.987051 0.145893 0.990214 0.138630 0.991854
0 0.035209 0.949444 0.032070 0.945557 0.031173 0.941221 0.033116 0.939128 0.035658 0.938231 0.038798 0.938231 0.042835 0.943164 0.039844 0.947650 0.035209 0.949444
0 0.343263 0.910390 0.342054 0.911366 0.339057 0.911630 0.336670 0.909551 0.336854 0.906889 0.338873 0.905329 0.341501 0.905278 0.343001 0.906532 0.343263 0.910390
0 0.342914 0.901655 0.340695 0.903717 0.337496 0.903540 0.336395 0.901290 0.337588 0.898445 0.339424 0.897619 0.341309 0.898139 0.342634 0.899226 0.342914 0.901655
