0 0.579575 0.370555 0.606045 0.295381 0.631768 0.303414 0.606066 0.379685 0.579575 0.370555
0 0.647830 0.207086 0.671270 0.221329 0.662462 0.235868 0.639218 0.221010 0.647830 0.207086
0 0.672502 0.159067 0.683706 0.162460 0.680573 0.170859 0.670148 0.167099 0.672502 0.159067
0 0.740048 0.174638 0.764197 0.151981 0.773703 0.159974 0.777444 0.159044 0.797569 0.174272 0.802087 0.170679 0.807042 0.170908 0.811534 0.173272 0.819408 0.180881 0.792469 0.220443 0.774120 0.207098 0.771364 0.204389 0.740125 0.183440 0.740048 0.174638
0 0.663270 0.165526 0.660464 0.164169 0.659604 0.161261 0.659773 0.159072 0.660278 0.157052 0.662971 0.155284 0.665159 0.155200 0.667348 0.156547 0.668592 0.157765 0.669116 0.159979 0.668929 0.162327 0.668217 0.164689 0.666039 0.165339 0.663270 0.165526
4 0.663577 0.295083 0.661106 0.293818 0.659396 0.291096 0.660351 0.287560 0.662624 0.284866 0.665822 0.284277 0.668852 0.285455 0.670115 0.286970 0.670731 0.289565 0.669777 0.292113 0.667478 0.294382 0.665769 0.295505 0.663577 0.295083
4 0.676131 0.422410 0.672591 0.420926 0.671107 0.419213 0.670878 0.417044 0.671564 0.414418 0.674076 0.412819 0.678985 0.412819 0.681269 0.416130 0.680470 0.420013 0.678186 0.421839 0.676131 0.422410
0 0.596943 0.392282 0.591691 0.393081 0.588037 0.390684 0.588037 0.387030 0.589750 0.383604 0.594545 0.382234 0.597971 0.384975 0.598656 0.389085 0.596943 0.392282
4 0.684838 0.436939 0.683810 0.438081 0.681184 0.438766 0.676046 0.436711 0.675361 0.432943 0.676389 0.429518 0.681641 0.428490 0.685295 0.429403 0.687007 0.433286 0.684838 0.436939
0 0.475579 0.325610 0.477237 0.326716 0.479725 0.329756 0.481384 0.333902 0.481660 0.338325 0.478896 0.341089 0.478619 0.343853 0.473368 0.345235 0.469221 0.345235 0.463970 0.341918 0.461758 0.338049 0.462864 0.332244 0.465075 0.329203 0.468116 0.324781 0.475579 0.325610
4 0.614032 0.446928 0.611701 0.452057 0.609214 0.453767 0.605173 0.453767 0.602376 0.450814 0.602376 0.448016 0.600821 0.445996 0.601288 0.443975 0.604707 0.441489 0.607038 0.440711 0.609214 0.439779 0.611079 0.441955 0.613721 0.443664 0.613877 0.447084 0.614032 0.446928
4 0.636258 0.431075 0.636568 0.434495 0.636243 0.436049 0.636258 0.438380 0.634703 0.440245 0.630973 0.440711 0.625844 0.440711 0.624601 0.437448 0.623513 0.433717 0.626777 0.430920 0.629730 0.428589 0.632527 0.428744 0.635170 0.430143 0.636258 0.431075
4 0.622416 0.423559 0.622779 0.423559 0.624778 0.425194 0.626777 0.427739 0.626868 0.429556 0.625323 0.431464 0.622961 0.432918 0.623233 0.435644 0.620962 0.435644 0.617600 0.434917 0.616328 0.432100 0.616055 0.429283 0.616418 0.426194 0.619054 0.423559 0.622416 0.423559
4 0.677664 0.438279 0.678391 0.438370 0.680572 0.439642 0.681935 0.441460 0.682025 0.445185 0.680117 0.447275 0.679118 0.449456 0.675665 0.449729 0.673847 0.448093 0.672121 0.444640 0.672484 0.440824 0.674120 0.439006 0.677664 0.438279
0 0.769074 0.313272 0.770883 0.313513 0.773777 0.314719 0.777033 0.317975 0.778359 0.322678 0.777274 0.326417 0.774862 0.328105 0.775465 0.330517 0.772692 0.331481 0.769556 0.331481 0.766541 0.331120 0.764853 0.329431 0.762924 0.327622 0.761115 0.323643 0.761115 0.317010 0.765336 0.314719 0.769074 0.313272
0 0.762946 0.375766 0.765554 0.378809 0.766475 0.381807 0.766331 0.381812 0.766554 0.384712 0.764992 0.390177 0.761758 0.391070 0.760085 0.392743 0.759415 0.391181 0.756738 0.389174 0.756069 0.386720 0.755735 0.382258 0.755623 0.379805 0.757408 0.377909 0.760419 0.375789 0.760754 0.374897 0.760762 0.374766 0.762946 0.375766
0 0.770512 0.368275 0.772126 0.370428 0.772672 0.372939 0.773057 0.374863 0.772800 0.375120 0.772465 0.376124 0.771127 0.379693 0.769677 0.381701 0.766973 0.381787 0.765991 0.378569 0.763246 0.375367 0.760781 0.374238 0.760865 0.372220 0.761981 0.369209 0.763988 0.367201 0.766219 0.366643 0.767500 0.366338 0.770512 0.368275
0 0.777528 0.359794 0.779245 0.362691 0.779135 0.365652 0.779316 0.366895 0.778711 0.367647 0.778934 0.369655 0.777038 0.371551 0.774250 0.373670 0.773477 0.374443 0.773150 0.372840 0.772581 0.370220 0.770849 0.367912 0.768115 0.366162 0.768115 0.363632 0.768673 0.361178 0.771238 0.359059 0.774326 0.357842 0.777528 0.359794
0 0.778934 0.350359 0.782838 0.352032 0.784511 0.354374 0.785069 0.359171 0.783396 0.362628 0.779648 0.364941 0.779738 0.362565 0.777886 0.359440 0.774287 0.357246 0.774138 0.356048 0.775476 0.352924 0.777149 0.350248 0.778934 0.350359
0 0.679448 0.308543 0.681450 0.311434 0.681973 0.312324 0.681543 0.316709 0.681431 0.320426 0.678164 0.321665 0.672533 0.320426 0.671632 0.316934 0.671632 0.314118 0.670055 0.312429 0.671519 0.309050 0.675574 0.306910 0.676362 0.306685 0.677124 0.306685 0.679448 0.308543
0 0.685634 0.298058 0.687625 0.301265 0.688193 0.303330 0.688301 0.306009 0.687963 0.309951 0.684246 0.311979 0.682383 0.312070 0.681862 0.311172 0.679809 0.308206 0.677422 0.306299 0.676700 0.301955 0.677939 0.298238 0.681994 0.296323 0.683359 0.296016 0.685634 0.298058
0 0.691862 0.288744 0.694156 0.291366 0.694902 0.295117 0.694834 0.296886 0.693144 0.300152 0.688574 0.302852 0.688076 0.301067 0.686012 0.297741 0.683945 0.295889 0.684021 0.295873 0.684472 0.292606 0.685147 0.289565 0.686837 0.287425 0.689014 0.287148 0.691862 0.288744
0 0.698715 0.281749 0.700566 0.284470 0.700928 0.288115 0.700578 0.289565 0.698325 0.292381 0.695195 0.294053 0.694610 0.291143 0.692174 0.288359 0.689570 0.286904 0.689765 0.285511 0.690216 0.283596 0.691680 0.281118 0.693482 0.279879 0.694893 0.279375 0.698715 0.281749
0 0.703056 0.273009 0.705083 0.275937 0.705533 0.280442 0.703619 0.284046 0.701479 0.285848 0.701279 0.286680 0.701040 0.284298 0.699061 0.281389 0.695478 0.279160 0.696298 0.278865 0.695735 0.277627 0.695847 0.275824 0.697762 0.273797 0.700127 0.272783 0.703056 0.273009
0 0.658350 0.138417 0.662010 0.139748 0.662675 0.135090 0.659681 0.129766 0.662675 0.125441 0.661012 0.122779 0.665005 0.119119 0.668665 0.120783 0.671326 0.123444 0.673323 0.121448 0.690292 0.127770 0.686632 0.138084 0.683304 0.137752 0.679977 0.148399 0.679644 0.156384 0.654025 0.148731 0.654690 0.142742 0.658350 0.138417
0 0.731251 0.214825 0.731878 0.217458 0.732630 0.219088 0.730499 0.221094 0.731126 0.225608 0.726988 0.225734 0.726110 0.227740 0.712568 0.221470 0.714323 0.212191 0.720342 0.207050 0.723477 0.208680 0.722599 0.210561 0.731251 0.214825
