0 0.998767 0.472601 0.978299 0.481100 0.974159 0.458938 0.998767 0.450357 0.998767 0.472601
0 0.958446 0.469740 0.960091 0.467348 0.965922 0.465853 0.971005 0.465853 0.972201 0.468843 0.974444 0.473179 0.975341 0.478262 0.972500 0.480804 0.967567 0.482598 0.963530 0.483196 0.959942 0.480804 0.958745 0.478561 0.957699 0.475422 0.957101 0.472880 0.958446 0.469740
0 0.818254 0.396895 0.839036 0.362358 0.854286 0.371628 0.831710 0.406315 0.818254 0.396895
0 0.847273 0.336666 0.870171 0.298884 0.879903 0.306517 0.856814 0.344108 0.847273 0.336666
0 0.899557 0.319111 0.917876 0.297358 0.932950 0.310142 0.914441 0.332850 0.899557 0.319111
0 0.937889 0.213920 0.972217 0.241547 0.963313 0.253021 0.939541 0.233562 0.933575 0.239620 0.924579 0.230808 0.931096 0.224750 0.928618 0.222272 0.937889 0.213920
0 0.912625 0.239461 0.913914 0.236767 0.917428 0.236298 0.920357 0.237001 0.922817 0.239227 0.922817 0.241921 0.921763 0.244264 0.918365 0.246021 0.914851 0.246490 0.913680 0.244616 0.912508 0.242273 0.912625 0.239461
0 0.923503 0.251174 0.921849 0.249376 0.923359 0.246571 0.925444 0.244845 0.927530 0.244773 0.930191 0.246211 0.931126 0.248225 0.931557 0.250095 0.929688 0.252037 0.926883 0.252828 0.925372 0.252612 0.923503 0.251174
0 0.931701 0.255273 0.932348 0.252396 0.934290 0.250886 0.937814 0.250886 0.939900 0.251965 0.941266 0.253475 0.941122 0.255920 0.940259 0.257646 0.937814 0.258509 0.935800 0.258653 0.934434 0.258078 0.932852 0.256927 0.931701 0.255273
0 0.939828 0.260667 0.941194 0.258078 0.943280 0.256496 0.945006 0.256496 0.947667 0.257862 0.949177 0.259876 0.948602 0.262824 0.947020 0.265126 0.944574 0.265341 0.942129 0.264406 0.940403 0.262752 0.939684 0.262033 0.939828 0.260667
3 0.968667 0.277927 0.965071 0.277208 0.962482 0.274978 0.963129 0.271239 0.964999 0.270088 0.968019 0.269441 0.970321 0.270447 0.971399 0.272102 0.971831 0.274187 0.971615 0.275913 0.970249 0.276920 0.968667 0.277927
0 0.979658 0.313700 0.976804 0.313243 0.974520 0.310046 0.974292 0.306849 0.975319 0.303766 0.978288 0.302281 0.981827 0.302738 0.985367 0.304565 0.985938 0.308561 0.983426 0.311759 0.981371 0.312900 0.979658 0.313700
0 0.995564 0.291039 0.992534 0.290703 0.991187 0.289188 0.991019 0.286663 0.992534 0.283969 0.994807 0.283969 0.997584 0.285316 0.998426 0.287588 0.997753 0.290114 0.995564 0.291039
