0 0.998758 0.104365 0.996896 0.106972 0.979851 0.086250 0.981463 0.084828 0.995893 0.073215 0.998758 0.076713 0.998758 0.104365
0 0.998758 0.146630 0.993888 0.151424 0.972163 0.130034 0.996896 0.106972 0.998758 0.104365 0.998758 0.146630
0 0.995893 0.073215 0.981463 0.084828 0.982877 0.082813 0.983003 0.079916 0.976075 0.072610 0.987034 0.063414 0.995893 0.073215
0 0.961475 0.058322 0.969284 0.064746 0.961601 0.070918 0.957444 0.074823 0.949256 0.064620 0.954043 0.060841 0.956688 0.063108 0.961475 0.058322
0 0.969284 0.064746 0.973819 0.061597 0.978732 0.066384 0.979866 0.069281 0.976075 0.072610 0.968907 0.078602 0.961601 0.070918 0.969284 0.064746
0 0.882366 0.141122 0.898604 0.127136 0.907285 0.136782 0.913716 0.142569 0.907637 0.147593 0.897639 0.156878 0.890726 0.149804 0.882366 0.141122
0 0.913716 0.142569 0.916610 0.139032 0.922558 0.143695 0.926256 0.150447 0.916288 0.159611 0.910018 0.152858 0.907637 0.147593 0.913716 0.142569
0 0.926109 0.157058 0.941221 0.172170 0.941382 0.174260 0.953761 0.187765 0.939613 0.200626 0.938006 0.198697 0.928360 0.206575 0.924501 0.204485 0.924501 0.201430 0.913087 0.188569 0.902958 0.177958 0.902155 0.176833 0.926109 0.157058
0 0.753314 0.310618 0.759675 0.334624 0.749621 0.336471 0.751878 0.348782 0.750031 0.352270 0.735874 0.353912 0.733001 0.346730 0.713303 0.350218 0.706532 0.327853 0.721305 0.323749 0.719869 0.316568 0.753314 0.310618
0 0.706532 0.327853 0.713303 0.350218 0.701813 0.350423 0.696683 0.330726 0.706532 0.327853
0 0.613598 0.257129 0.633501 0.273627 0.624859 0.285150 0.602337 0.269175 0.613598 0.257129
0 0.638214 0.275722 0.651308 0.285150 0.637167 0.300862 0.625121 0.290387 0.638214 0.275722
0 0.537458 0.346889 0.550320 0.333867 0.554821 0.337565 0.554178 0.338529 0.569933 0.352195 0.557233 0.365378 0.537458 0.346889
0 0.529053 0.327826 0.534776 0.333162 0.528976 0.338962 0.523950 0.333781 0.526347 0.331538 0.525960 0.329141 0.529053 0.327826
0 0.567953 0.354257 0.571030 0.355636 0.571817 0.357818 0.570363 0.359272 0.568303 0.360120 0.566243 0.359211 0.565428 0.356932 0.567953 0.354257
0 0.562448 0.361194 0.565541 0.362508 0.567397 0.365524 0.566624 0.368231 0.563840 0.369236 0.561829 0.368927 0.560746 0.366066 0.560514 0.364132 0.560514 0.361890 0.562448 0.361194
0 0.617872 0.395946 0.648579 0.362828 0.662566 0.373760 0.662566 0.377136 0.666102 0.379869 0.668996 0.377136 0.682340 0.389033 0.647614 0.424723 0.617872 0.395946
0 0.541565 0.432792 0.555548 0.437579 0.558445 0.430399 0.568018 0.433674 0.569404 0.428762 0.580993 0.433422 0.580741 0.435060 0.567766 0.466551 0.550761 0.460001 0.547486 0.460127 0.547108 0.458867 0.533252 0.453577 0.535841 0.446992 0.541565 0.432792
0 0.551361 0.416604 0.558784 0.413202 0.565590 0.424028 0.559017 0.428127 0.556310 0.427895 0.556078 0.425265 0.551361 0.416604
0 0.452114 0.387350 0.464332 0.399569 0.453882 0.409376 0.441503 0.397157 0.452114 0.387350
0 0.467033 0.538462 0.496785 0.538873 0.497195 0.555903 0.467238 0.556108 0.467033 0.538462
0 0.478113 0.557196 0.499247 0.556724 0.498632 0.571087 0.490014 0.571087 0.490014 0.572933 0.475241 0.572933 0.475856 0.566778 0.478729 0.566778 0.478113 0.557196
0 0.485245 0.597424 0.503962 0.580378 0.520673 0.597424 0.531703 0.589402 0.546074 0.606782 0.543401 0.610793 0.533708 0.617812 0.543735 0.632517 0.540058 0.636194 0.541395 0.641876 0.518668 0.657919 0.503962 0.639202 0.508641 0.635191 0.499617 0.622825 0.504296 0.618814 0.485245 0.597424
0 0.668508 0.566324 0.694695 0.601677 0.664318 0.624984 0.664318 0.627340 0.656985 0.630745 0.638130 0.604819 0.642844 0.601415 0.636035 0.589631 0.668508 0.566324
0 0.588592 0.664178 0.599067 0.676224 0.634944 0.711315 0.614517 0.728599 0.593568 0.706863 0.583878 0.713934 0.569999 0.700317 0.579164 0.692460 0.567118 0.680152 0.588592 0.664178
0 0.669858 0.661085 0.682428 0.654276 0.684523 0.656371 0.689499 0.651658 0.698403 0.665799 0.692118 0.669727 0.696046 0.676536 0.684523 0.684392 0.669858 0.661085
0 0.727474 0.596856 0.731578 0.592957 0.730552 0.591932 0.738759 0.584955 0.745736 0.581262 0.754764 0.590700 0.764202 0.600549 0.745325 0.617990 0.739170 0.609372 0.727474 0.596856
0 0.719424 0.525757 0.741173 0.549148 0.730504 0.556535 0.707728 0.531708 0.713884 0.526373 0.719424 0.525757
0 0.719424 0.525757 0.729888 0.515088 0.732145 0.516524 0.756562 0.496621 0.778312 0.519396 0.759435 0.537658 0.755741 0.539094 0.753279 0.543608 0.743020 0.550790 0.741173 0.549148 0.719424 0.525757
0 0.781664 0.508423 0.787962 0.500613 0.789600 0.497968 0.793379 0.496583 0.797914 0.500487 0.798795 0.504392 0.806983 0.512202 0.795520 0.521650 0.793505 0.519886 0.788466 0.515225 0.781664 0.508423
0 0.782924 0.494819 0.787962 0.490410 0.792371 0.494945 0.787584 0.499228 0.782924 0.494819
0 0.793505 0.519886 0.793253 0.522783 0.790608 0.522909 0.785821 0.517493 0.788466 0.515225 0.793505 0.519886
0 0.829022 0.440913 0.841333 0.452814 0.839771 0.454301 0.827996 0.463894 0.839281 0.474153 0.835793 0.479078 0.839281 0.482566 0.828817 0.491389 0.826970 0.490773 0.824713 0.489952 0.821225 0.488721 0.821225 0.485438 0.800091 0.462663 0.813223 0.451172 0.815685 0.452609 0.829022 0.440913
0 0.906025 0.381631 0.920593 0.396815 0.909513 0.407279 0.915874 0.415487 0.904666 0.423668 0.896381 0.431081 0.871349 0.402355 0.883044 0.392711 0.888789 0.397225 0.906025 0.381631
0 0.918131 0.390044 0.929416 0.381016 0.949114 0.402765 0.937418 0.412614 0.918131 0.390044
0 0.928416 0.356804 0.932315 0.352700 0.938470 0.349007 0.941753 0.351059 0.949755 0.346134 0.947088 0.341620 0.959604 0.333208 0.969248 0.344698 0.962477 0.349828 0.972941 0.363370 0.978687 0.371782 0.972326 0.378554 0.957347 0.391480 0.928416 0.356804
0 0.857200 0.499144 0.864884 0.508970 0.853421 0.516402 0.845737 0.506198 0.857200 0.499144
0 0.163146 0.357388 0.170499 0.347695 0.176849 0.344353 0.188213 0.356051 0.197237 0.349366 0.214617 0.367415 0.206261 0.375436 0.207264 0.379781 0.187544 0.399834 0.169830 0.378778 0.177852 0.372094 0.163146 0.357388
0 0.208770 0.397398 0.220876 0.388986 0.230724 0.397603 0.231340 0.400271 0.227759 0.403493 0.222614 0.407834 0.220876 0.409504 0.208770 0.397398
0 0.202134 0.342640 0.205227 0.341867 0.207702 0.342718 0.208939 0.345502 0.208243 0.348904 0.206929 0.350760 0.203758 0.350606 0.200974 0.349059 0.200278 0.344806 0.202134 0.342640
0 0.581183 0.847276 0.587607 0.840222 0.594661 0.835057 0.617335 0.859243 0.610785 0.865415 0.613934 0.868690 0.605746 0.875240 0.602219 0.871209 0.581183 0.847276
4 0.921496 0.558814 0.921529 0.553573 0.925370 0.553606 0.925337 0.551587 0.929146 0.551587 0.929179 0.554908 0.926054 0.555038 0.926021 0.558781 0.921496 0.558814
4 0.870221 -0.000000 0.879977 -0.000000 0.875046 0.004534 0.870221 -0.000000
0 0.778938 0.294968 0.822408 0.255220 0.844450 0.279625 0.799883 0.318104 0.778938 0.294968
0 0.491654 0.526320 0.475804 0.519913 0.494689 0.476408 0.510540 0.482478 0.491654 0.526320
