3 0.126396 0.579148 0.155877 0.581292 0.153733 0.603001 0.124252 0.599785 0.126396 0.579148
0 0.079762 0.601393 0.093699 0.603537 0.090215 0.636503 0.073866 0.633554 0.079762 0.601393
0 0.074134 0.687961 0.088875 0.690373 0.085926 0.720390 0.069578 0.719318 0.074134 0.687961
0 0.230225 0.743516 0.238852 0.744537 0.238480 0.748047 0.233099 0.784597 0.195929 0.781112 0.202318 0.739683 0.230225 0.743516
0 0.253162 0.725278 0.250716 0.749363 0.238480 0.748047 0.238852 0.744537 0.230225 0.743516 0.232715 0.722881 0.253162 0.725278
0 0.265010 0.711812 0.263874 0.725938 0.253162 0.725278 0.232715 0.722881 0.234642 0.708514 0.265010 0.711812
0 -0.000000 0.794818 0.016871 0.797478 0.013027 0.835343 -0.000000 0.835042 -0.000000 0.794818
3 0.279182 0.787251 0.288071 0.787453 0.287768 0.796241 0.279182 0.795938 0.279182 0.787251
0 0.261355 0.797950 0.261729 0.791212 0.270838 0.791649 0.270277 0.799946 0.261293 0.799447 0.261355 0.797950
0 0.188110 0.744544 0.180585 0.744499 0.180900 0.737739 0.188336 0.737964 0.188110 0.744544
0 0.244022 0.750878 0.247788 0.752255 0.248982 0.754368 0.248890 0.756204 0.246318 0.756756 0.246318 0.758500 0.248798 0.759511 0.248431 0.761898 0.246961 0.764929 0.242645 0.765021 0.240165 0.760521 0.241727 0.758868 0.244114 0.758684 0.244206 0.756939 0.242369 0.755654 0.242369 0.753449 0.244022 0.750878
3 0.115571 0.591959 0.117066 0.585854 0.123420 0.586602 0.121053 0.594326 0.115571 0.591959
