0 0.039094 0.388003 0.051041 0.385014 0.060204 0.383982 0.066618 0.428566 0.045478 0.431982 0.039094 0.388003
3 0.129013 0.367780 0.135227 0.367200 0.136271 0.378996 0.129670 0.378932 0.129013 0.367780
1 0.114726 0.352984 0.127915 0.352352 0.128263 0.359752 0.114958 0.360216 0.114726 0.352984
3 0.142574 0.360557 0.152670 0.359977 0.153134 0.366707 0.144199 0.367171 0.142574 0.360557
3 0.146575 0.389424 0.147254 0.404277 0.138942 0.404323 0.135742 0.389494 0.146575 0.389424
1 0.112142 0.362389 0.125061 0.361718 0.129625 0.389760 0.114025 0.390134 0.112095 0.371194 0.113332 0.369957 0.112142 0.362389
3 0.144323 0.370342 0.170583 0.366579 0.175140 0.399415 0.149496 0.403012 0.144323 0.370342
2 0.109103 0.501674 0.142001 0.498211 0.144991 0.527017 0.141843 0.527646 0.142630 0.536461 0.131256 0.537885 0.130828 0.534378 0.124584 0.534891 0.124156 0.529759 0.112181 0.531042 0.109103 0.501674
0 0.038061 0.480700 0.047692 0.480700 0.047576 0.489287 0.037945 0.489287 0.038061 0.480700
3 0.141302 0.425945 0.138189 0.424149 0.137470 0.420556 0.139733 0.418222 0.142859 0.417562 0.147890 0.417801 0.150524 0.421274 0.149221 0.423791 0.146106 0.425586 0.141302 0.425945
3 0.078062 0.348480 0.081959 0.348124 0.081959 0.353077 0.078048 0.353598 0.078062 0.348480
0 0.065221 0.508040 0.072882 0.507254 0.073667 0.518255 0.075632 0.518255 0.075828 0.522380 0.066006 0.522969 0.065221 0.508040
