0 0.985035 0.246835 0.998717 0.248634 0.998717 0.284251 0.978885 0.281347 0.985035 0.246835
0 0.976924 0.340692 0.978552 0.319038 0.991769 0.319864 0.991952 0.315642 0.998717 0.316160 0.998717 0.341910 0.993080 0.342279 0.992967 0.345209 0.984935 0.345025 0.984909 0.341603 0.976924 0.340692
0 0.884647 0.365763 0.889053 0.321246 0.901352 0.322348 0.902087 0.314638 0.910715 0.315923 0.911173 0.304449 0.902504 0.303583 0.904302 0.282367 0.928754 0.285028 0.928296 0.317615 0.923339 0.317707 0.921702 0.345009 0.919774 0.345009 0.918214 0.370250 0.884647 0.365763
0 0.877593 0.365458 0.876072 0.363316 0.876072 0.360668 0.877480 0.358696 0.879622 0.357738 0.882214 0.357681 0.883960 0.357907 0.885256 0.359372 0.885764 0.361795 0.885087 0.364894 0.883679 0.365852 0.880241 0.366528 0.879340 0.366359 0.877593 0.365458
0 0.895499 0.317228 0.896710 0.315844 0.898716 0.315775 0.900376 0.316087 0.901207 0.316951 0.901726 0.318854 0.901553 0.320584 0.900031 0.321587 0.897678 0.322106 0.895533 0.320584 0.895326 0.319546 0.895397 0.317858 0.895499 0.317228
0 0.895637 0.309894 0.897159 0.309064 0.899719 0.309168 0.900549 0.309410 0.901449 0.310240 0.901726 0.311555 0.901795 0.313976 0.900273 0.315602 0.898301 0.315568 0.896052 0.314668 0.895291 0.313458 0.895187 0.311140 0.895637 0.309894
0 0.844177 0.254486 0.846318 0.233975 0.857024 0.235045 0.854432 0.255951 0.844177 0.254486
0 0.824644 0.539394 0.830032 0.500853 0.862482 0.505422 0.858499 0.542674 0.824644 0.539394
0 0.864260 0.497120 0.865806 0.495972 0.867262 0.495663 0.869426 0.495839 0.870971 0.496413 0.871942 0.497738 0.872516 0.499769 0.872207 0.501270 0.871545 0.502506 0.870795 0.503212 0.868764 0.503830 0.866998 0.503963 0.865673 0.503654 0.864437 0.502374 0.863951 0.500652 0.863510 0.498577 0.864260 0.497120
3 0.845307 0.733532 0.850540 0.678961 0.873599 0.681215 0.868000 0.736287 0.845307 0.733532
