4 0.254591 0.315202 0.255281 0.312027 0.258870 0.310646 0.262735 0.311475 0.266600 0.316444 0.263149 0.321137 0.258456 0.322517 0.255281 0.320585 0.254591 0.315202
4 0.396945 0.332601 0.398295 0.327655 0.401217 0.325407 0.405939 0.325407 0.408188 0.327430 0.409312 0.331927 0.406614 0.334625 0.401667 0.335524 0.396945 0.332601
4 0.548931 0.314682 0.549460 0.312392 0.552279 0.309749 0.556507 0.310806 0.559678 0.315034 0.559325 0.318558 0.554745 0.321376 0.551222 0.320848 0.548931 0.316620 0.548931 0.314682
4 0.788721 0.249000 0.784140 0.249000 0.780441 0.245124 0.781498 0.241425 0.784316 0.239134 0.789073 0.239134 0.791892 0.240544 0.791892 0.245300 0.791011 0.247943 0.788721 0.249000
0 0.136637 0.195717 0.136637 0.193603 0.167290 0.189199 0.171342 0.210339 0.139456 0.214215 0.136637 0.195717
0 0.062041 0.207971 0.105378 0.199515 0.110663 0.223826 0.064859 0.230697 0.062041 0.207971
0 0.053733 0.159127 0.076635 0.157013 0.079630 0.186081 0.056552 0.188195 0.053733 0.159127
0 0.078669 0.124947 0.156360 0.126885 0.156184 0.139746 0.157065 0.157186 0.075851 0.154191 0.078669 0.124947
0 0.181516 0.146814 0.181965 0.142542 0.215017 0.136472 0.223336 0.192007 0.188486 0.198303 0.181516 0.146814
0 0.225798 0.069270 0.256276 0.067332 0.259447 0.090234 0.269841 0.089177 0.270545 0.098690 0.270722 0.112432 0.261032 0.113312 0.262266 0.132515 0.238659 0.134277 0.231084 0.135157 0.225798 0.069270
0 0.256744 0.154724 0.256468 0.134986 0.286973 0.133743 0.288078 0.143268 0.285179 0.144096 0.285731 0.153482 0.256744 0.154724
4 0.231022 0.140551 0.243784 0.140659 0.244325 0.154178 0.230698 0.154287 0.231022 0.140551
0 0.114672 0.081475 0.116190 0.053454 0.179272 0.054145 0.178443 0.082993 0.114672 0.081475
0 0.147375 0.052612 0.143234 0.046952 0.144200 0.041983 0.149307 0.038394 0.156899 0.037290 0.159798 0.042397 0.159798 0.049023 0.155657 0.053164 0.147375 0.052612
0 0.187604 0.064935 0.186523 0.058230 0.204692 0.055850 0.207890 0.077656 0.190200 0.080834 0.187604 0.064935
0 0.190684 0.094707 0.191299 0.102061 0.190524 0.102772 0.188315 0.105257 0.182794 0.102496 0.181276 0.097941 0.181690 0.095318 0.186935 0.092696 0.190684 0.094707
0 0.199814 0.094492 0.200986 0.101582 0.200324 0.102082 0.200048 0.104014 0.196183 0.104705 0.193837 0.103462 0.192180 0.101254 0.191748 0.101650 0.191172 0.094727 0.197426 0.094076 0.199814 0.094492
0 0.208744 0.095594 0.210125 0.099459 0.208054 0.104014 0.202671 0.104290 0.201429 0.101254 0.200332 0.094580 0.200600 0.094628 0.204465 0.093800 0.208744 0.095594
0 0.048856 0.035593 0.063246 0.035818 0.063021 0.044811 0.073139 0.046835 0.072240 0.067071 0.047283 0.065272 0.048856 0.035593
0 0.099311 0.011510 0.099671 0.011510 0.099671 0.026981 0.082133 0.026756 0.082133 0.018212 0.047957 0.015739 0.049756 -0.000000 0.099703 -0.000000 0.099311 0.011510
0 -0.000000 0.138415 0.019285 0.138767 0.019285 0.152156 -0.000000 0.152332 -0.000000 0.138415
0 0.008125 0.182810 0.016819 0.180696 0.018228 0.188976 0.008715 0.190385 0.008125 0.182810
