0 0.595000 0.396576 0.569484 0.398468 0.568779 0.392109 0.593984 0.388125 0.595000 0.396576
0 0.585135 0.371736 0.592005 0.371736 0.593984 0.388125 0.568779 0.392109 0.568751 0.391820 0.558886 0.391291 0.557652 0.369270 0.584782 0.366099 0.585135 0.371736
0 0.847288 0.468267 0.861888 0.469132 0.862321 0.469132 0.862645 0.468159 0.878219 0.469457 0.877570 0.484166 0.845557 0.480813 0.847288 0.468267
0 0.769860 0.485079 0.770534 0.460122 0.825171 0.465068 0.823822 0.489801 0.769860 0.485079
0 0.675194 0.495983 0.674918 0.474174 0.696728 0.474312 0.697004 0.460094 0.727647 0.462027 0.727371 0.499296 0.693691 0.499296 0.693967 0.496259 0.675194 0.495983
0 0.710593 0.436029 0.711520 0.418163 0.725963 0.419273 0.727049 0.436594 0.710593 0.436029
0 0.873746 0.462785 0.862714 0.457485 0.865851 0.451645 0.878505 0.457269 0.875476 0.463542 0.873746 0.462785
0 0.551160 0.450329 0.551022 0.442737 0.559718 0.443151 0.559580 0.451571 0.558062 0.451433 0.558338 0.455298 0.552541 0.455298 0.552541 0.451433 0.551160 0.450329
0 0.559150 0.399632 0.567780 0.398481 0.567708 0.400998 0.568643 0.400710 0.568931 0.409700 0.564759 0.410347 0.564328 0.408477 0.560157 0.409053 0.560085 0.405385 0.559222 0.405385 0.559150 0.399632
0 0.544387 0.389395 0.540724 0.388043 0.538245 0.384944 0.539823 0.382690 0.541119 0.380830 0.543485 0.380211 0.544838 0.380605 0.547204 0.382521 0.548782 0.385395 0.544387 0.389395
0 0.562757 0.391537 0.562926 0.395312 0.557516 0.395819 0.557347 0.392551 0.559207 0.392438 0.558886 0.391291 0.562757 0.391537
0 0.556350 0.371173 0.546393 0.371642 0.546393 0.367190 0.548619 0.367190 0.549087 0.364027 0.555764 0.363325 0.558107 0.367659 0.556350 0.371173
3 0.562328 0.276184 0.572637 0.275013 0.575097 0.286024 0.565139 0.285673 0.562328 0.276184
2 0.541476 0.290710 0.550848 0.287430 0.553190 0.295162 0.545107 0.298910 0.541476 0.290710
0 0.742773 0.477440 0.762133 0.477564 0.763126 0.497668 0.742649 0.495310 0.742773 0.477440
0 0.764069 0.485927 0.767648 0.486325 0.768891 0.489457 0.767996 0.491247 0.764765 0.491396 0.762975 0.489904 0.762777 0.486126 0.764069 0.485927
0 0.762877 0.492054 0.766653 0.491891 0.768476 0.495570 0.766263 0.498141 0.764342 0.498369 0.763007 0.496970 0.762877 0.492054
