0 0.905292 0.196413 0.905372 0.195646 0.908876 0.195780 0.905753 0.191947 0.911858 0.187049 0.917182 0.192372 0.912426 0.196206 0.947498 0.196709 0.947350 0.218845 0.904554 0.218845 0.905292 0.196413
0 0.709960 0.187161 0.772767 0.188018 0.773114 0.194262 0.780746 0.194146 0.780401 0.214660 0.772302 0.214472 0.772302 0.224830 0.709018 0.224077 0.709960 0.187161
0 0.741650 0.277789 0.741881 0.286230 0.728931 0.286346 0.728699 0.278367 0.741650 0.277789
0 0.835689 0.155605 0.835577 0.147651 0.842696 0.147540 0.842808 0.155493 0.835689 0.155605
0 0.820736 0.154924 0.820736 0.148026 0.826267 0.147890 0.826301 0.154924 0.820736 0.154924
0 0.813932 0.154539 0.808426 0.154817 0.808259 0.148755 0.813821 0.148643 0.813932 0.154539
0 0.800277 0.131604 0.805839 0.131548 0.805727 0.138779 0.800444 0.138890 0.800277 0.131604
0 0.693117 0.109139 0.705489 0.109139 0.705605 0.123939 0.693811 0.123823 0.693117 0.109139
0 0.814646 0.102037 0.814646 0.110010 0.808032 0.110463 0.807851 0.102581 0.814646 0.102037
0 0.821984 0.102581 0.827329 0.102671 0.827329 0.111006 0.822075 0.111006 0.821984 0.102581
0 0.835845 0.102762 0.846355 0.102581 0.846083 0.108198 0.843184 0.108107 0.843003 0.110191 0.835664 0.109829 0.835845 0.102762
0 0.804380 0.185610 0.851618 0.187671 0.850986 0.224884 0.802818 0.223523 0.799194 0.223251 0.796295 0.222526 0.795389 0.221982 0.795208 0.220623 0.795117 0.218811 0.795117 0.216818 0.797563 0.215097 0.797292 0.215006 0.796023 0.213104 0.794936 0.211835 0.794936 0.209933 0.795299 0.208936 0.796204 0.207759 0.797563 0.207034 0.799466 0.206400 0.800553 0.206581 0.803724 0.208393 0.804380 0.185610
0 0.537842 0.259629 0.550296 0.259738 0.550206 0.238810 0.575285 0.238372 0.575230 0.240708 0.576898 0.239429 0.577788 0.239039 0.580680 0.239039 0.582516 0.239762 0.583684 0.241320 0.584240 0.243044 0.583572 0.245380 0.579986 0.247477 0.577905 0.247477 0.575476 0.245512 0.575305 0.289692 0.537611 0.290155 0.537842 0.259629
0 0.548273 0.247629 0.549622 0.249404 0.549977 0.251036 0.550332 0.253095 0.550048 0.254444 0.548841 0.256076 0.546995 0.256786 0.544653 0.256857 0.542523 0.256431 0.540536 0.254231 0.539897 0.251391 0.540323 0.249475 0.541671 0.247913 0.544227 0.247345 0.541671 0.245712 0.541317 0.243654 0.541458 0.241240 0.542097 0.240105 0.542878 0.239324 0.543801 0.239111 0.546073 0.238756 0.547705 0.238827 0.549409 0.240318 0.550119 0.242305 0.550332 0.243851 0.549809 0.245245 0.549329 0.246160 0.548763 0.246553 0.547848 0.246945 0.548273 0.247629
0 0.539115 0.234770 0.539103 0.246649 0.521712 0.246862 0.521783 0.235576 0.539115 0.234770
0 0.476681 0.211920 0.478740 0.210713 0.481011 0.210571 0.482644 0.211068 0.484276 0.210358 0.499467 0.209861 0.500496 0.236494 0.486505 0.237766 0.485002 0.218340 0.482111 0.219728 0.480145 0.219612 0.476098 0.219034 0.475564 0.215659 0.475453 0.213990 0.475731 0.212989 0.476681 0.211920
0 0.487844 0.162169 0.488653 0.144710 0.536986 0.145866 0.536639 0.177623 0.532743 0.177895 0.532743 0.179435 0.497591 0.178348 0.498135 0.163127 0.487844 0.162169
0 0.486039 0.177280 0.496331 0.177280 0.496615 0.185798 0.487174 0.186437 0.486961 0.183101 0.484335 0.184450 0.482063 0.184662 0.480360 0.184166 0.478656 0.182178 0.478585 0.180261 0.478940 0.178345 0.479934 0.177351 0.481708 0.176925 0.482986 0.176925 0.483696 0.176925 0.484122 0.177067 0.484690 0.177351 0.485405 0.177669 0.486039 0.177280
0 0.485170 0.286027 0.495016 0.285854 0.495448 0.296564 0.486206 0.296391 0.485256 0.296305 0.485170 0.286027
0 0.508829 0.303428 0.510454 0.301195 0.512755 0.301128 0.514379 0.301398 0.516071 0.302346 0.516950 0.303699 0.517153 0.305797 0.517018 0.307557 0.516815 0.308707 0.516138 0.309857 0.528049 0.310196 0.528821 0.339543 0.514656 0.339889 0.513965 0.310436 0.511719 0.310356 0.509891 0.310148 0.508562 0.309026 0.508437 0.307323 0.508188 0.305453 0.508105 0.304872 0.508271 0.304207 0.508829 0.303428
0 0.546436 0.312695 0.561097 0.312584 0.561097 0.336064 0.546656 0.335844 0.546436 0.312695
