0 0.123219 0.167605 0.139046 0.168172 0.139046 0.170442 0.144658 0.170631 0.144658 0.168677 0.156828 0.169307 0.156506 0.177153 0.158597 0.177246 0.158597 0.179570 0.155855 0.179524 0.155269 0.195838 0.121029 0.194577 0.123219 0.167605
0 0.045965 0.199762 0.050830 0.199554 0.051254 0.208382 0.042185 0.208813 0.042590 0.201061 0.046056 0.200972 0.045965 0.199762
0 0.160047 0.499835 0.198482 0.498768 0.199977 0.527381 0.160047 0.528235 0.160047 0.499835
0 0.093991 0.484521 0.093279 0.524231 0.088876 0.524386 0.089098 0.532131 0.084044 0.532195 0.087618 0.538156 0.093852 0.539504 0.092335 0.544053 0.088186 0.545396 0.078414 0.544768 0.070956 0.544487 0.060892 0.541323 0.058101 0.483660 0.072938 0.482467 0.077586 0.482822 0.093991 0.484521
4 0.187162 0.216434 0.191817 0.216564 0.191621 0.220698 0.186999 0.220535 0.187162 0.216434
0 0.177293 0.205083 0.183044 0.205023 0.182984 0.207838 0.184841 0.207838 0.184781 0.210893 0.177054 0.211013 0.177293 0.205083
0 0.177412 0.181108 0.179090 0.181152 0.179002 0.182874 0.181872 0.182962 0.181872 0.181549 0.183638 0.181549 0.183682 0.183227 0.188363 0.183404 0.188231 0.185479 0.185007 0.185435 0.184919 0.188350 0.182402 0.188261 0.182446 0.187511 0.180017 0.187422 0.179913 0.191247 0.177277 0.191127 0.177412 0.181108
0 0.177224 0.192197 0.180801 0.192330 0.180801 0.194228 0.182675 0.194258 0.182615 0.197433 0.179919 0.197373 0.179799 0.201686 0.176445 0.201507 0.177224 0.192197
0 0.181950 0.530162 0.189832 0.529999 0.189832 0.533331 0.182194 0.533493 0.181950 0.530162
0 0.107981 0.504083 0.123019 0.504304 0.122578 0.525358 0.110558 0.525216 0.110453 0.516760 0.109163 0.516708 0.109155 0.511351 0.108028 0.511359 0.107981 0.504083
4 0.117054 0.490293 0.119880 0.490337 0.119880 0.495989 0.117275 0.495989 0.117231 0.493251 0.116259 0.493251 0.116215 0.495194 0.114228 0.495106 0.114272 0.494046 0.113345 0.493958 0.113433 0.491573 0.116966 0.491529 0.117054 0.490293
0 0.099372 0.509499 0.107449 0.509667 0.107493 0.521501 0.100339 0.521369 0.100506 0.513741 0.099365 0.513687 0.099372 0.509499
0 0.197606 0.561448 0.201979 0.561448 0.204315 0.564083 0.203836 0.567558 0.203656 0.570134 0.200961 0.571152 0.197367 0.571212 0.195869 0.570313 0.194911 0.568876 0.194431 0.566779 0.194671 0.565701 0.195390 0.564623 0.196169 0.564083 0.197606 0.561448
0 0.938284 0.674139 0.937835 0.697766 0.924526 0.697766 0.924975 0.673990 0.938284 0.674139
0 0.998729 0.722310 0.981631 0.721892 0.981930 0.714266 0.977444 0.713967 0.977444 0.710378 0.972079 0.711365 0.972079 0.717245 0.963955 0.718105 0.964194 0.693992 0.971723 0.694347 0.977124 0.694458 0.977345 0.689166 0.987596 0.689497 0.987707 0.687513 0.998729 0.687711 0.998729 0.722310
0 0.960561 0.697634 0.963196 0.698653 0.964095 0.700450 0.963376 0.702726 0.962358 0.703924 0.959362 0.703684 0.957865 0.702127 0.957805 0.699611 0.959303 0.698233 0.960561 0.697634
0 0.958878 0.705234 0.961873 0.705201 0.963435 0.706601 0.963891 0.708098 0.962784 0.710702 0.960343 0.711158 0.958194 0.710507 0.957055 0.708944 0.957120 0.706959 0.958064 0.705852 0.958878 0.705234
4 0.965551 0.688963 0.968157 0.688124 0.970100 0.689581 0.970232 0.690773 0.969791 0.692186 0.968907 0.692981 0.967141 0.693114 0.965640 0.692628 0.965375 0.690950 0.965110 0.689846 0.965551 0.688963
4 0.957138 0.483646 0.979857 0.487095 0.978640 0.496223 0.956124 0.492572 0.957138 0.483646
4 0.931479 0.444980 0.935912 0.444980 0.936032 0.448934 0.931141 0.449026 0.931479 0.444980
0 0.156316 0.516079 0.150933 0.516378 0.150634 0.511893 0.152578 0.508603 0.156914 0.507856 0.159455 0.512341 0.156316 0.516079
0 0.153160 0.507805 0.150039 0.506061 0.149856 0.503215 0.150682 0.500186 0.153068 0.499544 0.156648 0.500003 0.157657 0.503766 0.156914 0.507856 0.153160 0.507805
0 0.151826 0.568553 0.157724 0.566755 0.158946 0.571214 0.153624 0.572868 0.151826 0.568553
0 0.099007 0.551862 0.105616 0.551495 0.105432 0.558746 0.098915 0.558287 0.099007 0.551862
0 0.183394 0.614687 0.182476 0.608996 0.198355 0.608078 0.198539 0.615421 0.190737 0.615972 0.190920 0.614504 0.183394 0.614687
0 0.919580 0.750940 0.937620 0.751120 0.937801 0.761584 0.919220 0.761042 0.919580 0.750940
