0 0.580024 0.058700 0.605766 0.056428 0.607339 0.081143 0.609362 0.095420 0.584945 0.099963 0.580024 0.058700
0 0.607339 0.081143 0.612382 0.081143 0.614310 0.094046 0.609362 0.095420 0.607339 0.081143
1 0.633593 0.870280 0.652711 0.870280 0.652711 0.881258 0.647221 0.881258 0.647221 0.890912 0.632458 0.889776 0.633593 0.870280
0 0.569238 0.884855 0.594980 0.887505 0.593655 0.908136 0.568102 0.905140 0.567791 0.902404 0.568033 0.895640 0.569238 0.884855
0 0.510770 0.890095 0.537614 0.893506 0.535093 0.920201 0.542656 0.921833 0.541915 0.933697 0.506914 0.928951 0.510770 0.890095
2 0.542184 0.892983 0.568033 0.895640 0.567791 0.902404 0.541701 0.900471 0.542184 0.892983
0 0.577602 0.907880 0.612051 0.909395 0.613186 0.914694 0.577223 0.913748 0.577602 0.907880
0 0.598122 0.864219 0.605125 0.862326 0.606261 0.868005 0.598500 0.868194 0.598122 0.864219
1 0.637454 0.907911 0.665380 0.908600 0.666832 0.928598 0.636660 0.924075 0.637454 0.907911
3 0.699142 0.882919 0.714417 0.884699 0.713824 0.895080 0.698697 0.894487 0.699142 0.882919
