0 0.785831 0.937316 0.793509 0.909162 0.820810 0.913428 0.812705 0.942008 0.785831 0.937316
0 0.732528 0.860551 0.763855 0.861100 0.763542 0.866806 0.764100 0.887789 0.732211 0.887455 0.732528 0.860551
0 0.696870 0.752998 0.729958 0.755671 0.728287 0.774054 0.719931 0.774054 0.719263 0.785083 0.703889 0.777730 0.704891 0.771714 0.702552 0.771714 0.702218 0.767035 0.695867 0.765698 0.696870 0.752998
0 0.639544 0.769432 0.661937 0.770435 0.660266 0.781798 0.638541 0.781464 0.639544 0.769432
0 0.652016 0.691899 0.674037 0.690042 0.675323 0.715121 0.659568 0.717051 0.659247 0.710620 0.655067 0.711585 0.652016 0.691899
0 0.659362 0.725295 0.680086 0.724475 0.681112 0.753816 0.675777 0.754432 0.675982 0.759151 0.644179 0.758330 0.649719 0.742326 0.655259 0.742736 0.659362 0.725295
0 0.680572 0.707416 0.703562 0.702271 0.704848 0.711596 0.697774 0.713203 0.698900 0.720438 0.683144 0.724296 0.680572 0.707416
0 0.745624 0.683633 0.759765 0.685990 0.756360 0.696727 0.743267 0.694108 0.745624 0.683633
0 0.800154 0.681380 0.819852 0.686099 0.816979 0.696358 0.795845 0.691023 0.800154 0.681380
0 0.692232 0.667131 0.715418 0.658924 0.720137 0.665284 0.733679 0.658308 0.742502 0.668157 0.684845 0.692369 0.680536 0.677801 0.691821 0.671850 0.698593 0.675339 0.700029 0.671440 0.692232 0.667131
0 0.710574 0.626837 0.742888 0.632946 0.735493 0.648219 0.706394 0.641306 0.710574 0.626837
0 0.626198 0.576696 0.638245 0.564650 0.657433 0.575622 0.669967 0.581673 0.676478 0.585338 0.658409 0.601574 0.636412 0.590575 0.640602 0.584552 0.626198 0.576696
0 0.703982 0.594143 0.708995 0.569410 0.717351 0.567739 0.720025 0.576094 0.724370 0.577766 0.717351 0.599824 0.703982 0.594143
0 0.717257 0.531720 0.733300 0.529715 0.738313 0.539742 0.740319 0.560798 0.726615 0.563137 0.717257 0.531720
0 0.690598 0.488681 0.719142 0.487109 0.719358 0.496935 0.719541 0.502406 0.701335 0.504655 0.700287 0.498632 0.690336 0.498370 0.690598 0.488681
0 0.710695 0.316627 0.710821 0.304282 0.725055 0.303401 0.725559 0.314108 0.710695 0.316627
0 0.657433 0.575622 0.662403 0.565141 0.676342 0.571624 0.669967 0.581673 0.657433 0.575622
0 0.658979 0.519322 0.683457 0.519930 0.683457 0.531181 0.661868 0.530725 0.662476 0.535438 0.653809 0.537263 0.652289 0.531181 0.658371 0.530117 0.658979 0.519322
0 0.657154 0.541649 0.670382 0.538608 0.672966 0.548947 0.660043 0.551836 0.657154 0.541649
0 0.718848 0.525277 0.718634 0.507092 0.733609 0.506450 0.733609 0.524635 0.718848 0.525277
0 0.719358 0.496935 0.725192 0.496935 0.725192 0.502337 0.719541 0.502406 0.719358 0.496935
0 0.750798 0.438386 0.749501 0.434712 0.763116 0.433740 0.763764 0.446706 0.739453 0.448327 0.738372 0.439467 0.750798 0.438386
0 0.725730 0.398515 0.746476 0.395166 0.747340 0.399812 0.759550 0.397543 0.764305 0.425096 0.750582 0.427473 0.749610 0.420234 0.731673 0.423367 0.725730 0.398515
0 0.686294 0.397793 0.687054 0.405851 0.678692 0.406611 0.679300 0.415125 0.674739 0.415733 0.675195 0.422119 0.667897 0.422727 0.666529 0.398857 0.686294 0.397793
0 0.753181 0.562087 0.771121 0.562087 0.771881 0.575466 0.753637 0.575466 0.753181 0.562087
0 0.767752 0.612335 0.757704 0.612552 0.757379 0.600882 0.772291 0.600234 0.772831 0.617522 0.775640 0.617522 0.776288 0.626706 0.769913 0.626706 0.770454 0.628651 0.777477 0.628867 0.778328 0.649096 0.781353 0.649096 0.781691 0.653071 0.756623 0.654908 0.755326 0.617954 0.768293 0.617306 0.767752 0.612335
0 0.775311 0.610373 0.788736 0.610864 0.790264 0.621997 0.780714 0.622379 0.782242 0.636786 0.785080 0.636513 0.790373 0.636350 0.791519 0.647483 0.779841 0.648301 0.775311 0.610373
0 0.804280 0.649581 0.827079 0.657901 0.847285 0.642990 0.853011 0.650554 0.830645 0.668814 0.828268 0.676918 0.805037 0.670867 0.802767 0.677782 0.786128 0.674217 0.788613 0.661575 0.804280 0.649581
0 0.809520 0.701296 0.841825 0.709425 0.833053 0.732316 0.806311 0.724401 0.807595 0.720764 0.801605 0.718838 0.806311 0.700440 0.809520 0.701296
0 0.762043 0.683625 0.791000 0.687299 0.785382 0.712799 0.762907 0.708477 0.765284 0.691945 0.759557 0.691189 0.761070 0.683193 0.762043 0.683625
0 0.744835 0.699180 0.757302 0.701308 0.753197 0.711647 0.741490 0.708910 0.744835 0.699180
0 0.719339 0.791762 0.729180 0.792404 0.728538 0.799250 0.718911 0.799250 0.719339 0.791762
0 0.684254 0.769513 0.696234 0.772936 0.693453 0.784489 0.679975 0.780424 0.684254 0.769513
0 0.671789 0.803303 0.677871 0.804215 0.675286 0.813337 0.682432 0.814858 0.679847 0.826109 0.663427 0.823068 0.671789 0.803303
0 0.763542 0.866806 0.768712 0.866198 0.769624 0.888243 0.764100 0.887789 0.763542 0.866806
0 0.555046 0.458598 0.555700 0.456544 0.557007 0.455610 0.558781 0.454397 0.561021 0.455144 0.562422 0.456264 0.562982 0.459158 0.561582 0.460932 0.558874 0.461119 0.556540 0.460652 0.555046 0.458598
