0 0.630050 0.504061 0.588811 0.514672 0.583264 0.490074 0.601593 0.485491 0.603522 0.489109 0.623539 0.483803 0.630050 0.504061
0 0.662520 0.468136 0.662039 0.455957 0.669469 0.455166 0.669299 0.443638 0.682361 0.442816 0.682302 0.465982 0.662520 0.468136
0 0.633077 0.387583 0.620667 0.365795 0.645275 0.351919 0.659822 0.374067 0.633077 0.387583
0 0.649682 0.432353 0.637112 0.400927 0.647375 0.396394 0.644580 0.390741 0.675883 0.377538 0.698379 0.413421 0.649682 0.432353
0 0.577093 0.375089 0.569135 0.359172 0.595422 0.348561 0.602898 0.366649 0.577093 0.375089
0 0.545815 0.304405 0.540509 0.271365 0.542438 0.263648 0.538580 0.260031 0.561731 0.252072 0.565590 0.261478 0.576925 0.290658 0.578854 0.296446 0.545815 0.304405
0 0.546520 0.000008 0.547494 0.007811 0.553729 0.007624 0.562674 0.063960 0.527744 0.065890 0.524836 0.027852 0.516927 0.027766 0.516632 0.019375 0.524536 0.019469 0.522512 0.000008 0.546520 0.000008
0 0.488203 0.000008 0.498048 0.017545 0.478965 0.025240 0.463273 0.000008 0.488203 0.000008
0 0.999010 0.375235 0.993247 0.398573 0.973225 0.398305 0.999010 0.335895 0.999010 0.375235
0 0.963768 0.342142 0.950113 0.332707 0.969415 0.308704 0.982750 0.317459 0.963768 0.342142
0 0.999010 0.179580 0.976025 0.190878 0.964633 0.174379 0.999010 0.156815 0.999010 0.179580
0 0.591645 0.401018 0.584835 0.389987 0.599444 0.382816 0.596850 0.377833 0.604971 0.373634 0.613259 0.390257 0.591645 0.401018
0 0.561845 0.404590 0.590575 0.402446 0.591724 0.416803 0.561957 0.418903 0.561845 0.404590
0 0.549412 0.407225 0.561132 0.406394 0.561791 0.416090 0.549497 0.416920 0.549412 0.407225
0 0.592907 0.406210 0.615729 0.396638 0.626688 0.420346 0.603615 0.430763 0.592907 0.406210
0 0.619729 0.425022 0.630568 0.420056 0.645169 0.448239 0.628232 0.456900 0.618314 0.438579 0.625063 0.435154 0.619729 0.425022
0 0.584021 0.438531 0.600250 0.433043 0.606277 0.447995 0.589607 0.453218 0.584021 0.438531
0 0.412439 0.306431 0.424604 0.301700 0.428885 0.310035 0.418296 0.314766 0.412439 0.306431
