0 0.196717 0.794823 0.157407 0.780353 0.155960 0.773600 0.157889 0.764918 0.207810 0.781318 0.202022 0.792411 0.196717 0.794823
0 0.282917 0.746743 0.280987 0.738544 0.286293 0.730103 0.293769 0.728174 0.298833 0.728897 0.304139 0.734203 0.307998 0.735891 0.312339 0.739749 0.308480 0.750602 0.282917 0.746743
0 0.024577 0.791108 0.019512 0.785803 0.012519 0.777362 0.015895 0.774468 0.013483 0.769886 0.014930 0.763616 0.019271 0.762651 0.023371 0.766268 0.027230 0.766751 0.038564 0.776156 0.024577 0.791108
0 0.105472 0.709870 0.105176 0.701578 0.107397 0.691067 0.109470 0.684996 0.157143 0.695064 0.158475 0.703799 0.159660 0.703799 0.158475 0.716088 0.155366 0.718605 0.154478 0.727488 0.135083 0.724675 0.110506 0.716828 0.105472 0.709870
0 0.127442 0.646869 0.104938 0.640059 0.104198 0.637690 0.109232 0.622588 0.134253 0.629695 0.135141 0.632804 0.165196 0.642132 0.195399 0.651163 0.191254 0.665228 0.127442 0.646869
0 0.933313 0.119559 0.929534 0.114835 0.926889 0.107654 0.934069 0.106521 0.935770 0.101230 0.942005 0.102175 0.946540 0.107465 0.949375 0.115402 0.933313 0.119559
0 0.914774 0.064860 0.913441 0.048426 0.936389 0.048278 0.937722 0.062640 0.914774 0.064860
0 0.006304 0.000000 0.025199 0.009978 0.024065 0.021126 0.015751 0.036999 0.006492 0.033408 0.000011 0.027460 0.000011 0.000000 0.006304 0.000000
0 0.023687 0.036621 0.025955 0.028873 0.033702 0.013946 0.039749 0.006387 0.069415 0.020748 0.055054 0.048147 0.054865 0.058162 0.045229 0.058351 0.045795 0.049470 0.023687 0.036621
0 0.064098 0.042021 0.068066 0.033140 0.074301 0.035219 0.076380 0.029361 0.093953 0.034841 0.093764 0.042210 0.100189 0.045045 0.105857 0.035030 0.121163 0.042966 0.113983 0.057138 0.103212 0.055437 0.103590 0.059028 0.103401 0.072633 0.095654 0.081703 0.086584 0.080002 0.063531 0.069987 0.062586 0.066019 0.071089 0.046745 0.064098 0.042021
