0 0.790378 0.000005 0.782324 0.011296 0.776281 0.007519 0.767972 0.017339 0.747080 0.000006 0.790378 0.000005
0 0.723908 0.016080 0.735239 0.002987 0.767972 0.025396 0.750347 0.050827 0.724160 0.033202 0.731966 0.023382 0.723908 0.016080
0 0.579595 0.180760 0.582841 0.162674 0.611129 0.166848 0.606183 0.187098 0.579595 0.180760
0 0.627669 0.184470 0.631070 0.175659 0.643127 0.179987 0.650701 0.183388 0.646837 0.192508 0.627669 0.184470
0 0.593817 0.211212 0.611748 0.187098 0.623496 0.193435 0.615457 0.203174 0.622723 0.208430 0.610666 0.224351 0.593817 0.211212
0 0.632307 0.198846 0.633852 0.196372 0.643900 0.201937 0.640808 0.206729 0.646064 0.210748 0.642509 0.217395 0.644364 0.220023 0.639881 0.225742 0.622877 0.215386 0.632307 0.198846
1 0.604946 0.263614 0.623341 0.258977 0.647764 0.250784 0.652865 0.263923 0.644673 0.267324 0.628442 0.274589 0.629215 0.282009 0.610047 0.286337 0.604946 0.263614
0 0.644982 0.271034 0.656266 0.266860 0.659976 0.275517 0.648692 0.279690 0.644982 0.271034
4 0.650087 0.246677 0.668945 0.237248 0.679302 0.259971 0.659516 0.267236 0.650087 0.246677
4 0.615306 0.301707 0.634629 0.296451 0.637257 0.307736 0.619171 0.313301 0.615306 0.301707
0 0.970461 0.158224 0.978218 0.148364 0.989266 0.157439 0.981375 0.165923 0.970461 0.158224
0 0.919822 0.163358 0.939156 0.146391 0.963225 0.174011 0.953558 0.180719 0.949415 0.174800 0.937775 0.183086 0.919822 0.163358
0 0.928305 0.207747 0.953952 0.196107 0.962041 0.217217 0.939156 0.228265 0.928305 0.207747
4 0.907393 0.241088 0.913706 0.234578 0.925346 0.243850 0.919230 0.250361 0.907393 0.241088
