0 0.000012 0.362946 0.034938 0.335326 0.052224 0.351843 0.000012 0.397067 0.000012 0.362946
0 0.000012 0.318679 0.013183 0.311071 0.028764 0.325129 0.014238 0.336843 0.000012 0.324670 0.000012 0.318679
0 0.000012 0.326194 0.013418 0.338835 0.000012 0.351826 0.000012 0.326194
0 0.089040 0.283192 0.095169 0.288126 0.098608 0.293808 0.110121 0.302629 0.098160 0.316234 0.082611 0.306965 0.070949 0.316683 0.063473 0.310104 0.063174 0.306666 0.074387 0.297545 0.073939 0.294705 0.089040 0.283192
0 0.110822 0.304416 0.123082 0.313686 0.113812 0.326992 0.100057 0.317124 0.110822 0.304416
0 0.011874 0.412317 0.019857 0.420784 0.009754 0.429141 0.003366 0.423759 0.003366 0.418377 0.011874 0.412317
0 0.047509 0.364655 0.064481 0.378104 0.056211 0.385439 0.047149 0.377888 0.036649 0.386806 0.029386 0.379758 0.047509 0.364655
0 0.091039 0.349601 0.104014 0.347693 0.106686 0.356471 0.094092 0.359715 0.091039 0.349601
0 0.420290 0.342519 0.427977 0.349363 0.442234 0.367135 0.428877 0.378775 0.408650 0.391941 0.392049 0.372096 0.403117 0.363509 0.399109 0.359120 0.420290 0.342519
0 0.108424 0.480305 0.132658 0.492517 0.130178 0.500150 0.118156 0.510645 0.094876 0.498433 0.108424 0.480305
0 0.050141 0.489859 0.066736 0.500774 0.049842 0.519163 0.033993 0.507950 0.050141 0.489859
0 0.059261 0.481337 0.068530 0.470273 0.080641 0.478945 0.071072 0.490756 0.059261 0.481337
0 0.115776 0.467134 0.121607 0.471320 0.116822 0.478347 0.110842 0.474310 0.115776 0.467134
0 0.004413 0.466978 0.016091 0.457064 0.023980 0.464953 0.013893 0.474364 0.010221 0.470722 0.008911 0.471201 0.004413 0.466978
4 0.496610 0.029718 0.517506 0.029917 0.519849 0.034135 0.500989 0.050769 0.487634 0.033900 0.492811 0.029759 0.496610 0.029718
0 0.561202 0.044209 0.552181 0.057564 0.540584 0.052058 0.540233 0.058735 0.533087 0.067052 0.513055 0.056861 0.513758 0.053229 0.520488 0.042246 0.533009 0.046598 0.540605 0.035283 0.545270 0.032729 0.561202 0.044209
4 0.538241 0.030386 0.537070 0.032377 0.540605 0.035283 0.533009 0.046598 0.520488 0.042246 0.521724 0.040226 0.519381 0.038000 0.526396 0.029401 0.529116 0.029372 0.538241 0.030386
0 0.480905 0.058094 0.488759 0.065362 0.478742 0.084499 0.481635 0.087562 0.465318 0.112890 0.455820 0.107045 0.480905 0.058094
0 0.488759 0.065362 0.502065 0.074183 0.498328 0.087041 0.504458 0.090181 0.493244 0.116195 0.474705 0.111411 0.484423 0.087190 0.478742 0.084499 0.488759 0.065362
0 0.451893 0.106258 0.465318 0.112890 0.457125 0.130030 0.443370 0.123751 0.451893 0.106258
0 0.469535 0.131353 0.479024 0.134516 0.476916 0.142130 0.467193 0.139201 0.469535 0.131353
0 0.549051 0.109583 0.569850 0.106721 0.576147 0.131718 0.555013 0.136746 0.549051 0.109583
0 0.561590 0.137638 0.563973 0.158958 0.551907 0.159427 0.550970 0.137872 0.561590 0.137638
0 0.567810 0.133583 0.580344 0.132294 0.581633 0.151389 0.569215 0.151623 0.567810 0.133583
0 0.581750 0.126788 0.596159 0.125968 0.598970 0.161697 0.590112 0.162385 0.584281 0.159544 0.581750 0.126788
0 0.575622 0.110084 0.592218 0.112028 0.593115 0.124886 0.575323 0.123690 0.575622 0.110084
0 0.599694 0.125783 0.617485 0.127577 0.618682 0.140585 0.624213 0.140585 0.625260 0.149854 0.600890 0.151200 0.599694 0.125783
0 0.619579 0.131464 0.629147 0.126531 0.631689 0.131315 0.637071 0.130119 0.644846 0.146565 0.630642 0.150751 0.619579 0.131464
0 0.636378 0.174803 0.640010 0.171640 0.639893 0.168477 0.646218 0.166369 0.655004 0.182535 0.643641 0.187104 0.636378 0.174803
0 0.646546 0.144129 0.657194 0.139448 0.663252 0.151105 0.652421 0.155327 0.646546 0.144129
0 0.645736 0.158628 0.655225 0.155933 0.659793 0.162025 0.651125 0.166359 0.645736 0.158628
0 0.667274 0.111447 0.674525 0.109157 0.679295 0.120797 0.672235 0.122896 0.667274 0.111447
0 0.632529 0.201782 0.640005 0.201782 0.640005 0.212696 0.632978 0.212248 0.632529 0.201782
0 0.134393 0.533640 0.165497 0.561500 0.157673 0.567988 0.150040 0.560164 0.138400 0.570277 0.121608 0.549478 0.128669 0.542036 0.128860 0.538220 0.134393 0.533640
0 0.098249 0.532724 0.117713 0.544746 0.117140 0.552569 0.131070 0.567072 0.120384 0.575277 0.109699 0.565927 0.103020 0.572414 0.083941 0.556466 0.085655 0.554478 0.080694 0.549135 0.098249 0.532724
0 0.083941 0.556466 0.103020 0.572414 0.097786 0.577341 0.094390 0.574955 0.085303 0.583399 0.065844 0.564307 0.076675 0.548979 0.083941 0.556466
0 0.097786 0.577341 0.101548 0.574538 0.107288 0.580513 0.112443 0.587541 0.099557 0.599139 0.094754 0.591290 0.087959 0.585081 0.097786 0.577341
0 0.087959 0.585081 0.094754 0.591290 0.099557 0.599139 0.084398 0.609550 0.072437 0.594300 0.087959 0.585081
0 0.061631 0.569497 0.074788 0.581757 0.045036 0.603137 0.034420 0.588784 0.061631 0.569497
0 0.039324 0.613833 0.053253 0.624328 0.034553 0.640738 0.028065 0.629862 0.031691 0.627763 0.028065 0.622611 0.039324 0.613833
0 0.039072 0.653070 0.050584 0.652921 0.050584 0.649482 0.063143 0.650230 0.062844 0.663686 0.039221 0.663536 0.039072 0.653070
0 0.038474 0.675198 0.060153 0.675198 0.058957 0.697774 0.038025 0.696728 0.038474 0.675198
0 0.029802 0.703605 0.042660 0.703755 0.046398 0.708090 0.040567 0.724985 0.046099 0.727078 0.040567 0.739936 0.035334 0.737843 0.032792 0.742777 0.016795 0.739189 0.029802 0.703605
0 0.035557 0.741337 0.049910 0.746420 0.036903 0.777668 0.039295 0.781107 0.035707 0.785742 0.033016 0.784247 0.024643 0.799198 0.003861 0.788582 0.017616 0.748962 0.028829 0.748065 0.035557 0.741337
0 0.000012 0.721618 0.016433 0.727819 0.014639 0.739630 0.018676 0.742321 0.013144 0.753834 0.000012 0.751591 0.000012 0.721618
0 0.013144 0.753834 0.008672 0.771924 0.000012 0.769479 0.000012 0.751591 0.013144 0.753834
0 0.007241 0.796899 0.024643 0.799198 0.037962 0.807585 0.027658 0.825522 0.009149 0.829720 0.000012 0.821144 0.000012 0.809953 0.007241 0.796899
0 0.350852 0.932503 0.372223 0.935365 0.370697 0.947578 0.349134 0.946242 0.350852 0.932503
0 0.944037 0.067070 0.959874 0.077374 0.947280 0.094739 0.938121 0.089396 0.942319 0.082717 0.936213 0.078138 0.944037 0.067070
0 0.215559 0.089670 0.223764 0.091006 0.220521 0.104363 0.212697 0.103027 0.215559 0.089670
0 0.443530 0.077594 0.455552 0.084845 0.438951 0.113468 0.426738 0.106980 0.443530 0.077594
0 0.618964 0.117677 0.622208 0.106609 0.646633 0.111952 0.644725 0.122447 0.618964 0.117677
0 0.626711 0.179742 0.633831 0.176074 0.639728 0.184920 0.632680 0.188948 0.626711 0.179742
0 0.433488 0.395780 0.458240 0.388534 0.462457 0.398960 0.438091 0.407394 0.433488 0.395780
0 0.023591 0.514192 0.030384 0.506621 0.037760 0.512639 0.030578 0.519821 0.023591 0.514192
0 0.155717 0.489808 0.166381 0.497296 0.158666 0.509096 0.146640 0.500927 0.155717 0.489808
