0 0.412372 0.592708 0.419050 0.592898 0.418669 0.602248 0.411799 0.601485 0.412372 0.592708
0 0.368728 0.364562 0.373512 0.371290 0.366784 0.377271 0.360953 0.370393 0.368728 0.364562
2 0.485113 0.290694 0.497046 0.296572 0.490227 0.306801 0.478781 0.300225 0.485113 0.290694
3 0.487792 0.288292 0.500533 0.266002 0.511902 0.266096 0.511902 0.275384 0.519695 0.278307 0.519208 0.282447 0.542998 0.293683 0.536948 0.306087 0.510928 0.295354 0.509467 0.297790 0.487792 0.288292
0 0.604479 0.214668 0.606143 0.233157 0.589047 0.235954 0.576614 0.236265 0.582831 0.240617 0.565736 0.259266 0.566652 0.265738 0.546307 0.280253 0.538459 0.272314 0.543664 0.266782 0.542458 0.265391 0.536489 0.269706 0.530592 0.263521 0.534835 0.259206 0.529933 0.255376 0.562326 0.222195 0.604479 0.214668
0 0.579544 0.249741 0.587940 0.257564 0.578590 0.270731 0.568992 0.263671 0.579544 0.249741
0 0.629111 0.200932 0.667084 0.186239 0.672236 0.197307 0.674526 0.196925 0.681204 0.209519 0.663077 0.215816 0.659833 0.210473 0.648384 0.216389 0.641514 0.205894 0.630638 0.209328 0.629111 0.200932
2 0.651509 0.146956 0.670469 0.148821 0.669226 0.165605 0.650266 0.164673 0.651509 0.146956
2 0.725154 0.148919 0.719066 0.176195 0.699096 0.171568 0.706645 0.145022 0.725154 0.148919
0 0.685944 0.153302 0.699826 0.155251 0.696904 0.167915 0.684727 0.165479 0.685944 0.153302
0 0.708106 0.191051 0.715169 0.186180 0.722475 0.193730 0.717361 0.198844 0.708106 0.191051
0 0.711366 0.000006 0.693690 0.020483 0.684366 0.014888 0.698324 0.000007 0.711366 0.000006
0 0.684366 0.014888 0.693690 0.020483 0.675663 0.040375 0.666960 0.034470 0.684366 0.014888
0 0.651514 0.045280 0.673267 0.039937 0.676320 0.051767 0.655521 0.057492 0.651514 0.045280
0 0.643881 0.051195 0.646171 0.060927 0.633768 0.064743 0.631096 0.055202 0.643881 0.051195
4 0.870622 0.000004 0.865318 0.011678 0.838629 0.000004 0.870622 0.000004
0 0.881614 0.000003 0.877279 0.016049 0.868906 0.014105 0.872643 0.000004 0.881614 0.000003
0 0.889090 0.011713 0.886549 0.017993 0.878624 0.014703 0.880867 0.008424 0.889090 0.011713
3 0.460022 0.205789 0.479749 0.218940 0.468790 0.232821 0.448089 0.218696 0.460022 0.205789
2 0.478288 0.184844 0.482671 0.182896 0.482671 0.181435 0.513844 0.200674 0.525290 0.210659 0.513601 0.226733 0.508973 0.223323 0.501180 0.229655 0.489978 0.221375 0.496553 0.213825 0.487786 0.208224 0.482671 0.211877 0.469520 0.201405 0.477801 0.196778 0.467572 0.188254 0.471225 0.182896 0.478288 0.184844
0 0.519139 0.165778 0.527344 0.169975 0.532115 0.164823 0.536503 0.166922 0.539938 0.162724 0.549670 0.168831 0.549097 0.170548 0.594512 0.191920 0.581346 0.210620 0.565317 0.205658 0.568370 0.201079 0.557875 0.197262 0.546808 0.213291 0.519330 0.201079 0.519521 0.197072 0.505019 0.187340 0.519139 0.165778
2 0.425936 0.126335 0.411327 0.138146 0.416300 0.145606 0.401070 0.160214 0.386772 0.141876 0.404800 0.126645 0.397962 0.116699 0.407908 0.108618 0.425936 0.126335
3 0.422517 0.141298 0.433706 0.154353 0.419098 0.169583 0.415679 0.173313 0.401070 0.161191 0.416300 0.146582 0.422517 0.141298
0 0.434683 0.154353 0.454886 0.169272 0.445562 0.180151 0.441832 0.178286 0.438413 0.183259 0.420074 0.169583 0.434683 0.154353
0 0.491868 0.161652 0.478230 0.175777 0.465566 0.165305 0.467515 0.162139 0.462157 0.157756 0.467758 0.151667 0.472873 0.155320 0.479935 0.150206 0.491868 0.161652
0 0.456069 0.159460 0.444379 0.143874 0.457530 0.133158 0.467271 0.149232 0.456069 0.159460
0 0.471898 0.136081 0.477256 0.142900 0.467271 0.149232 0.463862 0.140952 0.471898 0.136081
0 0.344943 0.028811 0.342272 0.039688 0.322999 0.035681 0.326052 0.024613 0.344943 0.028811
4 0.385547 0.000007 0.390489 0.004257 0.392016 0.012653 0.359768 0.013989 0.359756 0.000007 0.385547 0.000007
0 0.349422 0.066018 0.349954 0.054137 0.365317 0.054328 0.363592 0.041473 0.358965 0.040743 0.358340 0.029666 0.368463 0.029507 0.368410 0.036399 0.385754 0.037426 0.390625 0.076299 0.371142 0.077760 0.368759 0.065702 0.349422 0.066018
0 0.416451 0.008225 0.420834 0.021620 0.405004 0.025516 0.399890 0.012609 0.416451 0.008225
3 0.461505 0.009199 0.456391 0.030387 0.434959 0.026490 0.435934 0.023568 0.427653 0.023081 0.431550 0.004085 0.461505 0.009199
0 0.444701 0.035014 0.469298 0.050600 0.463453 0.056932 0.456147 0.052549 0.456147 0.067892 0.447867 0.074711 0.429602 0.058637 0.442266 0.045730 0.434472 0.039398 0.444701 0.035014
0 0.458339 0.042077 0.451033 0.037936 0.452738 0.032335 0.462236 0.036232 0.458339 0.042077
0 0.630638 0.209328 0.638819 0.206949 0.642745 0.213014 0.643480 0.222560 0.629819 0.223630 0.630638 0.209328
0 0.562052 0.351390 0.568661 0.351115 0.568844 0.358458 0.562511 0.358641 0.562052 0.351390
