0 0.427122 0.239856 0.425657 0.222642 0.427854 0.222642 0.427488 0.200301 0.442504 0.199935 0.442504 0.210922 0.457411 0.210498 0.457153 0.223008 0.461915 0.223008 0.462647 0.250477 0.435179 0.248645 0.433714 0.242053 0.427122 0.239856
0 0.418455 0.298371 0.402941 0.273414 0.414858 0.266893 0.419130 0.273639 0.435543 0.264645 0.446111 0.280609 0.418455 0.298371
0 0.542726 0.385569 0.551335 0.365482 0.571996 0.376099 0.565970 0.393891 0.557935 0.391882 0.555639 0.395613 0.542726 0.385569
0 0.579370 0.406600 0.589713 0.386364 0.604553 0.394009 0.594660 0.414469 0.579370 0.406600
0 0.526091 0.456554 0.535980 0.442271 0.556123 0.455822 0.548432 0.468274 0.526091 0.456554
0 0.537315 0.438189 0.548108 0.411883 0.566994 0.419977 0.561823 0.432344 0.566095 0.434142 0.560249 0.446958 0.537315 0.438189
0 0.553533 0.466720 0.569047 0.434568 0.584561 0.440639 0.569390 0.472412 0.553533 0.466720
0 0.572384 0.472803 0.582727 0.448295 0.600040 0.455490 0.590147 0.481572 0.572384 0.472803
0 0.249813 0.545262 0.265596 0.508818 0.270761 0.488731 0.331310 0.485287 0.330736 0.504514 0.287405 0.509679 0.267892 0.552723 0.249813 0.545262
0 0.345987 0.510911 0.361456 0.499056 0.368910 0.507890 0.354140 0.518380 0.345987 0.510911
0 0.340595 0.535972 0.339921 0.532150 0.353411 0.525854 0.363304 0.547439 0.348690 0.553060 0.340595 0.535972
0 0.299603 0.562467 0.331137 0.542383 0.344526 0.558591 0.313344 0.579379 0.299603 0.562467
0 0.275389 0.583546 0.296805 0.567406 0.315310 0.587209 0.296997 0.602591 0.275389 0.583546
0 0.239994 0.624050 0.266637 0.589928 0.286737 0.605820 0.280660 0.612364 0.284399 0.615169 0.262430 0.644149 0.239994 0.624050
0 0.177711 0.731839 0.175705 0.731231 0.168294 0.713858 0.183457 0.718370 0.189447 0.727707 0.177711 0.731839
0 0.157408 0.719074 0.166601 0.715289 0.174172 0.734648 0.165195 0.738109 0.157408 0.719074
0 0.188440 0.765960 0.201001 0.760715 0.205004 0.772862 0.193824 0.776451 0.188440 0.765960
0 0.205023 0.806881 0.196704 0.779451 0.208396 0.774504 0.216940 0.803733 0.205023 0.806881
0 0.227572 0.838986 0.218103 0.814021 0.229294 0.810290 0.238764 0.836403 0.227572 0.838986
0 0.205503 0.879277 0.218076 0.846796 0.241684 0.854665 0.228426 0.886075 0.205503 0.879277
0 0.259163 0.882423 0.288757 0.882656 0.288757 0.908309 0.259525 0.907116 0.259163 0.882423
0 0.258684 0.941553 0.253288 0.942227 0.256435 0.919069 0.282067 0.917945 0.282967 0.930985 0.289487 0.930311 0.290836 0.947174 0.279369 0.947399 0.279819 0.942902 0.258684 0.941553
0 0.249002 0.999006 0.249290 0.997028 0.290388 0.979615 0.299473 0.992161 0.299662 0.999007 0.249002 0.999006
0 0.294392 0.984362 0.332779 0.963346 0.341762 0.981057 0.320238 0.992751 0.318119 0.988599 0.301171 0.996480 0.298968 0.991480 0.294392 0.984362
0 0.198453 0.999005 0.198132 0.989277 0.236643 0.989277 0.236152 0.999006 0.198453 0.999005
0 0.209715 0.959148 0.235131 0.960122 0.235564 0.978291 0.218476 0.977534 0.217827 0.980022 0.205497 0.980022 0.205930 0.959797 0.209715 0.959148
0 0.224075 0.929672 0.235526 0.929848 0.235174 0.941652 0.222842 0.941652 0.223018 0.946761 0.211743 0.946408 0.212272 0.938833 0.215971 0.938833 0.217029 0.934253 0.222314 0.930377 0.224075 0.929672
0 0.000010 0.885109 0.015399 0.887592 0.010982 0.925827 0.000010 0.923621 0.000010 0.885109
0 0.042592 0.915199 0.028098 0.911886 0.029341 0.909401 0.019264 0.906779 0.024095 0.890215 0.033068 0.892975 0.039555 0.868129 0.054187 0.872270 0.042592 0.915199
0 0.766876 0.072863 0.773394 0.048023 0.791539 0.060884 0.784317 0.077796 0.766876 0.072863
0 0.751098 0.141244 0.754093 0.135783 0.751627 0.134021 0.759907 0.123099 0.763959 0.126622 0.766954 0.122746 0.782456 0.134550 0.768715 0.154281 0.751098 0.141244
0 0.923690 0.170246 0.928281 0.153602 0.922542 0.151594 0.927133 0.136098 0.934594 0.136098 0.940047 0.115724 0.956116 0.122898 0.956977 0.120315 0.971612 0.124045 0.967595 0.141263 0.958699 0.138394 0.958699 0.144420 0.953534 0.160490 0.948655 0.159342 0.944351 0.173690 0.923690 0.170246
0 0.789555 0.082997 0.790454 0.076701 0.795176 0.077601 0.795176 0.083446 0.789555 0.082997
0 0.896090 0.394463 0.898338 0.383221 0.915876 0.389066 0.913403 0.399184 0.896090 0.394463
0 0.523866 0.431672 0.532029 0.420924 0.541416 0.427046 0.533661 0.438882 0.523866 0.431672
0 0.287775 0.910761 0.300628 0.910317 0.300407 0.922505 0.286889 0.924057 0.287775 0.910761
