0 0.702252 0.038071 0.716550 0.019422 0.735821 0.033719 0.720280 0.052990 0.702252 0.038071
0 0.744553 0.106785 0.772296 0.089339 0.791199 0.113563 0.764584 0.131398 0.744553 0.106785
0 0.854584 0.224463 0.855516 0.203327 0.852719 0.202705 0.853651 0.190273 0.877895 0.193070 0.877274 0.204260 0.882868 0.204881 0.879760 0.227882 0.854584 0.224463
0 0.835364 0.235110 0.856548 0.237167 0.853052 0.256705 0.835364 0.235110
0 0.827233 0.273662 0.850349 0.280027 0.843313 0.304483 0.829462 0.301305 0.820197 0.298453 0.827233 0.273662
0 0.820197 0.298453 0.829462 0.301305 0.821037 0.325436 0.810753 0.321734 0.820197 0.298453
0 0.849246 0.316547 0.865038 0.319770 0.859076 0.337980 0.843767 0.329600 0.849246 0.316547
0 0.962101 0.795901 0.991306 0.792199 0.992951 0.807625 0.964980 0.811738 0.962101 0.795901
0 0.920144 0.753739 0.945442 0.755179 0.945030 0.765668 0.920556 0.765462 0.920144 0.753739
0 0.512043 0.022284 0.549054 0.039871 0.544067 0.049320 0.507318 0.031208 0.512043 0.022284
0 0.497417 0.081574 0.506798 0.068844 0.514838 0.074874 0.504788 0.088945 0.497417 0.081574
0 0.411765 0.209632 0.420316 0.196378 0.431446 0.202992 0.435281 0.204929 0.427158 0.216901 0.411765 0.209632
0 0.420316 0.196378 0.428375 0.183548 0.439893 0.190540 0.431446 0.202992 0.420316 0.196378
1 0.430303 0.237053 0.440617 0.220778 0.452703 0.227707 0.442067 0.244144 0.430303 0.237053
0 0.467556 0.330825 0.468314 0.318956 0.489526 0.320218 0.489021 0.331582 0.467556 0.330825
0 0.458718 0.343830 0.459476 0.334612 0.482203 0.336128 0.481319 0.345850 0.458718 0.343830
