4 0.860849 0.000004 0.865192 0.002044 0.856800 0.008260 0.857111 0.012922 0.854313 0.016963 0.846543 0.013544 0.844367 0.006706 0.838461 0.000004 0.860849 0.000004
0 0.806136 0.000933 0.815460 0.004219 0.823542 0.007949 0.824163 0.015098 0.822299 0.019760 0.813285 0.023801 0.809866 0.024734 0.804582 0.035612 0.800541 0.037788 0.796811 0.045559 0.793081 0.043072 0.790595 0.027842 0.806136 0.000933
0 0.807381 0.079917 0.826026 0.085470 0.818885 0.117206 0.799051 0.113239 0.807381 0.079917
0 0.841992 0.052798 0.846344 0.051555 0.855358 0.059325 0.855358 0.064298 0.843857 0.077975 0.830492 0.067407 0.841992 0.052798
0 0.860953 0.036014 0.865926 0.039743 0.875872 0.050933 0.885197 0.059947 0.878048 0.068650 0.873075 0.063677 0.868102 0.068028 0.849452 0.048136 0.860953 0.036014
0 0.892035 0.051244 0.898562 0.057149 0.891413 0.063677 0.885818 0.056839 0.892035 0.051244
0 0.940870 0.070588 0.955789 0.078359 0.947708 0.092346 0.934964 0.083021 0.940870 0.070588
0 0.886041 0.117567 0.907930 0.117799 0.906997 0.130542 0.904437 0.136031 0.886736 0.133459 0.886041 0.117567
0 0.759467 0.066582 0.768478 0.069992 0.757763 0.089962 0.752892 0.089719 0.750457 0.084117 0.759467 0.066582
0 0.966197 0.531283 0.974964 0.534205 0.974234 0.542485 0.973016 0.548087 0.971555 0.548817 0.965710 0.572197 0.951341 0.568544 0.956699 0.545895 0.959865 0.541511 0.966197 0.531283
0 0.833108 0.121342 0.832615 0.098636 0.850714 0.098142 0.850549 0.121013 0.841335 0.123810 0.833437 0.121342 0.833108 0.121342
