0 0.806444 0.000005 0.805543 0.006380 0.792835 0.004436 0.793405 0.000005 0.806444 0.000005
0 0.784746 0.000005 0.781010 0.012025 0.765012 0.008287 0.767403 0.000006 0.784746 0.000005
0 0.842734 0.076817 0.880343 0.088628 0.877444 0.104940 0.872510 0.104043 0.866978 0.127816 0.842458 0.121088 0.848140 0.098511 0.839019 0.096119 0.842734 0.076817
0 0.672994 0.095976 0.684506 0.108386 0.680619 0.115413 0.672994 0.121094 0.660884 0.108386 0.672994 0.095976
0 0.458193 0.034853 0.479374 0.053553 0.465826 0.066528 0.454186 0.056988 0.456858 0.054125 0.448080 0.045729 0.458193 0.034853
3 0.437776 0.012145 0.451515 0.012718 0.451515 0.021686 0.437776 0.021686 0.437776 0.012145
3 0.392149 0.086726 0.404743 0.083864 0.407796 0.096649 0.395774 0.099511 0.392149 0.086726
0 0.619136 0.122447 0.622866 0.132082 0.623731 0.141718 0.595968 0.148537 0.590610 0.132220 0.619136 0.122447
0 0.512000 0.147700 0.494283 0.134335 0.505472 0.117551 0.522257 0.129362 0.518838 0.140552 0.512000 0.147700
2 0.485384 0.107101 0.492222 0.105858 0.494582 0.116713 0.498021 0.115966 0.499668 0.126321 0.494283 0.134335 0.490734 0.134581 0.485997 0.119422 0.488371 0.118919 0.485384 0.107101
3 0.413157 0.064781 0.419245 0.065999 0.418758 0.070383 0.425577 0.071113 0.427282 0.067460 0.435562 0.070383 0.432396 0.080124 0.419245 0.079393 0.419002 0.082316 0.413157 0.082316 0.413157 0.064781
0 0.787989 0.255289 0.803827 0.249374 0.810888 0.261968 0.819093 0.258533 0.827870 0.274562 0.818329 0.279905 0.815467 0.275707 0.803446 0.282194 0.791997 0.268646 0.794096 0.267120 0.787989 0.255289
0 0.861989 0.239275 0.862458 0.257199 0.840551 0.258019 0.839614 0.242321 0.845940 0.242087 0.846057 0.238338 0.861989 0.239275
0 0.624362 0.338984 0.631232 0.333832 0.627606 0.330779 0.632186 0.326009 0.648787 0.340892 0.638101 0.351387 0.624362 0.338984
0 0.692921 0.350811 0.700098 0.339298 0.707723 0.342887 0.702340 0.355745 0.692921 0.350811
0 0.676200 0.320701 0.695337 0.307694 0.704457 0.320253 0.682778 0.334008 0.677097 0.326233 0.679788 0.324588 0.676200 0.320701
0 0.704457 0.320253 0.709522 0.325806 0.698608 0.336421 0.692627 0.330740 0.699505 0.324610 0.704457 0.320253
0 0.673074 0.273210 0.674569 0.272911 0.683240 0.281433 0.678905 0.284871 0.682642 0.290254 0.685483 0.288161 0.696248 0.304906 0.684138 0.313727 0.660814 0.281881 0.673074 0.273210
0 0.698203 0.296812 0.710380 0.289263 0.715738 0.297543 0.720121 0.295108 0.724262 0.300953 0.706970 0.311425 0.698203 0.296812
0 0.630556 0.256642 0.648578 0.252989 0.649552 0.261756 0.657102 0.265165 0.657345 0.275150 0.638349 0.280995 0.630556 0.256642
0 0.621935 0.276373 0.630607 0.271738 0.636139 0.282503 0.627766 0.286091 0.621935 0.276373
0 0.611237 0.257300 0.618106 0.256727 0.618679 0.254437 0.628410 0.255010 0.628410 0.267604 0.625930 0.267604 0.626121 0.272183 0.617725 0.272565 0.617343 0.268558 0.612572 0.268367 0.611237 0.257300
0 0.604558 0.230203 0.628601 0.231730 0.628983 0.251575 0.605512 0.251957 0.604558 0.230203
0 0.630344 0.215920 0.646745 0.223183 0.646276 0.235483 0.636319 0.239583 0.635733 0.236654 0.628601 0.231730 0.630344 0.215920
0 0.646745 0.223183 0.666204 0.231208 0.667665 0.240706 0.664500 0.243385 0.653053 0.256292 0.645504 0.247038 0.650374 0.241924 0.646965 0.240219 0.646276 0.235483 0.646745 0.223183
0 0.573936 0.191690 0.591653 0.195109 0.589166 0.208164 0.573003 0.204745 0.573936 0.191690
0 0.543448 0.201550 0.560492 0.198859 0.559894 0.188243 0.561987 0.188094 0.573936 0.191690 0.573003 0.204745 0.574994 0.210969 0.546139 0.215753 0.543448 0.201550
0 0.518164 0.183774 0.528181 0.183711 0.527884 0.179109 0.535007 0.178537 0.535135 0.184071 0.537714 0.183774 0.538541 0.200571 0.518898 0.201856 0.518164 0.183774
0 0.559894 0.188243 0.560492 0.198859 0.547983 0.196433 0.547602 0.185557 0.559894 0.188243
0 0.556759 0.167406 0.570498 0.170268 0.567636 0.182671 0.554278 0.179809 0.556759 0.167406
0 0.570498 0.170268 0.571222 0.167663 0.581837 0.168709 0.581089 0.178577 0.569577 0.177082 0.570498 0.170268
0 0.583910 0.164856 0.590570 0.164352 0.595550 0.164283 0.595359 0.178404 0.592497 0.178595 0.593070 0.186800 0.584101 0.186991 0.583910 0.164856
0 0.595550 0.164283 0.610434 0.163520 0.609671 0.177450 0.595359 0.178404 0.595550 0.164283
0 0.610434 0.163520 0.595550 0.164283 0.590570 0.164352 0.590642 0.155983 0.610855 0.156958 0.610434 0.163520
0 0.565662 0.130706 0.578569 0.127784 0.580761 0.138256 0.574673 0.139230 0.577108 0.152868 0.566149 0.154329 0.562739 0.141178 0.568828 0.139961 0.565662 0.130706
0 0.555433 0.135334 0.559817 0.143370 0.558599 0.154817 0.538629 0.153842 0.538873 0.138256 0.555433 0.135334
0 0.538142 0.134846 0.538629 0.147754 0.525235 0.149215 0.524017 0.136308 0.530105 0.135334 0.538142 0.134846
0 0.472464 0.178971 0.490973 0.169430 0.494217 0.176109 0.487920 0.179543 0.490782 0.184314 0.477616 0.190229 0.472464 0.178971
0 0.460515 0.189641 0.470629 0.186016 0.475399 0.198037 0.464523 0.201663 0.460515 0.189641
0 0.461708 0.164992 0.470541 0.169789 0.466185 0.177426 0.458730 0.172779 0.461708 0.164992
0 0.466185 0.177426 0.459332 0.186772 0.451484 0.181149 0.456990 0.172597 0.458730 0.172779 0.466185 0.177426
3 0.456839 0.167267 0.447870 0.180433 0.436040 0.171656 0.445390 0.160207 0.456839 0.167267
0 0.466473 0.150614 0.488226 0.146989 0.492615 0.164544 0.483455 0.167216 0.482501 0.161109 0.469907 0.162827 0.466473 0.150614
0 0.455953 0.132295 0.452518 0.125807 0.461678 0.121991 0.464540 0.129242 0.455953 0.132295
3 0.460914 0.091079 0.468547 0.088026 0.474272 0.098330 0.466448 0.101955 0.460914 0.091079
0 0.465685 0.105008 0.473890 0.101192 0.477897 0.111878 0.469883 0.115122 0.465685 0.105008
0 0.435562 0.070383 0.447008 0.071175 0.448226 0.087736 0.436536 0.087979 0.435562 0.070383
2 0.435075 0.085440 0.437023 0.100540 0.429230 0.103218 0.425820 0.088850 0.435075 0.085440
0 0.155661 0.039872 0.172483 0.040043 0.171911 0.046149 0.181833 0.045767 0.180116 0.062368 0.171147 0.061414 0.170766 0.066757 0.169149 0.067244 0.162008 0.066848 0.160025 0.073988 0.150504 0.072798 0.155661 0.039872
0 0.647228 0.122742 0.656239 0.129561 0.649177 0.139059 0.658188 0.147826 0.647228 0.160003 0.626528 0.145634 0.647228 0.122742
0 0.617646 0.166020 0.632746 0.172839 0.627875 0.183311 0.636886 0.189643 0.630310 0.201089 0.612288 0.192078 0.617646 0.166020
0 0.649950 0.161243 0.672842 0.167331 0.672112 0.173420 0.687454 0.183405 0.680879 0.193877 0.670894 0.188032 0.668946 0.192903 0.661152 0.187789 0.660909 0.184866 0.647758 0.177804 0.649950 0.161243
0 0.661152 0.187789 0.668946 0.192903 0.670894 0.188032 0.675647 0.191420 0.666636 0.204084 0.660060 0.214800 0.646179 0.208468 0.653241 0.198726 0.658599 0.186306 0.661152 0.187789
0 0.670619 0.212337 0.676725 0.202033 0.687602 0.209475 0.680542 0.220542 0.670619 0.212337
0 0.684062 0.206924 0.690150 0.198644 0.699405 0.204976 0.693804 0.212769 0.684062 0.206924
0 0.691127 0.197667 0.699894 0.187926 0.706226 0.194745 0.700381 0.203999 0.691127 0.197667
0 0.699894 0.188902 0.708331 0.181386 0.712517 0.186320 0.718348 0.181685 0.724628 0.186320 0.728964 0.192899 0.709079 0.214428 0.700381 0.204976 0.706226 0.195722 0.699894 0.188902
0 0.718348 0.179732 0.715185 0.175974 0.723268 0.166486 0.739902 0.180074 0.732171 0.191438 0.728964 0.190945 0.724628 0.184367 0.718348 0.179732
0 0.730620 0.218027 0.720306 0.210886 0.727446 0.201366 0.736967 0.206919 0.730620 0.218027
0 0.683943 0.243239 0.692017 0.251911 0.682747 0.259087 0.681551 0.257742 0.678112 0.260881 0.672730 0.255649 0.676468 0.251911 0.675122 0.249519 0.683943 0.243239
0 0.678573 0.232060 0.699056 0.219202 0.712512 0.234751 0.693674 0.250151 0.678573 0.232060
0 0.710301 0.230555 0.719651 0.222159 0.725566 0.226548 0.728047 0.235707 0.716407 0.241813 0.712512 0.234751 0.710301 0.230555
0 0.673830 0.269166 0.684898 0.262679 0.682747 0.259087 0.692017 0.251911 0.699972 0.264587 0.689477 0.274700 0.687378 0.271838 0.681463 0.277181 0.673830 0.269166
0 0.696728 0.253519 0.717718 0.243978 0.724397 0.254855 0.703407 0.266113 0.696728 0.253519
0 0.717718 0.243978 0.735464 0.233293 0.741570 0.242261 0.724397 0.254855 0.717718 0.243978
0 0.710237 0.267825 0.717297 0.273931 0.720160 0.280419 0.704894 0.289769 0.703559 0.290532 0.700124 0.288243 0.694590 0.291677 0.689247 0.284617 0.710237 0.267825
0 0.765920 0.247173 0.772980 0.262057 0.764775 0.265873 0.756379 0.250417 0.765920 0.247173
0 0.755403 0.250417 0.763799 0.265873 0.764371 0.268735 0.755212 0.271979 0.745289 0.254424 0.755403 0.250417
0 0.744313 0.254424 0.754235 0.271979 0.742595 0.279421 0.727711 0.259195 0.741450 0.251371 0.744313 0.254424
0 0.721136 0.280419 0.718274 0.273931 0.711214 0.267825 0.719961 0.264683 0.723204 0.270789 0.733509 0.267164 0.737134 0.274796 0.721136 0.280419
0 0.759928 0.288793 0.767404 0.284009 0.774879 0.292680 0.767254 0.297764 0.759928 0.288793
0 0.721136 0.281396 0.734541 0.277636 0.736977 0.282994 0.743572 0.280398 0.746231 0.284698 0.726505 0.293466 0.721136 0.281396
0 0.755212 0.271979 0.760451 0.272889 0.760069 0.280904 0.754535 0.281094 0.753390 0.287201 0.744613 0.285674 0.746231 0.283722 0.743572 0.279421 0.755212 0.271979
0 0.767404 0.284009 0.790407 0.271739 0.797849 0.286051 0.789453 0.289485 0.792697 0.295401 0.779149 0.301888 0.774879 0.292680 0.767404 0.284009
0 0.794280 0.320537 0.813430 0.320725 0.813673 0.337042 0.794532 0.336555 0.794280 0.320537
0 0.813673 0.337042 0.813472 0.362521 0.791644 0.361475 0.792242 0.336208 0.794532 0.336555 0.813673 0.337042
0 0.800763 0.225794 0.799302 0.241868 0.767155 0.238458 0.769347 0.221654 0.800763 0.225794
0 0.759362 0.222141 0.751812 0.233100 0.734034 0.219219 0.741096 0.210208 0.759362 0.222141
0 0.770168 0.207042 0.778322 0.195317 0.798815 0.213130 0.792970 0.225064 0.778114 0.218488 0.780062 0.214591 0.770168 0.207042
0 0.778322 0.195317 0.770168 0.207042 0.766553 0.209013 0.759490 0.204872 0.769962 0.189043 0.778322 0.195317
0 0.836634 0.213822 0.822322 0.223745 0.808584 0.214777 0.822704 0.203518 0.836634 0.213822
0 0.860948 0.208079 0.866062 0.207592 0.867036 0.221230 0.862896 0.220987 0.860948 0.208079
0 0.659164 0.147826 0.667999 0.153540 0.661667 0.163769 0.652169 0.158411 0.659164 0.147826
0 0.820527 0.184353 0.835383 0.193120 0.828807 0.201888 0.815413 0.193607 0.820527 0.184353
0 0.892723 0.199577 0.887189 0.208164 0.879747 0.204729 0.877076 0.208545 0.873450 0.206255 0.881846 0.193661 0.892723 0.199577
0 0.735564 0.164339 0.743114 0.169697 0.736538 0.175542 0.730693 0.169454 0.735564 0.164339
0 0.791278 0.204493 0.796811 0.198959 0.813031 0.208500 0.805971 0.215560 0.791278 0.204493
0 0.797419 0.177766 0.811828 0.186669 0.808197 0.190183 0.802808 0.187020 0.799411 0.190417 0.792382 0.185497 0.797419 0.177766
0 0.849164 0.000004 0.840302 0.010835 0.822037 0.003042 0.822280 0.000005 0.849164 0.000004
0 0.735665 0.158027 0.743141 0.148010 0.752859 0.156532 0.746281 0.166250 0.735665 0.158027
0 0.731610 0.146775 0.736413 0.139394 0.741801 0.142557 0.736881 0.149820 0.731610 0.146775
0 0.844099 0.220073 0.854714 0.217980 0.856508 0.234276 0.845594 0.235173 0.844099 0.220073
0 0.819296 0.472346 0.832799 0.475123 0.828977 0.500115 0.816870 0.495751 0.819296 0.472346
0 0.536164 0.551743 0.566755 0.547991 0.587220 0.546098 0.596858 0.545395 0.598842 0.558883 0.571470 0.564040 0.538544 0.567214 0.536164 0.551743
0 0.536164 0.551743 0.532593 0.514453 0.544098 0.513263 0.546875 0.526751 0.554015 0.527147 0.555999 0.533891 0.566313 0.534288 0.567106 0.537461 0.587734 0.537461 0.587220 0.546098 0.566755 0.547991 0.536164 0.551743
0 0.587478 0.451429 0.609640 0.444854 0.615241 0.466041 0.620112 0.465554 0.622791 0.470182 0.619869 0.480654 0.602090 0.484550 0.587478 0.451429
0 0.589625 0.469943 0.596876 0.477957 0.587526 0.483300 0.581419 0.473187 0.589625 0.469943
0 0.655820 0.189119 0.655199 0.189741 0.653241 0.198726 0.646179 0.208468 0.642766 0.215539 0.637793 0.213053 0.639036 0.206836 0.651780 0.187254 0.655820 0.189119
0 0.583959 0.516538 0.601250 0.516538 0.600276 0.532125 0.582741 0.532125 0.583959 0.516538
0 0.556926 0.512398 0.567886 0.523114 0.563989 0.530664 0.548890 0.518974 0.547916 0.515077 0.556926 0.512398
0 0.570321 0.523114 0.581524 0.523845 0.578114 0.536752 0.566313 0.534288 0.570321 0.523114
4 0.655984 0.458805 0.662662 0.460328 0.660670 0.472746 0.653524 0.471574 0.655984 0.458805
0 0.711740 0.480310 0.714332 0.480310 0.714106 0.488029 0.711514 0.487860 0.711740 0.480310
0 0.802532 0.471783 0.814643 0.472552 0.817142 0.508402 0.804551 0.508595 0.802532 0.471783
4 0.207909 0.076006 0.209308 0.057023 0.247473 0.064616 0.245475 0.081001 0.207909 0.076006
0 0.800019 0.012148 0.812808 0.014745 0.807612 0.045117 0.794824 0.042120 0.800019 0.012148
