0 0.249053 0.382701 0.258561 0.351652 0.299535 0.362144 0.289506 0.393271 0.249053 0.382701
0 0.285408 0.312417 0.292539 0.296321 0.308839 0.302841 0.302319 0.318529 0.285408 0.312417
1 0.291520 0.278799 0.298244 0.258220 0.323712 0.265759 0.313932 0.296932 0.300281 0.292653 0.304152 0.281855 0.291520 0.278799
0 0.314477 0.213562 0.322538 0.203420 0.330079 0.208881 0.333459 0.204200 0.332939 0.202640 0.345097 0.188183 0.342543 0.186108 0.345257 0.182596 0.345257 0.175731 0.365850 0.178126 0.364413 0.186108 0.345707 0.209896 0.348334 0.211898 0.336201 0.227783 0.314477 0.213562
0 0.313061 0.230785 0.318314 0.224156 0.330322 0.232912 0.324935 0.239473 0.313061 0.230785
0 0.397026 0.376966 0.411588 0.327039 0.450074 0.338221 0.435511 0.388668 0.397026 0.376966
0 0.520020 0.185006 0.544461 0.182754 0.543710 0.176000 0.558095 0.175374 0.561222 0.207646 0.545211 0.209772 0.544836 0.203643 0.521070 0.206270 0.520020 0.185006
0 0.159787 0.698931 0.174609 0.679688 0.195672 0.695810 0.180070 0.716093 0.159787 0.698931
0 0.118344 0.760005 0.125272 0.747169 0.132606 0.751040 0.142183 0.731684 0.170503 0.746965 0.154204 0.778953 0.118344 0.760005
0 0.137268 0.700503 0.149560 0.705930 0.132000 0.743286 0.120665 0.738178 0.137268 0.700503
0 0.148322 0.857463 0.154230 0.834439 0.182959 0.841978 0.177254 0.864594 0.148322 0.857463
0 0.185970 0.784657 0.188972 0.777777 0.194351 0.780529 0.191224 0.787409 0.185970 0.784657
0 0.223772 0.900373 0.230477 0.889517 0.258733 0.905002 0.260649 0.901011 0.274857 0.909791 0.264640 0.926713 0.250751 0.918731 0.253146 0.914740 0.223772 0.900373
0 0.233584 0.820252 0.246285 0.799187 0.252635 0.801820 0.241173 0.824124 0.233584 0.820252
