0 0.284232 0.723606 0.298602 0.731953 0.294375 0.739983 0.280323 0.730369 0.284232 0.723606
0 0.308533 0.739350 0.324699 0.749493 0.318043 0.759742 0.302722 0.748225 0.308533 0.739350
0 0.327975 0.749598 0.340971 0.756572 0.336110 0.765764 0.323220 0.757840 0.327975 0.749598
0 0.444714 0.728959 0.436461 0.741106 0.427136 0.734588 0.414932 0.755615 0.376410 0.733200 0.388657 0.718206 0.413852 0.726446 0.419504 0.714296 0.444714 0.728959
0 0.362567 0.762867 0.383469 0.773520 0.377670 0.786061 0.355690 0.773385 0.362567 0.762867
0 0.382390 0.781611 0.396684 0.792804 0.394527 0.795770 0.401134 0.800625 0.395740 0.810604 0.381581 0.800490 0.382929 0.798333 0.374299 0.792669 0.382390 0.781611
0 0.416148 0.832908 0.434907 0.842202 0.444890 0.852700 0.429916 0.875935 0.425097 0.873181 0.419590 0.880754 0.399281 0.865264 0.416148 0.832908
0 0.372949 0.863887 0.378456 0.858208 0.386545 0.854938 0.400142 0.861134 0.394290 0.869395 0.403240 0.877140 0.396528 0.885745 0.372949 0.863887
0 0.330063 0.820859 0.363231 0.845021 0.343901 0.872698 0.310074 0.847218 0.330063 0.820859
0 0.319894 0.866128 0.338117 0.884350 0.329987 0.893321 0.312045 0.876220 0.319894 0.866128
0 0.277282 0.901732 0.308961 0.923318 0.295504 0.941821 0.284571 0.933971 0.278964 0.939858 0.262424 0.930887 0.277282 0.901732
0 0.108767 0.884191 0.130074 0.891220 0.124582 0.908573 0.103495 0.900666 0.108767 0.884191
0 0.166537 0.875405 0.163242 0.885290 0.153350 0.881250 0.157686 0.872275 0.166537 0.875405
0 0.154455 0.862006 0.151600 0.870133 0.146172 0.878320 0.117553 0.866619 0.121901 0.853804 0.117746 0.852929 0.120646 0.847734 0.154455 0.862006
0 0.185427 0.838722 0.198167 0.844653 0.188942 0.862665 0.203878 0.870133 0.192456 0.892978 0.178178 0.887925 0.177300 0.889243 0.165438 0.882214 0.185427 0.838722
0 0.032448 0.965658 0.051231 0.956687 0.068613 0.985843 0.052072 0.995094 0.044223 0.991450 0.032448 0.965658
0 0.265360 0.951778 0.277924 0.960727 0.268286 0.980175 0.254689 0.967267 0.265360 0.951778
0 0.247619 0.999006 0.247461 0.987920 0.258648 0.973119 0.265532 0.978282 0.271039 0.985166 0.271682 0.999006 0.247619 0.999006
0 0.468897 0.999008 0.468080 0.985832 0.481040 0.985613 0.482471 0.999008 0.468897 0.999008
0 0.455590 0.846524 0.496226 0.870247 0.489417 0.881670 0.448561 0.855970 0.455590 0.846524
0 0.427813 0.800132 0.437100 0.806886 0.427330 0.817499 0.415993 0.808936 0.423471 0.801338 0.427813 0.800132
2 0.242495 0.704895 0.252541 0.708348 0.247047 0.718394 0.237943 0.713842 0.242495 0.704895
3 0.257373 0.652828 0.267795 0.650376 0.275560 0.655791 0.280770 0.671832 0.265138 0.676940 0.257373 0.652828
