4 0.172735 0.000004 0.175543 0.019784 0.140468 0.023182 0.137964 0.000004 0.172735 0.000004
0 0.152101 0.047180 0.189458 0.037658 0.195318 0.051209 0.155764 0.069155 0.152101 0.047180
4 0.000006 0.072504 0.012343 0.073853 0.005089 0.122615 0.000006 0.122194 0.000006 0.072504
0 0.287318 0.030723 0.314095 0.029314 0.354614 0.023853 0.411325 0.017527 0.415006 0.029952 0.317088 0.049494 0.287173 0.048091 0.287318 0.030723
0 0.692468 0.026692 0.717200 0.029390 0.715851 0.042880 0.691793 0.039957 0.692468 0.026692
0 0.755192 0.036969 0.765810 0.036109 0.766097 0.042996 0.796228 0.049883 0.793932 0.071692 0.761505 0.070544 0.761218 0.055335 0.755479 0.054474 0.755192 0.036969
0 0.718417 0.078422 0.734753 0.082132 0.747918 0.089380 0.741986 0.113785 0.713174 0.105884 0.718417 0.078422
0 0.690024 0.163712 0.722113 0.160888 0.725737 0.184098 0.692093 0.184513 0.690024 0.163712
0 0.662797 0.163584 0.685347 0.161367 0.685343 0.169811 0.681055 0.170736 0.684627 0.187032 0.671792 0.189348 0.668838 0.170633 0.663132 0.171448 0.662797 0.163584
0 0.705376 0.248133 0.733211 0.248133 0.733785 0.265063 0.706523 0.265350 0.705376 0.248133
0 0.763789 0.360523 0.740258 0.363966 0.735851 0.334264 0.735695 0.331041 0.732100 0.308867 0.754319 0.305713 0.763789 0.360523
0 0.733599 0.326354 0.730284 0.326897 0.719373 0.328004 0.720205 0.340452 0.703527 0.341870 0.699797 0.313461 0.731611 0.308936 0.733599 0.326354
0 0.735077 0.378360 0.761765 0.365734 0.776974 0.401317 0.756599 0.411074 0.735077 0.378360
0 0.677173 0.414243 0.691619 0.402439 0.704479 0.417766 0.689681 0.427808 0.677173 0.414243
0 0.461056 0.322119 0.481668 0.320886 0.482020 0.331456 0.462994 0.331985 0.461056 0.322119
0 0.461233 0.343083 0.471274 0.338855 0.493119 0.338150 0.492591 0.373032 0.472155 0.373384 0.461937 0.373560 0.461233 0.343083
0 0.929214 0.515080 0.943131 0.495669 0.962542 0.510685 0.948259 0.532660 0.929214 0.515080
0 0.601617 0.831104 0.630313 0.780024 0.645522 0.788920 0.618547 0.837130 0.601617 0.831104
0 0.477976 0.881070 0.480846 0.881070 0.483142 0.895992 0.390166 0.902879 0.390166 0.881644 0.394184 0.881644 0.393897 0.871888 0.418575 0.870740 0.424889 0.879922 0.446124 0.877053 0.447845 0.885088 0.452150 0.885088 0.452724 0.882792 0.477976 0.881070
0 0.164430 0.961899 0.187861 0.958904 0.188918 0.977225 0.195260 0.976873 0.195788 0.997837 0.183207 0.999005 0.178638 0.999005 0.176938 0.987443 0.169011 0.987619 0.164430 0.961899
0 0.134794 0.915422 0.165597 0.913398 0.167846 0.947574 0.136818 0.948698 0.134794 0.915422
0 0.140383 0.864650 0.179280 0.869146 0.177481 0.905796 0.137909 0.901299 0.140383 0.864650
0 0.041360 0.939206 0.066039 0.940641 0.064891 0.952980 0.038491 0.949536 0.041360 0.939206
0 0.000006 0.922668 0.035128 0.929398 0.032446 0.942614 0.000006 0.938633 0.000006 0.922668
0 0.000006 0.826194 0.013444 0.828131 0.015382 0.816151 0.051673 0.830245 0.042336 0.856846 0.031590 0.855437 0.028067 0.857903 0.021548 0.858432 0.020491 0.867064 0.035466 0.875696 0.033175 0.888557 0.027538 0.887852 0.027010 0.894194 0.018553 0.893137 0.017144 0.909873 0.011683 0.909344 0.010802 0.916215 0.000006 0.913046 0.000006 0.826194
0 0.089202 0.902272 0.103370 0.902597 0.103046 0.913737 0.088770 0.913304 0.089202 0.902272
4 0.000006 0.521477 0.016448 0.518106 0.020720 0.543063 0.000006 0.545086 0.000006 0.521477
0 0.076703 0.459788 0.091767 0.457990 0.094240 0.478001 0.077827 0.480024 0.076703 0.459788
0 0.110429 0.481148 0.148427 0.476202 0.151125 0.501609 0.112677 0.504757 0.110429 0.481148
0 0.110204 0.427411 0.133812 0.424488 0.134487 0.447647 0.145279 0.446298 0.147078 0.469232 0.113577 0.473279 0.110204 0.427411
0 0.215435 0.411532 0.239607 0.385895 0.272922 0.418658 0.253831 0.432379 0.238917 0.421044 0.231162 0.427010 0.215435 0.411532
0 0.064403 0.346314 0.088575 0.341553 0.087110 0.333496 0.103591 0.332763 0.107253 0.366091 0.070263 0.370120 0.064403 0.346314
0 0.409232 0.000007 0.411325 0.017527 0.389816 0.018843 0.388628 0.000007 0.409232 0.000007
0 0.686459 0.123790 0.682729 0.121925 0.679932 0.109803 0.690810 0.106073 0.688013 0.090843 0.700446 0.088978 0.704487 0.120682 0.686459 0.123790
0 0.726360 0.222001 0.725737 0.184098 0.725464 0.168224 0.735973 0.168511 0.737706 0.221530 0.726360 0.222001
0 0.896818 0.479503 0.882937 0.470980 0.886833 0.462699 0.901689 0.470736 0.896818 0.479503
0 0.955503 0.533247 0.968991 0.523330 0.986445 0.533644 0.999007 0.550187 0.999007 0.552314 0.986049 0.562999 0.965817 0.547131 0.955503 0.533247
0 0.731269 0.265537 0.734231 0.265363 0.734100 0.259220 0.739414 0.259264 0.743335 0.274946 0.733359 0.275207 0.733229 0.270416 0.731051 0.270546 0.731269 0.265537
0 0.099994 0.576106 0.108115 0.573670 0.105273 0.566767 0.119078 0.563383 0.127095 0.580618 0.122835 0.581835 0.128717 0.592383 0.119792 0.595629 0.121821 0.601917 0.110055 0.604554 0.103158 0.588529 0.108137 0.586832 0.106851 0.583787 0.102723 0.584599 0.099994 0.576106
0 0.231781 0.378122 0.250211 0.374042 0.251477 0.381498 0.233188 0.385578 0.231781 0.378122
