0 0.013646 0.022720 0.020523 0.014796 0.024560 0.014347 0.042501 0.028999 0.044445 0.032289 0.041156 0.038568 0.036820 0.039316 0.015290 0.023617 0.013646 0.022720
0 0.085628 0.000003 0.091653 0.016928 0.088813 0.020068 0.084626 0.020367 0.072815 0.035168 0.066087 0.035318 0.046202 0.023506 0.044557 0.020217 0.055173 0.004668 0.053257 0.000002 0.085628 0.000003
0 0.176456 0.297206 0.195208 0.282350 0.201540 0.283081 0.213230 0.296962 0.213717 0.300859 0.197643 0.311575 0.196182 0.337633 0.192773 0.340312 0.170367 0.339338 0.166714 0.334224 0.170367 0.313036 0.166958 0.310113 0.166471 0.300859 0.174264 0.296962 0.176456 0.297206
0 0.270800 0.189251 0.279534 0.193590 0.279309 0.195337 0.276435 0.203226 0.274068 0.204240 0.267250 0.200521 0.266010 0.198549 0.269335 0.189815 0.270800 0.189251
0 0.267928 0.243103 0.294872 0.245797 0.296629 0.248726 0.295926 0.274146 0.294403 0.277075 0.266405 0.275318 0.263711 0.273326 0.266639 0.244040 0.267928 0.243103
0 0.308283 0.567592 0.331361 0.555526 0.333938 0.555643 0.337804 0.561383 0.341435 0.561383 0.355259 0.582000 0.355141 0.585163 0.343310 0.590904 0.344364 0.596527 0.334172 0.603672 0.327378 0.604375 0.307346 0.569700 0.308283 0.567592
0 0.286678 0.579846 0.292093 0.575991 0.295489 0.576266 0.300905 0.584710 0.301639 0.589759 0.298243 0.592237 0.291359 0.593063 0.285852 0.582691 0.286678 0.579846
0 0.371787 0.648603 0.351353 0.677263 0.347765 0.678460 0.306052 0.650800 0.305902 0.644670 0.329072 0.619385 0.371787 0.648603
0 0.364062 0.601462 0.362417 0.607442 0.383648 0.622393 0.385591 0.627476 0.372135 0.648109 0.372070 0.648203 0.333721 0.621963 0.334043 0.621260 0.345822 0.601910 0.350307 0.604153 0.354792 0.597126 0.364062 0.601462
0 0.457370 0.657365 0.482040 0.661102 0.484282 0.663494 0.483983 0.675605 0.480694 0.679492 0.457520 0.675904 0.455576 0.675455 0.456772 0.658860 0.457370 0.657365
0 0.389019 0.685377 0.401231 0.676981 0.430808 0.684232 0.432907 0.693200 0.428328 0.729265 0.422031 0.737089 0.382913 0.736134 0.381005 0.732127 0.382340 0.692819 0.389019 0.685377
0 0.650002 0.757580 0.700088 0.782250 0.701434 0.786137 0.694407 0.799892 0.691117 0.801088 0.668093 0.790174 0.663607 0.797948 0.657926 0.800639 0.634303 0.789127 0.632958 0.785539 0.647909 0.758776 0.650002 0.757580
0 0.729374 0.798012 0.752245 0.810226 0.748718 0.820076 0.736757 0.818132 0.730178 0.829046 0.718217 0.843399 0.708051 0.834279 0.726889 0.799593 0.729374 0.798012
0 0.742511 0.794764 0.745766 0.794667 0.756085 0.799419 0.756410 0.801731 0.753350 0.806581 0.751658 0.806678 0.739679 0.801340 0.738995 0.799550 0.741013 0.794992 0.742511 0.794764
0 0.267673 0.773190 0.315085 0.753915 0.318321 0.753775 0.322823 0.756026 0.323808 0.758277 0.302986 0.790213 0.297921 0.791479 0.268095 0.775441 0.267673 0.773190
0 0.251806 0.901711 0.285096 0.919348 0.286088 0.922655 0.279694 0.932466 0.277049 0.933238 0.247176 0.915049 0.246184 0.910199 0.249491 0.902373 0.251806 0.901711
0 0.295944 0.936482 0.310294 0.943376 0.344622 0.962791 0.345888 0.973624 0.333032 0.990948 0.325469 0.991865 0.290407 0.966885 0.297511 0.954281 0.290177 0.948781 0.294073 0.937781 0.295944 0.936482
0 0.396750 0.917075 0.429979 0.929221 0.432500 0.933575 0.430896 0.938388 0.425395 0.939304 0.394458 0.930138 0.390791 0.926929 0.396750 0.917075
0 0.440288 0.886480 0.447851 0.883501 0.471455 0.882814 0.474205 0.885105 0.477413 0.912605 0.475580 0.916272 0.447163 0.917189 0.440747 0.915126 0.440288 0.890376 0.440288 0.886480
0 0.429211 0.954542 0.438010 0.954004 0.453990 0.957056 0.455786 0.961725 0.451297 0.978244 0.441960 0.978783 0.427955 0.975910 0.425620 0.973396 0.429211 0.955440 0.429211 0.954542
0 0.457211 0.957979 0.460053 0.948369 0.461339 0.947963 0.466752 0.948708 0.466888 0.946542 0.473655 0.946339 0.480084 0.948166 0.477107 0.959671 0.476497 0.962175 0.474670 0.962784 0.465331 0.961836 0.459985 0.960483 0.457211 0.957979
0 0.407162 0.986070 0.406191 0.982834 0.413912 0.974394 0.416246 0.976010 0.456467 0.998994 0.456480 0.999008 0.427018 0.999008 0.408398 0.987441 0.407162 0.986070
0 0.443051 0.989330 0.443223 0.980952 0.453329 0.978274 0.466457 0.982506 0.467148 0.984838 0.465507 0.993735 0.462484 0.995635 0.443828 0.990107 0.443051 0.989330
0 0.491321 0.926188 0.503777 0.916708 0.511053 0.916598 0.522627 0.929826 0.522517 0.932912 0.510832 0.942613 0.507746 0.943164 0.493856 0.929274 0.491321 0.926188
0 0.354046 0.988027 0.368221 0.980413 0.371267 0.981233 0.376538 0.987793 0.376656 0.990136 0.363887 0.998805 0.362874 0.999007 0.359372 0.999007 0.353578 0.990370 0.354046 0.988027
0 0.576438 0.989783 0.576171 0.989537 0.556762 0.955016 0.557553 0.952427 0.565680 0.948184 0.568978 0.947822 0.589804 0.979836 0.588560 0.981701 0.576438 0.989783
0 0.552897 0.866794 0.557700 0.858945 0.561683 0.857188 0.571055 0.860819 0.572344 0.865154 0.569064 0.872534 0.565784 0.874057 0.552780 0.867497 0.552897 0.866794
0 0.571758 0.875580 0.575741 0.866794 0.578787 0.866911 0.596124 0.873823 0.596476 0.875697 0.595656 0.880734 0.592024 0.885889 0.588041 0.887060 0.572695 0.876985 0.571758 0.875580
0 0.524386 0.894830 0.520989 0.889090 0.521691 0.884638 0.545238 0.873158 0.549103 0.874095 0.554961 0.881006 0.558944 0.880069 0.562107 0.882295 0.566441 0.889324 0.550861 0.903967 0.533406 0.912636 0.529892 0.911347 0.523214 0.897290 0.524386 0.894830
0 0.590752 0.999007 0.587824 0.993798 0.600609 0.985402 0.611486 0.985784 0.620360 0.999007 0.590752 0.999007
