0 0.044776 0.858192 0.049160 0.846989 0.059632 0.853565 0.055979 0.863062 0.044776 0.858192
0 0.045830 0.826582 0.046162 0.839033 0.045263 0.838709 0.042828 0.848694 0.026755 0.845284 0.031625 0.823853 0.045830 0.826582
0 0.075706 0.816303 0.066938 0.846502 0.046162 0.839033 0.045830 0.826582 0.049403 0.827262 0.054031 0.809728 0.075706 0.816303
0 0.128873 0.821862 0.142755 0.806276 0.153958 0.815043 0.140807 0.830873 0.128873 0.821862
0 0.111504 0.812314 0.101528 0.823485 0.101553 0.823506 0.099877 0.825023 0.107440 0.832815 0.099471 0.840976 0.105007 0.846971 0.109856 0.842267 0.124398 0.858710 0.110861 0.872794 0.076502 0.833731 0.086815 0.825023 0.083606 0.822731 0.104002 0.803711 0.111504 0.812314
0 0.127377 0.830523 0.119127 0.840836 0.101528 0.823485 0.111504 0.812314 0.127377 0.830523
0 0.154490 0.763613 0.139574 0.784672 0.121148 0.770633 0.131985 0.758261 0.146865 0.757051 0.154490 0.763613
0 0.154879 0.744406 0.146865 0.757051 0.131985 0.758261 0.110326 0.741970 0.122230 0.722540 0.154879 0.744406
4 0.000010 0.666320 0.010232 0.672676 0.011109 0.689348 0.007014 0.694320 0.000010 0.706368 0.000010 0.666320
0 0.000010 0.710002 0.016742 0.688648 0.050499 0.715761 0.052640 0.712077 0.072419 0.723096 0.057502 0.746645 0.032902 0.729587 0.025181 0.742335 0.006507 0.727612 0.009919 0.722764 0.000010 0.714692 0.000010 0.710002
0 0.078922 0.662959 0.062125 0.687596 0.117744 0.718205 0.109532 0.732017 0.029649 0.682370 0.036436 0.672314 0.050785 0.681825 0.056123 0.673086 0.056525 0.673411 0.063991 0.658106 0.078922 0.662959
0 0.061378 0.652507 0.052792 0.670424 0.055742 0.672783 0.050785 0.681825 0.036436 0.672314 0.040474 0.666318 0.034128 0.653627 0.043460 0.641308 0.061378 0.652507
0 0.055057 0.644422 0.061016 0.632735 0.054828 0.628839 0.059411 0.619672 0.070640 0.625401 0.069036 0.629068 0.087140 0.637658 0.079349 0.656797 0.055057 0.644422
0 0.086416 0.618095 0.088105 0.617954 0.088527 0.609513 0.097812 0.611201 0.096827 0.618939 0.100485 0.619220 0.099078 0.638213 0.085713 0.634977 0.086416 0.618095
0 0.057715 0.601230 0.062043 0.612335 0.055150 0.621620 0.031373 0.607551 0.036455 0.594453 0.057715 0.601230
0 0.066123 0.572520 0.064857 0.597844 0.057715 0.601230 0.036455 0.594453 0.046146 0.564641 0.066123 0.572520
0 0.000010 0.627801 0.007291 0.612357 0.013763 0.616859 0.011934 0.620658 0.016295 0.623190 0.004196 0.639088 0.000010 0.635298 0.000010 0.627801
4 0.000010 0.556091 0.008981 0.556136 0.009858 0.586262 0.000010 0.587700 0.000010 0.556091
0 0.031396 0.589990 0.025876 0.611917 0.008194 0.604361 0.014990 0.584150 0.031396 0.589990
0 0.044590 0.539160 0.044320 0.539718 0.048904 0.541372 0.035272 0.590376 0.031396 0.589990 0.014990 0.584150 0.023584 0.537667 0.024717 0.533623 0.044590 0.539160
0 0.050061 0.528092 0.044320 0.539718 0.024717 0.533623 0.027939 0.522084 0.050061 0.528092
0 0.116029 0.557444 0.110529 0.584715 0.099071 0.583569 0.100195 0.570088 0.102744 0.557510 0.104342 0.553777 0.116029 0.557444
0 0.090592 0.535215 0.085779 0.553319 0.102744 0.557510 0.100195 0.570088 0.093113 0.568215 0.090134 0.574173 0.067446 0.567298 0.074092 0.551486 0.079592 0.532236 0.090592 0.535215
0 0.052063 0.541319 0.058497 0.521723 0.075461 0.528450 0.069319 0.547461 0.052063 0.541319
0 0.000010 0.490704 0.003160 0.484219 0.018422 0.495531 0.000010 0.516600 0.000010 0.490704
0 0.023809 0.506305 0.036737 0.490863 0.060439 0.504150 0.050204 0.522106 0.023809 0.506305
0 0.007289 0.477667 0.016856 0.463035 0.020514 0.465286 0.026986 0.455719 0.042321 0.465849 0.026141 0.490188 0.007289 0.477667
0 0.087187 0.523382 0.097659 0.509162 0.104494 0.514123 0.095124 0.528784 0.087187 0.523382
0 0.081533 0.479414 0.090578 0.484261 0.088263 0.494292 0.067870 0.489993 0.070736 0.476655 0.081533 0.479414
0 0.106865 0.467393 0.105460 0.472135 0.109759 0.473678 0.104908 0.491646 0.094436 0.490213 0.095428 0.485143 0.090578 0.484261 0.081533 0.479414 0.086074 0.461172 0.106865 0.467393
0 0.112404 0.448766 0.106865 0.467393 0.086074 0.461172 0.086500 0.459458 0.080106 0.458136 0.084405 0.439947 0.112404 0.448766
0 0.149443 0.414135 0.161818 0.404052 0.170526 0.413677 0.158838 0.424906 0.149443 0.414135
0 0.226672 0.388010 0.229193 0.377010 0.247526 0.380218 0.245005 0.393510 0.253713 0.395572 0.245692 0.434760 0.218651 0.429031 0.226672 0.388010
0 0.154026 0.372427 0.189088 0.351802 0.204901 0.379760 0.183359 0.393968 0.190693 0.402218 0.175797 0.411614 0.169380 0.402447 0.154026 0.372427
0 0.134305 0.355000 0.150465 0.345843 0.156929 0.355180 0.141667 0.365594 0.134305 0.355000
0 0.228455 0.302327 0.258620 0.274316 0.272267 0.288501 0.240485 0.316691 0.228455 0.302327
0 0.274601 0.250255 0.284836 0.236429 0.293814 0.244509 0.283579 0.258515 0.274601 0.250255
0 0.188401 0.275063 0.205365 0.248116 0.224961 0.259230 0.214724 0.277949 0.205073 0.272099 0.199223 0.280874 0.188401 0.275063
0 0.172322 0.265395 0.177246 0.255688 0.187938 0.260752 0.183577 0.270319 0.172322 0.265395
0 0.179903 0.241343 0.191361 0.206051 0.244757 0.233322 0.236965 0.248906 0.204424 0.229426 0.197091 0.248447 0.179903 0.241343
0 0.116027 0.248809 0.126798 0.234143 0.138944 0.243997 0.128402 0.258434 0.116027 0.248809
0 0.027807 0.235278 0.039894 0.228153 0.038637 0.226716 0.045640 0.223305 0.053720 0.233360 0.035584 0.245750 0.027807 0.235278
4 0.120386 0.217835 0.129109 0.220227 0.127843 0.226558 0.118698 0.224447 0.120386 0.217835
0 0.303000 0.172567 0.319883 0.157232 0.333670 0.170316 0.317913 0.186636 0.303000 0.172567
0 0.323249 0.155183 0.335926 0.144490 0.341768 0.151104 0.335375 0.157387 0.333721 0.155403 0.328320 0.160915 0.323249 0.155183
0 0.340087 0.154551 0.343872 0.150716 0.338040 0.144565 0.361500 0.129194 0.374791 0.143861 0.347979 0.164027 0.340087 0.154551
0 0.331654 0.088071 0.361199 0.086102 0.362043 0.111988 0.332217 0.114943 0.331654 0.088071
4 0.385994 0.086576 0.392747 0.086716 0.392607 0.094032 0.385994 0.093751 0.385994 0.086576
4 0.000010 0.103596 0.008338 0.108166 0.000010 0.119860 0.000010 0.103596
0 0.022932 0.143269 0.033015 0.125852 0.052723 0.137310 0.042781 0.155961 0.022932 0.143269
0 0.030494 0.152049 0.041327 0.157676 0.035841 0.167665 0.025430 0.162741 0.030494 0.152049
4 0.999010 0.157944 0.994744 0.159557 0.991649 0.173344 0.976877 0.171656 0.988132 0.140986 0.999010 0.142369 0.999010 0.157944
4 0.983013 0.079536 0.997786 0.082912 0.994550 0.099513 0.979496 0.096418 0.983013 0.079536
0 0.019383 0.206412 0.028950 0.199097 0.036125 0.208804 0.026980 0.216261 0.019383 0.206412
0 0.013228 0.642556 0.029787 0.609964 0.051280 0.620535 0.044762 0.633923 0.040181 0.633571 0.030492 0.651717 0.013228 0.642556
0 0.001388 0.739577 0.008634 0.731033 0.025073 0.743795 0.043135 0.758612 0.035997 0.767264 0.018476 0.754070 0.001388 0.739577
