0 0.801701 0.859212 0.819949 0.882220 0.808049 0.888170 0.804478 0.886187 0.799718 0.886584 0.785040 0.865955 0.801701 0.859212
0 0.788261 0.836413 0.787281 0.851768 0.794010 0.858016 0.778296 0.871113 0.774329 0.861592 0.774329 0.838187 0.788261 0.836413
0 0.858429 0.827476 0.866760 0.854055 0.859222 0.865559 0.839388 0.866749 0.827487 0.837393 0.858429 0.827476
0 0.894132 0.819542 0.896909 0.835410 0.889768 0.836997 0.887388 0.833426 0.877867 0.834220 0.877470 0.821129 0.894132 0.819542
0 0.898099 0.844931 0.910793 0.856831 0.906429 0.861195 0.895719 0.856038 0.884214 0.840964 0.889768 0.836997 0.898099 0.844931
0 0.877470 0.858815 0.887388 0.858815 0.892148 0.863972 0.892148 0.871113 0.880644 0.869526 0.877470 0.858815
0 0.863983 0.779079 0.867156 0.802484 0.843751 0.802087 0.840974 0.779872 0.863983 0.779079
0 0.856446 0.806848 0.858429 0.822319 0.830660 0.820732 0.828280 0.804864 0.856446 0.806848
0 0.777408 0.782260 0.794504 0.804329 0.788909 0.808059 0.772124 0.785680 0.777408 0.782260
0 0.807480 0.742330 0.832035 0.742641 0.834211 0.753520 0.828927 0.755696 0.832657 0.765331 0.810588 0.767818 0.807480 0.742330
0 0.814940 0.703478 0.826751 0.700369 0.836076 0.736114 0.822399 0.738911 0.814940 0.703478
0 0.791939 0.679544 0.795358 0.675815 0.819291 0.673950 0.819291 0.678923 0.826751 0.679234 0.831413 0.686382 0.834522 0.696950 0.829238 0.697572 0.819291 0.697261 0.797845 0.701924 0.791939 0.679544
0 0.671670 0.782503 0.691879 0.794661 0.700606 0.815289 0.681168 0.834727 0.683945 0.841868 0.664110 0.857736 0.637135 0.833537 0.638325 0.826000 0.630391 0.817669 0.637135 0.809735 0.651019 0.814099 0.659746 0.808545 0.653002 0.800611 0.671670 0.782503
0 0.511628 0.667973 0.517716 0.678689 0.516986 0.688674 0.499208 0.693545 0.490927 0.675036 0.511628 0.667973
0 0.614125 0.668200 0.617534 0.680864 0.615099 0.698398 0.590014 0.695720 0.583926 0.668687 0.610715 0.668200 0.614125 0.668200
0 0.614855 0.623633 0.633364 0.622902 0.638478 0.642141 0.619970 0.644577 0.614855 0.623633
0 0.368215 0.589526 0.360133 0.607864 0.352673 0.607243 0.331538 0.596053 0.337132 0.580201 0.347389 0.582998 0.352363 0.582066 0.368215 0.589526
0 0.311334 0.567768 0.334646 0.577404 0.329983 0.590458 0.306983 0.578647 0.311334 0.567768
0 0.160439 0.618890 0.172340 0.626428 0.162423 0.637932 0.152109 0.629601 0.160439 0.618890
0 0.132274 0.650229 0.146952 0.651816 0.146158 0.667684 0.128307 0.666097 0.128704 0.654593 0.132274 0.650229
4 0.575136 0.784556 0.582577 0.787990 0.575517 0.800584 0.567885 0.796959 0.575136 0.784556
0 0.782367 0.752147 0.786264 0.760184 0.777253 0.763593 0.773843 0.755800 0.782367 0.752147
0 0.382588 0.071409 0.402819 0.061491 0.407976 0.074186 0.411150 0.080136 0.389728 0.088467 0.384571 0.079343 0.382588 0.071409
4 0.543011 0.000008 0.544970 0.008645 0.494489 0.013546 0.490081 0.000008 0.543011 0.000008
