3 0.999009 0.316652 0.985538 0.342404 0.954556 0.324758 0.962120 0.312242 0.972612 0.318602 0.980614 0.304034 0.999009 0.315431 0.999009 0.316652
4 0.999009 0.375640 0.989677 0.374963 0.990112 0.362486 0.999009 0.362525 0.999009 0.375640
0 0.584956 0.814220 0.599065 0.823163 0.577707 0.857046 0.562756 0.848686 0.584956 0.814220
0 0.626787 0.762424 0.636934 0.773047 0.619295 0.798031 0.596519 0.781001 0.613838 0.757012 0.626787 0.762424
0 0.632568 0.748714 0.635628 0.744075 0.649867 0.754737 0.637227 0.772646 0.627070 0.762013 0.614131 0.756602 0.623883 0.743088 0.632568 0.748714
0 0.620153 0.733033 0.625680 0.724051 0.640189 0.733329 0.635490 0.741574 0.620153 0.733033
0 0.658670 0.707724 0.672041 0.718643 0.658152 0.741663 0.642719 0.732338 0.631459 0.726998 0.632590 0.724943 0.645820 0.701621 0.658670 0.707724
0 0.663034 0.697571 0.665548 0.693915 0.681142 0.703561 0.672295 0.718223 0.658933 0.707308 0.646064 0.701191 0.651561 0.691503 0.663034 0.697571
0 0.668859 0.788945 0.679248 0.797715 0.663094 0.823611 0.635763 0.806730 0.633577 0.805626 0.643480 0.788885 0.655698 0.793386 0.659396 0.788242 0.661089 0.785946 0.668859 0.788945
0 0.678206 0.775863 0.688173 0.783419 0.679512 0.797305 0.669119 0.788526 0.652588 0.781279 0.661325 0.768307 0.678206 0.775863
