0 0.693485 0.040195 0.720982 0.048052 0.717316 0.077120 0.697937 0.072668 0.701604 0.056955 0.689034 0.053813 0.693485 0.040195
0 0.647919 0.037577 0.652895 0.026316 0.661799 0.030768 0.657609 0.041243 0.647919 0.037577
0 0.625136 0.045957 0.628803 0.038624 0.630898 0.033387 0.640325 0.037053 0.641111 0.043862 0.636659 0.051456 0.625136 0.045957
0 0.633568 0.032769 0.636645 0.025382 0.645263 0.026613 0.649777 0.029486 0.647919 0.037577 0.640325 0.037053 0.633568 0.032769
0 0.639159 0.053493 0.645519 0.037078 0.664191 0.045696 0.658856 0.059033 0.656189 0.065599 0.650444 0.062521 0.651470 0.060264 0.639159 0.053493
0 0.658856 0.059033 0.664191 0.045696 0.675593 0.049895 0.669806 0.064686 0.658856 0.059033
0 0.561850 0.098736 0.569028 0.091696 0.569304 0.086589 0.572065 0.083828 0.575653 0.086589 0.579794 0.086037 0.589319 0.095285 0.573583 0.108812 0.564749 0.102463 0.561850 0.098736
0 0.540406 0.075884 0.555556 0.069894 0.561722 0.084868 0.548333 0.091034 0.540406 0.075884
0 0.685558 0.055483 0.696659 0.057940 0.695727 0.080735 0.684880 0.078447 0.685558 0.055483
0 0.707358 0.077131 0.713392 0.079160 0.713912 0.077287 0.717346 0.078120 0.713964 0.089773 0.703820 0.086547 0.707358 0.077131
0 0.037256 0.152499 0.046631 0.145681 0.053449 0.155908 0.044074 0.161874 0.037256 0.152499
