4 0.831381 0.000004 0.823811 0.012479 0.821230 0.010930 0.808150 0.027624 0.798512 0.021772 0.812621 0.000005 0.831381 0.000004
0 0.827337 0.048997 0.838662 0.027656 0.858500 0.041596 0.846091 0.059522 0.827337 0.048997
0 0.770047 0.074116 0.782192 0.076629 0.786397 0.080274 0.786677 0.081956 0.790602 0.084759 0.768896 0.117759 0.781911 0.127372 0.778267 0.134941 0.778828 0.137744 0.763409 0.159611 0.742663 0.144753 0.751634 0.131857 0.737746 0.120202 0.770047 0.074116
4 0.999008 0.397513 0.984333 0.388706 0.980393 0.386576 0.987429 0.373835 0.989521 0.374406 0.997200 0.358580 0.999008 0.360390 0.999008 0.397513
0 0.957311 0.450000 0.945608 0.442083 0.964023 0.408522 0.970907 0.409899 0.975554 0.412481 0.976071 0.414374 0.957311 0.450000
0 0.914661 0.347531 0.902614 0.337204 0.911391 0.323780 0.916210 0.326362 0.925894 0.314024 0.929753 0.316588 0.928774 0.318445 0.933765 0.323608 0.914661 0.347531
0 0.944952 0.323092 0.934798 0.313454 0.936003 0.311388 0.928430 0.306397 0.937724 0.292801 0.944436 0.297964 0.946501 0.296415 0.957516 0.304504 0.944952 0.323092
0 0.964264 0.346122 0.943616 0.328550 0.961408 0.303948 0.984692 0.319324 0.980518 0.329428 0.975246 0.335359 0.969535 0.336897 0.964264 0.346122
0 0.768759 0.069332 0.789216 0.036775 0.800522 0.043487 0.794801 0.051379 0.798154 0.053154 0.784344 0.075447 0.768759 0.069332
0 0.729453 0.175179 0.739712 0.159791 0.765556 0.176363 0.755100 0.189976 0.729453 0.175179
0 0.823361 0.249951 0.833028 0.234168 0.841511 0.233576 0.856505 0.244229 0.845457 0.259815 0.835593 0.258146 0.823361 0.249951
