0 0.642251 0.738997 0.678617 0.783134 0.658725 0.797121 0.622048 0.753295 0.642251 0.738997
0 0.684099 0.716346 0.697465 0.731887 0.700884 0.729711 0.710519 0.739657 0.707411 0.742144 0.718601 0.755509 0.710208 0.762037 0.676018 0.722562 0.684099 0.716346
0 0.828942 0.575543 0.849860 0.599640 0.846425 0.601930 0.877528 0.638948 0.894893 0.660892 0.840319 0.703063 0.788417 0.638948 0.792233 0.603838 0.828942 0.575543
0 0.864003 0.548119 0.885831 0.574703 0.874001 0.583863 0.902814 0.618782 0.878505 0.638948 0.847402 0.601930 0.850836 0.599640 0.829919 0.575543 0.864003 0.548119
0 0.725943 0.728780 0.727891 0.726101 0.731879 0.723353 0.735441 0.722448 0.741529 0.721474 0.746400 0.721474 0.750540 0.722691 0.755411 0.725370 0.757359 0.727806 0.758577 0.730484 0.760281 0.735599 0.760038 0.741200 0.757602 0.746558 0.755167 0.749480 0.754193 0.750942 0.748592 0.752646 0.746156 0.753864 0.723724 0.760993 0.719577 0.755509 0.708388 0.742144 0.711496 0.739657 0.717584 0.732635 0.725456 0.729754 0.725943 0.728780
0 0.709869 0.689327 0.715227 0.687622 0.718393 0.687865 0.719367 0.688109 0.724238 0.690057 0.728865 0.692736 0.732518 0.697120 0.733979 0.700773 0.734954 0.704426 0.734954 0.708323 0.733736 0.712706 0.732031 0.717821 0.728378 0.720256 0.723751 0.723178 0.718637 0.724153 0.701860 0.729711 0.698441 0.731887 0.691354 0.718749 0.686096 0.708185 0.696755 0.695381 0.702320 0.692736 0.709869 0.689327
0 0.724155 0.645080 0.726445 0.642218 0.730071 0.640882 0.733505 0.639546 0.739993 0.640119 0.742665 0.642981 0.744954 0.648896 0.745145 0.651949 0.745145 0.654621 0.741520 0.657102 0.735986 0.658819 0.733505 0.658628 0.728735 0.657483 0.726254 0.655193 0.725109 0.653094 0.725300 0.649850 0.724155 0.645080
0 0.773196 0.617602 0.777775 0.614931 0.780637 0.612832 0.785980 0.610924 0.788652 0.611878 0.789988 0.616839 0.789033 0.622182 0.788270 0.625998 0.786934 0.627906 0.784645 0.630196 0.780256 0.630196 0.776821 0.628097 0.774340 0.622945 0.773196 0.617602
0 0.683978 0.504639 0.705242 0.524891 0.734608 0.491476 0.757391 0.513246 0.655119 0.613999 0.614109 0.574002 0.683978 0.504639
0 0.814775 0.577066 0.801099 0.588256 0.792707 0.576445 0.806383 0.565255 0.814775 0.577066
0 0.819940 0.478434 0.829194 0.489149 0.813851 0.502057 0.805328 0.492315 0.819940 0.478434
0 0.597282 0.263098 0.594360 0.280877 0.556612 0.269187 0.561969 0.252383 0.597282 0.263098
0 0.450780 0.605968 0.469099 0.630583 0.446773 0.646993 0.428073 0.622760 0.450780 0.605968
0 0.299059 0.551554 0.316117 0.525769 0.344282 0.546794 0.326034 0.570992 0.299059 0.551554
0 0.269132 0.439962 0.279848 0.453600 0.264505 0.466507 0.260609 0.462124 0.257199 0.465777 0.249406 0.456766 0.269132 0.439962
3 0.232064 0.603779 0.254199 0.619235 0.248284 0.629540 0.224813 0.616182 0.232064 0.603779
3 0.257634 0.602825 0.269846 0.604352 0.266221 0.619999 0.253627 0.616946 0.257634 0.602825
3 0.285661 0.530438 0.281325 0.537914 0.263533 0.531036 0.267570 0.523561 0.285661 0.530438
3 0.303004 0.508610 0.297622 0.518328 0.259197 0.499340 0.263384 0.490668 0.303004 0.508610
0 0.364920 0.401209 0.310797 0.391491 0.323954 0.362038 0.342643 0.365925 0.339951 0.373550 0.371199 0.379530 0.364920 0.401209
0 0.316830 0.359198 0.322581 0.360359 0.317269 0.376242 0.311441 0.374076 0.316830 0.359198
0 0.352895 0.276424 0.399393 0.315147 0.372631 0.349983 0.358128 0.336228 0.373677 0.318586 0.339589 0.288983 0.352895 0.276424
0 0.361172 0.308506 0.354915 0.315334 0.356667 0.316810 0.362461 0.309609 0.371999 0.317788 0.356304 0.335962 0.346416 0.328438 0.352686 0.321712 0.351321 0.320196 0.343994 0.326592 0.333562 0.318660 0.352082 0.300716 0.361172 0.308506
0 0.359923 0.339886 0.351605 0.350429 0.331691 0.333911 0.341297 0.325594 0.359923 0.339886
3 0.256526 0.163561 0.292326 0.133119 0.300119 0.141156 0.263832 0.171111 0.256526 0.163561
0 0.333971 0.089039 0.324960 0.100729 0.301580 0.083681 0.311078 0.071261 0.333971 0.089039
0 0.161618 0.182253 0.176570 0.188613 0.163908 0.209540 0.150932 0.202479 0.161618 0.182253
0 0.133491 0.209694 0.126190 0.198475 0.124588 0.200612 0.117874 0.195549 0.114047 0.198391 0.109237 0.192815 0.111424 0.190301 0.108035 0.185928 0.114485 0.179588 0.116781 0.181883 0.116999 0.181227 0.116125 0.178057 0.119109 0.170289 0.123158 0.175600 0.125682 0.173707 0.130678 0.181385 0.129047 0.182647 0.143266 0.202230 0.133491 0.209694
0 0.122298 0.164233 0.102346 0.193673 0.089928 0.185162 0.109043 0.156141 0.122298 0.164233
0 0.084905 0.171209 0.079743 0.179860 0.069418 0.174139 0.074859 0.165907 0.084905 0.171209
0 0.079185 0.148467 0.071371 0.168558 0.055465 0.162001 0.063558 0.142328 0.079185 0.148467
0 0.032729 0.135326 0.045910 0.139871 0.041820 0.151690 0.029092 0.147599 0.032729 0.135326
0 0.114979 0.097449 0.127252 0.102449 0.115434 0.129949 0.102934 0.124040 0.114979 0.097449
0 0.100687 0.122334 0.093030 0.134621 0.084482 0.129101 0.091605 0.117882 0.100687 0.122334
4 0.144593 0.033790 0.153675 0.021503 0.168633 0.030763 0.160976 0.043763 0.144593 0.033790
0 0.591022 0.172707 0.587460 0.188378 0.579883 0.186377 0.584561 0.171094 0.591022 0.172707
0 0.583826 0.171745 0.579148 0.187019 0.571712 0.185051 0.575807 0.169736 0.583826 0.171745
0 0.579162 0.379578 0.554844 0.367078 0.551208 0.373896 0.519390 0.370259 0.532799 0.336396 0.557799 0.344805 0.557799 0.346396 0.589390 0.361850 0.579162 0.379578
0 0.450614 0.483226 0.463667 0.493668 0.471789 0.486126 0.475269 0.488447 0.497314 0.465822 0.517619 0.473654 0.499345 0.494828 0.509207 0.505561 0.505726 0.509911 0.519359 0.522964 0.485131 0.564734 0.472369 0.549940 0.468308 0.556032 0.443072 0.533697 0.446843 0.528766 0.425889 0.508120 0.450614 0.483226
0 0.800566 0.373421 0.811248 0.398648 0.789430 0.406148 0.779884 0.380012 0.800566 0.373421
0 0.724155 0.645080 0.725300 0.649850 0.725109 0.653094 0.726254 0.655193 0.728735 0.657483 0.735986 0.658819 0.714750 0.665817 0.709393 0.651605 0.724155 0.645080
0 0.893231 0.641449 0.908878 0.661866 0.901245 0.667782 0.885216 0.646601 0.893231 0.641449
0 0.735986 0.658819 0.768963 0.642165 0.833737 0.716120 0.787788 0.750705 0.772257 0.754667 0.759061 0.741200 0.759305 0.735599 0.757600 0.730484 0.756382 0.727806 0.754434 0.725370 0.749563 0.722691 0.745423 0.721474 0.740552 0.721474 0.734464 0.722448 0.731054 0.717821 0.733977 0.708323 0.733977 0.704426 0.731542 0.697120 0.727889 0.692736 0.723261 0.690057 0.717416 0.687865 0.714250 0.687622 0.710093 0.681227 0.735986 0.658819
0 0.788417 0.638948 0.840319 0.703063 0.833386 0.705282 0.779967 0.640501 0.788417 0.638948
