3 0.743704 0.999006 0.736496 0.989345 0.747037 0.983815 0.757742 0.999006 0.743704 0.999006
3 0.655969 0.959277 0.659252 0.933874 0.686556 0.941132 0.683791 0.949081 0.679125 0.964288 0.655969 0.959277
3 0.607411 0.982951 0.612595 0.975002 0.629184 0.986926 0.624864 0.993665 0.607411 0.982951
0 0.578207 0.953056 0.574578 0.941996 0.578207 0.935948 0.611558 0.959450 0.603609 0.970509 0.578207 0.953056
3 0.552113 0.945625 0.571986 0.959968 0.560754 0.974829 0.539326 0.960314 0.552113 0.945625
0 0.557470 0.989518 0.564901 0.976039 0.576652 0.983642 0.569394 0.995566 0.557470 0.989518
0 0.358810 0.878695 0.370561 0.873856 0.402875 0.875066 0.404431 0.897704 0.395790 0.898395 0.395618 0.902369 0.361748 0.901505 0.358810 0.878695
0 0.410133 0.893211 0.421020 0.888372 0.425513 0.895284 0.416354 0.900296 0.410133 0.893211
0 0.437756 0.923618 0.447564 0.919960 0.450972 0.926943 0.440665 0.930683 0.437756 0.923618
0 0.458702 0.908489 0.466811 0.881013 0.480117 0.887234 0.478735 0.898467 0.475451 0.914365 0.458702 0.908489
0 0.418382 0.982312 0.413820 0.975098 0.442252 0.957594 0.446283 0.966187 0.418382 0.982312
0 0.426551 0.985176 0.462302 0.978811 0.465591 0.994512 0.455061 0.995260 0.456096 0.999008 0.446823 0.999008 0.445893 0.996570 0.430794 0.998968 0.425808 0.997270 0.425384 0.991011 0.426551 0.985176
0 0.187276 0.935039 0.199688 0.924855 0.223345 0.947876 0.212206 0.956999 0.208917 0.953711 0.203719 0.955514 0.187276 0.935039
0 0.106609 0.877738 0.128384 0.863272 0.154109 0.889404 0.144631 0.898476 0.134206 0.885884 0.121904 0.896939 0.106609 0.877738
0 0.122426 0.854201 0.130686 0.846889 0.140968 0.860475 0.135560 0.863949 0.131498 0.865439 0.122426 0.854201
0 0.015334 0.777952 0.022419 0.769830 0.011705 0.755488 0.028640 0.739071 0.050759 0.765683 0.027258 0.790567 0.015334 0.777952
0 0.049519 0.774403 0.055460 0.764431 0.066425 0.772812 0.059925 0.781588 0.049519 0.774403
0 0.058026 0.784221 0.066425 0.772812 0.076253 0.781935 0.068615 0.793075 0.058026 0.784221
3 0.019983 0.730540 0.019452 0.726296 0.016588 0.724599 0.016906 0.718976 0.027197 0.718658 0.028045 0.730646 0.019983 0.730540
3 0.016972 0.703250 0.019549 0.702336 0.019632 0.698013 0.027695 0.697847 0.027362 0.708736 0.018052 0.709567 0.016972 0.703250
0 0.074362 0.785638 0.081560 0.789751 0.076590 0.797463 0.068615 0.793075 0.074362 0.785638
