0 0.008851 0.812405 0.046883 0.811313 0.052226 0.827151 0.050496 0.837977 0.010800 0.840169 0.008851 0.812405
0 0.055419 0.999002 0.055900 0.977906 0.073823 0.978726 0.073035 0.999002 0.055419 0.999002
0 0.116152 0.946056 0.126266 0.954452 0.128746 0.963039 0.105085 0.976968 0.100887 0.967618 0.093254 0.958841 0.116152 0.946056
0 0.193929 0.999005 0.199819 0.987064 0.217756 0.995078 0.216058 0.999005 0.193929 0.999005
0 0.222673 0.999005 0.222575 0.997093 0.219585 0.996046 0.221528 0.987673 0.230499 0.988720 0.246347 0.986627 0.263242 0.986029 0.262131 0.999006 0.222673 0.999005
0 0.271158 0.999006 0.273558 0.974666 0.287612 0.972573 0.286587 0.999006 0.271158 0.999006
1 0.267583 0.735556 0.319867 0.734030 0.320439 0.747196 0.328072 0.755402 0.305937 0.767805 0.305174 0.767805 0.294488 0.755020 0.267964 0.753684 0.267583 0.735556
1 0.395791 0.710852 0.408649 0.722663 0.388166 0.741950 0.375607 0.729990 0.395791 0.710852
0 0.519303 0.652694 0.509734 0.631165 0.520200 0.625782 0.530815 0.646415 0.519303 0.652694
0 0.652153 0.688896 0.661273 0.673795 0.683700 0.674393 0.669347 0.697268 0.652153 0.688896
0 0.635074 0.303045 0.654919 0.297893 0.664460 0.307052 0.665987 0.317165 0.671902 0.325180 0.676100 0.341781 0.679535 0.357810 0.675527 0.359909 0.670375 0.348841 0.656636 0.353421 0.650149 0.339682 0.647859 0.331286 0.642325 0.322317 0.641180 0.312204 0.635074 0.303045
0 0.706416 0.370098 0.731234 0.370247 0.734972 0.388338 0.726450 0.390282 0.726599 0.398206 0.722712 0.399701 0.722918 0.411033 0.716441 0.411458 0.716777 0.398266 0.715542 0.389951 0.705339 0.391262 0.704068 0.400571 0.698059 0.402574 0.698130 0.409278 0.701570 0.409349 0.703995 0.412533 0.699268 0.421045 0.693259 0.421978 0.687876 0.364417 0.692810 0.361875 0.689521 0.356044 0.694903 0.355147 0.706416 0.370098
2 0.702789 0.462949 0.707423 0.475060 0.708919 0.475060 0.716245 0.496290 0.700695 0.501822 0.692173 0.479097 0.688286 0.467285 0.702789 0.462949
0 0.649729 0.621523 0.648086 0.636320 0.621943 0.632885 0.623374 0.620220 0.625587 0.607571 0.626593 0.596767 0.672510 0.604263 0.672701 0.602927 0.683959 0.603690 0.684150 0.614948 0.690638 0.615139 0.691401 0.629260 0.680334 0.629260 0.680906 0.636320 0.667549 0.637083 0.667432 0.629469 0.679029 0.629117 0.678678 0.618370 0.659071 0.617888 0.658616 0.622427 0.649729 0.621523
0 0.638225 0.644908 0.645605 0.648305 0.651345 0.655803 0.630962 0.670446 0.627682 0.666580 0.620067 0.670797 0.613741 0.662129 0.619599 0.657794 0.638225 0.644908
1 0.629707 0.960249 0.636853 0.961635 0.638376 0.959643 0.649974 0.965735 0.649739 0.966555 0.660634 0.972295 0.650676 0.991976 0.619164 0.976512 0.629707 0.960249
0 0.608962 0.920082 0.622200 0.924650 0.622083 0.924650 0.618217 0.934959 0.604862 0.931211 0.608962 0.920082
0 0.638340 0.926847 0.637565 0.941183 0.626886 0.938122 0.628643 0.924065 0.638340 0.926847
0 0.354982 0.999007 0.348459 0.985128 0.348810 0.985128 0.368139 0.975873 0.379151 0.995671 0.371393 0.999007 0.354982 0.999007
2 0.405334 0.972208 0.393224 0.973105 0.392178 0.956359 0.403241 0.956060 0.403391 0.954715 0.419688 0.951874 0.423276 0.964732 0.424771 0.977141 0.406082 0.979683 0.405334 0.972208
2 0.389577 0.905716 0.399066 0.920945 0.388991 0.924576 0.379854 0.907941 0.389577 0.905716
0 0.331936 0.862384 0.306927 0.877212 0.301304 0.872707 0.297219 0.865032 0.293483 0.859388 0.286534 0.851066 0.310337 0.836322 0.321700 0.839461 0.330072 0.847535 0.331936 0.862384
0 0.276067 0.866314 0.276067 0.866197 0.283095 0.866197 0.288015 0.871468 0.283915 0.875802 0.280167 0.875920 0.275832 0.873460 0.276067 0.866314
0 0.193003 0.822076 0.205979 0.821504 0.204994 0.804976 0.220809 0.804039 0.222918 0.804039 0.225143 0.837543 0.192108 0.839300 0.191171 0.822196 0.193003 0.822076
0 0.229612 0.818236 0.261476 0.817534 0.263116 0.836745 0.243787 0.837097 0.243787 0.834168 0.231253 0.834168 0.229612 0.818236
0 0.083125 0.921532 0.082774 0.908295 0.092262 0.907943 0.092614 0.921532 0.083125 0.921532
0 0.041848 0.926565 0.020169 0.920136 0.029588 0.887991 0.026897 0.887243 0.030933 0.874685 0.068610 0.885898 0.060088 0.915052 0.046279 0.911464 0.041848 0.926565
2 0.339557 0.858547 0.313034 0.823246 0.334596 0.809698 0.349671 0.827253 0.340511 0.834122 0.351388 0.848243 0.339557 0.858547
0 0.175294 0.822198 0.177835 0.831468 0.182171 0.831169 0.183517 0.844134 0.157352 0.844475 0.157053 0.831617 0.156904 0.831318 0.154362 0.821899 0.175294 0.822198
0 0.169014 0.821151 0.150774 0.820703 0.147186 0.804855 0.186208 0.799024 0.188002 0.824441 0.181125 0.825039 0.180676 0.821002 0.169014 0.821151
0 0.232772 0.555635 0.257740 0.555186 0.258787 0.568792 0.255946 0.569091 0.255797 0.579257 0.215877 0.580154 0.215429 0.571034 0.203169 0.570735 0.202870 0.558774 0.216176 0.558176 0.216326 0.561765 0.228885 0.561615 0.229034 0.560269 0.232921 0.560419 0.232772 0.555635
0 0.064382 0.696261 0.061526 0.704397 0.058415 0.714228 0.048931 0.710387 0.054983 0.692884 0.064382 0.696261
0 0.083629 0.694949 0.077989 0.704873 0.068756 0.699487 0.064861 0.697640 0.070508 0.684992 0.083629 0.694949
0 0.149629 0.973785 0.161227 0.973785 0.159821 0.989483 0.148458 0.988312 0.149629 0.973785
0 0.194064 0.859129 0.193914 0.867950 0.167152 0.867352 0.167601 0.858381 0.194064 0.859129
0 0.229199 0.855241 0.244599 0.861371 0.236824 0.877219 0.228750 0.873631 0.225760 0.880808 0.231143 0.883050 0.226657 0.893217 0.213201 0.888283 0.229199 0.855241
0 0.719728 0.426566 0.727551 0.435535 0.729841 0.442977 0.711713 0.448129 0.710378 0.439542 0.702173 0.431909 0.719728 0.426566
3 0.739921 0.442941 0.744725 0.457860 0.719155 0.465112 0.714420 0.450470 0.739921 0.442941
1 0.713812 0.468355 0.726216 0.465493 0.728315 0.471790 0.732513 0.469882 0.734230 0.476751 0.738046 0.476370 0.748541 0.473126 0.751976 0.482667 0.722399 0.493925 0.713812 0.468355
0 0.126100 0.920082 0.137328 0.906143 0.150492 0.915436 0.138102 0.929568 0.126100 0.920082
3 0.154945 0.936537 0.156494 0.918727 0.169271 0.922018 0.171788 0.916016 0.189211 0.926277 0.177208 0.945039 0.154945 0.936537
