0 0.001358 0.063163 0.006397 0.053967 0.032472 0.066564 0.028315 0.074752 0.001358 0.063163
0 0.122052 0.052613 0.142148 0.092002 0.128161 0.101005 0.107261 0.081873 0.099222 0.062099 0.122052 0.052613
0 0.173404 0.108226 0.192578 0.119795 0.184650 0.130537 0.184935 0.139319 0.179902 0.140222 0.179285 0.137468 0.168580 0.152598 0.148806 0.139094 0.173404 0.108226
3 0.182547 0.172524 0.193254 0.189278 0.169320 0.202630 0.159873 0.185373 0.182547 0.172524
0 0.223949 0.217748 0.235202 0.229002 0.210926 0.254243 0.199673 0.243632 0.223949 0.217748
0 0.208706 0.155739 0.187039 0.129790 0.196487 0.117067 0.208957 0.129790 0.204549 0.133695 0.218531 0.149566 0.208706 0.155739
0 0.207376 0.257621 0.228412 0.238222 0.244284 0.253212 0.225389 0.273493 0.207376 0.257621
4 0.228330 0.309004 0.228589 0.300626 0.245345 0.302267 0.245173 0.310300 0.228330 0.309004
0 0.181762 0.358853 0.201627 0.355052 0.205082 0.373104 0.184180 0.376040 0.181762 0.358853
0 0.199103 0.404155 0.228755 0.414627 0.224456 0.426643 0.195024 0.416171 0.199103 0.404155
0 0.103791 0.395874 0.102927 0.386200 0.110096 0.385682 0.110959 0.395269 0.103791 0.395874
4 0.267150 0.000006 0.268134 0.007561 0.255050 0.019098 0.238032 0.000006 0.267150 0.000006
0 0.311027 0.044140 0.298928 0.057224 0.268683 0.025493 0.278594 0.015156 0.311027 0.044140
0 0.277617 0.015156 0.267707 0.025493 0.256027 0.019098 0.269111 0.007561 0.277617 0.015156
0 0.268891 0.027990 0.276318 0.038441 0.267422 0.044314 0.263277 0.038095 0.265177 0.037059 0.262154 0.032136 0.268891 0.027990
4 0.317245 0.000007 0.306402 0.010060 0.297065 0.001621 0.298394 0.000006 0.317245 0.000007
0 0.315553 0.021212 0.324593 0.030472 0.315553 0.039842 0.306073 0.031023 0.315553 0.021212
0 0.311275 0.051921 0.338991 0.029974 0.367269 0.065709 0.339131 0.085405 0.311275 0.051921
0 0.403831 0.000007 0.385702 0.020547 0.391269 0.023779 0.381393 0.037785 0.344404 0.017674 0.359981 0.000007 0.403831 0.000007
0 0.279775 0.079866 0.310942 0.061991 0.324692 0.086282 0.321942 0.106907 0.336609 0.149991 0.327900 0.159387 0.302004 0.115157 0.293984 0.119970 0.287109 0.106220 0.291692 0.103012 0.279775 0.079866
0 0.368529 0.073629 0.385946 0.094637 0.359731 0.112593 0.354165 0.105950 0.361167 0.100024 0.350573 0.086378 0.368529 0.073629
0 0.346019 0.150611 0.332719 0.130476 0.327512 0.111084 0.328410 0.094026 0.342056 0.093128 0.344750 0.108031 0.349418 0.105697 0.355882 0.113777 0.351932 0.117548 0.362902 0.133869 0.346019 0.150611
4 0.224614 0.000005 0.227516 0.003856 0.210212 0.017362 0.201980 0.000005 0.224614 0.000005
0 0.394537 0.201066 0.407481 0.184042 0.432523 0.203739 0.418314 0.223294 0.394537 0.201066
4 0.483890 0.000008 0.474500 0.012144 0.460972 0.000008 0.483890 0.000008
0 0.549879 0.000008 0.552160 0.002155 0.535699 0.025228 0.516425 0.014676 0.523852 0.000008 0.549879 0.000008
0 0.516425 0.015653 0.535699 0.026205 0.526819 0.039798 0.523946 0.038002 0.518559 0.046083 0.514609 0.043928 0.510659 0.050572 0.505452 0.048237 0.500604 0.054342 0.489198 0.045464 0.510273 0.018258 0.516425 0.015653
0 0.542620 0.018531 0.560217 0.032178 0.551957 0.044388 0.556985 0.048518 0.544954 0.064139 0.532744 0.056777 0.523407 0.072219 0.510300 0.064139 0.542620 0.018531
4 0.591476 0.000007 0.599512 0.005632 0.591796 0.013789 0.574213 0.000008 0.591476 0.000007
0 0.610007 0.015870 0.624206 0.000528 0.640190 0.009994 0.626080 0.027962 0.610007 0.015870
4 0.693286 0.000007 0.695705 0.002571 0.685344 0.009405 0.678514 0.000007 0.693286 0.000007
0 0.588284 0.068714 0.626889 0.093134 0.607318 0.120068 0.568892 0.096007 0.588284 0.068714
0 0.077246 0.114183 0.073246 0.099582 0.091381 0.095991 0.094433 0.111073 0.077246 0.114183
3 0.004227 0.185271 0.002970 0.171445 0.028647 0.171625 0.028827 0.184912 0.004227 0.185271
0 0.097306 0.852692 0.082410 0.869879 0.074160 0.865067 0.070264 0.869421 0.056514 0.857504 0.074848 0.837109 0.097306 0.852692
3 0.129805 0.844316 0.112629 0.855585 0.100778 0.837449 0.116660 0.827129 0.129805 0.844316
3 0.147643 0.832601 0.130215 0.844043 0.117070 0.826865 0.135612 0.814825 0.147643 0.832601
0 0.712407 0.219248 0.699323 0.226423 0.686802 0.203913 0.699745 0.196879 0.712407 0.219248
0 0.760114 0.122637 0.770884 0.140053 0.741093 0.157470 0.730780 0.143262 0.760114 0.122637
0 0.665295 0.108550 0.675530 0.116271 0.641773 0.161340 0.617174 0.144103 0.628306 0.127763 0.643569 0.137639 0.665295 0.108550
0 0.618790 0.146437 0.606580 0.165470 0.594011 0.157929 0.606939 0.138177 0.618790 0.146437
0 0.700643 0.088416 0.695795 0.071358 0.714828 0.066869 0.718958 0.084824 0.700643 0.088416
0 0.680113 0.044597 0.674063 0.029965 0.679972 0.027011 0.676033 0.019976 0.697277 0.008018 0.700935 0.016037 0.707828 0.011957 0.715285 0.025745 0.680113 0.044597
0 0.670009 0.031189 0.664336 0.020849 0.672130 0.016607 0.677486 0.027265 0.670009 0.031189
0 0.725671 0.028482 0.730854 0.022090 0.748387 0.035996 0.742686 0.042560 0.725671 0.028482
0 0.860348 0.042266 0.879060 0.053240 0.871885 0.064917 0.853314 0.054365 0.860348 0.042266
0 0.843479 0.025236 0.831802 0.041978 0.812950 0.029175 0.824908 0.012012 0.843479 0.025236
0 0.719072 0.156516 0.727689 0.172521 0.704298 0.185858 0.693629 0.169238 0.719072 0.156516
0 0.566391 0.089253 0.558192 0.101954 0.536970 0.087163 0.547260 0.073337 0.566391 0.089253
