0 0.612896 0.026262 0.611385 0.013791 0.635949 0.010768 0.637272 0.025317 0.612896 0.026262
0 0.634627 0.063109 0.638784 0.044780 0.641429 0.044591 0.641051 0.038922 0.651255 0.037600 0.651633 0.044969 0.662026 0.043646 0.663159 0.063676 0.634627 0.063109
3 0.751601 0.152818 0.743160 0.136660 0.749250 0.133293 0.758353 0.149683 0.751601 0.152818
0 0.652800 0.490652 0.643058 0.463481 0.664911 0.456710 0.672490 0.479598 0.669376 0.481066 0.670487 0.485562 0.652800 0.490652
0 0.680979 0.455712 0.677870 0.433800 0.687197 0.433208 0.688381 0.442683 0.694304 0.442683 0.695044 0.455268 0.680979 0.455712
4 0.690750 0.486655 0.691194 0.463855 0.714735 0.464151 0.715031 0.473478 0.732501 0.474515 0.732353 0.482806 0.720213 0.483250 0.719917 0.488136 0.690750 0.486655
0 0.673372 0.501354 0.673024 0.493234 0.680912 0.483373 0.690773 0.488709 0.700749 0.489985 0.703417 0.527803 0.691237 0.528963 0.687524 0.502862 0.673372 0.501354
0 0.705621 0.527571 0.701677 0.495786 0.732650 0.493582 0.737174 0.505066 0.735666 0.517826 0.712465 0.520958 0.712886 0.527219 0.705621 0.527571
0 0.682116 0.546799 0.681884 0.535314 0.699749 0.535082 0.700139 0.544159 0.694529 0.544478 0.694441 0.546982 0.682116 0.546799
0 0.629317 0.597669 0.619102 0.572944 0.639089 0.565097 0.641310 0.564209 0.651229 0.587305 0.648120 0.589230 0.650489 0.594264 0.636276 0.601223 0.633759 0.597521 0.629317 0.597669
0 0.601514 0.614619 0.600706 0.579376 0.614350 0.573779 0.627707 0.602063 0.601514 0.614619
4 0.746463 0.685379 0.726244 0.666105 0.731913 0.660625 0.751375 0.680844 0.746463 0.685379
0 0.070348 0.934445 0.070590 0.929139 0.073725 0.929139 0.073966 0.922387 0.082648 0.922387 0.083371 0.914910 0.111587 0.916599 0.111105 0.922869 0.119305 0.924075 0.118340 0.938303 0.100494 0.938303 0.070348 0.934445
0 0.176702 0.937821 0.168502 0.931068 0.176461 0.922628 0.184901 0.930104 0.176702 0.937821
0 0.215350 0.895563 0.223197 0.889197 0.232968 0.899857 0.225862 0.906815 0.215350 0.895563
0 0.196103 0.881054 0.217423 0.863583 0.235285 0.857681 0.239779 0.869654 0.222605 0.880165 0.223937 0.885643 0.209724 0.897488 0.196103 0.881054
0 0.004338 0.670827 0.009817 0.660812 0.017187 0.665158 0.011140 0.674795 0.004338 0.670827
0 0.000120 0.577134 0.007080 0.577134 0.006848 0.584094 0.000120 0.584326 0.000120 0.577134
4 0.000502 0.568928 0.000502 0.560785 0.009299 0.560843 0.008986 0.569166 0.000502 0.568928
0 0.000008 0.531571 0.017623 0.534585 0.014027 0.554074 0.004862 0.553378 0.004746 0.547230 0.000008 0.546187 0.000008 0.531571
0 0.000008 0.513937 0.014607 0.514285 0.014607 0.518461 0.015978 0.518585 0.015870 0.526967 0.000008 0.526813 0.000008 0.513937
0 0.025405 0.518259 0.026852 0.498271 0.028925 0.498271 0.030257 0.489240 0.043138 0.490720 0.042397 0.499603 0.050688 0.501380 0.048764 0.516926 0.043582 0.516333 0.042990 0.520035 0.025405 0.518259
0 0.018210 0.262430 0.019098 0.253546 0.029166 0.254139 0.028278 0.263170 0.018210 0.262430
0 0.210356 0.773666 0.210652 0.767151 0.220571 0.767447 0.220275 0.773962 0.210356 0.773666
0 0.208955 0.799247 0.211472 0.776003 0.232791 0.775263 0.232347 0.781333 0.228646 0.781925 0.225537 0.795398 0.229978 0.795694 0.229238 0.800728 0.208955 0.799247
