0 0.892108 0.443683 0.890277 0.442549 0.883909 0.440928 0.885153 0.433951 0.886650 0.430568 0.886514 0.423154 0.896004 0.422969 0.897297 0.412994 0.944399 0.423523 0.939966 0.452154 0.893787 0.444581 0.892108 0.443683
0 0.796215 0.446691 0.778018 0.426171 0.779031 0.416909 0.784820 0.411409 0.804359 0.433842 0.807168 0.438041 0.809961 0.442613 0.815792 0.444118 0.821581 0.451209 0.809945 0.458497 0.796215 0.446691
0 0.830244 0.731903 0.839656 0.700265 0.880934 0.712285 0.875377 0.743697 0.830244 0.731903
0 0.800874 0.706955 0.800761 0.706388 0.800080 0.696976 0.813802 0.696523 0.814709 0.703213 0.810740 0.703100 0.807791 0.706615 0.800874 0.706955
0 0.927840 0.752067 0.921182 0.740488 0.936668 0.731949 0.944050 0.744685 0.927985 0.753514 0.927840 0.752067
0 0.971342 0.749850 0.965751 0.745479 0.977485 0.733206 0.996917 0.748345 0.986645 0.760125 0.971342 0.749850
0 0.145414 0.718133 0.164440 0.699476 0.177117 0.710375 0.157421 0.729400 0.145414 0.718133
0 0.176942 0.688403 0.184401 0.679590 0.202779 0.660069 0.211266 0.667613 0.186984 0.690244 0.193114 0.694724 0.180147 0.707218 0.169572 0.696828 0.176942 0.688403
0 0.176611 0.659126 0.190049 0.640266 0.210087 0.614805 0.221168 0.621642 0.186748 0.667848 0.176611 0.659126
0 0.133565 0.743722 0.144183 0.735693 0.149172 0.741136 0.139548 0.749464 0.135337 0.746579 0.133565 0.743722
0 0.200422 0.569300 0.192304 0.558777 0.203034 0.551548 0.214972 0.564427 0.204529 0.573338 0.200422 0.569300
0 0.011161 0.834918 0.012454 0.822727 0.034989 0.824758 0.035543 0.850249 0.041824 0.867058 0.035543 0.886084 0.031849 0.885345 0.031664 0.891995 0.009683 0.891440 0.010237 0.882759 0.009868 0.855975 0.008169 0.855990 0.008021 0.836765 0.011161 0.834918
0 0.040772 0.894686 0.040728 0.886896 0.050313 0.886726 0.050313 0.894549 0.040772 0.894686
0 0.199073 0.999005 0.180372 0.995071 0.189803 0.977882 0.188695 0.974742 0.193313 0.961812 0.186478 0.957378 0.193699 0.944384 0.167647 0.934977 0.173871 0.920504 0.154622 0.905163 0.167647 0.888229 0.218013 0.911386 0.219750 0.918333 0.225249 0.922964 0.227999 0.911531 0.248117 0.916596 0.217268 0.999005 0.199073 0.999005
0 0.000009 0.843802 0.005889 0.843759 0.007300 0.848888 0.007471 0.856666 0.000009 0.856666 0.000009 0.843802
4 0.985330 0.762058 0.995422 0.753780 0.999009 0.755379 0.999009 0.765623 0.993721 0.769202 0.985556 0.762511 0.985330 0.762058
0 0.822233 0.447858 0.819031 0.442567 0.825366 0.434492 0.837897 0.432194 0.851333 0.444726 0.846460 0.452592 0.837966 0.460041 0.822303 0.448206 0.822233 0.447858
0 0.944122 0.725980 0.957236 0.717852 0.967026 0.726903 0.953912 0.736324 0.944861 0.726349 0.944122 0.725980
0 0.914053 0.728226 0.927454 0.720577 0.939271 0.728840 0.922212 0.737280 0.913593 0.728218 0.914053 0.728226
0 0.941221 0.777016 0.966739 0.758155 0.993921 0.791994 0.981162 0.800870 0.991147 0.811410 0.979497 0.817512 0.941221 0.777016
