0 0.461635 0.542674 0.468539 0.545407 0.464296 0.560438 0.457104 0.558136 0.461635 0.542674
0 0.445009 0.551619 0.445079 0.542072 0.458362 0.542417 0.458259 0.551861 0.445009 0.551619
0 0.392873 0.573008 0.407974 0.576596 0.401246 0.603508 0.386594 0.600219 0.392873 0.573008
0 0.361201 0.636282 0.372863 0.635983 0.373012 0.651831 0.376900 0.651980 0.377199 0.672164 0.364640 0.672164 0.364042 0.650186 0.360902 0.650037 0.361201 0.636282
0 0.357859 0.651484 0.362606 0.651700 0.362678 0.663279 0.357284 0.663207 0.357859 0.651484
0 0.317490 0.656273 0.344785 0.655804 0.344902 0.675719 0.336116 0.675719 0.335999 0.672205 0.317490 0.672439 0.317490 0.656273
0 0.384446 0.642592 0.387751 0.642592 0.388210 0.649201 0.395277 0.649476 0.394818 0.662418 0.386466 0.662235 0.386557 0.648834 0.382794 0.648742 0.382794 0.642409 0.384446 0.642592
0 0.411275 0.564250 0.424632 0.567494 0.417000 0.599933 0.404215 0.597261 0.411275 0.564250
0 0.440580 0.598769 0.475703 0.614932 0.471663 0.625810 0.435296 0.612134 0.440580 0.598769
0 0.451459 0.623279 0.449267 0.638622 0.456574 0.640083 0.453895 0.653234 0.421991 0.646415 0.430271 0.617191 0.451459 0.623279
0 0.464610 0.631072 0.478979 0.635700 0.475813 0.651286 0.473621 0.660297 0.456330 0.654696 0.459252 0.644467 0.463149 0.646172 0.464367 0.630585 0.464610 0.631072
0 0.455184 0.688180 0.472863 0.705348 0.459648 0.714589 0.443539 0.698866 0.455184 0.688180
0 0.185237 0.593911 0.198693 0.587781 0.206767 0.606171 0.211701 0.603779 0.219176 0.619478 0.198992 0.628897 0.191666 0.613348 0.194806 0.611404 0.185237 0.593911
0 0.187903 0.565856 0.197816 0.585131 0.180835 0.593208 0.171565 0.573841 0.187903 0.565856
0 0.166721 0.616681 0.169965 0.627176 0.165576 0.627939 0.171491 0.646257 0.147067 0.653508 0.142296 0.639197 0.148975 0.637098 0.145731 0.626412 0.151646 0.625077 0.150501 0.622023 0.166721 0.616681
0 0.101067 0.636282 0.124741 0.628511 0.129130 0.640724 0.104323 0.649310 0.101067 0.636282
0 0.076631 0.645860 0.098144 0.636526 0.101757 0.645618 0.097332 0.647254 0.098970 0.651528 0.103570 0.649863 0.106830 0.657063 0.098306 0.660472 0.095871 0.654871 0.090270 0.657550 0.094897 0.671919 0.087591 0.676546 0.076631 0.645860
0 0.078694 0.665001 0.083808 0.676447 0.066030 0.683996 0.058480 0.664513 0.068493 0.660825 0.072118 0.667923 0.078694 0.665001
0 0.021359 0.641672 0.041329 0.634559 0.052297 0.670446 0.034542 0.677119 0.029880 0.659938 0.022089 0.661794 0.018635 0.653450 0.023978 0.651161 0.021359 0.641672
0 0.055587 0.670922 0.060930 0.686759 0.027537 0.698590 0.022436 0.683028 0.055587 0.670922
0 0.002426 0.678823 0.013789 0.675832 0.013041 0.673141 0.023862 0.670205 0.026286 0.681356 0.022436 0.683028 0.022060 0.686752 0.005266 0.690185 0.002426 0.678823
0 0.032293 0.667912 0.034542 0.677119 0.026286 0.681356 0.023862 0.670205 0.032293 0.667912
0 0.029216 0.725071 0.042764 0.718011 0.047534 0.726407 0.034559 0.733658 0.029216 0.725071
0 0.082162 0.694482 0.083814 0.693656 0.090607 0.706781 0.079317 0.712655 0.072433 0.699622 0.082162 0.694482
0 0.092066 0.688890 0.109755 0.680924 0.115729 0.694044 0.098392 0.701776 0.092066 0.688890
0 0.084848 0.694079 0.091607 0.690257 0.095715 0.697163 0.088381 0.701237 0.084848 0.694079
0 0.110731 0.680466 0.126780 0.673555 0.129122 0.678826 0.118345 0.683629 0.119868 0.686909 0.114245 0.689604 0.110731 0.680466
0 0.127600 0.672969 0.137557 0.669103 0.145991 0.669103 0.145991 0.691478 0.136737 0.691478 0.136503 0.681755 0.130528 0.680349 0.127600 0.672969
0 0.120375 0.689291 0.132307 0.696083 0.127443 0.704436 0.115969 0.696725 0.120375 0.689291
0 0.000009 0.898736 0.005352 0.898736 0.005596 0.911400 0.000009 0.912129 0.000009 0.898736
0 0.000009 0.950278 0.012842 0.946627 0.018443 0.967815 0.000009 0.974387 0.000009 0.950278
0 0.000009 0.974387 0.014786 0.968583 0.018412 0.980222 0.000009 0.988042 0.000009 0.974387
0 0.034295 0.972355 0.034997 0.980907 0.027266 0.981844 0.026797 0.977393 0.029960 0.977041 0.029960 0.973058 0.034295 0.972355
0 0.470377 0.722987 0.482017 0.715163 0.504152 0.734627 0.493466 0.741687 0.470377 0.722987
0 0.468660 0.723941 0.491264 0.742320 0.486151 0.749879 0.470906 0.741088 0.469423 0.736916 0.464844 0.737680 0.468328 0.750484 0.447482 0.755373 0.442590 0.740442 0.457402 0.735581 0.456829 0.731192 0.468660 0.723941
0 0.458742 0.753500 0.473674 0.750290 0.475498 0.758419 0.472065 0.758922 0.472856 0.764028 0.460558 0.765683 0.458742 0.753500
0 0.458656 0.753316 0.461102 0.763456 0.452975 0.765398 0.453764 0.772556 0.441751 0.774560 0.440893 0.757847 0.458656 0.753316
0 0.426686 0.762457 0.443356 0.754726 0.444757 0.757007 0.440893 0.757847 0.442354 0.765884 0.430560 0.771150 0.426686 0.762457
0 0.448151 0.774236 0.459073 0.771483 0.462653 0.791033 0.443267 0.795086 0.440025 0.781763 0.449160 0.779835 0.448151 0.774236
0 0.422512 0.772594 0.429770 0.770495 0.445596 0.800134 0.438250 0.803741 0.435297 0.792439 0.420032 0.796446 0.416164 0.785959 0.425184 0.782326 0.422512 0.772594
0 0.435180 0.792322 0.439187 0.803390 0.423151 0.806690 0.419914 0.796329 0.435180 0.792322
0 0.419234 0.816036 0.430447 0.816484 0.429998 0.828296 0.418636 0.827996 0.419234 0.816036
0 0.409206 0.765983 0.415015 0.774434 0.407390 0.779218 0.402101 0.770902 0.409206 0.765983
0 0.376436 0.795244 0.365837 0.802234 0.355533 0.787541 0.364385 0.782295 0.376436 0.795244
0 0.393535 0.783978 0.376855 0.794971 0.364814 0.782041 0.365837 0.781435 0.361639 0.773993 0.380530 0.763879 0.393535 0.783978
0 0.381142 0.763987 0.395438 0.755631 0.403399 0.769484 0.390157 0.778489 0.381142 0.763987
0 0.336117 0.788629 0.376485 0.821671 0.355703 0.846191 0.343593 0.834978 0.351816 0.824960 0.342097 0.816289 0.328492 0.804178 0.332379 0.800142 0.328642 0.796703 0.336117 0.788629
0 0.323410 0.821419 0.321949 0.841389 0.301979 0.839198 0.303684 0.819228 0.323410 0.821419
0 0.325057 0.812802 0.337461 0.813375 0.337079 0.819481 0.342040 0.819290 0.341086 0.851157 0.327156 0.850584 0.328492 0.833983 0.323722 0.833601 0.325057 0.812802
0 0.306330 0.855231 0.329222 0.858641 0.328248 0.873253 0.306086 0.872279 0.306330 0.855231
0 0.366203 0.837160 0.377080 0.845365 0.358762 0.869217 0.348457 0.860439 0.366203 0.837160
0 0.329566 0.875705 0.345595 0.878949 0.337962 0.913868 0.322506 0.910815 0.329566 0.875705
0 0.300242 0.888269 0.310434 0.888269 0.310434 0.902209 0.300242 0.902326 0.300242 0.888269
0 0.332310 0.763924 0.348148 0.758772 0.352918 0.773084 0.332119 0.780144 0.326776 0.766023 0.332310 0.763924
