0 0.086809 0.101071 0.105561 0.113491 0.118956 0.123476 0.092897 0.152214 0.090705 0.150509 0.084617 0.157815 0.055149 0.136627 0.086809 0.101071
0 0.142500 0.040478 0.168559 0.064101 0.186093 0.080905 0.151998 0.108668 0.131784 0.089429 0.125940 0.084314 0.129349 0.059961 0.142500 0.040478
0 0.178787 0.094596 0.191190 0.105855 0.197869 0.116540 0.179741 0.131233 0.169628 0.123601 0.148065 0.137530 0.136616 0.125127 0.178787 0.094596
0 0.133537 0.154874 0.148189 0.150987 0.154469 0.164742 0.140116 0.169526 0.133537 0.154874
0 0.025459 0.291211 0.025104 0.291596 0.025702 0.295782 0.000011 0.305237 0.000011 0.280217 0.017803 0.275420 0.025459 0.291211
0 0.048685 0.270852 0.054218 0.283255 0.036616 0.295334 0.035569 0.293988 0.029140 0.296530 0.026898 0.289652 0.025459 0.291211 0.017803 0.275420 0.018726 0.275241 0.031129 0.265318 0.035327 0.267417 0.039525 0.262456 0.048685 0.270852
0 0.000011 0.322646 0.017325 0.315192 0.019434 0.317652 0.029391 0.310623 0.036303 0.319526 0.028220 0.327492 0.030446 0.336981 0.000011 0.357453 0.000011 0.322646
0 0.151767 0.361650 0.158644 0.370322 0.146384 0.380788 0.139208 0.370920 0.151767 0.361650
0 0.125602 0.362248 0.142347 0.379592 0.143244 0.383329 0.126350 0.398131 0.117977 0.393197 0.117678 0.390655 0.106166 0.380788 0.125602 0.362248
0 0.082370 0.401313 0.106143 0.400715 0.107339 0.409835 0.117954 0.410583 0.118253 0.414022 0.126476 0.414620 0.127224 0.425384 0.107787 0.426880 0.104049 0.440635 0.076390 0.438691 0.082370 0.401313
0 0.080427 0.414171 0.076390 0.438691 0.072054 0.439737 0.075493 0.417161 0.080427 0.414171
0 0.075109 0.498031 0.109075 0.511580 0.106403 0.523792 0.098389 0.532188 0.065568 0.515778 0.075109 0.498031
0 0.125559 0.431358 0.134530 0.432704 0.134081 0.446160 0.124513 0.444963 0.125559 0.431358
0 0.068943 0.441557 0.077612 0.442846 0.077026 0.449054 0.068708 0.447883 0.068943 0.441557
0 0.000011 0.686830 0.036936 0.725045 0.014561 0.743788 0.000011 0.730533 0.000011 0.686830
0 0.057070 0.743463 0.091158 0.777551 0.077702 0.787569 0.051388 0.761105 0.057070 0.743463
0 0.083739 0.725990 0.104156 0.721219 0.107210 0.735340 0.086792 0.741064 0.083739 0.725990
0 0.106696 0.781449 0.118208 0.774572 0.123142 0.781150 0.113723 0.788925 0.106696 0.781449
0 0.138467 0.821598 0.144610 0.829402 0.124968 0.850421 0.118543 0.845556 0.119002 0.842527 0.138467 0.821598
0 0.000011 0.845513 0.018037 0.849650 0.010214 0.877891 0.000011 0.875794 0.000011 0.845513
0 0.837828 0.055718 0.857673 0.066785 0.848514 0.077662 0.841454 0.073273 0.837828 0.076517 0.826570 0.070220 0.830005 0.063541 0.837828 0.055718
0 0.189124 0.256596 0.231743 0.259762 0.231012 0.277540 0.189124 0.276323 0.189862 0.267068 0.189124 0.256596
0 0.241875 0.265813 0.263056 0.272873 0.262102 0.278979 0.252752 0.278025 0.251225 0.282986 0.235578 0.278407 0.241875 0.265813
0 0.253324 0.257989 0.273932 0.250357 0.275840 0.246922 0.282519 0.244823 0.290343 0.259134 0.285381 0.260852 0.279657 0.266958 0.263056 0.272873 0.253324 0.257989
0 0.272238 0.220404 0.290479 0.214274 0.297057 0.231767 0.278518 0.238046 0.272238 0.220404
0 0.297677 0.227343 0.307634 0.224766 0.311031 0.230740 0.302480 0.234372 0.297677 0.227343
0 0.303865 0.260023 0.327188 0.252099 0.330926 0.261369 0.307602 0.270190 0.303865 0.260023
0 0.225707 0.057908 0.233722 0.064968 0.216357 0.080424 0.209488 0.072791 0.225707 0.057908
0 0.829271 0.320517 0.839111 0.326257 0.832668 0.334223 0.823999 0.329537 0.824350 0.325788 0.829271 0.320517
0 0.877535 0.321805 0.887609 0.328717 0.883509 0.335043 0.873552 0.328131 0.877535 0.321805
0 0.887843 0.330709 0.901432 0.339612 0.892881 0.353435 0.887609 0.351326 0.890655 0.345235 0.889601 0.344532 0.886086 0.350623 0.879526 0.346289 0.880229 0.342892 0.887843 0.330709
0 0.050738 0.259932 0.059410 0.253503 0.068829 0.267408 0.060008 0.272790 0.050738 0.259932
0 0.302480 0.234372 0.311031 0.230740 0.317318 0.228647 0.325789 0.244319 0.311388 0.251096 0.307575 0.243049 0.302480 0.234372
4 0.416637 0.000008 0.408965 0.006699 0.403104 0.000007 0.416637 0.000008
0 0.492449 0.234872 0.494238 0.214600 0.509144 0.215792 0.507355 0.235468 0.492449 0.234872
0 0.234714 0.244530 0.242768 0.241995 0.250374 0.255418 0.241575 0.259445 0.234714 0.244530
