0 0.033698 0.500598 0.046818 0.502238 0.045881 0.512430 0.032409 0.510790 0.033698 0.500598
0 0.083457 0.466700 0.083894 0.472799 0.092333 0.474236 0.095206 0.507095 0.087638 0.508273 0.088036 0.515300 0.065866 0.516456 0.061605 0.466831 0.083457 0.466700
0 0.059478 0.523679 0.085471 0.525417 0.081915 0.561333 0.080121 0.574107 0.076780 0.574409 0.076125 0.577212 0.077852 0.578248 0.076746 0.585219 0.061958 0.583780 0.062649 0.580498 0.051799 0.579776 0.054316 0.556730 0.050348 0.556179 0.052001 0.541077 0.056962 0.541077 0.059478 0.523679
0 0.046925 0.542990 0.046374 0.549715 0.037776 0.549274 0.038327 0.542219 0.046925 0.542990
4 0.039039 0.556637 0.043119 0.556919 0.043066 0.561139 0.038195 0.561139 0.038195 0.556637 0.039039 0.556637
0 0.355355 0.555356 0.362891 0.563456 0.353355 0.572053 0.345972 0.563388 0.355355 0.555356
0 0.373955 0.547851 0.378084 0.548864 0.381069 0.538541 0.388252 0.540149 0.388725 0.538390 0.393057 0.539472 0.392583 0.541706 0.400854 0.543911 0.394305 0.566465 0.370343 0.561032 0.373955 0.547851
0 0.363185 0.619333 0.373939 0.609279 0.389581 0.627191 0.378946 0.636198 0.363185 0.619333
0 0.418049 0.536992 0.442600 0.531260 0.445832 0.544188 0.441882 0.545445 0.442421 0.548857 0.445964 0.547993 0.447203 0.557841 0.435884 0.559805 0.435059 0.555321 0.429313 0.555321 0.429672 0.559630 0.416385 0.561605 0.414217 0.548577 0.420694 0.547420 0.418049 0.536992
0 0.406709 0.671304 0.417675 0.654798 0.441693 0.669243 0.425562 0.695544 0.407326 0.686199 0.413083 0.676359 0.406709 0.671304
0 0.071299 0.869132 0.076799 0.879674 0.067438 0.884825 0.061216 0.874174 0.071299 0.869132
0 0.100318 0.916825 0.097300 0.916310 0.098561 0.908120 0.116751 0.910230 0.114073 0.933723 0.097948 0.932381 0.100318 0.916825
0 0.188646 0.927952 0.213049 0.922947 0.215381 0.935125 0.191923 0.939249 0.188646 0.927952
0 0.188646 0.927952 0.191923 0.939249 0.193576 0.946838 0.177381 0.950335 0.172869 0.931934 0.188646 0.927952
0 0.000009 0.983479 0.002976 0.983479 0.002866 0.953494 0.007691 0.953355 0.007385 0.949415 0.011889 0.949366 0.011820 0.953080 0.016238 0.953451 0.015185 0.988438 0.010943 0.988945 0.010612 0.991149 0.000009 0.990617 0.000009 0.983479
0 0.030482 0.959276 0.030136 0.982928 0.016166 0.982953 0.016927 0.959276 0.030482 0.959276
3 0.135195 0.990012 0.151435 0.980095 0.158134 0.989409 0.142219 0.999004 0.141464 0.999004 0.135195 0.990012
0 0.194316 0.999005 0.193894 0.997739 0.195628 0.997060 0.192695 0.991013 0.220452 0.980721 0.227395 0.997888 0.224065 0.999005 0.194316 0.999005
0 0.260875 0.905095 0.292959 0.957115 0.271875 0.969261 0.238417 0.916324 0.260875 0.905095
4 0.000009 0.761791 0.008553 0.764346 0.000009 0.783449 0.000009 0.761791
0 0.023082 0.499373 0.027257 0.447065 0.050709 0.449644 0.048868 0.477271 0.050218 0.477394 0.048868 0.496057 0.036098 0.495443 0.035975 0.499864 0.023082 0.499373
0 0.421152 0.471780 0.430780 0.469594 0.434205 0.484301 0.424165 0.486309 0.421152 0.471780
3 0.409619 0.569040 0.429678 0.566376 0.429522 0.561361 0.435378 0.560927 0.435801 0.566471 0.438935 0.566158 0.440659 0.587471 0.410570 0.591388 0.409619 0.569040
0 0.392074 0.664292 0.401949 0.663236 0.402628 0.671981 0.392828 0.672885 0.392074 0.664292
