4 0.547566 0.000008 0.536004 0.008346 0.527703 0.000008 0.547566 0.000008
0 0.665975 0.040879 0.682224 0.033915 0.688359 0.051656 0.672276 0.059449 0.665975 0.040879
0 0.637772 0.063554 0.647473 0.060680 0.649629 0.068225 0.638491 0.071459 0.637772 0.063554
4 0.999008 0.502849 0.989058 0.493110 0.997513 0.484514 0.999008 0.485446 0.999008 0.502849
4 0.999008 0.535748 0.995117 0.527775 0.984126 0.524675 0.982998 0.517207 0.994695 0.506497 0.999008 0.509017 0.999008 0.535748
0 0.881489 0.653602 0.884746 0.648309 0.904688 0.630033 0.917726 0.636501 0.926073 0.646273 0.906122 0.664391 0.897063 0.669176 0.881489 0.653602
0 0.891637 0.699633 0.895230 0.697358 0.905770 0.694483 0.910919 0.708376 0.894991 0.713287 0.891637 0.699633
0 0.830426 0.701052 0.855297 0.701715 0.861431 0.743830 0.839379 0.747312 0.836561 0.743995 0.835732 0.728907 0.831918 0.729239 0.831421 0.719456 0.833245 0.719622 0.830426 0.701052
0 0.780693 0.705029 0.775161 0.706407 0.775677 0.722160 0.776006 0.722148 0.776940 0.746344 0.766162 0.747505 0.765002 0.737888 0.757209 0.735733 0.756435 0.709195 0.756048 0.703235 0.780256 0.702572 0.780693 0.705029
0 0.795012 0.719650 0.776940 0.720479 0.776107 0.720479 0.775662 0.706785 0.781748 0.705264 0.793686 0.703732 0.795012 0.719650
0 0.778583 0.741582 0.792715 0.741223 0.793074 0.750684 0.779421 0.751043 0.778583 0.741582
0 0.705849 0.696658 0.714637 0.674772 0.737186 0.678586 0.739507 0.691021 0.731549 0.706109 0.705849 0.696658
0 0.750644 0.773005 0.757989 0.763593 0.773368 0.774611 0.766252 0.784252 0.750644 0.773005
0 0.802016 0.740089 0.814696 0.738138 0.818988 0.762134 0.808844 0.764085 0.803381 0.760378 0.802016 0.740089
0 0.807230 0.777799 0.819499 0.776473 0.821323 0.786919 0.817178 0.787416 0.807830 0.788359 0.807230 0.777799
0 0.828201 0.835435 0.828342 0.825571 0.837784 0.826134 0.838207 0.835858 0.828201 0.835435
0 0.844259 0.834542 0.855407 0.832553 0.856899 0.843330 0.845459 0.844822 0.844259 0.834542
0 0.855329 0.851156 0.858083 0.858701 0.864551 0.865288 0.866227 0.877863 0.860598 0.880019 0.819159 0.886487 0.818800 0.887924 0.811374 0.889241 0.806464 0.889720 0.804787 0.879061 0.802631 0.879540 0.805147 0.893912 0.779277 0.897146 0.773049 0.898104 0.768738 0.891397 0.768019 0.879660 0.773528 0.877983 0.774007 0.874869 0.783349 0.872714 0.784786 0.870797 0.822034 0.866486 0.822153 0.861336 0.821914 0.854988 0.837244 0.853311 0.838921 0.851036 0.855329 0.851156
0 0.846301 0.932590 0.889281 0.916103 0.885195 0.895811 0.899568 0.892147 0.906191 0.914553 0.902527 0.916103 0.908446 0.925121 0.885335 0.934986 0.887308 0.938086 0.862225 0.949077 0.859407 0.941609 0.851092 0.944427 0.846301 0.932590
0 0.904359 0.929067 0.952130 0.905111 0.960586 0.913144 0.961572 0.921035 0.941703 0.933295 0.939448 0.932731 0.941843 0.935268 0.942689 0.936113 0.925779 0.946823 0.923101 0.944145 0.914787 0.948655 0.904359 0.929067
3 0.895666 0.999003 0.887569 0.992857 0.902030 0.984594 0.902259 0.978855 0.921081 0.967149 0.926131 0.963935 0.925297 0.962840 0.937557 0.956921 0.945871 0.962417 0.935866 0.970026 0.933330 0.969886 0.933471 0.976509 0.936853 0.979186 0.923747 0.992855 0.920083 0.991728 0.921775 0.994546 0.916132 0.999003 0.895666 0.999003
4 0.999008 0.905146 0.990045 0.910094 0.982717 0.892338 0.998232 0.885099 0.999008 0.884813 0.999008 0.905146
0 0.999008 0.853179 0.996397 0.847868 0.982614 0.854495 0.974030 0.847472 0.981053 0.842399 0.974767 0.833523 0.999008 0.818196 0.999008 0.853179
0 0.961675 0.832385 0.967875 0.839149 0.965480 0.846335 0.940906 0.848995 0.940067 0.833785 0.961675 0.832385
0 0.738638 0.545589 0.741392 0.518044 0.762051 0.518044 0.765724 0.521488 0.765035 0.549032 0.753099 0.549032 0.738638 0.545589
0 0.739268 0.566726 0.738549 0.581817 0.747292 0.583134 0.744443 0.615420 0.744207 0.615399 0.743421 0.625353 0.754475 0.625353 0.753879 0.634394 0.740937 0.632852 0.742967 0.625966 0.730205 0.622061 0.730953 0.617023 0.718369 0.613701 0.719303 0.603307 0.719303 0.601815 0.724609 0.601483 0.725769 0.588716 0.731075 0.588550 0.731241 0.584737 0.717773 0.582666 0.718897 0.564795 0.739268 0.566726
0 0.755077 0.616309 0.754514 0.624865 0.743949 0.624865 0.744668 0.615723 0.755077 0.616309
0 0.730406 0.617384 0.729580 0.622988 0.725596 0.631396 0.710847 0.628509 0.714329 0.614416 0.718308 0.614416 0.718330 0.614189 0.730406 0.617384
0 0.742363 0.626292 0.740361 0.633086 0.739211 0.633712 0.726101 0.631494 0.726083 0.631494 0.730299 0.622599 0.742363 0.626292
0 0.718408 0.564746 0.717147 0.584891 0.716712 0.588776 0.699146 0.588763 0.698667 0.586248 0.696990 0.586368 0.692319 0.596189 0.684894 0.593314 0.695074 0.562534 0.718408 0.564746
0 0.685732 0.597027 0.694116 0.599901 0.692798 0.604692 0.701421 0.608644 0.698906 0.622298 0.678546 0.617148 0.682019 0.602536 0.685732 0.597027
0 0.742886 0.710007 0.742784 0.703822 0.755072 0.703235 0.755458 0.709195 0.742886 0.710007
4 0.982719 0.888990 0.983226 0.882196 0.991337 0.874288 0.993669 0.874896 0.998232 0.884123 0.982717 0.891362 0.982719 0.888990
0 0.724814 0.903823 0.743571 0.886181 0.745599 0.887803 0.750568 0.883139 0.755536 0.888310 0.750669 0.892670 0.752494 0.894191 0.733229 0.912340 0.724814 0.903823
0 0.704367 0.328132 0.710119 0.323383 0.716052 0.331219 0.709442 0.335162 0.704367 0.328132
