0 0.944186 0.024049 0.953888 0.034758 0.937265 0.050276 0.927139 0.037930 0.944186 0.024049
4 0.999007 0.075322 0.996547 0.072026 0.986075 0.064232 0.999007 0.053150 0.999007 0.075322
0 0.940777 0.064476 0.947596 0.078358 0.925119 0.097741 0.919903 0.093195 0.917436 0.085907 0.907412 0.080793 0.904733 0.082498 0.897184 0.074704 0.922511 0.051812 0.940777 0.064476
0 0.105404 0.309579 0.126968 0.325036 0.118762 0.339347 0.095864 0.323891 0.101779 0.315304 0.105404 0.309579
0 0.843196 0.329717 0.864127 0.323438 0.871304 0.332259 0.920642 0.317756 0.924081 0.326577 0.929165 0.325082 0.933201 0.337940 0.901206 0.349901 0.896721 0.337940 0.866419 0.344860 0.866797 0.348534 0.857255 0.351308 0.856037 0.346977 0.845588 0.348555 0.842000 0.339435 0.840505 0.339585 0.840505 0.333305 0.842747 0.333305 0.843196 0.329717
0 0.968990 0.199968 0.948657 0.212227 0.934005 0.193389 0.943302 0.187446 0.943249 0.185060 0.936169 0.179414 0.947760 0.171710 0.968990 0.199968
0 0.822503 0.340023 0.828419 0.358532 0.824030 0.359868 0.822503 0.354525 0.804376 0.358150 0.800178 0.344984 0.822503 0.340023
0 0.596330 0.191186 0.598453 0.188284 0.565979 0.155004 0.584070 0.139754 0.633558 0.190737 0.627577 0.198960 0.612477 0.209426 0.596330 0.191186
0 0.645298 0.059671 0.650450 0.068257 0.635184 0.079134 0.628315 0.070738 0.645298 0.059671
0 0.652231 0.055025 0.669992 0.046349 0.673712 0.050619 0.677105 0.057044 0.659023 0.065306 0.657004 0.059522 0.652231 0.055025
0 0.717253 0.041415 0.743845 0.027591 0.759191 0.041180 0.756731 0.043523 0.761065 0.049498 0.753451 0.054418 0.748765 0.047858 0.744071 0.050181 0.742088 0.047858 0.727796 0.055472 0.724195 0.046674 0.717253 0.041415
0 0.521147 0.182139 0.527389 0.190032 0.514722 0.197926 0.508664 0.189849 0.521147 0.182139
4 0.820270 0.000005 0.791059 0.009967 0.787322 0.000005 0.820270 0.000005
0 0.965353 0.094205 0.967462 0.093062 0.969351 0.091270 0.972449 0.091447 0.974657 0.092545 0.977937 0.090787 0.981755 0.095615 0.971255 0.102519 0.965353 0.094205
0 0.977959 0.176330 0.990830 0.168475 0.995745 0.174862 0.986220 0.180369 0.984673 0.181916 0.981618 0.183368 0.977959 0.176330
0 0.512777 0.212900 0.539271 0.192878 0.551743 0.205132 0.523441 0.227461 0.512777 0.212900
0 0.724397 0.231135 0.730749 0.231018 0.731687 0.238164 0.725361 0.238281 0.724541 0.231955 0.724397 0.231135
0 0.731703 0.242421 0.730970 0.242590 0.728885 0.242195 0.727702 0.241857 0.727533 0.241632 0.727420 0.240674 0.727533 0.239716 0.727815 0.239265 0.729111 0.238364 0.731687 0.238164 0.732943 0.238589 0.733450 0.239434 0.733619 0.240279 0.733562 0.240899 0.733450 0.241745 0.733112 0.242083 0.732774 0.242195 0.731703 0.242421
0 0.683870 0.264476 0.683146 0.249046 0.695256 0.248149 0.696037 0.263486 0.683870 0.264476
0 0.917819 0.253971 0.901951 0.212715 0.914249 0.208351 0.920584 0.223085 0.930624 0.247639 0.917819 0.253971
0 0.942725 0.213254 0.951373 0.229929 0.940859 0.234894 0.932369 0.217353 0.942725 0.213254
4 0.759269 0.139502 0.775658 0.122756 0.785731 0.133833 0.771207 0.150431 0.759269 0.139502
0 0.931787 0.217477 0.943212 0.241601 0.931040 0.247348 0.920030 0.221299 0.931787 0.217477
0 0.827417 0.328453 0.827849 0.320247 0.846159 0.320593 0.846073 0.328539 0.827417 0.328453
0 0.617842 0.205913 0.621218 0.209149 0.616500 0.213597 0.612798 0.209679 0.617842 0.205913
4 0.979091 0.000001 0.972239 0.004776 0.963299 0.005074 0.957674 0.000001 0.979091 0.000001
