0 0.159830 0.855149 0.156930 0.846208 0.159755 0.845678 0.159596 0.845192 0.163579 0.844021 0.164984 0.846246 0.166039 0.853978 0.159830 0.855149
0 0.085986 0.763443 0.090721 0.765819 0.095952 0.772887 0.088242 0.780689 0.083561 0.775732 0.082552 0.775464 0.078163 0.769549 0.085986 0.763443
4 0.107155 0.795024 0.123626 0.783917 0.123928 0.791850 0.113502 0.800615 0.107155 0.795024
4 0.063505 0.911860 0.067494 0.911443 0.067772 0.917936 0.063783 0.918168 0.063505 0.911860
4 0.128572 0.806979 0.134314 0.802776 0.137807 0.807512 0.132360 0.811597 0.128572 0.806979
4 0.109018 0.769137 0.118134 0.770913 0.117009 0.777899 0.110379 0.776952 0.110675 0.774702 0.108130 0.774465 0.109018 0.769137
4 0.096171 0.768427 0.105288 0.766533 0.106058 0.773459 0.096882 0.774524 0.096171 0.768427
4 0.132275 0.786163 0.136279 0.782763 0.142777 0.790545 0.141719 0.797571 0.132275 0.786163
4 0.284272 0.549165 0.289067 0.549461 0.288771 0.558578 0.283857 0.558460 0.284272 0.549165
4 0.248015 0.817465 0.265689 0.811389 0.269003 0.814372 0.269997 0.817465 0.268561 0.821110 0.251108 0.823982 0.248457 0.822657 0.247131 0.820889 0.248015 0.817465
4 0.211777 0.814491 0.216791 0.814153 0.217354 0.817928 0.212734 0.818604 0.211777 0.814491
