0 0.028080 0.104470 0.039283 0.107149 0.036117 0.123953 0.025158 0.119082 0.028080 0.104470
0 0.041601 0.091495 0.072895 0.096075 0.110677 0.087679 0.117356 0.118401 0.096556 0.123171 0.096175 0.115729 0.078810 0.119927 0.043127 0.109051 0.041601 0.091495
0 0.046643 0.112944 0.051604 0.113326 0.088241 0.127828 0.087860 0.135270 0.084425 0.137560 0.044926 0.124202 0.046643 0.112944
0 0.100375 0.149841 0.128425 0.142017 0.135295 0.173311 0.126899 0.173884 0.128616 0.182852 0.108771 0.186859 0.100375 0.149841
0 0.087474 0.206739 0.097946 0.205278 0.099651 0.214289 0.088448 0.216237 0.087474 0.206739
0 0.199271 0.886400 0.209217 0.878940 0.225691 0.906914 0.209839 0.911265 0.199271 0.886400
0 0.253370 0.865787 0.282882 0.859669 0.291896 0.897900 0.260045 0.901434 0.253370 0.865787
0 0.568867 0.833612 0.606345 0.860751 0.588252 0.887891 0.548189 0.859459 0.568867 0.833612
4 0.000008 0.767979 0.002344 0.767716 0.004527 0.774723 0.002230 0.776101 0.008088 0.792871 0.000008 0.795338 0.000008 0.767979
0 0.246059 0.884155 0.253797 0.883795 0.255416 0.892972 0.246059 0.893512 0.246059 0.884155
0 0.530842 0.865475 0.537922 0.873971 0.530235 0.880444 0.522952 0.871746 0.530842 0.865475
2 0.510778 0.761710 0.527634 0.776225 0.515928 0.786526 0.500476 0.771074 0.510778 0.761710
