1 0.259808 0.301568 0.254007 0.292629 0.268073 0.285522 0.259782 0.276491 0.286579 0.260649 0.300200 0.280044 0.259808 0.301568
0 0.383772 0.141776 0.349680 0.134675 0.354593 0.114079 0.387368 0.121381 0.383772 0.141776
0 0.410903 0.100285 0.393140 0.112000 0.385204 0.103686 0.403344 0.091782 0.410903 0.100285
0 0.416791 0.086459 0.389014 0.060005 0.402808 0.049234 0.431152 0.074176 0.416791 0.086459
0 0.427940 0.104788 0.415090 0.093639 0.426050 0.082680 0.438143 0.093639 0.427940 0.104788
0 0.552432 0.046837 0.551973 0.051589 0.558182 0.051502 0.558638 0.032015 0.581677 0.035036 0.577676 0.067354 0.571212 0.079050 0.555823 0.076588 0.544742 0.073510 0.529968 0.026110 0.543694 0.021016 0.552432 0.046837
0 0.731471 0.200121 0.716037 0.181069 0.729060 0.173351 0.743047 0.192645 0.731471 0.200121
0 0.753176 0.190956 0.746423 0.175040 0.802132 0.154058 0.807679 0.170216 0.753176 0.190956
0 0.715009 0.162100 0.699816 0.140637 0.721279 0.128820 0.729372 0.140455 0.735749 0.149319 0.715009 0.162100
0 0.694000 0.130765 0.673994 0.098139 0.688685 0.090780 0.708775 0.123994 0.694000 0.130765
0 0.725324 0.125575 0.710273 0.105964 0.740695 0.086123 0.747498 0.097272 0.729358 0.109365 0.736109 0.119805 0.725324 0.125575
0 0.776044 0.094777 0.755785 0.066672 0.792946 0.047869 0.808492 0.075703 0.794871 0.081033 0.797092 0.085327 0.776044 0.094777
0 0.837366 0.109536 0.824328 0.091774 0.850026 0.071178 0.863442 0.090073 0.837366 0.109536
0 0.961111 0.000001 0.963359 0.007580 0.956202 0.017163 0.951762 0.012784 0.942447 0.021440 0.929166 0.007455 0.936119 0.000002 0.961111 0.000001
0 0.721279 0.128820 0.731101 0.123578 0.739142 0.135448 0.729372 0.140455 0.721279 0.128820
0 0.102544 0.864339 0.108793 0.875464 0.095534 0.881864 0.094772 0.875921 0.090353 0.871349 0.102544 0.864339
0 0.920890 0.000002 0.914000 0.007342 0.904908 0.000003 0.920890 0.000002
3 0.844941 0.138554 0.854293 0.133566 0.859696 0.143957 0.849097 0.147283 0.844941 0.138554
