0 0.924281 0.194042 0.940777 0.182698 0.944265 0.180851 0.952883 0.189879 0.958218 0.198292 0.936468 0.213681 0.924281 0.194042
0 0.964094 0.181878 0.976200 0.166695 0.973532 0.164027 0.979688 0.155820 0.993641 0.164233 0.976200 0.192958 0.964094 0.181878
0 0.938251 0.263390 0.966796 0.267318 0.960511 0.304243 0.926991 0.299529 0.933276 0.276484 0.935895 0.278055 0.938251 0.263390
0 0.876120 0.292816 0.878136 0.279841 0.880403 0.279967 0.880529 0.274299 0.896023 0.278078 0.893000 0.295209 0.876120 0.292816
0 0.859494 0.258032 0.864639 0.252727 0.866086 0.253370 0.867854 0.251602 0.866568 0.248547 0.869462 0.245493 0.877822 0.253049 0.877983 0.252245 0.884574 0.256586 0.880073 0.266232 0.875893 0.269608 0.859494 0.258032
0 0.944265 0.180851 0.942987 0.179058 0.966459 0.159444 0.973532 0.164027 0.962440 0.180344 0.965173 0.183238 0.956009 0.191598 0.944265 0.180851
0 0.859494 0.258032 0.851566 0.252423 0.862493 0.240657 0.869462 0.245493 0.866568 0.248547 0.867854 0.251602 0.866086 0.253370 0.864639 0.252727 0.859494 0.258032
0 0.857545 0.391088 0.830860 0.372178 0.843677 0.350746 0.859646 0.354948 0.871202 0.367555 0.857545 0.391088
0 0.795968 0.533521 0.809720 0.528283 0.814959 0.538105 0.799242 0.542689 0.795968 0.533521
4 0.942653 0.927736 0.950511 0.926426 0.954440 0.937559 0.945272 0.937559 0.942653 0.927736
