0 0.999008 0.215098 0.975435 0.207872 0.980420 0.195294 0.999008 0.199644 0.999008 0.215098
0 0.843473 0.144599 0.872155 0.143669 0.872365 0.148265 0.872365 0.157679 0.873037 0.173432 0.844178 0.174261 0.843473 0.144599
0 0.875691 0.193482 0.885969 0.191928 0.887264 0.202119 0.876986 0.203501 0.875691 0.193482
0 0.876986 0.203501 0.887264 0.202119 0.890574 0.219570 0.878896 0.220836 0.876986 0.203501
0 0.854715 0.210285 0.864941 0.207750 0.866815 0.215356 0.857004 0.217891 0.854715 0.210285
0 0.845683 0.186607 0.857893 0.183195 0.864357 0.203665 0.853404 0.206717 0.845683 0.186607
0 0.854401 0.239538 0.866742 0.238163 0.868196 0.251974 0.856512 0.254123 0.854401 0.239538
0 0.846227 0.252349 0.853061 0.250475 0.858845 0.269156 0.836059 0.274191 0.833544 0.263740 0.848211 0.259735 0.846227 0.252349
0 0.957582 0.213943 0.960834 0.224820 0.976069 0.220434 0.982938 0.245191 0.970560 0.249087 0.956995 0.253726 0.948929 0.238352 0.942699 0.239563 0.935939 0.222401 0.942747 0.219772 0.957582 0.213943
0 0.969194 0.442485 0.980914 0.446967 0.988688 0.454517 0.975038 0.472485 0.966232 0.465185 0.955983 0.459390 0.969194 0.442485
0 0.956383 0.478269 0.958206 0.475715 0.966232 0.465185 0.975038 0.472485 0.966060 0.485033 0.956383 0.478269
0 0.940194 0.488322 0.950959 0.476211 0.970994 0.488172 0.959033 0.503123 0.940194 0.488322
0 0.940194 0.488322 0.959033 0.503123 0.940942 0.518972 0.930626 0.505366 0.939148 0.498937 0.934513 0.492209 0.940194 0.488322
0 0.910395 0.505663 0.922540 0.499916 0.928228 0.497642 0.931249 0.508834 0.914894 0.516275 0.910395 0.505663
0 0.915328 0.488519 0.916863 0.493866 0.920098 0.493497 0.922540 0.499916 0.910395 0.505663 0.906318 0.492958 0.915328 0.488519
0 0.819191 0.343601 0.837362 0.343518 0.837760 0.357342 0.818643 0.357956 0.819191 0.343601
0 0.786315 0.363323 0.798509 0.369472 0.789433 0.384369 0.782371 0.404982 0.772134 0.399929 0.774541 0.388168 0.780620 0.374188 0.786315 0.363323
0 0.786708 0.418377 0.801560 0.418717 0.798664 0.432916 0.794131 0.444283 0.781456 0.440603 0.786708 0.418377
0 0.787580 0.417251 0.787902 0.412702 0.790956 0.412702 0.791536 0.401143 0.799458 0.404859 0.799420 0.417896 0.787580 0.417251
0 0.490985 0.362074 0.504740 0.355496 0.509222 0.368932 0.495919 0.375081 0.490985 0.362074
0 0.506832 0.340878 0.518296 0.337709 0.522045 0.354812 0.511268 0.357038 0.506832 0.340878
0 0.524312 0.324551 0.545991 0.320514 0.549280 0.339951 0.546131 0.341316 0.548394 0.354044 0.533133 0.356696 0.524312 0.324551
0 0.486628 0.450594 0.493871 0.438641 0.497939 0.441248 0.490428 0.453104 0.486628 0.450594
0 0.485840 0.451846 0.477943 0.464358 0.462605 0.454337 0.471650 0.440898 0.485840 0.451846
0 0.497473 0.433647 0.493871 0.438641 0.485840 0.451846 0.471650 0.440898 0.482971 0.424079 0.497473 0.433647
0 0.448355 0.300228 0.444729 0.314921 0.441767 0.314023 0.430036 0.310723 0.433471 0.296412 0.448355 0.300228
0 0.448355 0.300228 0.470681 0.308052 0.466292 0.321218 0.459759 0.319342 0.444729 0.314921 0.448355 0.300228
0 0.427399 0.318666 0.439318 0.321497 0.436437 0.331108 0.424209 0.327156 0.427399 0.318666
0 0.436437 0.331108 0.439318 0.321497 0.440611 0.317155 0.457652 0.323854 0.453052 0.339740 0.435841 0.334031 0.436437 0.331108
0 0.358686 0.388647 0.367908 0.393626 0.359212 0.407916 0.349611 0.401674 0.358686 0.388647
0 0.343280 0.410436 0.349835 0.414159 0.336216 0.435401 0.329326 0.432190 0.343280 0.410436
0 0.349905 0.414197 0.373695 0.426863 0.363917 0.440506 0.341119 0.428036 0.349905 0.414197
0 0.398069 0.403408 0.421582 0.408253 0.419188 0.420347 0.410997 0.417414 0.395290 0.411444 0.398069 0.403408
0 0.395290 0.411444 0.410997 0.417414 0.407708 0.425501 0.392362 0.418004 0.395290 0.411444
3 0.346685 0.356907 0.359754 0.355943 0.360789 0.366465 0.347081 0.367201 0.346685 0.356907
3 0.400064 0.348801 0.400578 0.359893 0.386033 0.359599 0.385813 0.348805 0.400064 0.348801
0 0.545745 0.725980 0.541323 0.730656 0.534180 0.722734 0.522036 0.703445 0.527031 0.700668 0.545745 0.725980
0 0.534180 0.722734 0.523830 0.730207 0.516011 0.720089 0.510524 0.711967 0.522036 0.703445 0.534180 0.722734
0 0.501472 0.727638 0.514852 0.741672 0.509783 0.749778 0.490359 0.736251 0.501472 0.727638
0 0.488789 0.746461 0.510618 0.760664 0.505684 0.768439 0.492527 0.759767 0.484154 0.753936 0.488789 0.746461
0 0.496970 0.751489 0.500152 0.744368 0.514537 0.756843 0.510772 0.760280 0.496970 0.751489
0 0.492527 0.759767 0.505684 0.768439 0.499106 0.779652 0.485201 0.770383 0.492527 0.759767
0 0.518111 0.795141 0.530411 0.807675 0.505459 0.832042 0.492690 0.818804 0.518111 0.795141
0 0.431980 0.858027 0.432089 0.857095 0.429998 0.856956 0.431022 0.847849 0.433698 0.847723 0.433815 0.844670 0.458517 0.846977 0.456874 0.860963 0.452107 0.860427 0.431980 0.858027
0 0.431980 0.858027 0.452107 0.860427 0.451720 0.862989 0.451110 0.869774 0.430574 0.866475 0.431980 0.858027
0 0.410415 0.908170 0.423067 0.890950 0.442630 0.901375 0.429744 0.921056 0.410415 0.908170
0 0.000008 0.792867 0.002846 0.793501 0.005834 0.786024 0.030713 0.793791 0.029262 0.796887 0.033961 0.799762 0.018028 0.837161 0.000008 0.828628 0.000008 0.792867
0 0.412159 0.851687 0.425066 0.847546 0.427502 0.862646 0.415568 0.865568 0.412159 0.851687
0 0.806628 0.159168 0.814386 0.157336 0.817100 0.168425 0.809274 0.170519 0.806628 0.159168
0 0.440611 0.317155 0.441767 0.314023 0.444729 0.314921 0.459759 0.319342 0.457652 0.323854 0.440611 0.317155
0 0.914280 0.112682 0.940723 0.117971 0.939749 0.124095 0.943228 0.126461 0.940306 0.143162 0.906764 0.137595 0.914280 0.112682
0 0.750758 0.397858 0.762478 0.397916 0.762259 0.409734 0.749883 0.409734 0.750758 0.397858
0 0.343996 0.410392 0.348327 0.403917 0.360906 0.412743 0.357771 0.418187 0.343996 0.410392
0 0.367709 0.401784 0.375538 0.406832 0.373856 0.410051 0.378099 0.412832 0.370709 0.424246 0.358710 0.417734 0.367709 0.401784
0 0.462971 0.336742 0.471776 0.333079 0.474175 0.338711 0.465674 0.342825 0.462971 0.336742
