0 0.999006 0.962064 0.993831 0.949286 0.986262 0.952412 0.970960 0.912101 0.983300 0.908646 0.982313 0.905190 0.999006 0.901153 0.999006 0.962064
0 0.443189 0.913148 0.434182 0.897046 0.444801 0.890935 0.453156 0.907628 0.443189 0.913148
0 0.251903 0.858577 0.229434 0.843877 0.244706 0.821734 0.267097 0.833986 0.267862 0.844927 0.256523 0.860046 0.251903 0.858577
0 0.203412 0.850386 0.188990 0.841445 0.197590 0.827534 0.203974 0.825537 0.212303 0.832209 0.203412 0.850386
0 0.136274 0.910424 0.102379 0.884263 0.116529 0.872581 0.119985 0.872252 0.124098 0.874885 0.126401 0.873239 0.147956 0.895452 0.148285 0.899729 0.136274 0.910424
0 0.105556 0.874460 0.073327 0.844809 0.080804 0.836945 0.115999 0.865694 0.105556 0.874460
0 0.054328 0.843667 0.056651 0.833667 0.070490 0.835687 0.066449 0.847909 0.054328 0.843667
0 0.028077 0.878612 0.034987 0.871373 0.047163 0.867259 0.054731 0.873183 0.042885 0.886839 0.028077 0.878612
0 0.025279 0.872525 0.021001 0.862817 0.023634 0.860678 0.026925 0.861007 0.033835 0.857881 0.038936 0.866108 0.025279 0.872525
0 0.112596 0.839715 0.095587 0.824385 0.110916 0.811156 0.125196 0.825015 0.112596 0.839715
0 0.079078 0.807235 0.076665 0.790619 0.059513 0.790619 0.057905 0.779094 0.086582 0.776950 0.088726 0.804019 0.079078 0.807235
0 0.203402 0.776327 0.222331 0.726688 0.272729 0.738028 0.263489 0.764697 0.257400 0.766377 0.228482 0.760009 0.225788 0.769245 0.217689 0.767977 0.213082 0.779575 0.203402 0.776327
0 0.097940 0.701302 0.071943 0.696530 0.074247 0.678431 0.102547 0.684190 0.097940 0.701302
0 0.093333 0.721704 0.097940 0.701302 0.100902 0.697517 0.127392 0.704263 0.121962 0.727134 0.093333 0.721704
0 0.249824 0.617716 0.228553 0.625451 0.223525 0.616169 0.247761 0.608949 0.249824 0.617716
0 0.253563 0.618103 0.284632 0.601859 0.291851 0.613204 0.294430 0.625709 0.267228 0.641437 0.253563 0.618103
0 0.146701 0.691511 0.162250 0.699136 0.158512 0.705266 0.144458 0.699136 0.146701 0.691511
0 0.131750 0.690166 0.138179 0.692558 0.135488 0.696445 0.129358 0.695249 0.131750 0.690166
0 0.200372 0.806993 0.207518 0.811796 0.204589 0.816013 0.197561 0.811796 0.200372 0.806993
0 0.334728 0.569440 0.341789 0.578981 0.333774 0.584324 0.326141 0.575165 0.334728 0.569440
