0 0.107067 0.749128 0.109051 0.743971 0.120158 0.746351 0.118571 0.753888 0.143960 0.760235 0.132852 0.804665 0.090009 0.791574 0.098340 0.766583 0.095563 0.760632 0.099133 0.749128 0.107067 0.749128
0 0.187600 0.554787 0.219925 0.566287 0.205006 0.600478 0.168639 0.582139 0.180761 0.553233 0.187600 0.554787
0 0.843317 0.378601 0.859978 0.388121 0.858392 0.397245 0.845697 0.407559 0.829433 0.394865 0.836573 0.380187 0.843317 0.378601
0 0.818325 0.341311 0.821102 0.353212 0.809598 0.353212 0.808408 0.340518 0.818325 0.341311
0 0.986909 0.572708 0.967471 0.590559 0.952396 0.577072 0.969454 0.561601 0.986909 0.572708
0 0.942479 0.572311 0.942082 0.577865 0.932562 0.578658 0.932165 0.570724 0.942479 0.572311
0 0.851793 0.741708 0.852414 0.802629 0.821021 0.801386 0.821954 0.783047 0.819156 0.780250 0.818846 0.760979 0.821954 0.759425 0.822886 0.740464 0.840914 0.738289 0.851793 0.741708
0 0.843298 0.681973 0.835217 0.689122 0.829933 0.684149 0.837082 0.675135 0.843298 0.681973
0 0.836460 0.695339 0.836460 0.703109 0.821540 0.703109 0.822473 0.693784 0.836460 0.695339
0 0.877739 0.681632 0.875547 0.693078 0.867511 0.700140 0.853873 0.693565 0.862396 0.677491 0.877739 0.681632
0 0.909918 0.726086 0.943487 0.750952 0.936027 0.759033 0.904945 0.734789 0.909918 0.726086
0 0.918932 0.763385 0.949082 0.765871 0.949392 0.772709 0.952190 0.774264 0.952811 0.785142 0.949082 0.786386 0.945973 0.800683 0.938203 0.802548 0.916445 0.797886 0.915824 0.777993 0.916756 0.775818 0.918932 0.763385
0 0.959432 0.812345 0.985852 0.822913 0.983676 0.834102 0.978081 0.835656 0.970621 0.847157 0.945756 0.835967 0.959432 0.812345
0 0.918469 0.842801 0.945015 0.846698 0.944528 0.860823 0.940388 0.870077 0.933569 0.874217 0.915060 0.869347 0.911650 0.864719 0.918469 0.842801
0 0.909523 0.869757 0.906415 0.889339 0.896158 0.886852 0.901442 0.867581 0.909523 0.869757
0 0.898955 0.901772 0.918848 0.901461 0.920712 0.925083 0.914807 0.930056 0.899887 0.927259 0.898955 0.901772
0 0.930970 0.881257 0.955835 0.883122 0.960187 0.885298 0.955835 0.907366 0.926618 0.904569 0.930970 0.881257
0 0.960498 0.858257 0.968579 0.860743 0.970444 0.863851 0.964538 0.878771 0.962673 0.881568 0.957389 0.879703 0.960498 0.858257
0 0.977595 0.867594 0.981248 0.865646 0.982465 0.881232 0.977108 0.881476 0.977595 0.867594
0 0.857705 0.890903 0.855514 0.902349 0.848207 0.915987 0.834082 0.910386 0.824097 0.907951 0.826289 0.888468 0.837005 0.884084 0.855270 0.887493 0.857705 0.890903
0 0.791950 0.878726 0.790733 0.896261 0.775146 0.892608 0.777338 0.876778 0.791950 0.878726
0 0.734999 0.920125 0.739040 0.918882 0.751784 0.925099 0.747432 0.932558 0.731891 0.924477 0.734999 0.920125
0 0.695234 0.999007 0.701710 0.988045 0.708042 0.989750 0.709260 0.992429 0.705028 0.999007 0.695234 0.999007
0 0.639013 0.849048 0.669473 0.853710 0.665743 0.885725 0.655175 0.887901 0.628756 0.881374 0.631864 0.853089 0.639013 0.849048
0 0.602646 0.796032 0.627487 0.781177 0.632601 0.792136 0.609709 0.805287 0.602646 0.796032
0 0.468796 0.999008 0.468206 0.980514 0.481571 0.978960 0.482504 0.997298 0.478964 0.999008 0.468796 0.999008
0 0.464165 0.961243 0.473490 0.959067 0.476287 0.969946 0.466030 0.973054 0.464165 0.961243
0 0.512654 0.967770 0.513586 0.964973 0.526330 0.964973 0.530681 0.959689 0.535654 0.961243 0.535965 0.946013 0.547155 0.945391 0.548087 0.955337 0.545912 0.967459 0.544668 0.969324 0.543736 0.981135 0.533479 0.981135 0.530992 0.987352 0.521357 0.986730 0.512343 0.987663 0.512654 0.967770
0 0.877636 0.924515 0.896286 0.925448 0.898151 0.937881 0.883231 0.938502 0.877636 0.924515
0 0.925377 0.999002 0.925092 0.988033 0.937525 0.987412 0.937525 0.999002 0.925377 0.999002
0 0.550364 0.943526 0.566527 0.945702 0.562797 0.971500 0.545912 0.967459 0.550364 0.943526
0 0.614768 0.561289 0.626335 0.554863 0.630833 0.558718 0.630619 0.564502 0.619695 0.569428 0.614768 0.561289
