0 0.041419 0.032472 0.041302 0.024857 0.046376 0.012358 0.053134 0.001897 0.058288 0.001779 0.092612 0.018180 0.091792 0.034229 0.082889 0.050278 0.046339 0.035283 0.041419 0.032472
0 0.016750 0.060949 0.022349 0.046538 0.037770 0.052780 0.032354 0.067925 0.016750 0.060949
0 0.146967 0.000004 0.139968 0.016840 0.127118 0.011884 0.131348 0.000004 0.146967 0.000004
0 0.171410 0.022157 0.169180 0.067034 0.138707 0.059048 0.139706 0.042849 0.153663 0.045438 0.155172 0.026617 0.166113 0.020986 0.171410 0.022157
0 0.170625 0.004133 0.166022 0.020962 0.166113 0.020986 0.155172 0.026617 0.141443 0.017666 0.145757 0.006927 0.148765 0.000004 0.163948 0.000004 0.170625 0.004133
0 0.118559 0.037439 0.138201 0.044139 0.136366 0.056439 0.114429 0.048637 0.118559 0.037439
0 0.263399 0.000006 0.262498 0.008594 0.260283 0.026033 0.209235 0.023247 0.209916 0.007299 0.209864 0.000005 0.263399 0.000006
0 0.204888 0.033996 0.219231 0.034949 0.219348 0.031435 0.237028 0.033109 0.237923 0.040556 0.231363 0.040322 0.232066 0.046179 0.231480 0.054028 0.204420 0.051451 0.203534 0.041978 0.204888 0.033996
0 0.285475 0.000006 0.299633 0.003492 0.297548 0.012658 0.292041 0.023856 0.265632 0.015411 0.268513 0.000006 0.285475 0.000006
0 0.290188 0.029800 0.292041 0.023856 0.297548 0.012658 0.299633 0.003492 0.300027 0.000006 0.309016 0.000007 0.314036 0.001671 0.303317 0.035438 0.290188 0.029800
0 0.050159 0.104182 0.056584 0.095830 0.065579 0.089221 0.087241 0.109139 0.073840 0.125752 0.050159 0.104182
0 0.003274 0.127218 0.004914 0.081765 0.015105 0.082234 0.021938 0.089365 0.020198 0.127335 0.003274 0.127218
0 0.111120 0.218030 0.115434 0.206006 0.123052 0.199397 0.144989 0.216378 0.139665 0.224822 0.133057 0.233817 0.111120 0.218030
0 0.139404 0.240911 0.143993 0.233935 0.150785 0.238708 0.146196 0.245225 0.139404 0.240911
0 0.236695 0.026391 0.249913 0.027169 0.249654 0.041683 0.237923 0.040556 0.236695 0.026391
