0 0.789132 0.000005 0.805933 0.018155 0.763735 0.050540 0.755884 0.040972 0.767047 0.031771 0.756865 0.019995 0.778082 0.000005 0.789132 0.000005
1 0.945307 0.947020 0.965395 0.930392 0.976832 0.943560 0.956648 0.959515 0.945307 0.947020
0 0.934139 0.910910 0.948736 0.896068 0.963334 0.911524 0.956710 0.919007 0.959163 0.921583 0.951190 0.928207 0.934139 0.910910
0 0.873368 0.903362 0.903792 0.899446 0.905524 0.911721 0.874648 0.916692 0.873368 0.903362
0 0.847543 0.863863 0.871860 0.858673 0.874551 0.862902 0.884547 0.863671 0.887526 0.883855 0.878972 0.885296 0.880798 0.893754 0.854655 0.894716 0.847543 0.863863
0 0.823552 0.872180 0.843734 0.863671 0.852922 0.888372 0.832815 0.892739 0.823552 0.872180
0 0.855132 0.919237 0.854651 0.900879 0.850711 0.900590 0.850422 0.895689 0.873105 0.894343 0.875124 0.902417 0.871279 0.904243 0.875027 0.917699 0.855132 0.919237
0 0.812998 0.901654 0.824897 0.897964 0.825650 0.899772 0.841238 0.895178 0.845305 0.906248 0.816462 0.913553 0.812998 0.901654
0 0.802704 0.877675 0.813624 0.871876 0.821230 0.889649 0.809406 0.894092 0.802704 0.877675
0 0.960833 0.903490 0.974770 0.883499 0.997164 0.896762 0.995338 0.899261 0.998414 0.901280 0.992359 0.910411 0.986207 0.907623 0.977749 0.916562 0.960833 0.903490
0 0.897445 0.846524 0.910325 0.827878 0.932239 0.842199 0.919648 0.860557 0.897445 0.846524
0 0.851379 0.816763 0.865892 0.802249 0.876753 0.810131 0.885788 0.817243 0.869737 0.832621 0.872236 0.834255 0.866085 0.840503 0.855704 0.831276 0.859453 0.827623 0.851379 0.816763
0 0.869392 0.804231 0.886500 0.787123 0.897937 0.790871 0.903800 0.798080 0.885058 0.816437 0.869392 0.804231
0 0.882521 0.780776 0.895248 0.770158 0.902026 0.776709 0.889600 0.787478 0.882521 0.780776
0 0.894540 0.751967 0.914648 0.735023 0.930010 0.750310 0.927717 0.751376 0.921401 0.756990 0.908322 0.767782 0.894540 0.751967
0 0.859056 0.778916 0.877281 0.759712 0.886016 0.767092 0.867942 0.786220 0.859056 0.778916
0 0.814852 0.821356 0.822986 0.805240 0.826676 0.807273 0.836993 0.798613 0.846708 0.806369 0.837445 0.815406 0.846406 0.820527 0.838424 0.834007 0.814852 0.821356
0 0.795807 0.806176 0.803413 0.792546 0.819830 0.801131 0.822089 0.805423 0.815085 0.817247 0.811395 0.816042 0.808985 0.819506 0.801756 0.814611 0.802208 0.809641 0.795807 0.806176
0 0.800357 0.787790 0.800682 0.784194 0.806524 0.775874 0.817381 0.780890 0.820053 0.787051 0.814273 0.795372 0.800357 0.787790
0 0.852238 0.789493 0.859721 0.780170 0.876772 0.794400 0.868676 0.803232 0.852238 0.789493
0 0.827591 0.756745 0.849986 0.734927 0.853446 0.735696 0.882569 0.734542 0.885260 0.750401 0.858925 0.753957 0.844027 0.770393 0.827591 0.756745
0 0.782414 0.760384 0.795005 0.742891 0.805481 0.753368 0.803943 0.755290 0.808172 0.758558 0.801540 0.766343 0.797792 0.763652 0.792217 0.771053 0.782414 0.760384
0 0.831650 0.696137 0.836716 0.686799 0.839819 0.682226 0.845523 0.670510 0.851333 0.672884 0.863041 0.681330 0.863064 0.681305 0.850307 0.704675 0.840187 0.700070 0.831650 0.696137
0 0.841142 0.725680 0.853541 0.706169 0.869399 0.715685 0.857289 0.732889 0.841142 0.725680
0 0.851333 0.672884 0.862987 0.657796 0.884699 0.670186 0.892427 0.660372 0.906902 0.672271 0.892427 0.691775 0.875499 0.681226 0.871083 0.686868 0.863041 0.681330 0.851333 0.672884
0 0.847235 0.643943 0.857907 0.635111 0.869070 0.648973 0.859993 0.657682 0.847235 0.643943
0 0.879120 0.643177 0.883157 0.639428 0.880177 0.633277 0.884791 0.628856 0.912280 0.650770 0.900650 0.662688 0.879120 0.643177
0 0.928914 0.684689 0.939324 0.669566 0.964799 0.683313 0.954357 0.699717 0.928914 0.684689
0 0.964106 0.708506 0.971562 0.697133 0.983889 0.705518 0.977260 0.716390 0.964106 0.708506
0 0.999007 0.646072 0.992322 0.650662 0.985243 0.634320 0.999007 0.628561 0.999007 0.646072
0 0.967578 0.638770 0.981063 0.630685 0.992585 0.652223 0.983774 0.657495 0.976846 0.646801 0.973231 0.647253 0.967578 0.638770
0 0.947632 0.640776 0.961464 0.632176 0.967578 0.638770 0.973231 0.647253 0.960360 0.655728 0.952150 0.648741 0.947632 0.640776
0 0.922622 0.584819 0.928293 0.567903 0.942999 0.571459 0.947997 0.559060 0.971160 0.566941 0.955686 0.595872 0.922622 0.584819
0 0.917625 0.608078 0.930984 0.588471 0.948862 0.595680 0.936078 0.619324 0.917625 0.608078
0 0.899108 0.691482 0.906797 0.681871 0.924482 0.693404 0.915543 0.703208 0.899108 0.691482
0 0.694129 0.753355 0.704990 0.739227 0.720657 0.750664 0.707970 0.764985 0.694129 0.753355
0 0.765938 0.821378 0.771949 0.814018 0.777960 0.804327 0.810344 0.824568 0.809485 0.834259 0.799795 0.843949 0.765938 0.821378
0 0.803114 0.853708 0.809554 0.840540 0.835120 0.851112 0.827527 0.866106 0.803114 0.853708
1 0.706872 0.810493 0.729260 0.773075 0.746325 0.782469 0.724250 0.819417 0.706872 0.810493
0 0.999007 0.614720 0.991337 0.624401 0.983532 0.619027 0.991977 0.609047 0.999007 0.614445 0.999007 0.614720
0 0.869130 0.539110 0.878982 0.533224 0.883460 0.537319 0.884100 0.542693 0.874376 0.547811 0.871945 0.544100 0.869130 0.539110
0 0.836716 0.686799 0.830511 0.684023 0.833124 0.679287 0.839819 0.682226 0.836716 0.686799
0 0.927717 0.751376 0.931226 0.754283 0.924309 0.760499 0.921401 0.756990 0.927717 0.751376
0 0.840187 0.700070 0.850307 0.704675 0.853541 0.706169 0.841142 0.725680 0.837269 0.728206 0.826848 0.723413 0.840187 0.700070
