0 0.785744 0.492935 0.777920 0.491409 0.776393 0.477097 0.778874 0.475762 0.787461 0.477097 0.789369 0.486447 0.788033 0.487592 0.786507 0.487592 0.787270 0.490836 0.785744 0.492935
0 0.768353 0.493509 0.762372 0.504871 0.758186 0.506068 0.752056 0.501582 0.751309 0.499340 0.755345 0.488425 0.757588 0.488126 0.768353 0.493509
0 0.702905 0.558787 0.690918 0.574932 0.687989 0.575401 0.678969 0.569778 0.677563 0.567318 0.686818 0.549863 0.688575 0.549512 0.699821 0.555720 0.702905 0.558787
0 0.792395 0.545355 0.777400 0.563630 0.773768 0.563864 0.758188 0.552150 0.757602 0.546175 0.771894 0.530946 0.776346 0.529892 0.791692 0.540904 0.792395 0.545355
0 0.781676 0.578717 0.796202 0.561028 0.799833 0.560911 0.815882 0.571337 0.816000 0.573094 0.800771 0.593360 0.797842 0.593946 0.781676 0.581528 0.781676 0.578717
0 0.778976 0.626830 0.763577 0.637445 0.762530 0.636697 0.742197 0.611430 0.742197 0.607692 0.749224 0.604104 0.751167 0.605749 0.755354 0.603356 0.776883 0.621597 0.778827 0.625335 0.778976 0.626830
0 0.771186 0.591406 0.771336 0.594695 0.768944 0.595892 0.768196 0.599181 0.760145 0.603937 0.756693 0.602426 0.753745 0.602426 0.747344 0.597177 0.747200 0.592790 0.746338 0.592344 0.760078 0.581797 0.771186 0.591406
0 0.737397 0.585426 0.737939 0.585059 0.743809 0.592129 0.744036 0.596529 0.742779 0.597387 0.734257 0.603218 0.730818 0.602919 0.724240 0.590808 0.734706 0.583333 0.737397 0.585426
0 0.752348 0.575110 0.759697 0.581465 0.745859 0.592090 0.743748 0.590992 0.743770 0.591309 0.738203 0.584609 0.736500 0.580641 0.739640 0.578249 0.749059 0.573315 0.752348 0.575110
0 0.808182 0.654854 0.800168 0.644169 0.800358 0.638635 0.809899 0.635773 0.820394 0.649321 0.820013 0.651801 0.811998 0.655427 0.808182 0.654854
0 0.845153 0.653639 0.853226 0.662311 0.853376 0.665451 0.846684 0.670498 0.850075 0.675405 0.847158 0.684893 0.845852 0.683643 0.824520 0.700436 0.820334 0.699838 0.807626 0.685336 0.807925 0.682644 0.828707 0.668590 0.830351 0.667843 0.831697 0.660218 0.841116 0.652144 0.845153 0.653639
0 0.861150 0.668142 0.871467 0.678757 0.869822 0.680701 0.856964 0.691316 0.853675 0.690867 0.847539 0.685244 0.853441 0.674436 0.858011 0.667843 0.861150 0.668142
0 0.816596 0.673076 0.805981 0.679056 0.802692 0.678458 0.794020 0.667245 0.794319 0.663656 0.807326 0.657377 0.816746 0.670235 0.816596 0.673076
0 0.876288 0.654325 0.863503 0.641921 0.863503 0.636960 0.875334 0.631617 0.891744 0.647073 0.891744 0.650699 0.881440 0.656424 0.876288 0.654325
0 0.877123 0.630763 0.862021 0.617818 0.860870 0.615444 0.873516 0.604076 0.877463 0.604902 0.889579 0.619037 0.889579 0.620873 0.879849 0.630144 0.877123 0.630763
0 0.898794 0.720858 0.883337 0.709028 0.882383 0.707119 0.893832 0.693571 0.897840 0.693190 0.910624 0.704448 0.911197 0.707310 0.900893 0.719332 0.898794 0.720858
0 0.924363 0.702158 0.914632 0.694907 0.914632 0.692999 0.921119 0.686702 0.928943 0.692617 0.929515 0.694716 0.924363 0.702158
0 0.904518 0.670673 0.898030 0.677352 0.895741 0.676970 0.888489 0.670673 0.888299 0.668574 0.895550 0.662277 0.897649 0.662850 0.904518 0.670673
0 0.712879 0.735552 0.707278 0.749920 0.702894 0.751138 0.694370 0.748703 0.697780 0.722157 0.700702 0.720940 0.722864 0.726541 0.723351 0.729463 0.722864 0.734578 0.712879 0.735552
0 0.635099 0.718167 0.635672 0.712633 0.638153 0.711298 0.639870 0.701184 0.643114 0.700994 0.652846 0.703283 0.650556 0.713206 0.647693 0.713397 0.645594 0.720457 0.638725 0.722747 0.634527 0.720839 0.635099 0.718167
0 0.599499 0.731865 0.600644 0.723469 0.604651 0.723660 0.606941 0.713929 0.619344 0.716028 0.619153 0.725187 0.613428 0.733201 0.607322 0.736445 0.599499 0.731865
0 0.600271 0.807285 0.592478 0.835779 0.590042 0.837727 0.564958 0.833587 0.563253 0.831152 0.569585 0.801197 0.574212 0.801197 0.597105 0.805093 0.600271 0.807285
0 0.637178 0.846796 0.621150 0.836682 0.620387 0.833057 0.632599 0.816456 0.630500 0.812448 0.650154 0.789169 0.655497 0.790504 0.668663 0.796038 0.676105 0.808250 0.681448 0.816837 0.658550 0.837446 0.641758 0.845460 0.637178 0.846796
0 0.685069 0.819027 0.666987 0.792684 0.667171 0.790848 0.678644 0.782220 0.684610 0.782587 0.702050 0.807553 0.702876 0.811317 0.691127 0.818384 0.685069 0.819027
0 0.671687 0.874691 0.653746 0.879326 0.650457 0.878429 0.638645 0.861235 0.639991 0.856151 0.658680 0.846284 0.663016 0.848078 0.664062 0.849723 0.667351 0.848825 0.669295 0.853012 0.672734 0.850321 0.668846 0.844639 0.669594 0.841798 0.687834 0.833874 0.694712 0.847480 0.706737 0.843754 0.713225 0.844326 0.712844 0.858256 0.709790 0.859019 0.710935 0.865889 0.694716 0.872376 0.691281 0.868369 0.681168 0.871613 0.677733 0.866652 0.671436 0.868560 0.671687 0.874691
0 0.648987 0.913524 0.631453 0.925701 0.629017 0.924971 0.613187 0.907679 0.611726 0.904270 0.631940 0.894041 0.635106 0.895016 0.648500 0.910845 0.648987 0.913524
0 0.618652 0.979971 0.631166 0.990120 0.625032 0.999007 0.582765 0.999007 0.581728 0.996696 0.593905 0.974047 0.590502 0.972143 0.589072 0.963008 0.618652 0.979971
0 0.636713 0.945810 0.616865 0.978379 0.588984 0.962383 0.588889 0.961798 0.606270 0.934707 0.606575 0.934882 0.618509 0.936587 0.627642 0.933867 0.636713 0.945810
0 0.599756 0.916373 0.605845 0.926845 0.602192 0.932446 0.585599 0.949404 0.577119 0.963857 0.566250 0.961529 0.568827 0.947302 0.571415 0.933035 0.594886 0.914912 0.599756 0.916373
0 0.647294 0.999007 0.646548 0.997873 0.646548 0.995859 0.660788 0.981188 0.664384 0.980038 0.672583 0.989746 0.673158 0.991544 0.664137 0.999007 0.647294 0.999007
0 0.863616 0.815854 0.836340 0.808305 0.835366 0.804165 0.841698 0.785412 0.846081 0.784925 0.871896 0.793205 0.872870 0.795641 0.865321 0.813663 0.863616 0.815854
0 0.841145 0.844403 0.822456 0.842609 0.820961 0.840366 0.820961 0.825564 0.823503 0.823920 0.840696 0.825714 0.842191 0.826760 0.842191 0.842010 0.841145 0.844403
0 0.843965 0.868763 0.829911 0.870258 0.827967 0.868165 0.824977 0.850373 0.828565 0.848280 0.841722 0.848430 0.844114 0.866072 0.843965 0.868763
0 0.925716 0.938911 0.920416 0.946715 0.917874 0.946715 0.913987 0.941333 0.914137 0.937146 0.910698 0.932511 0.909824 0.931162 0.915049 0.927158 0.925716 0.938911
0 0.912262 0.911056 0.914844 0.926699 0.909551 0.930752 0.909459 0.930602 0.906529 0.930658 0.903768 0.929081 0.896387 0.919355 0.902246 0.910576 0.911689 0.909148 0.912262 0.911056
0 0.875697 0.908501 0.882412 0.906455 0.883227 0.912137 0.890645 0.918154 0.880638 0.920190 0.877609 0.918997 0.874948 0.914040 0.870542 0.914316 0.870381 0.914170 0.871485 0.907233 0.869773 0.904312 0.873330 0.902393 0.875697 0.908501
0 0.864697 0.902832 0.864652 0.902957 0.869437 0.904747 0.869443 0.904717 0.870975 0.907329 0.869951 0.913770 0.869322 0.913186 0.859317 0.913369 0.857573 0.911625 0.852344 0.898066 0.862080 0.894355 0.864697 0.902832
0 0.888841 0.870178 0.887346 0.870477 0.886897 0.880045 0.884647 0.879913 0.885332 0.884961 0.868580 0.890134 0.868926 0.891025 0.867404 0.891971 0.867539 0.892187 0.864541 0.892920 0.858955 0.883232 0.857287 0.875078 0.858813 0.872025 0.870453 0.869544 0.865218 0.853732 0.885303 0.850068 0.888841 0.870178
0 0.871458 0.899948 0.870888 0.900517 0.865054 0.902328 0.862529 0.894180 0.864502 0.893428 0.867617 0.892672 0.871458 0.899948
0 0.901576 0.910674 0.901592 0.910674 0.896074 0.918945 0.895417 0.918083 0.893475 0.917579 0.891270 0.918027 0.883683 0.911878 0.882891 0.906318 0.900488 0.900967 0.901576 0.910674
0 0.864070 0.893074 0.853735 0.895816 0.850550 0.891107 0.850036 0.887290 0.858623 0.883633 0.864070 0.893074
0 0.895798 0.883073 0.900316 0.891114 0.900316 0.893272 0.900388 0.900032 0.900439 0.900469 0.875988 0.907902 0.869224 0.890446 0.885391 0.885459 0.885467 0.886004 0.894446 0.882228 0.895798 0.883073
0 0.883907 0.835641 0.885103 0.848947 0.885215 0.849580 0.854023 0.852344 0.853556 0.851788 0.852510 0.838033 0.853706 0.835790 0.882561 0.833996 0.883907 0.835641
0 0.887989 0.848902 0.908989 0.847392 0.911506 0.849406 0.912670 0.856462 0.915476 0.873840 0.912037 0.876980 0.905907 0.876531 0.905160 0.874288 0.892302 0.875484 0.890657 0.874587 0.886770 0.852908 0.887989 0.848902
0 0.918410 0.897334 0.917121 0.868516 0.920987 0.866642 0.940902 0.867696 0.942190 0.869922 0.944299 0.896279 0.942308 0.899091 0.919230 0.899091 0.918410 0.897334
0 0.936739 0.937932 0.927367 0.933715 0.926899 0.930200 0.930765 0.917314 0.933576 0.915440 0.950094 0.920946 0.950562 0.922703 0.947751 0.931372 0.945408 0.932074 0.940488 0.937932 0.936739 0.937932
0 0.972432 0.999001 0.965316 0.996099 0.964123 0.993345 0.970705 0.983371 0.973458 0.985574 0.975845 0.979608 0.979333 0.979700 0.991449 0.987318 0.992458 0.989337 0.984575 0.999001 0.972432 0.999001
0 0.999006 0.969718 0.993488 0.977549 0.990952 0.977436 0.987233 0.978281 0.982274 0.972928 0.982049 0.970167 0.991008 0.952755 0.995967 0.952417 0.999006 0.956663 0.999006 0.969718
4 0.999006 0.903771 0.993168 0.904023 0.992421 0.902827 0.991224 0.886530 0.992122 0.884437 0.999006 0.883846 0.999006 0.903771
0 0.973593 0.901158 0.960743 0.902351 0.958265 0.900882 0.956055 0.869935 0.958859 0.866915 0.976245 0.866825 0.979534 0.865928 0.986711 0.866526 0.987757 0.860845 0.996877 0.861144 0.997476 0.863985 0.997775 0.874002 0.992841 0.875945 0.993140 0.878936 0.985066 0.880281 0.984767 0.886860 0.980132 0.887159 0.979534 0.892541 0.975497 0.892541 0.975049 0.895531 0.980581 0.896279 0.980730 0.903306 0.973404 0.903306 0.973593 0.901158
0 0.981756 0.843557 0.972336 0.846697 0.972037 0.853276 0.968449 0.854173 0.959778 0.852229 0.955292 0.835484 0.951704 0.839969 0.953648 0.847146 0.952302 0.849239 0.944228 0.848342 0.942285 0.840567 0.938547 0.838923 0.936005 0.835334 0.936753 0.827859 0.960675 0.804535 0.960376 0.802442 0.962768 0.800648 0.965160 0.802741 0.969346 0.801993 0.971439 0.802741 0.978616 0.817692 0.978317 0.819785 0.972187 0.823074 0.981307 0.839969 0.981756 0.843557
0 0.937428 0.825548 0.927647 0.836479 0.924555 0.836623 0.917935 0.833444 0.911861 0.840037 0.906445 0.841046 0.891301 0.832694 0.889465 0.829940 0.894513 0.823423 0.888045 0.818486 0.888045 0.816377 0.894956 0.808763 0.898237 0.808880 0.903508 0.813449 0.917448 0.822937 0.919323 0.822469 0.926234 0.816611 0.928226 0.816729 0.936660 0.824226 0.937428 0.825548
0 0.954219 0.809049 0.941185 0.820798 0.939074 0.820889 0.929161 0.812996 0.928977 0.810426 0.941644 0.799136 0.944306 0.799962 0.953668 0.806846 0.954219 0.809049
0 0.906935 0.811084 0.898582 0.803741 0.898307 0.800896 0.908128 0.791717 0.911799 0.793369 0.913727 0.795847 0.913085 0.797408 0.917582 0.801814 0.917949 0.804016 0.908954 0.810992 0.906935 0.811084
0 0.937685 0.800684 0.928387 0.808968 0.926640 0.808968 0.922583 0.805361 0.922076 0.802487 0.932388 0.793584 0.934473 0.794429 0.938304 0.798994 0.937685 0.800684
