0 0.169481 0.560260 0.172374 0.545642 0.195648 0.549890 0.192520 0.566267 0.169481 0.560260
0 0.189565 0.611047 0.193112 0.597030 0.204082 0.599050 0.201374 0.612878 0.189565 0.611047
0 0.223515 0.680469 0.220994 0.669346 0.235851 0.665725 0.237780 0.678673 0.223515 0.680469
0 0.142946 0.636586 0.145590 0.630678 0.155024 0.634573 0.151683 0.640047 0.142946 0.636586
0 0.150064 0.674361 0.176549 0.632665 0.204654 0.650730 0.197535 0.665677 0.185483 0.658941 0.176549 0.675518 0.179733 0.677689 0.174379 0.689412 0.164247 0.683623 0.153327 0.677255 0.150064 0.674361
0 0.003207 0.642553 0.005423 0.628145 0.022232 0.629807 0.020385 0.644400 0.003207 0.642553
0 0.049016 0.623342 0.049570 0.613922 0.061576 0.613922 0.060838 0.623712 0.049016 0.623342
0 0.129543 0.709716 0.131859 0.700019 0.140543 0.702335 0.138227 0.711887 0.129543 0.709716
0 0.165347 0.735124 0.173741 0.719638 0.187635 0.726006 0.190096 0.720940 0.208766 0.731071 0.210937 0.726440 0.222515 0.733097 0.213397 0.755386 0.205726 0.755820 0.184741 0.744097 0.165347 0.735124
0 0.237531 0.756088 0.238255 0.751747 0.229281 0.751168 0.230729 0.732787 0.258661 0.732642 0.273424 0.742918 0.271542 0.752904 0.255622 0.751891 0.253741 0.759707 0.237531 0.756088
0 0.253885 0.765351 0.266043 0.754062 0.278200 0.765062 0.287028 0.755944 0.299041 0.765641 0.279792 0.787205 0.253885 0.765351
0 0.285726 0.783732 0.301212 0.770417 0.312066 0.781995 0.296291 0.796468 0.285726 0.783732
0 0.250176 0.799424 0.236518 0.812822 0.217414 0.793139 0.232227 0.779717 0.250176 0.799424
0 0.259096 0.790679 0.250527 0.799082 0.232588 0.779395 0.238978 0.773601 0.259096 0.790679
0 0.287462 0.824835 0.275595 0.836558 0.264161 0.823532 0.264033 0.823652 0.251113 0.804502 0.261845 0.795599 0.287462 0.824835
0 0.263672 0.823994 0.254320 0.832795 0.238978 0.814559 0.250732 0.804814 0.263672 0.823994
0 0.305409 0.950749 0.346367 0.927158 0.355485 0.939749 0.315829 0.969129 0.305409 0.950749
0 0.315347 0.751863 0.327214 0.742311 0.334740 0.751429 0.341108 0.747232 0.348634 0.758955 0.326056 0.769954 0.312452 0.753744 0.315347 0.751863
0 0.335319 0.746508 0.328819 0.739469 0.337490 0.731364 0.343845 0.739074 0.335319 0.746508
0 0.326346 0.772993 0.351529 0.758086 0.364265 0.785874 0.374818 0.814756 0.345868 0.824705 0.326346 0.772993
0 0.385029 0.850165 0.377109 0.853535 0.365551 0.856310 0.374395 0.886475 0.361386 0.891172 0.343838 0.833541 0.375424 0.818764 0.385029 0.850165
0 0.385953 0.882306 0.374854 0.886309 0.366163 0.856665 0.376465 0.854189 0.385953 0.882306
0 0.376902 0.928484 0.361755 0.898006 0.385398 0.887662 0.388436 0.893321 0.396361 0.890174 0.408303 0.917586 0.376902 0.928484
0 0.379332 0.931562 0.394414 0.925666 0.412491 0.961188 0.398513 0.968488 0.379332 0.931562
0 0.404053 0.942109 0.394868 0.924532 0.407229 0.919315 0.415847 0.936439 0.404053 0.942109
0 0.424761 0.945250 0.415122 0.924611 0.424081 0.920075 0.435421 0.939693 0.424761 0.945250
0 0.440258 0.994940 0.434410 0.979764 0.446733 0.975169 0.452580 0.991042 0.440258 0.994940
0 0.413496 0.999007 0.407527 0.985161 0.422987 0.979830 0.433027 0.997956 0.431656 0.999007 0.413496 0.999007
0 0.313724 0.938009 0.310095 0.921793 0.315538 0.920772 0.311909 0.900247 0.331414 0.895938 0.338785 0.930865 0.313724 0.938009
0 0.454626 0.889978 0.450203 0.867411 0.469532 0.861902 0.471802 0.878340 0.461316 0.880792 0.462791 0.888163 0.454626 0.889978
0 0.132100 0.747950 0.138291 0.743606 0.157421 0.750258 0.142944 0.759782 0.132100 0.747950
0 0.111768 0.544110 0.114083 0.533979 0.128556 0.537308 0.125951 0.547149 0.111768 0.544110
0 0.212036 0.577279 0.226345 0.577467 0.226909 0.591775 0.208083 0.592152 0.207706 0.585374 0.213166 0.585374 0.212036 0.577279
0 0.226909 0.572384 0.238206 0.572384 0.238770 0.585751 0.226909 0.585751 0.226909 0.572384
0 0.296341 0.717298 0.310273 0.700542 0.323829 0.715227 0.314415 0.724829 0.306508 0.717863 0.300860 0.723134 0.296341 0.717298
0 0.332357 0.681216 0.338758 0.661259 0.348360 0.664272 0.341959 0.683852 0.332357 0.681216
0 0.304216 0.741524 0.310745 0.736954 0.314532 0.740741 0.319232 0.737607 0.323803 0.742699 0.312573 0.750925 0.304216 0.741524
0 0.268734 0.721700 0.277395 0.707391 0.289256 0.714922 0.286996 0.719064 0.281348 0.716428 0.276642 0.725089 0.268734 0.721700
0 0.281725 0.719064 0.304317 0.732243 0.299610 0.741844 0.276453 0.728289 0.281725 0.719064
0 0.370564 0.786861 0.387123 0.781160 0.399338 0.809392 0.379794 0.813464 0.370564 0.786861
0 0.377458 0.818680 0.389507 0.815668 0.399485 0.841273 0.386871 0.845603 0.377458 0.818680
0 0.385522 0.973706 0.364348 0.946832 0.375749 0.939503 0.392037 0.969091 0.385522 0.973706
0 0.357861 0.935056 0.363886 0.930914 0.371040 0.939574 0.364262 0.943905 0.357861 0.935056
