0 0.516802 0.347649 0.500950 0.350757 0.493491 0.333973 0.497531 0.328689 0.511829 0.329932 0.517424 0.344230 0.516802 0.347649
0 0.476982 0.286137 0.463494 0.310335 0.449609 0.301608 0.447626 0.296451 0.461114 0.269872 0.466652 0.267127 0.477106 0.274482 0.476982 0.286137
0 0.489676 0.293674 0.483725 0.278600 0.483725 0.276616 0.521015 0.268682 0.523395 0.273046 0.534503 0.275029 0.530536 0.308749 0.524982 0.308352 0.517445 0.303988 0.509114 0.305178 0.503957 0.303195 0.503163 0.298831 0.498800 0.298831 0.497213 0.296054 0.489676 0.293674
0 0.522813 0.237346 0.527004 0.250742 0.511461 0.259709 0.509286 0.259709 0.501204 0.264371 0.497785 0.263750 0.488986 0.241547 0.512420 0.229500 0.522813 0.237346
0 0.509070 0.224685 0.489201 0.236245 0.482332 0.235506 0.479758 0.226762 0.481312 0.223169 0.502185 0.212108 0.509070 0.224685
0 0.590291 0.233321 0.580941 0.235802 0.575979 0.235420 0.575025 0.231413 0.568919 0.231604 0.564912 0.221300 0.567202 0.216911 0.576933 0.214621 0.575788 0.212331 0.577084 0.206824 0.573472 0.191760 0.585902 0.188670 0.590291 0.201264 0.599831 0.199737 0.601740 0.209087 0.595634 0.210614 0.598114 0.217865 0.590291 0.219773 0.590672 0.228551 0.590291 0.233321
0 0.548974 0.264231 0.543741 0.271407 0.536415 0.267520 0.535967 0.265726 0.542246 0.258848 0.548974 0.264231
0 0.593178 0.271821 0.581516 0.272718 0.578675 0.269878 0.578825 0.252833 0.579722 0.251189 0.591234 0.249694 0.591533 0.247301 0.607830 0.242966 0.609624 0.244012 0.613212 0.257767 0.595869 0.261654 0.594673 0.263150 0.594224 0.270625 0.593178 0.271821
0 0.625005 0.286024 0.620220 0.302171 0.610951 0.299330 0.610054 0.297088 0.614688 0.282136 0.616632 0.281538 0.625005 0.286024
4 0.407106 0.000007 0.387444 0.010482 0.379371 0.000007 0.407106 0.000007
4 0.648936 0.000007 0.646398 0.004519 0.634886 0.014087 0.625467 0.003472 0.628451 0.000007 0.648936 0.000007
4 0.999006 0.053870 0.994293 0.053339 0.992273 0.040030 0.993375 0.038103 0.999006 0.036932 0.999006 0.053870
0 0.802189 0.905582 0.782751 0.909549 0.780767 0.907565 0.776007 0.889714 0.776800 0.884954 0.796635 0.883367 0.802189 0.905582
0 0.644050 0.350694 0.651670 0.355203 0.645410 0.370407 0.636573 0.365649 0.644050 0.350694
4 0.653497 0.001734 0.662308 0.011089 0.645665 0.023925 0.638594 0.012938 0.653497 0.001734
