0 0.209970 0.093444 0.224743 0.085032 0.234592 0.086263 0.248134 0.107397 0.228026 0.122580 0.209970 0.093444
0 0.326985 0.012909 0.341121 0.012655 0.341165 0.011849 0.350152 0.011698 0.350879 0.038317 0.326368 0.039082 0.326985 0.012909
0 0.304201 0.044719 0.330650 0.046028 0.329603 0.060955 0.313251 0.060431 0.311010 0.070533 0.314562 0.071656 0.303677 0.108878 0.288488 0.104164 0.304201 0.044719
0 0.391588 0.000007 0.382889 0.005120 0.379839 0.000007 0.391588 0.000007
0 0.383013 0.129810 0.394427 0.127881 0.409700 0.165340 0.396678 0.166948 0.383013 0.129810
0 0.544376 0.173674 0.552994 0.176752 0.553610 0.173879 0.562530 0.176393 0.562228 0.179419 0.565716 0.180651 0.564485 0.192551 0.554636 0.207119 0.534528 0.198707 0.544376 0.173674
0 0.637469 0.235625 0.659466 0.206033 0.678321 0.217032 0.680678 0.213890 0.688534 0.220437 0.664442 0.251076 0.637469 0.235625
0 0.676386 0.238959 0.690620 0.225103 0.700572 0.226236 0.682055 0.244123 0.676386 0.238959
0 0.542156 0.222765 0.561443 0.227485 0.560212 0.236923 0.562264 0.237128 0.563085 0.243694 0.551389 0.247388 0.548722 0.254979 0.534769 0.247388 0.542156 0.222765
0 0.366435 0.163721 0.374029 0.160841 0.378219 0.169483 0.373506 0.173411 0.366435 0.163721
0 0.340231 0.174216 0.349716 0.173252 0.349716 0.175985 0.351484 0.176467 0.351484 0.183059 0.339105 0.184506 0.338141 0.176789 0.340713 0.176789 0.340231 0.174216
0 0.334612 0.136451 0.363355 0.137119 0.366435 0.163721 0.337954 0.164191 0.334612 0.136451
0 0.278977 0.128352 0.298265 0.124043 0.301548 0.137586 0.299085 0.139022 0.302163 0.155026 0.284928 0.158515 0.278977 0.128352
0 0.265687 0.130505 0.275063 0.128532 0.282663 0.158437 0.273188 0.161891 0.265687 0.130505
0 0.310550 0.141690 0.324216 0.141529 0.324859 0.155194 0.311193 0.156802 0.310550 0.141690
0 0.423371 0.832090 0.444505 0.817317 0.459073 0.835168 0.437118 0.850557 0.423576 0.832295 0.423371 0.832090
0 0.412005 0.839539 0.423576 0.832295 0.437118 0.850557 0.424441 0.859871 0.412005 0.839539
0 0.151645 0.233317 0.174421 0.233728 0.174626 0.254246 0.164572 0.253425 0.165188 0.259376 0.149593 0.258350 0.151645 0.233317
0 0.661058 0.145835 0.685541 0.149935 0.684018 0.163289 0.658129 0.157549 0.661058 0.145835
0 0.150176 0.279593 0.181429 0.278674 0.181735 0.292156 0.148644 0.289398 0.150176 0.279593
4 0.325130 0.180624 0.333028 0.178744 0.334156 0.186265 0.325882 0.188146 0.325130 0.180624
