0 0.516783 0.999008 0.466753 0.899481 0.491252 0.892403 0.484719 0.888592 0.538616 0.863005 0.556038 0.897303 0.546783 0.901658 0.601192 0.999007 0.516783 0.999008
0 0.692157 0.805795 0.805396 0.828661 0.798863 0.868403 0.716112 0.855337 0.722100 0.841727 0.683447 0.834650 0.692157 0.805795
0 0.773471 0.903656 0.833190 0.869531 0.857931 0.907922 0.798638 0.941620 0.773471 0.903656
0 0.787591 0.970522 0.819008 0.953143 0.813995 0.946792 0.830372 0.939774 0.834717 0.944787 0.844075 0.939440 0.840065 0.932421 0.864797 0.922728 0.894877 0.963170 0.888527 0.966178 0.890867 0.970522 0.882845 0.974867 0.876161 0.970188 0.823939 0.999005 0.784195 0.999005 0.770546 0.978878 0.787591 0.970522
0 0.985365 0.999001 0.972435 0.974433 0.999010 0.959419 0.999010 0.992855 0.986177 0.999001 0.985365 0.999001
0 0.999010 0.902744 0.990669 0.907144 0.964599 0.863026 0.999010 0.843731 0.999010 0.902744
0 0.893725 0.826922 0.923055 0.810686 0.953432 0.858609 0.936148 0.868298 0.919389 0.839754 0.905247 0.847348 0.893725 0.826922
0 0.865157 0.852647 0.879110 0.846696 0.894704 0.869677 0.882188 0.878705 0.865157 0.852647
0 0.765584 0.762329 0.863579 0.705166 0.891888 0.742186 0.791716 0.804794 0.765584 0.762329
0 0.801798 0.728445 0.858363 0.686545 0.871456 0.700686 0.805988 0.739181 0.801798 0.728445
0 0.865964 0.687655 0.905069 0.663591 0.944173 0.715730 0.936820 0.721078 0.951526 0.740797 0.917769 0.761185 0.865964 0.687655
0 0.999010 0.657031 0.973445 0.669384 0.933004 0.602873 0.956734 0.552405 0.978125 0.553408 0.994502 0.576135 0.973780 0.590841 0.985812 0.608221 0.999010 0.596871 0.999010 0.657031
0 0.898882 0.650387 0.924283 0.593903 0.964056 0.656069 0.961382 0.662419 0.995473 0.711884 0.964724 0.732606 0.898882 0.650387
0 0.891765 0.893725 0.948495 0.862036 0.982843 0.910123 0.921016 0.945358 0.891765 0.893725
4 0.432658 0.000008 0.429670 0.011078 0.418670 0.009855 0.420312 0.000008 0.432658 0.000008
0 0.292701 0.565594 0.304945 0.563483 0.307901 0.573616 0.294390 0.576994 0.292701 0.565594
1 0.274969 0.555039 0.274547 0.542373 0.291857 0.541529 0.292701 0.555461 0.274969 0.555039
