0 0.247258 0.987214 0.252373 0.979665 0.249417 0.977960 0.265255 0.957733 0.285100 0.973380 0.268690 0.995706 0.262011 0.996851 0.247258 0.987214
0 0.642273 0.810508 0.636930 0.803257 0.645326 0.796387 0.651051 0.803447 0.642273 0.810508
0 0.072912 0.929351 0.093139 0.915422 0.103252 0.916948 0.116675 0.932729 0.082925 0.955378 0.073180 0.942802 0.079591 0.937366 0.076955 0.934249 0.072912 0.929351
0 0.093139 0.915422 0.086860 0.907270 0.098690 0.898683 0.111284 0.911468 0.103252 0.916948 0.093139 0.915422
0 0.000006 0.923910 0.018937 0.907170 0.035141 0.923340 0.018179 0.938432 0.012202 0.944220 0.006026 0.939608 0.000006 0.933587 0.000006 0.923910
4 0.000006 0.891661 0.012288 0.905895 0.000006 0.916842 0.000006 0.891661
0 0.055653 0.828580 0.097688 0.800321 0.110351 0.809575 0.115709 0.817612 0.109864 0.823457 0.115709 0.831007 0.103289 0.839774 0.096226 0.831981 0.066758 0.851220 0.055462 0.848234 0.055653 0.828580
0 0.055462 0.848234 0.043796 0.856872 0.041723 0.858539 0.031419 0.845754 0.022642 0.836976 0.044395 0.822856 0.055653 0.828580 0.055462 0.848234
0 0.035469 0.884365 0.023023 0.894412 0.016345 0.886207 0.019207 0.883536 0.018652 0.882793 0.028037 0.875498 0.035469 0.884365
0 0.053745 0.869606 0.035469 0.884365 0.028037 0.875498 0.046895 0.860830 0.053745 0.869606
0 0.031419 0.845754 0.041723 0.858539 0.043796 0.856872 0.046895 0.860830 0.018652 0.882793 0.009475 0.870369 0.003887 0.875156 0.000006 0.870253 0.000006 0.853382 0.022642 0.836976 0.031419 0.845754
0 0.068221 0.903969 0.075444 0.910485 0.064822 0.920990 0.054950 0.930354 0.049461 0.935628 0.021941 0.907135 0.051172 0.880098 0.070790 0.891275 0.077366 0.894936 0.068221 0.903969
0 0.083697 0.876892 0.070790 0.891275 0.051172 0.880098 0.067239 0.865246 0.083697 0.876892
0 0.096687 0.881827 0.085261 0.897393 0.078685 0.893253 0.077366 0.894936 0.070790 0.891275 0.083697 0.876892 0.085914 0.874356 0.096687 0.881827
0 0.279892 0.753659 0.305463 0.739047 0.324216 0.769002 0.307412 0.778012 0.309116 0.781178 0.299131 0.785319 0.279892 0.753659
0 0.314812 0.729480 0.371970 0.686745 0.383096 0.696858 0.369158 0.713592 0.377935 0.721225 0.364578 0.738207 0.359235 0.734009 0.338335 0.753228 0.314812 0.729480
0 0.146039 0.866138 0.156998 0.850065 0.168201 0.856397 0.156511 0.873201 0.146039 0.866138
0 0.117712 0.885492 0.122026 0.879343 0.115968 0.875946 0.121016 0.867777 0.143779 0.881087 0.150021 0.871541 0.155803 0.875671 0.148185 0.886502 0.147175 0.887971 0.139190 0.883381 0.130929 0.894212 0.117712 0.885492
0 0.969783 0.546186 0.966130 0.525486 0.999006 0.521907 0.999006 0.552208 0.990631 0.552844 0.989612 0.544286 0.969783 0.546186
0 0.938610 0.551635 0.933468 0.528543 0.962922 0.525254 0.967557 0.546634 0.938610 0.551635
0 0.878066 0.557676 0.877943 0.557699 0.881759 0.572582 0.864776 0.576399 0.862677 0.564568 0.853327 0.566476 0.846267 0.547967 0.869092 0.542813 0.878066 0.557676
0 0.896182 0.554365 0.895689 0.554455 0.878066 0.557676 0.869092 0.542813 0.869928 0.542624 0.869165 0.540334 0.891875 0.537383 0.896182 0.554365
0 0.928700 0.552165 0.913626 0.555600 0.913053 0.551402 0.912471 0.551504 0.913438 0.543369 0.910459 0.532939 0.911336 0.532892 0.922022 0.532511 0.928700 0.552165
0 0.913438 0.543369 0.912471 0.551504 0.896182 0.554365 0.891875 0.537383 0.892636 0.537281 0.891682 0.534037 0.910459 0.532939 0.913438 0.543369
0 0.890357 0.591381 0.883629 0.572842 0.888862 0.571197 0.888413 0.569553 0.899028 0.567011 0.905906 0.586597 0.890357 0.591381
0 0.908151 0.585214 0.903231 0.570806 0.920920 0.565300 0.925137 0.578420 0.908151 0.585214
0 0.953180 0.588879 0.947773 0.563348 0.944212 0.554913 0.962530 0.551097 0.967873 0.558539 0.973407 0.576094 0.953180 0.588879
0 0.756182 0.609770 0.775073 0.600610 0.783482 0.617550 0.767614 0.624944 0.756182 0.609770
0 0.667208 0.633738 0.687864 0.629301 0.692947 0.636776 0.695638 0.648737 0.679004 0.652135 0.684783 0.667322 0.672969 0.671313 0.666774 0.654573 0.664987 0.649921 0.673151 0.647738 0.667208 0.633738
0 0.687864 0.629301 0.706403 0.624965 0.713280 0.632739 0.715374 0.644401 0.695638 0.648737 0.692947 0.636776 0.687864 0.629301
0 0.706403 0.624965 0.705632 0.622999 0.731052 0.618782 0.732107 0.620422 0.744524 0.617728 0.748156 0.622999 0.743470 0.624874 0.747687 0.634948 0.732797 0.641002 0.715374 0.644401 0.713280 0.632739 0.706403 0.624965
0 0.743470 0.624874 0.748156 0.622999 0.754815 0.620531 0.764728 0.629894 0.767665 0.628517 0.773764 0.639603 0.755733 0.648159 0.758200 0.652697 0.751950 0.655672 0.754191 0.660155 0.745045 0.664530 0.732797 0.641002 0.747687 0.634948 0.743470 0.624874
0 0.591026 0.648896 0.616412 0.646778 0.624182 0.655170 0.623872 0.673197 0.599317 0.678481 0.592173 0.657607 0.591026 0.648896
0 0.627144 0.639173 0.660485 0.633342 0.664987 0.649921 0.666774 0.654573 0.638656 0.662048 0.627144 0.639173
0 0.616412 0.646778 0.615118 0.642512 0.625193 0.640286 0.643702 0.679764 0.627536 0.686559 0.623872 0.673197 0.624182 0.655170 0.616412 0.646778
0 0.702918 0.686154 0.697168 0.675656 0.706773 0.671626 0.697704 0.654617 0.720130 0.645865 0.734539 0.672802 0.724496 0.677567 0.720652 0.672316 0.714406 0.675442 0.716314 0.679831 0.702918 0.686154
0 0.525651 0.697894 0.538817 0.689689 0.547786 0.701901 0.534429 0.710106 0.525651 0.697894
0 0.999006 0.481854 0.978682 0.485309 0.969047 0.455781 0.999006 0.449307 0.999006 0.481854
0 0.962186 0.447748 0.960850 0.436490 0.973063 0.434200 0.974971 0.445649 0.962186 0.447748
0 0.919874 0.447486 0.926901 0.444645 0.925855 0.440907 0.935423 0.438515 0.934227 0.434478 0.951720 0.429245 0.965176 0.468716 0.952169 0.472005 0.949776 0.468118 0.935124 0.472753 0.930639 0.462287 0.925257 0.463782 0.919874 0.447486
0 0.947543 0.335135 0.969678 0.329410 0.973685 0.341622 0.960137 0.345439 0.962618 0.351927 0.950214 0.354980 0.947543 0.346775 0.950405 0.345820 0.947543 0.335135
0 0.000006 0.343746 0.026921 0.335415 0.033252 0.349297 0.038854 0.363909 0.020829 0.370977 0.000006 0.377989 0.000006 0.343746
0 0.036094 0.346574 0.050118 0.338535 0.058611 0.349055 0.043865 0.357932 0.036094 0.346574
0 0.065757 0.352691 0.088333 0.340281 0.098649 0.352840 0.102835 0.349551 0.122532 0.375553 0.109563 0.386181 0.107547 0.384751 0.094786 0.390178 0.088617 0.382560 0.092762 0.379304 0.079243 0.359825 0.072933 0.361960 0.065757 0.352691
0 0.091843 0.534232 0.120824 0.503547 0.137628 0.518646 0.109378 0.550062 0.091843 0.534232
0 0.078222 0.540903 0.102294 0.550322 0.098107 0.561386 0.073886 0.551817 0.078222 0.540903
0 0.060538 0.597508 0.071732 0.584058 0.092527 0.598561 0.080130 0.611672 0.060538 0.597508
0 0.000006 0.603551 0.006650 0.600976 0.016958 0.622882 0.000006 0.628360 0.000006 0.603551
0 0.007188 0.597655 0.023335 0.589581 0.034548 0.604532 0.061460 0.600645 0.066394 0.614998 0.018550 0.623371 0.014383 0.612853 0.007188 0.597655
0 0.670711 0.549369 0.643753 0.521461 0.670905 0.497343 0.697527 0.523494 0.670711 0.549369
0 0.621499 0.549924 0.632458 0.539695 0.661682 0.575982 0.649749 0.585236 0.621499 0.549924
0 0.718911 0.547415 0.730114 0.535238 0.739856 0.542544 0.728653 0.555208 0.718911 0.547415
0 0.653076 0.332089 0.656797 0.296051 0.684804 0.296295 0.682855 0.330390 0.668492 0.333542 0.653076 0.332089
0 0.765241 0.250170 0.777835 0.250361 0.778895 0.286214 0.764860 0.286234 0.765241 0.250170
0 0.767512 0.240425 0.770350 0.224717 0.785201 0.228710 0.782507 0.244642 0.767512 0.240425
0 0.655328 0.167823 0.660289 0.150077 0.688721 0.160381 0.684142 0.177364 0.655328 0.167823
0 0.714418 0.190518 0.719570 0.170101 0.745139 0.177543 0.743231 0.187656 0.726821 0.183839 0.725103 0.192808 0.714418 0.190518
0 0.701931 0.172483 0.705998 0.163507 0.718128 0.169704 0.713869 0.178202 0.701931 0.172483
0 0.652827 0.294832 0.675152 0.261057 0.668283 0.251707 0.684121 0.233770 0.704347 0.267163 0.699510 0.270895 0.693852 0.273269 0.690609 0.269262 0.682213 0.275368 0.668474 0.295404 0.652827 0.294832
0 0.744013 0.215209 0.743082 0.201885 0.749570 0.200740 0.750142 0.192153 0.791359 0.196351 0.787877 0.218640 0.782627 0.218712 0.782484 0.222451 0.777234 0.222379 0.777234 0.224681 0.770134 0.223926 0.757943 0.222269 0.756798 0.215781 0.751646 0.215972 0.744013 0.215209
0 0.937260 0.196725 0.970687 0.188763 0.978511 0.202120 0.979274 0.218912 0.944652 0.225712 0.942068 0.211988 0.937260 0.196725
4 0.999006 0.241456 0.994244 0.237021 0.991553 0.239264 0.983629 0.229845 0.995141 0.220126 0.990506 0.213697 0.999006 0.206919 0.999006 0.241456
0 0.990506 0.213697 0.995141 0.220126 0.983629 0.229845 0.991553 0.239264 0.980937 0.248694 0.966625 0.232105 0.990506 0.213697
0 0.952160 0.279456 0.969054 0.255684 0.981464 0.264804 0.978473 0.269439 0.984454 0.274223 0.969054 0.293660 0.966283 0.290550 0.954466 0.280566 0.952160 0.279456
0 0.905595 0.366652 0.911649 0.364037 0.928372 0.398630 0.908735 0.408216 0.896325 0.384593 0.910230 0.377267 0.905595 0.366652
0 0.573337 0.576956 0.555222 0.552996 0.565207 0.537166 0.561798 0.535218 0.566490 0.526399 0.570078 0.519631 0.582986 0.524746 0.583960 0.522067 0.606852 0.531565 0.605147 0.541793 0.594919 0.552752 0.588830 0.551291 0.573337 0.576956
0 0.730894 0.601551 0.727847 0.596615 0.722858 0.590133 0.726147 0.587143 0.721662 0.582956 0.727941 0.577723 0.732277 0.581461 0.742743 0.572640 0.751211 0.581708 0.753806 0.584152 0.730894 0.601551
0 0.735523 0.565217 0.767369 0.534568 0.784414 0.554507 0.770428 0.567692 0.774695 0.572095 0.765724 0.578823 0.760192 0.573440 0.751211 0.581708 0.742743 0.572640 0.735523 0.565217
0 0.854470 0.488255 0.863481 0.518941 0.833139 0.529293 0.828834 0.512276 0.834094 0.510660 0.829019 0.495327 0.854470 0.488255
0 0.864845 0.510528 0.861220 0.495262 0.859121 0.495453 0.855686 0.482859 0.870951 0.479806 0.871715 0.481714 0.882591 0.482287 0.891178 0.487248 0.892132 0.495644 0.893818 0.495453 0.898048 0.514535 0.884881 0.515489 0.882782 0.508238 0.864845 0.510528
0 0.991278 0.000000 0.986146 0.003413 0.992061 0.010473 0.957523 0.026502 0.951035 0.016579 0.926611 0.028601 0.920123 0.015243 0.953493 0.000001 0.991278 0.000000
0 0.679381 0.096522 0.690828 0.073874 0.720539 0.091652 0.711046 0.108889 0.701600 0.103202 0.699155 0.107073 0.679381 0.096522
0 0.579409 0.133880 0.586320 0.115915 0.591508 0.103182 0.619597 0.114618 0.607650 0.144822 0.579409 0.133880
0 0.507658 0.376684 0.522027 0.361828 0.530064 0.371326 0.516426 0.384477 0.507658 0.376684
0 0.592291 0.503134 0.559670 0.486190 0.566802 0.476419 0.583713 0.486403 0.602609 0.461884 0.605318 0.463626 0.613061 0.469738 0.629180 0.483114 0.617791 0.495361 0.605313 0.486364 0.592291 0.503134
0 0.599273 0.439277 0.606816 0.423607 0.634390 0.436897 0.627810 0.454098 0.624674 0.453235 0.615710 0.447937 0.599273 0.439277
0 0.620165 0.473300 0.630459 0.455958 0.643381 0.464306 0.638460 0.472740 0.640218 0.474615 0.635883 0.482346 0.620165 0.473300
0 0.349991 0.527411 0.342842 0.515600 0.373303 0.506276 0.379830 0.513424 0.382628 0.524303 0.349991 0.527411
0 0.373303 0.506276 0.401898 0.494464 0.407804 0.503789 0.409669 0.511870 0.405318 0.516843 0.397345 0.520127 0.386342 0.523205 0.382628 0.524303 0.379830 0.513424 0.373303 0.506276
0 0.401898 0.494464 0.412182 0.484793 0.424013 0.500249 0.409669 0.511870 0.407804 0.503789 0.401898 0.494464
0 0.405318 0.516843 0.409669 0.511870 0.424013 0.500249 0.442629 0.519807 0.419922 0.536217 0.405318 0.516843
0 0.472139 0.424434 0.465060 0.435132 0.476953 0.446399 0.466786 0.457762 0.444541 0.437080 0.459737 0.414627 0.472139 0.424434
0 0.491605 0.405433 0.476056 0.426813 0.472139 0.424434 0.459737 0.414627 0.455288 0.411094 0.438691 0.431641 0.437034 0.430103 0.438529 0.418740 0.442117 0.401098 0.448247 0.387492 0.451237 0.389585 0.461404 0.378222 0.491605 0.405433
0 0.466786 0.457762 0.476953 0.446399 0.501736 0.473468 0.492004 0.481101 0.484753 0.474422 0.482654 0.476712 0.466786 0.457762
0 0.448144 0.457947 0.457398 0.459236 0.460795 0.457596 0.463809 0.460771 0.440151 0.480046 0.448072 0.489985 0.456135 0.484162 0.476084 0.512012 0.469687 0.518003 0.454001 0.499768 0.446475 0.504834 0.419736 0.474932 0.436078 0.453613 0.448144 0.457947
0 0.492190 0.490631 0.484927 0.497894 0.487153 0.500705 0.476084 0.512012 0.456135 0.484162 0.448072 0.489985 0.440151 0.480046 0.463809 0.460771 0.492190 0.490631
0 0.446475 0.504834 0.435375 0.512303 0.424013 0.500249 0.412182 0.484793 0.419736 0.474932 0.446475 0.504834
0 0.390620 0.534713 0.392323 0.543748 0.390620 0.555196 0.372529 0.557139 0.371781 0.549514 0.367520 0.549795 0.364365 0.529707 0.375370 0.529330 0.387734 0.527679 0.390620 0.534713
0 0.367520 0.549795 0.333507 0.552056 0.333507 0.547571 0.326480 0.546973 0.326480 0.531424 0.331413 0.530825 0.364365 0.529707 0.367520 0.549795
0 0.459335 0.548389 0.470697 0.540010 0.488061 0.543047 0.499128 0.541537 0.501800 0.549551 0.476715 0.581809 0.464542 0.559541 0.459335 0.548389
0 0.310249 0.685104 0.330462 0.666595 0.341909 0.678529 0.345318 0.684373 0.322182 0.701421 0.314145 0.690218 0.310249 0.685104
0 0.314145 0.690218 0.322182 0.701421 0.304404 0.711650 0.296854 0.699716 0.314145 0.690218
0 0.296854 0.699716 0.304404 0.711650 0.277409 0.721462 0.273974 0.710967 0.267295 0.701044 0.291911 0.691503 0.296854 0.699716
0 0.069726 0.637677 0.074170 0.648027 0.074046 0.648094 0.049449 0.659783 0.046366 0.656854 0.036178 0.641893 0.032075 0.635933 0.058838 0.626155 0.069726 0.637677
0 0.080135 0.624227 0.091581 0.620574 0.099861 0.633969 0.074046 0.648094 0.069726 0.637677 0.058838 0.626155 0.075994 0.619113 0.080135 0.624227
0 0.024521 0.648777 0.036178 0.641893 0.046366 0.656854 0.034434 0.663922 0.024521 0.648777
0 0.000006 0.698195 0.010050 0.695693 0.014808 0.711990 0.000006 0.716334 0.000006 0.698195
0 0.000006 0.811693 0.021016 0.798957 0.029408 0.811390 0.000006 0.832080 0.000006 0.811693
0 0.084856 0.745754 0.076157 0.738731 0.067789 0.729430 0.077593 0.721739 0.065201 0.710386 0.083262 0.696268 0.096805 0.709439 0.111428 0.698381 0.121757 0.707096 0.124334 0.714828 0.084856 0.745754
0 0.088128 0.758760 0.088615 0.749018 0.111751 0.728805 0.130503 0.744391 0.102983 0.767284 0.088128 0.758760
0 0.000006 0.792920 0.006270 0.787157 0.005093 0.785644 0.027458 0.768270 0.033532 0.775944 0.039119 0.770835 0.044728 0.777185 0.016001 0.801585 0.012264 0.798146 0.000006 0.807229 0.000006 0.792920
0 0.045581 0.762288 0.076122 0.745071 0.086798 0.761875 0.090535 0.774659 0.062624 0.790866 0.054404 0.779012 0.045581 0.762288
0 0.031272 0.726676 0.024544 0.708585 0.036056 0.703951 0.043382 0.721892 0.031272 0.726676
0 0.163151 0.695490 0.175769 0.687475 0.184590 0.701828 0.173078 0.708556 0.163151 0.695490
0 0.241348 0.703477 0.227735 0.707920 0.222463 0.692808 0.236016 0.689258 0.241348 0.703477
0 0.255733 0.698782 0.241348 0.703477 0.236016 0.689258 0.251047 0.685311 0.255733 0.698782
0 0.196391 0.667969 0.252339 0.637819 0.261974 0.645901 0.266947 0.654914 0.262596 0.658955 0.265393 0.663307 0.257312 0.667347 0.254204 0.663307 0.237730 0.672631 0.211621 0.689105 0.196391 0.667969
0 0.254718 0.635571 0.270754 0.622866 0.279531 0.614661 0.291553 0.600349 0.317708 0.621786 0.313914 0.626453 0.305101 0.635269 0.294832 0.627381 0.281908 0.639872 0.287753 0.646934 0.274994 0.658782 0.266244 0.648606 0.254718 0.635571
0 0.281908 0.639872 0.294832 0.627381 0.305101 0.635269 0.312489 0.642637 0.295876 0.658297 0.289207 0.653079 0.292191 0.650049 0.287753 0.646934 0.281908 0.639872
0 0.364851 0.633784 0.386307 0.610609 0.404001 0.627158 0.389794 0.642319 0.386670 0.638901 0.380270 0.647035 0.364851 0.633784
0 0.123657 0.615481 0.134422 0.603819 0.148987 0.616415 0.150746 0.618273 0.137861 0.629984 0.123657 0.615481
0 0.171646 0.584764 0.189010 0.596213 0.171646 0.617203 0.160878 0.604947 0.156993 0.600693 0.171646 0.584764
0 0.287094 0.557532 0.304542 0.566673 0.295272 0.583717 0.277481 0.573102 0.287094 0.557532
0 0.361234 0.600812 0.371849 0.584665 0.387584 0.595066 0.388018 0.602681 0.381866 0.612773 0.361234 0.600812
0 0.331058 0.572230 0.355054 0.564966 0.364226 0.589391 0.357839 0.591490 0.362800 0.605038 0.343527 0.611144 0.331058 0.572230
0 0.329424 0.505824 0.320413 0.490481 0.334051 0.483175 0.337217 0.486584 0.354508 0.479034 0.365954 0.499979 0.343062 0.512399 0.337217 0.503145 0.329424 0.505824
0 0.237703 0.572224 0.229269 0.563204 0.239578 0.554184 0.248404 0.563459 0.237703 0.572224
0 0.192980 0.602302 0.207178 0.593936 0.220085 0.611227 0.228609 0.605626 0.242004 0.621699 0.232506 0.628518 0.230189 0.627601 0.226039 0.621799 0.212173 0.629189 0.192980 0.602302
0 0.275339 0.614281 0.257398 0.599180 0.260837 0.595442 0.243643 0.583930 0.255604 0.570474 0.257847 0.572268 0.266070 0.564494 0.294028 0.586920 0.275339 0.614281
4 0.533126 0.449017 0.550417 0.425394 0.561376 0.433187 0.544816 0.456811 0.533126 0.449017
0 0.688353 0.067749 0.692742 0.058972 0.714877 0.070993 0.709725 0.079961 0.688353 0.067749
0 0.034045 0.422350 0.042375 0.406482 0.072128 0.417193 0.064590 0.435838 0.034045 0.422350
0 0.083113 0.440860 0.079649 0.433158 0.082348 0.432163 0.075825 0.417308 0.101860 0.407551 0.108804 0.423848 0.110168 0.423408 0.112526 0.429505 0.083113 0.440860
0 0.899157 0.461308 0.911331 0.457950 0.914193 0.465010 0.923162 0.463865 0.928685 0.485552 0.943605 0.482755 0.948578 0.505134 0.926447 0.510373 0.925102 0.500998 0.919767 0.500681 0.915974 0.486694 0.906617 0.488039 0.899157 0.461308
0 0.662372 0.194667 0.670386 0.183409 0.678973 0.189897 0.670577 0.200583 0.664751 0.196578 0.662372 0.194667
4 0.000006 0.872946 0.009187 0.883712 0.002801 0.890257 0.000006 0.887489 0.000006 0.872946
0 0.006026 0.939608 0.012202 0.944220 0.018179 0.938432 0.019649 0.950780 0.002008 0.951957 0.001616 0.940098 0.006026 0.939608
0 0.064822 0.920990 0.072912 0.929351 0.076955 0.934249 0.067584 0.943319 0.054950 0.930354 0.064822 0.920990
0 0.076122 0.745071 0.045581 0.762288 0.035604 0.741624 0.048113 0.734648 0.046483 0.729962 0.059726 0.723239 0.076122 0.745071
0 0.174975 0.682931 0.186588 0.675189 0.194942 0.685376 0.183124 0.693322 0.174975 0.682931
0 0.134422 0.603819 0.129802 0.599195 0.143584 0.586453 0.156993 0.600693 0.160878 0.604947 0.148987 0.616415 0.134422 0.603819
0 0.128377 0.555313 0.139009 0.545682 0.147640 0.555063 0.137258 0.564444 0.128377 0.555313
0 0.257991 0.551812 0.268048 0.546065 0.274274 0.556282 0.263738 0.562348 0.257991 0.551812
0 0.226039 0.621799 0.230189 0.627601 0.186287 0.650430 0.180907 0.640064 0.206158 0.630140 0.207138 0.631611 0.212173 0.629189 0.226039 0.621799
0 0.305101 0.635269 0.313914 0.626453 0.325527 0.639696 0.317378 0.647235 0.312489 0.642637 0.305101 0.635269
0 0.257833 0.673355 0.267412 0.667288 0.275713 0.679261 0.264059 0.685328 0.251047 0.685311 0.242827 0.685168 0.242348 0.678463 0.259749 0.676228 0.257833 0.673355
0 0.279393 0.676380 0.295676 0.666003 0.310204 0.682765 0.294399 0.692503 0.290248 0.685160 0.285778 0.687874 0.279393 0.676380
0 0.295876 0.658297 0.312489 0.642637 0.317378 0.647235 0.320383 0.650726 0.303302 0.666531 0.295876 0.658297
0 0.305474 0.556517 0.314575 0.542995 0.331217 0.555477 0.323156 0.568219 0.305474 0.556517
0 0.482345 0.595283 0.491513 0.584892 0.504349 0.595895 0.495181 0.605878 0.482345 0.595283
0 0.463390 0.615535 0.472157 0.632773 0.458345 0.642460 0.459658 0.649073 0.444244 0.649073 0.443429 0.640515 0.446281 0.634810 0.463390 0.615535
0 0.471968 0.607266 0.479347 0.600512 0.485477 0.607517 0.477721 0.614146 0.471968 0.607266
0 0.554277 0.409881 0.614790 0.348146 0.618458 0.350591 0.591767 0.406621 0.583617 0.401324 0.578319 0.409881 0.583617 0.413345 0.575467 0.424959 0.554277 0.409881
0 0.605336 0.406327 0.622755 0.367264 0.640698 0.377926 0.636277 0.386247 0.626916 0.381826 0.624055 0.387547 0.631076 0.392228 0.620415 0.408350 0.605336 0.406327
0 0.605318 0.463626 0.615710 0.447937 0.624674 0.453235 0.613061 0.469738 0.605318 0.463626
0 0.672276 0.587176 0.678796 0.583712 0.682260 0.589824 0.675536 0.593288 0.672276 0.587176
0 0.745775 0.508083 0.763606 0.493134 0.782449 0.517251 0.764063 0.531873 0.745775 0.508083
0 0.390620 0.534713 0.387734 0.527679 0.386342 0.523205 0.397345 0.520127 0.405318 0.516843 0.408445 0.532826 0.408966 0.543748 0.392323 0.543748 0.390620 0.534713
0 0.394709 0.476176 0.416292 0.451213 0.430854 0.444712 0.435275 0.448612 0.409271 0.485278 0.403810 0.480337 0.399650 0.484238 0.394709 0.476176
4 0.388468 0.449392 0.398350 0.440551 0.406931 0.450693 0.396789 0.459274 0.388468 0.449392
0 0.456629 0.520869 0.475577 0.519851 0.477207 0.537577 0.457648 0.539410 0.456629 0.520869
0 0.583373 0.450635 0.588752 0.438502 0.602886 0.445132 0.598008 0.456889 0.583373 0.450635
0 0.656617 0.197852 0.660635 0.193049 0.662372 0.194667 0.664751 0.196578 0.660635 0.201380 0.656617 0.197852
0 0.704347 0.267163 0.718188 0.279994 0.713719 0.284464 0.699510 0.270895 0.704347 0.267163
0 0.591026 0.648896 0.592173 0.657607 0.581771 0.659427 0.592693 0.690112 0.581251 0.693493 0.566689 0.652927 0.591026 0.648896
0 0.671552 0.780809 0.681174 0.775868 0.685594 0.783929 0.675973 0.788870 0.671552 0.780809
0 0.425352 0.791425 0.437632 0.780805 0.444933 0.788770 0.433317 0.799722 0.425352 0.791425
0 0.068300 0.862170 0.076246 0.854020 0.088471 0.865430 0.081544 0.872358 0.068300 0.862170
0 0.087452 0.857280 0.094583 0.850557 0.091527 0.846278 0.098251 0.839962 0.106401 0.847908 0.092342 0.861355 0.087452 0.857280
0 0.579409 0.133880 0.567432 0.130381 0.573748 0.111636 0.586320 0.115915 0.579409 0.133880
0 0.719016 0.097447 0.722268 0.091568 0.735027 0.098823 0.727772 0.112707 0.716765 0.106953 0.721531 0.099220 0.719016 0.097447
0 0.893586 0.117014 0.914495 0.112036 0.918145 0.124979 0.906529 0.128298 0.909184 0.137922 0.899228 0.140246 0.893586 0.117014
0 0.877071 0.223691 0.887733 0.221611 0.888773 0.230713 0.878891 0.232013 0.877071 0.223691
0 0.937260 0.196725 0.942068 0.211988 0.913736 0.217971 0.909316 0.202108 0.937260 0.196725
0 0.954466 0.280566 0.966283 0.290550 0.961726 0.295741 0.949780 0.286882 0.954466 0.280566
0 0.909544 0.329359 0.931387 0.327538 0.932167 0.342360 0.910584 0.344701 0.909544 0.329359
0 0.913677 0.414135 0.925379 0.407114 0.930579 0.415955 0.919918 0.422716 0.913677 0.414135
0 0.830046 0.559365 0.840104 0.552021 0.845691 0.559844 0.835793 0.567347 0.830046 0.559365
0 0.707589 0.577212 0.715332 0.568247 0.722259 0.573749 0.714109 0.583732 0.707589 0.577212
0 0.739613 0.681737 0.746797 0.676150 0.752065 0.682376 0.745360 0.687804 0.739613 0.681737
0 0.050118 0.338535 0.062625 0.329801 0.070367 0.339581 0.058611 0.349055 0.050118 0.338535
0 0.031272 0.726676 0.043382 0.721892 0.046483 0.729962 0.048113 0.734648 0.035604 0.741624 0.031272 0.726676
