0 0.035162 0.000001 0.048499 0.012179 0.038033 0.022346 0.017400 0.003657 0.020453 0.000001 0.035162 0.000001
4 0.063896 0.000002 0.049844 0.010834 0.038974 0.000001 0.063896 0.000002
4 0.101559 0.000003 0.098585 0.005601 0.084381 0.005900 0.084273 0.000002 0.101559 0.000003
0 0.036344 0.029844 0.042084 0.023870 0.041616 0.020941 0.050763 0.013649 0.061528 0.019928 0.047325 0.037122 0.036344 0.029844
0 0.119951 0.000962 0.137288 0.001665 0.141740 0.006702 0.142489 0.029536 0.125457 0.030366 0.125574 0.028491 0.110931 0.028140 0.112119 0.020224 0.111985 0.016777 0.108588 0.016425 0.109173 0.005648 0.112389 0.005693 0.112114 0.000003 0.116703 0.000003 0.116520 0.005509 0.119951 0.005765 0.119951 0.000962
0 0.170538 0.000004 0.174267 0.019879 0.175511 0.028582 0.167138 0.028682 0.167288 0.037503 0.153234 0.037054 0.152935 0.030924 0.146356 0.030625 0.145357 0.016669 0.149120 0.016577 0.149120 0.015017 0.145357 0.015109 0.145173 0.013824 0.144792 0.006531 0.150809 0.005542 0.150770 0.000004 0.170538 0.000004
0 0.194683 0.000005 0.198690 0.014852 0.174267 0.019879 0.170538 0.000004 0.194683 0.000005
4 0.214023 0.000005 0.213149 0.008575 0.201510 0.010102 0.199797 0.000005 0.214023 0.000005
4 0.244515 0.000006 0.244062 0.006667 0.233567 0.006858 0.233376 0.008957 0.219828 0.008575 0.215427 0.000005 0.244515 0.000006
0 0.293229 0.000006 0.304232 0.008249 0.303061 0.013403 0.297438 0.017738 0.282560 0.005203 0.287123 0.000006 0.293229 0.000006
0 0.274857 0.012815 0.278253 0.006115 0.286147 0.009694 0.287799 0.023003 0.280823 0.022453 0.281741 0.016486 0.274857 0.012815
0 0.309788 0.041419 0.318330 0.025785 0.327171 0.031286 0.329277 0.036761 0.344580 0.043697 0.345248 0.048673 0.349584 0.050168 0.348089 0.055102 0.351976 0.056298 0.350033 0.068259 0.342557 0.066166 0.341959 0.068558 0.340763 0.068109 0.338072 0.073791 0.344202 0.075585 0.337474 0.102347 0.315346 0.095619 0.319532 0.081565 0.316393 0.080818 0.315197 0.084406 0.310861 0.083060 0.313851 0.076632 0.313253 0.076482 0.317290 0.064671 0.313552 0.063325 0.309067 0.075585 0.298900 0.071997 0.301650 0.058498 0.307109 0.048724 0.309788 0.041419
0 0.348285 0.000007 0.373763 0.012702 0.359261 0.029746 0.326368 0.011506 0.329359 0.005974 0.319311 0.000007 0.348285 0.000007
4 0.372106 0.000007 0.373472 0.008426 0.372393 0.010512 0.370883 0.010727 0.368365 0.010080 0.367215 0.009001 0.365129 0.007707 0.361605 0.005477 0.360383 0.003967 0.360598 0.001306 0.360241 0.000007 0.372106 0.000007
4 0.385286 0.000007 0.385089 0.004554 0.392149 0.004935 0.392340 0.012950 0.386997 0.014858 0.386234 0.019437 0.372686 0.018483 0.376502 0.008561 0.375549 0.000007 0.385286 0.000007
0 0.360887 0.062788 0.366269 0.048883 0.391387 0.056359 0.386752 0.070263 0.360887 0.062788
4 0.352963 0.077419 0.367083 0.081617 0.362122 0.101653 0.348192 0.097646 0.352963 0.077419
4 0.111985 0.016777 0.112119 0.020224 0.104112 0.019423 0.104112 0.026095 0.077956 0.025028 0.078490 0.013017 0.098241 0.013284 0.097974 0.015153 0.108588 0.016425 0.111985 0.016777
4 0.202308 0.938832 0.207884 0.941164 0.205755 0.946640 0.199976 0.944206 0.202308 0.938832
4 0.358851 0.000007 0.355830 0.003719 0.348285 0.000007 0.358851 0.000007
