0 0.087468 0.092165 0.063098 0.089772 0.062649 0.088277 0.064144 0.061963 0.066985 0.060618 0.091355 0.064206 0.092402 0.065851 0.090458 0.088427 0.087468 0.092165
0 0.097710 0.055728 0.072993 0.053854 0.071821 0.052565 0.071587 0.044014 0.073461 0.043897 0.074164 0.035579 0.096539 0.035579 0.098179 0.037336 0.098062 0.039445 0.099936 0.041319 0.099467 0.053737 0.097710 0.055728
0 0.228250 0.097252 0.215243 0.095009 0.213897 0.093365 0.215243 0.073330 0.218532 0.071685 0.230044 0.073031 0.230044 0.074377 0.233932 0.075722 0.234829 0.079460 0.233633 0.085889 0.228998 0.086039 0.228699 0.095009 0.228250 0.097252
0 0.248700 0.092656 0.239580 0.091459 0.238683 0.090114 0.240328 0.069631 0.244514 0.067687 0.262306 0.069332 0.262455 0.070079 0.262156 0.084133 0.274117 0.085778 0.274865 0.088320 0.272921 0.105364 0.270230 0.107457 0.259316 0.107009 0.257671 0.104467 0.257181 0.093570 0.248700 0.092656
0 0.116108 0.196413 0.115154 0.186299 0.116871 0.183628 0.130992 0.182101 0.131183 0.196413 0.129465 0.198321 0.117062 0.198321 0.116108 0.196413
0 0.295444 0.178594 0.263005 0.186799 0.260906 0.185845 0.258807 0.180121 0.251556 0.181075 0.248122 0.175541 0.248503 0.172870 0.273309 0.164474 0.274836 0.165046 0.275409 0.167908 0.278271 0.166764 0.278271 0.163710 0.282469 0.160848 0.294109 0.160276 0.295444 0.178594
0 0.228992 0.231987 0.226800 0.228090 0.233863 0.194969 0.236055 0.192777 0.253346 0.195943 0.254564 0.193508 0.257973 0.191803 0.281840 0.198866 0.281353 0.202032 0.284032 0.203249 0.284275 0.205198 0.298157 0.208120 0.298400 0.211042 0.291825 0.245138 0.286467 0.246112 0.228992 0.231987
0 0.315788 0.281427 0.303378 0.282772 0.301883 0.281427 0.300388 0.263635 0.302182 0.260944 0.313545 0.261093 0.314741 0.262140 0.315788 0.281427
0 0.611752 0.342752 0.581933 0.365905 0.576209 0.364951 0.570293 0.355600 0.572011 0.351975 0.611609 0.324891 0.611752 0.342752
0 0.599972 0.395611 0.593958 0.395639 0.575004 0.396807 0.573359 0.394864 0.573957 0.370942 0.576200 0.368849 0.597430 0.369746 0.599823 0.371839 0.599488 0.380351 0.611849 0.382628 0.610030 0.393395 0.599972 0.395611
0 0.576077 0.435406 0.564415 0.434808 0.563518 0.432565 0.565611 0.407597 0.574767 0.406699 0.575004 0.396807 0.593958 0.395639 0.593121 0.408345 0.598802 0.409840 0.598802 0.419259 0.591177 0.420156 0.590878 0.422997 0.579964 0.422997 0.579964 0.432715 0.576077 0.435406
0 0.146817 0.694336 0.124655 0.693119 0.124412 0.696528 0.114914 0.695798 0.115888 0.667547 0.120028 0.666817 0.147791 0.671200 0.146817 0.694336
0 0.240344 0.256671 0.281247 0.267955 0.278426 0.287231 0.237053 0.276417 0.240344 0.256671
0 0.612376 0.420673 0.606319 0.420035 0.608596 0.430444 0.599163 0.431420 0.598802 0.419259 0.598802 0.409840 0.612285 0.409345 0.612376 0.420673
4 0.139444 0.006352 0.146723 0.022797 0.120035 0.031153 0.114104 0.013092 0.139444 0.006352
