0 0.346277 0.999007 0.345967 0.989692 0.357665 0.990026 0.358306 0.999007 0.346277 0.999007
0 0.460940 0.936550 0.503387 0.933876 0.505058 0.948248 0.461943 0.951590 0.460940 0.936550
0 0.508787 0.936802 0.521487 0.925104 0.536193 0.939142 0.542458 0.929621 0.555053 0.934833 0.546895 0.953611 0.552904 0.957524 0.546832 0.967473 0.527169 0.957190 0.508787 0.936802
0 0.575129 0.964918 0.580233 0.955190 0.589501 0.959236 0.586493 0.968928 0.575129 0.964918
0 0.552487 0.967209 0.581746 0.981839 0.574512 0.996630 0.541394 0.979267 0.547557 0.969556 0.550075 0.971229 0.552487 0.967209
2 0.803863 0.990440 0.820361 0.954040 0.831360 0.958492 0.815124 0.991750 0.803863 0.990440
3 0.803394 0.921625 0.829129 0.928978 0.824450 0.941344 0.798715 0.932989 0.803394 0.921625
1 0.564602 0.909062 0.571675 0.884617 0.588386 0.888627 0.579696 0.916368 0.564602 0.909062
0 0.616152 0.836475 0.616663 0.850802 0.605774 0.867832 0.605774 0.871244 0.601508 0.872524 0.593830 0.888734 0.588386 0.888627 0.570369 0.880202 0.599376 0.834133 0.605348 0.833707 0.616152 0.836475
0 0.638620 0.842238 0.669294 0.839343 0.673551 0.837911 0.679570 0.837972 0.680423 0.855888 0.649284 0.860154 0.649930 0.868013 0.637607 0.868763 0.625087 0.868572 0.625823 0.857594 0.617718 0.849916 0.616650 0.836602 0.638620 0.842238
2 0.635152 0.869991 0.636060 0.883188 0.613026 0.884468 0.613052 0.869035 0.626071 0.869760 0.635152 0.869991
0 0.703168 0.838166 0.704740 0.865401 0.680385 0.866186 0.680423 0.855888 0.679570 0.837972 0.703168 0.838166
0 0.681811 0.882191 0.678468 0.896145 0.671366 0.895192 0.675397 0.881647 0.681811 0.882191
0 0.677046 0.877038 0.676815 0.881047 0.662168 0.881796 0.663216 0.870773 0.677496 0.870512 0.677046 0.877038
0 0.652338 0.761800 0.644316 0.778177 0.642880 0.781315 0.645115 0.782782 0.642101 0.787274 0.647646 0.790898 0.646990 0.792215 0.642645 0.801573 0.623260 0.790544 0.640640 0.760463 0.642311 0.757790 0.652338 0.761800
0 0.716509 0.816279 0.703140 0.829141 0.677973 0.806007 0.663309 0.819057 0.656682 0.814274 0.655615 0.812598 0.670029 0.792451 0.683755 0.783191 0.716509 0.816279
0 0.668125 0.794108 0.657844 0.808704 0.648995 0.802242 0.659017 0.789306 0.668125 0.794108
0 0.582748 0.772325 0.647169 0.804536 0.652145 0.811868 0.642456 0.824962 0.640361 0.832818 0.638266 0.834390 0.606055 0.827581 0.613911 0.814487 0.604222 0.810035 0.598199 0.807416 0.572797 0.791180 0.582748 0.772325
0 0.570908 0.794434 0.567227 0.803516 0.558132 0.798251 0.561275 0.789871 0.570908 0.794434
0 0.567017 0.842598 0.562745 0.852050 0.541867 0.842660 0.524565 0.834305 0.540608 0.805896 0.553846 0.812142 0.547961 0.826283 0.557298 0.830723 0.554086 0.837470 0.567017 0.842598
0 0.540608 0.805896 0.524565 0.834305 0.507803 0.824909 0.516508 0.804025 0.521627 0.794214 0.540608 0.805896
0 0.507977 0.801466 0.499019 0.822794 0.474053 0.813359 0.480918 0.795469 0.481104 0.795494 0.485369 0.793361 0.507977 0.801466
0 0.480430 0.795391 0.473594 0.813184 0.464041 0.809570 0.470013 0.793787 0.480430 0.795391
0 0.516082 0.770753 0.545088 0.784829 0.539970 0.797200 0.522054 0.788669 0.516508 0.798480 0.503285 0.789095 0.516082 0.770753
0 0.514822 0.842320 0.546239 0.853683 0.537215 0.875742 0.503458 0.863042 0.514822 0.842320
0 0.523177 0.873737 0.517496 0.889111 0.508394 0.883029 0.514715 0.870349 0.523177 0.873737
0 0.521506 0.900141 0.513485 0.918523 0.490758 0.909165 0.503306 0.892013 0.521506 0.900141
0 0.506339 0.884506 0.490059 0.908770 0.477723 0.901812 0.485410 0.889445 0.493431 0.877747 0.506339 0.884506
0 0.485654 0.845459 0.475123 0.867512 0.458746 0.861496 0.467101 0.845787 0.466387 0.845723 0.468955 0.839541 0.485654 0.845459
0 0.476794 0.821723 0.490163 0.826736 0.494508 0.828742 0.487823 0.844116 0.485967 0.845049 0.469150 0.839092 0.476794 0.820713 0.476794 0.821723
0 0.464093 0.814036 0.464428 0.815707 0.476794 0.817378 0.476794 0.819531 0.476764 0.819518 0.465879 0.845674 0.456741 0.844785 0.452396 0.848795 0.450724 0.850466 0.436687 0.847124 0.444708 0.823728 0.447382 0.823060 0.452730 0.809691 0.464093 0.814036
2 0.462663 0.881364 0.478020 0.889042 0.457118 0.921461 0.442615 0.913783 0.462663 0.881364
4 0.429880 0.772945 0.435544 0.773869 0.435522 0.783563 0.428915 0.782639 0.429880 0.772945
0 0.435494 0.756377 0.440967 0.756639 0.440470 0.764966 0.435337 0.764966 0.435494 0.756377
0 0.498349 0.761022 0.512387 0.756009 0.515061 0.765367 0.502026 0.771049 0.498349 0.761022
0 0.492730 0.786916 0.495036 0.786515 0.496540 0.788019 0.497743 0.789222 0.497944 0.790525 0.497944 0.791628 0.497041 0.793733 0.495638 0.794435 0.494234 0.794535 0.492931 0.794535 0.491227 0.792630 0.490324 0.790725 0.491427 0.787618 0.492730 0.786916
0 0.484008 0.789222 0.485312 0.783808 0.490725 0.786214 0.488720 0.791427 0.484008 0.789222
4 0.510183 0.647788 0.516552 0.652687 0.511000 0.659382 0.504957 0.654320 0.510183 0.647788
0 0.528029 0.919705 0.539258 0.907301 0.551401 0.906909 0.562500 0.910957 0.549312 0.931196 0.528029 0.919705
0 0.556233 0.922447 0.563284 0.912393 0.570335 0.916702 0.564851 0.927148 0.556233 0.922447
0 0.570988 0.918008 0.590704 0.923231 0.587701 0.931587 0.566809 0.926364 0.570988 0.918008
0 0.565895 0.928323 0.577647 0.930935 0.570073 0.951043 0.557016 0.946342 0.565895 0.928323
2 0.587832 0.893851 0.598408 0.895679 0.593969 0.907692 0.584306 0.905603 0.587832 0.893851
0 0.569163 0.806241 0.578826 0.811986 0.571514 0.823477 0.562896 0.818384 0.569163 0.806241
