0 0.694532 0.116830 0.735716 0.119672 0.733381 0.152524 0.691284 0.149191 0.694532 0.116830
0 0.561661 0.033199 0.569438 0.022573 0.574827 0.026421 0.581388 0.017935 0.615933 0.042448 0.602490 0.061781 0.561661 0.033199
0 0.516908 0.108282 0.525249 0.095099 0.538440 0.103058 0.529974 0.116999 0.516908 0.108282
0 0.499703 0.077693 0.504187 0.073309 0.498196 0.068823 0.507059 0.061383 0.528946 0.077470 0.518088 0.091099 0.499703 0.077693
0 0.453926 0.101007 0.470752 0.091720 0.483792 0.110215 0.468291 0.120614 0.453926 0.101007
0 0.356966 0.208261 0.371674 0.197448 0.380384 0.209635 0.365499 0.220346 0.356966 0.208261
0 0.288507 0.260923 0.301828 0.250962 0.314803 0.268687 0.301688 0.279180 0.288507 0.260923
0 0.487307 0.367319 0.512008 0.346500 0.533729 0.371512 0.507657 0.393275 0.487307 0.367319
0 0.498126 0.484399 0.511121 0.489386 0.505675 0.502167 0.492834 0.496519 0.498126 0.484399
0 0.502211 0.509228 0.507308 0.499442 0.515818 0.503002 0.510755 0.513494 0.502211 0.509228
0 0.511904 0.474537 0.504394 0.486625 0.499590 0.483428 0.484417 0.472569 0.483350 0.473486 0.487822 0.457891 0.511904 0.474537
0 0.487402 0.457598 0.482676 0.474072 0.472148 0.483135 0.456681 0.471112 0.473116 0.447731 0.487402 0.457598
0 0.000008 0.653194 0.051329 0.640207 0.059897 0.674736 0.010109 0.686666 0.009188 0.680214 0.000008 0.681993 0.000008 0.653194
0 0.102836 0.213137 0.111523 0.201007 0.125106 0.210265 0.116550 0.222361 0.102836 0.213137
4 0.116605 0.182281 0.128292 0.176190 0.133632 0.186063 0.121106 0.191556 0.116605 0.182281
0 0.116551 0.104872 0.128642 0.100611 0.135439 0.119134 0.122699 0.123450 0.116551 0.104872
0 0.274945 0.097525 0.297608 0.089513 0.303403 0.105140 0.280575 0.112627 0.274945 0.097525
0 0.264592 0.088995 0.275104 0.089062 0.273934 0.099446 0.263598 0.098640 0.264592 0.088995
0 0.267065 0.076169 0.283570 0.073633 0.284912 0.082206 0.267232 0.084882 0.267065 0.076169
0 0.290118 0.066350 0.308658 0.065994 0.309036 0.077430 0.302481 0.077872 0.302286 0.074772 0.297956 0.074825 0.298009 0.079436 0.290412 0.079404 0.290118 0.066350
0 0.308372 0.063091 0.320879 0.062114 0.321912 0.069800 0.308874 0.070879 0.308658 0.065994 0.308372 0.063091
0 0.289085 0.044837 0.319871 0.039893 0.322107 0.053086 0.290968 0.057673 0.289085 0.044837
0 0.278820 0.010017 0.297491 0.006562 0.297707 0.000006 0.310612 0.000007 0.311366 0.004743 0.314090 0.004120 0.316461 0.017351 0.309348 0.017809 0.310036 0.022169 0.306021 0.023087 0.306595 0.025496 0.303254 0.026299 0.306815 0.041716 0.283488 0.045579 0.278820 0.010017
0 0.328746 0.000007 0.329475 0.041222 0.319871 0.039893 0.314764 0.038854 0.310036 0.022169 0.309348 0.017809 0.316461 0.017351 0.314090 0.004120 0.311366 0.004743 0.310612 0.000007 0.328746 0.000007
0 0.305924 0.154904 0.291210 0.131472 0.318278 0.117028 0.331682 0.140981 0.305924 0.154904
0 0.326128 0.145037 0.347960 0.129823 0.358556 0.145146 0.336758 0.160465 0.326128 0.145037
0 0.280567 0.205644 0.302292 0.189812 0.309137 0.199118 0.296077 0.208740 0.306143 0.222163 0.297420 0.228394 0.280567 0.205644
0 0.302292 0.189812 0.316868 0.179561 0.323334 0.188091 0.309137 0.199118 0.302292 0.189812
0 0.316868 0.179561 0.344986 0.161044 0.360773 0.185809 0.333799 0.203785 0.323334 0.188091 0.316868 0.179561
0 0.341905 0.073204 0.350067 0.067792 0.369824 0.081381 0.383578 0.065346 0.403672 0.081429 0.383504 0.102889 0.389826 0.114664 0.367389 0.125748 0.341905 0.073204
0 0.371810 0.000007 0.370583 0.039519 0.331624 0.040627 0.331935 0.000007 0.371810 0.000007
0 0.496240 0.094873 0.504341 0.086025 0.515533 0.095192 0.507219 0.104040 0.496240 0.094873
0 0.486889 0.107465 0.494529 0.097742 0.516059 0.113195 0.507725 0.121703 0.486889 0.107465
0 0.166109 0.273358 0.183794 0.297092 0.119106 0.323618 0.104680 0.298954 0.166109 0.273358
