0 0.119867 0.155693 0.108131 0.122736 0.139802 0.112447 0.152182 0.145083 0.119867 0.155693
0 0.082346 0.359878 0.097735 0.364392 0.100607 0.376293 0.088296 0.399274 0.067983 0.390245 0.082346 0.359878
0 0.068940 0.394510 0.079402 0.400630 0.073184 0.411190 0.062722 0.405071 0.068940 0.394510
0 0.122694 0.413802 0.134656 0.398204 0.152166 0.410423 0.140325 0.426547 0.122694 0.413802
3 0.094415 0.424198 0.093029 0.416892 0.090384 0.416892 0.089250 0.407949 0.106255 0.405177 0.108649 0.422183 0.094415 0.424198
3 0.211485 0.315068 0.211737 0.323885 0.217405 0.323255 0.218665 0.350968 0.193598 0.352102 0.190071 0.323885 0.196621 0.323507 0.196369 0.315572 0.211485 0.315068
3 0.223113 0.348293 0.230772 0.353660 0.220146 0.368082 0.213256 0.362447 0.223113 0.348293
0 0.305719 0.566171 0.284658 0.583373 0.264401 0.557168 0.285462 0.541412 0.305719 0.566171
0 0.410500 0.509672 0.431721 0.528321 0.406480 0.552757 0.394905 0.542307 0.399246 0.538288 0.390082 0.529285 0.410500 0.509672
0 0.438769 0.487357 0.478812 0.523050 0.461258 0.540063 0.453447 0.532639 0.460794 0.525138 0.442949 0.509704 0.436839 0.514527 0.423013 0.501505 0.438769 0.487357
0 0.438769 0.486381 0.443660 0.480623 0.484213 0.516565 0.478812 0.522073 0.438769 0.486381
1 0.462967 0.467164 0.469643 0.456205 0.498993 0.474596 0.491058 0.485555 0.462967 0.467164
0 0.381614 0.646365 0.392538 0.627512 0.416898 0.642128 0.415042 0.644680 0.426874 0.651640 0.418470 0.665478 0.405272 0.657455 0.403658 0.659591 0.381614 0.646365
0 0.237894 0.635582 0.248997 0.599556 0.277517 0.607763 0.271772 0.629513 0.271772 0.629281 0.266978 0.627889 0.262106 0.642968 0.237894 0.635582
0 0.240506 0.604399 0.245296 0.610808 0.234475 0.621462 0.228366 0.614228 0.240506 0.604399
0 0.134599 0.607418 0.130649 0.595388 0.151657 0.583716 0.157223 0.594310 0.134599 0.607418
0 0.118978 0.700677 0.153991 0.682722 0.165842 0.702832 0.132624 0.718813 0.118978 0.700677
0 0.258412 0.691156 0.247639 0.681998 0.262542 0.664222 0.273495 0.672482 0.258412 0.691156
0 0.239811 0.680042 0.247503 0.691286 0.234937 0.698231 0.238134 0.703412 0.231079 0.707049 0.228874 0.703522 0.223583 0.706609 0.215613 0.693829 0.239811 0.680042
0 0.177441 0.759256 0.193761 0.743639 0.211347 0.760522 0.221055 0.750252 0.229918 0.757708 0.214442 0.776842 0.210222 0.773184 0.199530 0.782751 0.177441 0.759256
0 0.241556 0.753309 0.267502 0.775618 0.249635 0.801786 0.237114 0.793767 0.244992 0.781949 0.228813 0.768302 0.241556 0.753309
0 0.310621 0.719192 0.331566 0.734404 0.315912 0.754907 0.309078 0.749837 0.312605 0.744105 0.298606 0.733743 0.310621 0.719192
0 0.325944 0.745868 0.332117 0.738813 0.341597 0.746199 0.336746 0.754246 0.325944 0.745868
0 0.167654 0.789141 0.179472 0.778027 0.189602 0.788860 0.177784 0.800115 0.167654 0.789141
2 0.210032 0.835426 0.216137 0.825012 0.243789 0.838479 0.237684 0.847995 0.210032 0.835426
0 0.373184 0.762762 0.356649 0.792856 0.343642 0.785470 0.361059 0.755928 0.373184 0.762762
0 0.348248 0.812351 0.360278 0.794755 0.402115 0.820431 0.392958 0.837130 0.348248 0.812351
0 0.404652 0.783073 0.411123 0.772803 0.422941 0.781103 0.427443 0.774632 0.446999 0.788841 0.433071 0.805443 0.404652 0.783073
0 0.345481 0.857891 0.336477 0.842556 0.343933 0.839320 0.339853 0.831441 0.362223 0.821312 0.375588 0.842274 0.345481 0.857891
0 0.313736 0.823792 0.337617 0.847493 0.331871 0.858267 0.328100 0.855753 0.314992 0.872272 0.308888 0.867783 0.298114 0.880711 0.281056 0.865988 0.313736 0.823792
0 0.075321 0.983721 0.085197 0.973845 0.095791 0.984977 0.085377 0.994135 0.075321 0.983721
0 0.035986 0.938784 0.059328 0.964281 0.032933 0.988163 0.008872 0.961408 0.035986 0.938784
0 0.000009 0.939510 0.008652 0.934129 0.015475 0.948314 0.000009 0.954954 0.000009 0.939510
4 0.203024 0.999005 0.216748 0.985960 0.227551 0.998196 0.226232 0.999005 0.203024 0.999005
0 0.234094 0.999006 0.221572 0.984574 0.243288 0.965393 0.256627 0.979944 0.235209 0.999006 0.234094 0.999006
4 0.249579 0.993992 0.256523 0.987048 0.264350 0.996087 0.259169 0.999006 0.256110 0.999006 0.249579 0.993992
0 0.292871 0.887917 0.269954 0.912667 0.266517 0.909917 0.255288 0.921605 0.243600 0.908084 0.277975 0.873480 0.292871 0.887917
0 0.350247 0.865602 0.375745 0.855368 0.376822 0.876017 0.365151 0.888765 0.350247 0.865602
0 0.397794 0.847198 0.419565 0.857052 0.412002 0.868052 0.422773 0.875385 0.415898 0.886156 0.407877 0.880427 0.400544 0.892802 0.408565 0.897385 0.400773 0.909760 0.389315 0.902885 0.373732 0.924885 0.362502 0.901739 0.397794 0.847198
0 0.326771 0.881511 0.347376 0.867724 0.364400 0.890937 0.326827 0.933601 0.311149 0.920162 0.338026 0.894032 0.326771 0.881511
0 0.350634 0.924305 0.368590 0.942800 0.345606 0.962372 0.329087 0.945314 0.350634 0.924305
0 0.323487 0.948992 0.316383 0.940590 0.324910 0.933484 0.332151 0.941334 0.323487 0.948992
0 0.420820 0.854462 0.422436 0.839199 0.460322 0.849254 0.457270 0.857873 0.447574 0.864696 0.435543 0.861285 0.436262 0.858771 0.420820 0.854462
0 0.473240 0.868152 0.464862 0.884687 0.456871 0.880586 0.443224 0.899978 0.430703 0.893623 0.448912 0.866475 0.456268 0.859867 0.473240 0.868152
0 0.440186 0.876113 0.430273 0.893408 0.418804 0.887589 0.427546 0.869930 0.440186 0.876113
0 0.429934 0.935896 0.404955 0.961334 0.394642 0.953542 0.411895 0.935654 0.421527 0.929762 0.429934 0.935896
0 0.440246 0.916188 0.430163 0.929480 0.425121 0.926042 0.420936 0.929593 0.413205 0.934292 0.398731 0.921936 0.413172 0.899559 0.440246 0.916188
0 0.493955 0.871074 0.480884 0.893092 0.498189 0.902659 0.492280 0.914758 0.457718 0.899152 0.476183 0.863523 0.493955 0.871074
0 0.516068 0.881814 0.507474 0.896891 0.486455 0.885420 0.495670 0.870707 0.516068 0.881814
0 0.471155 0.738261 0.494072 0.754303 0.485363 0.766449 0.476197 0.759803 0.456030 0.785469 0.442051 0.774699 0.471155 0.738261
0 0.461400 0.824101 0.495337 0.753461 0.525113 0.767673 0.488619 0.838510 0.461400 0.824101
0 0.491509 0.843035 0.506176 0.815535 0.520613 0.824014 0.516259 0.831348 0.532071 0.838910 0.520155 0.859077 0.491509 0.843035
0 0.507017 0.810573 0.514332 0.796785 0.525587 0.802132 0.518272 0.816060 0.507017 0.810573
0 0.521630 0.867693 0.533448 0.849967 0.555536 0.864458 0.543718 0.881621 0.521630 0.867693
0 0.566330 0.838980 0.577867 0.843060 0.569707 0.863319 0.560140 0.859521 0.566330 0.838980
0 0.647171 0.855099 0.635635 0.880845 0.628038 0.876765 0.619034 0.894210 0.605246 0.888864 0.624929 0.845615 0.647171 0.855099
0 0.626875 0.840391 0.612324 0.869131 0.595679 0.861992 0.606967 0.832163 0.626875 0.840391
0 0.548160 0.889561 0.563099 0.868643 0.568656 0.873615 0.578016 0.860161 0.603310 0.878588 0.588397 0.899269 0.601200 0.909117 0.591211 0.922201 0.548160 0.889561
0 0.518632 0.886389 0.555192 0.905148 0.539857 0.933005 0.502453 0.915933 0.518632 0.886389
0 0.555941 0.942809 0.543560 0.960535 0.520799 0.947296 0.533919 0.930730 0.555941 0.942809
0 0.576657 0.946400 0.572799 0.943314 0.571145 0.941770 0.572578 0.937912 0.576106 0.935157 0.581948 0.935708 0.584484 0.939566 0.583051 0.945188 0.576657 0.946400
0 0.438570 0.925671 0.448456 0.910354 0.457385 0.915755 0.465101 0.904181 0.496584 0.919390 0.483998 0.939856 0.462271 0.932853 0.458501 0.938779 0.438570 0.925671
4 0.393213 0.996865 0.389891 0.999007 0.361139 0.999007 0.377803 0.984639 0.393213 0.996865
0 0.452639 0.952442 0.449298 0.959601 0.446528 0.964934 0.419376 0.998945 0.413748 0.994021 0.410359 0.997503 0.402792 0.990692 0.393643 0.996592 0.378174 0.984316 0.434429 0.935812 0.452639 0.952442
0 0.454284 0.968756 0.449298 0.959601 0.452639 0.952442 0.482596 0.941192 0.500731 0.946758 0.500013 0.955377 0.482242 0.978839 0.470325 0.971277 0.475138 0.960506 0.454284 0.968756
0 0.508898 0.969019 0.522364 0.949806 0.544091 0.964530 0.530983 0.983922 0.508898 0.969019
0 0.515940 0.930061 0.511860 0.938221 0.521286 0.943989 0.515658 0.956088 0.507780 0.951727 0.504825 0.957636 0.500013 0.955377 0.500731 0.946758 0.502996 0.938080 0.499761 0.935548 0.506936 0.924434 0.515940 0.930061
0 0.451705 0.999008 0.433315 0.987162 0.443909 0.973515 0.451091 0.969924 0.463660 0.972977 0.465635 0.991471 0.454687 0.999008 0.451705 0.999008
0 0.500523 0.992931 0.490675 0.983083 0.504885 0.970843 0.513748 0.981536 0.500523 0.992931
0 0.524619 0.999008 0.532454 0.988811 0.548326 0.999008 0.524619 0.999008
0 0.544967 0.971618 0.554727 0.959008 0.579515 0.976714 0.566646 0.994765 0.551618 0.986906 0.556714 0.979391 0.544967 0.971618
0 0.607841 0.999007 0.579710 0.979247 0.580273 0.975026 0.600532 0.950406 0.630481 0.973234 0.610041 0.999007 0.607841 0.999007
0 0.621091 0.999007 0.616151 0.994895 0.628761 0.981248 0.635325 0.987467 0.623317 0.999007 0.621091 0.999007
0 0.572313 0.999008 0.567546 0.996504 0.575284 0.986937 0.590236 0.999007 0.572313 0.999008
0 0.666909 0.954912 0.650449 0.965745 0.629627 0.938452 0.637083 0.932824 0.640460 0.937467 0.649886 0.931699 0.666909 0.954912
0 0.666726 0.999007 0.654332 0.988078 0.660505 0.984881 0.650363 0.971323 0.663737 0.962216 0.674288 0.977129 0.680900 0.971924 0.690327 0.985430 0.685262 0.989088 0.692550 0.999007 0.666726 0.999007
4 0.461648 0.999008 0.467998 0.989800 0.482349 0.999008 0.461648 0.999008
0 0.840228 0.763836 0.792957 0.786909 0.781561 0.763132 0.827847 0.741044 0.840228 0.763836
0 0.866855 0.772492 0.867378 0.788181 0.862110 0.787921 0.860940 0.824433 0.865000 0.824568 0.865791 0.891826 0.842393 0.891241 0.842101 0.839764 0.828062 0.839179 0.828062 0.824263 0.844596 0.824152 0.844053 0.784584 0.851135 0.771110 0.866855 0.772492
0 0.847689 0.709370 0.875826 0.697974 0.881032 0.708666 0.854020 0.722172 0.847689 0.709370
0 0.881067 0.639547 0.884396 0.676258 0.864774 0.675707 0.867971 0.681549 0.855625 0.687282 0.846413 0.675458 0.840308 0.674920 0.839051 0.640086 0.881067 0.639547
0 0.841716 0.561574 0.878864 0.559920 0.881620 0.588140 0.842487 0.590014 0.841716 0.561574
1 0.685896 0.652326 0.686262 0.639598 0.721316 0.645220 0.719619 0.656939 0.685896 0.652326
0 0.684528 0.670649 0.660189 0.668117 0.663003 0.633507 0.685513 0.637165 0.684528 0.670649
0 0.520853 0.681082 0.551601 0.690064 0.546851 0.708202 0.531045 0.703538 0.532945 0.697406 0.516189 0.692396 0.520853 0.681082
0 0.514627 0.718630 0.538611 0.716875 0.530714 0.748171 0.512580 0.749633 0.514627 0.718630
0 0.768067 0.687194 0.767644 0.671577 0.791561 0.673828 0.791280 0.694510 0.780306 0.694791 0.780166 0.688882 0.768067 0.687194
0 0.019089 0.931497 0.027812 0.926573 0.032390 0.934779 0.023407 0.939443 0.019089 0.931497
3 0.623265 0.635119 0.640678 0.638249 0.638229 0.650764 0.619591 0.646411 0.623265 0.635119
3 0.597915 0.666504 0.608773 0.667390 0.607000 0.682902 0.601239 0.682459 0.601682 0.680464 0.595477 0.679578 0.597915 0.666504
1 0.137474 0.758745 0.150905 0.745847 0.154636 0.748939 0.172437 0.735295 0.185015 0.749578 0.172863 0.760877 0.183096 0.773455 0.165828 0.789444 0.137474 0.758745
