0 0.066792 0.125888 0.083487 0.126661 0.081941 0.169325 0.062155 0.169015 0.064474 0.126661 0.066792 0.125888
0 0.116419 0.218593 0.121674 0.240080 0.107917 0.243789 0.103125 0.222303 0.116419 0.218593
0 0.283391 0.186835 0.295031 0.194529 0.297201 0.207352 0.278262 0.220373 0.273527 0.210509 0.262676 0.200842 0.283391 0.186835
0 0.306602 0.195240 0.313990 0.198147 0.307087 0.213650 0.298730 0.210258 0.305028 0.195482 0.306602 0.195240
0 0.248691 0.171274 0.253294 0.174544 0.247965 0.178662 0.244331 0.177329 0.242757 0.174907 0.248691 0.171274
0 0.522607 0.193308 0.542702 0.221132 0.516733 0.238290 0.513332 0.237208 0.508386 0.229479 0.504831 0.230252 0.487827 0.204746 0.510859 0.189134 0.518743 0.190061 0.522607 0.193308
0 0.456346 0.249918 0.487262 0.293509 0.485098 0.300001 0.477987 0.302784 0.472577 0.297219 0.466394 0.297992 0.459283 0.301238 0.434087 0.260893 0.451245 0.248527 0.456346 0.249918
0 0.425528 0.303496 0.433401 0.339347 0.430494 0.340800 0.421531 0.342375 0.412932 0.303618 0.424801 0.301316 0.425528 0.303496
0 0.520622 0.311232 0.538398 0.321898 0.538553 0.325145 0.545354 0.330555 0.548910 0.336120 0.536389 0.353432 0.528196 0.348640 0.524022 0.352969 0.511965 0.344003 0.515830 0.339520 0.509028 0.333492 0.502845 0.338902 0.487233 0.325608 0.492952 0.317570 0.503927 0.322208 0.515057 0.310460 0.520622 0.311232
0 0.642858 0.371026 0.662390 0.401605 0.658049 0.408115 0.649763 0.410088 0.627470 0.377536 0.638321 0.370631 0.642858 0.371026
0 0.701188 0.400861 0.703970 0.399624 0.715718 0.400706 0.719119 0.408899 0.713245 0.417555 0.703816 0.427139 0.688667 0.415391 0.701188 0.400861
0 0.751417 0.391164 0.760692 0.397038 0.737196 0.426717 0.726994 0.419761 0.749253 0.390546 0.751417 0.391164
0 0.837201 0.412416 0.839983 0.408397 0.855441 0.411025 0.856214 0.422000 0.838438 0.421381 0.837201 0.412416
0 0.962142 0.373636 0.963128 0.385868 0.962339 0.405005 0.951291 0.405399 0.951686 0.402045 0.940243 0.401848 0.940440 0.399481 0.929195 0.398100 0.929392 0.373044 0.957999 0.372847 0.962142 0.373636
0 0.927222 0.399283 0.927025 0.411712 0.890330 0.412304 0.890132 0.400270 0.900589 0.400072 0.900983 0.398100 0.926630 0.398494 0.927222 0.399283
4 0.999010 0.286884 0.992942 0.288261 0.992745 0.279975 0.982092 0.278594 0.982684 0.253342 0.999010 0.253215 0.999010 0.286884
0 0.999010 0.326090 0.993425 0.325148 0.992833 0.322386 0.972710 0.320808 0.969554 0.318440 0.969159 0.290820 0.999010 0.291302 0.999010 0.326090
0 0.036113 0.642214 0.046624 0.644533 0.048170 0.648552 0.045697 0.653962 0.033639 0.651179 0.036113 0.642214
0 0.095036 0.933738 0.127588 0.938472 0.129561 0.941826 0.128180 0.952085 0.122656 0.953861 0.088920 0.948929 0.091485 0.934132 0.095036 0.933738
0 0.090104 0.955044 0.138241 0.959385 0.135874 0.971814 0.087342 0.966882 0.090104 0.955044
0 0.311307 0.791105 0.326104 0.802745 0.299865 0.829181 0.288028 0.815766 0.311307 0.791105
0 0.370690 0.778874 0.381738 0.787160 0.384303 0.790908 0.385092 0.798405 0.366153 0.814780 0.346424 0.796827 0.366942 0.777690 0.370690 0.778874
0 0.357670 0.770390 0.356091 0.781241 0.350962 0.792289 0.346819 0.793275 0.337349 0.788343 0.343268 0.779465 0.338138 0.774336 0.332812 0.771574 0.334390 0.765261 0.353527 0.768615 0.357670 0.770390
0 0.249187 0.704174 0.236094 0.730864 0.213684 0.723562 0.210159 0.720037 0.195807 0.711476 0.195303 0.705685 0.205123 0.688060 0.229295 0.693095 0.249187 0.704174
0 0.165371 0.553477 0.163065 0.554568 0.162078 0.556540 0.154187 0.559500 0.142745 0.530301 0.144520 0.527539 0.156162 0.523818 0.165371 0.553477
0 0.179590 0.540400 0.172732 0.544901 0.170167 0.551214 0.165820 0.553271 0.156631 0.523672 0.172337 0.518662 0.173516 0.518272 0.179590 0.540400
0 0.196406 0.518662 0.218897 0.515308 0.229156 0.515505 0.228169 0.526553 0.223040 0.529710 0.223829 0.535036 0.214556 0.536417 0.204298 0.534642 0.196998 0.530696 0.181413 0.535825 0.179977 0.535970 0.173984 0.518125 0.194039 0.511559 0.196406 0.518662
0 0.247289 0.458182 0.263664 0.462917 0.257154 0.481659 0.243738 0.481856 0.241174 0.475740 0.247289 0.458182
0 0.361861 0.547560 0.404917 0.546301 0.405421 0.571983 0.396608 0.571983 0.394342 0.575257 0.390313 0.585328 0.381753 0.585328 0.382004 0.575509 0.359847 0.574753 0.358336 0.550329 0.361861 0.547560
4 0.387180 0.530455 0.387969 0.537755 0.379880 0.538346 0.379485 0.530652 0.387180 0.530455
0 0.343638 0.499728 0.364945 0.504266 0.363367 0.512749 0.341073 0.508015 0.343638 0.499728
0 0.379826 0.483829 0.382391 0.485407 0.382391 0.488169 0.381602 0.491720 0.376472 0.493496 0.371343 0.492115 0.367989 0.489353 0.367989 0.486591 0.369173 0.485013 0.368778 0.480080 0.370554 0.475937 0.375880 0.476135 0.376867 0.478502 0.376670 0.481461 0.379826 0.483829
0 0.298450 0.126599 0.296573 0.144114 0.284063 0.143488 0.279684 0.134731 0.279684 0.131603 0.282812 0.123472 0.298450 0.126599
