0 0.000006 0.580698 0.015915 0.580683 0.019946 0.589626 0.018687 0.601845 0.000006 0.602456 0.000006 0.580698
0 0.167844 0.337726 0.184724 0.349945 0.177292 0.358510 0.170993 0.354353 0.162302 0.366320 0.150461 0.359014 0.167844 0.337726
0 0.219773 0.385334 0.231110 0.375886 0.239550 0.387349 0.228465 0.395663 0.219773 0.385334
0 0.157514 0.266417 0.166356 0.251787 0.191436 0.267703 0.182112 0.281690 0.157514 0.266417
0 0.269868 0.264725 0.299620 0.263699 0.299620 0.289963 0.269663 0.289347 0.269868 0.264725
0 0.716102 0.010255 0.740314 0.003074 0.749137 0.032005 0.721026 0.042059 0.718974 0.039597 0.710972 0.040417 0.706868 0.015385 0.716102 0.013128 0.716102 0.010255
0 0.757238 0.017602 0.784323 0.011857 0.786374 0.019448 0.782271 0.021705 0.790889 0.045302 0.759290 0.054740 0.757238 0.017602
0 0.870489 0.000004 0.877319 0.013320 0.858703 0.022726 0.850392 0.004464 0.859515 0.000004 0.870489 0.000004
0 0.279562 0.887541 0.281973 0.861175 0.288886 0.861649 0.289690 0.853458 0.322648 0.856513 0.319432 0.888827 0.279562 0.887541
0 0.243698 0.849264 0.249854 0.845366 0.255804 0.850906 0.250264 0.855420 0.243698 0.849264
0 0.272316 0.778867 0.300222 0.773121 0.310891 0.807182 0.293245 0.811081 0.289757 0.800206 0.279293 0.803284 0.272316 0.778867
0 0.379274 0.756106 0.415768 0.758035 0.417376 0.783437 0.379595 0.782794 0.379274 0.756106
0 0.429744 0.763746 0.485000 0.756413 0.491285 0.769769 0.432363 0.780506 0.429744 0.763746
0 0.444409 0.734940 0.473739 0.725774 0.482119 0.734154 0.483952 0.737558 0.483023 0.742835 0.481072 0.746200 0.448861 0.756937 0.444409 0.734940
0 0.502284 0.727869 0.514330 0.746986 0.489714 0.760603 0.481072 0.746200 0.483023 0.742835 0.483952 0.737558 0.502284 0.727869
0 0.500542 0.691177 0.518548 0.681210 0.528837 0.695036 0.532696 0.693428 0.536715 0.701467 0.512439 0.712560 0.500542 0.691177
0 0.422770 0.694820 0.434816 0.672037 0.465979 0.681988 0.465717 0.694035 0.458646 0.703986 0.422770 0.694820
0 0.420202 0.659995 0.417881 0.647894 0.434181 0.644422 0.435497 0.655766 0.420202 0.659995
0 0.463175 0.646762 0.467913 0.656533 0.468999 0.663146 0.436527 0.670943 0.435497 0.655766 0.463175 0.646762
0 0.428162 0.617273 0.457230 0.607583 0.462206 0.618844 0.461944 0.631152 0.433400 0.637961 0.428162 0.617273
0 0.480464 0.614355 0.518405 0.598439 0.528695 0.615480 0.525962 0.619017 0.534161 0.633647 0.496220 0.652939 0.486091 0.633969 0.491396 0.630753 0.480464 0.614355
0 0.367792 0.508348 0.387695 0.504655 0.398365 0.539947 0.376820 0.544666 0.367792 0.508348
0 0.400321 0.497470 0.422481 0.492546 0.425969 0.496855 0.431919 0.495829 0.432124 0.498086 0.437664 0.497265 0.441973 0.521477 0.407297 0.526812 0.400321 0.497470
0 0.457548 0.508186 0.485658 0.497721 0.492634 0.519881 0.470064 0.529936 0.457548 0.508186
0 0.492019 0.503877 0.500021 0.492592 0.494276 0.486231 0.502278 0.475972 0.522386 0.495259 0.504740 0.516188 0.492019 0.503877
0 0.447924 0.482641 0.448129 0.471356 0.479727 0.470330 0.479317 0.451453 0.507633 0.452684 0.506812 0.463764 0.488140 0.463559 0.488345 0.481615 0.447924 0.482641
0 0.192962 0.467841 0.219412 0.446891 0.233815 0.461556 0.206580 0.484339 0.192962 0.467841
0 0.321222 0.314292 0.327974 0.308987 0.362860 0.307861 0.363343 0.337764 0.345819 0.337282 0.345819 0.354323 0.324276 0.353359 0.321222 0.314292
0 0.252143 0.325130 0.265685 0.321231 0.264659 0.303175 0.304465 0.299892 0.306312 0.307894 0.311442 0.308920 0.313288 0.322052 0.317187 0.321642 0.319854 0.358370 0.294616 0.359601 0.292770 0.350778 0.272456 0.351188 0.248860 0.362884 0.248655 0.340519 0.252759 0.339082 0.252143 0.325130
0 0.297649 0.241598 0.317584 0.231631 0.321121 0.242563 0.324497 0.242563 0.329320 0.255425 0.305205 0.259765 0.297649 0.241598
0 0.325548 0.258464 0.336833 0.254771 0.348324 0.291909 0.334987 0.295603 0.325548 0.258464
0 0.357308 0.268555 0.396294 0.266503 0.395473 0.252550 0.426456 0.253576 0.428713 0.258090 0.438151 0.261784 0.453130 0.243317 0.479599 0.263425 0.469750 0.275942 0.471597 0.279635 0.448821 0.305078 0.432414 0.287870 0.426038 0.285437 0.407969 0.307435 0.360831 0.305078 0.357308 0.268555
0 0.407969 0.307435 0.432414 0.287870 0.448821 0.305078 0.424890 0.323405 0.407969 0.307435
0 0.770245 0.494119 0.782146 0.475037 0.784813 0.475447 0.793226 0.465804 0.811077 0.474832 0.791584 0.506635 0.770245 0.494119
0 0.805649 0.487064 0.812830 0.475368 0.826893 0.481411 0.819601 0.494861 0.805649 0.487064
0 0.799170 0.467096 0.810102 0.449733 0.822160 0.456003 0.823124 0.454235 0.850616 0.467579 0.837272 0.489604 0.826893 0.481411 0.799170 0.467096
0 0.826294 0.450593 0.833977 0.439760 0.854636 0.450971 0.847582 0.462937 0.826294 0.450593
0 0.746622 0.455972 0.766557 0.440539 0.775721 0.451471 0.755625 0.466744 0.746622 0.455972
0 0.739648 0.428156 0.766938 0.417281 0.775966 0.435337 0.748266 0.447648 0.739648 0.428156
0 0.679586 0.386139 0.704987 0.360737 0.735854 0.384692 0.718652 0.406395 0.714955 0.403341 0.706916 0.408164 0.679586 0.386139
0 0.733864 0.394266 0.737557 0.392829 0.736326 0.390367 0.747816 0.385853 0.759922 0.411296 0.745559 0.410886 0.742687 0.412527 0.733864 0.394266
0 0.761173 0.375296 0.769291 0.364297 0.772433 0.364559 0.776623 0.358536 0.795478 0.369797 0.790502 0.375296 0.791550 0.376605 0.784745 0.387441 0.761173 0.375296
0 0.776623 0.358536 0.790764 0.338895 0.817737 0.357488 0.804906 0.373201 0.795478 0.369797 0.776623 0.358536
0 0.775857 0.403191 0.784745 0.387441 0.791550 0.376605 0.803092 0.379098 0.807806 0.371242 0.838183 0.382241 0.827446 0.406857 0.811472 0.400310 0.802830 0.417856 0.775857 0.403191
0 0.818264 0.343274 0.825856 0.331783 0.841860 0.339580 0.846990 0.334861 0.860943 0.338554 0.870586 0.346967 0.853556 0.371384 0.842271 0.361946 0.833448 0.356611 0.834269 0.354969 0.818264 0.343274
0 0.842722 0.302919 0.863240 0.283221 0.868780 0.273577 0.893608 0.282400 0.894018 0.296763 0.892171 0.302713 0.895865 0.307227 0.887452 0.323848 0.842722 0.302919
0 0.890253 0.343922 0.900864 0.330257 0.907134 0.332829 0.909224 0.343600 0.904722 0.351800 0.890253 0.343922
4 0.999006 0.220986 0.995457 0.225388 0.984846 0.214295 0.999006 0.204418 0.999006 0.220986
0 0.944084 0.206569 0.964616 0.192209 0.977591 0.205814 0.958192 0.223197 0.944084 0.206569
0 0.971448 0.186100 0.990217 0.176400 0.999006 0.187477 0.999006 0.188259 0.982533 0.199200 0.971448 0.186100
0 0.956683 0.153682 0.981105 0.137638 0.998574 0.154811 0.976071 0.173169 0.956683 0.153682
0 0.903844 0.175621 0.936641 0.158419 0.945483 0.171762 0.912043 0.190412 0.903844 0.175621
0 0.880533 0.149094 0.921689 0.133500 0.935033 0.155203 0.890500 0.173049 0.880533 0.149094
0 0.836511 0.128491 0.856824 0.119052 0.866878 0.135878 0.868930 0.135467 0.882062 0.160705 0.850668 0.177120 0.836921 0.153318 0.841230 0.146752 0.836511 0.128491
0 0.834943 0.076752 0.843785 0.071447 0.851180 0.083022 0.842338 0.088649 0.834943 0.076752
0 0.869539 0.077013 0.878224 0.072374 0.882172 0.079382 0.873289 0.084613 0.869539 0.077013
0 0.801733 0.145662 0.814827 0.140425 0.818231 0.150638 0.806185 0.156661 0.801733 0.145662
0 0.814548 0.162044 0.829017 0.154970 0.835448 0.164456 0.833358 0.169440 0.836413 0.174102 0.827731 0.178603 0.814548 0.162044
0 0.999006 0.023141 0.981680 0.023436 0.981765 0.011435 0.999006 0.012203 0.999006 0.023141
0 0.999006 0.040027 0.981680 0.039995 0.981358 0.026008 0.999006 0.026402 0.999006 0.040027
0 0.975085 0.073142 0.966992 0.081982 0.960410 0.075488 0.966886 0.068640 0.975085 0.073142
0 0.945489 0.072977 0.956226 0.048885 0.969843 0.053075 0.965915 0.060407 0.961325 0.062557 0.956888 0.073005 0.945489 0.072977
0 0.947907 0.000002 0.956535 0.001429 0.949260 0.025016 0.931079 0.016523 0.925629 0.023035 0.912843 0.020223 0.919937 0.000002 0.947907 0.000002
0 0.918768 0.033759 0.925629 0.023035 0.931079 0.016523 0.949260 0.025016 0.957138 0.028629 0.955004 0.031883 0.948507 0.043443 0.946058 0.048327 0.918768 0.033759
0 0.876439 0.027374 0.894246 0.015327 0.908125 0.034968 0.911792 0.032087 0.942955 0.053823 0.930380 0.068992 0.928622 0.071318 0.926527 0.069747 0.913458 0.061024 0.911039 0.062721 0.904692 0.067103 0.889497 0.077714 0.875653 0.055918 0.891889 0.046490 0.876439 0.027374
0 0.682503 0.038939 0.692762 0.035040 0.695840 0.044274 0.710972 0.040417 0.713897 0.054533 0.689685 0.062535 0.682503 0.038939
0 0.956540 0.020353 0.963148 0.021305 0.963079 0.029455 0.957138 0.028629 0.956437 0.027918 0.956540 0.020353
0 0.509418 0.649734 0.531886 0.636331 0.538925 0.646166 0.518675 0.660438 0.509418 0.649734
4 0.357160 0.772439 0.373528 0.771209 0.374513 0.785977 0.357652 0.786100 0.357160 0.772439
4 0.782402 0.525482 0.788679 0.517852 0.795694 0.522898 0.790156 0.529789 0.782402 0.525482
4 0.715290 0.065850 0.721863 0.062525 0.725565 0.070459 0.719068 0.073858 0.715290 0.065850
0 0.824301 0.063200 0.831316 0.058523 0.836239 0.065784 0.829101 0.070707 0.824301 0.063200
4 0.812869 0.089753 0.823576 0.084091 0.827269 0.090860 0.831330 0.091845 0.831207 0.098490 0.827146 0.097014 0.819392 0.101444 0.812869 0.089753
0 0.911039 0.062721 0.915194 0.066801 0.909376 0.072392 0.904692 0.067103 0.911039 0.062721
0 0.930380 0.068992 0.935346 0.072590 0.931363 0.078071 0.924458 0.072853 0.926527 0.069747 0.928622 0.071318 0.930380 0.068992
0 0.956226 0.048885 0.957283 0.047370 0.948507 0.043443 0.955004 0.031883 0.964037 0.035904 0.966550 0.031034 0.976132 0.034490 0.969843 0.053075 0.956226 0.048885
0 0.942955 0.053823 0.947455 0.055914 0.946876 0.064207 0.937523 0.074139 0.935346 0.072590 0.930380 0.068992 0.942955 0.053823
0 0.942706 0.085930 0.955936 0.074459 0.967030 0.084348 0.954480 0.096128 0.942706 0.085930
4 0.794929 0.000005 0.776050 0.005388 0.770967 0.005642 0.770337 0.000005 0.794929 0.000005
