0 0.000011 0.574538 0.029952 0.577153 0.030193 0.640579 0.028505 0.640338 0.029228 0.653361 0.022476 0.655290 0.023440 0.670484 0.000011 0.670003 0.000011 0.574538
0 0.000011 0.682261 0.081056 0.679736 0.081449 0.721769 0.047272 0.724126 0.048400 0.735928 0.017998 0.736201 0.017408 0.723670 0.000011 0.724121 0.000011 0.682261
4 0.099455 0.981868 0.087958 0.979133 0.088994 0.973359 0.094028 0.973359 0.095657 0.966104 0.105280 0.967733 0.099455 0.981868
0 0.711713 0.999006 0.707350 0.995338 0.711259 0.991429 0.706623 0.985976 0.718894 0.974796 0.727074 0.977796 0.732982 0.981340 0.734891 0.986794 0.720434 0.999006 0.711713 0.999006
0 0.724724 0.967119 0.710999 0.953303 0.717089 0.947577 0.716271 0.941396 0.719907 0.939669 0.735631 0.956484 0.724724 0.967119
0 0.506833 0.782492 0.504574 0.779238 0.508641 0.772008 0.513521 0.771917 0.512798 0.769296 0.516956 0.763241 0.525000 0.765681 0.537653 0.772369 0.538376 0.775171 0.535574 0.782853 0.534851 0.783305 0.534399 0.786468 0.531055 0.790987 0.521836 0.793970 0.520842 0.791891 0.521927 0.789993 0.512437 0.784932 0.506833 0.782492
0 0.513965 0.856958 0.514341 0.851885 0.521105 0.840799 0.528057 0.841363 0.545719 0.852449 0.548349 0.853764 0.547410 0.862219 0.542149 0.866916 0.527869 0.866916 0.527305 0.865413 0.513965 0.856958
0 0.140827 0.999004 0.132990 0.993302 0.131862 0.989168 0.137687 0.983343 0.135808 0.978458 0.145766 0.971882 0.150276 0.973385 0.153846 0.978082 0.153470 0.980713 0.157603 0.986350 0.162113 0.983155 0.163804 0.984095 0.166622 0.983719 0.175453 0.990483 0.174326 0.994241 0.168718 0.999004 0.140827 0.999004
0 0.093805 0.999003 0.093737 0.995613 0.096736 0.991345 0.104118 0.991115 0.108271 0.993652 0.116807 0.994575 0.118652 0.995959 0.118392 0.999003 0.093805 0.999003
0 0.685981 0.958347 0.687337 0.956178 0.692579 0.953737 0.695652 0.955545 0.699538 0.963950 0.698905 0.965758 0.690862 0.967565 0.685981 0.958347
