4 0.999008 0.045545 0.983887 0.046107 0.987326 0.021886 0.999008 0.023678 0.999008 0.045545
0 0.952340 0.045509 0.954171 0.046035 0.949948 0.055227 0.930512 0.048499 0.935296 0.038332 0.952340 0.045509
0 0.986056 0.056129 0.999008 0.065711 0.999008 0.076958 0.981035 0.069678 0.984952 0.060960 0.985771 0.056045 0.986056 0.056129
0 0.985303 0.055898 0.984480 0.060817 0.980586 0.069492 0.980076 0.069286 0.951519 0.058670 0.954210 0.051494 0.960789 0.054036 0.964377 0.049401 0.985303 0.055898
0 0.954771 0.066955 0.967937 0.072871 0.965075 0.079549 0.955534 0.080504 0.948664 0.077069 0.954771 0.066955
4 0.999008 0.122258 0.988435 0.119488 0.989169 0.108290 0.999008 0.110292 0.999008 0.122258
4 0.999008 0.142962 0.986060 0.137521 0.994377 0.122409 0.999008 0.123953 0.999008 0.142962
0 0.999008 0.178983 0.974111 0.167042 0.988168 0.139981 0.999008 0.144918 0.999008 0.178983
0 0.999008 0.250694 0.991221 0.278014 0.975223 0.270987 0.992118 0.236749 0.999008 0.241846 0.999008 0.250694
0 0.999008 0.301573 0.994080 0.306547 0.978149 0.298347 0.981312 0.292138 0.985060 0.285461 0.999008 0.291737 0.999008 0.301573
0 0.982155 0.315622 0.971278 0.342337 0.946472 0.332414 0.955059 0.310852 0.962692 0.306845 0.982155 0.315622
0 0.917779 0.246223 0.919305 0.247750 0.916634 0.255955 0.903658 0.250421 0.907284 0.242598 0.917779 0.246223
0 0.921884 0.249111 0.940627 0.254383 0.938636 0.265394 0.950936 0.269846 0.944727 0.286363 0.932779 0.283435 0.930904 0.287652 0.910521 0.281326 0.921884 0.249111
0 0.913374 0.267399 0.907868 0.279699 0.893811 0.269859 0.898028 0.261190 0.913374 0.267399
0 0.857675 0.248258 0.869636 0.226579 0.877859 0.229121 0.879055 0.226878 0.888773 0.232560 0.887129 0.234802 0.888773 0.236148 0.875616 0.259472 0.857675 0.248258
0 0.830996 0.224745 0.843971 0.232569 0.840918 0.239057 0.823744 0.231996 0.825080 0.226272 0.830996 0.224745
0 0.821711 0.240829 0.819612 0.254568 0.820948 0.255331 0.817322 0.261247 0.794233 0.251133 0.801102 0.232624 0.805873 0.233578 0.807018 0.231670 0.821711 0.240829
0 0.831131 0.248069 0.875973 0.263525 0.876736 0.269631 0.881316 0.271921 0.877690 0.279936 0.871202 0.282225 0.825215 0.266006 0.831131 0.248069
0 0.885651 0.298146 0.904647 0.305452 0.898071 0.322987 0.878101 0.312515 0.885651 0.298146
0 0.844461 0.451181 0.861996 0.453373 0.856881 0.476509 0.839347 0.473343 0.839347 0.466524 0.842269 0.466280 0.844461 0.451181
0 0.914843 0.432185 0.912895 0.448746 0.896578 0.444849 0.901205 0.428289 0.914843 0.432185
0 0.920688 0.456539 0.914600 0.480162 0.903884 0.484789 0.884157 0.477240 0.889515 0.464089 0.894629 0.464576 0.895847 0.450207 0.902666 0.450207 0.915330 0.451668 0.920688 0.456539
0 0.963363 0.460223 0.975003 0.457361 0.975385 0.460796 0.980727 0.464421 0.970042 0.496670 0.963363 0.501440 0.952677 0.498005 0.950960 0.493998 0.963363 0.460223
0 0.977436 0.496479 0.983566 0.516663 0.969662 0.520102 0.963809 0.502111 0.970520 0.497130 0.977436 0.496479
0 0.954739 0.523486 0.942154 0.520393 0.947116 0.509030 0.953445 0.499034 0.960421 0.501479 0.959342 0.515000 0.956106 0.517013 0.954739 0.523486
0 0.856414 0.497757 0.855816 0.512409 0.836828 0.514053 0.836081 0.498355 0.856414 0.497757
0 0.844847 0.533710 0.845784 0.554327 0.822472 0.556084 0.821301 0.534998 0.844847 0.533710
0 0.935429 0.672850 0.939326 0.697447 0.913754 0.698421 0.913754 0.673824 0.935429 0.672850
0 0.909045 0.709051 0.934805 0.705425 0.941102 0.717065 0.940721 0.730041 0.912289 0.731377 0.909045 0.709051
0 0.920331 0.790881 0.944756 0.785157 0.950480 0.794889 0.951434 0.811490 0.923957 0.817023 0.920331 0.790881
