0 0.852604 0.960036 0.864385 0.938577 0.872622 0.942671 0.874340 0.939393 0.892369 0.948806 0.885590 0.962676 0.880445 0.960216 0.874723 0.971482 0.852604 0.960036
1 0.990828 0.727415 0.973343 0.714620 0.982260 0.702866 0.999009 0.715451 0.999009 0.717408 0.990828 0.727415
0 0.905570 0.451216 0.931579 0.419162 0.955131 0.437606 0.932307 0.468724 0.929897 0.466200 0.920260 0.478476 0.905916 0.466477 0.913313 0.457810 0.905570 0.451216
0 0.866071 0.407085 0.877704 0.384457 0.893880 0.391912 0.883260 0.414953 0.866071 0.407085
0 0.860660 0.394887 0.868969 0.399432 0.863587 0.407145 0.855417 0.402101 0.860660 0.394887
0 0.701079 0.331267 0.706603 0.321903 0.722547 0.330065 0.717511 0.339769 0.701079 0.331267
0 0.599794 0.265856 0.641805 0.283175 0.632373 0.297535 0.618687 0.290949 0.609548 0.305856 0.594897 0.297596 0.605430 0.282920 0.592536 0.276286 0.599794 0.265856
0 0.630471 0.304027 0.643749 0.283216 0.679385 0.301261 0.664915 0.324373 0.630471 0.304027
0 0.660031 0.331441 0.677004 0.306262 0.706603 0.321903 0.701079 0.331267 0.695258 0.342121 0.693242 0.341075 0.683184 0.361919 0.663558 0.353400 0.670890 0.337237 0.660031 0.331441
0 0.634876 0.309022 0.643332 0.314423 0.637179 0.325108 0.628525 0.320126 0.634876 0.309022
0 0.550970 0.275018 0.557831 0.257780 0.590327 0.269645 0.583702 0.286880 0.550970 0.275018
0 0.535047 0.266691 0.523750 0.286660 0.497677 0.274865 0.518920 0.238939 0.556560 0.258099 0.548785 0.274127 0.535047 0.266691
0 0.466000 0.252961 0.471658 0.244908 0.488714 0.254908 0.483861 0.263079 0.466000 0.252961
0 0.453379 0.238694 0.466377 0.221214 0.476716 0.228526 0.464040 0.246051 0.453379 0.238694
0 0.468484 0.221589 0.476534 0.211124 0.506604 0.229906 0.494761 0.247148 0.475245 0.233287 0.478548 0.228204 0.468484 0.221589
0 0.508082 0.414723 0.514554 0.403974 0.524845 0.409769 0.518462 0.420106 0.508082 0.414723
0 0.479840 0.424202 0.487931 0.412520 0.509152 0.426505 0.502084 0.437826 0.479840 0.424202
0 0.482436 0.418762 0.460419 0.406565 0.463686 0.401660 0.459662 0.399610 0.468909 0.383367 0.494862 0.397027 0.482436 0.418762
0 0.445727 0.402012 0.473817 0.418344 0.463346 0.434296 0.435466 0.417864 0.445727 0.402012
0 0.000009 0.667608 0.016609 0.678329 0.000009 0.711868 0.000009 0.667608
0 0.000009 0.325944 0.008212 0.322493 0.023661 0.349479 0.000009 0.362913 0.000009 0.325944
0 0.016371 0.301878 0.031946 0.290063 0.066574 0.319177 0.053258 0.332925 0.016371 0.301878
0 0.204826 0.019138 0.224907 0.028943 0.220439 0.035359 0.222977 0.036827 0.220529 0.040377 0.227840 0.043854 0.215441 0.064280 0.186389 0.046905 0.204826 0.019138
0 0.265816 0.038436 0.273050 0.027687 0.289576 0.036987 0.282726 0.047806 0.265816 0.038436
0 0.317006 0.028304 0.322915 0.018378 0.340905 0.028748 0.335376 0.038633 0.317006 0.028304
4 0.359110 0.000007 0.340135 0.021444 0.324280 0.007951 0.331326 0.000007 0.359110 0.000007
0 0.378207 0.105524 0.388429 0.092095 0.398706 0.099232 0.388058 0.112930 0.378207 0.105524
0 0.454221 0.102497 0.459016 0.096965 0.455414 0.094319 0.463025 0.085707 0.480627 0.099588 0.469723 0.114014 0.454221 0.102497
0 0.473079 0.039649 0.483722 0.030776 0.494719 0.042996 0.496130 0.041786 0.534271 0.082457 0.521649 0.093638 0.481092 0.052377 0.483212 0.050535 0.473079 0.039649
0 0.519381 0.122723 0.529489 0.111687 0.550095 0.129135 0.532718 0.150001 0.516324 0.136076 0.524906 0.126687 0.519381 0.122723
0 0.519841 0.173829 0.529285 0.163857 0.555306 0.188474 0.546969 0.197745 0.529452 0.181542 0.520835 0.189844 0.512428 0.180664 0.519841 0.173829
0 0.523911 0.229539 0.535923 0.204259 0.549444 0.211401 0.551664 0.207753 0.560345 0.213156 0.557068 0.219711 0.552563 0.218200 0.549372 0.224972 0.551240 0.225984 0.544249 0.239719 0.523911 0.229539
0 0.557573 0.220215 0.563233 0.212570 0.570920 0.218501 0.565058 0.226371 0.557573 0.220215
0 0.788453 0.335232 0.793813 0.319997 0.820980 0.329810 0.815650 0.345969 0.788453 0.335232
0 0.841765 0.293715 0.850542 0.276400 0.863348 0.282424 0.855110 0.299875 0.841765 0.293715
0 0.814548 0.268562 0.827154 0.269616 0.826819 0.276198 0.813991 0.275106 0.814548 0.268562
0 0.854716 0.142191 0.876323 0.125856 0.883398 0.134889 0.861736 0.151267 0.854716 0.142191
0 0.840496 0.131633 0.851421 0.132335 0.849555 0.153560 0.838563 0.152796 0.840496 0.131633
0 0.842049 0.105347 0.855447 0.105145 0.855060 0.123658 0.841792 0.123606 0.842049 0.105347
0 0.855080 0.125174 0.855823 0.117229 0.859170 0.117540 0.860091 0.105928 0.875601 0.107606 0.873117 0.127057 0.855080 0.125174
3 0.792569 0.015141 0.801899 0.008349 0.813783 0.023021 0.804654 0.030539 0.792569 0.015141
3 0.741491 0.050671 0.748627 0.017442 0.763797 0.020484 0.757886 0.053151 0.741491 0.050671
2 0.734229 0.114971 0.737316 0.102884 0.758250 0.108137 0.754996 0.119766 0.734229 0.114971
3 0.807529 0.132312 0.817508 0.132612 0.817191 0.141749 0.807148 0.141498 0.807529 0.132312
0 0.737614 0.322935 0.739191 0.314857 0.752827 0.318181 0.751426 0.325809 0.737614 0.322935
0 0.660315 0.279380 0.666781 0.260100 0.693677 0.269892 0.694140 0.259889 0.713098 0.261477 0.712834 0.290290 0.718205 0.290362 0.718613 0.304629 0.728106 0.305074 0.726588 0.317232 0.717971 0.313681 0.693260 0.303296 0.694178 0.292265 0.688475 0.290201 0.660315 0.279380
0 0.714876 0.268424 0.734504 0.268450 0.734596 0.259383 0.748642 0.259649 0.749471 0.289535 0.772757 0.289505 0.772869 0.305629 0.728106 0.305074 0.718613 0.304629 0.718205 0.290362 0.715119 0.290164 0.714876 0.268424
0 0.717280 0.232246 0.725674 0.231161 0.734962 0.233085 0.732947 0.245539 0.743043 0.246708 0.741475 0.259410 0.728214 0.258833 0.728612 0.253634 0.713418 0.253460 0.717280 0.232246
0 0.698148 0.244889 0.699007 0.230188 0.715411 0.231690 0.714727 0.245554 0.698148 0.244889
0 0.641022 0.272330 0.652645 0.250171 0.663249 0.255735 0.651038 0.277274 0.641022 0.272330
0 0.583726 0.221109 0.589364 0.213683 0.582460 0.206320 0.594445 0.194960 0.609298 0.205795 0.607018 0.208975 0.613607 0.213515 0.630493 0.189097 0.641000 0.195585 0.632910 0.205922 0.649677 0.215066 0.643365 0.222749 0.649415 0.227930 0.643945 0.233860 0.656045 0.241025 0.644811 0.260122 0.583726 0.221109
0 0.563652 0.187548 0.571269 0.182386 0.577313 0.189072 0.569615 0.194774 0.563652 0.187548
0 0.546426 0.161693 0.567477 0.128359 0.584074 0.142335 0.562626 0.175743 0.546426 0.161693
0 0.549368 0.126864 0.535156 0.115141 0.537172 0.113124 0.520462 0.099332 0.531742 0.088024 0.538101 0.093730 0.551820 0.080643 0.574528 0.100713 0.549368 0.126864
0 0.614404 0.070461 0.628481 0.052251 0.660875 0.069258 0.638392 0.100235 0.620648 0.090620 0.609990 0.104033 0.594772 0.096301 0.614404 0.070461
2 0.596624 0.077567 0.570912 0.061955 0.595366 0.031828 0.591163 0.028410 0.596757 0.020370 0.626622 0.039636 0.611426 0.062402 0.596624 0.077567
0 0.587042 0.014707 0.594093 0.020046 0.589099 0.027200 0.581443 0.021781 0.587042 0.014707
3 0.603665 0.019154 0.611040 0.006559 0.622307 0.012964 0.615979 0.024820 0.603665 0.019154
0 0.185176 0.017923 0.183472 0.030934 0.161942 0.028456 0.163955 0.013276 0.185176 0.017923
3 0.753216 0.072034 0.740824 0.071879 0.741754 0.055151 0.754300 0.056390 0.753216 0.072034
0 0.634744 0.015627 0.670674 0.019199 0.667102 0.050297 0.655335 0.049036 0.655755 0.028444 0.633273 0.027184 0.634744 0.015627
