0 0.413317 0.999007 0.413501 0.989107 0.424851 0.989304 0.425018 0.999008 0.413317 0.999007
0 0.431536 0.999008 0.431365 0.992561 0.443900 0.992660 0.443782 0.999008 0.431536 0.999008
0 0.855697 0.949550 0.861123 0.961514 0.866282 0.971322 0.854241 0.975369 0.850491 0.968658 0.848615 0.973691 0.844371 0.976652 0.838746 0.978034 0.834896 0.978133 0.830751 0.976356 0.826944 0.974382 0.825665 0.971680 0.825266 0.968752 0.820949 0.971289 0.819628 0.969156 0.813204 0.957064 0.850131 0.939391 0.855697 0.949550
0 0.873066 0.955713 0.861123 0.961514 0.855697 0.949550 0.850131 0.939391 0.863906 0.934110 0.873066 0.955713
0 0.873066 0.955713 0.863906 0.934110 0.889541 0.922842 0.900019 0.940052 0.873066 0.955713
0 0.920280 0.942723 0.905650 0.951244 0.901139 0.943026 0.915313 0.934182 0.920280 0.942723
2 0.898055 0.902972 0.898705 0.907302 0.906408 0.916506 0.909958 0.915204 0.914573 0.924788 0.911141 0.926800 0.913508 0.932598 0.900019 0.940052 0.889541 0.922842 0.881226 0.908200 0.883580 0.890212 0.890975 0.887639 0.891514 0.887337 0.898055 0.902972
0 0.916116 0.895457 0.901501 0.901973 0.898055 0.902972 0.891514 0.887337 0.896442 0.886032 0.893226 0.878636 0.907113 0.874195 0.916116 0.895457
0 0.800177 0.975300 0.812097 0.969600 0.816242 0.977719 0.804582 0.983765 0.800177 0.975300
0 0.880142 0.956221 0.888261 0.952680 0.890939 0.957948 0.882820 0.961835 0.880142 0.956221
0 0.956977 0.989540 0.964142 0.982044 0.972520 0.989981 0.964913 0.997256 0.956977 0.989540
0 0.922532 0.897871 0.922032 0.896489 0.928595 0.893223 0.918184 0.872682 0.941397 0.861427 0.955747 0.886048 0.939579 0.893041 0.944661 0.906730 0.925107 0.912682 0.924489 0.908209 0.926223 0.905704 0.922532 0.897871
0 0.942566 0.860553 0.956565 0.852285 0.971226 0.872789 0.955243 0.881938 0.942566 0.860553
0 0.992900 0.854756 0.980466 0.863995 0.977159 0.859144 0.967679 0.864987 0.955132 0.849244 0.975304 0.833481 0.976309 0.832783 0.992900 0.854756
0 0.999008 0.850219 0.993291 0.854463 0.976709 0.832500 0.997166 0.818140 0.999008 0.820975 0.999008 0.850219
0 0.861970 0.826387 0.904571 0.805721 0.912252 0.816622 0.920192 0.831756 0.898034 0.843463 0.895057 0.838282 0.874210 0.847490 0.861970 0.826387
0 0.893179 0.846045 0.909531 0.838131 0.912908 0.843899 0.927258 0.836162 0.936966 0.852763 0.924163 0.860360 0.905451 0.868239 0.893179 0.846045
0 0.936244 0.832194 0.934561 0.829633 0.952429 0.818694 0.966794 0.836290 0.948484 0.846403 0.936244 0.832194
0 0.969946 0.833440 0.966794 0.836290 0.952429 0.818694 0.947540 0.813564 0.945115 0.815107 0.938501 0.805076 0.948863 0.799013 0.945556 0.793171 0.964474 0.781638 0.990486 0.819230 0.969946 0.833440
3 0.909064 0.802735 0.927200 0.793219 0.938271 0.809936 0.920495 0.820683 0.915336 0.815081 0.909064 0.802735
0 0.927592 0.793401 0.934731 0.788520 0.927548 0.778824 0.932801 0.775711 0.949076 0.765895 0.954277 0.773765 0.961164 0.769830 0.969774 0.778439 0.964474 0.781638 0.945556 0.793171 0.948863 0.799013 0.935557 0.804695 0.927592 0.793401
0 0.941348 0.770772 0.932801 0.775711 0.922660 0.761161 0.930732 0.756523 0.941348 0.770772
0 0.949076 0.765895 0.941348 0.770772 0.930732 0.756523 0.939526 0.751460 0.953047 0.761958 0.949076 0.765895
4 0.999008 0.789321 0.985005 0.772034 0.999008 0.761830 0.999008 0.789321
2 0.999008 0.740019 0.978445 0.757856 0.966909 0.745194 0.970876 0.741091 0.956750 0.724493 0.954809 0.713028 0.966120 0.704981 0.977805 0.717548 0.999008 0.700275 0.999008 0.740019
3 0.922688 0.754806 0.925628 0.759338 0.922660 0.761161 0.925905 0.766565 0.917086 0.771636 0.908154 0.758359 0.920742 0.751689 0.922688 0.754806
3 0.918168 0.730775 0.910452 0.735184 0.920479 0.751270 0.907881 0.757949 0.891382 0.733421 0.911775 0.720964 0.918168 0.730775
0 0.858883 0.743724 0.866060 0.738156 0.873984 0.747142 0.866930 0.752763 0.858883 0.743724
0 0.884160 0.728984 0.873352 0.736904 0.862519 0.724102 0.873594 0.716397 0.884160 0.728984
0 0.894401 0.721488 0.884561 0.728701 0.873994 0.716113 0.884570 0.708751 0.894401 0.721488
4 0.814994 0.657824 0.845523 0.632641 0.853964 0.642770 0.839192 0.657542 0.848477 0.668938 0.835253 0.679349 0.834549 0.680053 0.814994 0.657824
3 0.855371 0.716074 0.852583 0.718121 0.854553 0.720513 0.845830 0.725578 0.828027 0.705996 0.839424 0.698447 0.855371 0.716074
3 0.859426 0.699341 0.853936 0.704289 0.861504 0.711592 0.855371 0.716074 0.839424 0.698447 0.851152 0.690684 0.859426 0.699341
0 0.877832 0.701660 0.868059 0.709540 0.866230 0.708133 0.861504 0.711592 0.853936 0.704289 0.859426 0.699341 0.851152 0.690684 0.864043 0.682139 0.877832 0.701660
0 0.875515 0.674789 0.894930 0.701520 0.884570 0.708751 0.878428 0.701650 0.878432 0.701650 0.864043 0.682139 0.875391 0.674629 0.875515 0.674789
3 0.826553 0.706123 0.815301 0.713619 0.806156 0.703209 0.817012 0.696045 0.826553 0.706123
0 0.839424 0.698447 0.828027 0.705996 0.826553 0.706123 0.817012 0.696045 0.829912 0.687529 0.839424 0.698447
0 0.847666 0.692402 0.839424 0.698447 0.829912 0.687529 0.838662 0.681758 0.847666 0.692402
0 0.865586 0.680537 0.847666 0.692402 0.839072 0.681484 0.856260 0.670156 0.865586 0.680537
0 0.875088 0.674248 0.865586 0.680537 0.856670 0.669883 0.866511 0.663394 0.875088 0.674248
0 0.953286 0.707051 0.953146 0.710709 0.952723 0.738002 0.947237 0.740957 0.926895 0.723555 0.941331 0.709613 0.947842 0.704648 0.953286 0.707051
0 0.947842 0.704648 0.941331 0.709613 0.926895 0.723555 0.917973 0.715914 0.911536 0.710611 0.937392 0.689602 0.947842 0.704648
0 0.955100 0.693948 0.953484 0.691793 0.959589 0.683354 0.971760 0.692332 0.964890 0.700978 0.955100 0.693948
0 0.919368 0.638464 0.936426 0.659293 0.912186 0.675633 0.906081 0.668451 0.911288 0.664680 0.907158 0.658934 0.911827 0.654804 0.905197 0.645935 0.917893 0.637212 0.919368 0.638464
0 0.886020 0.674984 0.898025 0.666606 0.903553 0.674034 0.891461 0.681980 0.886020 0.674984
0 0.873200 0.614433 0.890926 0.602334 0.912592 0.627517 0.895428 0.639335 0.873200 0.614433
0 0.805567 0.570622 0.825263 0.553458 0.837785 0.567949 0.817526 0.584409 0.805567 0.570622
0 0.820771 0.590495 0.831463 0.582007 0.842597 0.593692 0.832786 0.603061 0.820771 0.590495
0 0.797383 0.607489 0.810270 0.594838 0.811568 0.595997 0.821084 0.605155 0.808336 0.617365 0.797383 0.607489
2 0.750973 0.500433 0.809571 0.516456 0.802054 0.538621 0.785865 0.558665 0.767362 0.549800 0.772505 0.536437 0.777962 0.531427 0.770446 0.524551 0.746125 0.519825 0.750973 0.500433
0 0.730240 0.473382 0.752804 0.490662 0.747764 0.506551 0.742699 0.505284 0.739463 0.512037 0.723846 0.505003 0.713998 0.500220 0.730240 0.473382
0 0.678848 0.478229 0.693636 0.454089 0.727786 0.474207 0.718663 0.489485 0.712895 0.486389 0.706704 0.494127 0.678848 0.478229
0 0.730154 0.541519 0.743350 0.548016 0.738207 0.557287 0.725282 0.550317 0.730154 0.541519
0 0.931850 0.390341 0.953490 0.374885 0.959847 0.383166 0.938040 0.398219 0.931850 0.390341
0 0.867845 0.335571 0.881923 0.330129 0.882096 0.330820 0.891942 0.350254 0.878209 0.355609 0.867845 0.335571
3 0.876667 0.375803 0.896926 0.367784 0.901991 0.378617 0.881450 0.385229 0.876667 0.375803
3 0.902320 0.391167 0.906449 0.398529 0.894060 0.404813 0.889571 0.397451 0.902320 0.391167
0 0.768191 0.496429 0.769679 0.497376 0.769815 0.498459 0.769882 0.499542 0.769206 0.500828 0.767987 0.501775 0.767175 0.501843 0.765010 0.501978 0.763656 0.501504 0.762506 0.500828 0.761762 0.499339 0.761829 0.498121 0.762709 0.496700 0.763318 0.495820 0.764672 0.495143 0.765687 0.495008 0.766702 0.495008 0.768191 0.496429
0 0.582749 0.466055 0.588702 0.454371 0.598513 0.459441 0.592560 0.470906 0.582749 0.466055
0 0.570365 0.465476 0.583449 0.473354 0.577822 0.482358 0.564456 0.473636 0.570365 0.465476
3 0.645811 0.418958 0.654071 0.430090 0.638988 0.440864 0.631446 0.429013 0.645811 0.418958
3 0.593118 0.419371 0.611526 0.408237 0.620455 0.422126 0.601826 0.433370 0.593118 0.419371
0 0.540115 0.380228 0.557989 0.354144 0.597516 0.379243 0.582322 0.401753 0.554465 0.385856 0.552636 0.388669 0.540115 0.380228
0 0.566779 0.357922 0.588977 0.334227 0.600205 0.344073 0.580080 0.365436 0.576539 0.361895 0.574207 0.364486 0.566779 0.357922
0 0.527652 0.444471 0.531280 0.444816 0.533698 0.446889 0.534389 0.450171 0.534130 0.452676 0.532921 0.454403 0.531107 0.455267 0.527998 0.455612 0.525148 0.455353 0.523247 0.454144 0.521952 0.451898 0.521865 0.448789 0.523075 0.446630 0.524802 0.444902 0.526184 0.444471 0.527652 0.444471
0 0.489582 0.406454 0.496214 0.396303 0.509478 0.405303 0.502643 0.414913 0.489582 0.406454
0 0.510677 0.316964 0.535920 0.297783 0.544628 0.307925 0.519826 0.327326 0.510677 0.316964
3 0.459015 0.266023 0.466842 0.258637 0.479959 0.270102 0.472904 0.278259 0.459015 0.266023
4 0.000007 0.316267 0.012766 0.328917 0.002355 0.339610 0.000007 0.337021 0.000007 0.316267
3 0.147632 0.504582 0.157339 0.493889 0.166202 0.502049 0.157198 0.512179 0.147632 0.504582
4 0.094687 0.618741 0.109590 0.633105 0.095584 0.645854 0.082656 0.632387 0.094687 0.618741
3 0.058691 0.825859 0.025897 0.827594 0.024992 0.812670 0.057930 0.811250 0.058691 0.825859
3 0.088555 0.823803 0.058691 0.825859 0.057930 0.811250 0.087658 0.809977 0.088555 0.823803
0 0.120944 0.841379 0.121483 0.871006 0.084673 0.871725 0.083955 0.842869 0.120944 0.841379
0 0.145513 0.847809 0.145436 0.847301 0.148450 0.847205 0.147759 0.835631 0.168660 0.834767 0.169610 0.849623 0.153718 0.850314 0.154150 0.857137 0.146118 0.857828 0.145513 0.847809
0 0.206808 0.833947 0.230773 0.833478 0.231054 0.837356 0.239355 0.836934 0.240340 0.860148 0.221565 0.860899 0.221347 0.853957 0.207595 0.854164 0.206808 0.833947
0 0.182918 0.837798 0.197268 0.837236 0.197939 0.870229 0.189499 0.869869 0.190038 0.877231 0.181303 0.877281 0.180965 0.868280 0.183469 0.868077 0.182266 0.837830 0.182918 0.837798
4 0.282655 0.838790 0.282628 0.837446 0.310875 0.837798 0.311536 0.858522 0.283647 0.859073 0.282655 0.838790
0 0.327413 0.837211 0.347594 0.835897 0.348586 0.850889 0.328083 0.851440 0.327413 0.837211
0 0.449478 0.791464 0.459680 0.810176 0.453839 0.813271 0.464109 0.829450 0.444445 0.839423 0.441468 0.834573 0.436508 0.836667 0.432451 0.827539 0.434360 0.824737 0.429068 0.812914 0.421012 0.811810 0.415400 0.800996 0.416049 0.800522 0.436534 0.791042 0.449478 0.791464
0 0.413652 0.817782 0.408352 0.819214 0.409756 0.828574 0.385627 0.830052 0.384642 0.817531 0.384587 0.816665 0.388141 0.816370 0.387589 0.808323 0.406768 0.805732 0.413652 0.817782
0 0.421012 0.811810 0.429068 0.812914 0.434360 0.824737 0.432451 0.827539 0.425958 0.828976 0.409756 0.828574 0.408352 0.819214 0.413652 0.817782 0.406768 0.805732 0.415400 0.800996 0.421012 0.811810
0 0.493951 0.805010 0.484386 0.815064 0.473741 0.810359 0.465083 0.802384 0.477998 0.791338 0.493951 0.805010
0 0.465083 0.802384 0.473741 0.810359 0.463088 0.815185 0.451183 0.792257 0.477998 0.791338 0.465083 0.802384
0 0.521112 0.823878 0.507222 0.840744 0.493664 0.830051 0.498293 0.825311 0.489356 0.818119 0.499093 0.807905 0.521112 0.823878
0 0.481920 0.824193 0.492285 0.829375 0.485893 0.844145 0.475356 0.839567 0.481920 0.824193
0 0.691562 0.910967 0.714213 0.899571 0.723639 0.917298 0.701551 0.928131 0.691562 0.910967
0 0.575997 0.793701 0.590901 0.785441 0.600417 0.803038 0.585155 0.811477 0.575997 0.793701
0 0.568037 0.819180 0.553671 0.823638 0.538229 0.814097 0.549330 0.806020 0.558252 0.802725 0.568037 0.819180
0 0.585155 0.811477 0.570388 0.818296 0.568037 0.819180 0.558252 0.802725 0.561812 0.801422 0.575997 0.793701 0.585155 0.811477
0 0.526049 0.774134 0.553836 0.797842 0.536927 0.811527 0.530656 0.806321 0.534324 0.802653 0.528373 0.797848 0.519212 0.807600 0.502723 0.795367 0.524648 0.772914 0.526049 0.774134
0 0.419921 0.786812 0.414471 0.772573 0.429308 0.766718 0.435733 0.781238 0.419921 0.786812
0 0.287880 0.789116 0.315743 0.793400 0.311459 0.825872 0.282383 0.823550 0.287880 0.789116
0 0.315146 0.806187 0.322184 0.805713 0.322870 0.819831 0.314924 0.821645 0.314492 0.806443 0.315146 0.806187
0 0.176107 0.810307 0.175920 0.808970 0.199802 0.808331 0.200300 0.817322 0.200399 0.826732 0.176107 0.826622 0.176107 0.810307
0 0.177438 0.781669 0.189348 0.781390 0.203678 0.780839 0.220751 0.780524 0.221209 0.797253 0.209521 0.798169 0.199199 0.798736 0.178584 0.800232 0.177438 0.781669
0 0.209521 0.798169 0.210026 0.815970 0.200300 0.817322 0.199802 0.808331 0.199199 0.798736 0.209521 0.798169
0 0.220751 0.780524 0.243010 0.779835 0.243554 0.816358 0.242468 0.825049 0.229481 0.824294 0.211510 0.824445 0.211661 0.815989 0.229746 0.815596 0.229991 0.797227 0.221209 0.797253 0.220751 0.780524
0 0.188686 0.764745 0.202686 0.763973 0.203678 0.780839 0.189348 0.781390 0.188686 0.764745
0 0.162627 0.763901 0.176406 0.763019 0.176626 0.772719 0.162847 0.773160 0.162627 0.763901
0 0.903001 0.701595 0.918899 0.691606 0.924667 0.699907 0.909613 0.709192 0.903001 0.701595
0 0.889635 0.683306 0.906659 0.674583 0.915663 0.690621 0.898639 0.699907 0.889635 0.683306
0 0.931667 0.651176 0.944236 0.640223 0.954830 0.653870 0.941184 0.663925 0.931667 0.651176
0 0.850610 0.654195 0.852519 0.655679 0.853049 0.657005 0.853367 0.658437 0.852996 0.659815 0.852360 0.660823 0.850928 0.661936 0.849497 0.662413 0.847906 0.662785 0.846633 0.662201 0.845891 0.661406 0.845202 0.659815 0.845202 0.658278 0.845732 0.656634 0.846580 0.655308 0.847747 0.654619 0.848754 0.654089 0.850610 0.654195
0 0.791359 0.577798 0.810669 0.593363 0.803748 0.601321 0.784952 0.585797 0.791359 0.577798
4 0.634630 0.850262 0.644685 0.856008 0.639478 0.865345 0.628525 0.859778 0.633950 0.849857 0.634630 0.850262
0 0.154150 0.857137 0.157958 0.856112 0.160689 0.886789 0.141779 0.886579 0.142619 0.869560 0.146191 0.869140 0.146118 0.857828 0.154150 0.857137
