0 0.101229 0.742960 0.073064 0.692977 0.088138 0.685043 0.104403 0.712415 0.134155 0.697340 0.146056 0.714398 0.152006 0.710828 0.172238 0.750101 0.130188 0.769142 0.111543 0.741770 0.104006 0.744547 0.101229 0.742960
0 0.190916 0.797085 0.195496 0.794413 0.191679 0.787735 0.207899 0.777812 0.212860 0.784491 0.215150 0.783918 0.219157 0.786208 0.232133 0.804336 0.209807 0.821891 0.190916 0.797085
0 0.190916 0.797085 0.209807 0.821891 0.206133 0.824785 0.188164 0.799995 0.190916 0.797085
0 0.339119 0.805993 0.349614 0.803322 0.349041 0.802368 0.384915 0.791300 0.393120 0.814007 0.392738 0.817442 0.359536 0.826601 0.360299 0.837669 0.348087 0.838432 0.347896 0.829082 0.339119 0.805993
0 0.339119 0.805993 0.347896 0.829082 0.348087 0.838432 0.342935 0.837669 0.338355 0.823357 0.333394 0.808664 0.339119 0.805993
0 0.442919 0.806720 0.443893 0.816462 0.441214 0.825960 0.418789 0.825723 0.418771 0.825352 0.409056 0.825892 0.409443 0.839277 0.390558 0.839111 0.390314 0.825960 0.386845 0.819642 0.392738 0.817442 0.393120 0.814007 0.390314 0.805746 0.442919 0.806720
0 0.431599 0.924578 0.454497 0.915419 0.466328 0.941561 0.441712 0.952246 0.431599 0.924578
0 0.431599 0.924578 0.441712 0.952246 0.435797 0.955299 0.425302 0.927249 0.431599 0.924578
0 0.451104 0.864840 0.473510 0.856803 0.475702 0.861187 0.483008 0.858508 0.495185 0.887489 0.460846 0.900396 0.448669 0.868980 0.451104 0.864840
0 0.494682 0.850155 0.523419 0.841144 0.527315 0.841144 0.530969 0.849424 0.536326 0.853077 0.537057 0.868420 0.505641 0.877918 0.503936 0.865984 0.494682 0.850155
0 0.494682 0.850155 0.503936 0.865984 0.505641 0.877918 0.503205 0.879136 0.493220 0.858191 0.494682 0.850155
0 0.518071 0.874307 0.534388 0.921061 0.521480 0.926663 0.503205 0.879136 0.518071 0.874307
0 0.521480 0.926663 0.515879 0.928611 0.497370 0.882582 0.503205 0.879136 0.521480 0.926663
0 0.525951 0.639525 0.533011 0.623878 0.532057 0.611475 0.559917 0.616245 0.559344 0.630747 0.556291 0.645058 0.525951 0.639525
0 0.525951 0.639525 0.522707 0.637807 0.529604 0.610656 0.532057 0.611475 0.533011 0.623878 0.525951 0.639525
0 0.961389 0.789970 0.938194 0.782472 0.941826 0.770172 0.965606 0.777084 0.961389 0.789970
0 0.955482 0.812923 0.966098 0.816362 0.965350 0.818754 0.974769 0.822342 0.971779 0.834602 0.958323 0.830566 0.958921 0.827276 0.951296 0.823987 0.955482 0.812923
0 0.734066 0.597393 0.750006 0.597012 0.751867 0.623705 0.735561 0.623128 0.734066 0.597393
0 0.672757 0.776640 0.717910 0.758849 0.725535 0.775743 0.690162 0.791991 0.696077 0.805920 0.686345 0.808973 0.684628 0.804966 0.679667 0.807256 0.673179 0.791991 0.677568 0.790082 0.671843 0.777679 0.672757 0.776640
0 0.633757 0.793926 0.667722 0.781714 0.673828 0.788392 0.675546 0.790873 0.673179 0.791991 0.676691 0.801940 0.643107 0.813389 0.636237 0.809382 0.633757 0.793926
0 0.548619 0.813862 0.576097 0.812526 0.575906 0.830654 0.548047 0.831608 0.548619 0.813862
0 0.597669 0.818637 0.618086 0.814630 0.615415 0.802799 0.629154 0.797838 0.635069 0.820355 0.599196 0.830468 0.597669 0.818637
0 0.708305 0.843761 0.701862 0.838489 0.701979 0.835092 0.711820 0.833452 0.715568 0.839427 0.708305 0.843761
0 0.795259 0.717186 0.810808 0.736473 0.803781 0.742603 0.786588 0.721671 0.794362 0.716289 0.795259 0.717186
0 0.603384 0.745925 0.635044 0.728146 0.651848 0.756640 0.627007 0.772227 0.623842 0.765895 0.616292 0.770522 0.601193 0.747142 0.603384 0.745925
0 0.755922 0.720324 0.754732 0.729448 0.757509 0.733811 0.750644 0.755499 0.726410 0.752637 0.728700 0.740997 0.733661 0.742333 0.735379 0.728785 0.737666 0.720332 0.742117 0.717555 0.752598 0.716631 0.755922 0.720324
0 0.743624 0.685414 0.740847 0.696919 0.756318 0.706043 0.752432 0.716162 0.741957 0.717079 0.737852 0.719648 0.737859 0.719626 0.731753 0.717527 0.727937 0.726877 0.708855 0.718672 0.715062 0.705249 0.728946 0.677877 0.743624 0.685414
0 0.718904 0.840050 0.740848 0.832608 0.744665 0.844248 0.722912 0.852453 0.718904 0.840050
0 0.902962 0.783736 0.928777 0.793721 0.930968 0.797131 0.941684 0.803219 0.937787 0.817101 0.899065 0.802732 0.902962 0.783736
0 0.902962 0.783736 0.899065 0.802732 0.895412 0.801271 0.898578 0.783493 0.902962 0.783736
0 0.261929 0.896922 0.272401 0.893025 0.292371 0.934183 0.279707 0.939541 0.261929 0.896922
0 0.835271 0.922456 0.839008 0.914233 0.857996 0.922456 0.853810 0.931576 0.835271 0.922456
0 0.686389 0.747778 0.693449 0.731558 0.702799 0.736710 0.709478 0.744343 0.701082 0.754838 0.698029 0.752739 0.695739 0.758273 0.686770 0.755792 0.686389 0.747778
0 0.569042 0.745583 0.561492 0.735842 0.570990 0.730727 0.576592 0.741443 0.569042 0.745583
0 0.409053 0.707511 0.414205 0.701405 0.421838 0.709038 0.415922 0.714953 0.409053 0.707511
0 0.330843 0.625804 0.323537 0.615576 0.338880 0.606078 0.346186 0.616550 0.330843 0.625804
0 0.190790 0.808376 0.204945 0.828123 0.197081 0.833890 0.183451 0.813619 0.190790 0.808376
0 0.728700 0.740997 0.726410 0.752637 0.714287 0.743811 0.713973 0.740986 0.713973 0.732353 0.728700 0.740997
