0 0.999006 0.732635 0.989632 0.732255 0.989482 0.736143 0.983502 0.735694 0.982754 0.729265 0.979315 0.729265 0.979166 0.715959 0.990977 0.715510 0.991127 0.721042 0.999006 0.720776 0.999006 0.732635
0 0.939166 0.946644 0.951265 0.947955 0.955352 0.949688 0.958385 0.950170 0.958655 0.960451 0.953496 0.960292 0.952924 0.970024 0.942238 0.970024 0.942620 0.974413 0.933651 0.974794 0.933842 0.967734 0.936297 0.967681 0.939166 0.946644
0 0.886831 0.712555 0.899839 0.719133 0.885635 0.741709 0.871731 0.759501 0.857976 0.749035 0.874123 0.732589 0.886831 0.712555
0 0.867751 0.765338 0.891972 0.765338 0.893916 0.776103 0.892570 0.786419 0.865060 0.782233 0.867602 0.774757 0.867751 0.765338
0 0.873971 0.802396 0.889819 0.802546 0.889819 0.818693 0.873822 0.818394 0.873971 0.802396
0 0.892810 0.802845 0.899986 0.800303 0.907163 0.802546 0.908807 0.816600 0.893408 0.817946 0.892810 0.802845
0 0.925996 0.790187 0.936773 0.799090 0.927753 0.809516 0.917093 0.799324 0.925996 0.790187
0 0.891627 0.871425 0.904933 0.862753 0.914053 0.870229 0.900448 0.883236 0.891627 0.871425
3 0.781651 0.815000 0.799340 0.806799 0.804143 0.815234 0.788094 0.825426 0.781651 0.815000
0 0.811561 0.814204 0.823276 0.825098 0.815544 0.833884 0.811444 0.830721 0.807695 0.835056 0.799261 0.827324 0.802541 0.823458 0.811561 0.814204
0 0.850634 0.673632 0.851970 0.721145 0.834796 0.717711 0.834796 0.705307 0.837659 0.705307 0.837277 0.696911 0.832316 0.696339 0.832506 0.687752 0.837468 0.686607 0.838040 0.679165 0.840712 0.678975 0.840521 0.673441 0.850634 0.673632
0 0.839923 0.659371 0.850583 0.659371 0.850583 0.671789 0.840157 0.671671 0.839923 0.659371
0 0.834796 0.705307 0.834814 0.715436 0.822706 0.716082 0.821752 0.703298 0.822706 0.702725 0.834727 0.701962 0.834796 0.705307
0 0.890189 0.689970 0.890572 0.700538 0.866431 0.700506 0.867015 0.689970 0.890189 0.689970
0 0.855825 0.737700 0.851140 0.746369 0.840714 0.740512 0.845517 0.731843 0.855825 0.737700
0 0.851140 0.746369 0.843877 0.755623 0.834619 0.748567 0.840714 0.740512 0.851140 0.746369
3 0.843877 0.755623 0.833216 0.768041 0.825016 0.759958 0.834619 0.748567 0.843877 0.755623
1 0.856071 0.754751 0.868137 0.761311 0.862280 0.773025 0.850097 0.766348 0.856071 0.754751
0 0.856476 0.839096 0.856218 0.849349 0.841365 0.849008 0.840984 0.832598 0.835832 0.832980 0.835832 0.827446 0.835600 0.825713 0.888975 0.824517 0.889124 0.826311 0.896301 0.826610 0.896151 0.828255 0.901683 0.828105 0.901683 0.829451 0.912299 0.829152 0.912299 0.834983 0.904375 0.835132 0.904524 0.837674 0.856476 0.839096
0 0.947447 0.769198 0.940871 0.777234 0.927720 0.767006 0.935026 0.747766 0.949395 0.751419 0.950856 0.755072 0.960111 0.761648 0.953779 0.773094 0.947447 0.769198
0 0.944768 0.786127 0.936795 0.797220 0.929618 0.791090 0.930665 0.788549 0.921844 0.780774 0.928572 0.771205 0.944768 0.786127
2 0.898084 0.733970 0.902664 0.736642 0.903236 0.730535 0.909724 0.731489 0.911250 0.738931 0.922127 0.738359 0.923081 0.746564 0.921745 0.754578 0.907434 0.753815 0.891787 0.744465 0.898084 0.733970
3 0.633125 0.885007 0.645240 0.875719 0.656092 0.884810 0.642967 0.895413 0.633125 0.885007
4 0.837929 0.649045 0.837340 0.640846 0.846648 0.640906 0.846417 0.648365 0.837929 0.649045
