3 0.091887 0.272957 0.099718 0.263308 0.108668 0.269741 0.101116 0.279529 0.091887 0.272957
0 0.030249 0.462557 0.060034 0.470668 0.059335 0.474444 0.069823 0.477520 0.069124 0.480457 0.072900 0.481575 0.069683 0.494580 0.056399 0.489127 0.054301 0.494301 0.024236 0.485351 0.030249 0.462557
0 0.018387 0.461268 0.027288 0.463968 0.022472 0.479728 0.017365 0.478269 0.016417 0.480895 0.019189 0.481990 0.018241 0.484981 0.015760 0.484179 0.015249 0.486003 0.009047 0.483814 0.018387 0.461268
3 0.117951 0.527405 0.126662 0.511724 0.146796 0.522759 0.145634 0.525275 0.151442 0.528953 0.154927 0.522371 0.189967 0.545215 0.189967 0.547345 0.205842 0.560703 0.202551 0.566511 0.196549 0.568447 0.190354 0.564768 0.191129 0.563026 0.183579 0.556250 0.176803 0.560509 0.168091 0.555282 0.171189 0.549862 0.149313 0.535729 0.144086 0.542699 0.117951 0.527405
3 0.146325 0.561912 0.151359 0.553242 0.175831 0.567506 0.173873 0.572820 0.168699 0.576036 0.146325 0.561912
3 0.230467 0.594471 0.235781 0.588038 0.248366 0.597687 0.243472 0.604260 0.230467 0.594471
0 0.171508 0.508051 0.180026 0.495467 0.181768 0.486175 0.212162 0.502630 0.201902 0.524700 0.171508 0.508051
3 0.134051 0.482168 0.142839 0.475703 0.146778 0.470956 0.157284 0.482673 0.143748 0.493986 0.134051 0.482168
0 0.093885 0.469914 0.102415 0.448938 0.123251 0.455790 0.114022 0.477605 0.093885 0.469914
0 0.095887 0.446985 0.101620 0.433002 0.115045 0.438875 0.114206 0.441672 0.122736 0.446985 0.120778 0.453698 0.100502 0.446007 0.099663 0.447685 0.095887 0.446985
0 0.177228 0.450706 0.191072 0.438820 0.197784 0.445672 0.184220 0.457139 0.177228 0.450706
0 0.048569 0.519583 0.056120 0.503921 0.069125 0.510214 0.061015 0.526435 0.048569 0.519583
0 0.190704 0.436711 0.199514 0.420629 0.209862 0.426642 0.202171 0.440906 0.197277 0.443003 0.190704 0.436711
0 0.060892 0.400684 0.068443 0.388378 0.079491 0.394671 0.076414 0.401103 0.082707 0.404879 0.079071 0.410892 0.060892 0.400684
