0 0.631350 0.951789 0.622465 0.942739 0.635628 0.928754 0.644019 0.935335 0.631350 0.951789
0 0.630724 0.511285 0.617397 0.501742 0.636648 0.476897 0.634015 0.474429 0.644545 0.460772 0.649975 0.462911 0.649975 0.481833 0.654746 0.487098 0.658860 0.491376 0.653924 0.500425 0.646520 0.497464 0.635496 0.512930 0.630724 0.511285
0 0.997745 0.433788 0.965990 0.428523 0.969939 0.407627 0.999007 0.413195 0.999007 0.422373 0.997745 0.433788
4 0.999007 0.102584 0.988601 0.092699 0.999007 0.083990 0.999007 0.102584
0 0.969919 0.038637 0.989643 0.028710 0.999007 0.038034 0.999007 0.060349 0.988096 0.065194 0.980619 0.057974 0.969919 0.038637
0 0.999007 0.013642 0.994324 0.029740 0.965036 0.019045 0.972111 0.003414 0.999007 0.011467 0.999007 0.013642
0 0.228201 0.302520 0.225568 0.279814 0.229846 0.277675 0.256665 0.276194 0.258804 0.272245 0.278219 0.272410 0.278878 0.294622 0.267195 0.296267 0.266044 0.308114 0.228201 0.302520
0 0.225404 0.270186 0.210267 0.271996 0.209279 0.248961 0.226885 0.248796 0.225404 0.270186
0 0.219325 0.221352 0.193596 0.211167 0.201637 0.194282 0.231654 0.209291 0.219325 0.221352
0 0.038283 0.358558 0.025778 0.332397 0.025778 0.327296 0.035486 0.321538 0.050459 0.350825 0.038283 0.358558
