0 0.251793 0.014812 0.270781 0.009729 0.273024 0.019298 0.254185 0.024381 0.251793 0.014812
0 0.255083 0.051442 0.253886 0.038435 0.286480 0.033950 0.287227 0.047555 0.273921 0.049200 0.274967 0.059964 0.249401 0.062506 0.248355 0.052339 0.255083 0.051442
0 0.281198 0.079930 0.280955 0.071406 0.301412 0.071650 0.301412 0.097952 0.280224 0.096978 0.280467 0.090159 0.273161 0.090159 0.273161 0.080417 0.281198 0.079930
0 0.315786 0.111432 0.320719 0.106348 0.316982 0.100966 0.322514 0.095584 0.329391 0.098723 0.343894 0.084968 0.364078 0.100218 0.347781 0.117412 0.342099 0.112179 0.330886 0.124738 0.315786 0.111432
0 0.346795 0.084461 0.354293 0.075558 0.365421 0.083758 0.358744 0.093247 0.346795 0.084461
0 0.315517 0.079307 0.331566 0.067358 0.340938 0.079072 0.324420 0.091373 0.315517 0.079307
0 0.376312 0.136050 0.386778 0.143474 0.398946 0.154733 0.394162 0.162059 0.389377 0.159069 0.379360 0.174020 0.359774 0.157125 0.376312 0.136050
0 0.583002 0.000007 0.583119 0.010194 0.593897 0.010545 0.594057 0.000007 0.601407 0.000007 0.602800 0.030929 0.599519 0.037489 0.587336 0.037255 0.587688 0.043443 0.585485 0.043497 0.586264 0.054183 0.597888 0.052084 0.598270 0.060289 0.573654 0.064296 0.572891 0.044642 0.571174 0.000008 0.583002 0.000007
0 0.615663 0.000007 0.618841 0.003898 0.608895 0.007317 0.604784 0.000007 0.615663 0.000007
0 0.613557 0.021615 0.612120 0.016367 0.623814 0.013376 0.633760 0.038088 0.622260 0.041818 0.616976 0.029574 0.606245 0.030813 0.606841 0.021854 0.613557 0.021615
0 0.659507 0.000007 0.666274 0.009685 0.652369 0.018655 0.638708 0.000007 0.659507 0.000007
0 0.649255 0.021229 0.666303 0.018794 0.671174 0.032432 0.653639 0.035598 0.649255 0.021229
0 0.679494 0.058692 0.686172 0.047243 0.698575 0.054494 0.690943 0.066134 0.679494 0.058692
0 0.668617 0.080636 0.676822 0.067851 0.691515 0.075293 0.684837 0.089032 0.668617 0.080636
0 0.625111 0.045334 0.635415 0.041709 0.651825 0.066706 0.643048 0.072812 0.642666 0.078346 0.635987 0.078918 0.634652 0.072431 0.622821 0.076056 0.614043 0.055448 0.611944 0.049723 0.625111 0.045334
0 0.587044 0.085111 0.605135 0.073449 0.614255 0.086008 0.595865 0.097969 0.587044 0.085111
0 0.714368 0.155707 0.724672 0.141587 0.745089 0.155517 0.735930 0.169828 0.714368 0.155707
0 0.624874 0.103614 0.634797 0.113346 0.651207 0.113918 0.661320 0.110102 0.671052 0.130710 0.654642 0.137771 0.633461 0.130901 0.617242 0.115063 0.624874 0.103614
0 0.624487 0.090028 0.641279 0.083541 0.646622 0.095181 0.629830 0.102241 0.624487 0.090028
0 0.652141 0.091449 0.665896 0.088159 0.671278 0.106400 0.656776 0.109838 0.652141 0.091449
0 0.692061 0.118881 0.701779 0.106621 0.717179 0.120227 0.706115 0.131291 0.692061 0.118881
0 0.685632 0.143849 0.705966 0.133085 0.713740 0.147288 0.693855 0.159249 0.685632 0.143849
0 0.652441 0.147288 0.665598 0.146840 0.665747 0.163884 0.652889 0.164930 0.652441 0.147288
0 0.652889 0.164930 0.665747 0.163884 0.667392 0.180181 0.654384 0.181825 0.652889 0.164930
0 0.545113 0.059887 0.571533 0.058333 0.576816 0.076050 0.548221 0.079469 0.545113 0.059887
0 0.534232 0.084899 0.552169 0.081083 0.560755 0.099020 0.542055 0.106843 0.534232 0.084899
0 0.510366 0.042352 0.520554 0.033999 0.531110 0.046849 0.521197 0.055661 0.510366 0.042352
0 0.549778 0.000008 0.544222 0.008356 0.559686 0.017260 0.554414 0.028505 0.522082 0.010817 0.528026 0.000008 0.549778 0.000008
0 0.524193 0.000008 0.520578 0.004842 0.515429 0.000008 0.524193 0.000008
0 0.731989 0.000006 0.730464 0.009345 0.697834 0.008009 0.698025 0.000007 0.731989 0.000006
0 0.434362 0.154984 0.444285 0.136475 0.455925 0.143154 0.445621 0.161854 0.434362 0.154984
0 0.465847 0.171585 0.486074 0.151550 0.499050 0.165479 0.479968 0.184943 0.465847 0.171585
0 0.496569 0.145634 0.525955 0.141627 0.528817 0.160900 0.500958 0.166052 0.496569 0.145634
0 0.516894 0.174253 0.531502 0.167104 0.543313 0.192280 0.529948 0.199740 0.516894 0.174253
0 0.577944 0.483621 0.595478 0.480455 0.596209 0.495311 0.578918 0.500182 0.577944 0.483621
0 0.349870 0.163145 0.361510 0.170206 0.364563 0.166008 0.374295 0.173640 0.369333 0.182418 0.359220 0.176503 0.352732 0.185471 0.339757 0.175930 0.349870 0.163145
4 0.999008 0.011186 0.989840 0.011337 0.989729 0.000001 0.999008 0.000000 0.999008 0.011186
