4 0.999008 0.929144 0.996801 0.930460 0.990886 0.910042 0.999008 0.907662 0.999008 0.929144
0 0.999008 0.945109 0.995199 0.951633 0.978903 0.942811 0.980846 0.937130 0.978006 0.934140 0.981625 0.928628 0.999008 0.935681 0.999008 0.945109
0 0.896357 0.867110 0.902281 0.877553 0.888772 0.884304 0.881721 0.874310 0.896357 0.867110
4 0.967112 0.865435 0.973931 0.872741 0.959319 0.882970 0.952500 0.874933 0.967112 0.865435
0 0.611831 0.928524 0.616458 0.937102 0.622059 0.935154 0.626687 0.946113 0.615619 0.950876 0.614753 0.948305 0.598436 0.954637 0.589669 0.937102 0.611831 0.928524
0 0.601431 0.718265 0.611926 0.718074 0.613071 0.731431 0.610781 0.731622 0.610865 0.735090 0.606368 0.735313 0.606201 0.732195 0.602496 0.732262 0.601431 0.718265
0 0.506883 0.962444 0.522492 0.950857 0.533924 0.963377 0.518383 0.973945 0.506883 0.962444
0 0.452489 0.875725 0.457773 0.895307 0.437880 0.898415 0.433218 0.879455 0.452489 0.875725
0 0.434461 0.930740 0.448448 0.928254 0.452489 0.943795 0.437570 0.945349 0.434461 0.930740
0 0.527294 0.953664 0.523473 0.946348 0.555349 0.932877 0.563873 0.952360 0.552584 0.957280 0.546825 0.944324 0.527294 0.953664
0 0.570244 0.964141 0.559881 0.970678 0.548006 0.976607 0.543379 0.969788 0.565540 0.955176 0.570244 0.964141
0 0.573334 0.970031 0.564079 0.976120 0.559881 0.970678 0.570244 0.964141 0.573334 0.970031
0 0.528837 0.999008 0.536235 0.989906 0.551882 0.996585 0.550393 0.999008 0.528837 0.999008
0 0.571017 0.999008 0.570051 0.992893 0.582263 0.991557 0.582915 0.999007 0.571017 0.999008
0 0.638055 0.999007 0.636604 0.996785 0.634678 0.994629 0.645938 0.987002 0.658466 0.999007 0.638055 0.999007
0 0.646336 0.975391 0.640611 0.980925 0.645938 0.986025 0.634678 0.993652 0.628590 0.986840 0.625346 0.988748 0.618476 0.981688 0.621911 0.980543 0.617522 0.974628 0.620384 0.973101 0.614791 0.965944 0.628853 0.958502 0.646336 0.975391
0 0.514516 0.999008 0.507979 0.991843 0.515421 0.985164 0.528015 0.995468 0.525034 0.999008 0.514516 0.999008
0 0.332022 0.904763 0.341563 0.899420 0.346333 0.908388 0.338891 0.914685 0.332022 0.904763
0 0.553553 0.873546 0.555079 0.883087 0.551072 0.885186 0.552026 0.889193 0.514053 0.896826 0.511382 0.880225 0.553553 0.873546
0 0.358017 0.921143 0.372631 0.943398 0.350986 0.956816 0.360360 0.970242 0.344549 0.979263 0.335380 0.964480 0.322931 0.972337 0.308856 0.950168 0.358017 0.921143
0 0.286677 0.999006 0.273081 0.973496 0.297192 0.959615 0.307420 0.978367 0.296217 0.985673 0.300357 0.992492 0.288947 0.999006 0.286677 0.999006
0 0.282260 0.917711 0.292975 0.932766 0.269695 0.947650 0.260536 0.932384 0.282260 0.917711
0 0.241569 0.923293 0.233936 0.904211 0.247484 0.897342 0.256643 0.915469 0.241569 0.923293
4 0.862442 0.006055 0.873022 0.006855 0.872365 0.020367 0.861488 0.019794 0.862442 0.006055
0 0.946763 0.892654 0.963641 0.911149 0.957716 0.916536 0.953586 0.912047 0.943908 0.918223 0.931321 0.926950 0.917854 0.910431 0.946763 0.892654
0 0.931321 0.927927 0.943908 0.919200 0.960664 0.935351 0.950991 0.945888 0.931321 0.927927
0 0.764317 0.909269 0.778861 0.905498 0.781375 0.915733 0.767549 0.919683 0.770601 0.936382 0.748157 0.940871 0.744206 0.914476 0.764317 0.909269
0 0.341162 0.762865 0.342288 0.784249 0.331314 0.784812 0.331033 0.778622 0.317104 0.778903 0.317949 0.763990 0.341162 0.762865
0 0.317949 0.763990 0.317104 0.778903 0.308945 0.779466 0.309688 0.767352 0.310138 0.764443 0.317949 0.763990
0 0.317104 0.778903 0.316401 0.795082 0.307819 0.794238 0.308945 0.779466 0.317104 0.778903
0 0.331314 0.784812 0.324139 0.785234 0.323857 0.778763 0.331033 0.778622 0.331314 0.784812
0 0.309688 0.767352 0.308945 0.779466 0.302193 0.779588 0.302744 0.767132 0.309688 0.767352
