0 0.299551 0.006034 0.316891 0.001559 0.325421 0.035960 0.303326 0.039595 0.300809 0.027569 0.304025 0.027010 0.299551 0.006034
4 0.358891 0.000007 0.359218 0.001928 0.350269 0.004865 0.352226 0.011437 0.345095 0.012276 0.342997 0.007661 0.332649 0.008500 0.329538 0.000007 0.358891 0.000007
0 0.562498 0.024726 0.566177 0.012142 0.586697 0.017369 0.583406 0.030727 0.562498 0.024726
4 0.678828 0.000007 0.670448 0.012790 0.658832 0.004709 0.649236 0.015518 0.636812 0.008245 0.643678 0.000007 0.678828 0.000007
0 0.482866 0.063145 0.490416 0.044754 0.518487 0.055595 0.518100 0.062177 0.519455 0.063145 0.516357 0.071663 0.511517 0.075342 0.505516 0.086764 0.485576 0.079213 0.489835 0.067017 0.482866 0.063145
0 0.514113 0.084521 0.520695 0.065549 0.523405 0.052772 0.551864 0.062258 0.549153 0.075229 0.546637 0.080069 0.526696 0.074067 0.522244 0.087038 0.514113 0.084521
0 0.548413 0.092064 0.556737 0.062831 0.568546 0.066897 0.560028 0.095742 0.548413 0.092064
0 0.578903 0.073624 0.594778 0.079625 0.589164 0.095113 0.584711 0.092983 0.581807 0.101501 0.570191 0.096662 0.578903 0.073624
0 0.690929 0.206157 0.708808 0.196460 0.715878 0.208885 0.699515 0.217572 0.690929 0.206157
0 0.468936 0.103290 0.490812 0.111227 0.488876 0.124779 0.467000 0.116067 0.468936 0.103290
0 0.525387 0.180865 0.527129 0.159570 0.548618 0.163055 0.546876 0.184156 0.525387 0.180865
0 0.581709 0.153309 0.583049 0.136424 0.596985 0.137496 0.596181 0.156257 0.581709 0.153309
0 0.488369 0.096264 0.490886 0.090251 0.495501 0.091789 0.493683 0.098081 0.488369 0.096264
0 0.497539 0.221229 0.499147 0.208097 0.506920 0.208901 0.507113 0.203674 0.501112 0.202899 0.501886 0.194575 0.518923 0.195156 0.519310 0.197479 0.533248 0.199028 0.531893 0.215677 0.527441 0.215289 0.527247 0.218968 0.528021 0.218968 0.527053 0.224582 0.519503 0.222259 0.497539 0.221229
0 0.533513 0.225711 0.552872 0.230938 0.549774 0.247200 0.534093 0.242941 0.533513 0.225711
0 0.519944 0.261287 0.530786 0.261674 0.530592 0.259545 0.537755 0.258964 0.541240 0.250059 0.551113 0.252188 0.548403 0.267676 0.544724 0.267482 0.542208 0.292262 0.517041 0.288197 0.519944 0.261287
0 0.571404 0.194504 0.573340 0.173596 0.590763 0.175144 0.589215 0.196246 0.571404 0.194504
0 0.594635 0.181533 0.596765 0.165465 0.626053 0.168251 0.625473 0.173284 0.629732 0.173865 0.628376 0.188578 0.637282 0.189159 0.633797 0.217810 0.593723 0.212971 0.595466 0.202517 0.617342 0.204840 0.617922 0.202710 0.610759 0.202129 0.613554 0.183494 0.594635 0.181533
0 0.563764 0.207658 0.585060 0.208239 0.584866 0.228179 0.591255 0.228760 0.591061 0.242118 0.590867 0.244441 0.588544 0.244828 0.591835 0.249862 0.591255 0.258767 0.579833 0.260896 0.560473 0.258380 0.560280 0.249281 0.570540 0.249474 0.570540 0.244054 0.561248 0.242312 0.563764 0.207658
0 0.586504 0.266145 0.609438 0.268802 0.608878 0.288379 0.599649 0.287121 0.598251 0.297329 0.583567 0.295232 0.585106 0.265726 0.586504 0.266145
0 0.489630 0.318797 0.489770 0.303275 0.498300 0.304953 0.498999 0.303695 0.518996 0.307890 0.518717 0.320336 0.520395 0.321035 0.519556 0.327188 0.516619 0.327188 0.516200 0.333201 0.491168 0.329985 0.491588 0.319217 0.489630 0.318797
0 0.535859 0.359414 0.534446 0.381721 0.513234 0.380105 0.513739 0.374246 0.507072 0.373943 0.507678 0.357175 0.510762 0.356260 0.535859 0.359414
0 0.536776 0.344796 0.535859 0.359256 0.510315 0.355561 0.511968 0.343118 0.536776 0.344796
0 0.716071 0.258386 0.728440 0.243888 0.744723 0.258773 0.742234 0.261206 0.733494 0.272518 0.716071 0.258386
0 0.744723 0.258773 0.743833 0.257328 0.753126 0.251671 0.761004 0.263894 0.745853 0.273389 0.744136 0.266217 0.742234 0.261206 0.744723 0.258773
4 0.777468 0.280699 0.794353 0.299192 0.759243 0.332962 0.738875 0.312057 0.775860 0.278287 0.777468 0.280699
0 0.793517 0.285046 0.809865 0.271109 0.821926 0.284778 0.803969 0.298446 0.793517 0.285046
0 0.543787 0.463656 0.575343 0.452814 0.585410 0.479917 0.554048 0.491339 0.543787 0.463656
0 0.590040 0.442249 0.605422 0.429804 0.620385 0.445326 0.614792 0.450360 0.611296 0.447284 0.601647 0.454275 0.590040 0.442249
0 0.618938 0.476896 0.637136 0.460054 0.647783 0.470314 0.629392 0.488512 0.618938 0.476896
0 0.638777 0.514410 0.647587 0.522661 0.628429 0.542238 0.614165 0.528394 0.620038 0.522381 0.627310 0.527835 0.638777 0.514410
0 0.472534 0.483524 0.471735 0.467355 0.481414 0.467936 0.481995 0.455546 0.495934 0.456320 0.496708 0.485746 0.472534 0.483524
0 0.470579 0.346006 0.487499 0.346425 0.487220 0.357332 0.470579 0.356633 0.470579 0.346006
0 0.493052 0.346705 0.500426 0.347311 0.500123 0.356806 0.492951 0.356099 0.493052 0.346705
0 0.368881 0.064837 0.382306 0.067214 0.379509 0.082317 0.375174 0.092245 0.368881 0.094063 0.372937 0.097280 0.366085 0.111683 0.344829 0.097280 0.362309 0.075605 0.368881 0.064837
0 0.312491 0.133877 0.330110 0.143246 0.328013 0.147021 0.328572 0.170654 0.301303 0.168417 0.301723 0.160446 0.310113 0.159187 0.308715 0.149259 0.305079 0.147021 0.307736 0.139470 0.306897 0.138631 0.312491 0.133877
0 0.283325 0.184390 0.285842 0.173743 0.311203 0.179163 0.304814 0.209945 0.281196 0.204524 0.285842 0.185746 0.283325 0.184390
0 0.290348 0.066738 0.301675 0.066738 0.301535 0.059326 0.314680 0.058347 0.314820 0.065339 0.329083 0.064780 0.328384 0.100439 0.316078 0.094705 0.316358 0.090790 0.290907 0.086455 0.291047 0.077785 0.290348 0.077505 0.290348 0.066738
0 0.310307 0.096664 0.322193 0.101978 0.317299 0.109669 0.318697 0.111067 0.311006 0.123513 0.307510 0.121975 0.293806 0.142112 0.288632 0.138895 0.286254 0.141412 0.282618 0.138616 0.275906 0.143230 0.267656 0.135539 0.272270 0.129666 0.268467 0.128359 0.268827 0.121188 0.274566 0.117840 0.283472 0.113882 0.284970 0.104890 0.282666 0.098740 0.283038 0.096804 0.293386 0.093867 0.310307 0.096664
0 0.238469 0.158135 0.252020 0.139550 0.272541 0.152715 0.265572 0.160652 0.267120 0.162007 0.258989 0.171106 0.238469 0.158135
0 0.249867 0.192037 0.270194 0.196876 0.263419 0.214106 0.258966 0.212364 0.257998 0.213913 0.261289 0.216236 0.256449 0.222044 0.241542 0.220108 0.249867 0.192037
0 0.222408 0.180721 0.237930 0.185056 0.236811 0.193446 0.232336 0.191908 0.230379 0.195963 0.233315 0.197502 0.228701 0.213583 0.210661 0.208549 0.222408 0.180721
0 0.200174 0.220155 0.205068 0.210087 0.226743 0.215820 0.222408 0.226448 0.200174 0.220155
0 0.195139 0.226029 0.212759 0.230084 0.209822 0.237356 0.222128 0.243509 0.227442 0.231622 0.238070 0.237076 0.225624 0.260429 0.205767 0.251060 0.208704 0.247005 0.187448 0.239313 0.195139 0.226029
0 0.246027 0.232054 0.258030 0.233216 0.249124 0.266707 0.240606 0.277548 0.226668 0.272128 0.230927 0.263416 0.237702 0.263416 0.246027 0.232054
0 0.176015 0.260588 0.182984 0.247810 0.202925 0.256522 0.194213 0.273365 0.185888 0.270848 0.187824 0.264847 0.176015 0.260588
0 0.168078 0.278592 0.181823 0.281496 0.184146 0.272784 0.195181 0.275688 0.188405 0.296983 0.180855 0.294466 0.175628 0.306469 0.169627 0.304146 0.168078 0.307631 0.159366 0.305114 0.168078 0.278592
0 0.218318 0.280382 0.239226 0.284834 0.233031 0.295288 0.215608 0.291416 0.218318 0.280382
0 0.211930 0.309421 0.214640 0.296256 0.230321 0.298192 0.227804 0.311550 0.211930 0.309421
0 0.211542 0.313873 0.226062 0.315809 0.224707 0.335749 0.217931 0.338460 0.206896 0.335943 0.211542 0.313873
0 0.205928 0.353366 0.206896 0.335943 0.217931 0.338460 0.224707 0.335749 0.228966 0.335556 0.235548 0.358012 0.220448 0.360336 0.217931 0.351043 0.212123 0.354141 0.205928 0.353366
0 0.219471 0.360336 0.234571 0.358012 0.248510 0.397699 0.253737 0.409121 0.263417 0.433901 0.247929 0.435643 0.244638 0.424996 0.239411 0.426157 0.232636 0.406992 0.208630 0.414348 0.205532 0.395957 0.200886 0.395957 0.201080 0.369822 0.204758 0.369434 0.205339 0.364207 0.219471 0.360336
0 0.251588 0.454326 0.249458 0.443678 0.238036 0.445808 0.231260 0.446969 0.230099 0.438838 0.242489 0.435160 0.242489 0.432450 0.245586 0.431675 0.248906 0.435643 0.264393 0.433901 0.269205 0.451035 0.251588 0.454326
0 0.202609 0.474072 0.202996 0.452777 0.219645 0.452196 0.219064 0.474266 0.202609 0.474072
0 0.221581 0.483946 0.219645 0.470781 0.236875 0.466909 0.239198 0.481235 0.221581 0.483946
0 0.239778 0.502918 0.270947 0.499433 0.272496 0.515889 0.241714 0.519180 0.239778 0.502918
0 0.212675 0.526343 0.247329 0.523632 0.248877 0.524794 0.271528 0.525181 0.272883 0.547638 0.251975 0.546476 0.252749 0.535248 0.214031 0.538539 0.212675 0.526343
0 0.215386 0.579774 0.216160 0.558479 0.242876 0.559060 0.241521 0.580549 0.231067 0.580162 0.230873 0.585389 0.215192 0.585001 0.215386 0.579774
0 0.210933 0.596230 0.233196 0.597972 0.232228 0.608426 0.244618 0.609975 0.242682 0.626237 0.247329 0.625850 0.244812 0.653340 0.221000 0.651017 0.221387 0.639401 0.231260 0.640563 0.232035 0.633787 0.210739 0.631077 0.212482 0.607845 0.208997 0.607845 0.209578 0.596230 0.210933 0.596230
0 0.210110 0.668489 0.211078 0.681267 0.218822 0.679331 0.226178 0.688042 0.218628 0.695593 0.219403 0.704304 0.234116 0.734698 0.221532 0.740893 0.213401 0.721340 0.202753 0.723083 0.195784 0.711467 0.206045 0.706821 0.202173 0.698496 0.198107 0.698109 0.196365 0.679331 0.197914 0.668102 0.210110 0.668489
0 0.244473 0.707531 0.258799 0.702691 0.269253 0.718566 0.251830 0.723793 0.244473 0.707531
0 0.294418 0.651715 0.317456 0.648424 0.320360 0.654812 0.317456 0.654425 0.318811 0.663330 0.298290 0.665460 0.294418 0.651715
0 0.301889 0.750505 0.331638 0.745145 0.336462 0.757742 0.341018 0.778915 0.324938 0.782131 0.320917 0.768730 0.304301 0.771142 0.299745 0.752381 0.301889 0.750505
0 0.270348 0.811310 0.274430 0.815392 0.250313 0.844332 0.235842 0.831717 0.244747 0.818731 0.244004 0.818242 0.258877 0.804102 0.270348 0.811310
0 0.258846 0.796469 0.257362 0.803148 0.258447 0.803828 0.243584 0.817969 0.218904 0.801696 0.235471 0.780886 0.258846 0.796469
0 0.275547 0.847769 0.284123 0.836244 0.303152 0.850181 0.294576 0.862241 0.275547 0.847769
0 0.262343 0.862800 0.267657 0.853431 0.285276 0.868674 0.278284 0.877204 0.262343 0.862800
0 0.305392 0.786063 0.340233 0.791155 0.339697 0.802680 0.306464 0.797051 0.305392 0.786063
0 0.325670 0.907797 0.331284 0.921155 0.319088 0.926189 0.322960 0.936643 0.313667 0.939934 0.303794 0.917671 0.325670 0.907797
0 0.317997 0.987751 0.326841 0.956125 0.343994 0.959341 0.346942 0.974350 0.344798 0.974350 0.344530 0.993379 0.330594 0.994451 0.330862 0.989895 0.317193 0.990163 0.317997 0.987751
0 0.382692 0.972178 0.394217 0.965477 0.402257 0.979950 0.395289 0.984774 0.396093 0.995226 0.392535 0.999007 0.379298 0.999007 0.374652 0.990402 0.388589 0.982094 0.382692 0.972178
0 0.204267 0.815980 0.222465 0.825272 0.213366 0.842696 0.220722 0.846761 0.211430 0.865733 0.183939 0.851795 0.204267 0.815980
0 0.173098 0.818690 0.182971 0.813850 0.190522 0.827402 0.181810 0.832048 0.173098 0.818690
0 0.104938 0.909526 0.131471 0.896661 0.138976 0.910062 0.115123 0.923462 0.101454 0.929358 0.094218 0.915154 0.104938 0.909526
0 0.071882 0.915448 0.080013 0.914287 0.076529 0.905381 0.095114 0.900929 0.099179 0.909640 0.087951 0.913706 0.089306 0.920869 0.092597 0.921837 0.093952 0.926483 0.087970 0.926906 0.076722 0.927838 0.071882 0.915448
0 0.099541 0.264128 0.107479 0.256772 0.114642 0.265096 0.106898 0.272646 0.099541 0.264128
0 0.116577 0.299168 0.128580 0.279616 0.146391 0.287746 0.153941 0.295490 0.153360 0.304395 0.146197 0.317753 0.139034 0.308848 0.126838 0.302266 0.116577 0.299168
0 0.105155 0.322980 0.108640 0.317366 0.118707 0.324336 0.115610 0.330724 0.105155 0.322980
0 0.112125 0.316205 0.121611 0.303428 0.140970 0.317753 0.133033 0.329950 0.112125 0.316205
0 0.111350 0.358214 0.127612 0.334015 0.139228 0.341759 0.133614 0.351051 0.146391 0.358989 0.143100 0.365377 0.135162 0.362667 0.129355 0.370992 0.111350 0.358214
0 0.166226 0.309534 0.190619 0.316310 0.194104 0.307791 0.208042 0.311470 0.203783 0.334507 0.161774 0.324053 0.166226 0.309534
0 0.188102 0.343219 0.191393 0.335088 0.201654 0.339347 0.195846 0.356964 0.188296 0.357545 0.186554 0.361417 0.169130 0.355415 0.175712 0.338573 0.188102 0.343219
0 0.153256 0.375356 0.165065 0.375356 0.166807 0.384067 0.169324 0.386197 0.174357 0.376323 0.189457 0.381744 0.186554 0.391811 0.178229 0.392585 0.172228 0.397812 0.154804 0.391230 0.153256 0.375356
0 0.153913 0.399753 0.186610 0.402433 0.184198 0.430306 0.186878 0.434059 0.182633 0.433254 0.180891 0.449322 0.171211 0.448741 0.171018 0.457066 0.182633 0.460551 0.179342 0.464035 0.162112 0.469649 0.152626 0.469649 0.150884 0.444482 0.150497 0.429769 0.152626 0.429769 0.153913 0.399753
0 0.149142 0.500827 0.148561 0.478370 0.159596 0.478370 0.159983 0.470626 0.179342 0.465012 0.188054 0.464431 0.188635 0.469658 0.200831 0.468497 0.204509 0.495600 0.190571 0.495793 0.188828 0.478951 0.173341 0.480112 0.174502 0.501214 0.149142 0.500827
0 0.148754 0.509151 0.168694 0.508958 0.169275 0.530446 0.149335 0.530059 0.148754 0.509151
0 0.170322 0.546347 0.171021 0.528588 0.180810 0.528728 0.180950 0.521456 0.201227 0.522295 0.201366 0.559912 0.185145 0.559632 0.184865 0.545928 0.170322 0.546347
0 0.147220 0.549443 0.168902 0.550024 0.168709 0.560478 0.146833 0.560284 0.147220 0.549443
0 0.178148 0.596183 0.203509 0.599667 0.200992 0.619414 0.185892 0.617091 0.174083 0.624254 0.167114 0.619801 0.170018 0.595795 0.178148 0.596183
0 0.106160 0.665337 0.118937 0.651979 0.139071 0.669402 0.124939 0.683341 0.121067 0.682180 0.112936 0.689730 0.103450 0.680437 0.111968 0.672500 0.105773 0.666692 0.106160 0.665337
0 0.060034 0.646183 0.077070 0.642698 0.080167 0.652765 0.061582 0.656637 0.060034 0.646183
0 0.066653 0.708006 0.061339 0.691365 0.086090 0.685912 0.094061 0.717375 0.082874 0.719193 0.078679 0.706468 0.066653 0.708006
0 0.060214 0.677563 0.076780 0.670190 0.100315 0.665442 0.104861 0.671503 0.106881 0.676654 0.102437 0.677462 0.102942 0.685341 0.088194 0.689584 0.086090 0.685912 0.065063 0.689786 0.060214 0.677563
0 0.049796 0.679996 0.057627 0.676919 0.061543 0.687547 0.053572 0.689085 0.049796 0.679996
0 0.011774 0.735204 0.014871 0.713134 0.056107 0.719910 0.054558 0.733268 0.027261 0.729202 0.026487 0.731913 0.030552 0.733074 0.029004 0.739269 0.011774 0.735204
0 0.098733 0.725732 0.119370 0.718228 0.131430 0.742349 0.112669 0.752533 0.098733 0.725732
0 0.086394 0.138328 0.109711 0.125195 0.123112 0.146100 0.101135 0.157892 0.086394 0.138328
0 0.198746 0.072617 0.205909 0.055194 0.230883 0.061776 0.223720 0.079199 0.198746 0.072617
0 0.114732 0.471397 0.115000 0.442988 0.141533 0.442720 0.142069 0.458800 0.128400 0.458800 0.128400 0.472737 0.114732 0.471397
0 0.120092 0.502754 0.115268 0.491766 0.135100 0.482385 0.137781 0.493374 0.125988 0.495250 0.125184 0.502218 0.120092 0.502754
0 0.234956 0.340238 0.251993 0.334043 0.254316 0.338302 0.261479 0.335398 0.271545 0.351660 0.272707 0.362114 0.260123 0.363662 0.255284 0.356306 0.246185 0.358629 0.234956 0.340238
0 0.274033 0.455599 0.298813 0.451920 0.299781 0.469731 0.277518 0.472248 0.274033 0.455599
0 0.279339 0.516573 0.277188 0.497826 0.288416 0.495890 0.290933 0.514862 0.279339 0.516573
0 0.326437 0.862835 0.334408 0.860039 0.339302 0.871505 0.330212 0.874722 0.326437 0.862835
0 0.107807 0.396782 0.110904 0.388264 0.139169 0.401428 0.136652 0.411882 0.122713 0.406462 0.120777 0.412270 0.110904 0.408204 0.113227 0.399492 0.107807 0.396782
0 0.133939 0.896056 0.146944 0.881093 0.153377 0.886267 0.141211 0.903887 0.136596 0.903327 0.133939 0.896056
0 0.076722 0.927838 0.087970 0.926906 0.090681 0.942587 0.078678 0.943942 0.076722 0.927838
0 0.134435 0.746962 0.132499 0.747930 0.130176 0.744058 0.152052 0.733604 0.159021 0.743864 0.139468 0.753544 0.134435 0.746962
