0 0.696839 0.930125 0.721727 0.944030 0.715681 0.957028 0.690592 0.942116 0.696839 0.930125
0 0.749354 0.954424 0.772730 0.957044 0.769203 0.984551 0.747439 0.982233 0.747762 0.979936 0.742434 0.979291 0.743927 0.967263 0.747883 0.967787 0.749354 0.954424
0 0.708950 0.999006 0.718360 0.984031 0.731560 0.989170 0.728822 0.995308 0.730746 0.997622 0.730041 0.998840 0.725289 0.996670 0.724491 0.998028 0.726187 0.999006 0.708950 0.999006
3 0.833455 0.589304 0.846785 0.589304 0.848295 0.638100 0.870177 0.644136 0.871532 0.671302 0.876973 0.671302 0.877074 0.677549 0.871633 0.677750 0.871463 0.703152 0.810564 0.692451 0.810564 0.674281 0.791281 0.673724 0.791652 0.629224 0.833185 0.634416 0.833455 0.589304
4 0.999008 0.678528 0.996704 0.670472 0.982489 0.659947 0.982216 0.656393 0.999008 0.653374 0.999008 0.678528
2 0.936768 0.625485 0.907102 0.627339 0.903613 0.588447 0.931504 0.586611 0.936768 0.625485
0 0.899629 0.588564 0.872769 0.589584 0.870152 0.551237 0.897916 0.548591 0.899629 0.588564
2 0.959571 0.522284 0.962373 0.562881 0.962302 0.562887 0.962984 0.584042 0.931391 0.585806 0.931436 0.586133 0.901582 0.588093 0.901592 0.588301 0.900117 0.588496 0.898382 0.548070 0.871938 0.549531 0.868849 0.500576 0.957184 0.492599 0.959571 0.522284
0 0.990963 0.559816 0.962861 0.562832 0.960059 0.522256 0.970491 0.521601 0.969467 0.506589 0.986186 0.504883 0.990963 0.559816
0 0.905263 0.626563 0.888041 0.629570 0.887096 0.620868 0.904189 0.618507 0.905263 0.626563
0 0.903828 0.614795 0.897407 0.615543 0.897598 0.618674 0.891822 0.619430 0.891658 0.616309 0.886533 0.617559 0.883531 0.593759 0.900890 0.590752 0.903828 0.614795
0 0.907128 0.482120 0.913191 0.481900 0.914073 0.493805 0.907018 0.493805 0.907128 0.482120
4 0.967994 0.441891 0.976592 0.444316 0.974387 0.452033 0.965899 0.449497 0.967994 0.441891
4 0.990356 0.446742 0.999008 0.448522 0.999008 0.454160 0.990025 0.452143 0.990356 0.446742
0 0.690527 0.942278 0.717520 0.958515 0.712456 0.967660 0.685303 0.951059 0.690527 0.942278
