0 0.882306 0.669488 0.883921 0.681131 0.868572 0.677289 0.867636 0.666727 0.882306 0.669488
0 0.822026 0.713088 0.828843 0.717800 0.824733 0.723113 0.818016 0.717399 0.822026 0.713088
0 0.872904 0.710633 0.899346 0.709440 0.900715 0.719615 0.896988 0.719850 0.897073 0.725657 0.875353 0.726963 0.872904 0.710633
0 0.897881 0.769609 0.909136 0.765441 0.921849 0.764399 0.921641 0.761272 0.930191 0.760967 0.942275 0.761272 0.946026 0.801497 0.930186 0.802331 0.914138 0.805874 0.905801 0.805041 0.901424 0.798580 0.897881 0.769609
0 0.914477 0.725553 0.953363 0.728588 0.946032 0.761294 0.942275 0.761272 0.930191 0.760967 0.931174 0.743587 0.929028 0.741451 0.913520 0.739091 0.914477 0.725553
0 0.894831 0.726893 0.909013 0.725797 0.910030 0.744928 0.895986 0.746071 0.894831 0.726893
1 0.760104 0.652532 0.780405 0.655244 0.778075 0.674655 0.785486 0.676063 0.778090 0.732041 0.749579 0.728077 0.760104 0.652532
3 0.921818 0.904697 0.934740 0.908865 0.930205 0.920642 0.942660 0.925539 0.938124 0.938310 0.931872 0.935701 0.926458 0.951856 0.906125 0.942943 0.919072 0.912184 0.921818 0.904697
0 0.936381 0.914978 0.939095 0.909079 0.953858 0.915752 0.951234 0.922338 0.936381 0.914978
2 0.903468 0.860454 0.916859 0.858656 0.917186 0.869926 0.904895 0.870823 0.903468 0.860454
2 0.916859 0.858656 0.920799 0.858384 0.925568 0.857891 0.926510 0.867160 0.926594 0.870316 0.917186 0.869926 0.916859 0.858656
2 0.925568 0.857891 0.954946 0.860090 0.955260 0.869517 0.926510 0.867160 0.925568 0.857891
3 0.954129 0.969068 0.963051 0.978893 0.952625 0.986813 0.944905 0.976487 0.954129 0.969068
2 0.902923 0.886186 0.915007 0.887983 0.914191 0.900720 0.902433 0.899414 0.902923 0.886186
2 0.917823 0.893340 0.941012 0.899861 0.937996 0.909920 0.934740 0.908865 0.921818 0.904697 0.915373 0.902756 0.917823 0.893340
3 0.467354 0.966743 0.486950 0.970989 0.485481 0.983400 0.464578 0.977684 0.467354 0.966743
0 0.320249 0.454057 0.332914 0.445091 0.337339 0.441969 0.347343 0.454891 0.341299 0.460310 0.339007 0.459268 0.328169 0.466354 0.320249 0.454057
0 0.316094 0.436600 0.331771 0.436436 0.332914 0.445091 0.320249 0.454057 0.316420 0.454073 0.316094 0.436600
3 0.536097 0.999008 0.541558 0.986038 0.552989 0.990610 0.548754 0.999008 0.536097 0.999008
2 0.915373 0.902756 0.921818 0.904697 0.919072 0.912184 0.907851 0.909601 0.911218 0.901423 0.915373 0.902756
0 0.304558 0.417449 0.316310 0.414838 0.324014 0.435077 0.310434 0.436644 0.304558 0.417449
