0 0.450805 0.127016 0.471192 0.143393 0.473866 0.140051 0.481219 0.146067 0.482222 0.158099 0.467850 0.173474 0.433091 0.145064 0.450805 0.127016
0 0.414291 0.211240 0.420053 0.216216 0.408006 0.229833 0.402245 0.224334 0.414291 0.211240
0 0.378787 0.223131 0.391488 0.233492 0.381461 0.245190 0.370097 0.234829 0.378787 0.223131
0 0.399828 0.240909 0.404542 0.245099 0.401399 0.249027 0.404804 0.252432 0.415540 0.258717 0.408732 0.268930 0.397209 0.263169 0.387258 0.254265 0.399828 0.240909
0 0.442457 0.255574 0.459651 0.262790 0.466198 0.267503 0.453104 0.291858 0.429012 0.279288 0.442457 0.255574
0 0.414825 0.293016 0.423849 0.281318 0.453929 0.300035 0.436549 0.326104 0.415493 0.311064 0.423180 0.299701 0.414825 0.293016
0 0.251460 0.194245 0.259626 0.205677 0.267792 0.227999 0.232949 0.242153 0.219339 0.211122 0.251460 0.194245
0 0.164244 0.093032 0.177639 0.113812 0.133671 0.136806 0.119774 0.112487 0.164244 0.093032
0 0.216642 0.302852 0.219909 0.321906 0.203576 0.324629 0.210109 0.340961 0.229708 0.336061 0.237874 0.362193 0.203576 0.370904 0.203576 0.365460 0.199221 0.366549 0.197043 0.354572 0.200310 0.355116 0.190510 0.318096 0.197043 0.316462 0.194865 0.307752 0.216642 0.302852
0 0.243431 0.345629 0.263485 0.354319 0.257803 0.368691 0.237874 0.362193 0.240423 0.347969 0.243431 0.345629
0 0.244100 0.363343 0.239421 0.383063 0.229394 0.379052 0.237874 0.362193 0.244100 0.363343
0 0.201002 0.388123 0.215932 0.406892 0.206974 0.414997 0.191191 0.394095 0.201002 0.388123
0 0.292748 0.412546 0.290570 0.419079 0.292748 0.425068 0.264983 0.447933 0.251917 0.436500 0.251917 0.428878 0.244839 0.422890 0.273693 0.392403 0.292748 0.412546
0 0.256825 0.382990 0.265536 0.393879 0.226882 0.436343 0.215449 0.422733 0.256825 0.382990
0 0.183035 0.397673 0.194468 0.414005 0.191201 0.416727 0.204267 0.431971 0.185757 0.448303 0.181946 0.446670 0.173780 0.449392 0.168336 0.442859 0.163436 0.444492 0.153092 0.426527 0.151459 0.418905 0.183035 0.397673
0 0.143352 0.472501 0.172207 0.502444 0.153152 0.520410 0.149885 0.514966 0.143897 0.518232 0.146075 0.521499 0.135186 0.533476 0.110143 0.507344 0.143352 0.472501
0 0.192636 0.468398 0.202447 0.458587 0.222922 0.478636 0.218230 0.482902 0.220789 0.484608 0.205433 0.498685 0.199034 0.492713 0.208419 0.484181 0.192636 0.468398
0 0.241999 0.454900 0.253976 0.465244 0.235466 0.483754 0.220767 0.469055 0.237644 0.451634 0.241999 0.454900
0 0.044265 0.425077 0.069279 0.418129 0.076922 0.440363 0.047045 0.452175 0.038707 0.434110 0.047740 0.430636 0.044265 0.425077
0 0.088346 0.550202 0.101412 0.558913 0.086713 0.583956 0.070925 0.574701 0.088346 0.550202
3 0.072247 0.578889 0.079499 0.584435 0.075659 0.589127 0.070541 0.585288 0.072247 0.578889
3 0.089261 0.586189 0.100291 0.592205 0.096614 0.598890 0.084582 0.591871 0.089261 0.586189
3 0.081574 0.596884 0.096614 0.606243 0.090598 0.616270 0.074221 0.604906 0.079569 0.596216 0.081574 0.596884
3 0.024040 0.388667 0.019348 0.380989 0.030865 0.372031 0.036837 0.378856 0.024040 0.388667
0 0.079882 0.702394 0.105049 0.710926 0.096518 0.734387 0.099504 0.735667 0.098224 0.745904 0.063672 0.741639 0.067512 0.729268 0.071351 0.729268 0.078176 0.704954 0.079882 0.702394
2 0.092828 0.786487 0.111883 0.785398 0.113516 0.807175 0.095249 0.806476 0.092828 0.786487
0 0.024881 0.815853 0.046041 0.815973 0.047062 0.835901 0.022748 0.834195 0.024881 0.815853
0 0.000008 0.802695 0.001420 0.800923 0.013790 0.803909 0.015923 0.808601 0.019762 0.812014 0.015923 0.829503 0.000008 0.824026 0.000008 0.802695
0 0.122263 0.777522 0.146148 0.777329 0.146151 0.792026 0.142312 0.792026 0.143591 0.805676 0.123969 0.807382 0.122263 0.777522
0 0.155695 0.790036 0.174891 0.793449 0.171905 0.806246 0.152283 0.801980 0.155695 0.790036
1 0.149194 0.808990 0.183619 0.820687 0.176600 0.839404 0.175597 0.841409 0.139501 0.827038 0.149194 0.808990
1 0.103217 0.837955 0.114307 0.819613 0.141181 0.813214 0.135209 0.828144 0.127531 0.826438 0.118146 0.848619 0.103217 0.837955
3 0.183619 0.820687 0.209673 0.832806 0.204554 0.843896 0.179387 0.831952 0.183619 0.820687
3 0.181519 0.812757 0.191804 0.792000 0.203274 0.798254 0.201568 0.803799 0.223323 0.813184 0.217777 0.828540 0.199009 0.820435 0.193463 0.817449 0.189624 0.819582 0.181519 0.812757
3 0.199862 0.786737 0.202848 0.778205 0.217351 0.786310 0.215218 0.791855 0.223323 0.795694 0.222470 0.803373 0.209246 0.800387 0.210526 0.795268 0.201568 0.791002 0.199862 0.786737
3 0.215183 0.872529 0.237791 0.856320 0.249309 0.871676 0.228834 0.886179 0.215183 0.872529
3 0.252450 0.800517 0.264394 0.786014 0.281457 0.797105 0.269939 0.814167 0.252450 0.800517
2 0.352728 0.767717 0.403542 0.755455 0.418785 0.800097 0.365433 0.816974 0.352728 0.767717
0 0.415391 0.645781 0.469833 0.634893 0.515020 0.597873 0.584161 0.612027 0.621181 0.621827 0.613559 0.639248 0.610293 0.640337 0.621810 0.691221 0.629792 0.686787 0.634226 0.629145 0.669698 0.639787 0.695415 0.658409 0.698962 0.656636 0.773453 0.748863 0.787642 0.739108 0.800944 0.763938 0.755717 0.797637 0.767245 0.819807 0.699849 0.864147 0.664377 0.810939 0.643980 0.813599 0.628905 0.778127 0.583678 0.786995 0.580131 0.789656 0.583678 0.801184 0.506527 0.818920 0.501206 0.798523 0.466621 0.806505 0.415391 0.645781
0 0.623266 0.841080 0.627959 0.838094 0.649287 0.818472 0.680426 0.839800 0.663364 0.856862 0.650567 0.844919 0.639476 0.855583 0.623266 0.841080
0 0.471598 0.601619 0.475943 0.591592 0.491986 0.596939 0.487975 0.606632 0.471598 0.601619
0 0.454887 0.595937 0.460235 0.584239 0.475943 0.591592 0.471598 0.601619 0.454887 0.595937
0 0.427146 0.570870 0.453884 0.583570 0.438176 0.597274 0.415783 0.585241 0.427146 0.570870
0 0.308578 0.680548 0.314550 0.671164 0.326920 0.678416 0.320948 0.686947 0.308578 0.680548
0 0.184034 0.520430 0.197931 0.507229 0.210438 0.522515 0.195847 0.533632 0.184034 0.520430
0 0.766262 0.855457 0.791002 0.839248 0.804652 0.859723 0.777779 0.877639 0.766262 0.855457
0 0.542255 0.561484 0.548939 0.561149 0.552282 0.540428 0.574006 0.544438 0.573672 0.551457 0.581693 0.552794 0.576680 0.583877 0.539915 0.575855 0.542255 0.561484
0 0.619501 0.593386 0.624180 0.576674 0.649915 0.582022 0.645570 0.600739 0.619501 0.593386
0 0.594737 0.508850 0.606435 0.522888 0.596074 0.530909 0.599082 0.535588 0.584376 0.546283 0.570339 0.524893 0.594737 0.508850
0 0.598558 0.485665 0.599605 0.497449 0.583369 0.497449 0.582584 0.485665 0.598558 0.485665
0 0.640190 0.444551 0.641527 0.446891 0.648211 0.481316 0.640190 0.481650 0.630497 0.484324 0.630831 0.488335 0.619134 0.492345 0.614454 0.474966 0.603091 0.476971 0.599748 0.474632 0.585377 0.480313 0.580698 0.472292 0.577690 0.471624 0.576019 0.468281 0.591727 0.460260 0.605430 0.454912 0.640190 0.444551
0 0.715725 0.443214 0.716059 0.452573 0.697676 0.456249 0.696005 0.464939 0.679294 0.464605 0.678960 0.477305 0.655898 0.480982 0.651219 0.478308 0.649214 0.466944 0.646540 0.464939 0.643198 0.439204 0.688652 0.432185 0.696005 0.435861 0.707703 0.435527 0.715725 0.443214
0 0.756972 0.501579 0.769018 0.514411 0.764305 0.528814 0.749378 0.523052 0.756972 0.501579
0 0.785765 0.539162 0.780658 0.561218 0.756651 0.553421 0.753368 0.560397 0.744956 0.556088 0.748034 0.550138 0.741673 0.546444 0.751522 0.525105 0.785765 0.539162
0 0.786717 0.560798 0.786442 0.559743 0.787567 0.538200 0.807773 0.562803 0.793401 0.571827 0.786717 0.560798
0 0.768382 0.641085 0.776999 0.632057 0.790131 0.643957 0.788900 0.659141 0.770433 0.642521 0.768382 0.641085
1 0.800599 0.787574 0.810206 0.768313 0.821569 0.773660 0.813882 0.793045 0.800599 0.787574
3 0.948362 0.579482 0.973530 0.568391 0.979502 0.576496 0.982061 0.585880 0.970970 0.591425 0.976942 0.605502 0.961586 0.614460 0.955187 0.602090 0.962439 0.596971 0.948362 0.579482
3 0.955187 0.602090 0.961586 0.614460 0.964673 0.623255 0.940609 0.632614 0.940275 0.631277 0.935261 0.609218 0.955187 0.602090
0 0.999008 0.465501 0.970874 0.456784 0.986917 0.434391 0.999008 0.442674 0.999008 0.465501
4 0.999008 0.435056 0.987344 0.427347 0.999008 0.409449 0.999008 0.435056
0 0.948701 0.477043 0.928013 0.462889 0.936180 0.453089 0.955779 0.466155 0.948701 0.477043
0 0.893739 0.482767 0.906536 0.472956 0.922746 0.484473 0.911655 0.496844 0.893739 0.482767
3 0.863483 0.486968 0.876707 0.495499 0.856232 0.528771 0.837890 0.520240 0.860498 0.487394 0.863483 0.486968
0 0.812296 0.495499 0.830638 0.503604 0.825093 0.516401 0.805044 0.505737 0.812296 0.495499
0 0.778611 0.483093 0.796993 0.492117 0.789975 0.502144 0.773263 0.493120 0.778611 0.483093
0 0.738660 0.447387 0.758045 0.456077 0.763393 0.456077 0.764395 0.458751 0.776428 0.460088 0.775759 0.476799 0.751026 0.470783 0.745345 0.468109 0.733647 0.454740 0.738660 0.447387
0 0.785452 0.459420 0.788125 0.460756 0.793807 0.483150 0.779436 0.477133 0.785452 0.459420
3 0.787918 0.452190 0.804940 0.448524 0.803892 0.433597 0.824318 0.432811 0.831913 0.477592 0.809392 0.481520 0.806249 0.455594 0.798917 0.456642 0.798393 0.462141 0.788125 0.460756 0.787918 0.452190
0 0.787325 0.409452 0.791947 0.411689 0.790610 0.421716 0.786265 0.422050 0.787602 0.430071 0.800302 0.431408 0.795623 0.448454 0.784594 0.449791 0.764717 0.447843 0.762584 0.451255 0.748507 0.445710 0.735710 0.444004 0.736563 0.434619 0.748081 0.424808 0.769409 0.427367 0.770262 0.416703 0.787325 0.409452
3 0.827689 0.423741 0.843663 0.425313 0.839997 0.446001 0.826903 0.445739 0.824318 0.432811 0.827689 0.423741
3 0.841116 0.455555 0.861169 0.465916 0.852480 0.484632 0.833763 0.474272 0.841116 0.455555
2 0.906317 0.429186 0.909796 0.429920 0.931793 0.439348 0.926556 0.451132 0.906129 0.443538 0.902987 0.449037 0.918437 0.455846 0.909796 0.473129 0.896290 0.466619 0.890274 0.474306 0.871557 0.473303 0.874231 0.457260 0.872894 0.451579 0.860862 0.447234 0.861531 0.440549 0.869552 0.439881 0.877239 0.428851 0.884592 0.432862 0.887266 0.427180 0.890274 0.429854 0.892613 0.423838 0.906317 0.429186
2 0.877239 0.428851 0.869552 0.439881 0.861531 0.440549 0.858909 0.434954 0.867441 0.423010 0.877239 0.428851
0 0.896032 0.380904 0.911815 0.389436 0.905843 0.401380 0.915227 0.409484 0.905843 0.423134 0.889633 0.415883 0.891340 0.413323 0.879822 0.406925 0.896032 0.380904
2 0.914961 0.356088 0.912828 0.370165 0.896619 0.371871 0.896032 0.379928 0.893206 0.386374 0.876143 0.387227 0.875717 0.365472 0.885528 0.366326 0.885954 0.362060 0.891926 0.362060 0.892779 0.355661 0.914961 0.356088
0 0.915227 0.410461 0.926478 0.414774 0.928611 0.421599 0.925198 0.429704 0.908989 0.420746 0.915227 0.410461
0 0.926905 0.391616 0.941408 0.391616 0.940128 0.395456 0.968282 0.397162 0.989610 0.403134 0.986197 0.413798 0.969988 0.414224 0.967428 0.421903 0.951645 0.421903 0.951219 0.414224 0.943541 0.413371 0.940981 0.421903 0.928611 0.420623 0.926478 0.413798 0.926905 0.391616
0 0.966176 0.328445 0.971075 0.330078 0.968353 0.344233 0.959643 0.343689 0.963454 0.326812 0.966176 0.328445
0 0.968353 0.344233 0.978445 0.347342 0.977165 0.356300 0.988256 0.363978 0.980151 0.382320 0.951571 0.364831 0.958396 0.350328 0.966928 0.354167 0.968353 0.344233
0 0.902751 0.340900 0.921093 0.341326 0.921946 0.333222 0.931757 0.333648 0.937729 0.357962 0.898912 0.352844 0.902751 0.340900
0 0.893424 0.320403 0.907074 0.318697 0.907927 0.326375 0.893424 0.329361 0.894704 0.337039 0.885319 0.337039 0.886172 0.351542 0.869963 0.351542 0.866977 0.334053 0.876788 0.334053 0.876788 0.325522 0.876788 0.309739 0.889158 0.309739 0.890011 0.322536 0.893424 0.320403
0 0.839224 0.317542 0.859699 0.315409 0.860979 0.338443 0.841784 0.339723 0.839224 0.317542
0 0.812351 0.375128 0.840930 0.352093 0.846049 0.350387 0.855007 0.359345 0.855007 0.366170 0.819602 0.383659 0.812351 0.375128
0 0.806229 0.372318 0.812351 0.375128 0.816256 0.384350 0.797873 0.394376 0.790855 0.381342 0.806229 0.372318
0 0.787582 0.363997 0.795962 0.377352 0.790855 0.381342 0.788105 0.382590 0.779725 0.368972 0.786272 0.363211 0.787582 0.363997
0 0.795665 0.329878 0.800679 0.336897 0.809034 0.333889 0.815050 0.341242 0.830759 0.338902 0.835438 0.350600 0.813045 0.357953 0.809368 0.360627 0.801681 0.362298 0.794663 0.355948 0.785304 0.358287 0.774609 0.343581 0.795665 0.329878
0 0.866964 0.292746 0.890374 0.293291 0.889158 0.309739 0.870231 0.309079 0.866964 0.292746
0 0.721072 0.402375 0.721925 0.397256 0.741973 0.398109 0.741973 0.422850 0.735575 0.422423 0.734295 0.426262 0.710834 0.423703 0.711687 0.403654 0.721072 0.402375
0 0.646645 0.331361 0.663356 0.320666 0.675054 0.331361 0.669707 0.338046 0.676057 0.343059 0.680402 0.349075 0.669707 0.360104 0.659011 0.344730 0.653998 0.345064 0.646645 0.331361
0 0.686387 0.353186 0.691079 0.356172 0.689799 0.360011 0.692359 0.361291 0.697478 0.360864 0.702596 0.367263 0.696624 0.371102 0.703449 0.377074 0.693638 0.385605 0.674443 0.360864 0.686387 0.353186
0 0.664401 0.285565 0.667410 0.296699 0.659732 0.301391 0.667410 0.318027 0.646645 0.331361 0.630103 0.300808 0.664401 0.285565
0 0.699240 0.252734 0.708625 0.265958 0.695401 0.274916 0.686870 0.260413 0.699240 0.252734
0 0.649616 0.252151 0.660504 0.274472 0.645261 0.281005 0.643627 0.279916 0.626750 0.284816 0.624573 0.280460 0.618040 0.283182 0.612051 0.266305 0.649616 0.252151
0 0.633094 0.388522 0.645465 0.395347 0.648877 0.400466 0.632668 0.424780 0.626696 0.418382 0.616458 0.411557 0.633094 0.388522
0 0.623923 0.316120 0.635356 0.327008 0.631000 0.332997 0.640255 0.339530 0.646788 0.344429 0.665843 0.372195 0.669654 0.383627 0.661488 0.391794 0.626645 0.354229 0.627189 0.350962 0.608679 0.329730 0.623923 0.316120
0 0.580578 0.300133 0.582756 0.305577 0.574045 0.322998 0.552813 0.326809 0.550090 0.324632 0.565334 0.296322 0.580578 0.300133
0 0.520148 0.391051 0.537024 0.403572 0.529403 0.417183 0.511981 0.402483 0.520148 0.391051
0 0.515248 0.377440 0.535936 0.360019 0.557712 0.381251 0.535936 0.398128 0.515248 0.377440
0 0.489823 0.377928 0.503473 0.389872 0.488117 0.406935 0.474040 0.393711 0.489823 0.377928
0 0.529403 0.417183 0.536229 0.420775 0.535376 0.428027 0.525565 0.436558 0.504663 0.421628 0.513621 0.413524 0.516607 0.407552 0.529403 0.417183
0 0.502796 0.501596 0.534372 0.481997 0.541450 0.493430 0.514773 0.515751 0.502796 0.501596
0 0.383261 0.387127 0.409665 0.399634 0.386735 0.445493 0.358247 0.428817 0.383261 0.387127
0 0.434345 0.333696 0.455736 0.312974 0.474118 0.328683 0.468436 0.333696 0.481137 0.343054 0.478797 0.346397 0.481805 0.348402 0.489158 0.341383 0.501525 0.352747 0.481471 0.375808 0.434345 0.333696
0 0.495339 0.301754 0.516668 0.308579 0.520933 0.306447 0.545247 0.313272 0.544394 0.326069 0.538422 0.337586 0.483822 0.321376 0.489367 0.303887 0.487661 0.297489 0.494913 0.295782 0.495339 0.301754
0 0.499376 0.268530 0.554575 0.255029 0.561653 0.276262 0.501767 0.288239 0.499376 0.268530
0 0.491215 0.229906 0.512754 0.198639 0.529430 0.218094 0.525956 0.227127 0.527346 0.230601 0.518313 0.241718 0.496079 0.234075 0.491215 0.229906
3 0.578736 0.262384 0.596802 0.268637 0.587769 0.293651 0.568314 0.290872 0.578736 0.262384
0 0.561748 0.186058 0.568263 0.168957 0.595839 0.172355 0.594502 0.190737 0.561748 0.186058
0 0.554729 0.186726 0.549047 0.186726 0.519301 0.158651 0.536013 0.145617 0.550719 0.159988 0.557737 0.163331 0.567490 0.168647 0.554729 0.186726
0 0.663721 0.177116 0.656368 0.160070 0.676756 0.154388 0.682438 0.170765 0.663721 0.177116
0 0.656368 0.160070 0.652954 0.148207 0.670443 0.141382 0.676756 0.154388 0.656368 0.160070
0 0.620535 0.110669 0.620962 0.112802 0.629493 0.113229 0.641010 0.114935 0.646555 0.121333 0.646982 0.123466 0.647744 0.123359 0.654111 0.138203 0.652954 0.148207 0.639304 0.150340 0.639304 0.146927 0.597500 0.145221 0.595794 0.130718 0.590249 0.126026 0.590249 0.112802 0.604752 0.114508 0.604752 0.110243 0.620535 0.110669
3 0.664898 0.132424 0.654234 0.137116 0.654219 0.137227 0.648242 0.123281 0.658926 0.121760 0.664898 0.132424
0 0.591173 0.097943 0.585826 0.122675 0.571788 0.119667 0.576801 0.096606 0.591173 0.097943
0 0.475550 0.055948 0.486549 0.051234 0.504356 0.080826 0.495452 0.087373 0.478954 0.063281 0.463504 0.070613 0.454600 0.058305 0.471098 0.050187 0.475550 0.055948
3 0.721012 0.081781 0.732530 0.063865 0.740208 0.067704 0.730823 0.088606 0.721012 0.081781
3 0.721012 0.081781 0.703950 0.105668 0.699684 0.102256 0.704376 0.092445 0.694565 0.082634 0.704376 0.070263 0.715040 0.079648 0.718453 0.077942 0.721012 0.081781
0 0.728466 0.047242 0.739983 0.051508 0.735718 0.063025 0.722100 0.057002 0.728466 0.047242
3 0.746836 0.032887 0.737581 0.027988 0.743025 0.010566 0.751736 0.013833 0.746836 0.032887
0 0.756860 0.024097 0.769230 0.028363 0.760699 0.053957 0.748329 0.045852 0.756860 0.024097
1 0.740224 0.076153 0.747049 0.078712 0.751315 0.069754 0.769657 0.078285 0.753874 0.116250 0.728707 0.108998 0.739797 0.079565 0.740224 0.076153
0 0.731683 0.127950 0.743467 0.135283 0.750800 0.144448 0.734040 0.162256 0.725398 0.153876 0.713614 0.144972 0.731683 0.127950
0 0.682382 0.180659 0.689067 0.198039 0.677035 0.202049 0.670684 0.187678 0.682382 0.180659
0 0.665018 0.201579 0.667577 0.217789 0.632599 0.222054 0.632172 0.228879 0.630039 0.228879 0.628333 0.254047 0.611270 0.251914 0.610844 0.242103 0.604872 0.242956 0.591648 0.236131 0.598900 0.212243 0.665018 0.201579
4 0.868792 0.058769 0.879030 0.060049 0.879457 0.069860 0.869219 0.069860 0.868792 0.058769
3 0.770191 0.225596 0.780428 0.213653 0.785547 0.218345 0.777442 0.230289 0.770191 0.225596
0 0.767321 0.740609 0.729683 0.693522 0.738821 0.684384 0.753691 0.703590 0.755240 0.702351 0.777389 0.734259 0.767321 0.740609
