0 0.518647 0.921625 0.521809 0.913643 0.544778 0.921927 0.541766 0.929081 0.518647 0.921625
0 0.295573 0.982379 0.310171 0.963733 0.324769 0.969499 0.336299 0.978699 0.318022 0.998571 0.306368 0.988512 0.295573 0.982379
0 0.322997 0.960698 0.332335 0.952113 0.348225 0.962656 0.339564 0.973124 0.322997 0.960698
0 0.186902 0.999005 0.207100 0.982737 0.227582 0.999005 0.186902 0.999005
0 0.109705 0.999003 0.118086 0.984597 0.142110 0.995517 0.170275 0.995140 0.165904 0.999004 0.109705 0.999003
0 0.020201 0.960962 0.032836 0.933975 0.046452 0.939372 0.043508 0.970407 0.020201 0.960962
0 0.047311 0.962311 0.052340 0.949921 0.070741 0.956668 0.064607 0.971511 0.047311 0.962311
2 0.000008 0.886782 0.008780 0.887070 0.008395 0.907542 0.000008 0.907254 0.000008 0.886782
2 0.009578 0.895989 0.013518 0.886185 0.040334 0.900699 0.033895 0.911463 0.009578 0.895989
0 0.060971 0.756055 0.082951 0.712496 0.098536 0.719889 0.076357 0.764248 0.060971 0.756055
0 0.080798 0.764124 0.099513 0.719889 0.127453 0.732030 0.108509 0.776336 0.080798 0.764124
0 0.063424 0.785790 0.070440 0.773968 0.078418 0.778774 0.070633 0.790788 0.063424 0.785790
3 0.001477 0.776776 0.009915 0.777248 0.009915 0.789108 0.001300 0.789108 0.001477 0.776776
3 0.378222 0.799334 0.394292 0.777376 0.407049 0.786331 0.389753 0.808534 0.378222 0.799334
3 0.416988 0.737825 0.423407 0.718568 0.426852 0.705887 0.463487 0.716533 0.452371 0.748784 0.437811 0.744870 0.435306 0.753794 0.419493 0.748315 0.423094 0.738764 0.416988 0.737825
2 0.320404 0.628080 0.353279 0.630166 0.350212 0.658134 0.322489 0.655067 0.323471 0.646971 0.317337 0.646726 0.320404 0.628080
3 0.431492 0.650041 0.440324 0.628452 0.456271 0.632745 0.449770 0.655684 0.431492 0.650041
3 0.424909 0.623859 0.430704 0.608873 0.434300 0.608873 0.438497 0.598683 0.460076 0.606476 0.449886 0.631053 0.424909 0.623859
3 0.452121 0.653555 0.458622 0.632578 0.450863 0.631053 0.461076 0.608413 0.470153 0.609762 0.481562 0.614669 0.464388 0.659075 0.452121 0.653555
0 0.348192 0.595899 0.357024 0.577622 0.375915 0.586331 0.375179 0.597862 0.369046 0.605345 0.348192 0.595899
0 0.371293 0.606064 0.388401 0.578864 0.415025 0.589917 0.397436 0.620866 0.371293 0.606064
1 0.716491 0.402187 0.730353 0.388080 0.741638 0.397403 0.725446 0.412614 0.716491 0.402187
3 0.696267 0.374511 0.714817 0.359229 0.726446 0.370090 0.709242 0.385949 0.696267 0.374511
0 0.650811 0.360839 0.663691 0.334956 0.680251 0.338146 0.686753 0.346119 0.672401 0.371880 0.663814 0.363661 0.650811 0.360839
0 0.613605 0.387149 0.623396 0.376759 0.633187 0.378757 0.637783 0.412925 0.615803 0.414523 0.613605 0.387149
0 0.635585 0.376759 0.659563 0.371164 0.661361 0.401136 0.637983 0.406731 0.635585 0.376759
3 0.757896 0.184862 0.769046 0.175251 0.785001 0.188803 0.774620 0.200241 0.757896 0.184862
0 0.771641 0.204470 0.788557 0.190437 0.805473 0.205911 0.789518 0.221290 0.771641 0.204470
3 0.419277 0.436008 0.439474 0.406105 0.455286 0.416282 0.446988 0.431468 0.439943 0.428180 0.430550 0.441488 0.419277 0.436008
3 0.568132 0.966299 0.571496 0.959475 0.558329 0.956784 0.558905 0.949864 0.564960 0.942175 0.599658 0.953901 0.593795 0.967261 0.583222 0.963608 0.580243 0.970913 0.568132 0.966299
3 0.544421 0.409538 0.552011 0.395288 0.564247 0.402878 0.554644 0.417438 0.544421 0.409538
3 0.480585 0.614669 0.466822 0.609413 0.460099 0.608413 0.467452 0.595756 0.483841 0.602899 0.480585 0.614669
0 0.324198 0.808323 0.334494 0.774494 0.357186 0.781848 0.345420 0.816097 0.324198 0.808323
0 0.386392 0.874509 0.353194 0.868836 0.355926 0.850766 0.388704 0.860011 0.386392 0.874509
0 0.296464 0.843276 0.300801 0.831350 0.336736 0.844980 0.332554 0.856907 0.296464 0.843276
3 0.285312 0.864961 0.289649 0.852260 0.327752 0.865581 0.323260 0.878746 0.285312 0.864961
3 0.343861 0.896404 0.346184 0.882773 0.369728 0.891292 0.365546 0.904613 0.343861 0.896404
3 0.273256 0.920754 0.277937 0.910820 0.294836 0.919383 0.289127 0.929431 0.273256 0.920754
3 0.275407 0.953523 0.279745 0.957177 0.274493 0.964142 0.265359 0.958775 0.266386 0.956948 0.257594 0.948841 0.273465 0.927375 0.287966 0.937880 0.275407 0.953523
0 0.123442 0.983882 0.116472 0.981094 0.118176 0.978616 0.112445 0.975363 0.117711 0.966689 0.130103 0.973660 0.123442 0.983882
0 0.000008 0.975523 0.004117 0.962645 0.017933 0.968240 0.013594 0.978973 0.009597 0.978402 0.008570 0.979772 0.000008 0.975551 0.000008 0.975523
0 0.028964 0.998020 0.014628 0.993853 0.020108 0.979809 0.034267 0.985061 0.028964 0.998020
3 0.018770 0.925060 0.010549 0.919579 0.020026 0.905649 0.027904 0.910102 0.018770 0.925060
0 0.078418 0.778774 0.095473 0.788843 0.072991 0.824563 0.052609 0.812376 0.067318 0.789263 0.070633 0.790788 0.078418 0.778774
2 0.376987 0.657093 0.364746 0.658623 0.362706 0.649697 0.354800 0.648932 0.354256 0.630166 0.362961 0.629551 0.363471 0.631846 0.379027 0.631846 0.381323 0.649187 0.376732 0.649442 0.376987 0.657093
