0 0.158975 0.025592 0.153978 0.037003 0.138766 0.046142 0.125845 0.027970 0.129961 0.023457 0.140408 0.024290 0.147656 0.018193 0.158975 0.025592
0 0.149522 0.009387 0.147656 0.018193 0.140408 0.024290 0.129961 0.023457 0.120713 0.018359 0.126924 0.002520 0.130511 0.001015 0.149522 0.009387
0 0.126924 0.002520 0.120713 0.018359 0.117120 0.019437 0.101478 0.008305 0.105520 0.000003 0.121284 0.000003 0.126924 0.002520
0 0.168673 0.079838 0.165356 0.060720 0.179111 0.058330 0.182134 0.076522 0.168673 0.079838
0 0.170665 0.084490 0.187079 0.081276 0.191670 0.089310 0.192588 0.101246 0.173475 0.102081 0.170665 0.084490
0 0.147690 0.252551 0.161037 0.248420 0.164850 0.257318 0.151821 0.261449 0.147690 0.252551
0 0.156270 0.425703 0.155757 0.426863 0.149545 0.436856 0.144683 0.445769 0.136894 0.444951 0.128318 0.441563 0.124960 0.435823 0.129019 0.430104 0.130654 0.427441 0.143266 0.434142 0.149624 0.423856 0.137227 0.416768 0.137661 0.416060 0.138057 0.415234 0.156270 0.425703
0 0.149624 0.423856 0.143266 0.434142 0.130654 0.427441 0.137227 0.416768 0.149624 0.423856
0 0.164669 0.406607 0.156270 0.425703 0.138057 0.415234 0.146574 0.397695 0.164669 0.406607
0 0.231934 0.417598 0.231557 0.417542 0.231633 0.421693 0.224644 0.424196 0.226250 0.429934 0.220053 0.432000 0.219594 0.443018 0.169324 0.435673 0.174033 0.415996 0.205118 0.419903 0.205508 0.409414 0.226021 0.405603 0.227959 0.405361 0.231934 0.417598
0 0.241827 0.406568 0.241265 0.418948 0.231557 0.417542 0.227959 0.405361 0.239576 0.403895 0.241827 0.406568
0 0.205508 0.409414 0.205118 0.419903 0.174033 0.415996 0.175751 0.408817 0.205508 0.409414
0 0.230084 0.098454 0.230514 0.113308 0.206561 0.112742 0.206561 0.097617 0.230084 0.098454
0 0.416768 0.012148 0.417228 0.017427 0.411030 0.021329 0.411030 0.023166 0.398635 0.032806 0.392437 0.027068 0.391016 0.026104 0.396851 0.017181 0.404018 0.006447 0.394166 0.000007 0.415489 0.000008 0.420885 0.004361 0.416768 0.012148
0 0.396851 0.017181 0.391016 0.026104 0.377043 0.015900 0.381613 0.007921 0.396851 0.017181
0 0.381613 0.007921 0.377043 0.015900 0.368025 0.014210 0.368585 0.004618 0.368930 0.000007 0.384895 0.000007 0.381613 0.007921
0 0.404018 0.006447 0.396851 0.017181 0.381613 0.007921 0.384895 0.000007 0.394166 0.000007 0.404018 0.006447
0 0.497107 0.087437 0.487633 0.098390 0.482876 0.093864 0.482187 0.091798 0.477412 0.087822 0.488281 0.075850 0.497107 0.087437
0 0.481269 0.058744 0.480121 0.066549 0.487696 0.071369 0.488281 0.075850 0.477412 0.087822 0.475301 0.086060 0.471179 0.078768 0.467078 0.072452 0.459277 0.066143 0.474551 0.052920 0.481269 0.058744
0 0.472088 0.036938 0.469104 0.040840 0.474383 0.052776 0.474551 0.052920 0.459277 0.066143 0.458567 0.065568 0.449363 0.051629 0.458774 0.045431 0.452347 0.035561 0.458506 0.030762 0.467607 0.028330 0.472088 0.036938
0 0.471007 0.012955 0.463136 0.018804 0.466349 0.025920 0.467607 0.028330 0.458506 0.030762 0.456368 0.028786 0.448674 0.034184 0.445231 0.029363 0.450740 0.025691 0.447986 0.022477 0.438530 0.027371 0.426639 0.008705 0.443314 0.000008 0.457370 0.000008 0.471007 0.012955
0 0.632778 0.120461 0.625756 0.132884 0.617568 0.129512 0.624941 0.117031 0.632778 0.120461
0 0.620895 0.093453 0.630618 0.096964 0.631428 0.108307 0.624136 0.116680 0.624941 0.117031 0.617568 0.129512 0.601449 0.122891 0.607391 0.111278 0.599829 0.108577 0.597398 0.120421 0.586865 0.119380 0.582004 0.112628 0.589026 0.086161 0.592267 0.084270 0.620895 0.093453
0 0.567690 0.081839 0.584705 0.086161 0.580653 0.100745 0.563862 0.096806 0.567690 0.081839
0 0.637415 0.135707 0.648751 0.116500 0.672119 0.127445 0.663738 0.147080 0.637415 0.135707
0 0.714059 0.152137 0.720769 0.153190 0.725943 0.153217 0.736476 0.154298 0.734315 0.172123 0.708799 0.167139 0.712266 0.150596 0.714059 0.152137
0 0.701906 0.139173 0.698935 0.145385 0.712169 0.150516 0.712266 0.150596 0.708799 0.167139 0.706227 0.167531 0.685161 0.157809 0.693533 0.135662 0.701906 0.139173
0 0.626976 0.135374 0.626166 0.142126 0.632378 0.146177 0.632918 0.141586 0.652093 0.147798 0.652093 0.158601 0.650743 0.172375 0.634808 0.166433 0.633998 0.171024 0.624815 0.166973 0.626706 0.162652 0.619144 0.161302 0.618063 0.164813 0.601859 0.160491 0.603209 0.152659 0.602021 0.152246 0.614809 0.138627 0.614131 0.132217 0.626976 0.135374
0 0.614131 0.132217 0.614809 0.138627 0.602021 0.152246 0.583763 0.145907 0.583493 0.135644 0.589975 0.126732 0.614131 0.132217
0 0.533767 0.120294 0.545525 0.121248 0.546836 0.121357 0.546016 0.135771 0.542983 0.135547 0.539169 0.147623 0.529580 0.146426 0.533065 0.134030 0.533760 0.120293 0.533767 0.120294
0 0.556647 0.122201 0.558872 0.127921 0.553787 0.133641 0.551563 0.136183 0.546016 0.135771 0.546836 0.121357 0.556647 0.122201
0 0.533760 0.120293 0.533065 0.134030 0.529580 0.146426 0.516290 0.144763 0.522010 0.117752 0.533760 0.120293
0 0.399999 0.034695 0.406827 0.027672 0.415215 0.027867 0.424774 0.038987 0.412351 0.047555 0.399999 0.034695
0 0.445163 0.062320 0.457481 0.080357 0.444147 0.088089 0.444687 0.094571 0.435504 0.100242 0.421546 0.089566 0.419355 0.080834 0.425919 0.071456 0.419612 0.067301 0.419733 0.067211 0.417734 0.065947 0.422324 0.056152 0.423287 0.056867 0.436791 0.050655 0.445163 0.062320
0 0.421436 0.089346 0.421080 0.094080 0.417569 0.094620 0.418109 0.098131 0.405416 0.099482 0.404065 0.081927 0.409197 0.081927 0.411074 0.077754 0.421436 0.089346
0 0.425919 0.071456 0.419355 0.080834 0.411953 0.075801 0.414058 0.071124 0.419502 0.067080 0.425919 0.071456
0 0.422324 0.056152 0.417734 0.065947 0.405441 0.059143 0.411498 0.049895 0.422324 0.056152
0 0.476735 0.093379 0.485498 0.102409 0.488984 0.106742 0.506462 0.115639 0.500106 0.130575 0.485489 0.126126 0.481993 0.135977 0.472778 0.132481 0.474684 0.124855 0.472778 0.124855 0.462291 0.122948 0.460385 0.132481 0.455618 0.133117 0.447673 0.130893 0.448945 0.119770 0.458160 0.120088 0.459404 0.106563 0.469637 0.102853 0.475329 0.092136 0.476735 0.093379
0 0.466342 0.083102 0.475329 0.092136 0.469637 0.102853 0.459404 0.106563 0.451059 0.100562 0.445657 0.100562 0.444577 0.094350 0.463212 0.081386 0.466342 0.083102
0 0.454082 0.344509 0.477004 0.345387 0.476614 0.356312 0.454373 0.354849 0.454082 0.344509
0 0.406088 0.422835 0.416037 0.422055 0.415842 0.414836 0.435351 0.415422 0.435936 0.454829 0.397504 0.456195 0.397309 0.426347 0.403161 0.426737 0.405698 0.422445 0.406088 0.422835
0 0.442431 0.490984 0.463305 0.491179 0.465646 0.515174 0.462135 0.515369 0.461940 0.516735 0.444577 0.517125 0.443211 0.514199 0.442431 0.490984
0 0.665843 0.337437 0.667794 0.335486 0.677158 0.342509 0.672086 0.348752 0.685937 0.363773 0.686522 0.370016 0.697057 0.380941 0.677938 0.396938 0.665215 0.385176 0.666939 0.376608 0.668571 0.374053 0.657520 0.361777 0.657698 0.361648 0.652051 0.355488 0.663307 0.346996 0.656479 0.338997 0.662526 0.333535 0.665843 0.337437
0 0.668571 0.374053 0.666939 0.376608 0.665215 0.385176 0.656089 0.392451 0.649261 0.384843 0.654528 0.381136 0.648090 0.372747 0.649180 0.367656 0.657698 0.361648 0.668571 0.374053
0 0.657698 0.361648 0.649180 0.367656 0.643408 0.362018 0.652051 0.355488 0.657698 0.361648
0 0.844762 0.325202 0.871099 0.328323 0.868529 0.352972 0.840607 0.350334 0.844762 0.325202
0 0.899756 0.306701 0.909167 0.298897 0.916742 0.307390 0.907790 0.316342 0.899756 0.306701
0 0.922243 0.424576 0.922513 0.430247 0.917381 0.436459 0.906038 0.428087 0.906308 0.434569 0.898043 0.435340 0.897654 0.428030 0.886322 0.419714 0.898206 0.406751 0.909819 0.414313 0.910089 0.416474 0.922243 0.424576
0 0.913469 0.440290 0.934266 0.435964 0.941874 0.454887 0.939772 0.460725 0.928881 0.468144 0.925292 0.460350 0.917684 0.460740 0.913469 0.440290
0 0.901629 0.465121 0.907827 0.470801 0.914310 0.472729 0.923089 0.477801 0.915090 0.487165 0.917636 0.489529 0.913920 0.493213 0.895582 0.481703 0.897728 0.478582 0.895582 0.476826 0.895547 0.476855 0.890416 0.472101 0.896787 0.462910 0.901629 0.465121
0 0.896787 0.462910 0.890416 0.472101 0.895582 0.476826 0.893209 0.478668 0.886608 0.474290 0.882706 0.478191 0.873927 0.469998 0.887583 0.455366 0.896787 0.462910
0 0.884349 0.395147 0.886416 0.426363 0.868512 0.426134 0.868052 0.410984 0.872873 0.410755 0.871725 0.393080 0.884349 0.395147
0 0.909663 0.374036 0.919116 0.372956 0.918846 0.368904 0.927218 0.368904 0.928298 0.378897 0.909933 0.381058 0.909663 0.374036
0 0.985200 0.253574 0.979003 0.265051 0.973035 0.260230 0.969821 0.265739 0.963753 0.261587 0.967067 0.256558 0.961563 0.253086 0.967861 0.243701 0.985200 0.253574
0 0.959721 0.237965 0.967490 0.242744 0.967861 0.243701 0.961563 0.253086 0.960869 0.252655 0.941817 0.240719 0.948474 0.232226 0.959721 0.237965
0 0.973264 0.235899 0.967490 0.242744 0.959721 0.237965 0.964542 0.230849 0.973264 0.235899
0 0.999011 0.146710 0.995455 0.150936 0.970878 0.139053 0.976549 0.128790 0.999011 0.139503 0.999011 0.146710
0 0.950115 0.168376 0.973178 0.174194 0.969881 0.185129 0.947607 0.178657 0.950115 0.168376
0 0.965524 0.152008 0.981495 0.159825 0.975435 0.172196 0.959471 0.165540 0.965524 0.152008
0 0.863220 0.087860 0.875315 0.095273 0.870438 0.106198 0.869853 0.117708 0.861074 0.120439 0.834347 0.115757 0.832396 0.115757 0.830250 0.116147 0.827129 0.139168 0.801876 0.134276 0.805928 0.115100 0.799716 0.113750 0.806387 0.088271 0.834286 0.087012 0.839687 0.088363 0.838877 0.102407 0.841578 0.102947 0.845467 0.085714 0.863220 0.087860
0 0.835842 0.071646 0.839609 0.077100 0.838607 0.081881 0.834286 0.087012 0.834961 0.087178 0.806387 0.088271 0.810249 0.069997 0.835842 0.071646
0 0.824004 0.036338 0.851397 0.046357 0.851025 0.049653 0.844549 0.065406 0.842388 0.077289 0.839609 0.077100 0.835842 0.071646 0.810029 0.071016 0.810249 0.069997 0.795665 0.066486 0.799986 0.049741 0.807818 0.044340 0.811059 0.035427 0.824004 0.036338
0 0.771341 0.117687 0.772718 0.107587 0.785343 0.109194 0.784425 0.118835 0.771341 0.117687
0 0.937990 0.468598 0.946280 0.460971 0.950591 0.465282 0.942301 0.473406 0.937990 0.468598
0 0.960208 0.476888 0.968830 0.477054 0.967581 0.487105 0.959174 0.486568 0.960208 0.476888
0 0.523216 0.488297 0.515182 0.488297 0.515411 0.481640 0.523216 0.481640 0.523216 0.488297
0 0.363606 0.486241 0.365226 0.466795 0.386832 0.468686 0.386562 0.474898 0.392234 0.476518 0.390613 0.490562 0.363606 0.486241
0 0.917497 0.739640 0.926276 0.741005 0.926666 0.738469 0.950272 0.738469 0.957100 0.750370 0.934079 0.757783 0.931348 0.753491 0.916131 0.753686 0.917497 0.739640
0 0.681145 0.999007 0.680515 0.991786 0.694184 0.991504 0.694570 0.999007 0.681145 0.999007
0 0.484972 0.999008 0.483504 0.988338 0.496380 0.987558 0.496819 0.999008 0.484972 0.999008
0 0.546605 0.300058 0.549120 0.292033 0.554629 0.293830 0.552353 0.301495 0.546605 0.300058
0 0.715808 0.133346 0.729580 0.142298 0.729580 0.152168 0.720628 0.150332 0.720769 0.153190 0.714059 0.152137 0.712594 0.134494 0.715808 0.133346
0 0.586710 0.831006 0.587295 0.823788 0.599586 0.824958 0.599391 0.833542 0.586710 0.831006
0 0.535402 0.796866 0.547303 0.805450 0.544962 0.815789 0.528574 0.806035 0.535402 0.796866
4 0.422095 0.116487 0.431068 0.119478 0.426208 0.131069 0.417234 0.127704 0.422095 0.116487
0 0.723742 0.014087 0.735233 0.012830 0.735772 0.023424 0.723921 0.024681 0.723742 0.014087
0 0.906835 0.218219 0.909356 0.204928 0.927689 0.210657 0.924939 0.223261 0.906835 0.218219
0 0.831011 0.169613 0.843400 0.168177 0.844477 0.176616 0.831011 0.177693 0.831011 0.169613
0 0.742482 0.035001 0.760977 0.033206 0.761156 0.047750 0.742482 0.049725 0.742482 0.035001
4 0.861114 0.000004 0.857042 0.009660 0.837448 0.000004 0.861114 0.000004
0 0.553582 0.149047 0.567684 0.151267 0.565856 0.163672 0.551623 0.161060 0.553582 0.149047
