0 0.924660 0.353739 0.949262 0.364732 0.927800 0.421265 0.902674 0.411320 0.924660 0.353739
2 0.888541 0.422836 0.925707 0.428594 0.929894 0.455290 0.924136 0.457384 0.921519 0.588772 0.893776 0.593483 0.894823 0.528574 0.883307 0.526480 0.882260 0.547419 0.852946 0.548989 0.853469 0.516011 0.869697 0.512347 0.868650 0.488268 0.857657 0.489315 0.863415 0.466283 0.872314 0.465759 0.888541 0.422836
0 0.230369 0.974142 0.249645 0.965940 0.291890 0.920004 0.304194 0.917953 0.270973 0.871607 0.294761 0.853561 0.341928 0.919593 0.346439 0.925746 0.243083 0.997521 0.230369 0.974142
0 0.202479 0.907699 0.240622 0.890884 0.236521 0.881860 0.227088 0.885141 0.220525 0.860533 0.248005 0.853971 0.270563 0.914672 0.256208 0.919593 0.264411 0.937230 0.254977 0.941741 0.245954 0.926566 0.212322 0.935999 0.202479 0.907699
0 0.158594 0.832643 0.190175 0.816238 0.218475 0.866685 0.195507 0.878579 0.187304 0.866275 0.177460 0.871197 0.158594 0.832643
0 0.099533 0.786707 0.109787 0.772352 0.157773 0.806804 0.145469 0.822390 0.099533 0.786707
1 0.130704 0.756357 0.165156 0.735849 0.179921 0.760048 0.147930 0.778915 0.130704 0.756357
0 0.225447 0.748564 0.267282 0.707550 0.298863 0.735849 0.276305 0.759228 0.259079 0.743642 0.241032 0.762919 0.225447 0.748564
0 0.000008 0.289007 0.005614 0.285204 0.031644 0.303200 0.024574 0.313162 0.000008 0.299670 0.000008 0.289007
0 0.120982 0.281347 0.128373 0.281026 0.128373 0.273956 0.148297 0.269136 0.150868 0.279740 0.159866 0.282633 0.163722 0.323766 0.129337 0.326659 0.120982 0.281347
0 0.161473 0.331479 0.181397 0.330194 0.183004 0.344333 0.163722 0.346262 0.161473 0.331479
0 0.135121 0.390609 0.174327 0.381611 0.179469 0.405391 0.158902 0.409569 0.158580 0.429493 0.143155 0.433028 0.135121 0.390609
0 0.205499 0.311876 0.219317 0.308984 0.226387 0.331479 0.216103 0.334050 0.205499 0.311876
0 0.199393 0.272028 0.232814 0.262387 0.250489 0.299022 0.220924 0.304806 0.218674 0.297094 0.206784 0.297415 0.199393 0.272028
0 0.239591 0.307365 0.257213 0.304273 0.261386 0.328697 0.243146 0.331479 0.241446 0.322668 0.244228 0.321895 0.239591 0.307365
0 0.264478 0.307365 0.272516 0.306438 0.272052 0.303037 0.276226 0.302728 0.276535 0.297317 0.292148 0.297472 0.293075 0.303655 0.298640 0.303501 0.304978 0.341991 0.275608 0.343536 0.273289 0.325451 0.266797 0.325605 0.264478 0.307365
0 0.291375 0.278613 0.305905 0.276295 0.324918 0.330088 0.310388 0.335498 0.291375 0.278613
0 0.229389 0.246770 0.268497 0.240587 0.274835 0.256354 0.265560 0.258982 0.272207 0.278304 0.249484 0.283715 0.245001 0.271657 0.240518 0.273203 0.229389 0.246770
0 0.278236 0.240433 0.298794 0.233322 0.301577 0.236877 0.317498 0.231776 0.326309 0.246461 0.331256 0.258364 0.293230 0.272585 0.278236 0.240433
0 0.326000 0.237650 0.344704 0.223120 0.362172 0.241360 0.344395 0.254963 0.326000 0.237650
0 0.351506 0.258518 0.361244 0.247389 0.373147 0.259137 0.362790 0.268102 0.351506 0.258518
0 0.203129 0.175750 0.220442 0.162765 0.227707 0.170958 0.209467 0.184097 0.203129 0.175750
0 0.218741 0.124275 0.238836 0.114846 0.247647 0.132313 0.226934 0.140506 0.218741 0.124275
0 0.124139 0.151944 0.143152 0.140815 0.157683 0.160137 0.142225 0.171421 0.124139 0.151944
0 0.158456 0.127676 0.173450 0.118092 0.170358 0.113300 0.182106 0.106189 0.197255 0.119483 0.201583 0.134786 0.174068 0.153336 0.158456 0.127676
0 0.180251 0.082693 0.222606 0.090731 0.220132 0.104334 0.213949 0.104180 0.212404 0.111136 0.184889 0.105571 0.187671 0.095987 0.178242 0.093823 0.180251 0.082693
0 0.079311 0.099542 0.099098 0.087176 0.119656 0.118246 0.098634 0.128912 0.079311 0.099542
