0 0.690512 0.000007 0.716417 0.008777 0.712193 0.027594 0.706049 0.025290 0.701057 0.030666 0.673408 0.019530 0.676012 0.004246 0.676710 0.000007 0.690512 0.000007
4 0.776107 0.000005 0.776394 0.004850 0.763504 0.004553 0.763389 0.000006 0.776107 0.000005
0 0.758658 0.007625 0.773251 0.007241 0.773635 0.015689 0.793568 0.013979 0.793848 0.032692 0.788472 0.032692 0.758553 0.033599 0.758658 0.007625
0 0.818180 0.042954 0.835499 0.052293 0.829416 0.063992 0.813188 0.052938 0.818180 0.042954
0 0.745192 0.054500 0.758710 0.055431 0.758274 0.067147 0.744417 0.066763 0.745192 0.054500
0 0.941447 0.071371 0.971399 0.079819 0.972551 0.089803 0.969863 0.096715 0.936454 0.090187 0.941447 0.071371
0 0.770179 0.135884 0.792067 0.137036 0.792835 0.155469 0.771715 0.155469 0.770179 0.135884
0 0.771978 0.161125 0.795993 0.161125 0.793569 0.190228 0.770803 0.190920 0.771978 0.161125
0 0.784403 0.234704 0.817240 0.237644 0.810869 0.269991 0.804497 0.272932 0.775581 0.268521 0.784403 0.234704
0 0.728987 0.413137 0.738688 0.419831 0.731840 0.428727 0.722456 0.423210 0.728987 0.413137
0 0.716846 0.434179 0.729830 0.441895 0.716572 0.459275 0.704041 0.451212 0.716846 0.434179
0 0.675748 0.486530 0.694748 0.493897 0.685739 0.509009 0.667999 0.501134 0.675748 0.486530
0 0.706024 0.498536 0.716146 0.504031 0.708014 0.519530 0.698775 0.515038 0.706024 0.498536
0 0.730114 0.542305 0.739076 0.549576 0.733208 0.569709 0.709274 0.559063 0.710525 0.554432 0.716154 0.537170 0.730114 0.542305
0 0.714675 0.540784 0.710525 0.554432 0.686682 0.544299 0.691074 0.532035 0.714675 0.540784
0 0.703248 0.645834 0.687473 0.648356 0.687352 0.639391 0.699882 0.635045 0.703248 0.645834
0 0.704933 0.622280 0.702514 0.624639 0.703501 0.629377 0.700386 0.633142 0.686625 0.636895 0.662856 0.643151 0.659244 0.627970 0.680951 0.622328 0.680370 0.618756 0.702263 0.614377 0.704933 0.622280
0 0.705028 0.632167 0.704951 0.620567 0.718197 0.600395 0.728857 0.607106 0.717112 0.624279 0.716914 0.631978 0.705028 0.632167
0 0.687817 0.187401 0.684701 0.165367 0.716751 0.159803 0.719644 0.179611 0.717864 0.179611 0.718754 0.186511 0.707626 0.188069 0.706735 0.183618 0.687817 0.187401
0 0.721202 0.186734 0.720089 0.174270 0.735669 0.172934 0.736337 0.185398 0.721202 0.186734
0 0.708293 0.160693 0.703397 0.151791 0.720535 0.145336 0.723873 0.155797 0.708293 0.160693
