0 0.654842 0.866494 0.634022 0.732539 0.671734 0.726254 0.694518 0.861780 0.700155 0.916237 0.670067 0.909317 0.663748 0.902697 0.659235 0.896379 0.652315 0.884945 0.649908 0.870503 0.654842 0.866494
0 0.636379 0.727039 0.632844 0.699148 0.657592 0.695613 0.661913 0.725861 0.636379 0.727039
0 0.576276 0.736075 0.528350 0.725468 0.537778 0.695220 0.583740 0.707791 0.576276 0.736075
0 0.999010 0.967625 0.979473 0.962352 0.982551 0.950040 0.970239 0.944500 0.974856 0.921108 0.989938 0.923878 0.989938 0.919261 0.970855 0.915260 0.972086 0.898023 0.975164 0.875554 0.999010 0.880578 0.999010 0.967625
0 0.964693 0.942390 0.932377 0.935638 0.933342 0.918033 0.936959 0.912245 0.940094 0.894158 0.964934 0.898740 0.964693 0.942390
0 0.594996 0.999007 0.617873 0.969010 0.629207 0.977933 0.613085 0.999007 0.594996 0.999007
0 0.641337 0.999007 0.638854 0.984445 0.657906 0.951647 0.684675 0.963222 0.668276 0.991680 0.669125 0.999007 0.641337 0.999007
4 0.999010 0.842576 0.995041 0.846486 0.980680 0.832273 0.999010 0.815915 0.999010 0.842576
0 0.000010 0.293484 0.001027 0.287312 0.008775 0.273329 0.033906 0.285611 0.029182 0.297137 0.015766 0.310364 0.009908 0.312632 0.000010 0.306025 0.000010 0.293484
0 0.033754 0.274164 0.012213 0.260181 0.023361 0.244309 0.044525 0.258481 0.033754 0.274164
0 0.410903 0.181877 0.403909 0.186701 0.393057 0.187906 0.383410 0.183807 0.374728 0.174642 0.370387 0.164513 0.375211 0.154626 0.379069 0.145944 0.383651 0.143773 0.391127 0.141844 0.399568 0.141362 0.409215 0.145220 0.415485 0.153902 0.418379 0.163308 0.425132 0.164272 0.431402 0.166684 0.434055 0.170784 0.432367 0.176813 0.425132 0.176813 0.417897 0.175125 0.414279 0.176089 0.410903 0.181877
0 0.438396 0.227940 0.428267 0.218775 0.424890 0.212264 0.424890 0.202859 0.418138 0.197794 0.421996 0.191765 0.428990 0.183807 0.435019 0.191524 0.439119 0.192006 0.446836 0.190077 0.450695 0.190077 0.457448 0.191765 0.462271 0.193935 0.464200 0.194900 0.465888 0.195865 0.468300 0.198276 0.470470 0.202376 0.472159 0.205753 0.472641 0.209129 0.473123 0.212505 0.472882 0.215881 0.471676 0.219258 0.468782 0.222634 0.468300 0.223840 0.464924 0.227698 0.458171 0.229387 0.456242 0.229387 0.450695 0.230110 0.444907 0.230110 0.439601 0.227940 0.438396 0.227940
0 0.403576 0.201375 0.410595 0.193801 0.422048 0.203591 0.414105 0.210610 0.403576 0.201375
0 0.000010 0.319791 0.008604 0.326022 0.000010 0.336353 0.000010 0.319791
