4 0.759806 0.000006 0.759978 0.003474 0.749823 0.026880 0.732957 0.018447 0.739153 0.003646 0.733537 0.000006 0.759806 0.000006
4 0.763095 0.006233 0.765503 0.000006 0.780221 0.000005 0.790288 0.003996 0.784437 0.014322 0.763095 0.006233
4 0.710439 0.000006 0.709496 0.006356 0.701540 0.005816 0.701675 0.000006 0.710439 0.000006
0 0.375903 0.640940 0.375062 0.629726 0.399732 0.628044 0.400573 0.639258 0.375903 0.640940
0 0.288996 0.611224 0.296846 0.598889 0.316750 0.610383 0.309461 0.622437 0.288996 0.611224
0 0.201031 0.632707 0.210875 0.601421 0.238382 0.609196 0.232152 0.628476 0.218922 0.624598 0.214921 0.636752 0.201031 0.632707
0 0.232776 0.795507 0.219302 0.788233 0.230162 0.770344 0.242833 0.778049 0.232776 0.795507
0 0.338354 0.773814 0.312215 0.792704 0.305625 0.797317 0.300793 0.795999 0.291342 0.786317 0.304466 0.770653 0.326211 0.758301 0.338354 0.773814
0 0.327002 0.740345 0.317536 0.729158 0.329584 0.705924 0.335780 0.702998 0.340943 0.703170 0.348343 0.697663 0.362973 0.707128 0.362669 0.713434 0.359432 0.717978 0.371626 0.726170 0.361775 0.745333 0.351958 0.740001 0.347421 0.748123 0.335780 0.738796 0.333542 0.741033 0.331305 0.739829 0.329067 0.741550 0.327002 0.740345
0 0.308854 0.676745 0.322708 0.664974 0.332822 0.675556 0.336207 0.671866 0.347701 0.683264 0.332282 0.697281 0.308854 0.676745
0 0.298952 0.651072 0.307012 0.644056 0.312864 0.649736 0.316932 0.646136 0.323216 0.653339 0.311143 0.665398 0.298952 0.651072
0 0.292246 0.689658 0.266478 0.673117 0.272117 0.661829 0.298470 0.677883 0.292246 0.689658
0 0.304575 0.701816 0.312319 0.692006 0.324023 0.705602 0.317483 0.717994 0.304575 0.701816
