0 0.517330 0.385589 0.518263 0.365697 0.544994 0.369116 0.542818 0.388698 0.517330 0.385589
0 0.526218 0.389638 0.536141 0.392882 0.532515 0.419978 0.521257 0.417498 0.526218 0.389638
0 0.487864 0.380479 0.523929 0.404140 0.521066 0.415399 0.485193 0.390592 0.487864 0.380479
0 0.489390 0.379906 0.499695 0.362733 0.507709 0.369221 0.497405 0.385440 0.489390 0.379906
0 0.499961 0.351609 0.508485 0.350634 0.509459 0.363542 0.501179 0.363055 0.499961 0.351609
0 0.601246 0.226240 0.605133 0.218465 0.622477 0.226389 0.618639 0.237722 0.608871 0.269747 0.583454 0.261823 0.585847 0.254198 0.593771 0.256441 0.603937 0.227585 0.601246 0.226240
0 0.566180 0.212779 0.586216 0.217549 0.578774 0.244836 0.559692 0.240256 0.566180 0.212779
0 0.493398 0.242863 0.500077 0.225689 0.521175 0.233704 0.519350 0.243435 0.531985 0.248845 0.528906 0.257747 0.519731 0.254121 0.514770 0.263090 0.492826 0.252213 0.497024 0.244199 0.493398 0.242863
0 0.512187 0.175605 0.512156 0.175742 0.532192 0.178414 0.531811 0.204747 0.505287 0.200549 0.506991 0.185187 0.506543 0.185107 0.506948 0.175384 0.512187 0.175605
0 0.514034 0.167467 0.512295 0.175117 0.506480 0.174876 0.506055 0.185020 0.490125 0.182123 0.495729 0.163339 0.514034 0.167467
0 0.561819 0.163154 0.573995 0.162180 0.573995 0.155117 0.585929 0.154874 0.586903 0.171678 0.561819 0.174113 0.561819 0.163154
0 0.596508 0.057070 0.611773 0.062985 0.604713 0.075579 0.590020 0.070427 0.596508 0.057070
0 0.538309 0.079205 0.519608 0.083021 0.516746 0.045048 0.533347 0.042186 0.538309 0.079205
0 0.118554 0.436136 0.086266 0.428610 0.093085 0.413267 0.099174 0.414728 0.105993 0.399386 0.122553 0.405230 0.124014 0.401090 0.139357 0.407179 0.131564 0.423252 0.118682 0.436135 0.118554 0.436136
0 0.092284 0.399759 0.094322 0.373431 0.094131 0.366561 0.109206 0.367134 0.109015 0.398810 0.092284 0.399759
0 0.622477 0.226389 0.631303 0.233338 0.625458 0.241862 0.618639 0.237722 0.622477 0.226389
