0 0.000008 0.776793 0.002726 0.777411 0.003559 0.783872 0.002517 0.791792 0.000008 0.791743 0.000008 0.776793
0 0.390508 0.569336 0.348385 0.594283 0.343159 0.587751 0.356465 0.578786 0.355045 0.575956 0.363898 0.571584 0.363408 0.569951 0.383713 0.559218 0.390508 0.569336
0 0.402928 0.561949 0.390508 0.569336 0.383713 0.559218 0.378135 0.549061 0.391660 0.541210 0.402928 0.561949
0 0.354182 0.656784 0.363327 0.645190 0.373452 0.651559 0.380147 0.648456 0.387169 0.666582 0.373942 0.673441 0.354182 0.656784
0 0.425546 0.636535 0.445632 0.631472 0.453797 0.662173 0.444506 0.663428 0.428648 0.666093 0.424076 0.669522 0.421300 0.638331 0.425546 0.636535
0 0.442039 0.667889 0.424076 0.669522 0.428648 0.666093 0.444506 0.663428 0.442039 0.667889
0 0.438053 0.675432 0.444439 0.693248 0.449557 0.693760 0.450197 0.716280 0.438553 0.715640 0.438425 0.723957 0.426142 0.723701 0.426142 0.716280 0.424990 0.694400 0.418721 0.698110 0.419360 0.722421 0.395945 0.724213 0.396713 0.694400 0.416708 0.685882 0.414207 0.680975 0.425944 0.674625 0.428446 0.680205 0.438053 0.675432
0 0.456981 0.733216 0.463238 0.733554 0.465592 0.742261 0.462979 0.754835 0.449588 0.754182 0.449425 0.756958 0.442566 0.757938 0.442066 0.769648 0.441913 0.772799 0.436261 0.772610 0.429502 0.772472 0.430155 0.757612 0.436034 0.757612 0.439790 0.753202 0.440117 0.742751 0.439053 0.734429 0.456981 0.733216
0 0.456981 0.733216 0.439053 0.734429 0.431135 0.734586 0.430155 0.726094 0.455141 0.723644 0.456981 0.733216
0 0.441913 0.772799 0.442066 0.769648 0.460546 0.771681 0.460146 0.778429 0.464505 0.778703 0.464713 0.784330 0.462629 0.791208 0.446581 0.789749 0.445539 0.792459 0.435534 0.789749 0.436261 0.772610 0.441913 0.772799
0 0.469193 0.738425 0.484408 0.735507 0.492120 0.739259 0.491703 0.748429 0.493787 0.748846 0.489410 0.767187 0.481490 0.764478 0.465859 0.766562 0.466901 0.745303 0.469402 0.745095 0.469193 0.738425
0 0.517198 0.723188 0.539499 0.695885 0.548461 0.702346 0.524076 0.730899 0.517198 0.723188
0 0.466163 0.779800 0.486661 0.783103 0.487417 0.790805 0.485890 0.800241 0.481305 0.799824 0.475052 0.809411 0.503189 0.823167 0.502355 0.829420 0.497562 0.836506 0.492768 0.832129 0.489225 0.836923 0.478804 0.830670 0.480263 0.827752 0.476511 0.825460 0.472551 0.828794 0.458170 0.816289 0.459613 0.814080 0.457342 0.812329 0.460411 0.804628 0.461755 0.800105 0.466163 0.779800
0 0.551240 0.781953 0.532993 0.788569 0.526324 0.791070 0.516111 0.768352 0.521322 0.766894 0.539037 0.758348 0.540254 0.757715 0.551240 0.781953
0 0.575325 0.772104 0.578637 0.779816 0.571795 0.782647 0.565981 0.786068 0.563179 0.784846 0.554848 0.789166 0.551959 0.781691 0.551699 0.781787 0.540693 0.757500 0.552694 0.751297 0.575325 0.772104
0 0.571795 0.782647 0.576062 0.789081 0.570200 0.792184 0.565981 0.786068 0.571795 0.782647
0 0.528994 0.806300 0.541291 0.800464 0.546084 0.806300 0.552754 0.803174 0.561924 0.816304 0.543166 0.828184 0.528994 0.806300
0 0.351596 0.783357 0.364683 0.793302 0.356748 0.801970 0.353199 0.799557 0.344402 0.810969 0.352933 0.818443 0.347021 0.825894 0.341495 0.834137 0.338569 0.831743 0.328149 0.844667 0.316574 0.835798 0.336311 0.810729 0.331919 0.806739 0.351596 0.783357
0 0.352933 0.818443 0.371989 0.795646 0.379701 0.801899 0.371989 0.810027 0.378370 0.814837 0.368575 0.824504 0.366779 0.826493 0.370915 0.831046 0.362376 0.840723 0.347021 0.825894 0.352933 0.818443
0 0.376575 0.811695 0.386579 0.801482 0.399501 0.806067 0.405128 0.813362 0.396166 0.830244 0.397834 0.835663 0.394981 0.841529 0.384495 0.843166 0.377408 0.842749 0.370414 0.828817 0.373194 0.826283 0.371852 0.824808 0.381255 0.817198 0.376575 0.811695
0 0.334629 0.845622 0.355600 0.855511 0.351640 0.863847 0.344345 0.868224 0.334966 0.878264 0.317289 0.869395 0.324635 0.857444 0.329284 0.851185 0.334629 0.845622
0 0.219285 0.957608 0.233464 0.949028 0.245135 0.958824 0.228253 0.968828 0.219285 0.957608
0 0.275117 0.931864 0.295866 0.932928 0.296664 0.954474 0.275915 0.954740 0.275117 0.931864
0 0.321293 0.952925 0.323294 0.967910 0.309621 0.969599 0.310580 0.982625 0.290864 0.985230 0.286487 0.958135 0.321293 0.952925
0 0.297441 0.999006 0.296365 0.994982 0.295961 0.988883 0.311679 0.988458 0.313638 0.993847 0.310372 0.995154 0.310562 0.999007 0.297441 0.999006
0 0.312822 0.980456 0.320170 0.978823 0.322293 0.979640 0.323926 0.992214 0.320987 0.992541 0.313638 0.993847 0.312822 0.980456
0 0.312343 0.994886 0.325595 0.993398 0.326399 0.999007 0.312395 0.999007 0.312343 0.994886
0 0.346208 0.952443 0.354133 0.952557 0.353789 0.931981 0.365164 0.931637 0.364955 0.926635 0.378435 0.925999 0.378096 0.922050 0.382421 0.921352 0.390380 0.930952 0.393405 0.943788 0.384563 0.945544 0.371219 0.949561 0.371010 0.956022 0.374136 0.956648 0.374970 0.976448 0.377617 0.976025 0.377669 0.992178 0.372134 0.992087 0.366764 0.991871 0.366216 0.979574 0.351419 0.980199 0.350585 0.969361 0.346625 0.969934 0.346208 0.952443
0 0.350898 0.999007 0.351342 0.987487 0.351419 0.980199 0.366216 0.979574 0.366764 0.991871 0.367044 0.999007 0.350898 0.999007
0 0.395222 0.983516 0.413844 0.985077 0.414030 0.997661 0.394664 0.996051 0.395222 0.983516
0 0.462128 0.968192 0.466350 0.984826 0.448821 0.988639 0.447660 0.982775 0.444002 0.983198 0.443299 0.978977 0.436124 0.979540 0.434576 0.971661 0.462128 0.968192
0 0.688953 0.964833 0.708238 0.950404 0.716256 0.957122 0.718132 0.963791 0.716470 0.965141 0.706660 0.972457 0.698541 0.978589 0.694789 0.974004 0.688953 0.964833
0 0.694789 0.974004 0.698541 0.978589 0.693169 0.982697 0.689360 0.978006 0.694789 0.974004
0 0.716470 0.965141 0.718132 0.963791 0.724335 0.958555 0.734773 0.970112 0.726408 0.976609 0.723243 0.973062 0.716470 0.965141
0 0.638800 0.949960 0.650238 0.940885 0.656090 0.933999 0.676838 0.952354 0.672582 0.960068 0.660878 0.968580 0.638800 0.949960
0 0.616987 0.931871 0.636938 0.915607 0.647844 0.927349 0.627628 0.943842 0.616987 0.931871
0 0.578689 0.926245 0.601033 0.917467 0.613535 0.939014 0.592787 0.949920 0.578689 0.926245
0 0.584211 0.869901 0.599553 0.859161 0.608949 0.866975 0.615333 0.880541 0.589797 0.895969 0.584490 0.887111 0.592457 0.882137 0.584211 0.869901
0 0.505606 0.892114 0.511285 0.891536 0.534324 0.889511 0.540588 0.897954 0.538909 0.912438 0.512857 0.915564 0.506604 0.915147 0.505852 0.894551 0.505606 0.892114
0 0.549373 0.891778 0.553124 0.896446 0.556721 0.894368 0.547064 0.879857 0.562937 0.873855 0.567144 0.880276 0.570866 0.878641 0.589510 0.907224 0.546519 0.915721 0.540386 0.896187 0.549373 0.891778
0 0.501961 0.918932 0.517802 0.919748 0.514536 0.937385 0.502941 0.936569 0.503000 0.928904 0.501961 0.918932
0 0.500227 0.921395 0.502024 0.927928 0.501965 0.935592 0.484224 0.935276 0.483897 0.929071 0.483734 0.921232 0.500227 0.921395
0 0.483734 0.922209 0.484224 0.936253 0.464464 0.938212 0.463675 0.922941 0.483734 0.922209
0 0.438868 0.923476 0.462699 0.922941 0.463487 0.938212 0.445537 0.940786 0.445459 0.951900 0.415525 0.953083 0.415733 0.939118 0.424200 0.938410 0.425102 0.924529 0.428030 0.924529 0.428525 0.915984 0.439285 0.916817 0.438868 0.923476
0 0.461413 0.957190 0.476211 0.955940 0.476623 0.965933 0.462116 0.967361 0.461413 0.957190
0 0.442000 0.900304 0.460617 0.888056 0.468782 0.894098 0.472048 0.900794 0.460454 0.912062 0.454085 0.915491 0.439224 0.904386 0.442000 0.900304
0 0.475231 0.879786 0.485157 0.880086 0.485658 0.895425 0.476034 0.895826 0.475231 0.879786
0 0.445156 0.836107 0.456062 0.837171 0.485057 0.855259 0.478939 0.862707 0.461116 0.855525 0.457392 0.863239 0.459520 0.864303 0.449412 0.873082 0.450210 0.874146 0.457658 0.870421 0.462446 0.876008 0.445688 0.887446 0.439038 0.880796 0.420152 0.892766 0.410576 0.882392 0.408448 0.883722 0.398872 0.872284 0.421748 0.856057 0.437442 0.875210 0.444624 0.870421 0.439570 0.865101 0.428398 0.862441 0.423876 0.849939 0.433718 0.839831 0.439570 0.843023 0.445156 0.836107
0 0.254159 0.896927 0.259548 0.895621 0.258894 0.893825 0.276858 0.890232 0.281104 0.900193 0.257098 0.906562 0.254159 0.896927
0 0.285023 0.897744 0.297761 0.895458 0.303150 0.907542 0.288942 0.910155 0.285023 0.897744
0 0.297252 0.926117 0.304274 0.924321 0.309990 0.923667 0.313093 0.936078 0.307377 0.937385 0.301661 0.939508 0.297252 0.926117
0 0.286088 0.921413 0.297015 0.919809 0.297216 0.924922 0.287391 0.927228 0.286088 0.921413
0 0.353989 0.869239 0.363286 0.881496 0.359987 0.884681 0.363002 0.889076 0.359289 0.896126 0.361417 0.900116 0.351841 0.901978 0.345550 0.890361 0.343036 0.891797 0.338727 0.887309 0.341061 0.884795 0.339492 0.882200 0.353989 0.869239
0 0.396834 0.875321 0.403354 0.885140 0.395129 0.891650 0.394087 0.890400 0.393670 0.895402 0.389085 0.896027 0.390752 0.899362 0.395754 0.898320 0.398464 0.905823 0.377830 0.913326 0.373870 0.907907 0.373453 0.910825 0.354695 0.917703 0.353653 0.921246 0.340523 0.924789 0.333228 0.908741 0.334270 0.900612 0.337396 0.899153 0.346567 0.904155 0.352818 0.902954 0.362394 0.901092 0.360266 0.897102 0.363979 0.890052 0.366575 0.888107 0.384708 0.881854 0.396834 0.875321
0 0.314866 0.889282 0.317047 0.873959 0.332630 0.877396 0.332566 0.890526 0.333536 0.899149 0.332672 0.907554 0.334076 0.921991 0.320140 0.913369 0.319940 0.909258 0.316230 0.907654 0.314526 0.898230 0.316531 0.898230 0.314866 0.889282
0 0.399191 0.829556 0.408678 0.820150 0.406556 0.817864 0.417729 0.807305 0.419059 0.808901 0.425443 0.802517 0.423842 0.800462 0.428621 0.796133 0.440131 0.806619 0.430763 0.814753 0.435692 0.819168 0.425527 0.829209 0.423049 0.827483 0.414927 0.835855 0.410911 0.840271 0.399191 0.829556
0 0.390842 0.842780 0.397751 0.841117 0.409779 0.846747 0.414769 0.852376 0.402997 0.862357 0.389306 0.848794 0.390842 0.842780
0 0.388438 0.911729 0.400765 0.916808 0.399131 0.923296 0.395713 0.929359 0.383367 0.922966 0.388438 0.911729
4 0.200304 0.608873 0.214669 0.599177 0.219876 0.606180 0.206768 0.616594 0.200304 0.608873
4 0.210359 0.618390 0.221671 0.609771 0.226879 0.616235 0.215746 0.624674 0.210359 0.618390
0 0.408537 0.513866 0.412487 0.506684 0.420567 0.511711 0.416258 0.518534 0.408537 0.513866
0 0.706660 0.972457 0.716470 0.965141 0.723243 0.973062 0.713570 0.980921 0.706660 0.972457
0 0.505852 0.894551 0.493474 0.895808 0.492812 0.885116 0.510891 0.883903 0.511285 0.891536 0.505606 0.892114 0.505852 0.894551
0 0.366764 0.992847 0.372134 0.993064 0.371857 0.999007 0.367006 0.999007 0.366764 0.992847
0 0.327144 0.973594 0.345011 0.972750 0.345715 0.983020 0.328128 0.983723 0.327144 0.973594
0 0.331901 0.999007 0.331786 0.995639 0.328410 0.995747 0.328138 0.988377 0.351342 0.988464 0.350936 0.999007 0.331901 0.999007
0 0.411624 0.937871 0.407674 0.957802 0.396002 0.953313 0.398157 0.947568 0.394304 0.945895 0.400037 0.931785 0.411624 0.937871
0 0.439038 0.881772 0.445688 0.888422 0.428630 0.903287 0.420152 0.893742 0.439038 0.881772
0 0.409151 0.917266 0.412359 0.904204 0.422443 0.907641 0.419693 0.920475 0.409151 0.917266
0 0.364262 0.881496 0.369213 0.871821 0.379202 0.872103 0.384708 0.880878 0.366575 0.887130 0.363979 0.889076 0.360964 0.884681 0.364262 0.881496
0 0.423049 0.827483 0.425527 0.829209 0.434930 0.837872 0.425780 0.846580 0.414927 0.835855 0.423049 0.827483
0 0.358694 0.846301 0.365729 0.838985 0.372482 0.845035 0.365025 0.852351 0.358694 0.846301
0 0.602596 0.911476 0.629211 0.890124 0.637108 0.900361 0.609615 0.921712 0.602596 0.911476
0 0.644374 0.917975 0.649720 0.912629 0.659568 0.923040 0.654785 0.927682 0.644374 0.917975
0 0.497619 0.981034 0.510907 0.976366 0.514677 0.985703 0.501390 0.990551 0.497619 0.981034
