0 0.257970 0.251903 0.265894 0.257285 0.265147 0.267003 0.245411 0.272535 0.241823 0.264013 0.241375 0.255790 0.257970 0.251903
0 0.205193 0.263564 0.208632 0.262966 0.216705 0.261471 0.219995 0.277618 0.187999 0.283300 0.184710 0.270891 0.193083 0.268797 0.193083 0.265060 0.205193 0.263564
0 0.755956 0.591213 0.759609 0.592674 0.817327 0.641138 0.790294 0.677182 0.728679 0.624821 0.755956 0.591213
0 0.929113 0.730508 0.935695 0.751772 0.866838 0.764936 0.862788 0.740128 0.929113 0.730508
0 0.927459 0.763635 0.936226 0.763148 0.950839 0.771672 0.943532 0.788476 0.934522 0.791642 0.929894 0.790668 0.916256 0.782387 0.913577 0.780683 0.917230 0.771185 0.923806 0.769236 0.927459 0.763635
0 0.912442 0.785284 0.910349 0.789172 0.897491 0.785135 0.900182 0.778855 0.907209 0.780201 0.912442 0.785284
0 0.725437 0.856389 0.729820 0.881230 0.710825 0.886100 0.704493 0.861260 0.725437 0.856389
0 0.729333 0.887805 0.737127 0.913377 0.721540 0.918247 0.713747 0.891702 0.729333 0.887805
0 0.749617 0.815806 0.748156 0.817024 0.753027 0.830419 0.751566 0.831393 0.753027 0.840647 0.737197 0.846249 0.736953 0.848197 0.712356 0.852824 0.708703 0.832367 0.715766 0.829688 0.711625 0.815563 0.711357 0.815293 0.731963 0.802148 0.743285 0.798515 0.749617 0.815806
0 0.719662 0.786582 0.730342 0.802607 0.711006 0.814941 0.693117 0.797054 0.715766 0.785364 0.719662 0.786582
0 0.919487 0.821575 0.917459 0.833071 0.916237 0.833071 0.916525 0.844649 0.914727 0.844721 0.914942 0.848317 0.912713 0.848317 0.912713 0.849396 0.898905 0.849036 0.898761 0.847022 0.896963 0.846375 0.896966 0.845424 0.884754 0.845233 0.885326 0.834738 0.883443 0.833508 0.884174 0.818652 0.886366 0.818165 0.893428 0.818652 0.894402 0.816460 0.908771 0.816704 0.919487 0.821575
0 0.892979 0.851413 0.915522 0.851244 0.917082 0.869326 0.915063 0.878963 0.895145 0.879147 0.893493 0.875934 0.891749 0.867765 0.892979 0.851413
