0 0.000007 0.336174 0.011659 0.330907 0.021882 0.348100 0.026218 0.360491 0.008871 0.370714 0.010265 0.373347 0.000007 0.379078 0.000007 0.336174
0 0.335749 0.362804 0.327134 0.338010 0.328605 0.335909 0.324823 0.320360 0.347305 0.313426 0.360332 0.354189 0.335749 0.362804
0 0.298689 0.375506 0.287846 0.365128 0.305349 0.345767 0.315262 0.353821 0.307827 0.363115 0.309686 0.364664 0.298689 0.375506
0 0.213133 0.151530 0.238768 0.141234 0.245491 0.158884 0.219647 0.169180 0.213133 0.151530
0 0.655666 0.706706 0.638181 0.719454 0.619798 0.695248 0.642063 0.681546 0.652682 0.690909 0.655571 0.694786 0.655666 0.706706
0 0.620090 0.735631 0.600884 0.700160 0.618231 0.692571 0.619798 0.695248 0.635579 0.716734 0.630003 0.719367 0.635734 0.729125 0.620090 0.735631
0 0.656080 0.758394 0.645028 0.753443 0.644253 0.755611 0.629538 0.746783 0.646577 0.721071 0.655820 0.725863 0.656080 0.758394
0 0.626286 0.813541 0.603672 0.806571 0.620555 0.750190 0.639606 0.758709 0.634340 0.786280 0.656316 0.787831 0.656585 0.821451 0.626286 0.813541
0 0.582313 0.920299 0.559706 0.907054 0.570439 0.889356 0.573750 0.891868 0.584369 0.877367 0.604807 0.888557 0.582313 0.920299
0 0.577538 0.869123 0.564527 0.882753 0.553685 0.874079 0.565456 0.858745 0.577538 0.869123
0 0.082205 0.991464 0.022726 0.950108 0.035273 0.933535 0.061291 0.951196 0.089064 0.970646 0.094441 0.975356 0.082205 0.991464
4 0.000007 0.962925 0.007543 0.974773 0.000007 0.982558 0.000007 0.962925
0 0.170207 0.748217 0.179431 0.748101 0.180238 0.757902 0.170898 0.758133 0.170207 0.748217
0 0.549554 0.891662 0.558576 0.882307 0.568433 0.890159 0.559745 0.899849 0.549554 0.891662
0 0.515973 0.917725 0.508622 0.908035 0.534017 0.891662 0.541368 0.901687 0.515973 0.917725
