0 0.984926 0.115827 0.991534 0.143044 0.959928 0.148266 0.959738 0.152464 0.948289 0.154182 0.943136 0.125941 0.955730 0.122124 0.984926 0.115827
0 0.999008 0.169811 0.968586 0.178302 0.964202 0.157357 0.999008 0.150727 0.999008 0.169811
0 0.907606 0.197919 0.906138 0.218387 0.888331 0.217102 0.889341 0.197185 0.890901 0.195257 0.907606 0.197919
0 0.907539 0.229528 0.908640 0.246416 0.912220 0.254126 0.910384 0.260919 0.906713 0.261561 0.906896 0.265967 0.898269 0.266793 0.879728 0.266977 0.877892 0.262938 0.880003 0.229344 0.885051 0.227784 0.900563 0.227049 0.907539 0.229528
0 0.904319 0.270521 0.909929 0.269226 0.911726 0.278719 0.905757 0.279439 0.904463 0.275339 0.903384 0.275339 0.903600 0.270952 0.904319 0.270521
3 0.862380 0.288418 0.870420 0.281741 0.884841 0.297930 0.874148 0.304219 0.866729 0.298345 0.867648 0.294150 0.862380 0.288418
0 0.934957 0.295824 0.937651 0.295590 0.947609 0.306016 0.935074 0.315856 0.926054 0.302501 0.928865 0.300627 0.928983 0.299455 0.934957 0.295824
4 0.999008 0.414396 0.992210 0.404574 0.978089 0.394651 0.989729 0.384156 0.982478 0.375379 0.999008 0.357526 0.999008 0.414396
3 0.890064 0.155284 0.897489 0.154994 0.897875 0.166276 0.890547 0.166855 0.890064 0.155284
4 0.988588 0.431866 0.996679 0.428404 0.999008 0.448773 0.999008 0.452010 0.991675 0.453207 0.988588 0.431866
3 0.935074 0.315856 0.947609 0.306016 0.955284 0.316879 0.962737 0.316157 0.974760 0.332538 0.956681 0.346127 0.935074 0.315856
