4 0.762816 0.000006 0.757096 0.005538 0.748946 0.000006 0.762816 0.000006
0 0.795081 0.000005 0.789567 0.005308 0.794998 0.008365 0.783132 0.023782 0.771022 0.016240 0.778946 0.004727 0.771155 0.000005 0.795081 0.000005
0 0.890419 0.000003 0.898184 0.005944 0.877098 0.029256 0.869835 0.023164 0.884478 0.007115 0.873071 0.000004 0.890419 0.000003
4 0.861746 0.000004 0.852663 0.009329 0.844696 0.000004 0.861746 0.000004
0 0.859133 0.068477 0.869819 0.047677 0.890427 0.059317 0.879169 0.079162 0.859133 0.068477
0 0.907183 0.096621 0.914914 0.099667 0.914094 0.106813 0.889611 0.097441 0.892978 0.091299 0.907183 0.096621
0 0.907539 0.085283 0.910420 0.088457 0.907183 0.096621 0.892978 0.091299 0.894179 0.082681 0.907539 0.085283
0 0.915256 0.085100 0.910420 0.088457 0.907539 0.085283 0.909760 0.081626 0.915256 0.085100
0 0.974931 0.103005 0.981491 0.091056 0.999010 0.102920 0.999010 0.119208 0.974931 0.103005
0 0.990771 0.529437 0.982733 0.539969 0.968180 0.526447 0.976835 0.516458 0.990771 0.529437
0 0.999010 0.517987 0.990771 0.529437 0.976835 0.516458 0.985587 0.505690 0.978370 0.499469 0.985489 0.488865 0.999010 0.490598 0.999010 0.517987
0 0.992080 0.588770 0.992854 0.601525 0.987114 0.602110 0.987114 0.610545 0.970128 0.612536 0.969425 0.604102 0.957008 0.604688 0.955719 0.587116 0.989457 0.587116 0.992080 0.588770
0 0.999010 0.587835 0.992080 0.588770 0.989457 0.587116 0.988403 0.556189 0.999010 0.556099 0.999010 0.587835
0 0.999010 0.635954 0.996145 0.637880 0.990018 0.638171 0.981491 0.645377 0.962981 0.635073 0.975575 0.617899 0.993894 0.627059 0.999010 0.627698 0.999010 0.635954
0 0.999010 0.709422 0.997138 0.715163 0.978819 0.704477 0.991986 0.679099 0.982636 0.672611 0.991032 0.660780 0.999010 0.665703 0.999010 0.709422
0 0.933669 0.631087 0.944284 0.624957 0.951909 0.638263 0.940995 0.644842 0.933669 0.631087
0 0.819640 0.691301 0.836385 0.677845 0.843861 0.688012 0.827265 0.700272 0.819640 0.691301
3 0.832401 0.852037 0.843360 0.835477 0.859190 0.845949 0.848718 0.862753 0.832401 0.852037
3 0.768351 0.891734 0.785398 0.891490 0.785473 0.888081 0.791243 0.887837 0.791000 0.899770 0.784593 0.899714 0.784724 0.903051 0.768371 0.904527 0.768351 0.891734
0 0.904512 0.573467 0.887558 0.594903 0.896572 0.603916 0.889261 0.613612 0.852183 0.585504 0.863097 0.574889 0.900475 0.570404 0.904512 0.573467
0 0.913612 0.580837 0.896572 0.603916 0.887558 0.594903 0.904512 0.573467 0.913612 0.580837
0 0.523746 0.326350 0.515463 0.325277 0.515866 0.317881 0.526799 0.319751 0.526417 0.322400 0.546453 0.326789 0.543492 0.342216 0.552750 0.343772 0.551033 0.357129 0.519166 0.350260 0.523746 0.326350
4 0.638066 0.352783 0.642552 0.347998 0.649728 0.355025 0.644944 0.359660 0.638066 0.352783
0 0.568802 0.325545 0.575231 0.325695 0.574783 0.331526 0.568503 0.331227 0.568802 0.325545
0 0.526538 0.316824 0.526620 0.309996 0.520959 0.309823 0.521856 0.292952 0.523052 0.263349 0.548469 0.264844 0.548703 0.265957 0.548795 0.275135 0.548020 0.293999 0.543834 0.294148 0.543834 0.301923 0.557490 0.302537 0.555819 0.324525 0.537888 0.320037 0.538153 0.317071 0.526538 0.316824
0 0.548795 0.275135 0.548703 0.265957 0.563389 0.266416 0.563205 0.275411 0.548795 0.275135
0 0.546288 0.186018 0.559264 0.186400 0.559454 0.194796 0.546097 0.195177 0.546288 0.186018
0 0.586797 0.238584 0.585351 0.246920 0.535708 0.237309 0.537168 0.228291 0.586797 0.238584
0 0.562915 0.205672 0.563936 0.200902 0.579130 0.203559 0.574869 0.229664 0.587617 0.232324 0.586797 0.238584 0.537168 0.228291 0.537745 0.224242 0.527661 0.223392 0.529934 0.200564 0.562915 0.205672
0 0.591533 0.198597 0.587617 0.232324 0.574865 0.229647 0.579130 0.203559 0.579924 0.197014 0.591533 0.198597
0 0.499747 0.241749 0.512456 0.241001 0.512456 0.255504 0.500495 0.256700 0.499747 0.241749
0 0.477544 0.211939 0.479735 0.200492 0.472186 0.199518 0.473647 0.187341 0.482901 0.188803 0.483177 0.186611 0.505550 0.190751 0.501654 0.216566 0.477544 0.211939
0 0.454990 0.209141 0.456846 0.213965 0.456073 0.216824 0.451144 0.215539 0.448304 0.231238 0.437090 0.227351 0.438735 0.213745 0.436653 0.213219 0.437688 0.205821 0.454990 0.209141
0 0.469833 0.208662 0.469684 0.218380 0.462208 0.218679 0.462507 0.214642 0.456846 0.213965 0.454990 0.209141 0.455630 0.207017 0.469833 0.208662
0 0.539852 0.088901 0.547866 0.072109 0.563704 0.079742 0.556643 0.096534 0.539852 0.088901
0 0.552064 0.065049 0.555499 0.056653 0.562177 0.060087 0.563439 0.057151 0.569810 0.060469 0.564849 0.071155 0.552064 0.065049
0 0.536426 0.028984 0.551604 0.030713 0.550259 0.047757 0.535431 0.045874 0.535752 0.042656 0.536426 0.028984
0 0.536426 0.028984 0.535752 0.042656 0.528733 0.042392 0.528977 0.038882 0.523146 0.038732 0.523595 0.028864 0.529902 0.028518 0.536426 0.028984
0 0.530184 0.067264 0.539204 0.066678 0.539907 0.075932 0.530770 0.077221 0.530184 0.067264
0 0.491926 0.107963 0.492237 0.086516 0.513062 0.086827 0.512752 0.108273 0.491926 0.107963
0 0.502206 0.063055 0.513335 0.063289 0.513335 0.069381 0.502206 0.069146 0.502206 0.063055
0 0.518920 0.059122 0.528833 0.058205 0.529384 0.066282 0.519471 0.066924 0.518920 0.059122
0 0.336126 0.023198 0.349802 0.022265 0.351045 0.036252 0.336748 0.037185 0.336126 0.023198
3 0.402209 0.681395 0.405619 0.673115 0.414386 0.677986 0.411220 0.686023 0.402209 0.681395
0 0.948515 0.609413 0.957492 0.608439 0.960844 0.615902 0.970254 0.614929 0.974472 0.617957 0.962359 0.632774 0.951327 0.623473 0.952625 0.621526 0.951760 0.617632 0.948082 0.614388 0.948515 0.609413
4 0.810169 0.697374 0.823972 0.707865 0.818175 0.715180 0.806718 0.707174 0.804096 0.707589 0.801749 0.705932 0.801749 0.699169 0.810169 0.697374
0 0.477519 0.087094 0.490632 0.087094 0.490770 0.105591 0.476967 0.105729 0.477519 0.087094
