0 0.321466 0.623833 0.333367 0.648825 0.313532 0.654775 0.302821 0.630180 0.321466 0.623833
2 0.347052 0.643299 0.360106 0.640812 0.363215 0.657907 0.348606 0.658529 0.347052 0.643299
0 0.292658 0.675313 0.300118 0.670651 0.324362 0.657597 0.330267 0.662881 0.329957 0.671273 0.306645 0.686814 0.292658 0.675313
0 0.332177 0.679897 0.342123 0.688600 0.331866 0.696370 0.322542 0.687356 0.332177 0.679897
0 0.323347 0.722583 0.361827 0.689657 0.372141 0.687673 0.378091 0.690847 0.381662 0.702748 0.371348 0.713062 0.376108 0.715442 0.380075 0.728930 0.369364 0.732500 0.360240 0.732500 0.353893 0.740037 0.343976 0.741227 0.328901 0.729326 0.323347 0.722583
3 0.345470 0.743533 0.351975 0.749721 0.356257 0.755538 0.343765 0.765695 0.332075 0.755223 0.345470 0.743533
0 0.394407 0.736126 0.395381 0.744650 0.388075 0.747329 0.378090 0.746842 0.377602 0.737588 0.394407 0.736126
3 0.354845 0.772219 0.362882 0.775385 0.367266 0.782204 0.365805 0.786345 0.352897 0.795112 0.341207 0.783666 0.354845 0.772219
0 0.170382 0.892147 0.173060 0.890442 0.178905 0.892147 0.184263 0.896531 0.175496 0.909682 0.163806 0.902376 0.170382 0.892147
3 0.365471 0.777242 0.372907 0.769637 0.385751 0.777580 0.377808 0.785185 0.365471 0.777242
