0 0.079541 0.318554 0.088631 0.317544 0.090230 0.327897 0.080130 0.328991 0.079541 0.318554
0 0.116589 0.325921 0.119703 0.349321 0.099250 0.351341 0.098324 0.340903 0.101017 0.340735 0.099755 0.327941 0.116589 0.325921
0 0.194841 0.344892 0.194841 0.354483 0.190274 0.354255 0.189132 0.378347 0.166182 0.377434 0.169150 0.343865 0.194841 0.344892
0 0.132234 0.394998 0.166146 0.378898 0.171627 0.378555 0.176422 0.387119 0.137829 0.407443 0.132234 0.394998
0 0.202753 0.355263 0.213115 0.357125 0.210943 0.372202 0.199774 0.370341 0.202753 0.355263
0 0.464043 0.382633 0.455710 0.367314 0.487021 0.351237 0.495607 0.365630 0.484496 0.369670 0.486180 0.372195 0.464043 0.382633
0 0.488416 0.396191 0.483029 0.385922 0.492961 0.381124 0.498853 0.392487 0.488416 0.396191
0 0.336656 0.525156 0.364973 0.540571 0.348759 0.572427 0.331403 0.562608 0.335286 0.555186 0.322383 0.547650 0.334258 0.524015 0.336656 0.525156
0 0.293552 0.513610 0.307027 0.486194 0.348693 0.502458 0.342807 0.513765 0.339399 0.514229 0.336921 0.520425 0.327628 0.515778 0.330261 0.508034 0.322206 0.504781 0.313997 0.521974 0.293552 0.513610
0 0.242049 0.693900 0.249357 0.699380 0.241021 0.709999 0.234171 0.704633 0.242049 0.693900
0 0.544612 0.632069 0.547555 0.664442 0.521069 0.666920 0.519675 0.648333 0.528349 0.647403 0.527265 0.633618 0.544612 0.632069
0 0.534390 0.678227 0.550498 0.674974 0.553131 0.690463 0.537023 0.692477 0.534390 0.678227
0 0.333180 0.442136 0.350838 0.401090 0.375311 0.410384 0.377479 0.406512 0.398854 0.415495 0.390645 0.433463 0.372213 0.425563 0.362610 0.446319 0.355485 0.443376 0.351922 0.451275 0.333180 0.442136
0 0.492111 0.666783 0.498574 0.668143 0.499595 0.688102 0.496080 0.688895 0.492791 0.688895 0.487688 0.688782 0.487121 0.688102 0.487234 0.667350 0.492111 0.666783
