0 0.125553 0.012658 0.146072 0.006707 0.147918 0.014504 0.157972 0.013889 0.158588 0.022917 0.144225 0.025789 0.145046 0.029072 0.130888 0.032355 0.125553 0.012658
0 0.296061 0.027780 0.319123 0.035133 0.312438 0.057526 0.286703 0.050173 0.296061 0.027780
0 0.382295 0.064490 0.408699 0.053461 0.420062 0.068167 0.390651 0.083207 0.382295 0.064490
0 0.327085 0.034655 0.354826 0.037328 0.353489 0.046687 0.324411 0.044347 0.327085 0.034655
0 0.348294 0.076766 0.347884 0.049477 0.360195 0.049477 0.360605 0.077998 0.348294 0.076766
0 0.416234 0.020514 0.432732 0.015014 0.441374 0.036488 0.438494 0.037535 0.441898 0.047225 0.428804 0.052724 0.416234 0.020514
0 0.453846 0.000008 0.468507 0.024851 0.450176 0.031921 0.437344 0.001020 0.453718 0.000008 0.453846 0.000008
0 0.467197 0.002853 0.484743 0.001806 0.486576 0.006781 0.497575 0.005210 0.499146 0.019351 0.473744 0.025636 0.467197 0.002853
0 0.509314 0.014610 0.525550 0.012777 0.527383 0.025608 0.513504 0.029798 0.509314 0.014610
0 0.528879 0.000016 0.564710 0.000016 0.563857 0.017932 0.547221 0.016652 0.544235 0.019638 0.530158 0.017932 0.528879 0.000016
0 0.755323 0.021879 0.790152 0.021879 0.790676 0.039163 0.751918 0.039686 0.755323 0.021879
4 0.757641 0.000006 0.749232 0.015477 0.747180 0.014451 0.745128 0.016913 0.736100 0.009937 0.740046 0.000006 0.757641 0.000006
4 0.693262 0.000007 0.687800 0.007800 0.678484 0.000007 0.693262 0.000007
0 0.690269 0.128615 0.694983 0.129139 0.694721 0.125996 0.703625 0.126258 0.703887 0.131234 0.710957 0.130710 0.710695 0.142756 0.706767 0.144066 0.706244 0.159778 0.687650 0.161088 0.690269 0.128615
0 0.864685 0.286933 0.891154 0.288369 0.892385 0.302321 0.868788 0.305604 0.864685 0.286933
0 0.879676 0.318804 0.892769 0.308591 0.897745 0.314352 0.916338 0.308591 0.928908 0.322208 0.910838 0.339230 0.908482 0.337135 0.901935 0.342373 0.879676 0.318804
0 0.941392 0.303795 0.966008 0.296201 0.970198 0.306937 0.961557 0.310080 0.962866 0.313484 0.948725 0.319507 0.941392 0.303795
0 0.999010 0.297733 0.987543 0.298213 0.985186 0.280406 0.999010 0.278939 0.999010 0.297733
0 0.188537 0.012997 0.204854 0.018598 0.187320 0.047336 0.173682 0.041978 0.188537 0.012997
0 0.404809 0.041520 0.408098 0.050192 0.395240 0.055424 0.391503 0.044809 0.404809 0.041520
0 0.362178 0.053470 0.361203 0.041050 0.379225 0.040076 0.380686 0.052496 0.362178 0.053470
4 0.740045 0.000006 0.735124 0.009937 0.740536 0.015441 0.732521 0.020784 0.720309 0.010289 0.725270 0.004946 0.723006 0.000006 0.740045 0.000006
1 0.800318 0.286717 0.800561 0.301085 0.787167 0.301329 0.788141 0.286229 0.800318 0.286717
0 0.971040 0.323371 0.988533 0.314999 0.993167 0.323521 0.976422 0.332940 0.971040 0.323371
3 0.885028 0.280099 0.854586 0.278881 0.854342 0.270357 0.864571 0.271088 0.863840 0.266948 0.888194 0.266461 0.885028 0.280099
0 0.926916 0.366348 0.914058 0.355584 0.921234 0.347061 0.935587 0.358125 0.926916 0.366348
4 0.808864 0.000005 0.803866 0.013855 0.785293 0.006523 0.784692 0.000005 0.808864 0.000005
