0 0.200565 0.003232 0.201052 0.017114 0.175967 0.031239 0.167687 0.020523 0.200565 0.003232
0 0.155754 0.030995 0.172558 0.027830 0.177185 0.045851 0.161842 0.049261 0.155754 0.030995
0 0.155754 0.030995 0.161842 0.049261 0.152831 0.054132 0.146256 0.034892 0.155754 0.030995
0 0.080744 0.072397 0.138950 0.038789 0.145769 0.052914 0.131644 0.059489 0.129695 0.056323 0.086346 0.081408 0.080744 0.072397
0 0.119223 0.108927 0.091216 0.098212 0.095844 0.085548 0.102419 0.088714 0.104854 0.081651 0.127016 0.091149 0.119223 0.108927
0 0.129939 0.089444 0.141629 0.093585 0.152101 0.097481 0.148448 0.106248 0.165495 0.110389 0.164765 0.122322 0.121902 0.107953 0.129939 0.089444
0 0.137405 0.091867 0.144884 0.078920 0.155896 0.084543 0.149101 0.096257 0.137405 0.091867
0 0.174063 0.097709 0.193509 0.091384 0.198312 0.110478 0.179920 0.116570 0.174063 0.097709
0 0.174063 0.097709 0.179920 0.116570 0.168909 0.120787 0.163403 0.101224 0.174063 0.097709
0 0.154539 0.061636 0.177265 0.056254 0.182348 0.076138 0.160669 0.081521 0.154539 0.061636
0 0.154539 0.061636 0.160669 0.081521 0.163520 0.087943 0.154525 0.090880 0.153607 0.088494 0.155896 0.084543 0.149293 0.080967 0.142279 0.065523 0.154539 0.061636
0 0.247328 0.050779 0.270989 0.040857 0.281294 0.067190 0.260304 0.075586 0.255724 0.066999 0.247519 0.070625 0.244084 0.063564 0.250953 0.060130 0.247328 0.050779
0 0.371952 0.000007 0.358807 0.017502 0.333235 0.003377 0.335909 0.000007 0.371952 0.000007
0 0.206663 0.109398 0.228338 0.101362 0.235157 0.117192 0.214213 0.126202 0.206663 0.109398
0 0.305073 0.132456 0.315987 0.127223 0.320472 0.137091 0.310604 0.142025 0.305073 0.132456
0 0.293261 0.139034 0.303577 0.133502 0.316435 0.150846 0.306418 0.157424 0.293261 0.139034
0 0.331985 0.151743 0.335872 0.137240 0.341703 0.139632 0.342899 0.136343 0.375343 0.142473 0.371306 0.171478 0.336769 0.163853 0.339759 0.154284 0.331985 0.151743
0 0.386705 0.172375 0.391041 0.156079 0.397022 0.157574 0.400311 0.140679 0.425578 0.144566 0.423635 0.162956 0.421840 0.162657 0.418252 0.177907 0.386705 0.172375
0 0.435755 0.148246 0.463863 0.149143 0.462367 0.183232 0.443529 0.181438 0.443679 0.176803 0.435007 0.176354 0.435755 0.148246
0 0.447541 0.095566 0.473556 0.098257 0.473706 0.115750 0.471164 0.131000 0.444103 0.128159 0.448289 0.112161 0.447541 0.095566
0 0.447541 0.095566 0.448289 0.112161 0.444103 0.128159 0.439767 0.127411 0.439617 0.098406 0.447541 0.095566
0 0.427264 0.108934 0.438744 0.109285 0.439096 0.118422 0.427030 0.118305 0.427264 0.108934
0 0.488838 0.099093 0.509446 0.100047 0.507538 0.133822 0.486357 0.132486 0.488838 0.099093
0 0.512887 0.125191 0.521559 0.125341 0.521110 0.135507 0.512439 0.135507 0.512887 0.125191
0 0.415175 0.048167 0.419564 0.032329 0.436738 0.037672 0.432730 0.051602 0.415175 0.048167
0 0.433112 0.036146 0.440745 0.002180 0.470703 0.011149 0.464788 0.040916 0.457155 0.039962 0.456583 0.043397 0.443416 0.040725 0.444249 0.038314 0.433112 0.036146
0 0.433112 0.036146 0.422309 0.031533 0.429784 0.002229 0.440745 0.002180 0.433112 0.036146
0 0.590801 0.098464 0.603585 0.089877 0.609882 0.101708 0.617897 0.099418 0.622941 0.112155 0.624464 0.111453 0.627159 0.118716 0.633367 0.116373 0.645476 0.137261 0.613609 0.148519 0.605022 0.131536 0.601969 0.133254 0.595672 0.118561 0.599298 0.117416 0.590801 0.098464
0 0.640447 0.150033 0.656666 0.146598 0.658956 0.155567 0.642737 0.158620 0.640447 0.150033
0 0.626517 0.159765 0.648461 0.159574 0.651133 0.179992 0.646171 0.180373 0.648461 0.198883 0.642737 0.198692 0.642737 0.203271 0.622319 0.202890 0.618884 0.168543 0.626326 0.167970 0.626517 0.159765
0 0.618744 0.231319 0.635346 0.234372 0.644886 0.237234 0.641643 0.268719 0.614737 0.263376 0.618744 0.231319
0 0.618744 0.231319 0.619317 0.224067 0.649466 0.227121 0.649848 0.236089 0.644886 0.237234 0.618744 0.231319
0 0.525923 0.198964 0.527385 0.181430 0.544676 0.182160 0.543215 0.200913 0.525923 0.198964
0 0.386357 0.236786 0.388062 0.221443 0.405353 0.223391 0.405597 0.218764 0.420209 0.219738 0.417287 0.244092 0.421427 0.243848 0.419966 0.252616 0.409493 0.251155 0.408519 0.243118 0.406327 0.242631 0.405840 0.244579 0.394638 0.242631 0.395612 0.237517 0.386357 0.236786
0 0.428002 0.239708 0.430438 0.217059 0.441884 0.218277 0.440910 0.221687 0.458444 0.223878 0.456253 0.238004 0.449677 0.237273 0.448703 0.242387 0.428002 0.239708
0 0.391472 0.260896 0.405353 0.261627 0.404866 0.269420 0.391228 0.268689 0.391472 0.260896
0 0.356402 0.272829 0.379295 0.277700 0.375155 0.292799 0.352019 0.287929 0.356402 0.272829
0 0.220712 0.283168 0.253638 0.253416 0.273473 0.277218 0.242927 0.304590 0.220712 0.283168
0 0.478421 0.227660 0.494831 0.229377 0.494831 0.224225 0.506662 0.225561 0.504754 0.247123 0.478039 0.243879 0.478421 0.227660
0 0.478039 0.243879 0.471552 0.242353 0.472315 0.229377 0.478421 0.227660 0.478039 0.243879
0 0.514020 0.223953 0.522226 0.223953 0.521653 0.232158 0.513066 0.231967 0.514020 0.223953
0 0.530431 0.246469 0.549322 0.239981 0.553329 0.254293 0.558099 0.252766 0.560198 0.262689 0.536919 0.270894 0.533900 0.258819 0.530431 0.246469
0 0.536919 0.270894 0.532530 0.269558 0.533900 0.258819 0.536919 0.270894
0 0.510556 0.335816 0.501545 0.329241 0.507877 0.323396 0.499597 0.316090 0.509095 0.302939 0.515914 0.307079 0.518836 0.303669 0.528822 0.310975 0.518349 0.322422 0.520785 0.324857 0.510556 0.335816
0 0.464163 0.355211 0.476566 0.341281 0.479810 0.343762 0.484008 0.338801 0.494313 0.346624 0.486489 0.360554 0.490878 0.365324 0.477330 0.377727 0.467598 0.367423 0.471796 0.362844 0.464163 0.355211
0 0.436686 0.386314 0.449470 0.371240 0.452714 0.374102 0.457676 0.368950 0.469697 0.377918 0.457103 0.394519 0.461492 0.397763 0.454813 0.406541 0.439548 0.397573 0.444891 0.391657 0.436686 0.386314
0 0.371290 0.345439 0.408118 0.325594 0.414033 0.335899 0.392471 0.348302 0.386364 0.356125 0.371290 0.345439
0 0.367071 0.353269 0.391937 0.367256 0.382612 0.380621 0.358368 0.365391 0.367071 0.353269
0 0.433221 0.421445 0.422535 0.435757 0.426161 0.439764 0.416048 0.449877 0.404599 0.440909 0.409560 0.436138 0.401927 0.429460 0.407652 0.422209 0.397157 0.413813 0.407270 0.403127 0.433221 0.421445
0 0.502472 0.408430 0.512344 0.397530 0.508025 0.394856 0.515429 0.385395 0.533940 0.401232 0.523450 0.416246 0.520982 0.413983 0.516252 0.419125 0.502472 0.408430
0 0.502472 0.408430 0.516252 0.419125 0.513373 0.422004 0.500210 0.411927 0.502472 0.408430
0 0.480260 0.424061 0.530032 0.450387 0.524067 0.458613 0.500210 0.445451 0.485402 0.469514 0.463395 0.455323 0.473061 0.441749 0.469154 0.439692 0.480260 0.424061
0 0.485197 0.494324 0.502522 0.479099 0.509609 0.485137 0.522471 0.499836 0.519584 0.502986 0.526933 0.509286 0.515121 0.518473 0.497797 0.500361 0.492547 0.504561 0.485197 0.494324
0 0.524757 0.502388 0.531364 0.495942 0.538455 0.503033 0.531686 0.509317 0.524757 0.502388
0 0.549805 0.442526 0.564199 0.412981 0.585159 0.424344 0.581749 0.431794 0.578593 0.430531 0.573795 0.438991 0.578214 0.441769 0.570765 0.455658 0.549805 0.442526
0 0.539073 0.431668 0.550184 0.411844 0.559527 0.417274 0.547911 0.437476 0.539073 0.431668
0 0.548823 0.403986 0.568361 0.369640 0.583581 0.379717 0.578028 0.388561 0.573914 0.386504 0.560957 0.410362 0.548823 0.403986
0 0.585692 0.380883 0.600334 0.358426 0.610820 0.362877 0.618735 0.370198 0.601323 0.397503 0.591034 0.390974 0.594002 0.386027 0.585692 0.380883
0 0.838866 0.072443 0.869018 0.068423 0.875048 0.106949 0.843892 0.111304 0.838866 0.072443
0 0.843892 0.111304 0.837191 0.108624 0.832166 0.074118 0.838866 0.072443 0.843892 0.111304
4 0.798084 0.103522 0.807753 0.102394 0.808558 0.109645 0.798567 0.110773 0.798084 0.103522
0 0.426885 0.542522 0.444773 0.529469 0.453475 0.540104 0.448801 0.543972 0.462338 0.560892 0.448318 0.570884 0.437360 0.556703 0.426885 0.542522
0 0.437360 0.556703 0.430431 0.561698 0.420601 0.547034 0.426885 0.542522 0.437360 0.556703
0 0.382132 0.552781 0.389947 0.552370 0.390153 0.542909 0.406812 0.542909 0.406812 0.546817 0.415450 0.546611 0.415656 0.563065 0.398174 0.563682 0.398585 0.567795 0.381720 0.568412 0.382132 0.552781
0 0.375636 0.564918 0.381275 0.564819 0.380978 0.578769 0.375636 0.578670 0.375636 0.564918
0 0.340269 0.550188 0.349318 0.550188 0.349920 0.542891 0.354965 0.542990 0.354866 0.539626 0.364166 0.539725 0.364364 0.546156 0.377422 0.545859 0.377422 0.559511 0.352492 0.559412 0.352294 0.563864 0.339631 0.563765 0.340269 0.550188
0 0.301320 0.553904 0.302012 0.537877 0.310520 0.538372 0.311015 0.529567 0.327932 0.529963 0.327734 0.537185 0.338023 0.537581 0.337528 0.548067 0.318633 0.547276 0.318229 0.554131 0.301320 0.553904
0 0.247457 0.588156 0.239238 0.570913 0.244395 0.569624 0.243750 0.561728 0.239722 0.553671 0.258737 0.546419 0.265344 0.553348 0.267923 0.561244 0.270501 0.569624 0.266472 0.571719 0.270501 0.580743 0.247457 0.588156
0 0.239722 0.553671 0.243750 0.561728 0.244395 0.569624 0.241333 0.568335 0.235854 0.556088 0.239722 0.553671
0 0.218773 0.557377 0.229892 0.554315 0.236499 0.570913 0.225380 0.573653 0.218773 0.557377
0 0.219578 0.509194 0.244395 0.500814 0.247135 0.509677 0.252775 0.527242 0.250358 0.528048 0.253258 0.535783 0.231181 0.543841 0.221351 0.523375 0.226508 0.522247 0.226669 0.515640 0.219578 0.509194
0 0.219578 0.509194 0.226669 0.515640 0.226508 0.522247 0.223285 0.521763 0.219578 0.509194
0 0.204108 0.515801 0.213455 0.514189 0.215711 0.522730 0.206364 0.524986 0.204108 0.515801
0 0.171330 0.546818 0.183325 0.533939 0.190774 0.540126 0.178653 0.553257 0.171330 0.546818
0 0.151254 0.543283 0.164007 0.541136 0.166406 0.548207 0.168173 0.561717 0.169815 0.573081 0.155926 0.571818 0.151254 0.543283
0 0.166406 0.548207 0.174613 0.549722 0.178653 0.553257 0.178779 0.561212 0.168173 0.561717 0.166406 0.548207
0 0.127141 0.546158 0.130203 0.540034 0.127141 0.538423 0.130042 0.528915 0.132620 0.529398 0.136810 0.519085 0.147123 0.523758 0.155825 0.525531 0.146801 0.550831 0.127141 0.546158
0 0.147892 0.517287 0.161445 0.493939 0.172723 0.499677 0.159170 0.523124 0.147892 0.517287
0 0.183307 0.461719 0.194265 0.467520 0.172723 0.499677 0.161445 0.493939 0.153012 0.488792 0.157846 0.475577 0.166387 0.480573 0.173639 0.469293 0.176700 0.470582 0.183307 0.461719
0 0.160851 0.416214 0.187237 0.428838 0.180543 0.445381 0.173746 0.442587 0.174642 0.437802 0.152958 0.425864 0.160851 0.416214
0 0.233103 0.226258 0.235113 0.239324 0.228078 0.246359 0.216017 0.257750 0.198261 0.266795 0.175815 0.273495 0.156385 0.276175 0.134609 0.271820 0.122213 0.265790 0.126233 0.220898 0.233103 0.226258
0 0.609836 0.555244 0.639497 0.553406 0.646060 0.656565 0.614036 0.658665 0.609836 0.555244
0 0.554726 0.676895 0.573647 0.677924 0.574264 0.682037 0.584959 0.682243 0.586399 0.761014 0.559662 0.761220 0.556166 0.722348 0.563158 0.722760 0.562747 0.708774 0.554726 0.708980 0.554726 0.676895
0 0.529634 0.681831 0.549173 0.692526 0.541769 0.707540 0.536833 0.704661 0.531074 0.715767 0.542797 0.722554 0.513386 0.769241 0.500635 0.762248 0.501869 0.760397 0.488912 0.754844 0.496727 0.743326 0.490557 0.738390 0.529634 0.681831
0 0.541769 0.707540 0.554726 0.708980 0.562747 0.708774 0.563158 0.722760 0.556166 0.722348 0.542797 0.722554 0.531074 0.715767 0.536833 0.704661 0.541769 0.707540
0 0.457692 0.770624 0.471873 0.770624 0.473162 0.819936 0.483959 0.820258 0.487988 0.821869 0.488149 0.831860 0.461398 0.833311 0.457692 0.770624
0 0.480736 0.784000 0.508292 0.784000 0.508937 0.793507 0.544067 0.794797 0.544712 0.817679 0.531820 0.818485 0.533915 0.866024 0.556798 0.866024 0.557442 0.891968 0.531820 0.892291 0.531820 0.877465 0.496851 0.878271 0.496851 0.859255 0.489438 0.859255 0.488149 0.831860 0.487988 0.821869 0.483959 0.820258 0.480736 0.784000
0 0.447652 0.916110 0.463926 0.905873 0.477313 0.925560 0.462876 0.935009 0.447652 0.916110
0 0.423318 0.927660 0.434630 0.920255 0.452728 0.938354 0.439154 0.947609 0.423318 0.927660
0 0.382184 0.884469 0.421467 0.852385 0.451289 0.883852 0.418587 0.915114 0.382184 0.884469
0 0.357112 0.738591 0.364310 0.742498 0.380147 0.720286 0.394543 0.727485 0.408940 0.736945 0.384671 0.774994 0.374799 0.768824 0.371714 0.774377 0.346005 0.759569 0.357112 0.738591
0 0.298290 0.730364 0.307340 0.704244 0.320502 0.709797 0.313715 0.734477 0.298290 0.730364
0 0.107548 0.944132 0.135898 0.930220 0.145610 0.949906 0.152255 0.962679 0.153747 0.966443 0.123035 0.980093 0.107548 0.944132
0 0.123035 0.980093 0.117786 0.981930 0.101511 0.945444 0.128023 0.932057 0.107548 0.944132 0.123035 0.980093
0 0.145610 0.949906 0.161977 0.943487 0.164629 0.958260 0.152255 0.962679 0.145610 0.949906
0 0.149540 0.911749 0.162915 0.911910 0.162592 0.941239 0.154052 0.942528 0.153891 0.928670 0.151473 0.928831 0.149540 0.911749
0 0.205452 0.122904 0.216084 0.135056 0.187731 0.141131 0.181149 0.128980 0.205452 0.122904
0 0.184364 0.212169 0.183600 0.218084 0.175777 0.217894 0.176731 0.211215 0.184364 0.212169
0 0.406144 0.131574 0.405900 0.140098 0.382764 0.139611 0.382277 0.130356 0.406144 0.131574
4 0.458558 0.312555 0.464473 0.318280 0.439285 0.339460 0.433752 0.332973 0.458558 0.312555
0 0.345900 0.645740 0.352738 0.646361 0.353359 0.662213 0.346210 0.661902 0.345900 0.645740
0 0.318488 0.771433 0.315946 0.775619 0.304135 0.770386 0.305779 0.766051 0.318488 0.771433
