4 0.484041 0.000006 0.482285 0.008234 0.469165 0.004602 0.470452 0.000006 0.484041 0.000006
0 0.487699 0.026852 0.486802 0.045392 0.480971 0.045242 0.480821 0.051970 0.449573 0.049578 0.449723 0.041654 0.456600 0.042102 0.457797 0.024759 0.487699 0.026852
0 0.622597 0.026971 0.619458 0.058218 0.611982 0.056125 0.611683 0.062255 0.596134 0.058966 0.596732 0.050892 0.591855 0.050479 0.594883 0.027500 0.596283 0.027718 0.596433 0.023382 0.622597 0.026971
0 0.594883 0.027500 0.591855 0.050479 0.572362 0.048799 0.573707 0.024279 0.594883 0.027500
0 0.777493 0.056066 0.786271 0.043473 0.811650 0.061791 0.803254 0.073240 0.777493 0.056066
0 0.685967 0.077935 0.718978 0.086522 0.716879 0.107703 0.683295 0.100261 0.685967 0.077935
0 0.609674 0.115495 0.622531 0.098451 0.686223 0.144799 0.675159 0.163040 0.609674 0.115495
0 0.562010 0.161296 0.600670 0.110908 0.681417 0.169911 0.666884 0.192604 0.647746 0.219842 0.643102 0.225398 0.561315 0.163771 0.562010 0.161296
0 0.693257 0.217734 0.710656 0.199077 0.718622 0.198448 0.749018 0.225280 0.719880 0.255886 0.697240 0.233875 0.703110 0.227377 0.693257 0.217734
0 0.799531 0.173242 0.791174 0.185163 0.778984 0.175088 0.789126 0.163959 0.799531 0.173242
0 0.809613 0.159857 0.799531 0.173242 0.789126 0.163959 0.778984 0.175088 0.765565 0.163993 0.783104 0.140368 0.809613 0.159857
0 0.800280 0.202870 0.810135 0.178421 0.838878 0.189261 0.830994 0.209628 0.822946 0.206178 0.819497 0.215705 0.812927 0.213241 0.814077 0.210120 0.800280 0.202870
0 0.898025 0.209379 0.903609 0.270150 0.894015 0.269989 0.892266 0.270059 0.889929 0.241254 0.881548 0.241254 0.881084 0.233984 0.884064 0.233852 0.883078 0.222519 0.887677 0.222519 0.886035 0.209215 0.898025 0.209379
0 0.881548 0.241254 0.889929 0.241254 0.892266 0.270059 0.844809 0.269493 0.845466 0.248962 0.854171 0.248798 0.854335 0.235166 0.881084 0.233984 0.881548 0.241254
0 0.928032 0.221556 0.956960 0.218412 0.960733 0.244615 0.931314 0.247527 0.928032 0.221556
0 0.999010 0.611257 0.976286 0.595187 0.991379 0.570661 0.999010 0.576228 0.999010 0.611257
0 0.967392 0.601778 0.991071 0.613617 0.984894 0.631634 0.960700 0.618765 0.967392 0.601778
0 0.930936 0.601300 0.939687 0.583283 0.962594 0.595123 0.953586 0.615070 0.930936 0.601300
0 0.912937 0.573887 0.934042 0.582896 0.927093 0.599754 0.905859 0.589716 0.912937 0.573887
0 0.918440 0.563053 0.930409 0.541175 0.966314 0.558806 0.955890 0.581456 0.918440 0.563053
0 0.848215 0.392890 0.859877 0.382542 0.871538 0.396175 0.859384 0.406522 0.848215 0.392890
0 0.877158 0.501250 0.875476 0.502151 0.875267 0.509278 0.854803 0.525811 0.853466 0.524162 0.848435 0.528144 0.836486 0.511584 0.837325 0.506553 0.825681 0.493836 0.844452 0.476577 0.848435 0.479511 0.852588 0.474502 0.877158 0.501250
0 0.869397 0.460645 0.863528 0.466305 0.888683 0.496491 0.880927 0.502989 0.878201 0.500684 0.877158 0.501250 0.852588 0.474502 0.853466 0.473432 0.841308 0.460436 0.830198 0.469869 0.821393 0.456453 0.841308 0.441150 0.839211 0.439473 0.844662 0.434442 0.869397 0.460645
0 0.742495 0.415835 0.759906 0.394811 0.787499 0.418791 0.779451 0.429796 0.790948 0.438501 0.782736 0.449834 0.742495 0.415835
0 0.803269 0.433214 0.797897 0.440561 0.790703 0.434414 0.797285 0.427695 0.803269 0.433214
0 0.797285 0.427695 0.790703 0.434414 0.784861 0.429421 0.791102 0.421995 0.797285 0.427695
0 0.823649 0.318766 0.833833 0.310061 0.843852 0.321230 0.833833 0.330099 0.823649 0.318766
0 0.782666 0.354746 0.785029 0.360869 0.764279 0.382033 0.746450 0.363110 0.769446 0.342414 0.782666 0.354746
0 0.795722 0.357926 0.789371 0.364050 0.785029 0.360869 0.782666 0.354746 0.788550 0.349660 0.795722 0.357926
0 0.699143 0.394301 0.720377 0.373968 0.737622 0.389539 0.717546 0.410902 0.699143 0.394301
0 0.708534 0.460012 0.716499 0.442404 0.727400 0.448273 0.725723 0.453514 0.737881 0.459383 0.732431 0.471961 0.708534 0.460012
0 0.624453 0.519674 0.639970 0.481683 0.718627 0.513253 0.706053 0.550441 0.624453 0.519674
0 0.676880 0.449511 0.654733 0.475717 0.632246 0.457695 0.644893 0.441064 0.645900 0.441982 0.656801 0.432549 0.676880 0.449511
0 0.644893 0.441064 0.632246 0.457695 0.627111 0.461018 0.619278 0.451205 0.636677 0.433597 0.644893 0.441064
0 0.458130 0.464405 0.442394 0.464005 0.443037 0.434010 0.463589 0.434328 0.463790 0.432123 0.514939 0.437364 0.514100 0.481804 0.458130 0.480127 0.458130 0.464405
0 0.397722 0.490344 0.407574 0.470429 0.411767 0.472526 0.417217 0.460787 0.431891 0.468543 0.416588 0.499567 0.397722 0.490344
0 0.548872 0.370117 0.584990 0.378411 0.583385 0.392590 0.547802 0.382424 0.548872 0.370117
0 0.532349 0.385868 0.574620 0.393359 0.571945 0.412890 0.528603 0.404863 0.532349 0.385868
0 0.593091 0.268069 0.615832 0.283854 0.613692 0.293753 0.606468 0.303652 0.581855 0.285459 0.590951 0.276095 0.593091 0.268069
0 0.651731 0.336702 0.641464 0.327537 0.672536 0.296123 0.690292 0.314903 0.671171 0.335390 0.679024 0.343585 0.662293 0.357927 0.646586 0.342561 0.651731 0.336702
0 0.737249 0.278248 0.729910 0.282896 0.717756 0.267949 0.763416 0.236414 0.772928 0.245156 0.769505 0.247773 0.777403 0.257945 0.743692 0.285751 0.737249 0.278248
0 0.657504 0.254191 0.641154 0.278508 0.632140 0.271590 0.637393 0.261777 0.644795 0.249600 0.649329 0.246854 0.657504 0.254191
0 0.644795 0.249600 0.637393 0.261777 0.628252 0.255901 0.629375 0.253223 0.636631 0.243008 0.644795 0.249600
0 0.636631 0.243008 0.629375 0.253223 0.621449 0.247274 0.628157 0.236163 0.636631 0.243008
0 0.427742 0.360576 0.437804 0.339404 0.452897 0.347160 0.443255 0.368751 0.427742 0.360576
0 0.387541 0.363732 0.405280 0.371123 0.394440 0.394446 0.388855 0.391982 0.388034 0.395103 0.371609 0.385084 0.376208 0.374736 0.381300 0.377693 0.387541 0.363732
0 0.348866 0.472778 0.355783 0.472359 0.356831 0.488710 0.349704 0.490177 0.348866 0.472778
0 0.381219 0.137343 0.399367 0.137020 0.399748 0.139558 0.402561 0.139444 0.405297 0.177206 0.415731 0.184430 0.445963 0.181754 0.452919 0.191386 0.452919 0.209311 0.401284 0.209578 0.391653 0.230982 0.380951 0.230982 0.357675 0.205030 0.375868 0.186570 0.372141 0.143332 0.380951 0.141891 0.381219 0.137343
0 0.290654 0.324268 0.289288 0.326084 0.299723 0.334110 0.288218 0.350965 0.267885 0.334378 0.276714 0.323141 0.276563 0.322549 0.290654 0.324268
0 0.293302 0.320733 0.290654 0.324268 0.276563 0.322549 0.274039 0.312975 0.289021 0.307891 0.293302 0.320733
0 0.268896 0.326777 0.262365 0.335313 0.254772 0.329136 0.262119 0.321191 0.268896 0.326777
0 0.274976 0.318841 0.268896 0.326777 0.262119 0.321191 0.269057 0.313693 0.274976 0.318841
0 0.320691 0.622267 0.320254 0.632744 0.313144 0.641343 0.294697 0.632539 0.303292 0.614511 0.320691 0.622267
0 0.338089 0.619332 0.328447 0.638199 0.320254 0.632744 0.320691 0.622267 0.324883 0.613463 0.338089 0.619332
0 0.263253 0.645138 0.253234 0.644809 0.253398 0.631834 0.275407 0.631834 0.275571 0.663697 0.263746 0.663862 0.263253 0.645138
0 0.290846 0.640210 0.315976 0.643331 0.314169 0.664519 0.289368 0.662219 0.290846 0.640210
0 0.235712 0.673532 0.252300 0.660155 0.270493 0.686106 0.254975 0.702961 0.235712 0.673532
0 0.225926 0.760591 0.242277 0.741934 0.263449 0.761010 0.246679 0.779667 0.225926 0.760591
0 0.184053 0.784937 0.185391 0.765139 0.202514 0.765942 0.203049 0.762196 0.221509 0.763534 0.220974 0.765942 0.218031 0.787077 0.184053 0.784937
0 0.138572 0.794836 0.140980 0.781994 0.168804 0.794569 0.166931 0.807411 0.138572 0.794836
0 0.173662 0.797287 0.186029 0.796867 0.186029 0.825376 0.173871 0.826005 0.173662 0.797287
0 0.214764 0.950424 0.222730 0.937637 0.252706 0.961744 0.246013 0.971581 0.237613 0.965726 0.234888 0.971177 0.228390 0.966984 0.231534 0.961534 0.214764 0.950424
0 0.286358 0.999003 0.269835 0.990392 0.278212 0.976923 0.313689 0.995647 0.311283 0.999004 0.286358 0.999003
0 0.445702 0.934204 0.451781 0.911983 0.463311 0.915966 0.461634 0.923093 0.480988 0.930001 0.478892 0.941530 0.474071 0.940063 0.473232 0.944884 0.445702 0.934204
0 0.496438 0.813329 0.494565 0.817609 0.510885 0.825368 0.503248 0.845500 0.484089 0.835267 0.482258 0.840885 0.469416 0.834464 0.474232 0.822158 0.482959 0.805801 0.496438 0.813329
0 0.482959 0.805801 0.474004 0.822725 0.474232 0.822158 0.462949 0.815508 0.470127 0.798633 0.482959 0.805801
0 0.470127 0.798633 0.462949 0.815508 0.448730 0.807139 0.455615 0.790537 0.470127 0.798633
0 0.455615 0.790537 0.448730 0.807139 0.435171 0.799149 0.443733 0.783899 0.455615 0.790537
0 0.682132 0.946574 0.705518 0.953984 0.703090 0.971523 0.678339 0.964744 0.682132 0.946574
0 0.719185 0.883474 0.735938 0.860972 0.754333 0.875262 0.736266 0.897435 0.719185 0.883474
0 0.715079 0.860151 0.722962 0.849311 0.730682 0.854402 0.723455 0.865571 0.715079 0.860151
0 0.789067 0.876591 0.782890 0.883154 0.766924 0.867646 0.772227 0.861904 0.789067 0.876591
0 0.777012 0.855186 0.772227 0.861904 0.766924 0.867646 0.746195 0.847507 0.752402 0.838525 0.777012 0.855186
0 0.793700 0.832193 0.777012 0.855186 0.752402 0.838525 0.768583 0.815077 0.793700 0.832193
0 0.863076 0.928105 0.854649 0.939376 0.841861 0.929943 0.849456 0.920334 0.863076 0.928105
0 0.861404 0.906079 0.861836 0.905479 0.873174 0.914639 0.863076 0.928105 0.849456 0.920334 0.843820 0.916001 0.855325 0.901048 0.861404 0.906079
0 0.881319 0.903773 0.873174 0.914639 0.861836 0.905479 0.869789 0.894340 0.881319 0.903773
0 0.825681 0.673438 0.822335 0.683733 0.814404 0.680547 0.818516 0.671211 0.825681 0.673438
0 0.821177 0.662628 0.818516 0.671211 0.814404 0.680547 0.792221 0.671636 0.795953 0.660183 0.800715 0.662113 0.802388 0.656065 0.821177 0.662628
0 0.152275 0.200586 0.129995 0.220438 0.129842 0.203416 0.142451 0.191143 0.152275 0.200586
0 0.196338 0.160830 0.188879 0.174262 0.174706 0.193729 0.171292 0.190997 0.162072 0.203631 0.154560 0.198168 0.152275 0.200586 0.142451 0.191143 0.174365 0.145925 0.196338 0.160830
0 0.212608 0.171876 0.202706 0.184510 0.192100 0.176650 0.197480 0.161611 0.212608 0.171876
0 0.197480 0.161611 0.192100 0.176650 0.188879 0.174262 0.196338 0.160830 0.197480 0.161611
4 0.200920 0.000002 0.196339 0.016723 0.174668 0.012443 0.175456 0.000001 0.200920 0.000002
0 0.227327 0.027887 0.210766 0.056815 0.193367 0.043189 0.201631 0.030684 0.208845 0.028508 0.213750 0.018018 0.227327 0.027887
0 0.213750 0.018018 0.208845 0.028508 0.201631 0.030684 0.197141 0.026629 0.206574 0.012794 0.213750 0.018018
0 0.333805 0.046600 0.352200 0.049556 0.350394 0.064010 0.331012 0.062203 0.333805 0.046600
0 0.314600 0.062998 0.317993 0.075683 0.315723 0.083008 0.312633 0.082380 0.310760 0.094152 0.293637 0.090406 0.294975 0.084520 0.281309 0.078408 0.285430 0.057002 0.314600 0.062998
0 0.360522 0.072213 0.357579 0.091476 0.339170 0.087754 0.339639 0.068018 0.360522 0.072213
0 0.339639 0.068018 0.339170 0.087754 0.315723 0.083008 0.318509 0.075700 0.314600 0.062998 0.339639 0.068018
0 0.285430 0.057002 0.281309 0.078408 0.259660 0.068735 0.234778 0.058034 0.243607 0.035561 0.285430 0.057002
0 0.373365 0.074008 0.388550 0.074523 0.388679 0.089709 0.373236 0.089966 0.373365 0.074008
0 0.175568 0.677308 0.179910 0.662186 0.196230 0.668339 0.190076 0.686532 0.178304 0.681984 0.179375 0.678506 0.175568 0.677308
0 0.999010 0.204597 0.978618 0.206197 0.978255 0.183138 0.997331 0.183348 0.999010 0.185457 0.999010 0.204597
0 0.935149 0.999002 0.950440 0.986121 0.968176 0.999001 0.935149 0.999002
0 0.342815 0.035822 0.334789 0.033949 0.336662 0.016292 0.363951 0.021643 0.359938 0.047059 0.341210 0.044384 0.342815 0.035822
0 0.149242 0.517156 0.153255 0.515016 0.149242 0.508327 0.176798 0.493613 0.186162 0.509933 0.154325 0.526520 0.149242 0.517156
0 0.210471 0.065207 0.218355 0.054203 0.231330 0.064058 0.224103 0.075062 0.210471 0.065207
0 0.174501 0.076376 0.180907 0.061430 0.195853 0.068000 0.190104 0.083274 0.174501 0.076376
