0 0.054245 0.039544 0.061782 0.037561 0.093121 0.032800 0.103039 0.083974 0.085981 0.090321 0.059402 0.092701 0.054245 0.039544
0 0.161696 0.089944 0.169519 0.081548 0.177343 0.087654 0.169901 0.096623 0.161696 0.089944
0 0.218203 0.000005 0.217605 0.011303 0.205944 0.010405 0.205944 0.000005 0.218203 0.000005
0 0.144645 0.113901 0.128815 0.135819 0.127353 0.134845 0.109088 0.122181 0.126379 0.100750 0.144645 0.113901
0 0.079116 0.111284 0.092353 0.120421 0.078530 0.140219 0.064941 0.130965 0.079116 0.111284
0 0.061489 0.268499 0.062422 0.240836 0.095991 0.242701 0.095680 0.271608 0.061489 0.268499
0 0.057251 0.221098 0.065219 0.230268 0.041597 0.248918 0.044394 0.252648 0.040354 0.256377 0.078061 0.298628 0.069284 0.304543 0.032090 0.261665 0.030346 0.262858 0.020158 0.250742 0.057251 0.221098
0 0.000008 0.248897 0.008419 0.257475 0.023685 0.273504 0.015861 0.279992 0.012999 0.276748 0.005366 0.283427 0.000008 0.277330 0.000008 0.248897
0 0.000008 0.237448 0.013953 0.252132 0.008419 0.257475 0.000008 0.248897 0.000008 0.237448
0 0.014069 0.284983 0.027220 0.274755 0.044755 0.294481 0.040615 0.297891 0.044998 0.303248 0.037936 0.307876 0.034039 0.303736 0.031117 0.305684 0.014069 0.284983
0 0.031086 0.319648 0.048621 0.304792 0.069078 0.326223 0.052518 0.342540 0.031086 0.319648
0 0.069534 0.338935 0.077906 0.332207 0.082392 0.338636 0.074617 0.344766 0.069534 0.338935
0 0.000008 0.381697 0.038793 0.418710 0.024032 0.433437 0.031581 0.441473 0.033286 0.439525 0.037670 0.443422 0.043515 0.437577 0.042541 0.436846 0.052486 0.427916 0.068475 0.437020 0.083168 0.454003 0.081260 0.456675 0.041056 0.462700 0.034839 0.456795 0.000008 0.457865 0.000008 0.381697
0 0.000008 0.470658 0.034913 0.465888 0.036440 0.479437 0.024037 0.481726 0.025373 0.492031 0.000008 0.494892 0.000008 0.470658
0 0.078809 0.493398 0.100727 0.490476 0.107303 0.538453 0.088794 0.541132 0.078809 0.493398
0 0.079749 0.459885 0.089004 0.457542 0.095447 0.478511 0.084552 0.481322 0.079749 0.459885
0 0.050619 0.502901 0.072005 0.496200 0.074392 0.503176 0.053097 0.510427 0.050619 0.502901
0 0.000008 0.541588 0.018067 0.539884 0.019041 0.543781 0.036576 0.542563 0.038767 0.571057 0.026347 0.572274 0.025860 0.570083 0.006377 0.572031 0.003942 0.556688 0.000008 0.556931 0.000008 0.541588
0 0.016530 0.647398 0.062532 0.634032 0.070613 0.652682 0.050410 0.659831 0.057248 0.674439 0.031450 0.683453 0.016530 0.647398
0 0.036682 0.693247 0.059094 0.703123 0.048458 0.721356 0.026426 0.709960 0.036682 0.693247
0 0.000008 0.733514 0.002579 0.733514 0.003512 0.737012 0.019369 0.729317 0.024033 0.737012 0.030096 0.737245 0.031495 0.745174 0.029397 0.746806 0.031729 0.749838 0.025899 0.756600 0.012607 0.761964 0.007010 0.753336 0.004212 0.754735 0.011954 0.778049 0.000008 0.779447 0.000008 0.733514
0 0.000008 0.782164 0.011954 0.778049 0.015023 0.788896 0.009194 0.790761 0.017214 0.831755 0.000008 0.835027 0.000008 0.782164
0 0.062989 0.827955 0.067191 0.838552 0.067009 0.852256 0.033937 0.856641 0.032515 0.847419 0.022637 0.848993 0.021778 0.839401 0.026805 0.838351 0.030367 0.837540 0.028363 0.831528 0.062989 0.827955
0 0.007916 0.837036 0.025872 0.834005 0.026805 0.838351 0.021778 0.839401 0.015932 0.840419 0.019109 0.859890 0.009548 0.860822 0.007916 0.837036
0 0.275031 0.642816 0.287233 0.655316 0.292888 0.668709 0.239316 0.704722 0.218780 0.677936 0.275031 0.642816
0 0.209232 0.693444 0.217636 0.684308 0.226955 0.692348 0.212155 0.710071 0.206674 0.705138 0.213434 0.697829 0.209232 0.693444
0 0.187234 0.664192 0.199239 0.671223 0.203624 0.681273 0.197777 0.688216 0.200153 0.690408 0.194854 0.696438 0.190286 0.693515 0.188642 0.688764 0.173936 0.679811 0.187234 0.664192
0 0.171302 0.681213 0.190286 0.693515 0.173867 0.717825 0.183195 0.725054 0.174800 0.736014 0.163374 0.726686 0.156133 0.734686 0.138276 0.717341 0.171302 0.681213
0 0.137476 0.732889 0.150997 0.744583 0.143506 0.753353 0.140582 0.752257 0.139852 0.757190 0.137659 0.759017 0.136015 0.757921 0.133822 0.759383 0.135649 0.762489 0.131812 0.766326 0.118657 0.753536 0.137476 0.732889
0 0.128960 0.771850 0.125444 0.779833 0.131743 0.783269 0.127734 0.791859 0.121435 0.787707 0.115709 0.800448 0.104258 0.793347 0.101903 0.783701 0.107217 0.777331 0.110141 0.767282 0.116718 0.762166 0.128960 0.771850
0 0.134896 0.777412 0.140926 0.781249 0.136906 0.790202 0.129963 0.787278 0.131743 0.783269 0.134896 0.777412
0 0.101512 0.804800 0.116433 0.803831 0.118625 0.816073 0.124472 0.815159 0.125934 0.826305 0.102425 0.829466 0.100416 0.815945 0.103156 0.815762 0.101512 0.804800
0 0.101269 0.837431 0.131924 0.832967 0.135496 0.847550 0.129841 0.848741 0.133412 0.862431 0.108412 0.868086 0.101269 0.837431
0 0.151602 0.873164 0.153749 0.892777 0.135997 0.894066 0.134279 0.875025 0.151602 0.873164
0 0.127719 0.882791 0.130993 0.910173 0.114029 0.912851 0.109862 0.885470 0.127719 0.882791
0 0.135722 0.918247 0.137915 0.933230 0.139377 0.944193 0.124759 0.945837 0.119095 0.920074 0.135722 0.918247
0 0.137367 0.913497 0.154359 0.911121 0.156186 0.927383 0.138646 0.928114 0.137367 0.913497
0 0.137915 0.933230 0.151801 0.933230 0.153080 0.944376 0.139377 0.944193 0.137915 0.933230
0 0.102685 0.953146 0.114112 0.951047 0.119709 0.969003 0.108748 0.971102 0.102685 0.953146
0 0.119709 0.949881 0.138364 0.947782 0.139764 0.959908 0.120875 0.961774 0.119709 0.949881
0 0.145348 0.946325 0.194498 0.940478 0.200345 0.987984 0.149368 0.993100 0.145348 0.946325
0 0.193908 0.938318 0.191366 0.921732 0.186068 0.922098 0.186981 0.930685 0.168892 0.932878 0.158478 0.876236 0.180221 0.873678 0.180361 0.875287 0.188856 0.874182 0.190866 0.887520 0.182095 0.888616 0.185748 0.915269 0.188325 0.914840 0.187323 0.907252 0.193765 0.906107 0.194911 0.913695 0.204646 0.912406 0.209227 0.936457 0.193908 0.938318
0 0.177634 0.838324 0.182358 0.837465 0.183933 0.850493 0.179209 0.851065 0.177634 0.838324
0 0.171908 0.822003 0.175916 0.853213 0.157735 0.854931 0.153583 0.825153 0.157162 0.825010 0.157019 0.822290 0.171908 0.822003
0 0.184699 0.789698 0.188723 0.782628 0.202753 0.789357 0.193017 0.807109 0.180706 0.801812 0.171543 0.818705 0.156172 0.809716 0.171061 0.783508 0.184699 0.789698
0 0.192597 0.746842 0.216150 0.751039 0.213118 0.777390 0.200526 0.775991 0.201225 0.772960 0.187001 0.772027 0.192597 0.746842
0 0.220277 0.773095 0.235196 0.774890 0.233401 0.789584 0.219604 0.787902 0.220277 0.773095
0 0.216869 0.760709 0.223995 0.760892 0.223812 0.770576 0.216687 0.770211 0.216869 0.760709
0 0.228588 0.728378 0.236993 0.731850 0.228405 0.752862 0.220183 0.749025 0.228588 0.728378
0 0.367630 0.915035 0.380513 0.954840 0.353471 0.963428 0.334964 0.908198 0.337776 0.907407 0.335930 0.900552 0.350737 0.896289 0.359150 0.895392 0.364717 0.916307 0.367630 0.915035
0 0.361994 0.874827 0.368865 0.873252 0.382179 0.916773 0.374019 0.918348 0.372015 0.911762 0.377169 0.910760 0.376023 0.907754 0.370440 0.909042 0.361135 0.878263 0.363282 0.877690 0.361994 0.874827
0 0.445596 0.935570 0.420257 0.942155 0.404223 0.898348 0.434091 0.891030 0.433678 0.888689 0.440633 0.887174 0.448561 0.909971 0.449133 0.912262 0.439971 0.914696 0.445596 0.935570
0 0.433178 0.865653 0.436757 0.870520 0.430601 0.875674 0.435039 0.882546 0.428597 0.886841 0.419434 0.875388 0.433178 0.865653
0 0.395849 0.866834 0.403319 0.866306 0.403846 0.874304 0.396200 0.874920 0.395849 0.866834
0 0.400750 0.840905 0.405686 0.834511 0.411182 0.838437 0.406471 0.844943 0.400750 0.840905
4 0.417713 0.833445 0.414021 0.833797 0.413494 0.830017 0.422986 0.828611 0.424568 0.836697 0.418152 0.837576 0.417713 0.833445
0 0.178809 0.552221 0.208425 0.540561 0.216354 0.563181 0.212389 0.564580 0.216121 0.576240 0.190236 0.586500 0.178809 0.552221
0 0.216121 0.576240 0.219385 0.588366 0.194433 0.600259 0.193267 0.600259 0.190236 0.586500 0.216121 0.576240
0 0.178343 0.559916 0.190236 0.586500 0.151759 0.605623 0.146395 0.605389 0.141032 0.593496 0.133259 0.576142 0.152307 0.566916 0.154985 0.571678 0.178343 0.559916
0 0.118782 0.555271 0.154497 0.538901 0.162831 0.552592 0.125033 0.568961 0.118782 0.555271
0 0.154497 0.538901 0.118782 0.555271 0.114318 0.542473 0.148247 0.529973 0.154497 0.538901
0 0.173437 0.542502 0.189471 0.535344 0.193050 0.541786 0.177302 0.550089 0.173437 0.542502
0 0.227295 0.592701 0.232619 0.587561 0.238309 0.593986 0.232435 0.599217 0.227295 0.592701
0 0.863597 0.999004 0.845577 0.997629 0.843402 0.986440 0.845888 0.970588 0.871997 0.974007 0.873862 0.982088 0.895620 0.985197 0.894998 0.997319 0.892069 0.999003 0.863597 0.999004
0 0.895620 0.940749 0.898417 0.966236 0.891268 0.966547 0.890957 0.971210 0.862362 0.972453 0.859254 0.945411 0.895620 0.940749
0 0.961007 0.883622 0.990583 0.950790 0.953374 0.962239 0.944978 0.944111 0.934865 0.947355 0.923416 0.921785 0.937536 0.915488 0.928758 0.896025 0.961007 0.883622
0 0.986255 0.999001 0.986925 0.991790 0.999008 0.993201 0.999008 0.999000 0.986255 0.999001
0 0.739972 0.831931 0.777649 0.863777 0.773762 0.870056 0.785573 0.880522 0.777649 0.887998 0.726666 0.845088 0.739972 0.831931
0 0.693486 0.753881 0.651040 0.712228 0.664131 0.697550 0.706974 0.741187 0.693486 0.753881
0 0.684430 0.816258 0.691490 0.807862 0.704275 0.816639 0.701794 0.820456 0.706755 0.824654 0.701794 0.830569 0.684430 0.816258
0 0.677164 0.774360 0.696437 0.789817 0.690712 0.796686 0.682889 0.790580 0.684224 0.788481 0.673920 0.779894 0.677164 0.774360
0 0.999009 0.530794 0.995838 0.539860 0.983541 0.527563 0.971640 0.540654 0.897369 0.488701 0.886410 0.502826 0.857141 0.488716 0.854218 0.492125 0.804686 0.467124 0.796752 0.479025 0.792785 0.476248 0.786438 0.486165 0.638470 0.414760 0.663346 0.360664 0.673776 0.366363 0.688454 0.340181 0.697578 0.344148 0.706305 0.325503 0.766603 0.347718 0.771760 0.338198 0.902756 0.387837 0.943219 0.415209 0.945318 0.412728 0.961537 0.423987 0.960202 0.427040 0.999009 0.457182 0.999009 0.530794
0 0.992268 0.562472 0.983541 0.573976 0.964896 0.558505 0.974416 0.547001 0.992268 0.562472
0 0.723822 0.615697 0.738921 0.600354 0.755238 0.613018 0.742331 0.629578 0.723822 0.615697
3 0.999008 0.992931 0.991029 0.989827 0.992973 0.983697 0.999008 0.986393 0.999008 0.992931
0 0.999008 0.884446 0.998645 0.883989 0.997671 0.889103 0.988904 0.886181 0.987930 0.889103 0.979893 0.886911 0.980380 0.882771 0.967716 0.878144 0.972587 0.866941 0.975753 0.857687 0.999008 0.863994 0.999008 0.884446
0 0.971735 0.845197 0.972667 0.854522 0.937234 0.848927 0.939409 0.840535 0.971735 0.845197
0 0.662370 0.360664 0.637493 0.414760 0.631797 0.427639 0.625269 0.431990 0.591079 0.414274 0.628999 0.345893 0.651569 0.352731 0.662370 0.360664
0 0.999009 0.422254 0.979982 0.399338 0.993620 0.387648 0.999009 0.395464 0.999009 0.422254
0 0.883298 0.314830 0.893039 0.318240 0.892796 0.325546 0.894744 0.326764 0.886464 0.350630 0.871121 0.345516 0.883298 0.314830
0 0.893283 0.294373 0.905460 0.295591 0.905703 0.302410 0.916906 0.303140 0.917149 0.299731 0.923725 0.299487 0.923968 0.327007 0.892796 0.325546 0.893283 0.294373
0 0.831607 0.296266 0.839812 0.284244 0.849925 0.291305 0.849162 0.292831 0.862519 0.300082 0.858321 0.307333 0.842674 0.299701 0.840384 0.302945 0.831607 0.296266
0 0.775308 0.286909 0.788283 0.295687 0.782368 0.308662 0.766721 0.303892 0.767675 0.302365 0.775308 0.286909
0 0.781032 0.276987 0.805838 0.243021 0.833889 0.266682 0.826447 0.276987 0.824539 0.274697 0.818432 0.285764 0.813662 0.281566 0.812326 0.283093 0.819196 0.289771 0.809655 0.301411 0.781032 0.276987
0 0.833889 0.289581 0.822058 0.307327 0.811563 0.300457 0.819196 0.289771 0.824920 0.283284 0.833889 0.289581
0 0.840527 0.245301 0.847015 0.237477 0.855602 0.243393 0.850450 0.251789 0.840527 0.245301
0 0.832513 0.212290 0.839573 0.203512 0.855029 0.216488 0.848351 0.224883 0.832513 0.212290
0 0.728861 0.274630 0.735140 0.261324 0.756670 0.271790 0.754726 0.280910 0.751437 0.280162 0.751437 0.288385 0.738729 0.283601 0.739177 0.280461 0.728861 0.274630
0 0.645610 0.242861 0.662658 0.246514 0.660953 0.264292 0.655595 0.283531 0.647315 0.281096 0.646584 0.283044 0.641714 0.282070 0.640740 0.285480 0.624179 0.279148 0.626858 0.256742 0.633677 0.231901 0.645123 0.234580 0.645610 0.242861
0 0.707013 0.246698 0.713222 0.250799 0.707248 0.262982 0.700453 0.258296 0.707013 0.246698
0 0.689442 0.231587 0.696236 0.219169 0.718377 0.233812 0.715097 0.240255 0.726577 0.249979 0.722711 0.255836 0.705139 0.242833 0.705842 0.241661 0.689442 0.231587
0 0.762067 0.219774 0.783505 0.235823 0.768510 0.256089 0.746955 0.239220 0.762067 0.219774
0 0.722137 0.208822 0.736067 0.212447 0.734159 0.232865 0.719657 0.231720 0.722137 0.208822
0 0.733396 0.191839 0.746562 0.196991 0.740456 0.213974 0.736067 0.212447 0.727671 0.209394 0.733396 0.191839
0 0.751258 0.202828 0.758700 0.193860 0.767286 0.200920 0.786368 0.178213 0.796482 0.186799 0.768622 0.219429 0.751258 0.202828
0 0.700605 0.207454 0.683112 0.195942 0.694026 0.173366 0.702549 0.178000 0.699409 0.186971 0.709426 0.193101 0.700605 0.207454
0 0.697410 0.165170 0.678450 0.189104 0.651098 0.169211 0.657314 0.158021 0.660111 0.160819 0.672855 0.144967 0.697410 0.165170
0 0.581024 0.179730 0.600106 0.166564 0.610219 0.182783 0.620905 0.186981 0.612891 0.207590 0.586749 0.199766 0.581024 0.179730
0 0.684421 0.144138 0.711453 0.139998 0.712427 0.150714 0.685638 0.153636 0.684421 0.144138
0 0.721713 0.138411 0.723001 0.147197 0.713981 0.148017 0.713161 0.138879 0.721713 0.138411
0 0.721713 0.138411 0.754514 0.131148 0.748305 0.157622 0.743502 0.161137 0.741159 0.166291 0.743619 0.168400 0.739285 0.178006 0.726516 0.166643 0.726984 0.164065 0.740105 0.156451 0.733779 0.146494 0.724407 0.147079 0.721713 0.138411
0 0.762385 0.127446 0.793870 0.117141 0.797114 0.130308 0.791771 0.132407 0.793488 0.140803 0.770399 0.147481 0.768110 0.139467 0.762385 0.127446
0 0.805689 0.068825 0.817286 0.080071 0.820098 0.093191 0.786477 0.111583 0.773122 0.087217 0.805689 0.068825
0 0.724899 0.100696 0.712496 0.093254 0.721846 0.081996 0.733104 0.091155 0.724899 0.100696
0 0.743790 0.077607 0.766688 0.052229 0.776229 0.061579 0.764208 0.074554 0.774321 0.084286 0.754285 0.105467 0.743981 0.095163 0.752949 0.085431 0.743790 0.077607
0 0.746282 0.040410 0.767653 0.017703 0.779866 0.029533 0.772805 0.035830 0.778148 0.042509 0.772424 0.047661 0.767272 0.042318 0.758685 0.049378 0.746282 0.040410
0 0.505319 0.260052 0.536423 0.265967 0.537186 0.260434 0.553787 0.262342 0.548635 0.291346 0.538140 0.289247 0.537567 0.295163 0.514860 0.291728 0.515814 0.287530 0.495397 0.283904 0.505319 0.260052
0 0.404013 0.301247 0.433481 0.277137 0.442248 0.286148 0.439082 0.289071 0.444440 0.300273 0.423739 0.316590 0.416677 0.308310 0.412537 0.311963 0.404013 0.301247
0 0.444440 0.289801 0.450042 0.272510 0.477805 0.280547 0.475613 0.291262 0.470742 0.290288 0.468063 0.296133 0.444440 0.289801
0 0.461926 0.275968 0.463122 0.268193 0.481512 0.268492 0.481811 0.275968 0.476877 0.275968 0.476279 0.279257 0.461926 0.275968
0 0.440481 0.232230 0.455711 0.218243 0.473117 0.234716 0.457887 0.249014 0.440481 0.232230
0 0.426804 0.174417 0.442035 0.166025 0.455089 0.186850 0.440791 0.197107 0.426804 0.174417
0 0.532915 0.161667 0.541311 0.169490 0.544555 0.178077 0.526809 0.193343 0.522802 0.187618 0.520130 0.189145 0.511734 0.176551 0.532915 0.161667
0 0.731847 0.032898 0.739462 0.040278 0.731964 0.048244 0.733721 0.050118 0.715447 0.069096 0.701858 0.057147 0.719430 0.037818 0.723178 0.041332 0.731847 0.032898
0 0.687092 0.076261 0.694004 0.066069 0.707359 0.075089 0.700916 0.085281 0.687092 0.076261
0 0.689381 0.066760 0.683850 0.075132 0.668898 0.065414 0.675178 0.057789 0.689381 0.066760
0 0.651091 0.107451 0.663202 0.121804 0.651988 0.130924 0.646008 0.123000 0.649895 0.120608 0.643915 0.113431 0.651091 0.107451
0 0.658378 0.030881 0.675912 0.038430 0.663735 0.065950 0.645227 0.057670 0.658378 0.030881
0 0.625221 0.081485 0.641817 0.069076 0.650339 0.079841 0.646601 0.082831 0.648096 0.085821 0.634042 0.096586 0.625221 0.081485
0 0.925864 0.305084 0.950218 0.307276 0.949244 0.329682 0.923968 0.327007 0.925864 0.305084
0 0.943748 0.217406 0.939121 0.240785 0.927918 0.236401 0.933763 0.215214 0.943748 0.217406
0 0.847015 0.237477 0.851954 0.231622 0.874446 0.249545 0.868940 0.255403 0.855602 0.243393 0.847015 0.237477
0 0.739285 0.178006 0.732912 0.189400 0.722798 0.184629 0.726042 0.175088 0.722417 0.171463 0.726516 0.166643 0.739285 0.178006
0 0.825312 0.104928 0.836824 0.101041 0.839964 0.108367 0.828751 0.112553 0.825312 0.104928
0 0.504841 0.000008 0.504991 0.005718 0.498562 0.004971 0.499159 0.000008 0.504841 0.000008
0 0.230292 0.013908 0.244875 0.005277 0.256483 0.022836 0.239816 0.030575 0.230292 0.013908
0 0.220768 0.045753 0.238328 0.038610 0.245471 0.052896 0.229101 0.061230 0.220768 0.045753
0 0.207375 0.073135 0.227316 0.066587 0.236244 0.085337 0.217494 0.090397 0.207375 0.073135
0 0.193982 0.096945 0.210053 0.095754 0.216899 0.110338 0.198118 0.114900 0.193982 0.096945
0 0.176626 0.124225 0.191945 0.120646 0.201250 0.135249 0.181494 0.140975 0.176626 0.124225
0 0.160953 0.151385 0.177322 0.146623 0.184465 0.160612 0.164227 0.168945 0.160953 0.151385
0 0.430994 0.274093 0.443782 0.261193 0.452531 0.267587 0.441538 0.282394 0.430994 0.274093
0 0.428694 0.338261 0.435424 0.326483 0.446080 0.332540 0.439911 0.343533 0.428694 0.338261
0 0.446417 0.339719 0.448436 0.328951 0.455278 0.331306 0.452811 0.342636 0.446417 0.339719
0 0.425856 0.321038 0.429510 0.312633 0.461668 0.322317 0.458379 0.332915 0.455278 0.331306 0.448436 0.328951 0.425856 0.321038
0 0.506055 0.180696 0.515041 0.190033 0.497568 0.207886 0.486932 0.197250 0.506055 0.180696
0 0.502180 0.445357 0.493443 0.482582 0.467233 0.475745 0.475210 0.441938 0.502180 0.445357
0 0.450949 0.544553 0.460920 0.509497 0.481567 0.514795 0.472555 0.548537 0.450949 0.544553
0 0.475229 0.332950 0.480256 0.338459 0.471372 0.346792 0.465519 0.340387 0.475229 0.332950
4 0.643256 0.000007 0.637538 0.006840 0.626160 0.000007 0.643256 0.000007
3 0.668897 0.772283 0.626033 0.740135 0.638220 0.723326 0.680874 0.757365 0.668897 0.772283
0 0.820779 0.934504 0.828059 0.925831 0.836887 0.935124 0.828523 0.942559 0.820779 0.934504
0 0.124051 0.627308 0.105770 0.637394 0.100518 0.626048 0.119218 0.616592 0.124051 0.627308
0 0.395263 0.075471 0.412282 0.063495 0.418166 0.070429 0.402407 0.082615 0.395263 0.075471
0 0.440018 0.046685 0.444640 0.051938 0.429512 0.063285 0.424259 0.055931 0.440018 0.046685
0 0.450103 0.039962 0.468594 0.027985 0.472796 0.033448 0.454306 0.045845 0.450103 0.039962
0 0.477208 0.020001 0.495699 0.007814 0.501372 0.014117 0.482041 0.026724 0.477208 0.020001
