0 0.178133 0.891415 0.194164 0.861947 0.198643 0.861475 0.210689 0.862804 0.220682 0.867255 0.205117 0.898822 0.196275 0.901063 0.178133 0.891415
0 0.216494 0.846026 0.215336 0.833724 0.231715 0.830236 0.234006 0.843421 0.216494 0.846026
0 0.258175 0.852973 0.255426 0.842408 0.265846 0.838935 0.270622 0.843711 0.270477 0.849355 0.258175 0.852973
0 0.296720 0.846707 0.296890 0.836648 0.307375 0.836914 0.306930 0.846777 0.296720 0.846707
0 0.289607 0.887996 0.281615 0.875346 0.292727 0.868422 0.301232 0.880474 0.289607 0.887996
4 0.277043 0.889535 0.268868 0.878429 0.276687 0.872742 0.285217 0.884471 0.277043 0.889535
0 0.326444 0.886692 0.317292 0.892290 0.306904 0.878672 0.316162 0.872070 0.326444 0.886692
0 0.315889 0.871680 0.306289 0.878525 0.303787 0.879051 0.297034 0.869722 0.308763 0.861547 0.315889 0.871680
0 0.287611 0.902313 0.280465 0.889985 0.287611 0.886003 0.289738 0.888731 0.293829 0.886331 0.299229 0.896258 0.287611 0.902313
0 0.454647 0.873564 0.454203 0.867700 0.459801 0.867167 0.460689 0.873031 0.454647 0.873564
0 0.436040 0.878693 0.436073 0.868478 0.452431 0.868777 0.453010 0.874695 0.444392 0.874783 0.444303 0.878871 0.436040 0.878693
0 0.431128 0.891032 0.431750 0.880370 0.444989 0.880903 0.444811 0.891210 0.431128 0.891032
0 0.454382 0.921321 0.450096 0.884937 0.465927 0.883887 0.467212 0.892890 0.473269 0.895748 0.474892 0.903640 0.472063 0.912598 0.467820 0.912598 0.467820 0.920614 0.454382 0.921321
0 0.296457 0.845687 0.297240 0.855741 0.289927 0.855480 0.290580 0.845557 0.296457 0.845687
