0 0.830369 0.027842 0.826441 0.042654 0.804098 0.031662 0.806964 0.021337 0.809307 0.021805 0.817427 0.006598 0.843536 0.015612 0.841671 0.029910 0.830369 0.027842
0 0.853612 0.074560 0.867237 0.067673 0.866402 0.066338 0.880234 0.059553 0.895492 0.075775 0.882121 0.083893 0.876437 0.077824 0.865240 0.081550 0.853612 0.074560
0 0.785003 0.000005 0.792472 0.006129 0.791575 0.013156 0.783501 0.023771 0.762570 0.010315 0.769444 0.000005 0.785003 0.000005
0 0.882173 0.000003 0.882920 0.010026 0.869613 0.010923 0.869613 0.002999 0.857503 0.002251 0.857354 0.000004 0.882173 0.000003
0 0.967386 0.094854 0.977403 0.074820 0.989812 0.081697 0.980393 0.100835 0.967386 0.094854
0 0.939577 0.068690 0.959462 0.065849 0.966339 0.077361 0.964844 0.089472 0.943913 0.091714 0.945557 0.080352 0.939577 0.068690
1 0.898021 0.058217 0.915995 0.042789 0.924379 0.050169 0.906573 0.065363 0.898021 0.058217
0 0.786921 0.146100 0.790201 0.136611 0.825579 0.149848 0.823353 0.158986 0.786921 0.146100
2 0.760563 0.134151 0.780595 0.141648 0.775792 0.156526 0.755292 0.148560 0.760563 0.134151
0 0.758521 0.102490 0.770211 0.079354 0.792129 0.090801 0.787745 0.098837 0.782144 0.095184 0.773864 0.110771 0.758521 0.102490
0 0.792129 0.084225 0.798461 0.073997 0.809420 0.080329 0.802845 0.089827 0.792129 0.084225
0 0.775812 0.064012 0.787502 0.063281 0.789694 0.079354 0.777517 0.079354 0.775812 0.064012
0 0.751215 0.086173 0.755842 0.075701 0.766314 0.079842 0.762661 0.090557 0.751215 0.086173
0 0.775792 0.131979 0.786462 0.109099 0.802601 0.114504 0.798704 0.123909 0.793696 0.122290 0.789819 0.135466 0.775792 0.131979
0 0.807496 0.104892 0.815121 0.094725 0.827381 0.103546 0.819008 0.112666 0.807496 0.104892
3 0.867867 0.090708 0.880167 0.088716 0.882744 0.101133 0.869975 0.103242 0.867867 0.090708
0 0.711571 0.052559 0.731298 0.004339 0.742500 0.008722 0.724478 0.056943 0.711571 0.052559
0 0.762092 0.000006 0.756712 0.012674 0.745050 0.006394 0.748635 0.000006 0.762092 0.000006
2 0.292689 0.690526 0.325615 0.698063 0.319268 0.725435 0.284359 0.718692 0.292689 0.690526
3 0.216103 0.658368 0.219542 0.637287 0.254079 0.640726 0.253780 0.652537 0.231055 0.650743 0.230307 0.660312 0.216103 0.658368
3 0.229709 0.662554 0.250230 0.663840 0.250790 0.653135 0.261854 0.653733 0.262428 0.674397 0.228513 0.673169 0.229709 0.662554
0 0.332667 0.723110 0.338760 0.714495 0.344223 0.716596 0.337920 0.726892 0.332667 0.723110
4 0.857354 0.000004 0.858330 0.004743 0.837420 0.007376 0.836354 0.000004 0.857354 0.000004
0 0.801466 0.040684 0.812656 0.045594 0.805348 0.060323 0.794387 0.053586 0.801466 0.040684
3 0.843822 0.041795 0.857295 0.047390 0.855582 0.051957 0.863118 0.054811 0.858323 0.065088 0.856153 0.063832 0.851358 0.073651 0.833431 0.065316 0.843822 0.041795
3 0.737378 0.174915 0.715228 0.159117 0.728549 0.147190 0.737998 0.152921 0.733970 0.159117 0.739701 0.163299 0.737378 0.174915
