0 0.261472 0.694803 0.279264 0.730985 0.280012 0.738610 0.261323 0.746982 0.255343 0.746833 0.249661 0.732031 0.239943 0.707811 0.245026 0.701083 0.261472 0.694803
0 0.000010 0.375727 0.010919 0.361371 0.040874 0.374522 0.027723 0.396928 0.015059 0.392788 0.000010 0.381349 0.000010 0.375727
0 0.037059 0.409326 0.043147 0.397393 0.059708 0.404455 0.052402 0.414440 0.037059 0.409326
4 0.000010 0.142498 0.005293 0.143831 0.000010 0.157544 0.000010 0.142498
0 0.025088 0.148204 0.039965 0.156287 0.031413 0.172453 0.028368 0.173742 0.017590 0.168821 0.015950 0.167064 0.011264 0.166010 0.011733 0.162613 0.008804 0.160504 0.015364 0.146095 0.025088 0.148204
0 0.018664 0.171091 0.021559 0.171077 0.027744 0.173649 0.026143 0.182094 0.019671 0.181734 0.015643 0.178067 0.018664 0.171091
0 0.001162 0.101178 0.013013 0.063111 0.025762 0.065087 0.036176 0.064368 0.044436 0.067421 0.032764 0.110515 0.012295 0.106026 0.005472 0.110156 0.000983 0.107103 0.001162 0.101178
0 0.329635 0.317499 0.341781 0.322769 0.336051 0.337436 0.322760 0.332853 0.329635 0.317499
0 0.321831 0.334347 0.344904 0.343210 0.343357 0.352355 0.335619 0.360093 0.325771 0.356013 0.322957 0.360093 0.319158 0.360515 0.312546 0.355028 0.319862 0.336598 0.321831 0.334347
0 0.304968 0.348520 0.312798 0.351320 0.311934 0.356502 0.317808 0.360821 0.321349 0.363498 0.322565 0.370785 0.316460 0.375454 0.311791 0.377070 0.294374 0.366656 0.295631 0.363064 0.302275 0.354805 0.304968 0.348520
0 0.334151 0.370636 0.346056 0.378352 0.344733 0.380777 0.350245 0.387502 0.336686 0.402273 0.327096 0.394116 0.315411 0.383423 0.328198 0.371738 0.330733 0.374274 0.334151 0.370636
0 0.365925 0.328322 0.380133 0.328780 0.385862 0.331072 0.370050 0.373238 0.349883 0.362697 0.365925 0.328322
0 0.382064 0.328018 0.391765 0.317105 0.395513 0.317325 0.397717 0.314018 0.403670 0.315672 0.410063 0.320522 0.404442 0.328018 0.391655 0.339813 0.385041 0.335404 0.386624 0.330629 0.382064 0.328826 0.382064 0.328018
0 0.383397 0.306456 0.400455 0.290296 0.422181 0.307533 0.411379 0.317565 0.408889 0.319083 0.403375 0.314894 0.397489 0.313463 0.394997 0.316644 0.390490 0.314576 0.383397 0.306456
0 0.406647 0.274988 0.415445 0.259546 0.418498 0.260802 0.437710 0.269062 0.438428 0.274090 0.453332 0.284863 0.440763 0.302639 0.427475 0.293302 0.429271 0.289891 0.406647 0.274988
0 0.404584 0.210753 0.393354 0.228170 0.392667 0.232524 0.383959 0.248107 0.372500 0.243295 0.380750 0.226795 0.381438 0.219920 0.398167 0.203420 0.404584 0.210753
0 0.411184 0.221205 0.422017 0.222190 0.424268 0.225707 0.417375 0.237947 0.409215 0.237525 0.403446 0.234289 0.411184 0.221205
0 0.405813 0.239066 0.407057 0.238206 0.413954 0.238248 0.418025 0.238248 0.451071 0.258413 0.442866 0.270073 0.409613 0.250553 0.405900 0.250467 0.399854 0.245544 0.405813 0.239066
0 0.451089 0.260807 0.462576 0.265125 0.462921 0.272380 0.456962 0.274367 0.451175 0.271776 0.449275 0.273676 0.444093 0.270739 0.451089 0.260807
0 0.004733 0.257041 0.033934 0.245036 0.037503 0.254553 0.007220 0.267099 0.004733 0.257041
0 0.359670 0.304383 0.377339 0.310965 0.367985 0.320319 0.353781 0.316855 0.359670 0.304383
