0 0.295259 0.000006 0.304221 0.014668 0.254290 0.042216 0.242525 0.021555 0.282867 0.000006 0.295259 0.000006
0 0.010740 0.416451 0.027828 0.412628 0.034124 0.424545 0.031651 0.434663 0.014338 0.437810 0.010740 0.416451
0 0.015048 0.488757 0.041735 0.446574 0.058379 0.457478 0.043170 0.480722 0.039727 0.478139 0.028248 0.496792 0.015048 0.488757
0 0.000007 0.511116 0.006701 0.511018 0.008198 0.547238 0.000007 0.547005 0.000007 0.511116
0 0.000007 0.571447 0.006642 0.572643 0.013999 0.573866 0.014006 0.582292 0.005100 0.583002 0.005097 0.588604 0.000007 0.588759 0.000007 0.571447
0 0.050428 0.626725 0.064593 0.623127 0.071114 0.652806 0.074486 0.652132 0.077184 0.664048 0.058972 0.669445 0.050428 0.626725
0 0.059422 0.673716 0.087752 0.661350 0.103266 0.695751 0.091799 0.703620 0.074262 0.710141 0.059422 0.673716
0 0.000007 0.754274 0.008687 0.743184 0.029651 0.763796 0.011858 0.780532 0.000007 0.769263 0.000007 0.754274
0 0.033502 0.803784 0.057813 0.785110 0.065741 0.796561 0.051823 0.806250 0.050062 0.803608 0.039844 0.811712 0.033502 0.803784
0 0.000007 0.796921 0.011774 0.809148 0.007615 0.813307 0.000007 0.806257 0.000007 0.796921
0 0.049922 0.817658 0.070358 0.801626 0.088503 0.821005 0.055383 0.849720 0.044989 0.837389 0.058026 0.827523 0.049922 0.817658
0 0.002819 0.913429 0.011515 0.899350 0.028631 0.910117 0.019659 0.923782 0.002819 0.913429
0 0.015518 0.928199 0.028355 0.927923 0.027113 0.957048 0.013586 0.956634 0.015518 0.928199
0 0.057830 0.999002 0.049313 0.990569 0.052212 0.988361 0.037581 0.970555 0.061948 0.958426 0.078155 0.978157 0.062476 0.987670 0.072353 0.999002 0.057830 0.999002
0 0.042217 0.913150 0.051377 0.908218 0.075336 0.946799 0.070404 0.950850 0.072870 0.954902 0.065119 0.959835 0.061595 0.954198 0.043097 0.964592 0.033937 0.946975 0.050849 0.933234 0.041688 0.920726 0.045564 0.918083 0.042217 0.913150
0 0.091049 0.967995 0.111484 0.969933 0.109018 0.984908 0.089111 0.982441 0.091049 0.967995
0 0.138222 0.999004 0.137381 0.978243 0.164335 0.977186 0.166020 0.999004 0.138222 0.999004
0 0.217957 0.999005 0.195843 0.963463 0.216753 0.955594 0.219002 0.958067 0.222150 0.956268 0.226422 0.953795 0.218777 0.938731 0.236540 0.933559 0.240137 0.939180 0.243510 0.937157 0.251829 0.953345 0.228670 0.965262 0.243496 0.999006 0.217957 0.999005
0 0.254863 0.978253 0.262967 0.967154 0.277413 0.977900 0.270366 0.988118 0.254863 0.978253
0 0.284716 0.974406 0.291665 0.964576 0.300393 0.970847 0.293360 0.980084 0.284716 0.974406
0 0.328078 0.999007 0.327689 0.998648 0.342073 0.984372 0.353754 0.994863 0.349828 0.999007 0.328078 0.999007
0 0.311522 0.980343 0.345096 0.947917 0.360592 0.935577 0.369775 0.947917 0.341652 0.968291 0.343948 0.972021 0.323000 0.994978 0.311522 0.980343
0 0.346818 0.970873 0.360018 0.958247 0.374366 0.972882 0.354853 0.984648 0.346818 0.970873
0 0.203831 0.866077 0.218466 0.850007 0.231379 0.845702 0.271840 0.881859 0.259788 0.892190 0.252901 0.889607 0.255484 0.883868 0.247736 0.876981 0.242283 0.883007 0.254623 0.895634 0.234822 0.909408 0.224492 0.899364 0.230805 0.894199 0.223918 0.890468 0.205552 0.876981 0.203831 0.866077
0 0.091362 0.913658 0.119242 0.886677 0.140153 0.908037 0.119242 0.929172 0.113397 0.924675 0.110024 0.926249 0.105302 0.922651 0.101930 0.925574 0.091362 0.913658
0 0.103147 0.857659 0.114839 0.850689 0.126755 0.867777 0.115288 0.875197 0.103147 0.857659
0 0.076480 0.880456 0.092219 0.867640 0.099864 0.875959 0.084125 0.888326 0.076480 0.880456
0 0.128397 0.831333 0.142562 0.816719 0.170667 0.840327 0.174489 0.836730 0.190678 0.848421 0.186856 0.853368 0.196074 0.862361 0.188430 0.871355 0.157177 0.848646 0.150881 0.856516 0.139864 0.847747 0.142562 0.844149 0.128397 0.831333
0 0.193856 0.826067 0.199021 0.819754 0.209065 0.828076 0.203612 0.832954 0.193856 0.826067
0 0.150539 0.823195 0.155036 0.818248 0.162906 0.823644 0.160208 0.831514 0.150539 0.823195
0 0.130340 0.961884 0.148229 0.962014 0.148098 0.972199 0.131123 0.972068 0.130340 0.961884
