0 0.198830 0.764382 0.203397 0.736180 0.218240 0.739719 0.211961 0.767694 0.198830 0.764382
0 0.103963 0.815010 0.110357 0.801994 0.119149 0.806675 0.112412 0.819920 0.103963 0.815010
0 0.036015 0.740396 0.042520 0.730173 0.064825 0.746282 0.059713 0.756660 0.036015 0.740396
3 0.183036 0.647368 0.176413 0.646911 0.177784 0.632296 0.195596 0.634123 0.192856 0.656616 0.181552 0.655589 0.183036 0.647368
0 0.928105 0.356101 0.934385 0.371630 0.898989 0.380993 0.899902 0.384075 0.887685 0.387387 0.882204 0.368090 0.928105 0.356101
0 0.242062 0.739878 0.253851 0.743787 0.250563 0.755017 0.238774 0.751170 0.242062 0.739878
0 0.227341 0.767998 0.237358 0.769429 0.234748 0.783990 0.224985 0.782223 0.227341 0.767998
3 0.135305 0.648870 0.138868 0.623468 0.174647 0.628579 0.172944 0.642055 0.157300 0.640506 0.155751 0.650574 0.135305 0.648870
1 0.104791 0.680933 0.107889 0.657234 0.128800 0.660332 0.127251 0.671175 0.118422 0.670710 0.117028 0.682791 0.104791 0.680933
0 0.962990 0.653219 0.946180 0.658472 0.937566 0.629266 0.952274 0.620231 0.962990 0.653219
4 0.999011 0.670382 0.991145 0.676542 0.982320 0.656581 0.999011 0.649043 0.999011 0.670382
0 0.039986 0.725564 0.044013 0.712243 0.055940 0.715806 0.052067 0.729281 0.039986 0.725564
3 0.058573 0.708371 0.059347 0.691023 0.083820 0.692417 0.083355 0.699697 0.068950 0.699387 0.068796 0.708990 0.058573 0.708371
2 0.074217 0.733308 0.076695 0.720762 0.094043 0.724015 0.091100 0.736871 0.074217 0.733308
