0 0.027162 0.623182 0.028229 0.604125 0.053994 0.605649 0.052927 0.623639 0.027162 0.623182
0 0.000007 0.481509 0.021225 0.493485 0.012988 0.509864 0.000007 0.500978 0.000007 0.481509
0 0.051964 0.484038 0.081398 0.485068 0.081398 0.506781 0.066330 0.506875 0.050606 0.497141 0.048737 0.492025 0.051964 0.484038
0 0.083589 0.485323 0.094506 0.485150 0.094391 0.497332 0.083762 0.497504 0.083589 0.485323
0 0.064943 0.558115 0.064226 0.573405 0.042486 0.572808 0.042964 0.557279 0.064943 0.558115
0 0.041471 0.319197 0.069900 0.318480 0.070617 0.334009 0.066078 0.334009 0.066078 0.336756 0.042307 0.337234 0.041471 0.319197
0 0.036143 0.323320 0.036237 0.336610 0.014336 0.336610 0.014149 0.323788 0.036143 0.323320
0 0.145275 0.237055 0.174021 0.221972 0.202656 0.271189 0.173022 0.286907 0.145275 0.237055
0 0.358467 0.198775 0.400435 0.166492 0.424275 0.194305 0.408134 0.207715 0.400932 0.199024 0.375354 0.218642 0.358467 0.198775
4 0.000007 0.148304 0.009945 0.154762 0.002233 0.172137 0.000007 0.171497 0.000007 0.148304
0 0.000007 0.180308 0.011938 0.157016 0.025322 0.163942 0.010534 0.196419 0.000007 0.219493 0.000007 0.180308
0 0.018838 0.209102 0.012130 0.220639 0.003308 0.214330 0.009805 0.203271 0.018838 0.209102
0 0.020435 0.182852 0.030811 0.189902 0.030192 0.190932 0.029582 0.190627 0.019082 0.208682 0.010059 0.202852 0.014642 0.195048 0.012965 0.193524 0.019368 0.182242 0.020435 0.182852
0 0.038882 0.176296 0.030811 0.189902 0.020435 0.182852 0.028058 0.169741 0.038882 0.176296
0 0.074734 0.000001 0.085019 0.011541 0.075658 0.020642 0.060693 0.004798 0.066112 0.000001 0.074734 0.000001
4 0.000007 0.395915 0.002499 0.395972 0.002786 0.408441 0.000007 0.408498 0.000007 0.395915
0 0.345060 0.227081 0.351961 0.220586 0.362921 0.230329 0.357238 0.235200 0.345060 0.227081
