0 0.415743 0.361533 0.424073 0.363517 0.433197 0.354393 0.453032 0.370657 0.462949 0.372641 0.465330 0.379781 0.445891 0.399219 0.409395 0.369864 0.415743 0.361533
0 0.450094 0.357091 0.455247 0.350222 0.462116 0.353847 0.466886 0.348504 0.490357 0.363770 0.486922 0.368540 0.498562 0.377318 0.486350 0.388576 0.450094 0.357091
0 0.600091 0.844757 0.610807 0.855473 0.582557 0.882993 0.572328 0.866676 0.600091 0.844757
0 0.551001 0.774898 0.575598 0.771001 0.577303 0.781230 0.553436 0.785126 0.551001 0.774898
0 0.556767 0.795747 0.564317 0.793799 0.563343 0.790633 0.584044 0.785031 0.586966 0.793555 0.592567 0.791120 0.599143 0.811577 0.581121 0.817665 0.574789 0.799400 0.560908 0.803540 0.556767 0.795747
0 0.431190 0.829296 0.440362 0.841732 0.460652 0.858305 0.460566 0.859854 0.451199 0.873791 0.403953 0.846271 0.406875 0.820943 0.420859 0.820713 0.431190 0.829296
0 0.371809 0.160697 0.394517 0.164322 0.391845 0.178634 0.381732 0.179588 0.376961 0.200578 0.359406 0.195616 0.371809 0.160697
0 0.400813 0.170413 0.428291 0.179954 0.424011 0.194134 0.415894 0.193075 0.407492 0.218118 0.395471 0.223270 0.381350 0.223460 0.400813 0.170413
0 0.418193 0.227522 0.434794 0.234009 0.429451 0.242596 0.415522 0.235345 0.418193 0.227522
0 0.349232 0.803596 0.355910 0.806458 0.358391 0.812946 0.349041 0.821914 0.340073 0.815236 0.349232 0.803596
0 0.187342 0.247906 0.191641 0.251848 0.187820 0.256625 0.183042 0.252923 0.187342 0.247906
0 0.472758 0.391723 0.483486 0.398454 0.475072 0.408971 0.463502 0.400768 0.472758 0.391723
0 0.630658 0.776693 0.643046 0.785299 0.628702 0.803425 0.616575 0.794297 0.630658 0.776693
0 0.618929 0.826918 0.623151 0.830642 0.615453 0.840078 0.610735 0.836850 0.618929 0.826918
0 0.440569 0.867670 0.451199 0.873791 0.443199 0.895789 0.432073 0.889316 0.440569 0.867670
