0 0.000644 0.617088 0.018333 0.596354 0.034030 0.607834 0.017747 0.628803 0.000644 0.617088
0 0.000644 0.617088 0.017747 0.628803 0.015404 0.633489 0.000644 0.623414 0.000644 0.617088
0 0.145392 0.632306 0.157458 0.619068 0.178544 0.638749 0.176436 0.641912 0.188736 0.652338 0.176787 0.665692 0.142443 0.636313 0.145392 0.632306
0 0.211867 0.736745 0.218737 0.728349 0.224843 0.719953 0.257091 0.739417 0.245070 0.757163 0.211867 0.736745
0 0.211867 0.736745 0.208242 0.733120 0.221599 0.717663 0.224843 0.719953 0.218737 0.728349 0.211867 0.736745
0 0.166727 0.624045 0.177794 0.610688 0.194586 0.624045 0.181801 0.637402 0.166727 0.624045
0 0.177794 0.610688 0.185427 0.606299 0.200120 0.619084 0.194586 0.624045 0.177794 0.610688
0 0.161765 0.608207 0.174168 0.588553 0.185045 0.594850 0.173405 0.613168 0.161765 0.608207
0 0.161765 0.608207 0.173405 0.613168 0.170734 0.618511 0.161384 0.615267 0.161765 0.608207
0 0.271455 0.571584 0.288350 0.548111 0.304198 0.560072 0.289247 0.583246 0.285360 0.580854 0.282370 0.585190 0.267568 0.576219 0.271455 0.571584
0 0.258257 0.586760 0.265233 0.577031 0.287904 0.593093 0.280837 0.602456 0.258257 0.586760
0 0.463728 0.545215 0.480831 0.540295 0.485517 0.552712 0.468180 0.558452 0.463728 0.545215
0 0.526275 0.508687 0.531236 0.520327 0.511436 0.537080 0.507388 0.525680 0.491445 0.518555 0.492309 0.517655 0.513871 0.500482 0.526275 0.508687
0 0.491445 0.518555 0.507388 0.525680 0.511436 0.537080 0.491445 0.518555
0 0.518875 0.503774 0.518996 0.502094 0.518967 0.501176 0.525575 0.495945 0.531083 0.500167 0.532643 0.505949 0.526275 0.508687 0.518875 0.503774
0 0.530385 0.510056 0.546786 0.495530 0.555103 0.500568 0.557797 0.509354 0.541163 0.524934 0.538820 0.516968 0.530502 0.510408 0.530385 0.510056
0 0.530385 0.510056 0.538820 0.516968 0.541163 0.524934 0.528980 0.514625 0.530385 0.510056
0 0.548336 0.490334 0.555064 0.482261 0.570015 0.490633 0.562988 0.503342 0.549980 0.496913 0.548336 0.490334
0 0.616142 0.447477 0.625710 0.438357 0.635428 0.446730 0.626308 0.457046 0.616142 0.447477
0 0.616142 0.447477 0.626308 0.457046 0.624215 0.458840 0.613600 0.449720 0.616142 0.447477
0 0.702317 0.400138 0.734951 0.366530 0.741039 0.370913 0.745153 0.384742 0.738117 0.399164 0.731298 0.404765 0.726671 0.403791 0.715224 0.414506 0.701586 0.401599 0.702317 0.400138
0 0.685293 0.487271 0.682240 0.474105 0.700559 0.469143 0.704757 0.483073 0.685293 0.487271
0 0.705520 0.435750 0.722312 0.422202 0.732679 0.428844 0.736603 0.426321 0.745722 0.434688 0.739763 0.439111 0.720976 0.454832 0.716206 0.442811 0.705520 0.435750
0 0.705520 0.435750 0.716206 0.442811 0.720976 0.454832 0.703612 0.440330 0.705520 0.435750
0 0.740276 0.485100 0.738781 0.464767 0.744014 0.464468 0.743715 0.463122 0.755676 0.461029 0.756723 0.466112 0.784831 0.460581 0.799333 0.507975 0.762703 0.513806 0.761806 0.508574 0.737286 0.510966 0.734146 0.485848 0.740276 0.485100
0 0.783943 0.453057 0.779159 0.454403 0.767946 0.435116 0.781551 0.427790 0.773926 0.416576 0.787980 0.409400 0.796502 0.421809 0.804725 0.417473 0.809061 0.428238 0.812201 0.440797 0.783943 0.453057
0 0.824374 0.442337 0.830862 0.431460 0.834679 0.421728 0.855668 0.430506 0.891351 0.406654 0.901083 0.417721 0.868453 0.442718 0.868262 0.451114 0.859103 0.461609 0.824374 0.442337
0 0.824374 0.442337 0.821894 0.440238 0.832649 0.421053 0.834679 0.421728 0.830862 0.431460 0.824374 0.442337
0 0.838740 0.461886 0.858203 0.466275 0.855722 0.481540 0.837213 0.477533 0.817559 0.473717 0.818322 0.460741 0.832824 0.463794 0.833176 0.460871 0.838740 0.461886
0 0.768608 0.513021 0.781317 0.510629 0.784756 0.522739 0.771449 0.525430 0.768608 0.513021
0 0.869070 0.446915 0.901460 0.455195 0.897807 0.475165 0.859103 0.461609 0.868262 0.451114 0.869070 0.446915
0 0.905844 0.451786 0.937260 0.448376 0.940670 0.473217 0.911932 0.477600 0.910228 0.470781 0.910313 0.466487 0.906575 0.466641 0.904289 0.452306 0.905844 0.451786
0 0.881636 0.375828 0.918655 0.363234 0.927242 0.377927 0.929341 0.392811 0.891368 0.403306 0.879919 0.376782 0.881636 0.375828
0 0.912872 0.557680 0.910480 0.558129 0.904649 0.538244 0.920946 0.534805 0.926478 0.553494 0.912872 0.557680
0 0.904649 0.538244 0.910480 0.558129 0.906742 0.559773 0.898071 0.539141 0.904649 0.538244
0 0.898968 0.537347 0.916311 0.532861 0.920946 0.534805 0.904649 0.538244 0.898071 0.539141 0.898968 0.537347
0 0.941943 0.517185 0.960208 0.516942 0.971654 0.518890 0.971898 0.521325 0.979204 0.521812 0.978230 0.536181 0.972141 0.536668 0.971654 0.552255 0.999009 0.552725 0.999009 0.584379 0.989432 0.584158 0.987728 0.599257 0.935367 0.592682 0.938777 0.558100 0.932932 0.557369 0.935367 0.517185 0.941943 0.517185
0 0.926478 0.553494 0.934456 0.586976 0.935367 0.592682 0.942249 0.596231 0.923253 0.602806 0.913998 0.579914 0.891837 0.588681 0.881852 0.565301 0.889158 0.562379 0.892811 0.569929 0.900117 0.566519 0.898412 0.562866 0.926478 0.553494
0 0.902776 0.669845 0.922746 0.651580 0.933218 0.662052 0.942473 0.670819 0.924938 0.689084 0.917632 0.681778 0.902776 0.669845
0 0.902776 0.669845 0.914953 0.679830 0.924938 0.689084 0.919580 0.693224 0.899123 0.675690 0.902776 0.669845
0 0.877468 0.680680 0.885840 0.673204 0.897203 0.682324 0.892419 0.690697 0.877468 0.680680
0 0.877468 0.680680 0.892419 0.690697 0.889578 0.694285 0.875375 0.683221 0.877468 0.680680
4 0.999009 0.654028 0.991683 0.652480 0.992503 0.642171 0.999009 0.642578 0.999009 0.654028
0 0.990113 0.655561 0.964547 0.651674 0.967238 0.638367 0.991458 0.643451 0.990113 0.655561
0 0.967238 0.638367 0.964547 0.651674 0.960418 0.650742 0.961244 0.638810 0.967238 0.638367
0 0.963475 0.655738 0.990113 0.655561 0.992176 0.667453 0.964764 0.667570 0.963475 0.655738
0 0.964764 0.667570 0.992176 0.667453 0.991824 0.670499 0.964881 0.671319 0.964764 0.667570
0 0.999009 0.707041 0.988466 0.702112 0.992802 0.685666 0.999009 0.685279 0.999009 0.707041
0 0.992802 0.685666 0.988466 0.702112 0.980093 0.700318 0.985177 0.685666 0.992802 0.685666
0 0.998483 0.712428 0.979645 0.702262 0.980093 0.700318 0.988466 0.702112 0.999009 0.707041 0.999009 0.712744 0.998483 0.712428
0 0.922881 0.752188 0.932866 0.743908 0.943094 0.735141 0.973536 0.764121 0.957950 0.781413 0.953079 0.778003 0.947965 0.782630 0.919228 0.757059 0.922881 0.752188
0 0.840458 0.919590 0.847036 0.907031 0.849727 0.894921 0.882171 0.902696 0.879031 0.914208 0.871406 0.932299 0.840458 0.919590
0 0.849727 0.894921 0.847036 0.907031 0.840458 0.919590 0.836271 0.917049 0.844195 0.894323 0.849727 0.894921
0 0.828242 0.878506 0.813892 0.896164 0.822220 0.901022 0.816338 0.910732 0.798182 0.900154 0.796274 0.898246 0.808486 0.881072 0.810776 0.882408 0.817455 0.870577 0.828242 0.878506
0 0.762660 0.894404 0.781551 0.866163 0.793191 0.873987 0.774682 0.903754 0.762469 0.895549 0.762660 0.894404
0 0.788104 0.925965 0.792556 0.912025 0.814228 0.919639 0.809190 0.932174 0.788104 0.925965
0 0.788104 0.925965 0.809190 0.932174 0.807316 0.937445 0.786933 0.931236 0.788104 0.925965
0 0.814228 0.919639 0.818913 0.923739 0.813408 0.939788 0.807316 0.937445 0.814228 0.919639
0 0.769617 0.920959 0.777114 0.902918 0.791172 0.909127 0.784611 0.926113 0.769617 0.920959
0 0.769617 0.920959 0.784611 0.926113 0.783206 0.929744 0.768211 0.924473 0.769617 0.920959
0 0.712213 0.933485 0.766336 0.939615 0.765289 0.964135 0.708774 0.956959 0.709223 0.955015 0.706083 0.954118 0.705335 0.949932 0.707578 0.937821 0.711166 0.938419 0.712213 0.933485
0 0.833594 0.999004 0.846666 0.982939 0.862983 0.989027 0.853461 0.999004 0.833594 0.999004
0 0.862983 0.989027 0.866045 0.999004 0.853461 0.999004 0.862983 0.989027
0 0.730226 0.911618 0.731180 0.894063 0.756177 0.898261 0.754651 0.916961 0.730226 0.911618
0 0.738825 0.879367 0.731180 0.894063 0.729844 0.904367 0.715151 0.901314 0.725074 0.874218 0.738825 0.879367
0 0.682621 0.908735 0.683177 0.905921 0.674165 0.905384 0.674244 0.893163 0.679637 0.892725 0.681394 0.886542 0.699698 0.888863 0.700341 0.892725 0.708367 0.893792 0.708200 0.902486 0.708187 0.911800 0.682621 0.908735
0 0.621622 0.868073 0.592168 0.858952 0.594710 0.849832 0.585739 0.846244 0.588879 0.838021 0.638152 0.852186 0.642657 0.879720 0.624566 0.884055 0.623565 0.869119 0.621622 0.868073
0 0.658109 0.953693 0.661735 0.927360 0.689213 0.929841 0.686541 0.959036 0.658109 0.953693
0 0.658109 0.953693 0.652575 0.952548 0.655819 0.927742 0.661735 0.927360 0.658109 0.953693
0 0.680468 0.988176 0.681147 0.999007 0.665001 0.999007 0.664470 0.986533 0.680468 0.988176
0 0.647355 0.999007 0.648220 0.984359 0.664470 0.986533 0.665001 0.999007 0.647355 0.999007
0 0.401481 0.798313 0.404785 0.793541 0.408548 0.789777 0.419563 0.798038 0.416625 0.802995 0.413321 0.806024 0.401481 0.798313
0 0.407442 0.784613 0.417459 0.772652 0.421047 0.776091 0.428672 0.767569 0.426430 0.765625 0.438241 0.751571 0.459023 0.769064 0.451697 0.776540 0.454239 0.780277 0.428971 0.805096 0.407442 0.784613
0 0.405531 0.848103 0.390419 0.855600 0.388545 0.851500 0.384913 0.845174 0.392293 0.841777 0.391590 0.840605 0.400376 0.836388 0.401548 0.838145 0.424157 0.826079 0.445608 0.865353 0.417962 0.877308 0.405531 0.848103
0 0.449811 0.865984 0.461260 0.890409 0.426340 0.908537 0.412983 0.881631 0.449811 0.865984
0 0.412983 0.881631 0.426340 0.908537 0.404205 0.917696 0.396573 0.903194 0.391802 0.903385 0.386841 0.890791 0.412983 0.881631
0 0.446861 0.906072 0.464433 0.899863 0.473687 0.918021 0.452835 0.924932 0.446275 0.906775 0.446861 0.906072
0 0.482752 0.896705 0.512329 0.885447 0.516145 0.895178 0.523778 0.892316 0.529884 0.905864 0.492293 0.919412 0.482752 0.896705
0 0.417159 0.974730 0.443309 0.965748 0.447126 0.972808 0.450942 0.973572 0.453804 0.979296 0.452087 0.982731 0.452468 0.993608 0.430063 0.999008 0.425878 0.999008 0.425182 0.988646 0.417159 0.974730
0 0.422349 0.999007 0.411633 0.987501 0.417159 0.974730 0.425182 0.988646 0.425878 0.999008 0.422349 0.999007
0 0.520842 0.999008 0.513216 0.980597 0.535865 0.974996 0.543817 0.999008 0.520842 0.999008
0 0.513050 0.999008 0.506890 0.980391 0.513216 0.980597 0.520842 0.999008 0.513050 0.999008
0 0.496437 0.918528 0.511841 0.944532 0.498102 0.951783 0.495240 0.944913 0.493141 0.945867 0.483027 0.923733 0.496437 0.918528
0 0.483027 0.923733 0.493141 0.945867 0.495240 0.944913 0.498102 0.951783 0.493893 0.953714 0.479391 0.927998 0.483027 0.923733
0 0.541955 0.958176 0.582027 0.944055 0.589851 0.962183 0.548825 0.978211 0.541955 0.958176
0 0.914204 0.999003 0.929164 0.985468 0.939720 0.992536 0.941005 0.991343 0.948898 0.994922 0.948087 0.999002 0.914204 0.999003
0 0.899226 0.163321 0.913351 0.166000 0.928938 0.169409 0.920170 0.216412 0.888754 0.211541 0.899226 0.163321
0 0.899226 0.163321 0.888754 0.211541 0.884127 0.210810 0.893625 0.161616 0.899226 0.163321
0 0.851510 0.132452 0.863693 0.130929 0.866271 0.154475 0.853619 0.155998 0.851510 0.132452
4 0.999009 0.104964 0.981221 0.093210 0.999009 0.072958 0.999009 0.104964
0 0.982155 0.193962 0.991648 0.193027 0.992367 0.205540 0.975466 0.206187 0.974747 0.191876 0.981579 0.191804 0.982155 0.193962
0 0.832649 0.421053 0.821339 0.388570 0.838513 0.382846 0.849962 0.419483 0.840993 0.423108 0.832649 0.421053
0 0.849097 0.384194 0.873938 0.375914 0.881244 0.394910 0.855185 0.414149 0.849097 0.384194
0 0.886225 0.612922 0.895718 0.607025 0.897947 0.609973 0.901471 0.608175 0.907872 0.619826 0.897228 0.626226 0.886225 0.612922
0 0.999009 0.242165 0.996788 0.253774 0.953472 0.236601 0.958815 0.223625 0.999009 0.236661 0.999009 0.242165
0 0.478364 0.405810 0.470922 0.389781 0.481226 0.385774 0.488668 0.401230 0.478364 0.405810
0 0.326285 0.807128 0.336398 0.792245 0.356625 0.806556 0.341932 0.825065 0.328002 0.816288 0.330864 0.813616 0.326285 0.807128
0 0.511748 0.975300 0.509650 0.976254 0.498200 0.960798 0.517664 0.947822 0.528922 0.963279 0.511748 0.975300
0 0.493143 0.501791 0.500123 0.506087 0.492606 0.513872 0.485626 0.507966 0.493143 0.501791
0 0.015874 0.576390 0.030200 0.583378 0.023911 0.592463 0.011332 0.586523 0.015874 0.576390
0 0.225533 0.767139 0.241515 0.760830 0.245721 0.767560 0.228898 0.773448 0.225533 0.767139
0 0.494756 0.994763 0.500741 0.987655 0.508223 0.992518 0.509197 0.999008 0.499304 0.999008 0.494756 0.994763
0 0.649890 0.971266 0.655038 0.972124 0.655252 0.985208 0.648220 0.984359 0.649890 0.971266
0 0.884391 0.906755 0.891214 0.908802 0.886210 0.918354 0.879160 0.916990 0.884391 0.906755
0 0.595789 0.753296 0.602893 0.758032 0.603485 0.760400 0.586909 0.778159 0.584541 0.777271 0.575662 0.784671 0.568558 0.777863 0.574774 0.771943 0.574774 0.770167 0.595789 0.753296
0 0.894280 0.500725 0.901471 0.497825 0.905879 0.506292 0.899263 0.508963 0.894280 0.500725
0 0.812201 0.440797 0.809061 0.428238 0.805903 0.420190 0.812283 0.419054 0.812633 0.415383 0.812108 0.406556 0.822509 0.403147 0.829239 0.412324 0.829676 0.422201 0.827228 0.425347 0.819363 0.435835 0.812201 0.440797
0 0.736603 0.426321 0.754040 0.420028 0.758473 0.427461 0.762907 0.432025 0.760299 0.438415 0.764863 0.443631 0.760821 0.452889 0.748172 0.444804 0.741913 0.437763 0.745722 0.434688 0.736603 0.426321
0 0.963914 0.258086 0.988768 0.269645 0.982988 0.280820 0.958520 0.267719 0.963914 0.258086
