0 0.411498 0.820198 0.422759 0.803438 0.452874 0.819674 0.441876 0.839838 0.411498 0.820198
0 0.446851 0.783011 0.460730 0.770180 0.475395 0.783797 0.460992 0.796629 0.446851 0.783011
0 0.436386 0.685495 0.461474 0.672070 0.472955 0.687562 0.487258 0.680816 0.512325 0.722594 0.492606 0.731618 0.471550 0.694519 0.451791 0.704963 0.436386 0.685495
0 0.516344 0.650616 0.530036 0.649946 0.529993 0.646471 0.554262 0.645141 0.557096 0.683476 0.517540 0.686857 0.516344 0.650616
0 0.567121 0.639263 0.599670 0.638577 0.602748 0.676126 0.568892 0.677563 0.567121 0.639263
0 0.563940 0.691913 0.578532 0.692734 0.578162 0.724888 0.562729 0.724888 0.563940 0.691913
0 0.718204 0.605474 0.748618 0.587103 0.771673 0.623659 0.744946 0.638376 0.734905 0.620759 0.729694 0.623572 0.718204 0.605474
0 0.752801 0.572546 0.765026 0.563548 0.795556 0.604305 0.784428 0.613728 0.752801 0.572546
0 0.806659 0.653750 0.819196 0.645632 0.825701 0.654674 0.824459 0.655834 0.837331 0.675797 0.825981 0.682628 0.806659 0.653750
0 0.683201 0.841921 0.703627 0.836422 0.719205 0.879239 0.697041 0.886178 0.683201 0.841921
0 0.803696 0.964215 0.817039 0.960356 0.819065 0.966902 0.805786 0.971449 0.803696 0.964215
0 0.660010 0.993397 0.659189 0.979034 0.671295 0.978008 0.672663 0.991756 0.660010 0.993397
0 0.682584 0.968153 0.700942 0.966968 0.705279 0.988338 0.685742 0.989242 0.682584 0.968153
0 0.867793 0.958849 0.885471 0.925796 0.894766 0.930043 0.901489 0.917154 0.922804 0.925937 0.919987 0.933774 0.923368 0.935164 0.922016 0.937675 0.969662 0.958325 0.960234 0.977966 0.901925 0.953176 0.892895 0.970633 0.867793 0.958849
0 0.999012 0.957604 0.977297 0.949338 0.983058 0.935197 0.999012 0.941362 0.999012 0.957604
0 0.303339 0.729734 0.308258 0.700348 0.328674 0.702936 0.327812 0.708880 0.343273 0.711120 0.340888 0.742661 0.323640 0.740884 0.324701 0.733017 0.303339 0.729734
0 0.338454 0.670855 0.353084 0.671176 0.353566 0.686128 0.337811 0.685163 0.338454 0.670855
0 0.680692 0.323979 0.711106 0.275517 0.731828 0.288886 0.706093 0.336346 0.680692 0.323979
0 0.703297 0.833123 0.720519 0.827998 0.729725 0.852451 0.732502 0.851641 0.739995 0.867712 0.725598 0.873041 0.721292 0.862770 0.716080 0.864726 0.703297 0.833123
0 0.797316 0.787077 0.804550 0.781450 0.809504 0.785217 0.808857 0.785982 0.811303 0.788524 0.805033 0.793990 0.797316 0.787077
0 0.521260 0.784712 0.510055 0.770071 0.518549 0.763673 0.529697 0.778158 0.521260 0.784712
0 0.902173 0.653336 0.910841 0.648641 0.918787 0.664172 0.909035 0.667783 0.902173 0.653336
0 0.707712 0.951551 0.740801 0.952193 0.740801 0.965686 0.708033 0.964722 0.707712 0.951551
4 0.815749 0.770524 0.817006 0.769170 0.817587 0.768783 0.820295 0.768686 0.821746 0.769460 0.821746 0.772265 0.820972 0.774200 0.819812 0.774780 0.817297 0.774877 0.815555 0.774393 0.815168 0.772459 0.815749 0.770524
