1 0.967418 0.043012 0.991986 0.046943 0.989810 0.072120 0.972646 0.071243 0.957560 0.068721 0.959259 0.043959 0.960806 0.043350 0.967198 0.044003 0.967418 0.043012
1 0.950778 0.104861 0.967676 0.103738 0.969231 0.116481 0.952446 0.118036 0.950778 0.104861
0 0.699470 0.003249 0.700931 0.003492 0.705181 0.005967 0.713478 0.010810 0.700201 0.033691 0.687537 0.025411 0.699470 0.003249
4 0.727921 0.000006 0.734948 0.003922 0.719775 0.023595 0.709471 0.017870 0.713478 0.010810 0.705181 0.005967 0.708322 0.000006 0.727921 0.000006
1 0.739162 0.120909 0.764915 0.120219 0.766725 0.146510 0.735390 0.147289 0.734324 0.127723 0.739162 0.120909
0 0.933989 0.314700 0.940641 0.309977 0.947348 0.317234 0.939455 0.323292 0.933213 0.315398 0.933989 0.314700
0 0.980487 0.306158 0.992318 0.305586 0.994035 0.327912 0.981823 0.328293 0.980869 0.308830 0.980487 0.306158
0 0.981416 0.344478 0.992865 0.343333 0.993628 0.358789 0.981607 0.360125 0.980271 0.344478 0.981416 0.344478
0 0.971873 0.292531 0.972623 0.297001 0.960420 0.311387 0.941539 0.298538 0.942125 0.297835 0.954531 0.280488 0.971873 0.292531
0 0.983243 0.279092 0.975180 0.293174 0.974746 0.293711 0.954814 0.280088 0.962977 0.268666 0.983243 0.279092
0 0.962982 0.219565 0.987580 0.231498 0.979056 0.249033 0.954702 0.236856 0.962252 0.221026 0.962982 0.219565
4 0.999008 0.260086 0.981764 0.252096 0.995818 0.222931 0.999008 0.224535 0.999008 0.260086
0 0.999008 0.472017 0.954829 0.508206 0.938358 0.489094 0.958520 0.472273 0.961011 0.475043 0.983115 0.456183 0.992184 0.465360 0.999008 0.460335 0.999008 0.472017
3 0.740109 0.786117 0.754151 0.772842 0.765427 0.784295 0.751857 0.797865 0.741734 0.788029 0.740109 0.786117
0 0.963148 0.315423 0.975109 0.315124 0.976903 0.351156 0.965241 0.351903 0.963148 0.315423
0 0.981970 0.530815 0.986357 0.534699 0.981251 0.538510 0.977727 0.534051 0.981970 0.530815
3 0.775212 0.672880 0.778088 0.674822 0.777513 0.677986 0.773630 0.679065 0.770897 0.677195 0.771328 0.673743 0.775212 0.672880
