0 0.199505 0.114078 0.217062 0.120611 0.208487 0.143885 0.192155 0.136943 0.199505 0.114078
0 0.189178 0.098678 0.194693 0.082384 0.229536 0.097174 0.223018 0.112214 0.189178 0.098678
0 0.219419 0.011757 0.248683 0.017256 0.242005 0.046520 0.238274 0.047109 0.235720 0.051823 0.210777 0.043378 0.219419 0.011757
0 0.333821 0.128086 0.332898 0.094692 0.360136 0.094384 0.360905 0.127624 0.333821 0.128086
0 0.379299 0.117257 0.402278 0.114900 0.404635 0.137683 0.382245 0.140433 0.379299 0.117257
0 0.382245 0.114311 0.375655 0.077992 0.403829 0.075134 0.403420 0.067376 0.416486 0.066559 0.417711 0.078809 0.411178 0.079625 0.412403 0.094733 0.423836 0.091875 0.426239 0.108223 0.407581 0.111365 0.382245 0.114311
0 0.424830 0.161864 0.433102 0.155597 0.445134 0.158104 0.447390 0.171389 0.440371 0.210243 0.423827 0.208739 0.423326 0.199464 0.418814 0.197709 0.424830 0.161864
0 0.455439 0.139191 0.468364 0.142361 0.460686 0.173999 0.450129 0.173679 0.449169 0.168561 0.455439 0.139191
0 0.442456 0.216899 0.441202 0.236952 0.431176 0.235448 0.432429 0.215395 0.442456 0.216899
0 0.360946 0.015252 0.362866 0.061001 0.339191 0.056842 0.336952 0.018771 0.360946 0.015252
