0 0.192379 0.708262 0.205655 0.703736 0.211388 0.718521 0.207767 0.719728 0.211388 0.731495 0.124369 0.767130 0.117744 0.753624 0.106393 0.732485 0.130047 0.720555 0.133843 0.728176 0.139877 0.726064 0.133843 0.716409 0.157076 0.704943 0.159188 0.710977 0.186042 0.699210 0.190568 0.708865 0.192379 0.708262
0 0.159105 0.659089 0.179905 0.672598 0.176688 0.678173 0.153744 0.682891 0.146667 0.669382 0.159105 0.659089
0 0.107193 0.602555 0.114435 0.611305 0.118357 0.615530 0.126202 0.615530 0.105685 0.639970 0.101460 0.635444 0.086072 0.647513 0.083960 0.644496 0.070684 0.654453 0.064951 0.645099 0.055295 0.637254 0.056804 0.633633 0.048657 0.623676 0.061632 0.612814 0.065253 0.616736 0.069175 0.614624 0.068873 0.603762 0.089089 0.603159 0.089693 0.606478 0.096029 0.611909 0.107193 0.602555
0 0.000008 0.736726 0.018674 0.734614 0.022898 0.753322 0.012639 0.755132 0.018070 0.791340 0.021088 0.790133 0.024105 0.802202 0.036476 0.799487 0.032553 0.778366 0.023803 0.777762 0.021691 0.765693 0.030140 0.765089 0.026217 0.749399 0.047338 0.745477 0.047338 0.747891 0.060916 0.747589 0.069968 0.805823 0.009018 0.814574 0.010225 0.824229 0.008415 0.829358 0.002984 0.832979 0.000008 0.831174 0.000008 0.736726
0 0.063013 0.816620 0.115235 0.825960 0.109716 0.849311 0.051550 0.835301 0.063013 0.816620
0 0.153446 0.801760 0.158117 0.819592 0.115235 0.825960 0.114811 0.812374 0.153446 0.801760
0 0.002688 0.414339 0.032255 0.411199 0.033988 0.431452 0.003988 0.434051 0.002688 0.414339
0 0.042544 0.392137 0.050559 0.399827 0.037021 0.412715 0.029331 0.403617 0.042544 0.392137
0 0.085854 0.332578 0.079421 0.329361 0.085639 0.313922 0.115017 0.326573 0.100007 0.361526 0.077705 0.350590 0.085854 0.332578
0 0.118673 0.308419 0.114863 0.319544 0.099785 0.314521 0.103271 0.304160 0.118673 0.308419
0 0.103271 0.304160 0.099785 0.314521 0.086517 0.310096 0.090023 0.300495 0.103271 0.304160
0 0.038474 0.272928 0.049839 0.276359 0.047480 0.287295 0.042334 0.295873 0.030754 0.290941 0.036973 0.282792 0.038474 0.272928
0 0.012098 0.245266 0.029253 0.246982 0.030754 0.261563 0.030754 0.270569 0.011241 0.268854 0.014243 0.260491 0.012098 0.255773 0.012098 0.245266
0 0.000008 0.162000 0.002526 0.162602 0.002828 0.173766 0.011972 0.173614 0.011057 0.184281 0.003133 0.183672 0.002371 0.190529 0.000008 0.190529 0.000008 0.162000
0 0.000008 0.093766 0.007502 0.093117 0.008369 0.102107 0.014325 0.102215 0.015084 0.112504 0.001979 0.113262 0.002628 0.122143 0.000008 0.122058 0.000008 0.093766
0 0.000008 0.047040 0.004628 0.065094 0.000008 0.066608 0.000008 0.047040
0 0.033870 0.167906 0.052526 0.171337 0.052312 0.176054 0.076328 0.183345 0.066036 0.205218 0.061961 0.202430 0.046307 0.194281 0.034728 0.197283 0.033870 0.167906
0 0.144560 0.000004 0.140751 0.012921 0.134198 0.011245 0.134960 0.008349 0.110882 0.003625 0.107834 0.013378 0.086651 0.009264 0.088936 0.000003 0.144560 0.000004
0 0.159764 0.066387 0.178509 0.074617 0.174852 0.079493 0.186129 0.084218 0.173175 0.108144 0.169061 0.105705 0.165860 0.111801 0.140563 0.101133 0.159764 0.066387
0 0.133912 0.207504 0.159215 0.215867 0.149994 0.241813 0.137343 0.237739 0.138844 0.233236 0.124477 0.228518 0.133912 0.207504
0 0.116114 0.248032 0.134769 0.252321 0.133268 0.254894 0.135413 0.255966 0.134555 0.265187 0.130910 0.264972 0.128765 0.270762 0.110109 0.261756 0.116114 0.248032
0 0.093598 0.261112 0.108608 0.265830 0.114184 0.266902 0.122547 0.271405 0.130910 0.273979 0.129409 0.283628 0.121046 0.295851 0.118044 0.294564 0.115256 0.302284 0.103247 0.294564 0.083948 0.291777 0.091239 0.275265 0.086950 0.273121 0.091882 0.267545 0.092311 0.260469 0.093598 0.261112
0 0.201092 0.363616 0.224714 0.364531 0.223952 0.380684 0.200940 0.378551 0.201092 0.363616
0 0.242087 0.337861 0.253821 0.341062 0.267537 0.348986 0.252754 0.372455 0.243611 0.364988 0.229438 0.357673 0.242087 0.337861
0 0.264641 0.353406 0.267537 0.348986 0.275461 0.363921 0.266622 0.385561 0.287500 0.395467 0.278966 0.411773 0.258698 0.402477 0.257936 0.403696 0.244525 0.397753 0.246963 0.392419 0.264641 0.353406
0 0.283081 0.366207 0.306093 0.379008 0.303045 0.386323 0.292530 0.394248 0.290548 0.392724 0.287500 0.395467 0.276376 0.385866 0.278814 0.383580 0.273023 0.378094 0.281709 0.372303 0.283081 0.366207
0 0.363955 0.371647 0.381787 0.351692 0.417527 0.377820 0.399618 0.398394 0.363955 0.371647
0 0.416112 0.351825 0.415959 0.351063 0.433790 0.349996 0.435009 0.401506 0.417941 0.400439 0.417527 0.377820 0.416112 0.351825
0 0.362099 0.329052 0.372392 0.334627 0.368318 0.343204 0.358239 0.338058 0.362099 0.329052
0 0.354498 0.338409 0.365654 0.344474 0.360780 0.354546 0.348975 0.348048 0.354498 0.338409
0 0.203904 0.226846 0.210457 0.229437 0.213657 0.222731 0.236059 0.231570 0.238498 0.227303 0.257242 0.237514 0.241698 0.272260 0.224173 0.263726 0.225697 0.260068 0.213048 0.254887 0.211981 0.257173 0.195218 0.250772 0.203904 0.226846
0 0.366845 0.228989 0.397629 0.232342 0.397934 0.242248 0.397020 0.254135 0.390924 0.253677 0.389248 0.266479 0.365474 0.263735 0.365931 0.249867 0.351149 0.248496 0.351911 0.236457 0.364102 0.237371 0.366845 0.228989
0 0.367758 0.180542 0.401657 0.185307 0.401873 0.200578 0.399383 0.200253 0.397000 0.215307 0.367108 0.210867 0.368191 0.199820 0.364833 0.199278 0.367758 0.180542
0 0.397560 0.212703 0.405079 0.212670 0.405014 0.223152 0.393914 0.223412 0.393946 0.214884 0.397000 0.215307 0.397560 0.212703
0 0.411721 0.181784 0.423206 0.181019 0.423206 0.203733 0.411593 0.203350 0.411721 0.181784
0 0.431219 0.085573 0.461082 0.113658 0.439396 0.135700 0.407400 0.104770 0.431219 0.085573
0 0.482951 0.068197 0.484215 0.065671 0.500385 0.080072 0.471582 0.108370 0.454906 0.090936 0.482951 0.068197
0 0.541820 0.011855 0.559506 0.030552 0.515797 0.073250 0.493058 0.055817 0.541820 0.011855
0 0.551421 0.047732 0.563549 0.056575 0.532977 0.085883 0.528429 0.079567 0.519839 0.077293 0.551421 0.047732
0 0.577192 0.027014 0.589825 0.036110 0.567086 0.055312 0.554706 0.044953 0.577192 0.027014
0 0.787181 0.709188 0.811421 0.705956 0.811960 0.713318 0.813576 0.713318 0.814294 0.720320 0.811960 0.721218 0.812678 0.730196 0.790234 0.733249 0.787181 0.709188
0 0.786527 0.696615 0.787301 0.708281 0.782402 0.708216 0.782402 0.711890 0.774991 0.712535 0.774346 0.696164 0.786527 0.696615
0 0.527113 0.258201 0.523063 0.278453 0.502305 0.278453 0.503824 0.258201 0.527113 0.258201
0 0.405014 0.223152 0.405079 0.212670 0.416234 0.213994 0.413563 0.223916 0.405014 0.223152
0 0.419097 0.234411 0.438942 0.234221 0.438942 0.242807 0.419669 0.243952 0.419097 0.234411
0 0.504583 0.220291 0.514315 0.219337 0.515269 0.227733 0.505346 0.229069 0.504583 0.220291
0 0.318079 0.255472 0.311504 0.268379 0.279600 0.256202 0.284715 0.244999 0.318079 0.255472
0 0.026167 0.311733 0.046371 0.328207 0.037357 0.338775 0.018707 0.324166 0.026167 0.311733
0 0.173589 0.644807 0.185766 0.653087 0.177973 0.666725 0.165065 0.656740 0.173589 0.644807
0 0.221079 0.591228 0.211337 0.607302 0.198186 0.599509 0.208658 0.583435 0.221079 0.591228
0 0.194679 0.607541 0.207387 0.614418 0.192137 0.641480 0.178532 0.632360 0.194679 0.607541
4 0.261446 0.717423 0.261212 0.727263 0.253480 0.726560 0.254183 0.715900 0.261446 0.717423
0 0.183469 0.977392 0.167306 0.986095 0.151454 0.975527 0.160779 0.961540 0.183469 0.977392
0 0.205920 0.999005 0.205537 0.982676 0.218281 0.982365 0.218208 0.999005 0.205920 0.999005
0 0.221078 0.955323 0.213619 0.969000 0.201186 0.960607 0.208646 0.948174 0.221078 0.955323
0 0.617624 0.905519 0.624443 0.910146 0.608613 0.936448 0.601794 0.931334 0.617624 0.905519
0 0.589806 0.030997 0.601009 0.015897 0.615378 0.024908 0.605149 0.039764 0.589806 0.030997
