0 0.053946 0.054701 0.076463 0.049167 0.087721 0.052602 0.094400 0.060235 0.096880 0.076645 0.069212 0.083705 0.059289 0.080271 0.053946 0.054701
4 0.839601 0.000004 0.819665 0.015882 0.811796 0.010298 0.805026 0.014359 0.789287 0.001544 0.790821 0.000005 0.839601 0.000004
4 0.950854 0.000002 0.949694 0.003936 0.956182 0.009279 0.946259 0.019011 0.938245 0.012523 0.934047 0.016721 0.916700 0.003352 0.918934 0.000002 0.950854 0.000002
0 0.246203 0.088907 0.257271 0.093868 0.265094 0.081847 0.284367 0.092533 0.276162 0.109134 0.271200 0.108180 0.266811 0.117339 0.258797 0.120965 0.231319 0.109515 0.227694 0.114095 0.212810 0.108180 0.216436 0.100738 0.229793 0.105890 0.237616 0.089670 0.246203 0.088907
0 0.358488 0.015165 0.374058 0.011780 0.379727 0.034542 0.367542 0.037504 0.361534 0.035981 0.358488 0.015165
0 0.101245 0.401436 0.120136 0.403153 0.118800 0.429677 0.121663 0.429868 0.121281 0.436356 0.126815 0.437119 0.125861 0.466505 0.106206 0.466696 0.107351 0.461162 0.097810 0.459826 0.101245 0.401436
0 0.158543 0.410339 0.216743 0.403661 0.218078 0.416636 0.161024 0.423506 0.158543 0.410339
0 0.868802 0.773573 0.868612 0.755254 0.902195 0.754109 0.913644 0.755063 0.914980 0.764413 0.911164 0.767657 0.906393 0.769947 0.894181 0.773763 0.868802 0.773573
0 0.849148 0.778725 0.864413 0.775290 0.869756 0.779106 0.872237 0.781969 0.872237 0.785976 0.861933 0.785785 0.860216 0.795326 0.852774 0.793990 0.848003 0.786930 0.849148 0.778725
0 0.841515 0.802195 0.847812 0.801432 0.853919 0.799715 0.854682 0.797807 0.873382 0.800669 0.875481 0.819941 0.872046 0.826238 0.853537 0.828147 0.840370 0.826238 0.841515 0.802195
0 0.872428 0.788647 0.875481 0.788456 0.874909 0.782350 0.887884 0.781205 0.889792 0.786930 0.892273 0.779679 0.902959 0.779106 0.902768 0.788838 0.891700 0.791128 0.891891 0.801623 0.873382 0.800669 0.872428 0.788647
4 0.999007 0.534057 0.996565 0.533921 0.991413 0.530105 0.990802 0.500742 0.999007 0.500211 0.999007 0.534057
0 0.482140 0.295490 0.499123 0.294345 0.498360 0.305985 0.501222 0.330219 0.487101 0.332127 0.482140 0.295490
0 0.653697 0.998026 0.655766 0.989896 0.675745 0.993089 0.673632 0.999007 0.653288 0.999007 0.653697 0.998026
0 0.028953 0.042260 0.047337 0.036805 0.050266 0.047411 0.045821 0.048219 0.044710 0.053169 0.030973 0.057916 0.026962 0.042816 0.028953 0.042260
