0 0.472918 0.000008 0.479575 0.006964 0.460557 0.023200 0.446802 0.005259 0.454508 0.000008 0.472918 0.000008
4 0.561392 0.000008 0.558355 0.009438 0.531642 0.000008 0.561392 0.000008
0 0.582607 0.000007 0.581828 0.007693 0.574801 0.015916 0.560597 0.010085 0.563737 0.002310 0.562188 0.000008 0.582607 0.000007
0 0.636240 0.013907 0.625668 0.025702 0.614952 0.013979 0.619771 0.008586 0.616584 0.005101 0.621218 0.000765 0.636240 0.013907
0 0.526312 0.001276 0.554858 0.009170 0.552655 0.023948 0.522916 0.022479 0.526312 0.001276
0 0.558461 0.025954 0.582409 0.026745 0.581978 0.035015 0.558029 0.034152 0.558461 0.025954
0 0.476937 0.010544 0.486575 0.018162 0.476295 0.030186 0.482077 0.034867 0.473357 0.045514 0.455000 0.030737 0.463302 0.021517 0.466083 0.023620 0.476937 0.010544
0 0.802090 0.078697 0.818989 0.066589 0.837098 0.091554 0.819236 0.105003 0.817121 0.102214 0.802482 0.112936 0.790008 0.095166 0.805830 0.083875 0.802090 0.078697
1 0.840499 0.148488 0.853894 0.165049 0.857547 0.162370 0.864853 0.171137 0.851458 0.181609 0.845613 0.174303 0.843665 0.176252 0.830514 0.157986 0.840499 0.148488
0 0.731895 0.191635 0.754602 0.181712 0.774256 0.208617 0.756701 0.220639 0.731895 0.191635
0 0.614154 0.052960 0.632783 0.049897 0.640639 0.076633 0.618399 0.083703 0.614154 0.052960
0 0.639374 0.044214 0.648793 0.043317 0.649391 0.050194 0.655521 0.048848 0.659259 0.052437 0.659857 0.058567 0.660604 0.062753 0.648942 0.063800 0.640869 0.056474 0.639374 0.044214
0 0.555260 0.046757 0.570716 0.052481 0.561747 0.076525 0.547818 0.071182 0.555260 0.046757
0 0.547818 0.071182 0.561747 0.076525 0.563854 0.080619 0.573578 0.075581 0.577678 0.084016 0.566783 0.088819 0.568189 0.098308 0.550734 0.100299 0.543588 0.092919 0.542065 0.069841 0.547818 0.071182
0 0.679826 0.067293 0.704645 0.051296 0.716755 0.069685 0.693133 0.084935 0.679826 0.067293
0 0.580229 0.079001 0.587160 0.073028 0.609418 0.099174 0.600259 0.106425 0.580229 0.079001
0 0.579958 0.083614 0.586788 0.092490 0.577369 0.100265 0.570964 0.090615 0.579958 0.083614
0 0.586788 0.092490 0.606422 0.116001 0.596417 0.124170 0.577369 0.100265 0.586788 0.092490
0 0.626081 0.082279 0.635646 0.079187 0.642406 0.087169 0.635143 0.093210 0.626081 0.082279
0 0.623008 0.082931 0.633785 0.094645 0.623945 0.102846 0.613988 0.090311 0.623008 0.082931
0 0.630412 0.172548 0.640279 0.164325 0.656128 0.183013 0.653586 0.185107 0.664351 0.196918 0.651194 0.207683 0.631010 0.184060 0.636243 0.180472 0.630412 0.172548
0 0.653615 0.076523 0.667748 0.077128 0.667701 0.082447 0.668392 0.104385 0.669069 0.130827 0.655270 0.131395 0.655562 0.099228 0.649420 0.099228 0.649128 0.084896 0.653222 0.084896 0.653615 0.076523
0 0.667701 0.082447 0.675129 0.082274 0.675820 0.104212 0.671137 0.104118 0.668392 0.104385 0.667701 0.082447
0 0.675820 0.104212 0.682844 0.104389 0.683386 0.126721 0.670934 0.126924 0.671137 0.104118 0.675820 0.104212
0 0.681315 0.131302 0.698676 0.125429 0.702735 0.143912 0.685116 0.147626 0.681315 0.131302
0 0.662960 0.137294 0.681315 0.131302 0.685116 0.147626 0.663804 0.152910 0.662960 0.137294
0 0.610610 0.142233 0.621320 0.141370 0.628403 0.147416 0.629180 0.155794 0.621061 0.156398 0.620975 0.154671 0.613461 0.155448 0.610610 0.142233
0 0.621061 0.156398 0.629180 0.155794 0.629183 0.170593 0.621070 0.170487 0.621061 0.156398
0 0.650759 0.141513 0.659310 0.140563 0.659914 0.155160 0.648082 0.157232 0.647477 0.150582 0.650759 0.141513
0 0.663804 0.152910 0.685116 0.147626 0.695051 0.160014 0.685906 0.166486 0.673666 0.155231 0.667195 0.157341 0.663804 0.152910
0 0.685906 0.166486 0.695051 0.160014 0.705176 0.169323 0.692825 0.183919 0.690579 0.182365 0.688334 0.185388 0.677883 0.175714 0.685906 0.166486
0 0.674946 0.156367 0.685906 0.166486 0.672442 0.179687 0.662423 0.171050 0.674946 0.156367
0 0.650541 0.214820 0.663669 0.202815 0.677143 0.216807 0.673184 0.220500 0.663238 0.229503 0.650541 0.214820
0 0.667690 0.192245 0.673087 0.185867 0.679150 0.191158 0.682126 0.186748 0.699212 0.200858 0.693700 0.207362 0.697118 0.210228 0.693370 0.214417 0.695905 0.215960 0.685738 0.229298 0.674556 0.221036 0.685106 0.208780 0.673752 0.199520 0.675075 0.198308 0.667690 0.192245
0 0.725291 0.214112 0.738160 0.226032 0.727710 0.237519 0.714754 0.226377 0.725291 0.214112
0 0.651218 0.040765 0.659378 0.039218 0.660644 0.047378 0.652765 0.048785 0.651218 0.040765
0 0.638978 0.034434 0.650655 0.027119 0.656001 0.035841 0.644324 0.042594 0.638978 0.034434
0 0.710018 0.107209 0.722695 0.099603 0.728648 0.109193 0.715861 0.116910 0.710018 0.107209
0 0.805826 0.289033 0.808052 0.292665 0.810395 0.291025 0.808287 0.287159 0.811801 0.284699 0.816018 0.291611 0.820938 0.288916 0.844602 0.338469 0.828317 0.347668 0.799747 0.291476 0.805826 0.289033
0 0.787290 0.326937 0.804463 0.322167 0.810379 0.344111 0.782710 0.350599 0.779657 0.336669 0.788816 0.335143 0.787290 0.326937
0 0.798830 0.352906 0.810193 0.350065 0.821107 0.375333 0.808697 0.378323 0.798830 0.352906
0 0.787226 0.356086 0.798004 0.352998 0.801636 0.364622 0.790713 0.368018 0.787226 0.356086
0 0.787226 0.356086 0.790713 0.368018 0.783646 0.370588 0.785298 0.375086 0.781902 0.376187 0.780617 0.372699 0.771530 0.374994 0.766390 0.361409 0.787226 0.356086
0 0.825042 0.358845 0.837601 0.356751 0.848964 0.386205 0.835359 0.389943 0.825042 0.358845
0 0.896375 0.389742 0.908985 0.413082 0.897173 0.419959 0.883717 0.396635 0.896375 0.389742
0 0.896375 0.389742 0.883717 0.396635 0.871985 0.376498 0.885724 0.369056 0.896375 0.389742
0 0.933299 0.448547 0.939997 0.457119 0.931211 0.467428 0.926056 0.457777 0.933299 0.448547
0 0.917060 0.415838 0.934281 0.445710 0.926432 0.450747 0.925495 0.455199 0.924206 0.459299 0.928865 0.470529 0.917986 0.478610 0.903999 0.456542 0.912702 0.450947 0.915811 0.455610 0.920162 0.452812 0.916743 0.446907 0.920473 0.444731 0.918297 0.440379 0.907108 0.420487 0.917060 0.415838
0 0.884715 0.435322 0.910879 0.472400 0.894582 0.483763 0.869016 0.445787 0.884715 0.435322
0 0.867569 0.449072 0.888822 0.480004 0.884722 0.482933 0.887257 0.486593 0.870961 0.497336 0.849385 0.458583 0.867569 0.449072
0 0.897820 0.489728 0.908607 0.483327 0.926609 0.509901 0.915013 0.516834 0.897820 0.489728
0 0.885153 0.496331 0.900496 0.522876 0.887345 0.530426 0.871759 0.504367 0.885153 0.496331
0 0.899238 0.526496 0.914834 0.549422 0.901926 0.557946 0.886096 0.535053 0.899238 0.526496
0 0.931276 0.606940 0.954471 0.626035 0.948730 0.632126 0.954471 0.637046 0.947208 0.645598 0.943225 0.642201 0.933376 0.652709 0.910307 0.631306 0.931276 0.606940
0 0.910307 0.631306 0.933376 0.652709 0.925859 0.660266 0.903101 0.638885 0.910307 0.631306
0 0.990983 0.605512 0.998785 0.615425 0.992268 0.620565 0.997133 0.626256 0.989606 0.631947 0.986302 0.627266 0.977674 0.633783 0.969321 0.622126 0.990983 0.605512
1 0.589762 0.532116 0.604676 0.541603 0.595706 0.555059 0.580870 0.544835 0.589762 0.532116
0 0.636129 0.107751 0.644525 0.104507 0.646815 0.110423 0.651104 0.110104 0.650822 0.127406 0.645092 0.130540 0.639004 0.122259 0.636129 0.107751
0 0.639004 0.122259 0.645092 0.130540 0.640709 0.133706 0.636569 0.128835 0.625366 0.138089 0.619277 0.131514 0.633890 0.119824 0.637056 0.123720 0.639004 0.122259
1 0.211175 0.281420 0.229222 0.278733 0.231700 0.297549 0.213802 0.299936 0.211175 0.281420
0 0.746122 0.853656 0.759945 0.858693 0.752213 0.877085 0.738624 0.869471 0.746122 0.853656
1 0.329030 0.737336 0.338111 0.730102 0.344471 0.738469 0.335553 0.745570 0.329030 0.737336
0 0.731097 0.124137 0.742430 0.123608 0.742808 0.135395 0.731323 0.135470 0.731097 0.124137
0 0.663238 0.229503 0.673184 0.220500 0.680144 0.226749 0.668175 0.238843 0.660794 0.231886 0.663238 0.229503
0 0.691479 0.086232 0.706360 0.078185 0.717383 0.094058 0.702612 0.103759 0.691479 0.086232
