0 0.496865 0.042647 0.509798 0.028554 0.528534 0.043642 0.514440 0.058896 0.496865 0.042647
0 0.480782 0.045632 0.512450 0.072658 0.493051 0.094047 0.491062 0.092223 0.488575 0.093384 0.461217 0.068347 0.480782 0.045632
0 0.486321 0.030698 0.497031 0.019566 0.507741 0.028444 0.496865 0.042647 0.486040 0.031685 0.486321 0.030698
0 0.719573 0.031259 0.740231 0.016109 0.751020 0.021618 0.756988 0.031948 0.736100 0.049852 0.728525 0.048704 0.718884 0.034243 0.719573 0.031259
0 0.754401 0.065424 0.772305 0.050274 0.806048 0.080114 0.785619 0.096182 0.755319 0.066801 0.754401 0.065424
0 0.896768 0.141825 0.907877 0.153432 0.898094 0.160064 0.904561 0.171670 0.919317 0.162717 0.926779 0.172499 0.916001 0.179463 0.917162 0.183111 0.890965 0.193391 0.886322 0.180292 0.881348 0.167691 0.878032 0.156914 0.886820 0.151276 0.896768 0.141825
0 0.415059 0.206767 0.440261 0.187534 0.463805 0.213897 0.454023 0.222519 0.438769 0.233462 0.434955 0.234622 0.415059 0.206767
0 0.271371 0.114020 0.307280 0.094953 0.326346 0.126413 0.287895 0.146433 0.271371 0.114020
0 0.326631 0.182832 0.356184 0.164401 0.375250 0.188234 0.353006 0.204123 0.338070 0.204758 0.326631 0.182832
0 0.301526 0.189823 0.309788 0.200945 0.307246 0.204123 0.313919 0.212385 0.302162 0.220012 0.299302 0.216834 0.274198 0.233358 0.271973 0.232723 0.263081 0.234938 0.258790 0.232597 0.255668 0.234743 0.247865 0.222063 0.263277 0.213869 0.262496 0.210943 0.285516 0.198652 0.301526 0.189823
0 0.112698 0.242795 0.139555 0.229023 0.145752 0.236368 0.150113 0.244402 0.150802 0.252436 0.156311 0.261388 0.144834 0.268044 0.140932 0.267585 0.129225 0.272176 0.112698 0.242795
0 0.125782 0.214332 0.133587 0.228563 0.119814 0.235450 0.112239 0.220759 0.125782 0.214332
0 0.066438 0.176069 0.074700 0.172256 0.080738 0.183060 0.070251 0.187509 0.066438 0.176069
0 0.386403 0.309238 0.414636 0.295236 0.427720 0.317961 0.404078 0.331504 0.397421 0.330356 0.386403 0.309238
0 0.394024 0.344428 0.414118 0.335844 0.423092 0.349501 0.398901 0.360620 0.400657 0.366083 0.392658 0.368229 0.390122 0.365107 0.374125 0.371935 0.367492 0.361401 0.378612 0.357304 0.377637 0.355938 0.384270 0.353402 0.383684 0.352037 0.393829 0.346769 0.394024 0.344428
0 0.408907 0.362366 0.439206 0.349971 0.450454 0.374990 0.421073 0.387156 0.410284 0.386238 0.402480 0.367875 0.408907 0.362366
0 0.374533 0.414727 0.365581 0.395216 0.380042 0.389707 0.384633 0.396134 0.392208 0.392691 0.396798 0.405545 0.388764 0.408988 0.387387 0.412891 0.384633 0.411513 0.374533 0.414727
0 0.204438 0.452763 0.209909 0.451271 0.208583 0.447789 0.217370 0.445467 0.218697 0.447457 0.243899 0.437343 0.254345 0.442649 0.254511 0.452265 0.259153 0.446131 0.267775 0.452929 0.277111 0.460226 0.267356 0.471736 0.257212 0.464323 0.255066 0.465689 0.256627 0.469395 0.249408 0.471736 0.244531 0.461787 0.210196 0.474272 0.204438 0.452763
0 0.224437 0.476028 0.240239 0.471931 0.245702 0.476418 0.246092 0.483637 0.227559 0.487929 0.224437 0.476028
0 0.000007 0.715661 0.013715 0.711327 0.026316 0.738684 0.009570 0.743824 0.006715 0.744529 0.002257 0.745734 0.000007 0.741973 0.000007 0.715661
0 0.338255 0.999007 0.349147 0.988644 0.365341 0.999007 0.338255 0.999007
0 0.374866 0.974985 0.385196 0.967181 0.409068 0.991053 0.399977 0.999007 0.399803 0.999007 0.374866 0.974985
0 0.764445 0.825955 0.781460 0.814341 0.790373 0.807319 0.798205 0.786253 0.819001 0.790304 0.819271 0.793815 0.825483 0.796516 0.816571 0.817852 0.803607 0.813261 0.810089 0.819203 0.803877 0.827575 0.799826 0.826765 0.799015 0.829466 0.779840 0.844590 0.764445 0.825955
0 0.822316 0.777025 0.826998 0.777416 0.827583 0.771563 0.839678 0.773124 0.839093 0.792827 0.819001 0.790304 0.822316 0.777025
0 0.761330 0.766315 0.774294 0.759563 0.781316 0.766585 0.764841 0.774687 0.761330 0.766315
0 0.677772 0.696360 0.685577 0.707148 0.699808 0.701410 0.710596 0.720002 0.689020 0.732627 0.668820 0.699803 0.677772 0.696360
0 0.702656 0.687154 0.734795 0.675810 0.746948 0.699847 0.718590 0.712811 0.716430 0.709030 0.709948 0.712001 0.702656 0.687154
0 0.664597 0.660218 0.656653 0.661171 0.636315 0.643058 0.632820 0.647824 0.607398 0.628440 0.620744 0.615411 0.631549 0.624627 0.647438 0.609691 0.684300 0.638291 0.664597 0.660218
0 0.670999 0.664454 0.684663 0.673669 0.661148 0.685745 0.647802 0.670174 0.653204 0.665089 0.666550 0.667949 0.670999 0.664454
0 0.592150 0.678777 0.625199 0.660664 0.634096 0.667337 0.636321 0.675917 0.601048 0.696572 0.592150 0.678777
0 0.533393 0.676638 0.556350 0.664755 0.566072 0.674208 0.575795 0.674748 0.575795 0.690952 0.549598 0.704186 0.545817 0.700135 0.540685 0.701215 0.533123 0.684471 0.536364 0.683120 0.533393 0.676638
0 0.581496 0.480603 0.592840 0.487355 0.600672 0.476282 0.620658 0.486005 0.622278 0.484114 0.627680 0.487625 0.626600 0.490596 0.644965 0.502750 0.633081 0.515714 0.633081 0.519765 0.628760 0.524356 0.628760 0.526517 0.622278 0.532999 0.613366 0.529217 0.598241 0.531378 0.589059 0.524086 0.586088 0.511932 0.565022 0.498699 0.578526 0.479253 0.581496 0.480603
0 0.802638 0.639616 0.822081 0.627652 0.834794 0.641486 0.823203 0.651581 0.820585 0.648964 0.814603 0.654572 0.802638 0.639616
0 0.807830 0.629192 0.788370 0.639274 0.784873 0.641076 0.772225 0.648187 0.763267 0.634864 0.774070 0.629192 0.778833 0.626769 0.799600 0.616387 0.807830 0.629192
0 0.821334 0.603535 0.798107 0.614068 0.799326 0.615967 0.773086 0.627725 0.762187 0.611367 0.784873 0.599214 0.809991 0.586790 0.821334 0.603535
0 0.713446 0.434948 0.729284 0.429669 0.734123 0.448586 0.716526 0.455185 0.713446 0.434948
0 0.441299 0.513078 0.450211 0.526852 0.420503 0.549268 0.410510 0.535765 0.441299 0.513078
0 0.465335 0.520640 0.490723 0.507946 0.498555 0.520910 0.491803 0.524961 0.497475 0.534954 0.479650 0.543867 0.467496 0.529283 0.468306 0.525772 0.465335 0.520640
0 0.430086 0.423761 0.433402 0.429564 0.439702 0.426248 0.445008 0.436031 0.448987 0.434041 0.457112 0.448134 0.445671 0.454601 0.443516 0.451119 0.419971 0.464052 0.415163 0.454435 0.424946 0.449627 0.424117 0.448466 0.432075 0.443989 0.422790 0.427906 0.430086 0.423761
0 0.367899 0.379133 0.395717 0.368600 0.399768 0.382644 0.396797 0.385885 0.388425 0.386965 0.385184 0.391556 0.380042 0.389707 0.367899 0.379133
0 0.354378 0.320083 0.360346 0.316411 0.363330 0.318017 0.363560 0.315263 0.375955 0.308147 0.383530 0.318706 0.373430 0.326051 0.378480 0.334085 0.365855 0.340971 0.354378 0.320083
0 0.729994 0.485003 0.727154 0.477976 0.735825 0.475285 0.737470 0.482462 0.729994 0.485003
0 0.727154 0.477976 0.725210 0.470052 0.734181 0.466315 0.735825 0.475285 0.727154 0.477976
0 0.734181 0.466315 0.723715 0.468707 0.721472 0.460185 0.732984 0.457643 0.734181 0.466315
0 0.831744 0.506017 0.827604 0.497250 0.833692 0.492623 0.839537 0.500172 0.831744 0.506017
0 0.771703 0.797825 0.754655 0.786623 0.764841 0.774687 0.781316 0.766585 0.787776 0.783457 0.771703 0.797825
0 0.243684 0.931275 0.224688 0.915445 0.237839 0.905460 0.253669 0.924943 0.243684 0.931275
0 0.273459 0.970041 0.256694 0.945360 0.263781 0.941245 0.281008 0.963953 0.273459 0.970041
0 0.010951 0.862901 0.007298 0.842201 0.021423 0.840496 0.023859 0.861684 0.010951 0.862901
0 0.010834 0.761977 0.002691 0.745981 0.026316 0.738684 0.033851 0.754837 0.010834 0.761977
0 0.398252 0.165312 0.404724 0.162077 0.418512 0.188385 0.412321 0.191199 0.398252 0.165312
0 0.407538 0.161373 0.412884 0.158841 0.421325 0.171503 0.415416 0.175161 0.407538 0.161373
