0 0.692400 0.382002 0.696053 0.380541 0.691669 0.372260 0.711152 0.363493 0.715779 0.370312 0.722842 0.367390 0.731122 0.386629 0.724547 0.389308 0.737698 0.422185 0.711396 0.434119 0.706768 0.422429 0.711639 0.420237 0.692400 0.382002
0 0.505995 0.215192 0.522570 0.212922 0.527918 0.246856 0.511123 0.249452 0.505995 0.215192
0 0.724405 0.119997 0.746515 0.120035 0.746733 0.140865 0.724008 0.141237 0.724405 0.119997
0 0.443743 0.570412 0.470532 0.546545 0.477838 0.551903 0.483927 0.548250 0.492694 0.558235 0.473698 0.575039 0.475890 0.577962 0.462252 0.589652 0.443743 0.570412
0 0.407700 0.600611 0.423530 0.588677 0.418172 0.581128 0.430349 0.573335 0.447883 0.594766 0.429374 0.609622 0.432784 0.614005 0.424747 0.618876 0.407700 0.600611
0 0.438774 0.609217 0.443354 0.604256 0.442972 0.603111 0.453277 0.597386 0.464535 0.611889 0.454231 0.624101 0.450223 0.619712 0.445453 0.619903 0.438774 0.609217
0 0.464535 0.611889 0.467779 0.612079 0.473694 0.620666 0.469185 0.623456 0.461107 0.629275 0.459574 0.626581 0.454231 0.624101 0.464535 0.611889
0 0.456520 0.632878 0.461107 0.629275 0.469185 0.623456 0.475411 0.629825 0.462436 0.640320 0.456520 0.632878
0 0.471518 0.592442 0.483030 0.583173 0.492898 0.594087 0.504859 0.584668 0.514726 0.595582 0.486020 0.621148 0.474807 0.609785 0.482282 0.604104 0.471518 0.592442
4 0.521388 0.597749 0.534600 0.585139 0.545904 0.595417 0.531499 0.608887 0.521388 0.597749
0 0.506099 0.662358 0.536298 0.669177 0.534106 0.678918 0.527774 0.689634 0.499280 0.683546 0.506099 0.662358
0 0.525155 0.708425 0.523959 0.699903 0.530239 0.691231 0.551768 0.691381 0.549974 0.706631 0.525155 0.708425
0 0.570828 0.639583 0.583004 0.622535 0.592990 0.627893 0.602731 0.636173 0.591285 0.652003 0.570828 0.639583
0 0.640131 0.542298 0.650847 0.533530 0.665459 0.547656 0.654743 0.557397 0.640131 0.542298
0 0.665813 0.568067 0.681651 0.551032 0.694683 0.557154 0.677636 0.577367 0.665813 0.568067
0 0.671768 0.422868 0.685797 0.422365 0.695802 0.426019 0.694021 0.438141 0.671953 0.436587 0.671768 0.422868
0 0.716735 0.542570 0.729145 0.544364 0.727052 0.555428 0.703130 0.553634 0.704475 0.533899 0.716735 0.535244 0.716735 0.542570
0 0.706120 0.520891 0.708944 0.520411 0.719731 0.517893 0.727799 0.515808 0.729593 0.521639 0.730341 0.528367 0.710456 0.533899 0.706120 0.520891
0 0.708944 0.520411 0.707721 0.516239 0.718365 0.513219 0.719731 0.517893 0.708944 0.520411
0 0.700761 0.538816 0.685742 0.535301 0.688151 0.525331 0.702870 0.528624 0.702636 0.534598 0.700761 0.538816
0 0.674226 0.535966 0.702167 0.543619 0.699239 0.556270 0.684244 0.551936 0.684577 0.548742 0.667726 0.545493 0.669132 0.542096 0.672765 0.542785 0.674226 0.535966
0 0.768313 0.506080 0.787301 0.508920 0.784908 0.523188 0.765558 0.519269 0.768313 0.506080
0 0.761884 0.519386 0.765323 0.519386 0.784908 0.523423 0.783264 0.550484 0.759727 0.548242 0.760926 0.533330 0.761884 0.519386
0 0.759492 0.548242 0.747830 0.545999 0.749026 0.532244 0.760809 0.533330 0.759492 0.548242
0 0.751603 0.530597 0.752251 0.521392 0.760593 0.521895 0.759658 0.531604 0.751603 0.530597
0 0.787272 0.535408 0.793103 0.535857 0.793430 0.534057 0.800656 0.534611 0.800728 0.530474 0.807755 0.530773 0.807605 0.550060 0.787721 0.550210 0.787272 0.535408
0 0.787639 0.511543 0.807202 0.513300 0.806733 0.527475 0.798885 0.528998 0.798299 0.533332 0.789513 0.533332 0.789747 0.526069 0.785882 0.526421 0.787639 0.511543
0 0.753232 0.551716 0.769080 0.552314 0.768332 0.567265 0.753381 0.567115 0.753232 0.551716
0 0.757717 0.587299 0.774313 0.579973 0.774761 0.576834 0.765940 0.570405 0.773715 0.564125 0.785825 0.571302 0.791806 0.571003 0.793151 0.582814 0.787769 0.583263 0.785526 0.587598 0.762053 0.598064 0.757717 0.587299
0 0.784401 0.610112 0.800811 0.604387 0.809970 0.600953 0.826381 0.627476 0.818773 0.630103 0.811335 0.632977 0.800430 0.637399 0.784401 0.610112
0 0.804375 0.643917 0.824789 0.634671 0.827974 0.642609 0.807711 0.651467 0.804375 0.643917
0 0.809203 0.706742 0.847439 0.699193 0.850605 0.719163 0.830391 0.723303 0.829904 0.717945 0.812369 0.722085 0.809203 0.706742
0 0.767383 0.716825 0.800747 0.715851 0.802452 0.748485 0.770549 0.750433 0.767383 0.716825
0 0.774202 0.690523 0.782698 0.688904 0.799043 0.685896 0.801478 0.698559 0.775907 0.703674 0.775003 0.699044 0.774202 0.690523
0 0.753447 0.706641 0.750039 0.716387 0.742785 0.729245 0.731339 0.720721 0.742542 0.699777 0.753447 0.706641
0 0.739470 0.671479 0.747843 0.667891 0.751132 0.675068 0.761448 0.674470 0.759660 0.688293 0.743629 0.689986 0.744703 0.684786 0.739470 0.671479
0 0.735583 0.663256 0.743208 0.683291 0.728406 0.687178 0.726164 0.682842 0.718987 0.685234 0.717193 0.680899 0.708521 0.684935 0.705382 0.674619 0.716744 0.669835 0.722575 0.667443 0.735583 0.663256
0 0.705382 0.673928 0.701494 0.674470 0.699401 0.668190 0.705232 0.643820 0.713572 0.646750 0.717791 0.648305 0.711661 0.663854 0.716514 0.669143 0.705382 0.673928
0 0.715853 0.643979 0.716285 0.640095 0.733847 0.636420 0.737136 0.644195 0.721288 0.654810 0.718214 0.648475 0.715853 0.643979
0 0.721287 0.655062 0.731178 0.648873 0.740265 0.647312 0.743018 0.653921 0.732096 0.657959 0.732830 0.663100 0.727231 0.664201 0.721287 0.655062
0 0.759722 0.639625 0.771776 0.626432 0.786627 0.644014 0.773270 0.652219 0.759722 0.639625
0 0.764110 0.653745 0.783837 0.651867 0.786054 0.661760 0.785100 0.676071 0.766019 0.677788 0.767456 0.665847 0.764110 0.653745
0 0.760954 0.684795 0.782334 0.681955 0.782698 0.688904 0.774202 0.690523 0.775003 0.699044 0.760655 0.701391 0.760954 0.684795
0 0.797728 0.799824 0.853498 0.779123 0.859343 0.791300 0.800163 0.814680 0.797092 0.808114 0.797728 0.799824
0 0.831385 0.806469 0.856664 0.797388 0.862022 0.803720 0.861778 0.813705 0.863652 0.823418 0.842267 0.829890 0.837734 0.821736 0.833513 0.815312 0.831385 0.806469
0 0.771322 0.868578 0.784909 0.865756 0.793647 0.862202 0.800708 0.887772 0.772848 0.895786 0.771322 0.868578
0 0.771322 0.868117 0.773993 0.847318 0.785251 0.845601 0.784679 0.865064 0.771322 0.868117
0 0.798227 0.820222 0.814154 0.813543 0.819217 0.818696 0.820773 0.823971 0.801331 0.832066 0.798227 0.820222
0 0.726898 0.806618 0.735675 0.797649 0.771549 0.823791 0.767733 0.839629 0.726898 0.806618
0 0.696106 0.799367 0.706862 0.789444 0.717929 0.780857 0.732431 0.793451 0.711441 0.814823 0.696106 0.799367
0 0.668051 0.676711 0.682362 0.688351 0.672058 0.701708 0.668242 0.696556 0.655648 0.689687 0.657938 0.687397 0.655266 0.684916 0.660037 0.679955 0.664235 0.682626 0.668051 0.676711
0 0.733074 0.908195 0.749147 0.897967 0.764734 0.922564 0.749391 0.931575 0.733074 0.908195
0 0.759376 0.937663 0.768387 0.929383 0.771066 0.931088 0.780564 0.922321 0.797855 0.942778 0.785678 0.944726 0.782756 0.940830 0.766439 0.947649 0.759376 0.937663
0 0.770363 0.947453 0.786391 0.946880 0.802635 0.946755 0.801943 0.964733 0.789497 0.964272 0.787043 0.964800 0.770283 0.964530 0.770363 0.947453
0 0.762432 0.944287 0.751484 0.957178 0.744030 0.951651 0.757196 0.938293 0.762432 0.944287
0 0.769406 0.999005 0.769761 0.985879 0.800864 0.987024 0.800512 0.999005 0.769406 0.999005
0 0.758923 0.999006 0.759456 0.985498 0.768793 0.986121 0.768663 0.999006 0.758923 0.999006
0 0.806565 0.999005 0.809260 0.983017 0.829677 0.988169 0.826007 0.999004 0.806565 0.999005
0 0.827391 0.999004 0.831662 0.988754 0.840916 0.992620 0.836761 0.999004 0.827391 0.999004
0 0.865567 0.991627 0.878574 0.982208 0.893824 0.997309 0.891848 0.999003 0.871889 0.999004 0.865567 0.991627
0 0.857859 0.954395 0.863775 0.946953 0.870175 0.938686 0.895128 0.954368 0.890171 0.961365 0.883747 0.956452 0.875897 0.967340 0.857859 0.954395
0 0.727486 0.999006 0.727547 0.997056 0.724059 0.997239 0.724242 0.990355 0.736542 0.990355 0.736450 0.993935 0.739938 0.993935 0.739478 0.999006 0.727486 0.999006
0 0.535047 0.999008 0.557170 0.989223 0.563020 0.999008 0.535047 0.999008
0 0.565183 0.999008 0.556936 0.986528 0.581302 0.972119 0.590557 0.985708 0.570172 0.999008 0.565183 0.999008
