0 0.019185 0.400665 0.039887 0.375440 0.067762 0.394617 0.050204 0.420759 0.019185 0.400665
3 0.063580 0.516433 0.073726 0.516997 0.073726 0.528130 0.061889 0.527566 0.063580 0.516433
4 0.090466 0.417056 0.104008 0.409022 0.117092 0.415679 0.118929 0.430140 0.105615 0.438403 0.090466 0.417056
3 0.003696 0.491477 0.010123 0.478623 0.019764 0.485739 0.011042 0.497216 0.003696 0.491477
3 0.022289 0.482525 0.043407 0.484591 0.047309 0.491018 0.041341 0.500200 0.020682 0.496527 0.022289 0.482525
3 0.714541 0.301065 0.723264 0.287981 0.757465 0.317133 0.756547 0.319887 0.758842 0.322871 0.752186 0.329528 0.746906 0.331364 0.714541 0.301065
1 0.651905 0.255655 0.652021 0.255586 0.652510 0.258521 0.664028 0.268759 0.665166 0.270410 0.636829 0.284948 0.641650 0.303082 0.625123 0.305148 0.622598 0.295507 0.619843 0.295507 0.620532 0.299869 0.607219 0.300328 0.599427 0.268726 0.626154 0.263069 0.625959 0.260923 0.634933 0.258972 0.635713 0.253119 0.648004 0.252924 0.651905 0.255655
0 0.680971 0.254817 0.682808 0.259408 0.689235 0.252751 0.705303 0.266983 0.700482 0.278230 0.687169 0.291544 0.665645 0.270244 0.664396 0.268433 0.652963 0.258270 0.652471 0.255303 0.663985 0.248161 0.680971 0.254817
2 0.609040 0.239409 0.645326 0.231215 0.658787 0.230045 0.659958 0.247212 0.649618 0.248578 0.633426 0.252480 0.630305 0.251504 0.601627 0.255796 0.602017 0.263209 0.589922 0.266136 0.588946 0.258527 0.586801 0.258722 0.583679 0.246627 0.580948 0.247212 0.578802 0.239799 0.582314 0.238043 0.582704 0.233166 0.597140 0.230630 0.602212 0.233946 0.606699 0.232971 0.609040 0.239409
3 0.544896 0.251632 0.560046 0.217201 0.575655 0.225924 0.578802 0.239799 0.569228 0.239007 0.568998 0.233498 0.565785 0.233269 0.554767 0.257371 0.544896 0.251632
0 0.527134 0.222601 0.527134 0.207746 0.546039 0.209907 0.545769 0.223951 0.527134 0.222601
0 0.771186 0.176015 0.779018 0.155759 0.816559 0.170883 0.811158 0.185197 0.784960 0.174664 0.781449 0.179796 0.771186 0.176015
3 0.770896 0.150862 0.764144 0.168687 0.759013 0.169767 0.755502 0.178680 0.744158 0.174358 0.749830 0.164365 0.752261 0.164365 0.759553 0.148161 0.770896 0.150862
2 0.708793 0.163327 0.709022 0.158277 0.694102 0.146111 0.681707 0.155063 0.675050 0.147488 0.688823 0.138536 0.700300 0.129814 0.711547 0.140373 0.716138 0.135782 0.720040 0.139684 0.718663 0.146111 0.736108 0.160343 0.720959 0.174804 0.708793 0.163327
2 0.694024 0.167216 0.703477 0.159923 0.714010 0.169916 0.704827 0.178559 0.694024 0.167216
0 0.820524 0.171289 0.834783 0.175932 0.828980 0.188367 0.815053 0.182564 0.820524 0.171289
4 0.000008 0.201536 0.005226 0.203725 0.000008 0.213968 0.000008 0.201536
4 0.000008 0.179519 0.004034 0.180318 0.000008 0.189590 0.000008 0.179519
