0 0.236862 0.136841 0.199943 0.118464 0.200764 0.115282 0.226333 0.078683 0.260927 0.101745 0.236862 0.136841
0 0.160153 0.079184 0.171183 0.050105 0.216306 0.072666 0.194747 0.102748 0.172378 0.136804 0.143608 0.120296 0.132578 0.116285 0.140099 0.103751 0.159652 0.081189 0.160153 0.079184
0 0.836964 0.334840 0.841286 0.280237 0.871141 0.283379 0.865248 0.341126 0.836572 0.337590 0.839321 0.337197 0.836964 0.334840
0 0.897068 0.361553 0.898246 0.364303 0.894711 0.358410 0.908460 0.350946 0.924566 0.385123 0.912781 0.392194 0.897068 0.361553
0 0.365459 0.976554 0.365151 0.962395 0.373154 0.959933 0.382387 0.967628 0.387620 0.968243 0.406510 0.999007 0.378683 0.999007 0.371922 0.989173 0.365459 0.976554
0 0.413096 0.906621 0.411709 0.913389 0.411547 0.913385 0.410316 0.916463 0.391797 0.915771 0.390542 0.905382 0.411855 0.905382 0.413096 0.906621
0 0.420473 0.913693 0.412197 0.913408 0.413545 0.906885 0.418934 0.905382 0.420473 0.913693
0 0.391299 0.915752 0.369071 0.914924 0.368764 0.914001 0.366301 0.905382 0.390047 0.905382 0.391299 0.915752
0 0.000006 0.023354 0.040104 0.028907 0.034947 0.059849 0.000006 0.051916 0.000006 0.023354
0 0.044865 0.062626 0.054782 0.073337 0.038121 0.087618 0.029665 0.078255 0.044865 0.062626
0 0.690978 0.999007 0.679344 0.991074 0.683707 0.976793 0.670616 0.976000 0.674980 0.933157 0.708302 0.939107 0.704336 0.963702 0.713856 0.981554 0.706716 0.994248 0.700765 0.991471 0.693405 0.999007 0.690978 0.999007
0 0.875924 0.377045 0.877872 0.380454 0.882012 0.393605 0.866182 0.398963 0.862042 0.381915 0.875924 0.377045
0 0.826973 0.347333 0.838419 0.379480 0.825268 0.384351 0.812117 0.350986 0.826973 0.347333
0 0.862125 0.347287 0.862360 0.345881 0.862477 0.342835 0.865991 0.342484 0.868217 0.331589 0.874191 0.331706 0.875597 0.367670 0.845491 0.369193 0.843616 0.347990 0.862125 0.347287
0 0.837343 0.283705 0.835966 0.312709 0.825503 0.311149 0.827063 0.282511 0.837343 0.283705
0 0.824999 0.281977 0.823851 0.301492 0.814491 0.301801 0.814315 0.290233 0.814712 0.281536 0.824999 0.281977
0 0.023510 0.082987 0.028369 0.080414 0.030513 0.083272 0.025797 0.086131 0.023510 0.082987
