0 0.478742 0.367988 0.484342 0.368328 0.484259 0.355341 0.498082 0.354670 0.499093 0.347188 0.518226 0.348067 0.517837 0.358570 0.512506 0.358304 0.512062 0.369499 0.519525 0.369854 0.519782 0.378696 0.514427 0.379275 0.513124 0.392301 0.492138 0.392590 0.491924 0.390612 0.490546 0.390564 0.490112 0.392735 0.483310 0.391288 0.483122 0.384719 0.478425 0.384074 0.478742 0.367988
0 0.552059 0.370021 0.568319 0.383260 0.560286 0.393579 0.543351 0.379351 0.552059 0.370021
3 0.543858 0.406272 0.551311 0.408535 0.554965 0.409826 0.549722 0.428396 0.537550 0.422709 0.542964 0.408417 0.543858 0.406272
3 0.556606 0.407385 0.572200 0.412119 0.570738 0.420682 0.554239 0.415600 0.556606 0.407385
3 0.579908 0.408125 0.592836 0.408919 0.590568 0.426269 0.585011 0.431826 0.577640 0.430238 0.579908 0.408125
3 0.594464 0.395600 0.595021 0.400473 0.591540 0.403885 0.576781 0.399290 0.579148 0.390309 0.594464 0.395600
3 0.560759 0.361153 0.565408 0.351174 0.604871 0.369998 0.597841 0.383379 0.558718 0.365576 0.560759 0.361153
0 0.577402 0.331586 0.587620 0.313372 0.598460 0.320213 0.588597 0.338605 0.577402 0.331586
0 0.508332 0.307235 0.517639 0.295900 0.524843 0.301811 0.515238 0.313263 0.508332 0.307235
0 0.518928 0.326051 0.526019 0.322867 0.529782 0.331985 0.522256 0.335169 0.518928 0.326051
3 0.551311 0.408535 0.551311 0.408654 0.543858 0.406272 0.542964 0.408417 0.540892 0.407529 0.542254 0.404628 0.538406 0.402379 0.540833 0.397169 0.553379 0.403227 0.551311 0.408535
