0 0.999010 0.214119 0.900826 0.248608 0.888132 0.214492 0.908363 0.206558 0.900032 0.185533 0.909507 0.181754 0.922644 0.175219 0.928991 0.183947 0.994843 0.158625 0.999010 0.161830 0.999010 0.214119
0 0.847910 0.240932 0.852537 0.238497 0.849127 0.230217 0.872020 0.222667 0.874699 0.230026 0.879083 0.228025 0.890114 0.250463 0.859336 0.265254 0.847910 0.240932
0 0.796860 0.188035 0.781030 0.198020 0.772705 0.183203 0.788096 0.172744 0.796860 0.188035
0 0.788096 0.172744 0.772705 0.183203 0.766662 0.172449 0.782492 0.162951 0.788096 0.172744
0 0.739224 0.124415 0.766257 0.122954 0.768692 0.141463 0.739224 0.143654 0.739224 0.124415
4 0.731667 0.000006 0.710741 0.006718 0.692847 0.010023 0.686124 0.000007 0.731667 0.000006
0 0.746610 0.020011 0.780462 0.012217 0.781679 0.023907 0.747097 0.032431 0.746610 0.020011
0 0.893294 0.175147 0.906900 0.171259 0.909507 0.181754 0.900032 0.185533 0.896434 0.186958 0.893294 0.175147
0 0.717727 0.266413 0.743785 0.265682 0.742811 0.287113 0.716266 0.287113 0.717727 0.266413
0 0.635318 0.248358 0.637023 0.233989 0.658454 0.237886 0.656262 0.254690 0.641650 0.252498 0.642380 0.249819 0.635318 0.248358
0 0.675291 0.357591 0.688267 0.357019 0.688839 0.365415 0.675864 0.365796 0.675291 0.357591
0 0.703151 0.329732 0.716317 0.323626 0.722614 0.335838 0.710211 0.343280 0.703151 0.329732
0 0.611289 0.371162 0.602586 0.376276 0.594479 0.362031 0.601270 0.357480 0.611289 0.371162
0 0.627186 0.342988 0.614416 0.351088 0.623385 0.364063 0.611289 0.371162 0.601270 0.357480 0.598006 0.351278 0.623154 0.337617 0.627186 0.342988
0 0.657363 0.344658 0.633880 0.357194 0.627186 0.342988 0.623154 0.337617 0.644570 0.325986 0.657363 0.344658
0 0.664766 0.326211 0.669563 0.338303 0.657363 0.344658 0.644570 0.325986 0.653418 0.321182 0.664766 0.326211
0 0.681584 0.314451 0.677768 0.329144 0.664792 0.325709 0.664766 0.326211 0.653418 0.321182 0.655442 0.309489 0.681584 0.314451
0 0.489493 0.496456 0.523574 0.502532 0.520706 0.521538 0.513691 0.520258 0.510121 0.542076 0.481559 0.538506 0.489493 0.496456
0 0.138938 0.204916 0.144519 0.205093 0.144276 0.197973 0.155536 0.198431 0.155220 0.204208 0.161709 0.203433 0.162056 0.206159 0.182534 0.205298 0.184088 0.232961 0.139178 0.235998 0.138938 0.204916
0 0.000010 0.186704 0.009489 0.189358 0.037152 0.180344 0.039950 0.197750 0.000010 0.204518 0.000010 0.186704
0 0.075820 0.232134 0.084541 0.231051 0.084619 0.235615 0.077929 0.236419 0.078303 0.243529 0.087119 0.244141 0.088978 0.262764 0.060083 0.263712 0.059760 0.254993 0.048260 0.255615 0.046167 0.222207 0.068153 0.220803 0.075576 0.220469 0.075820 0.232134
0 0.091016 0.243815 0.087113 0.244114 0.087119 0.244141 0.078303 0.243529 0.077929 0.236419 0.084619 0.235615 0.090555 0.235872 0.091016 0.243815
0 0.089551 0.230791 0.084541 0.231051 0.075820 0.232134 0.075576 0.220469 0.088978 0.219870 0.089551 0.230791
0 0.147589 0.396272 0.165367 0.368753 0.179492 0.377276 0.161714 0.404796 0.147589 0.396272
0 0.641905 0.865002 0.654027 0.857853 0.672055 0.891111 0.661176 0.898882 0.641905 0.865002
0 0.717272 0.897721 0.743223 0.895432 0.744368 0.905736 0.717272 0.907453 0.717272 0.897721
0 0.578777 0.846853 0.598622 0.841128 0.603011 0.856394 0.610834 0.853722 0.615414 0.868225 0.587364 0.878147 0.578777 0.846853
0 0.577250 0.845842 0.580765 0.876651 0.544449 0.880283 0.542384 0.861165 0.546037 0.860678 0.544819 0.849962 0.577250 0.845842
0 0.503553 0.927797 0.518437 0.919974 0.534275 0.954321 0.516910 0.964434 0.507560 0.942490 0.509278 0.941154 0.503553 0.927797
0 0.524291 0.909941 0.537457 0.909178 0.538411 0.919291 0.549669 0.917956 0.551005 0.930931 0.526008 0.932458 0.524291 0.909941
0 0.540996 0.958625 0.565993 0.952710 0.569618 0.961296 0.544621 0.968547 0.540996 0.958625
0 0.596894 0.985593 0.605481 0.977961 0.614068 0.987883 0.604717 0.995707 0.596894 0.985593
0 0.570788 0.980705 0.566018 0.974218 0.579769 0.962927 0.597693 0.982614 0.579566 0.996162 0.567544 0.983377 0.570788 0.980705
