0 0.469667 0.602106 0.470256 0.621297 0.458052 0.622055 0.457547 0.614311 0.456284 0.614143 0.456200 0.608335 0.462849 0.607830 0.462429 0.603032 0.469667 0.602106
0 0.625186 0.548914 0.617131 0.565952 0.605050 0.562837 0.599576 0.569636 0.582821 0.562244 0.601952 0.540085 0.625186 0.548914
0 0.499093 0.573300 0.516286 0.580890 0.508851 0.596688 0.491349 0.588789 0.499093 0.573300
0 0.442093 0.590803 0.457118 0.569273 0.477254 0.578411 0.467341 0.594830 0.463159 0.592816 0.460525 0.598237 0.442093 0.590803
0 0.659322 0.500937 0.663547 0.493858 0.671083 0.498197 0.666630 0.505390 0.659322 0.500937
0 0.670773 0.518468 0.710426 0.492601 0.721578 0.504218 0.732730 0.497403 0.745586 0.514906 0.724676 0.525283 0.719409 0.518778 0.716311 0.520791 0.712904 0.517384 0.704849 0.520791 0.706244 0.523270 0.684559 0.535816 0.670773 0.518468
0 0.827050 0.525664 0.821684 0.516187 0.835728 0.510021 0.840295 0.519384 0.827050 0.525664
0 0.696480 0.598733 0.696252 0.583776 0.720249 0.583350 0.722628 0.596907 0.696480 0.598733
0 0.737379 0.581909 0.720319 0.582445 0.717863 0.578037 0.712132 0.578966 0.710274 0.569982 0.707176 0.570757 0.705937 0.565181 0.699276 0.565955 0.696798 0.553874 0.729635 0.546749 0.737379 0.581909
0 0.835884 0.531480 0.858606 0.518121 0.864087 0.523145 0.866942 0.528854 0.858492 0.533764 0.860890 0.538217 0.855409 0.541186 0.856779 0.543013 0.844905 0.548037 0.835884 0.531480
0 0.989583 0.635532 0.994721 0.651061 0.984445 0.655172 0.977822 0.640214 0.989583 0.635532
0 0.976681 0.629024 0.987528 0.625142 0.991753 0.631993 0.982047 0.637017 0.976681 0.629024
0 0.972558 0.741672 0.977810 0.734479 0.980322 0.727399 0.996308 0.739388 0.996079 0.745782 0.990370 0.752062 0.972558 0.741672
0 0.951244 0.684812 0.957725 0.678667 0.965721 0.687169 0.958651 0.692724 0.951244 0.684812
0 0.975469 0.721094 0.973823 0.726356 0.964346 0.733435 0.962062 0.731722 0.955326 0.723044 0.969404 0.714307 0.975469 0.721094
0 0.982324 0.715869 0.975771 0.720703 0.969834 0.714053 0.970055 0.713910 0.969027 0.712197 0.975650 0.708543 0.976455 0.707842 0.982324 0.715869
0 0.989466 0.710599 0.982715 0.715576 0.976826 0.707520 0.983300 0.701921 0.989466 0.710599
0 0.800462 0.560768 0.807587 0.544350 0.811769 0.545589 0.826019 0.538464 0.830201 0.547602 0.815022 0.555966 0.809291 0.565415 0.800462 0.560768
0 0.628070 0.509845 0.641923 0.506705 0.647280 0.511508 0.648758 0.521482 0.628809 0.524623 0.626407 0.521667 0.628070 0.509845
