0 0.169120 0.737802 0.169120 0.740068 0.157285 0.756938 0.144696 0.749133 0.143770 0.748604 0.151819 0.741001 0.152441 0.733584 0.152753 0.733773 0.156026 0.729745 0.169120 0.737802
0 0.151973 0.733301 0.151348 0.740774 0.143320 0.748350 0.139408 0.746111 0.132610 0.742083 0.143185 0.727982 0.151973 0.733301
3 0.245564 0.762039 0.260558 0.762039 0.261150 0.767957 0.246156 0.768746 0.245564 0.762039
3 0.254116 0.639066 0.262994 0.645379 0.254906 0.654257 0.246817 0.646958 0.254116 0.639066
0 0.191018 0.653411 0.203250 0.657752 0.196542 0.667813 0.185888 0.662092 0.191018 0.653411
0 0.211582 0.602632 0.208800 0.614689 0.190250 0.611443 0.190096 0.607733 0.191487 0.601241 0.180048 0.596758 0.186386 0.578209 0.194733 0.576199 0.211273 0.581300 0.206017 0.597840 0.212046 0.598922 0.211582 0.602632
0 0.243904 0.567463 0.233250 0.590940 0.216678 0.581865 0.229107 0.561347 0.243904 0.567463
0 0.301483 0.482260 0.294684 0.492835 0.286375 0.488051 0.293426 0.477476 0.300979 0.481252 0.301483 0.482260
3 0.555145 0.414691 0.551117 0.425266 0.541045 0.422497 0.545074 0.410914 0.555145 0.414691
0 0.811042 0.534480 0.810647 0.540398 0.813409 0.540398 0.812225 0.567623 0.793878 0.566440 0.790721 0.563875 0.790918 0.554603 0.786184 0.554011 0.787565 0.532901 0.811042 0.534480
0 0.803546 0.570822 0.799670 0.586082 0.792040 0.583660 0.796279 0.569247 0.803546 0.570822
0 0.822138 0.599309 0.834040 0.600855 0.832958 0.613067 0.820437 0.611830 0.822138 0.599309
0 0.873985 0.529903 0.879395 0.526966 0.887433 0.531449 0.896708 0.541033 0.869502 0.573803 0.852807 0.560355 0.850489 0.556645 0.873985 0.529903
0 0.986249 0.485124 0.978366 0.494862 0.973574 0.492698 0.963990 0.497181 0.953015 0.489297 0.966000 0.471366 0.976356 0.474303 0.985940 0.483114 0.986249 0.485124
0 0.977593 0.499345 0.988413 0.503828 0.984085 0.511711 0.973574 0.505682 0.977593 0.499345
0 0.957495 0.519439 0.949209 0.530684 0.937569 0.526344 0.930664 0.535813 0.933032 0.537983 0.931256 0.548834 0.922970 0.550610 0.916657 0.555936 0.907582 0.551004 0.914684 0.540745 0.908963 0.534038 0.929875 0.504642 0.957495 0.519439
0 0.937175 0.542916 0.944869 0.546861 0.937372 0.559488 0.929678 0.555345 0.937175 0.542916
0 0.895053 0.422180 0.903110 0.426964 0.905376 0.433763 0.895053 0.439302 0.888003 0.429230 0.895053 0.422180
4 0.999010 0.707697 0.996425 0.710126 0.979052 0.695522 0.995418 0.673868 0.999010 0.672612 0.999010 0.707697
0 0.217105 0.681346 0.215868 0.688147 0.204430 0.686910 0.206594 0.677481 0.216796 0.678409 0.217105 0.681346
0 0.282441 0.548860 0.278412 0.555658 0.273628 0.552889 0.277405 0.546090 0.282441 0.548860
