0 0.181981 0.460337 0.197131 0.460865 0.195722 0.475663 0.180043 0.474430 0.181981 0.460337
0 0.256642 0.398546 0.275304 0.396747 0.276429 0.409788 0.289245 0.409113 0.289694 0.426876 0.270358 0.427101 0.269683 0.419681 0.257092 0.419006 0.256642 0.398546
0 0.270808 0.431822 0.289469 0.432947 0.290369 0.445763 0.272606 0.444863 0.270808 0.431822
0 0.283435 0.364015 0.309549 0.366310 0.309898 0.381263 0.282861 0.380372 0.283435 0.364015
0 0.325116 0.406050 0.351516 0.405189 0.353812 0.433598 0.327698 0.433885 0.325116 0.406050
0 0.358253 0.409941 0.375183 0.409941 0.375470 0.424289 0.360835 0.424002 0.358253 0.409941
0 0.411914 0.442942 0.444915 0.439785 0.446190 0.454820 0.433215 0.456614 0.433629 0.466966 0.425899 0.467795 0.423138 0.456752 0.412510 0.456614 0.411914 0.442942
0 0.415258 0.495225 0.432571 0.490279 0.434595 0.498823 0.442014 0.496799 0.444263 0.514337 0.422903 0.516361 0.415258 0.495225
0 0.446416 0.503855 0.455401 0.497689 0.465266 0.509140 0.456458 0.515835 0.446416 0.503855
0 0.448002 0.525172 0.468261 0.511783 0.485702 0.527109 0.468613 0.544198 0.461038 0.540851 0.448002 0.525172
0 0.436641 0.530674 0.444921 0.525037 0.448444 0.530850 0.440869 0.536312 0.436641 0.530674
1 0.171025 0.532822 0.181948 0.527185 0.179657 0.520843 0.197627 0.513620 0.213834 0.562947 0.197627 0.569466 0.186352 0.547268 0.175605 0.550439 0.171025 0.532822
0 0.261703 0.999006 0.310363 0.962248 0.329390 0.943574 0.344012 0.947978 0.350882 0.959077 0.328509 0.979865 0.320229 0.972642 0.277617 0.999006 0.261703 0.999006
0 0.349358 0.922214 0.386232 0.906925 0.389155 0.914570 0.399948 0.910747 0.413663 0.941551 0.403095 0.946722 0.399048 0.943349 0.365097 0.956840 0.349358 0.922214
0 0.389830 0.891636 0.406693 0.886015 0.410290 0.898156 0.394776 0.903328 0.389830 0.891636
0 0.412539 0.882642 0.437046 0.877921 0.441768 0.903777 0.450537 0.900630 0.453685 0.910972 0.422207 0.919291 0.419509 0.904227 0.416136 0.902878 0.412539 0.882642
0 0.443792 0.875223 0.473471 0.865554 0.483364 0.891186 0.475494 0.894784 0.477968 0.901754 0.455689 0.909404 0.452111 0.897707 0.448513 0.896582 0.443792 0.875223
0 0.518720 0.800339 0.534684 0.797191 0.540080 0.821474 0.524566 0.824621 0.518720 0.800339
0 0.543902 0.788647 0.596740 0.770435 0.606408 0.798990 0.578753 0.805735 0.572007 0.799214 0.547724 0.804835 0.543902 0.788647
0 0.573176 0.828777 0.594365 0.826162 0.597295 0.847695 0.589814 0.848788 0.590489 0.855084 0.551142 0.858456 0.550242 0.848563 0.545071 0.848114 0.544621 0.838446 0.555863 0.837321 0.556538 0.826979 0.571827 0.824730 0.573176 0.828777
0 0.605865 0.839957 0.597854 0.840236 0.596030 0.826191 0.603999 0.825471 0.605865 0.839957
0 0.732952 0.735952 0.746218 0.741123 0.738798 0.756412 0.726656 0.750342 0.732952 0.735952
0 0.579398 0.651802 0.585212 0.645988 0.567243 0.634714 0.581336 0.619035 0.595958 0.627667 0.598424 0.627314 0.616570 0.638942 0.595958 0.662196 0.579398 0.651802
4 0.679466 0.654827 0.676787 0.654583 0.674839 0.636805 0.696270 0.635344 0.697731 0.653122 0.679466 0.654827
0 0.358875 0.550851 0.367973 0.546449 0.374283 0.554637 0.382379 0.550328 0.396220 0.571612 0.388124 0.576835 0.384598 0.572526 0.375066 0.578924 0.358353 0.556857 0.361487 0.555029 0.358875 0.550851
0 0.302288 0.403438 0.302027 0.391425 0.327881 0.391555 0.328142 0.403568 0.302288 0.403438
0 0.458674 0.564686 0.464198 0.557260 0.475246 0.565592 0.468635 0.572565 0.458674 0.564686
