0 0.334758 0.369158 0.331903 0.361470 0.323117 0.353343 0.328388 0.351586 0.325533 0.346314 0.333660 0.342360 0.336516 0.347632 0.343325 0.344337 0.352770 0.351146 0.356065 0.361470 0.334758 0.369158
0 0.325681 0.581386 0.315869 0.555314 0.315028 0.549427 0.313346 0.544101 0.352314 0.528121 0.357641 0.536251 0.360724 0.544101 0.345866 0.550548 0.356519 0.571014 0.325681 0.581386
0 0.358093 0.849984 0.359166 0.836745 0.364175 0.836387 0.365249 0.831020 0.391010 0.831736 0.390295 0.841039 0.396735 0.843543 0.396019 0.852488 0.358093 0.849984
0 0.819092 0.999005 0.816842 0.991830 0.824259 0.990077 0.823719 0.986840 0.829922 0.985357 0.831406 0.989672 0.833833 0.986570 0.834642 0.985627 0.837474 0.985627 0.845161 0.983469 0.850230 0.999004 0.819092 0.999005
0 0.652271 0.864647 0.662727 0.862280 0.664897 0.872933 0.656414 0.875695 0.652271 0.864647
0 0.333068 0.819229 0.348654 0.801276 0.355164 0.808181 0.339381 0.824556 0.333068 0.819229
0 0.115917 0.540437 0.134556 0.534010 0.140661 0.550077 0.124272 0.555219 0.115917 0.540437
0 0.306482 0.496732 0.329298 0.485163 0.334440 0.494483 0.310981 0.506373 0.306482 0.496732
0 0.000008 0.358650 0.007231 0.353132 0.013347 0.359643 0.002891 0.366350 0.000008 0.362809 0.000008 0.358650
0 0.001313 0.392787 0.010782 0.385882 0.020647 0.398113 0.011177 0.403243 0.001313 0.392787
