0 0.814923 0.036551 0.836957 0.047968 0.815902 0.076297 0.797736 0.063823 0.814923 0.036551
0 0.857211 0.021623 0.863312 0.024471 0.857251 0.034248 0.851473 0.031742 0.857211 0.021623
0 0.775477 0.086491 0.790959 0.060517 0.803948 0.068111 0.788784 0.094296 0.775477 0.086491
4 0.879644 0.149044 0.889211 0.153546 0.884708 0.162550 0.876126 0.157626 0.879644 0.149044
4 0.879786 0.108947 0.885408 0.110380 0.884967 0.118427 0.879565 0.118097 0.879786 0.108947
0 0.751495 0.076698 0.758109 0.082320 0.742235 0.091910 0.745873 0.095768 0.741684 0.098303 0.746314 0.103815 0.749180 0.109878 0.721181 0.121342 0.720299 0.115059 0.715118 0.110870 0.706299 0.096099 0.716220 0.089375 0.721181 0.096760 0.735511 0.089595 0.734298 0.087060 0.751495 0.076698
0 0.757072 0.062921 0.764673 0.070262 0.763895 0.071126 0.766832 0.074149 0.764241 0.076826 0.761477 0.073803 0.757331 0.077863 0.749903 0.069226 0.757072 0.062921
0 0.685892 0.100769 0.701954 0.092356 0.705533 0.100457 0.690321 0.108394 0.685892 0.100769
0 0.692074 0.108527 0.704482 0.101474 0.709466 0.106141 0.712276 0.110966 0.699392 0.119556 0.695892 0.114253 0.692074 0.108527
0 0.699392 0.119556 0.712276 0.110966 0.716571 0.115632 0.718639 0.120775 0.706497 0.127986 0.703899 0.122684 0.699392 0.119556
0 0.660943 0.101976 0.670533 0.095472 0.677367 0.105172 0.666785 0.111456 0.660943 0.101976
0 0.677698 0.116967 0.692074 0.108527 0.699392 0.119556 0.703899 0.122684 0.706497 0.127986 0.697099 0.132290 0.692139 0.125565 0.684643 0.128211 0.677698 0.116967
0 0.468164 0.076531 0.481089 0.078832 0.480345 0.087765 0.467081 0.085735 0.468164 0.076531
0 0.483796 0.078629 0.515738 0.086276 0.513437 0.094735 0.482172 0.087156 0.483796 0.078629
0 0.416743 0.111880 0.433485 0.112443 0.430390 0.127215 0.413507 0.126230 0.416743 0.111880
0 0.433627 0.117159 0.476507 0.121348 0.473752 0.131710 0.432084 0.126529 0.433627 0.117159
0 0.446911 0.138358 0.467387 0.146260 0.467167 0.157173 0.459781 0.166102 0.450963 0.161803 0.449640 0.164338 0.437741 0.157265 0.445462 0.145953 0.446911 0.138358
0 0.550676 0.190325 0.567277 0.183995 0.573045 0.190044 0.573608 0.197782 0.562634 0.201862 0.567277 0.208615 0.558836 0.211991 0.554896 0.202425 0.554193 0.196516 0.550676 0.190325
0 0.576357 0.168375 0.584658 0.165702 0.590567 0.175269 0.583251 0.178645 0.576357 0.168375
0 0.590575 0.336004 0.604401 0.329360 0.609249 0.340672 0.612841 0.339954 0.621998 0.365451 0.605479 0.370479 0.596142 0.346598 0.590575 0.336004
0 0.522921 0.695735 0.534866 0.702454 0.524788 0.718132 0.518068 0.735304 0.506870 0.730078 0.512842 0.715146 0.512096 0.711787 0.522921 0.695735
0 0.528309 0.179409 0.543188 0.178286 0.542767 0.183058 0.538135 0.188111 0.529432 0.188111 0.528309 0.179409
0 0.783738 0.108134 0.793065 0.098029 0.807445 0.107746 0.798895 0.117656 0.783738 0.108134
0 0.705555 0.079629 0.719544 0.071020 0.725194 0.080705 0.711474 0.087700 0.705555 0.079629
0 0.743785 0.012518 0.749615 0.002996 0.759137 0.008049 0.752918 0.018737 0.743785 0.012518
0 0.842064 0.045339 0.847117 0.047304 0.843748 0.055867 0.837993 0.053761 0.842064 0.045339
