0 0.044771 0.057629 0.048658 0.059573 0.050602 0.054490 0.056283 0.057181 0.054190 0.061965 0.057479 0.063161 0.059423 0.058676 0.062862 0.060769 0.061666 0.065254 0.073327 0.071085 0.054340 0.103230 0.045369 0.099492 0.043126 0.103529 0.031165 0.097549 0.044771 0.057629
0 0.077364 0.087681 0.079237 0.082897 0.080803 0.073776 0.098146 0.081102 0.093362 0.094110 0.077364 0.087681
0 0.078859 0.070188 0.084092 0.061068 0.099342 0.068394 0.095007 0.078112 0.078859 0.070188
0 0.085690 0.060606 0.086970 0.054613 0.099057 0.057802 0.097430 0.065094 0.085690 0.060606
0 0.081716 0.052051 0.083919 0.043056 0.091354 0.045076 0.090895 0.049206 0.092547 0.049665 0.091629 0.054989 0.081716 0.052051
0 0.084905 0.143959 0.085204 0.156518 0.077579 0.156966 0.076682 0.129157 0.092530 0.128260 0.093277 0.143809 0.084905 0.143959
0 0.120762 0.163690 0.120463 0.155915 0.126593 0.155616 0.126593 0.159653 0.131227 0.159653 0.130928 0.155915 0.141484 0.155411 0.141517 0.181277 0.100484 0.182878 0.099382 0.166680 0.104764 0.166531 0.104465 0.160999 0.111193 0.160999 0.111492 0.165036 0.112838 0.164737 0.112539 0.159205 0.116874 0.159055 0.116874 0.163989 0.120762 0.163690
0 0.141484 0.155411 0.141912 0.141090 0.167727 0.140360 0.169188 0.153511 0.141484 0.155411
0 0.167727 0.140360 0.183557 0.138655 0.185262 0.151319 0.183693 0.151817 0.169188 0.153511 0.167727 0.140360
0 0.169188 0.153511 0.183693 0.151817 0.184141 0.157200 0.169340 0.158545 0.169188 0.153511
0 0.219960 0.131750 0.242820 0.132310 0.242576 0.148384 0.249786 0.147569 0.254198 0.146701 0.256739 0.167483 0.234761 0.172716 0.230724 0.151485 0.219661 0.150887 0.219960 0.131750
0 0.249786 0.147569 0.247351 0.127842 0.263181 0.125894 0.264642 0.145864 0.254198 0.146701 0.249786 0.147569
0 0.264642 0.145864 0.272678 0.144890 0.275357 0.160963 0.256739 0.167483 0.254198 0.146701 0.264642 0.145864
0 0.272678 0.144890 0.297519 0.139045 0.300929 0.152439 0.275357 0.160963 0.272678 0.144890
0 0.316064 0.116313 0.342220 0.108971 0.351761 0.120229 0.352906 0.131678 0.325101 0.140715 0.316988 0.129121 0.316064 0.116313
0 0.341266 0.106872 0.329346 0.109395 0.325159 0.089567 0.336687 0.082065 0.341266 0.106872
0 0.352150 0.142489 0.370944 0.140239 0.375900 0.159055 0.356625 0.160891 0.352150 0.142489
0 0.413509 0.123649 0.427390 0.120239 0.432504 0.144836 0.419841 0.148976 0.413509 0.123649
0 0.425723 0.150027 0.434994 0.146355 0.437197 0.153331 0.427926 0.156636 0.425723 0.150027
0 0.435060 0.120415 0.445252 0.116198 0.453686 0.135058 0.437989 0.140330 0.433654 0.129201 0.437286 0.127913 0.435060 0.120415
0 0.396236 0.090128 0.416463 0.083450 0.424627 0.081515 0.428919 0.097630 0.431728 0.097379 0.436498 0.111881 0.408639 0.120277 0.396236 0.090128
0 0.412455 0.073145 0.432491 0.067612 0.436308 0.078679 0.424627 0.081515 0.416463 0.083450 0.412455 0.073145
0 0.429709 0.083130 0.442126 0.078796 0.451381 0.107379 0.438846 0.111011 0.433223 0.096016 0.436386 0.093907 0.433106 0.092970 0.429709 0.083130
2 0.494314 0.081213 0.523618 0.073887 0.526758 0.090482 0.497304 0.096911 0.494314 0.081213
2 0.492709 0.067493 0.514264 0.059293 0.518832 0.071241 0.496106 0.077919 0.492709 0.067493
2 0.461239 0.093605 0.468266 0.091811 0.484563 0.087325 0.489198 0.086129 0.491740 0.098838 0.463333 0.105416 0.461239 0.093605
2 0.468266 0.091811 0.483815 0.072225 0.491141 0.076411 0.484563 0.087325 0.468266 0.091811
3 0.448499 0.210228 0.459263 0.211723 0.457320 0.223235 0.447003 0.221740 0.448499 0.210228
3 0.338309 0.211915 0.337561 0.201150 0.357596 0.199804 0.357895 0.211018 0.338309 0.211915
0 0.286262 0.191613 0.283421 0.182493 0.309137 0.176812 0.310183 0.187577 0.286262 0.191613
0 0.234357 0.177681 0.253644 0.175887 0.254541 0.187250 0.235332 0.189249 0.234357 0.177681
0 0.193068 0.170572 0.216380 0.169166 0.215794 0.177249 0.209234 0.187558 0.192482 0.185684 0.193068 0.170572
0 0.175197 0.174296 0.191189 0.173126 0.191189 0.185150 0.175218 0.185609 0.175197 0.174296
0 0.135463 0.183141 0.160581 0.182842 0.158936 0.194803 0.133071 0.193607 0.135463 0.183141
0 0.145736 0.176571 0.154257 0.176792 0.153684 0.182311 0.145383 0.181869 0.145736 0.176571
0 0.268812 0.229395 0.292435 0.225953 0.294362 0.236600 0.270406 0.239721 0.268812 0.229395
0 0.231291 0.219886 0.229796 0.209869 0.247886 0.207177 0.249830 0.217344 0.231291 0.219886
0 0.209462 0.218839 0.207518 0.203141 0.224563 0.200898 0.226058 0.215849 0.209462 0.218839
0 0.212264 0.222760 0.226322 0.222526 0.226790 0.238224 0.212264 0.238809 0.212264 0.222760
0 0.207376 0.248057 0.207675 0.240731 0.216197 0.241479 0.215748 0.248207 0.207376 0.248057
0 0.208123 0.251197 0.249687 0.246413 0.252528 0.263158 0.233989 0.265998 0.234886 0.283940 0.216795 0.284089 0.217094 0.281099 0.210366 0.280950 0.209917 0.272278 0.216346 0.272577 0.216795 0.265400 0.209020 0.263008 0.208123 0.251197
0 0.198985 0.214495 0.201228 0.249630 0.198088 0.258451 0.187024 0.258600 0.186725 0.263235 0.177007 0.262039 0.176260 0.237220 0.178502 0.237220 0.178951 0.228399 0.187622 0.225409 0.187473 0.215541 0.198985 0.214495
0 0.183423 0.200396 0.192444 0.202856 0.189866 0.213751 0.181081 0.212228 0.183423 0.200396
0 0.161269 0.214842 0.158565 0.214700 0.158917 0.206031 0.163368 0.206031 0.163720 0.204391 0.175551 0.205562 0.175551 0.213177 0.182346 0.213411 0.182431 0.224390 0.175786 0.224657 0.175510 0.235226 0.160525 0.235441 0.161269 0.214842
0 0.125950 0.239716 0.147137 0.240446 0.146894 0.251406 0.159314 0.251649 0.160525 0.235441 0.175510 0.235226 0.174414 0.266018 0.163211 0.265044 0.162480 0.274298 0.122053 0.271376 0.125463 0.256276 0.125950 0.239716
0 0.198802 0.267347 0.210251 0.270209 0.207580 0.285283 0.202428 0.283757 0.195177 0.282421 0.198802 0.267347
0 0.195177 0.282421 0.202428 0.283757 0.200329 0.293298 0.192505 0.291390 0.195177 0.282421
0 0.195940 0.294633 0.215594 0.299213 0.214831 0.302648 0.225135 0.304747 0.224181 0.313143 0.215403 0.312189 0.215022 0.316387 0.208534 0.315433 0.207389 0.320394 0.190597 0.316387 0.195940 0.294633
0 0.190373 0.318841 0.206969 0.322280 0.205473 0.330054 0.215341 0.331998 0.212800 0.344108 0.180954 0.338128 0.182748 0.328410 0.188429 0.329157 0.190373 0.318841
0 0.231606 0.325750 0.244273 0.324832 0.245007 0.332818 0.232249 0.333460 0.231606 0.325750
0 0.214516 0.362934 0.214366 0.344843 0.226925 0.344694 0.226776 0.348880 0.236644 0.349030 0.237092 0.363682 0.214516 0.362934
0 0.169640 0.305108 0.183379 0.308542 0.169258 0.356629 0.155901 0.353003 0.157809 0.345370 0.142162 0.341363 0.146742 0.328578 0.151512 0.329723 0.154565 0.317702 0.165442 0.319419 0.169640 0.305108
0 0.125752 0.321900 0.130140 0.303200 0.153611 0.307779 0.148268 0.326289 0.125752 0.321900
0 0.290599 0.349561 0.315440 0.351265 0.314465 0.367095 0.310325 0.367095 0.309351 0.376106 0.297661 0.375132 0.298636 0.368313 0.289381 0.367339 0.290599 0.349561
0 0.176007 0.347329 0.199319 0.353856 0.193413 0.375925 0.190926 0.375614 0.186575 0.393642 0.163574 0.387736 0.176007 0.347329
0 0.197454 0.374992 0.217968 0.377790 0.213927 0.397061 0.193413 0.395196 0.197454 0.374992
0 0.178106 0.394549 0.191272 0.400464 0.176579 0.443971 0.147193 0.430041 0.158452 0.414203 0.164176 0.417828 0.160741 0.424316 0.162840 0.425652 0.178106 0.394549
0 0.013431 0.229707 0.033166 0.227464 0.034888 0.238243 0.015248 0.243163 0.013431 0.229707
0 0.015248 0.243163 0.034888 0.238243 0.038322 0.248617 0.032147 0.250394 0.022728 0.253235 0.019050 0.254151 0.015248 0.243163
0 0.111865 0.217480 0.122181 0.214490 0.127713 0.237066 0.117696 0.240056 0.111865 0.217480
0 0.012858 0.227579 0.013049 0.215939 0.024498 0.215939 0.024879 0.227197 0.012858 0.227579
0 0.022728 0.253235 0.032147 0.250394 0.034689 0.259066 0.024821 0.262654 0.022728 0.253235
0 0.018047 0.256679 0.018496 0.264005 0.030457 0.264304 0.031204 0.273125 0.006386 0.275368 0.006236 0.256530 0.009068 0.256680 0.018047 0.256679
0 0.015248 0.243163 0.019050 0.254151 0.018047 0.256679 0.009068 0.256680 0.008833 0.242974 0.015248 0.243163
0 0.070474 0.237786 0.085276 0.237786 0.084528 0.256027 0.070325 0.255279 0.070474 0.237786
0 0.086921 0.243169 0.102320 0.244813 0.099928 0.266044 0.084977 0.263502 0.086921 0.243169
0 0.000008 0.294561 0.012769 0.289058 0.018327 0.303008 0.003163 0.308387 0.000008 0.301492 0.000008 0.294561
0 0.000008 0.315441 0.004456 0.315060 0.005219 0.308763 0.017049 0.308381 0.016477 0.320212 0.004646 0.321166 0.003883 0.332997 0.000008 0.333115 0.000008 0.315441
0 0.019816 0.279999 0.041760 0.276183 0.049584 0.287632 0.050156 0.295646 0.053018 0.318735 0.038325 0.321597 0.034318 0.311484 0.031265 0.311484 0.026304 0.296982 0.021152 0.298699 0.018862 0.286678 0.022106 0.285342 0.019816 0.279999
0 0.050156 0.295646 0.049584 0.287632 0.041760 0.276183 0.065231 0.275610 0.067330 0.293165 0.057520 0.294276 0.050156 0.295646
0 0.057520 0.294276 0.067330 0.293165 0.067443 0.304008 0.057138 0.303054 0.057520 0.294276
0 0.055490 0.320979 0.056063 0.338344 0.048430 0.336817 0.048430 0.332810 0.040607 0.324605 0.041752 0.320788 0.055490 0.320979
0 0.057748 0.319701 0.066175 0.319902 0.068512 0.319701 0.068662 0.328672 0.081917 0.328904 0.081520 0.348706 0.066419 0.348557 0.066419 0.335998 0.057897 0.335699 0.057748 0.319701
0 0.069228 0.288226 0.081822 0.288226 0.082013 0.309407 0.069228 0.308262 0.069228 0.288226
0 0.066175 0.309979 0.077433 0.309789 0.077433 0.314941 0.081059 0.314941 0.080868 0.319520 0.071136 0.319520 0.071136 0.315513 0.069228 0.315704 0.068512 0.319701 0.066175 0.319902 0.066175 0.309979
0 0.081822 0.288226 0.082078 0.276859 0.091428 0.276669 0.091428 0.279149 0.124058 0.279531 0.124439 0.283920 0.152490 0.283920 0.152299 0.301284 0.112109 0.301731 0.111655 0.292507 0.096007 0.293270 0.095860 0.347194 0.081520 0.348706 0.081917 0.328904 0.082013 0.309407 0.081822 0.288226
0 0.098810 0.324056 0.105969 0.324790 0.105327 0.333326 0.098443 0.333143 0.098810 0.324056
0 0.041435 0.330947 0.066032 0.357144 0.054586 0.371861 0.028093 0.351608 0.041435 0.330947
0 0.018055 0.346777 0.009532 0.341175 0.016107 0.330460 0.025361 0.336305 0.018055 0.346777
4 0.000008 0.380927 0.005149 0.383799 0.000008 0.400962 0.000008 0.380927
0 0.128906 0.338952 0.119636 0.337756 0.121431 0.324450 0.137727 0.326543 0.135036 0.348969 0.127710 0.347773 0.128906 0.338952
0 0.111222 0.377916 0.121688 0.380284 0.116621 0.398375 0.104939 0.396551 0.111222 0.377916
0 0.104939 0.396551 0.116621 0.398375 0.114678 0.405850 0.111429 0.404905 0.103392 0.402470 0.104939 0.396551
0 0.104939 0.396551 0.103392 0.402470 0.102077 0.413343 0.091582 0.411817 0.094826 0.394643 0.104939 0.396551
0 0.073454 0.405329 0.073454 0.387774 0.091200 0.388346 0.090628 0.405711 0.073454 0.405329
0 0.125628 0.416515 0.129365 0.401415 0.149549 0.405751 0.146110 0.421300 0.125628 0.416515
0 0.161989 0.391926 0.172675 0.397269 0.168096 0.407191 0.157791 0.403184 0.161989 0.391926
0 0.132794 0.396506 0.135823 0.385216 0.148398 0.387969 0.145736 0.399351 0.132794 0.396506
0 0.102077 0.413343 0.112646 0.415621 0.121613 0.417549 0.119171 0.426946 0.118564 0.429529 0.108275 0.426740 0.109446 0.421586 0.100814 0.419648 0.102077 0.413343
0 0.112646 0.415621 0.102077 0.413343 0.103392 0.402470 0.114678 0.405850 0.113781 0.408828 0.112646 0.415621
0 0.113781 0.408828 0.123199 0.410693 0.121613 0.417549 0.112646 0.415621 0.113781 0.408828
0 0.119171 0.426946 0.121613 0.417549 0.134132 0.420521 0.132480 0.427864 0.125228 0.426028 0.124494 0.428506 0.119171 0.426946
0 0.103290 0.448791 0.116966 0.449158 0.116508 0.461090 0.102923 0.460723 0.103015 0.454206 0.103290 0.448791
0 0.103015 0.454206 0.095305 0.454115 0.095213 0.448607 0.103290 0.448791 0.103015 0.454206
0 0.139175 0.468719 0.165489 0.466476 0.166984 0.481427 0.141119 0.484717 0.139175 0.468719
0 0.135886 0.478587 0.118841 0.480680 0.117346 0.471709 0.134391 0.468868 0.135886 0.478587
0 0.176065 0.460569 0.196522 0.457403 0.197496 0.461300 0.208212 0.459108 0.209186 0.463492 0.218197 0.462031 0.220632 0.480866 0.204559 0.483462 0.205289 0.490525 0.183371 0.493691 0.176065 0.460569
0 0.252159 0.497360 0.254102 0.483156 0.269054 0.485997 0.266661 0.499602 0.252159 0.497360
0 0.391358 0.430980 0.391845 0.411497 0.423018 0.412227 0.423505 0.425378 0.415469 0.425135 0.415469 0.431467 0.391358 0.430980
0 0.342977 0.486953 0.366829 0.489242 0.362440 0.520346 0.339542 0.517674 0.342977 0.486953
0 0.323323 0.522063 0.321033 0.539427 0.309393 0.537519 0.312064 0.519773 0.323323 0.522063
0 0.342365 0.567148 0.344010 0.554888 0.362250 0.558476 0.360306 0.570287 0.342365 0.567148
0 0.050934 0.604630 0.039922 0.615759 0.032308 0.609433 0.042148 0.598187 0.050934 0.604630
0 0.050933 0.602306 0.054032 0.599038 0.058258 0.602926 0.055216 0.606194 0.050933 0.602306
0 0.046238 0.718247 0.053863 0.710174 0.062983 0.720042 0.067319 0.715855 0.073150 0.722284 0.056704 0.740225 0.061339 0.746056 0.034576 0.773865 0.029044 0.761904 0.014990 0.750542 0.017383 0.748449 0.026054 0.740524 0.028446 0.738730 0.018579 0.727966 0.038165 0.710323 0.046238 0.718247
0 0.004076 0.733796 0.013944 0.724377 0.018579 0.727966 0.022466 0.734993 0.026054 0.740524 0.017383 0.748449 0.004076 0.733796
0 0.013374 0.770317 0.020243 0.765356 0.033791 0.783674 0.022533 0.793787 0.014710 0.784246 0.019289 0.779667 0.013374 0.770317
0 0.000007 0.797406 0.010893 0.788063 0.019862 0.798939 0.000007 0.817823 0.000007 0.797406
0 0.037813 0.781495 0.047634 0.775988 0.055711 0.788012 0.046257 0.794162 0.037813 0.781495
0 0.000007 0.825187 0.019096 0.841386 0.017618 0.844667 0.032947 0.854394 0.024899 0.866185 0.016364 0.862860 0.011763 0.871853 0.000007 0.863911 0.000007 0.825187
0 0.000007 0.875688 0.004656 0.869461 0.011881 0.875019 0.006323 0.882059 0.004841 0.881133 0.000007 0.886682 0.000007 0.875688
0 0.078069 0.760846 0.092080 0.763146 0.089780 0.776321 0.075559 0.774648 0.078069 0.760846
0 0.077441 0.776739 0.093753 0.778621 0.092080 0.785940 0.075768 0.783431 0.077441 0.776739
0 0.072271 0.783836 0.086354 0.785747 0.084544 0.798019 0.070360 0.795705 0.072271 0.783836
0 0.105615 0.791896 0.114065 0.792298 0.113461 0.805777 0.104911 0.805375 0.105615 0.791896
0 0.105112 0.782943 0.113461 0.783849 0.112657 0.791091 0.104408 0.790890 0.105112 0.782943
0 0.090225 0.795517 0.090124 0.789582 0.093846 0.789281 0.093645 0.786866 0.100384 0.786766 0.100887 0.795215 0.090225 0.795517
0 0.127580 0.763656 0.150583 0.763866 0.150583 0.796489 0.127371 0.795861 0.127580 0.763656
0 0.122934 0.802484 0.157543 0.808030 0.155741 0.815895 0.150497 0.820647 0.148678 0.829331 0.140502 0.827528 0.138700 0.834738 0.147384 0.837032 0.145556 0.844167 0.130412 0.840913 0.128539 0.847856 0.115461 0.844653 0.122934 0.802484
0 0.140801 0.844285 0.147742 0.845391 0.146635 0.854947 0.134765 0.853338 0.135369 0.845894 0.140499 0.846095 0.140801 0.844285
0 0.127327 0.854038 0.142091 0.854808 0.142477 0.865849 0.126686 0.865336 0.127327 0.854038
0 0.100569 0.821888 0.111433 0.824705 0.108415 0.837077 0.097752 0.833255 0.100569 0.821888
0 0.015559 0.905202 0.027379 0.888598 0.039508 0.896126 0.028843 0.912856 0.015559 0.905202
0 0.005703 0.817136 0.032926 0.786977 0.036129 0.792315 0.027588 0.804058 0.029640 0.805929 0.031859 0.808329 0.025453 0.815535 0.033460 0.823008 0.024385 0.833951 0.005703 0.817136
0 0.022387 0.842269 0.028870 0.832858 0.053128 0.848124 0.046645 0.857116 0.022387 0.842269
0 0.045182 0.859207 0.055428 0.853770 0.062957 0.860462 0.056056 0.869454 0.045182 0.859207
0 0.058984 0.867572 0.070276 0.855234 0.083033 0.864435 0.075504 0.878237 0.058984 0.867572
0 0.069539 0.826272 0.076215 0.820880 0.080452 0.826015 0.073776 0.832178 0.069539 0.826272
0 0.039540 0.861615 0.059203 0.876853 0.050027 0.888487 0.030529 0.873904 0.039540 0.861615
0 0.061976 0.879695 0.075841 0.888425 0.073538 0.892254 0.068458 0.900119 0.064800 0.905372 0.054915 0.899338 0.057996 0.893946 0.054145 0.890351 0.061976 0.879695
0 0.068458 0.900119 0.073538 0.892254 0.083041 0.900446 0.076323 0.910114 0.069605 0.905526 0.071735 0.902904 0.068458 0.900119
0 0.076323 0.910114 0.083041 0.900446 0.085503 0.896236 0.104314 0.906798 0.097071 0.920881 0.076323 0.910114
0 0.103579 0.893263 0.106660 0.883763 0.130924 0.893006 0.127458 0.902506 0.103579 0.893263
0 0.060580 0.937327 0.072212 0.919935 0.095449 0.932207 0.088206 0.944077 0.075934 0.937036 0.071191 0.943862 0.060580 0.937327
0 0.000007 0.952601 0.013018 0.954309 0.012681 0.964934 0.000007 0.964139 0.000007 0.952601
0 0.145159 0.891317 0.155301 0.891831 0.154659 0.908007 0.143875 0.908392 0.145159 0.891317
0 0.360412 0.797760 0.367987 0.798787 0.366832 0.805720 0.359385 0.804308 0.360412 0.797760
0 0.029640 0.805929 0.033654 0.800803 0.036433 0.803335 0.031859 0.808329 0.029640 0.805929
0 0.149154 0.345848 0.153662 0.345910 0.153724 0.353258 0.149092 0.353320 0.149154 0.345848
0 0.033905 0.828512 0.044769 0.819559 0.052012 0.827908 0.041047 0.836760 0.033905 0.828512
0 0.056024 0.852784 0.062093 0.846242 0.069738 0.852390 0.064221 0.859562 0.056024 0.852784
0 0.030870 0.219627 0.041334 0.220934 0.040783 0.227267 0.030595 0.226258 0.030870 0.219627
0 0.071191 0.943862 0.075934 0.937036 0.088206 0.944077 0.083551 0.951881 0.071191 0.943862
