0 0.870472 0.069934 0.885104 0.075397 0.876715 0.090028 0.869302 0.096466 0.857207 0.089638 0.870472 0.069934
0 0.885243 0.122818 0.894693 0.127627 0.883916 0.146860 0.874465 0.140228 0.885243 0.122818
0 0.865879 0.135900 0.862952 0.145264 0.860416 0.149556 0.859636 0.149361 0.853393 0.154433 0.835250 0.145850 0.845785 0.126536 0.865879 0.135900
0 0.853783 0.112685 0.859831 0.105076 0.868610 0.110344 0.862562 0.118147 0.853783 0.112685
0 0.873495 0.177507 0.870178 0.193114 0.867447 0.194090 0.862570 0.211062 0.860229 0.213208 0.857108 0.227449 0.853401 0.230766 0.838574 0.227059 0.844817 0.209111 0.843256 0.205795 0.849694 0.188042 0.855742 0.169314 0.873690 0.175361 0.873495 0.177507
0 0.807978 0.259554 0.822774 0.251663 0.827988 0.257722 0.827566 0.262513 0.815729 0.270687 0.809669 0.269418 0.809669 0.263077 0.807555 0.260259 0.807978 0.259554
0 0.753691 0.269082 0.721795 0.274024 0.721250 0.257489 0.748335 0.255423 0.749492 0.255283 0.753691 0.269082
0 0.764638 0.257281 0.765566 0.265127 0.753691 0.269082 0.749492 0.255283 0.760186 0.252461 0.764638 0.257281
0 0.805400 0.253896 0.803211 0.254694 0.790808 0.261383 0.787824 0.260465 0.765788 0.265056 0.765566 0.265127 0.764638 0.257281 0.760186 0.252461 0.760279 0.252431 0.780020 0.245545 0.785988 0.246004 0.792874 0.241872 0.805400 0.253896
0 0.829601 0.186323 0.841766 0.190455 0.837405 0.201473 0.837635 0.208589 0.831207 0.219607 0.833732 0.221673 0.822026 0.241413 0.815599 0.247611 0.805400 0.253896 0.792832 0.241895 0.792874 0.241872 0.792236 0.241338 0.791901 0.241012 0.791885 0.241035 0.789890 0.239347 0.804122 0.229477 0.800679 0.226952 0.807565 0.220525 0.810549 0.213409 0.816517 0.207212 0.820419 0.203539 0.812385 0.191603 0.821108 0.180355 0.829601 0.186323
0 0.716540 0.256666 0.717585 0.274467 0.680328 0.273352 0.657766 0.270175 0.635521 0.263183 0.610099 0.255557 0.610099 0.240621 0.615819 0.241575 0.628213 0.242846 0.634568 0.234584 0.646326 0.243164 0.663486 0.245388 0.664439 0.241892 0.666981 0.241892 0.667617 0.237126 0.680646 0.239033 0.679057 0.246341 0.686366 0.251108 0.687319 0.254604 0.698759 0.255557 0.716540 0.256666
0 0.680565 0.281867 0.678958 0.291278 0.661972 0.291278 0.650724 0.293803 0.630525 0.293344 0.617900 0.290130 0.619507 0.277276 0.627311 0.277505 0.627541 0.270849 0.649118 0.272455 0.663579 0.274521 0.676662 0.275439 0.680565 0.281867
0 0.551571 0.272806 0.567410 0.261789 0.577050 0.270282 0.581182 0.270511 0.580723 0.263625 0.581641 0.254443 0.606202 0.258345 0.605972 0.261100 0.625942 0.262936 0.625713 0.267986 0.625942 0.275561 0.607350 0.274872 0.608038 0.284972 0.599775 0.287038 0.598857 0.289333 0.582559 0.291170 0.582559 0.281759 0.580264 0.277627 0.569476 0.283365 0.551571 0.272806
0 0.552798 0.274408 0.576508 0.291320 0.573026 0.297787 0.564238 0.302264 0.558435 0.296626 0.552300 0.302429 0.546663 0.298782 0.540797 0.307925 0.531615 0.317107 0.506366 0.299202 0.516695 0.291398 0.516236 0.288414 0.530238 0.281069 0.535977 0.286578 0.532074 0.290480 0.539879 0.296218 0.547683 0.288184 0.542863 0.283364 0.552798 0.274408
0 0.497564 0.299619 0.510440 0.304887 0.510245 0.311520 0.505368 0.316202 0.489655 0.309591 0.494705 0.303853 0.497564 0.299619
0 0.497965 0.318839 0.516787 0.320675 0.514446 0.334489 0.497161 0.332869 0.497965 0.318839
0 0.458864 0.308279 0.473325 0.300704 0.479752 0.305295 0.482736 0.309886 0.469423 0.319067 0.458864 0.308279
0 0.454331 0.352619 0.492682 0.338845 0.499434 0.345867 0.507537 0.344786 0.518610 0.351808 0.509427 0.362882 0.515099 0.367203 0.508617 0.376115 0.501055 0.371254 0.494843 0.376926 0.491062 0.376926 0.490252 0.379356 0.481339 0.384758 0.476748 0.379356 0.476478 0.377196 0.454331 0.352619
0 0.527268 0.404728 0.541313 0.384473 0.555897 0.392035 0.551575 0.398787 0.548064 0.397977 0.539962 0.408780 0.536181 0.407429 0.533480 0.410670 0.527268 0.404728
0 0.562919 0.352063 0.581554 0.345851 0.590197 0.355844 0.586956 0.357465 0.587496 0.360436 0.591547 0.358815 0.593438 0.367998 0.574532 0.373669 0.571561 0.365837 0.562109 0.353414 0.562919 0.352063
0 0.601309 0.293927 0.650193 0.298519 0.651544 0.304460 0.649383 0.316884 0.599419 0.312833 0.601309 0.293927
0 0.693136 0.295008 0.713122 0.295548 0.714472 0.302840 0.721494 0.302300 0.721494 0.314453 0.716092 0.313913 0.716092 0.325256 0.708260 0.325256 0.707450 0.316074 0.692866 0.315534 0.693136 0.295008
0 0.748467 0.303538 0.768667 0.303538 0.770273 0.302620 0.784046 0.302161 0.787948 0.306293 0.787030 0.321213 0.770503 0.321213 0.769585 0.315474 0.749156 0.315245 0.748467 0.303538
0 0.445591 0.409084 0.461003 0.398549 0.469196 0.397964 0.481877 0.411815 0.485974 0.409279 0.491631 0.416887 0.486559 0.421959 0.485194 0.427617 0.477390 0.433860 0.469977 0.433274 0.466075 0.428007 0.462173 0.428592 0.445591 0.409084
0 0.859547 0.371704 0.859648 0.371582 0.865605 0.377354 0.851714 0.394931 0.837940 0.382237 0.841451 0.373595 0.851444 0.365223 0.859547 0.371704
0 0.880613 0.356310 0.884664 0.360361 0.869495 0.379331 0.865950 0.376919 0.865908 0.376973 0.859961 0.371201 0.872510 0.356040 0.875751 0.353069 0.880613 0.356310
3 0.890397 0.380298 0.899579 0.387590 0.892017 0.398123 0.881754 0.391371 0.890397 0.380298
0 0.818865 0.393711 0.830765 0.404441 0.814573 0.415561 0.805209 0.404441 0.818865 0.393711
0 0.832367 0.279916 0.840225 0.286546 0.826453 0.298941 0.823698 0.296646 0.821173 0.299170 0.815894 0.294350 0.832367 0.279916
0 0.801365 0.366302 0.815802 0.377422 0.805852 0.386786 0.804096 0.386591 0.791025 0.399272 0.783417 0.395370 0.775223 0.384836 0.781271 0.377422 0.775028 0.370789 0.786343 0.360059 0.796488 0.369619 0.801365 0.366302
0 0.569080 0.193298 0.583541 0.186412 0.591575 0.201332 0.577114 0.207988 0.569080 0.193298
0 0.557603 0.192839 0.566096 0.204316 0.563342 0.206611 0.570228 0.215563 0.565178 0.225433 0.554849 0.232090 0.550415 0.225982 0.546157 0.220970 0.539946 0.224751 0.532654 0.213138 0.548318 0.202064 0.545077 0.197473 0.557603 0.192839
0 0.548717 0.240009 0.561140 0.232717 0.563301 0.236498 0.577345 0.228395 0.583557 0.238388 0.562491 0.250812 0.557089 0.253243 0.548717 0.240009
0 0.555668 0.255727 0.536573 0.267042 0.531282 0.259044 0.521528 0.245193 0.533038 0.238560 0.537525 0.244608 0.546499 0.239340 0.555668 0.255727
0 0.512068 0.265772 0.526759 0.256820 0.535022 0.268985 0.516429 0.280921 0.509084 0.284594 0.496230 0.288496 0.486360 0.286889 0.478096 0.270592 0.491396 0.264287 0.484644 0.255644 0.501659 0.245111 0.504900 0.249702 0.500849 0.252403 0.509761 0.266717 0.512068 0.265772
0 0.496797 0.224315 0.503819 0.232958 0.500849 0.234308 0.507601 0.244031 0.503009 0.247542 0.501659 0.245111 0.484644 0.255644 0.481403 0.249702 0.474111 0.254294 0.479782 0.263476 0.470330 0.268878 0.458716 0.248082 0.496797 0.224315
0 0.438725 0.279835 0.463264 0.279835 0.463927 0.274198 0.476197 0.276188 0.483658 0.292105 0.467409 0.293431 0.437730 0.292768 0.438725 0.279835
0 0.426115 0.251171 0.427033 0.257827 0.426803 0.265402 0.409588 0.264254 0.410506 0.250252 0.426115 0.251171
0 0.381746 0.238531 0.398273 0.232333 0.404700 0.242892 0.386796 0.251385 0.381746 0.238531
0 0.415311 0.303574 0.435052 0.291868 0.447217 0.301508 0.442167 0.310231 0.429772 0.318953 0.427936 0.318953 0.419902 0.320790 0.414852 0.312297 0.417606 0.307706 0.415311 0.303574
4 0.383780 0.322249 0.403291 0.313067 0.408800 0.324544 0.387912 0.334185 0.383780 0.322249
0 0.412101 0.438164 0.426792 0.437475 0.438269 0.436786 0.438039 0.450788 0.434366 0.463872 0.419446 0.474660 0.412101 0.454690 0.412101 0.438164
0 0.399476 0.432195 0.409347 0.447116 0.404297 0.451247 0.386852 0.463183 0.374227 0.444591 0.381113 0.440229 0.369177 0.422555 0.388458 0.411537 0.392590 0.417734 0.395574 0.416128 0.404985 0.430359 0.399476 0.432195
0 0.295633 0.410236 0.319400 0.394571 0.333984 0.415097 0.332094 0.418608 0.335605 0.418608 0.345328 0.432922 0.332094 0.442105 0.328043 0.437514 0.321561 0.441025 0.315619 0.433462 0.317510 0.430221 0.310758 0.429681 0.295633 0.410236
0 0.286721 0.449397 0.308057 0.434273 0.319940 0.448587 0.295363 0.465062 0.286721 0.449397
0 0.361814 0.381956 0.374409 0.374388 0.387643 0.394104 0.373599 0.402206 0.361814 0.381956
0 0.174522 0.388672 0.175873 0.375978 0.208012 0.377329 0.207202 0.389752 0.174522 0.388672
0 0.499866 0.588406 0.522673 0.576067 0.536134 0.592145 0.511830 0.608596 0.499866 0.588406
0 0.502390 0.614262 0.522092 0.605682 0.527176 0.612991 0.544654 0.605046 0.555367 0.631325 0.540523 0.634282 0.529401 0.638095 0.514147 0.640001 0.514783 0.632057 0.516372 0.631104 0.517325 0.624430 0.503979 0.621253 0.502390 0.614262
0 0.539566 0.572690 0.551662 0.564496 0.558490 0.576982 0.545614 0.583615 0.539566 0.572690
0 0.569153 0.640077 0.587247 0.638308 0.587655 0.648239 0.570378 0.649600 0.569153 0.640077
0 0.304020 0.368509 0.330135 0.377127 0.327523 0.394232 0.298013 0.387834 0.304020 0.368509
