4 0.039584 0.041042 0.033381 0.044413 0.032706 0.051695 0.000009 0.051241 0.000009 0.041000 0.024396 0.040764 0.039584 0.041042
4 0.033512 0.062852 0.034836 0.045219 0.042039 0.040748 0.048613 0.040529 0.076750 0.040256 0.076312 0.045219 0.065219 0.048116 0.059921 0.060700 0.053960 0.062355 0.033512 0.062852
4 0.142869 0.039615 0.144873 0.039649 0.104772 0.046705 0.104175 0.039990 0.142869 0.039615
0 0.441120 0.036719 0.439488 0.044607 0.433601 0.064792 0.413977 0.060587 0.412856 0.063390 0.389026 0.058064 0.393150 0.037185 0.441120 0.036719
0 0.520573 0.040410 0.520573 0.040436 0.526769 0.045599 0.502674 0.068833 0.493552 0.061605 0.482365 0.076922 0.461540 0.063498 0.462573 0.061605 0.441060 0.050246 0.449523 0.036638 0.484254 0.036300 0.499572 0.045489 0.511003 0.036040 0.512377 0.036027 0.520573 0.040410
0 0.335350 0.078131 0.336448 0.059241 0.341061 0.050454 0.380599 0.059021 0.380599 0.072859 0.377494 0.086109 0.335350 0.078131
0 0.597230 0.175539 0.583289 0.165213 0.588108 0.157468 0.567800 0.142495 0.595853 0.103427 0.604114 0.108246 0.609105 0.106869 0.634061 0.128726 0.597230 0.175539
0 0.610003 0.105705 0.604042 0.102725 0.601642 0.103636 0.598413 0.101069 0.598579 0.097675 0.602635 0.091797 0.604125 0.092294 0.609010 0.085920 0.617785 0.092460 0.610003 0.105705
0 0.465907 0.134729 0.452826 0.126234 0.452692 0.124481 0.447028 0.119222 0.462805 0.103444 0.469548 0.103579 0.486809 0.117738 0.472245 0.134190 0.465907 0.134729
0 0.476785 0.103925 0.467147 0.094803 0.491070 0.075700 0.497093 0.083616 0.493651 0.086370 0.493307 0.089984 0.476785 0.103925
0 0.547217 0.132684 0.539531 0.126885 0.546408 0.116502 0.555159 0.122923 0.547217 0.132684
0 0.506511 0.103546 0.513912 0.093908 0.520796 0.099243 0.513740 0.109054 0.506511 0.103546
0 0.515387 0.162727 0.496627 0.149303 0.496283 0.144484 0.508846 0.123315 0.511256 0.124348 0.519861 0.111440 0.534490 0.120905 0.526746 0.133641 0.542579 0.146033 0.528811 0.163760 0.523820 0.162211 0.519861 0.158597 0.516763 0.163588 0.515387 0.162727
0 0.583289 0.165213 0.597230 0.175539 0.578404 0.206184 0.546048 0.184671 0.562570 0.157306 0.567217 0.160403 0.571004 0.157822 0.583289 0.165213
0 0.614603 0.232231 0.608673 0.228277 0.609332 0.226300 0.589782 0.213121 0.602303 0.192693 0.629101 0.211803 0.614603 0.232231
0 0.656536 0.264899 0.639403 0.249304 0.638085 0.244691 0.635449 0.242275 0.639403 0.232170 0.644235 0.234147 0.649947 0.229095 0.659611 0.226899 0.670814 0.235026 0.675646 0.225800 0.684213 0.231072 0.685970 0.221847 0.693658 0.225361 0.679161 0.259188 0.667080 0.253477 0.656536 0.264899
0 0.978289 0.999001 0.966268 0.990717 0.981585 0.968515 0.987265 0.972990 0.990190 0.970408 0.999009 0.977216 0.999009 0.999000 0.978289 0.999001
0 0.916149 0.999003 0.904510 0.992408 0.909123 0.986477 0.904071 0.982304 0.903192 0.980107 0.928673 0.946061 0.925158 0.944303 0.929771 0.937055 0.941413 0.945402 0.965136 0.957702 0.938118 0.995923 0.935364 0.999002 0.916149 0.999003
0 0.900114 0.732980 0.892092 0.731573 0.880247 0.720241 0.899487 0.700447 0.903221 0.704401 0.907330 0.708925 0.911568 0.716482 0.914432 0.720834 0.900114 0.732980
0 0.918230 0.746860 0.918744 0.731547 0.924947 0.731277 0.926295 0.721163 0.944500 0.723725 0.944770 0.736806 0.942073 0.753359 0.931288 0.753544 0.932229 0.748133 0.918230 0.746860
0 0.946205 0.738686 0.947262 0.724739 0.969556 0.726641 0.971749 0.733151 0.969450 0.741961 0.961103 0.741644 0.946205 0.738686
0 0.972791 0.726663 0.985682 0.727297 0.984836 0.734270 0.992444 0.735433 0.992338 0.743040 0.971629 0.741349 0.972791 0.726663
0 0.843079 0.999004 0.778237 0.956839 0.770365 0.927857 0.786466 0.901022 0.799705 0.896729 0.834769 0.919270 0.828328 0.930719 0.873769 0.960417 0.844032 0.999004 0.843079 0.999004
0 0.967363 0.806193 0.889720 0.929633 0.887574 0.931780 0.872546 0.934284 0.859308 0.930706 0.841418 0.912101 0.917987 0.792954 0.931941 0.790092 0.933372 0.785083 0.955198 0.795459 0.967363 0.806193
4 0.999009 0.286621 0.989826 0.286222 0.990265 0.273262 0.999009 0.273465 0.999009 0.286621
0 0.935993 0.193713 0.933797 0.182730 0.949392 0.178117 0.951369 0.189100 0.935993 0.193713
0 0.910733 0.236766 0.929623 0.229297 0.932479 0.231933 0.943901 0.227979 0.944560 0.224684 0.959716 0.219852 0.963670 0.219413 0.977728 0.256754 0.931380 0.273009 0.919958 0.271691 0.910733 0.236766
0 0.076040 0.246916 0.088656 0.221124 0.120895 0.238225 0.109401 0.261774 0.076040 0.246916
4 0.701886 0.999006 0.712786 0.981843 0.726210 0.991481 0.719825 0.999006 0.701886 0.999006
0 0.026095 0.684722 0.031602 0.657013 0.061721 0.663209 0.056902 0.688681 0.026095 0.684722
0 0.023347 0.510775 0.004457 0.501329 0.012145 0.488370 0.019613 0.492104 0.032792 0.469259 0.045752 0.477387 0.026422 0.511873 0.023347 0.510775
0 0.035881 0.509462 0.042470 0.499797 0.049499 0.504190 0.055210 0.497820 0.075858 0.508584 0.091014 0.519566 0.083985 0.529890 0.088598 0.533844 0.080691 0.543729 0.035881 0.509462
0 0.065850 0.472566 0.080128 0.453017 0.084302 0.454994 0.086278 0.453456 0.090452 0.455873 0.092868 0.455214 0.104510 0.460046 0.111100 0.467075 0.105828 0.472127 0.105169 0.472786 0.113296 0.479376 0.110221 0.489041 0.105389 0.490359 0.101215 0.494532 0.065850 0.472566
0 0.109591 0.474524 0.116469 0.468456 0.158812 0.503247 0.146271 0.516327 0.112693 0.487200 0.116873 0.480053 0.109591 0.474524
0 0.128132 0.380142 0.138224 0.365845 0.148877 0.358556 0.182519 0.382105 0.164296 0.406495 0.128132 0.380142
0 0.145061 0.342871 0.138177 0.334610 0.125613 0.327381 0.122171 0.330651 0.115803 0.324628 0.130088 0.307589 0.139381 0.295369 0.149536 0.302598 0.150396 0.304835 0.155904 0.308966 0.152978 0.312580 0.154699 0.314301 0.161583 0.322218 0.145061 0.342871
0 0.124158 0.377088 0.107849 0.367568 0.117700 0.350348 0.134920 0.359869 0.124158 0.377088
0 0.100808 0.380273 0.072354 0.369350 0.080445 0.353977 0.107280 0.364765 0.107011 0.372182 0.100808 0.380273
0 0.116771 0.393208 0.125537 0.381207 0.143067 0.393208 0.134976 0.405480 0.116771 0.393208
0 0.096139 0.415863 0.080766 0.405884 0.091015 0.390376 0.107062 0.398602 0.096139 0.415863
0 0.069304 0.401839 0.061348 0.398198 0.062157 0.394961 0.053796 0.390242 0.062562 0.377026 0.068090 0.377970 0.072540 0.383229 0.082385 0.388489 0.081171 0.394557 0.073350 0.397523 0.069304 0.401839
0 0.166697 0.298272 0.172188 0.287949 0.185148 0.294978 0.180096 0.304423 0.166697 0.298272
0 0.119767 0.230317 0.130969 0.204178 0.175559 0.223288 0.163478 0.252283 0.119767 0.230317
0 0.221028 0.175403 0.247826 0.188802 0.246069 0.193195 0.250023 0.195612 0.220369 0.258873 0.213999 0.255797 0.208728 0.267220 0.180831 0.254480 0.185444 0.244815 0.182588 0.242618 0.221028 0.175403
0 0.847937 0.848798 0.876881 0.803194 0.892803 0.806131 0.862196 0.855287 0.847937 0.848798
0 0.873789 0.791137 0.890329 0.791292 0.890020 0.801648 0.873944 0.801803 0.873789 0.791137
0 0.900377 0.751720 0.907642 0.751410 0.907797 0.758830 0.899759 0.759139 0.900377 0.751720
0 0.822022 0.713373 0.831451 0.705953 0.841499 0.719247 0.831760 0.725894 0.822022 0.713373
0 0.727478 0.413386 0.743853 0.416148 0.739907 0.449686 0.729451 0.448503 0.730634 0.436074 0.725308 0.435482 0.727478 0.413386
0 0.760227 0.392671 0.764173 0.371561 0.799882 0.376888 0.796331 0.396814 0.760227 0.392671
