3 0.457099 0.257991 0.411009 0.277369 0.392940 0.232327 0.435102 0.215829 0.457099 0.257991
0 0.406582 0.180652 0.381344 0.197067 0.365135 0.177164 0.390988 0.158697 0.406582 0.180652
3 0.284818 0.104925 0.280409 0.094218 0.291494 0.089557 0.295399 0.100139 0.284818 0.104925
3 0.305452 0.103651 0.304016 0.076977 0.324329 0.077387 0.324124 0.104061 0.305452 0.103651
3 0.328435 0.048935 0.329239 0.072086 0.308982 0.072890 0.308821 0.049417 0.328435 0.048935
0 0.302282 0.044265 0.277845 0.065004 0.268520 0.053911 0.278327 0.047480 0.270932 0.036548 0.277202 0.032689 0.276250 0.031738 0.290352 0.026182 0.302282 0.044265
0 0.287009 0.021114 0.290078 0.025762 0.275869 0.031357 0.260964 0.016452 0.271736 0.007770 0.287009 0.021114
0 0.250065 0.051796 0.235327 0.033153 0.251577 0.023328 0.266189 0.042097 0.250065 0.051796
0 0.246790 0.053182 0.231329 0.061190 0.224520 0.049668 0.212736 0.055429 0.207499 0.046787 0.235327 0.033153 0.246790 0.053182
0 0.170253 0.066787 0.163822 0.055051 0.193082 0.041868 0.197423 0.053283 0.170253 0.066787
0 0.215879 0.037041 0.208979 0.039947 0.196761 0.042358 0.193546 0.033998 0.208125 0.025967 0.215879 0.037041
0 0.229639 0.031152 0.227307 0.032230 0.216338 0.036846 0.208555 0.025732 0.220215 0.019307 0.229639 0.031152
0 0.258978 0.009561 0.248528 0.022423 0.230098 0.030938 0.220645 0.019063 0.225056 0.016635 0.217500 0.006185 0.228728 0.000885 0.237150 0.008216 0.247875 0.000279 0.258978 0.009561
4 0.142249 0.000004 0.143792 0.002215 0.137475 0.009025 0.127996 0.000004 0.142249 0.000004
4 0.550540 0.000008 0.551188 0.003953 0.522467 0.014613 0.519506 0.003164 0.530659 0.001288 0.530770 0.000008 0.550540 0.000008
3 0.417780 0.347310 0.381446 0.379303 0.370674 0.368371 0.406687 0.336860 0.417780 0.347310
3 0.459665 0.430793 0.467660 0.421712 0.478615 0.430793 0.467759 0.443722 0.463811 0.440268 0.466278 0.436320 0.459665 0.430793
3 0.451079 0.442636 0.442788 0.434642 0.450585 0.425364 0.459369 0.432964 0.451079 0.442636
4 0.999008 0.919536 0.987107 0.920117 0.985217 0.884973 0.999008 0.884385 0.999008 0.919536
0 0.951017 0.856401 0.948451 0.850085 0.955557 0.848209 0.957235 0.854625 0.951017 0.856401
0 0.924702 0.740203 0.928481 0.731637 0.927222 0.730503 0.934402 0.717277 0.950651 0.726473 0.942589 0.741463 0.939818 0.740329 0.936417 0.747131 0.924702 0.740203
0 0.889624 0.760226 0.901155 0.731320 0.928896 0.745023 0.917378 0.772893 0.903107 0.769191 0.889624 0.760226
3 0.847011 0.734996 0.845340 0.716279 0.886115 0.714943 0.886115 0.733325 0.847011 0.734996
3 0.541482 0.129179 0.512906 0.085895 0.522362 0.079592 0.548836 0.123926 0.541482 0.129179
3 0.868180 0.806682 0.879737 0.797227 0.893604 0.814667 0.882678 0.824332 0.868180 0.806682
