0 0.197428 0.151394 0.206541 0.136653 0.233074 0.149250 0.220209 0.168546 0.204664 0.158898 0.206273 0.155414 0.197428 0.151394
0 0.047823 0.241177 0.054589 0.217539 0.091511 0.228676 0.081508 0.252018 0.064859 0.246404 0.047823 0.241177
0 0.355967 0.192839 0.363129 0.184564 0.385880 0.203343 0.370586 0.220766 0.353827 0.205586 0.360369 0.199028 0.355967 0.192839
0 0.565658 0.289278 0.579059 0.298122 0.526261 0.364589 0.513664 0.356281 0.565658 0.289278
0 0.552551 0.379820 0.568232 0.359686 0.582171 0.366268 0.589915 0.374980 0.569200 0.400147 0.559528 0.391405 0.561766 0.387769 0.555875 0.382874 0.552551 0.379820
2 0.828416 0.212439 0.828477 0.211748 0.845303 0.215312 0.844496 0.218603 0.817159 0.269257 0.786820 0.253466 0.795919 0.237398 0.819924 0.249014 0.826507 0.229848 0.800371 0.228106 0.804631 0.219975 0.808309 0.211070 0.828416 0.212439
2 0.850393 0.194482 0.845303 0.215312 0.828477 0.211748 0.830024 0.193946 0.850393 0.194482
0 0.899619 0.176518 0.919616 0.163233 0.926329 0.173022 0.906052 0.187705 0.899619 0.176518
3 0.817559 0.283335 0.835319 0.251871 0.846925 0.257045 0.828746 0.288509 0.817559 0.283335
0 0.736407 0.428158 0.737106 0.413196 0.779617 0.419209 0.779058 0.434311 0.740183 0.428578 0.736407 0.428158
0 0.686002 0.492992 0.687357 0.473826 0.715622 0.476343 0.715622 0.491056 0.710782 0.495896 0.686002 0.492992
0 0.695682 0.522031 0.708265 0.500736 0.724140 0.508867 0.724140 0.511384 0.713105 0.530936 0.695682 0.522031
0 0.658224 0.491554 0.668152 0.487918 0.675564 0.500084 0.680598 0.514208 0.682136 0.531548 0.674305 0.536582 0.671648 0.535603 0.667313 0.516865 0.658224 0.491554
0 0.608842 0.473153 0.610584 0.455536 0.645431 0.463474 0.645818 0.470443 0.634203 0.480704 0.608842 0.473153
0 0.148053 0.517985 0.142052 0.531149 0.130615 0.522764 0.136729 0.510879 0.148053 0.517985
0 0.136729 0.510879 0.130615 0.522764 0.115234 0.511484 0.121670 0.501416 0.136729 0.510879
0 0.121670 0.501416 0.115234 0.511484 0.101397 0.501336 0.106431 0.491850 0.121670 0.501416
0 0.536182 0.737554 0.548572 0.731359 0.554961 0.741619 0.577805 0.744330 0.577417 0.759043 0.562634 0.758153 0.551476 0.753622 0.536182 0.737554
0 0.999009 0.682694 0.984924 0.679650 0.986997 0.659087 0.999009 0.660650 0.999009 0.682694
0 0.958060 0.949329 0.968688 0.939960 0.974981 0.946113 0.964912 0.955622 0.958060 0.949329
0 0.439298 0.754489 0.439492 0.754209 0.455391 0.764316 0.442589 0.783528 0.417615 0.766104 0.430393 0.748875 0.439298 0.754489
0 0.465046 0.749843 0.455391 0.764316 0.439492 0.754209 0.449558 0.739969 0.465046 0.749843
0 0.404401 0.813096 0.408736 0.804985 0.415868 0.809041 0.417406 0.805405 0.438242 0.816312 0.430831 0.831834 0.409715 0.822186 0.412232 0.817571 0.404401 0.813096
0 0.314774 0.526693 0.307643 0.523189 0.304846 0.526405 0.297574 0.522769 0.317090 0.492424 0.326117 0.497598 0.327500 0.495221 0.336030 0.499587 0.334632 0.502352 0.340341 0.506198 0.323834 0.535117 0.314835 0.530205 0.314774 0.526693
0 0.300397 0.566933 0.269228 0.546605 0.289749 0.519502 0.298074 0.526278 0.285297 0.542153 0.306785 0.557640 0.300397 0.566933
0 0.141158 0.503424 0.122979 0.490838 0.131509 0.478253 0.149828 0.490838 0.141158 0.503424
0 0.162975 0.594627 0.167869 0.585678 0.178497 0.591132 0.173183 0.600780 0.162975 0.594627
0 0.224962 0.551761 0.232094 0.556235 0.236289 0.550362 0.239785 0.552600 0.238667 0.554837 0.239925 0.557074 0.244959 0.557634 0.255447 0.544769 0.266495 0.552320 0.249294 0.579589 0.219369 0.560011 0.224962 0.551761
0 0.194729 0.534510 0.211378 0.517861 0.224155 0.530445 0.207506 0.546513 0.194729 0.534510
0 0.215047 0.518619 0.219391 0.515588 0.224946 0.522558 0.220199 0.525689 0.215047 0.518619
0 0.625007 0.735044 0.633538 0.733087 0.638152 0.750846 0.628923 0.751825 0.625007 0.735044
3 0.689324 0.667835 0.693777 0.653897 0.718169 0.661834 0.713717 0.675966 0.689324 0.667835
0 0.698230 0.609631 0.719331 0.620472 0.714281 0.628990 0.695326 0.619310 0.698230 0.609631
0 0.918207 0.655942 0.901007 0.669507 0.884727 0.648389 0.893525 0.640234 0.901566 0.635386 0.918207 0.655942
0 0.893270 0.640533 0.884472 0.648687 0.870687 0.630790 0.880336 0.623239 0.893270 0.640533
0 0.384946 0.834546 0.388303 0.829372 0.400888 0.837482 0.398091 0.842097 0.384946 0.834546
0 0.086595 0.489004 0.089403 0.483950 0.099229 0.489144 0.096140 0.494618 0.086595 0.489004
0 0.157257 0.911004 0.165774 0.896403 0.173378 0.900662 0.164760 0.916277 0.156851 0.911917 0.157257 0.911004
0 0.326558 0.949270 0.329278 0.936639 0.361148 0.943051 0.358427 0.952962 0.349683 0.950824 0.348128 0.954711 0.326558 0.949270
0 0.350075 0.796140 0.355831 0.786876 0.365797 0.792210 0.359199 0.801755 0.350075 0.796140
0 0.818087 0.641271 0.818790 0.625610 0.824306 0.617174 0.833673 0.622655 0.838678 0.633143 0.835965 0.642242 0.827026 0.645740 0.818087 0.641271
0 0.960895 0.840000 0.995133 0.841047 0.994236 0.857044 0.967025 0.855699 0.959998 0.855699 0.960895 0.840000
0 0.967025 0.855699 0.994236 0.857044 0.993937 0.873939 0.995282 0.873939 0.994684 0.883657 0.989751 0.883358 0.989646 0.887786 0.981976 0.887245 0.982724 0.874836 0.965380 0.872892 0.967025 0.855699
0 0.695326 0.619310 0.714281 0.628990 0.710835 0.635438 0.691847 0.625870 0.695326 0.619310
0 0.695942 0.630290 0.707422 0.637201 0.701213 0.648916 0.689850 0.640950 0.695942 0.630290
0 0.708399 0.637201 0.709967 0.638265 0.718006 0.642727 0.711207 0.653208 0.702190 0.648916 0.708399 0.637201
0 0.709967 0.637288 0.717662 0.624175 0.726020 0.628532 0.722425 0.635253 0.718006 0.641751 0.709967 0.637288
3 0.712184 0.653208 0.718983 0.642727 0.723402 0.636229 0.736409 0.644303 0.726990 0.658506 0.712184 0.653208
0 0.473636 0.670459 0.486522 0.657691 0.508780 0.679831 0.496128 0.693069 0.480782 0.680300 0.480547 0.676902 0.473636 0.670459
0 0.483945 0.688968 0.496479 0.698340 0.485233 0.713569 0.471059 0.702674 0.479259 0.690726 0.481367 0.692248 0.483945 0.688968
0 0.473089 0.673105 0.480137 0.679865 0.479921 0.682742 0.483085 0.686122 0.481575 0.690078 0.478195 0.688495 0.476253 0.692523 0.470931 0.692091 0.470644 0.684899 0.470212 0.676269 0.473089 0.673105
0 0.290033 0.999006 0.304429 0.981991 0.325907 0.996494 0.326324 0.999007 0.290033 0.999006
0 0.275158 0.999006 0.278912 0.993281 0.282492 0.988141 0.285613 0.984653 0.287081 0.982634 0.286714 0.978779 0.289284 0.974740 0.300115 0.980798 0.299931 0.986489 0.296994 0.986305 0.293782 0.990986 0.294057 0.993556 0.288458 0.998421 0.288730 0.999006 0.275158 0.999006
0 0.266474 0.999006 0.270776 0.990711 0.267931 0.988416 0.271327 0.983460 0.275366 0.985020 0.282709 0.972078 0.285829 0.974373 0.286931 0.974832 0.279588 0.987131 0.281515 0.988141 0.277936 0.993281 0.275549 0.993556 0.274667 0.999006 0.266474 0.999006
0 0.342315 0.168008 0.350047 0.162853 0.358247 0.172459 0.342901 0.184760 0.335286 0.172928 0.339972 0.169531 0.341495 0.171756 0.343955 0.170116 0.342315 0.168008
3 0.792651 0.461112 0.801489 0.465454 0.794226 0.478575 0.786026 0.470726 0.792651 0.461112
0 0.737765 0.454144 0.756005 0.455639 0.755557 0.461769 0.749128 0.461470 0.748978 0.464610 0.736868 0.463115 0.737765 0.454144
3 0.792651 0.461112 0.786026 0.470726 0.770664 0.458428 0.776738 0.450332 0.792651 0.461112
3 0.776738 0.450332 0.770664 0.458428 0.762883 0.452200 0.770358 0.443678 0.776738 0.450332
