0 0.485781 0.000008 0.522731 0.010738 0.512281 0.046107 0.463890 0.032281 0.473534 0.000008 0.485781 0.000008
0 0.228592 0.173754 0.201870 0.139026 0.244635 0.117483 0.247850 0.122949 0.266338 0.113464 0.285157 0.144424 0.228592 0.173754
0 0.158820 0.256437 0.155293 0.276466 0.116496 0.267018 0.121661 0.246738 0.158820 0.256437
0 0.107077 0.269005 0.150453 0.290875 0.146602 0.304808 0.136399 0.317405 0.095460 0.293345 0.107077 0.269005
0 0.072484 0.251610 0.073257 0.246583 0.077278 0.247202 0.077046 0.252074 0.072484 0.251610
0 0.184672 0.090513 0.176856 0.100450 0.167646 0.093179 0.175220 0.083424 0.184672 0.090513
0 0.999008 0.791586 0.980683 0.788688 0.982933 0.773094 0.999008 0.776576 0.999008 0.791586
0 0.427304 0.857294 0.435503 0.880123 0.406082 0.886875 0.400938 0.863885 0.427304 0.857294
0 0.428438 0.823610 0.429259 0.838383 0.419410 0.838588 0.419410 0.851515 0.393967 0.852541 0.394172 0.823815 0.428438 0.823610
0 0.214780 0.961331 0.197534 0.961104 0.197435 0.937811 0.220629 0.937515 0.221024 0.944523 0.214510 0.944819 0.214780 0.961331
0 0.195385 0.959220 0.186105 0.959065 0.186260 0.938340 0.195694 0.938263 0.195385 0.959220
