0 0.380658 0.403938 0.415087 0.405457 0.412555 0.425708 0.380658 0.423177 0.380658 0.403938
0 0.379646 0.325968 0.386734 0.313311 0.413061 0.343688 0.377621 0.348245 0.379646 0.325968
0 0.450870 0.446963 0.500457 0.444583 0.495300 0.457674 0.483399 0.476715 0.447697 0.478302 0.450870 0.446963
0 0.529180 0.423558 0.545445 0.425938 0.546635 0.445376 0.526006 0.443393 0.529180 0.423558
0 0.510888 0.398775 0.527448 0.400236 0.528422 0.414361 0.512836 0.417527 0.510888 0.398775
0 0.162188 0.574600 0.196435 0.593985 0.200959 0.626940 0.147972 0.606909 0.162188 0.574600
0 0.527290 0.656550 0.548089 0.638803 0.562400 0.650634 0.557057 0.658839 0.562591 0.665136 0.545990 0.677921 0.527290 0.656550
0 0.483116 0.646271 0.502389 0.630242 0.518226 0.646843 0.511548 0.652758 0.514219 0.657338 0.506777 0.663062 0.496282 0.656575 0.490367 0.660009 0.483116 0.646271
0 0.474684 0.633785 0.481935 0.625524 0.494418 0.636447 0.483403 0.645258 0.483116 0.646271 0.474684 0.633785
0 0.212408 0.929239 0.231941 0.942579 0.216696 0.972117 0.196209 0.964494 0.212408 0.929239
0 0.472529 0.954428 0.495050 0.958522 0.487153 0.993328 0.462292 0.987186 0.464047 0.972854 0.474869 0.976071 0.472529 0.954428
0 0.321967 0.912046 0.344477 0.894178 0.349683 0.901916 0.327313 0.918939 0.321967 0.912046
4 0.296169 0.781436 0.312898 0.790145 0.306940 0.800915 0.292731 0.796332 0.296169 0.781436
0 0.239493 0.730367 0.249118 0.722117 0.267451 0.744346 0.257826 0.752138 0.239493 0.730367
0 0.217440 0.858084 0.236478 0.846512 0.248797 0.860697 0.239838 0.874136 0.217440 0.858084
0 0.427509 0.358804 0.439010 0.355385 0.442429 0.367507 0.429685 0.371547 0.427509 0.358804
4 0.124239 0.580436 0.131015 0.580881 0.129961 0.590721 0.124357 0.593572 0.124239 0.580436
