0 0.007575 0.330998 0.035839 0.325577 0.038356 0.348228 0.041066 0.348421 0.042228 0.362166 0.033323 0.363522 0.030419 0.346873 0.020158 0.348808 0.019190 0.346098 0.010866 0.346292 0.007575 0.330998
3 0.039518 0.333321 0.101080 0.339129 0.101274 0.337193 0.125667 0.339129 0.125086 0.353455 0.118504 0.352874 0.118504 0.366425 0.104565 0.365845 0.104057 0.375056 0.095819 0.373333 0.096240 0.357327 0.087722 0.356746 0.087722 0.352874 0.069331 0.351132 0.068557 0.361005 0.061974 0.360230 0.062555 0.352680 0.051714 0.351132 0.051714 0.358295 0.044551 0.356939 0.044164 0.348808 0.038356 0.348228 0.039518 0.333321
0 0.010178 0.391337 0.044718 0.365607 0.052130 0.374556 0.056185 0.372599 0.060520 0.378052 0.053248 0.383366 0.050452 0.380290 0.046816 0.381828 0.044439 0.380150 0.031993 0.389939 0.034510 0.392735 0.021225 0.402944 0.010178 0.391337
0 0.082563 0.408104 0.105020 0.391842 0.123024 0.407523 0.110828 0.415460 0.112764 0.418558 0.101729 0.425721 0.100761 0.424946 0.094566 0.427850 0.086435 0.418945 0.089533 0.416235 0.082563 0.408104
0 0.593939 0.901304 0.604847 0.909834 0.601631 0.914309 0.602609 0.915427 0.602050 0.918644 0.599114 0.918644 0.594079 0.925636 0.581214 0.916126 0.593939 0.901304
0 0.126922 0.366499 0.134085 0.355077 0.147249 0.362240 0.140474 0.373662 0.126922 0.366499
0 0.000008 0.407927 0.007281 0.407734 0.021801 0.409670 0.038063 0.414316 0.035546 0.428836 0.016574 0.425932 0.004571 0.429804 0.000008 0.434248 0.000008 0.407927
0 0.000008 0.443354 0.007508 0.443354 0.003313 0.463490 0.000008 0.465802 0.000008 0.443354
0 0.184481 0.683472 0.182803 0.684730 0.175532 0.675920 0.189236 0.666971 0.186998 0.663614 0.206296 0.650609 0.216924 0.674382 0.202381 0.685150 0.194969 0.676200 0.184481 0.683472
0 0.177556 0.634191 0.205433 0.622963 0.212403 0.648323 0.190139 0.657035 0.177556 0.634191
0 0.170006 0.597215 0.179298 0.593149 0.176394 0.587148 0.187623 0.581534 0.199432 0.601667 0.194398 0.604958 0.198270 0.615606 0.184912 0.615219 0.170006 0.597215
0 0.159939 0.597408 0.152002 0.582889 0.165747 0.574951 0.163424 0.549591 0.142709 0.571273 0.136146 0.562365 0.123195 0.553665 0.150677 0.524449 0.164228 0.531940 0.171748 0.540879 0.179105 0.541847 0.181041 0.566627 0.185106 0.580759 0.176394 0.587148 0.176007 0.589277 0.159939 0.597408
0 0.221095 0.555980 0.226516 0.566821 0.234646 0.563143 0.242432 0.565701 0.248779 0.573210 0.236582 0.578049 0.235034 0.575726 0.222450 0.580760 0.216449 0.569144 0.206058 0.571930 0.198445 0.574952 0.198251 0.573827 0.182710 0.562634 0.181772 0.535554 0.200574 0.542815 0.202316 0.546881 0.205801 0.545139 0.212190 0.559852 0.221095 0.555980
0 0.188095 0.577784 0.198445 0.574952 0.206058 0.571930 0.212427 0.581839 0.194108 0.588272 0.188095 0.577784
0 0.184394 0.528516 0.195021 0.511176 0.215578 0.520405 0.211709 0.528394 0.222815 0.536104 0.218346 0.544703 0.204810 0.537745 0.202013 0.543479 0.187890 0.537465 0.189428 0.532012 0.184394 0.529914 0.184394 0.528516
0 0.216232 0.501723 0.227267 0.506175 0.221265 0.521082 0.210424 0.516629 0.216232 0.501723
0 0.171886 0.512469 0.161817 0.505337 0.150630 0.494569 0.158530 0.484636 0.166152 0.476949 0.170627 0.484501 0.172725 0.483662 0.176081 0.485619 0.179157 0.481704 0.188386 0.494429 0.186429 0.498485 0.183772 0.496807 0.182373 0.499044 0.183912 0.499603 0.193561 0.504078 0.184611 0.521698 0.170347 0.515825 0.171886 0.512469
0 0.150630 0.494569 0.118467 0.465483 0.118467 0.464224 0.114691 0.461148 0.126857 0.447863 0.147134 0.466741 0.148393 0.464923 0.157622 0.472335 0.158741 0.471636 0.166152 0.476949 0.158530 0.484636 0.150630 0.494569
0 0.086169 0.439373 0.099503 0.425535 0.101729 0.425721 0.112764 0.418558 0.124957 0.430787 0.117786 0.438767 0.124957 0.445333 0.123947 0.449070 0.110311 0.462201 0.086169 0.439373
0 0.119907 0.439676 0.135058 0.421191 0.145967 0.430080 0.136068 0.442201 0.132533 0.439474 0.126876 0.446141 0.119907 0.439676
0 0.071894 0.430133 0.041499 0.412709 0.050211 0.398190 0.080412 0.414645 0.071894 0.430133
0 0.073787 0.429207 0.078737 0.421732 0.091060 0.431429 0.086169 0.439373 0.073787 0.429207
0 0.126272 0.368709 0.146130 0.383672 0.143053 0.390244 0.145011 0.391363 0.140676 0.399753 0.145570 0.404228 0.138299 0.413597 0.111170 0.386049 0.125154 0.367311 0.126272 0.368709
0 0.157880 0.427556 0.170464 0.404324 0.197760 0.420393 0.187500 0.441688 0.182079 0.442075 0.157880 0.427556
0 0.169105 0.451665 0.176405 0.458237 0.165069 0.467785 0.158756 0.460195 0.169105 0.451665
0 0.148278 0.433794 0.167296 0.440507 0.160864 0.457148 0.141426 0.450016 0.148278 0.433794
0 0.199773 0.473956 0.208750 0.493398 0.194221 0.498147 0.186530 0.478849 0.196878 0.475214 0.196152 0.473086 0.199773 0.473956
0 0.213100 0.470179 0.221350 0.466823 0.225965 0.474375 0.236173 0.470459 0.239250 0.479688 0.235893 0.481227 0.238970 0.488778 0.224846 0.494232 0.223727 0.488498 0.209209 0.493242 0.200117 0.473537 0.195967 0.472539 0.194361 0.467802 0.208625 0.462628 0.213100 0.470179
0 0.229394 0.516980 0.240816 0.510785 0.250690 0.523562 0.245850 0.526659 0.249334 0.532273 0.240429 0.536533 0.229394 0.516980
3 0.257699 0.539920 0.262454 0.532089 0.277137 0.539500 0.272242 0.547891 0.257699 0.539920
0 0.057253 0.498340 0.080677 0.484402 0.103540 0.514109 0.081839 0.525250 0.076805 0.516732 0.070223 0.520797 0.057253 0.498340
0 0.055393 0.455502 0.072873 0.453404 0.073153 0.442077 0.083081 0.449768 0.080005 0.453544 0.085039 0.461095 0.079166 0.468087 0.060729 0.475598 0.053855 0.462354 0.055393 0.455502
3 0.008123 0.451338 0.014555 0.450359 0.015394 0.453016 0.020848 0.453156 0.027700 0.458190 0.020988 0.459029 0.021128 0.460008 0.009941 0.461267 0.008123 0.451338
2 0.037069 0.439592 0.038188 0.439871 0.057766 0.444206 0.057626 0.452597 0.051193 0.451478 0.049795 0.456093 0.033853 0.453296 0.037069 0.439592
0 0.083608 0.467798 0.090173 0.461131 0.102496 0.471636 0.095426 0.478707 0.083608 0.467798
0 0.080072 0.482545 0.087345 0.476383 0.093002 0.481939 0.084820 0.488505 0.080072 0.482545
0 0.085729 0.489919 0.092597 0.483555 0.097446 0.487798 0.100577 0.485474 0.098557 0.483757 0.106133 0.476485 0.109264 0.479010 0.114517 0.474969 0.130173 0.488101 0.120678 0.496990 0.110779 0.487293 0.094315 0.498404 0.085729 0.489919
3 0.373190 0.561725 0.380723 0.560917 0.381530 0.569795 0.373190 0.570064 0.373190 0.561725
0 0.000008 0.361293 0.008146 0.361839 0.007786 0.371260 0.000008 0.370884 0.000008 0.361293
0 0.000008 0.370886 0.015186 0.373851 0.012141 0.385800 0.000008 0.383225 0.000008 0.370886
