0 0.973180 0.136013 0.988369 0.165884 0.972673 0.176516 0.960522 0.144620 0.973180 0.136013
4 0.999009 0.652719 0.995245 0.654784 0.992448 0.645460 0.999009 0.642489 0.999009 0.652719
0 0.262735 0.584378 0.275643 0.596555 0.238625 0.632111 0.224256 0.618716 0.262735 0.584378
0 0.218876 0.624926 0.232526 0.632299 0.224731 0.660009 0.221533 0.683686 0.199172 0.678627 0.218876 0.624926
0 0.026241 0.210826 0.047266 0.200512 0.057184 0.217966 0.035365 0.231057 0.026241 0.210826
0 0.066308 0.204082 0.080985 0.201305 0.083365 0.222727 0.069878 0.225900 0.066308 0.204082
0 0.000009 0.318597 0.032478 0.318476 0.034195 0.331489 0.029924 0.339179 0.000009 0.333518 0.000009 0.318597
0 0.058142 0.315178 0.075552 0.320801 0.081966 0.329286 0.050993 0.359936 0.037006 0.349679 0.039493 0.344395 0.034519 0.339422 0.058142 0.315178
0 0.000009 0.422581 0.004399 0.408330 0.012652 0.409914 0.014445 0.406626 0.024608 0.408121 0.026102 0.412305 0.030978 0.414280 0.021854 0.438875 0.000009 0.435703 0.000009 0.422581
0 0.065491 0.392859 0.076995 0.400793 0.067077 0.411503 0.056367 0.402776 0.065491 0.392859
0 0.999009 0.145313 0.975839 0.119891 0.986171 0.113121 0.999009 0.127499 0.999009 0.145313
0 0.114704 0.853881 0.121730 0.854350 0.125945 0.860673 0.120793 0.870274 0.117046 0.871914 0.107679 0.864654 0.114704 0.853881
0 0.466754 0.909211 0.472201 0.911741 0.473369 0.918939 0.459555 0.930612 0.449633 0.921274 0.461695 0.910379 0.466754 0.909211
0 0.458388 0.953958 0.465587 0.967383 0.453913 0.973025 0.449050 0.959211 0.458388 0.953958
