0 0.065262 0.890045 0.082293 0.878166 0.112747 0.911423 0.102821 0.920105 0.091808 0.920974 0.065262 0.890045
0 0.138721 0.999004 0.133189 0.987055 0.145607 0.982487 0.152167 0.995138 0.141066 0.999004 0.138721 0.999004
0 0.134150 0.999004 0.129206 0.988578 0.133189 0.987055 0.138721 0.999004 0.134150 0.999004
0 0.181962 0.628880 0.196331 0.581633 0.232130 0.592593 0.218249 0.641056 0.181962 0.628880
0 0.374531 0.739692 0.370147 0.719966 0.405947 0.714121 0.414958 0.755766 0.384029 0.761367 0.381106 0.741640 0.376236 0.742371 0.374531 0.739692
0 0.477850 0.968579 0.554312 0.948686 0.562705 0.970443 0.484688 0.994066 0.477850 0.968579
0 0.512352 0.929415 0.548096 0.921023 0.553691 0.944334 0.519500 0.954281 0.512352 0.929415
0 0.999009 0.903562 0.937553 0.917226 0.928826 0.893027 0.999009 0.879336 0.999009 0.903562
0 0.920892 0.891044 0.930412 0.917623 0.835205 0.951342 0.821936 0.920351 0.920892 0.891044
0 0.810610 0.931507 0.821936 0.920351 0.835205 0.951342 0.824494 0.955705 0.810610 0.931507
0 0.802707 0.820852 0.832778 0.745750 0.823732 0.737996 0.837948 0.704395 0.873488 0.717965 0.874134 0.710210 0.884473 0.708918 0.895458 0.688887 0.923889 0.708272 0.912258 0.732827 0.999009 0.765409 0.999009 0.798227 0.989153 0.796741 0.972353 0.835569 0.869611 0.796798 0.868318 0.813599 0.856041 0.855600 0.808224 0.839446 0.814686 0.827168 0.802707 0.820852
0 0.461231 0.627359 0.462577 0.616445 0.480368 0.618986 0.478724 0.630200 0.461231 0.627359
0 0.415750 0.573264 0.432311 0.548666 0.450089 0.558408 0.454229 0.551832 0.487837 0.563522 0.479070 0.583979 0.453011 0.566932 0.441565 0.589581 0.415750 0.573264
0 0.415750 0.573264 0.411366 0.570341 0.427683 0.546718 0.432311 0.548666 0.415750 0.573264
0 0.479711 0.492220 0.499681 0.470545 0.516729 0.482722 0.497733 0.503910 0.493349 0.500013 0.489209 0.504397 0.478494 0.495630 0.479711 0.492220
0 0.523431 0.503995 0.553482 0.511770 0.555725 0.512966 0.553632 0.523581 0.520291 0.515358 0.523431 0.503995
0 0.517156 0.393941 0.534251 0.368764 0.555387 0.380886 0.564090 0.388035 0.545752 0.417253 0.539224 0.407306 0.517156 0.393941
0 0.605718 0.253902 0.602308 0.255607 0.602065 0.277038 0.596463 0.278743 0.569187 0.277281 0.567734 0.242715 0.590713 0.240889 0.603769 0.240264 0.605718 0.253902
0 0.588115 0.238115 0.549336 0.240400 0.548487 0.224921 0.552870 0.223947 0.586478 0.223216 0.588115 0.238115
0 0.513401 0.208383 0.521397 0.187946 0.547591 0.198126 0.546029 0.223586 0.513401 0.208383
0 0.487999 0.157355 0.511540 0.156238 0.511715 0.169863 0.488338 0.170600 0.487999 0.157355
0 0.331842 0.032820 0.339368 0.060824 0.325730 0.063747 0.314063 0.030967 0.331842 0.032820
0 0.322861 0.019682 0.311572 0.023202 0.306490 0.009682 0.317693 0.005785 0.322861 0.019682
0 0.351363 0.057770 0.357998 0.054455 0.383897 0.053669 0.386819 0.082053 0.352667 0.084347 0.351363 0.057770
4 0.354371 0.000007 0.354667 0.013677 0.330243 0.015585 0.325391 0.012334 0.325194 0.000007 0.354371 0.000007
0 0.715635 0.087338 0.717579 0.085394 0.716084 0.084198 0.723410 0.076274 0.734025 0.086441 0.723559 0.096308 0.715635 0.087338
0 0.721141 0.055405 0.752480 0.024066 0.768745 0.040727 0.737802 0.071670 0.721141 0.055405
0 0.851841 0.113701 0.875643 0.089899 0.908172 0.124015 0.883180 0.149007 0.851841 0.113701
0 0.999009 0.958009 0.978901 0.974024 0.966237 0.958681 0.977927 0.950157 0.974030 0.946017 0.976709 0.943338 0.971108 0.938467 0.979145 0.933109 0.988155 0.945043 0.999009 0.938346 0.999009 0.958009
0 0.529120 0.440352 0.517431 0.430854 0.531312 0.418433 0.541054 0.427444 0.529120 0.440352
0 0.870625 0.018516 0.878905 0.011940 0.888890 0.023143 0.880366 0.030693 0.870625 0.018516
0 0.554436 0.130480 0.584896 0.119601 0.594221 0.143846 0.564693 0.153792 0.554436 0.130480
0 0.836260 0.134164 0.846147 0.142011 0.843437 0.146076 0.832767 0.139471 0.836260 0.134164
0 0.072964 0.906039 0.079201 0.913868 0.071902 0.919574 0.065533 0.912010 0.072964 0.906039
