0 0.509627 0.577840 0.496268 0.557059 0.514765 0.544842 0.528010 0.565623 0.509627 0.577840
0 0.536062 0.574605 0.517629 0.544387 0.525373 0.539758 0.521669 0.533109 0.529076 0.528563 0.544648 0.552636 0.544816 0.555750 0.549193 0.561895 0.546920 0.563326 0.548856 0.566945 0.536062 0.574605
0 0.466461 0.508869 0.479591 0.507185 0.481780 0.522757 0.468817 0.524945 0.466461 0.508869
0 0.520371 0.678254 0.512863 0.670250 0.513111 0.668513 0.506162 0.658027 0.516710 0.650581 0.524280 0.660509 0.523225 0.661564 0.531539 0.670560 0.520371 0.678254
0 0.530823 0.637413 0.518787 0.621925 0.537557 0.606354 0.538483 0.607027 0.543449 0.603408 0.556411 0.620326 0.538988 0.634719 0.535537 0.635056 0.530823 0.637413
0 0.504035 0.627278 0.492845 0.611293 0.505747 0.601588 0.511228 0.609466 0.510543 0.613805 0.514654 0.618829 0.504035 0.627278
0 0.479353 0.610851 0.479017 0.602687 0.485077 0.599909 0.485582 0.608663 0.479353 0.610851
0 0.435784 0.626415 0.453824 0.619907 0.458391 0.632923 0.441036 0.640003 0.435784 0.626415
0 0.578414 0.836108 0.575334 0.836819 0.558796 0.810607 0.573695 0.803285 0.579334 0.817004 0.582953 0.815826 0.589519 0.832071 0.584973 0.833502 0.578414 0.836108
0 0.603064 0.887401 0.580342 0.846067 0.592331 0.839787 0.615167 0.880550 0.624758 0.875526 0.630924 0.888086 0.610599 0.900189 0.603064 0.887401
0 0.407498 0.227190 0.404973 0.225843 0.392684 0.239394 0.383173 0.229967 0.394705 0.218015 0.407246 0.204548 0.414653 0.209766 0.416757 0.216247 0.407498 0.227190
0 0.450869 0.532451 0.450874 0.532558 0.452358 0.532672 0.454071 0.560989 0.438656 0.562587 0.436328 0.532061 0.450869 0.532451
0 0.448933 0.492709 0.450420 0.523301 0.430137 0.522373 0.429522 0.509036 0.434203 0.509036 0.433393 0.492512 0.448923 0.492512 0.448933 0.492709
0 0.448913 0.492024 0.433373 0.492024 0.430598 0.435424 0.447481 0.434494 0.448913 0.492024
0 0.421782 0.556584 0.433229 0.554985 0.433903 0.559025 0.439205 0.563234 0.442572 0.568957 0.442741 0.575354 0.442488 0.583435 0.439963 0.583182 0.440216 0.591515 0.420351 0.593703 0.419510 0.584697 0.421866 0.584529 0.420940 0.574092 0.423634 0.573671 0.421782 0.556584
0 0.457363 0.586424 0.444118 0.588594 0.442572 0.568957 0.438656 0.562587 0.454071 0.560989 0.457363 0.586424
0 0.394787 0.605458 0.402172 0.598073 0.409488 0.604953 0.402802 0.612822 0.394787 0.605458
0 0.213890 0.808506 0.192424 0.792635 0.223937 0.754499 0.243006 0.767515 0.227591 0.787269 0.230788 0.789096 0.213890 0.808506
