0 0.708063 0.999006 0.721945 0.988804 0.734612 0.986235 0.738828 0.999006 0.708063 0.999006
0 0.787087 0.999005 0.776113 0.985522 0.783388 0.983089 0.789292 0.991935 0.802511 0.989726 0.801271 0.987246 0.842277 0.982213 0.853005 0.999004 0.787087 0.999005
0 0.957882 0.969161 0.973756 0.962662 0.980739 0.979699 0.965082 0.986088 0.957882 0.969161
0 0.999008 0.951188 0.975335 0.963085 0.963652 0.943370 0.991433 0.930315 0.999008 0.943974 0.999008 0.951188
0 0.945523 0.915245 0.927877 0.863240 0.943223 0.858128 0.954529 0.891268 0.973626 0.884060 0.980917 0.904244 0.945523 0.915245
0 0.956692 0.849636 0.979422 0.838724 0.991299 0.859947 0.968171 0.870549 0.956692 0.849636
0 0.950938 0.780939 0.986484 0.767071 0.989121 0.773367 0.999008 0.767138 0.999008 0.799328 0.985963 0.805794 0.977251 0.786747 0.957143 0.794365 0.950938 0.780939
0 0.888138 0.758660 0.907127 0.744027 0.929269 0.770093 0.909105 0.783767 0.888138 0.758660
0 0.715086 0.667649 0.730239 0.656987 0.742887 0.671870 0.728618 0.683057 0.715086 0.667649
0 0.732697 0.639178 0.753517 0.621845 0.770485 0.637414 0.749215 0.655753 0.732697 0.639178
0 0.754251 0.619555 0.770433 0.605507 0.777376 0.612307 0.761976 0.626151 0.754251 0.619555
0 0.751585 0.583832 0.768592 0.573305 0.776605 0.583695 0.759668 0.594116 0.751585 0.583832
0 0.765021 0.596636 0.784355 0.584808 0.792285 0.592725 0.806227 0.583489 0.813400 0.589429 0.780233 0.612856 0.765021 0.596636
0 0.810038 0.612246 0.829007 0.611217 0.829645 0.624046 0.810590 0.624655 0.810038 0.612246
3 0.846908 0.604988 0.860352 0.605618 0.860440 0.616381 0.846919 0.615878 0.846908 0.604988
0 0.878597 0.503252 0.922640 0.504911 0.922144 0.530677 0.876818 0.527521 0.878597 0.503252
0 0.846541 0.472384 0.877498 0.479069 0.873755 0.494726 0.843244 0.488205 0.846541 0.472384
0 0.882941 0.479070 0.909535 0.487367 0.907074 0.498544 0.880555 0.490500 0.882941 0.479070
0 0.870652 0.469737 0.883399 0.473583 0.881660 0.480464 0.869213 0.476306 0.870652 0.469737
0 0.961409 0.370958 0.974732 0.371396 0.975947 0.390234 0.979065 0.390088 0.979206 0.397719 0.962913 0.399374 0.961409 0.370958
0 0.962609 0.348668 0.990724 0.348103 0.991299 0.367612 0.980064 0.367408 0.980307 0.371044 0.961409 0.369982 0.962609 0.348668
0 0.999008 0.325547 0.992326 0.325516 0.991975 0.329212 0.976323 0.328038 0.977007 0.298376 0.999008 0.300341 0.999008 0.325547
4 0.867204 0.246869 0.884120 0.240777 0.896753 0.265925 0.880396 0.272415 0.867204 0.246869
3 0.780399 0.265517 0.795238 0.257104 0.810884 0.283264 0.803478 0.288225 0.800040 0.282169 0.793733 0.285731 0.780399 0.265517
3 0.804139 0.303039 0.821755 0.299488 0.824563 0.313352 0.806348 0.316480 0.804139 0.303039
4 0.899733 0.295326 0.916283 0.290779 0.920549 0.308814 0.903964 0.313659 0.899733 0.295326
0 0.657012 0.362515 0.685016 0.340595 0.704882 0.363822 0.679236 0.385965 0.657012 0.362515
3 0.488683 0.184494 0.503836 0.175528 0.512703 0.190277 0.497790 0.199252 0.488683 0.184494
0 0.532257 0.157875 0.552751 0.147217 0.556593 0.158410 0.547164 0.164059 0.554526 0.177955 0.545649 0.183461 0.532257 0.157875
0 0.552144 0.173340 0.547164 0.164059 0.556593 0.158410 0.561179 0.168349 0.552144 0.173340
0 0.564313 0.136578 0.584258 0.128309 0.591413 0.143743 0.570936 0.152033 0.564313 0.136578
3 0.564966 0.170197 0.576311 0.166968 0.580113 0.181053 0.569128 0.184241 0.564966 0.170197
0 0.552137 0.203587 0.542624 0.185581 0.558598 0.174990 0.569176 0.193818 0.552137 0.203587
0 0.522001 0.141851 0.538871 0.132325 0.545027 0.142957 0.527535 0.152170 0.522001 0.141851
3 0.545642 0.111336 0.559596 0.111121 0.559417 0.126782 0.545388 0.126695 0.545642 0.111336
0 0.514037 0.092432 0.499117 0.094549 0.498276 0.081174 0.512567 0.077294 0.513145 0.077188 0.514037 0.092432
2 0.542209 0.063012 0.543213 0.086250 0.529851 0.088637 0.531904 0.105703 0.519297 0.106465 0.513623 0.077109 0.526305 0.074876 0.525027 0.062851 0.542209 0.063012
3 0.543266 0.087572 0.549590 0.087471 0.552108 0.104493 0.532393 0.105674 0.530391 0.089037 0.543232 0.086748 0.543266 0.087572
3 0.944486 0.547751 0.955513 0.541185 0.960984 0.548003 0.949453 0.555326 0.944486 0.547751
3 0.966960 0.523004 0.982279 0.520395 0.984888 0.527381 0.971253 0.529991 0.966960 0.523004
