0 0.110707 0.374974 0.101279 0.351405 0.131135 0.339227 0.140562 0.352583 0.145669 0.365939 0.111100 0.376153 0.110707 0.374974
0 0.021425 0.355143 0.040331 0.342964 0.046602 0.350690 0.049511 0.357779 0.025788 0.372958 0.021062 0.370232 0.021789 0.363596 0.020244 0.363687 0.019607 0.356780 0.021153 0.355234 0.021425 0.355143
0 0.073303 0.397798 0.055670 0.366013 0.056134 0.364505 0.061471 0.361837 0.064835 0.362301 0.069823 0.367521 0.069939 0.371813 0.083975 0.390838 0.083975 0.393506 0.074463 0.398610 0.072491 0.396290 0.073303 0.397798
0 0.075507 0.372161 0.076203 0.373553 0.069359 0.360445 0.069707 0.355920 0.089544 0.351860 0.092676 0.356732 0.093952 0.365317 0.075507 0.372161
0 0.101650 0.289083 0.101650 0.278062 0.106174 0.279918 0.107682 0.274930 0.112206 0.274350 0.112670 0.272146 0.118238 0.272494 0.118702 0.275394 0.124502 0.277714 0.129027 0.275742 0.138610 0.296533 0.113134 0.311007 0.104898 0.291171 0.101650 0.289083
0 0.138349 0.300743 0.143829 0.268431 0.147608 0.259550 0.147797 0.259739 0.150820 0.255204 0.157056 0.252370 0.160835 0.264085 0.156300 0.299231 0.158945 0.302632 0.156867 0.316615 0.139672 0.316615 0.138538 0.300743 0.138349 0.300743
0 0.343798 0.320318 0.343155 0.319857 0.343007 0.311269 0.379280 0.301498 0.391717 0.308012 0.391865 0.319116 0.385203 0.322522 0.378836 0.320449 0.343801 0.320213 0.343798 0.320318
0 0.311646 0.296407 0.317557 0.292704 0.328026 0.291850 0.329521 0.292419 0.333723 0.301891 0.333723 0.303529 0.316417 0.312360 0.311432 0.296407 0.311646 0.296407
0 0.269754 0.317736 0.267666 0.296159 0.271378 0.294999 0.274162 0.293723 0.274278 0.292215 0.298407 0.290707 0.301655 0.298363 0.302119 0.314372 0.269754 0.317272 0.269754 0.317736
0 0.260009 0.282471 0.259777 0.263910 0.289590 0.262866 0.292258 0.267970 0.297247 0.269710 0.298639 0.289431 0.271726 0.291171 0.271842 0.291403 0.271610 0.291403 0.260241 0.291171 0.260009 0.282703 0.260009 0.282471
0 0.541311 0.286538 0.568804 0.286074 0.569268 0.296282 0.566136 0.297558 0.566368 0.301966 0.553492 0.300690 0.545604 0.299762 0.541891 0.299530 0.541311 0.286715 0.541311 0.286538
0 0.687469 0.327553 0.688385 0.315407 0.706719 0.316324 0.710156 0.322282 0.707406 0.329157 0.688385 0.327553 0.687469 0.327553
0 0.680552 0.282496 0.693062 0.285543 0.693656 0.293178 0.690448 0.301199 0.676239 0.296157 0.678302 0.284011 0.680651 0.282399 0.680552 0.282496
0 0.662612 0.284407 0.674536 0.284366 0.674868 0.296082 0.668844 0.296705 0.667764 0.295625 0.662197 0.294918 0.662238 0.284324 0.662612 0.284407
0 0.657842 0.290256 0.664015 0.296649 0.686723 0.300948 0.685952 0.311531 0.684739 0.317153 0.680109 0.317924 0.641418 0.306239 0.637229 0.300287 0.640536 0.286177 0.642189 0.284413 0.657842 0.290256
0 0.598309 0.283054 0.633575 0.279406 0.632967 0.293999 0.599525 0.301904 0.597701 0.281230 0.598309 0.283054
0 0.594052 0.320753 0.598598 0.323018 0.620760 0.319514 0.626317 0.333845 0.626025 0.338525 0.597069 0.339988 0.593247 0.320863 0.594052 0.320753
0 0.508725 0.463998 0.506819 0.452087 0.496814 0.440177 0.495861 0.432078 0.508725 0.422549 0.514918 0.426837 0.526829 0.431601 0.533022 0.450182 0.508849 0.463217 0.508725 0.463998
0 0.517906 0.473860 0.517906 0.465182 0.532819 0.455756 0.542949 0.457725 0.542386 0.466870 0.534483 0.473728 0.517906 0.473860
0 0.473123 0.426405 0.473037 0.426319 0.472346 0.425628 0.472087 0.422605 0.469064 0.420446 0.475541 0.415264 0.484524 0.427874 0.478046 0.432451 0.473123 0.426405
0 0.643238 0.390822 0.643410 0.385208 0.647729 0.385294 0.648247 0.385294 0.652047 0.384517 0.654466 0.388922 0.655848 0.391426 0.653775 0.394536 0.645656 0.396350 0.643324 0.390822 0.643238 0.390822
0 0.690698 0.426794 0.681888 0.416602 0.681802 0.410902 0.694067 0.409261 0.693980 0.412457 0.707022 0.415825 0.708231 0.421785 0.713327 0.423512 0.708836 0.432149 0.707368 0.436381 0.704604 0.437159 0.703481 0.435431 0.697780 0.435949 0.696053 0.431285 0.695189 0.427053 0.690698 0.426449 0.690698 0.426794
0 0.232952 0.350174 0.234747 0.332398 0.236363 0.331680 0.253242 0.334014 0.251985 0.348558 0.252883 0.354125 0.246957 0.355561 0.233490 0.350533 0.232952 0.350174
0 0.229445 0.250029 0.219030 0.248952 0.217594 0.245720 0.215798 0.239974 0.230343 0.239615 0.229804 0.248054 0.229624 0.249490 0.229445 0.250029
0 0.417417 0.300796 0.415526 0.292611 0.422270 0.288477 0.458479 0.286984 0.461092 0.291837 0.460194 0.294151 0.460106 0.294510 0.458638 0.299952 0.453974 0.302629 0.417180 0.300988 0.417417 0.300796
0 0.145525 0.043724 0.168610 0.049880 0.170456 0.065578 0.165532 0.080352 0.158760 0.080659 0.139369 0.073888 0.139649 0.059190 0.145852 0.044118 0.145525 0.043724
0 0.191734 0.055259 0.191618 0.055491 0.192662 0.031594 0.196490 0.021966 0.199854 0.022198 0.220967 0.025910 0.226419 0.031478 0.223403 0.033334 0.224099 0.037510 0.226419 0.038670 0.225839 0.043079 0.223635 0.058739 0.191734 0.055259
0 0.261409 0.050872 0.261409 0.049835 0.270885 0.040212 0.270144 0.035622 0.276215 0.030884 0.302568 0.045690 0.303456 0.049095 0.297682 0.055905 0.298127 0.058866 0.290872 0.069526 0.264666 0.055017 0.261409 0.050872
0 0.626597 0.144599 0.678382 0.148919 0.706391 0.152920 0.726090 0.158152 0.734093 0.176312 0.754715 0.184007 0.787341 0.186777 0.791342 0.186469 0.793497 0.191086 0.790419 0.196934 0.792881 0.202783 0.794420 0.214479 0.777184 0.215402 0.770105 0.223097 0.764256 0.249875 0.636830 0.237255 0.635907 0.229253 0.633444 0.213555 0.578965 0.202167 0.579273 0.179390 0.550956 0.172003 0.549109 0.150765 0.559574 0.146456 0.583890 0.148611 0.585429 0.144917 0.626365 0.144302 0.626597 0.144599
0 0.794244 0.270866 0.796091 0.269635 0.797014 0.258554 0.849032 0.259170 0.849339 0.272405 0.794244 0.270866
0 0.174761 0.138331 0.175685 0.137715 0.176608 0.113400 0.180917 0.108167 0.213543 0.107244 0.213543 0.120479 0.216313 0.124788 0.210465 0.141409 0.174761 0.138331
0 0.254819 0.159041 0.255008 0.158663 0.257842 0.126540 0.263133 0.124650 0.262566 0.116336 0.285052 0.118793 0.284674 0.127674 0.292799 0.130886 0.295256 0.137688 0.293177 0.146570 0.288642 0.146947 0.284674 0.152049 0.285052 0.164143 0.279761 0.166599 0.257464 0.164143 0.254819 0.159041
0 0.260967 0.262979 0.255919 0.267274 0.258376 0.276533 0.257809 0.282201 0.246471 0.281257 0.242881 0.283146 0.239858 0.285225 0.232677 0.295428 0.231166 0.296940 0.221529 0.297129 0.220206 0.294106 0.222474 0.289193 0.222285 0.287681 0.225875 0.278422 0.228898 0.271053 0.237744 0.262021 0.260967 0.262979
0 0.281875 0.247090 0.281996 0.249700 0.283318 0.249700 0.283318 0.262739 0.272926 0.262550 0.268957 0.258582 0.267662 0.257944 0.272732 0.262478 0.272926 0.263494 0.261201 0.262939 0.261222 0.262498 0.238193 0.261553 0.244771 0.252535 0.232866 0.251023 0.231166 0.246677 0.236268 0.242898 0.252707 0.240819 0.253174 0.239756 0.281875 0.247090
0 0.284830 0.228537 0.281429 0.237418 0.281855 0.246582 0.253369 0.239307 0.254030 0.237796 0.253274 0.238741 0.258565 0.223624 0.268768 0.223624 0.284830 0.228537
0 0.456810 0.040081 0.456810 0.039543 0.469918 0.028590 0.467583 0.026076 0.460940 0.020869 0.463274 0.018175 0.466865 0.016559 0.466506 0.014405 0.470636 0.009198 0.475843 0.010634 0.481768 0.016200 0.483025 0.022305 0.492542 0.022305 0.495954 0.035233 0.472431 0.054985 0.456810 0.040081
4 0.290684 0.000006 0.282681 0.013191 0.281696 0.008549 0.274521 0.004328 0.275366 0.000951 0.272849 0.000006 0.290684 0.000006
0 0.278742 0.009533 0.281134 0.009956 0.279868 0.013191 0.279023 0.016287 0.275506 0.020366 0.271145 0.017553 0.271145 0.016709 0.270863 0.013613 0.274240 0.011222 0.277335 0.009393 0.278179 0.009111 0.278742 0.009533
0 0.350329 0.049098 0.363890 0.035537 0.365790 0.044002 0.367604 0.044175 0.368208 0.048666 0.370195 0.073713 0.366049 0.072159 0.352834 0.071640 0.350761 0.048925 0.350329 0.049098
0 0.347437 0.111908 0.347352 0.111969 0.349226 0.097749 0.354297 0.096978 0.354517 0.094993 0.352423 0.094993 0.349557 0.094773 0.347903 0.084080 0.372154 0.083860 0.373808 0.110977 0.347437 0.111908
0 0.362610 0.141679 0.383250 0.136671 0.387717 0.137415 0.389612 0.137754 0.390018 0.151085 0.367144 0.156432 0.362881 0.141679 0.362610 0.141679
0 0.328776 0.144017 0.325365 0.131807 0.330572 0.129653 0.327519 0.121034 0.354453 0.118161 0.357506 0.125882 0.358583 0.132526 0.347810 0.143299 0.328238 0.144197 0.328776 0.144017
0 0.351510 0.238692 0.349681 0.225327 0.372754 0.224342 0.380633 0.235597 0.376834 0.245586 0.361921 0.247274 0.352636 0.247274 0.351792 0.239114 0.351510 0.238692
0 0.289354 0.252202 0.289534 0.252381 0.284327 0.252741 0.284830 0.228537 0.290432 0.229398 0.302282 0.228680 0.303360 0.252741 0.289354 0.252202
0 0.303719 0.255254 0.309106 0.256332 0.315211 0.261000 0.314672 0.265489 0.321675 0.269439 0.322572 0.272133 0.317006 0.271953 0.312876 0.274467 0.313595 0.282547 0.309824 0.285959 0.302462 0.286857 0.301385 0.284881 0.304617 0.284702 0.300666 0.268901 0.294921 0.267285 0.291688 0.260821 0.291688 0.254536 0.303719 0.255254
0 0.387918 0.108841 0.409459 0.103112 0.415189 0.118007 0.410605 0.121445 0.411522 0.126716 0.412656 0.128483 0.413002 0.131679 0.412224 0.135047 0.410151 0.143598 0.401169 0.145412 0.398750 0.148435 0.392186 0.139107 0.387004 0.128483 0.393396 0.123301 0.388818 0.108964 0.387918 0.108841
0 0.314993 0.250170 0.315222 0.249941 0.314764 0.238254 0.312014 0.235733 0.320951 0.231837 0.324160 0.231608 0.328514 0.245358 0.314993 0.250170
0 0.360826 0.274462 0.349139 0.257504 0.361055 0.254066 0.372056 0.267129 0.360826 0.273774 0.360826 0.274462
0 0.337681 0.266670 0.349139 0.257504 0.354181 0.271941 0.354181 0.280879 0.341806 0.287295 0.335618 0.279274 0.336764 0.266670 0.337681 0.266670
0 0.374805 0.271483 0.385118 0.262774 0.387868 0.263920 0.395201 0.272858 0.401618 0.274691 0.401389 0.288670 0.383514 0.287524 0.371139 0.276295 0.374840 0.271502 0.374805 0.271483
0 0.396320 0.268977 0.393384 0.263882 0.392520 0.258958 0.427932 0.238748 0.432682 0.248335 0.416876 0.258872 0.405907 0.264659 0.406857 0.271396 0.404036 0.273050 0.401330 0.272950 0.396148 0.268200 0.396320 0.268977
0 0.427153 0.261477 0.427575 0.262321 0.433202 0.258382 0.439533 0.265557 0.439815 0.271888 0.430811 0.273154 0.427856 0.268230 0.427153 0.261477
0 0.448115 0.239811 0.457823 0.234887 0.463450 0.235871 0.462606 0.245438 0.454024 0.247689 0.448256 0.240373 0.448115 0.239811
0 0.478902 0.289404 0.478609 0.288527 0.497036 0.289697 0.493818 0.312218 0.474222 0.309586 0.478902 0.289404
0 0.493818 0.264251 0.510490 0.262204 0.510782 0.265421 0.542078 0.261619 0.551729 0.266883 0.551729 0.276535 0.530378 0.277413 0.493233 0.276828 0.493526 0.264544 0.493818 0.264251
0 0.370876 0.178939 0.371322 0.178794 0.370684 0.170072 0.378873 0.170365 0.389695 0.170657 0.391450 0.173290 0.392035 0.184989 0.382383 0.184404 0.375949 0.184404 0.370876 0.178939
0 0.519295 0.341064 0.536482 0.340377 0.541753 0.343356 0.541753 0.348397 0.519753 0.348627 0.517232 0.348168 0.518836 0.339918 0.519295 0.341064
0 0.229871 0.109914 0.229308 0.111180 0.230434 0.107663 0.240000 0.107382 0.239438 0.125530 0.228183 0.124545 0.229871 0.109914
0 0.219882 0.107804 0.219741 0.107382 0.223540 0.108648 0.223118 0.119621 0.225932 0.121450 0.217631 0.122294 0.217490 0.110617 0.219882 0.107804
0 0.176972 0.098096 0.189212 0.098659 0.188368 0.106115 0.177113 0.106537 0.177394 0.098800 0.176972 0.098096
0 0.803621 0.039540 0.800583 0.075487 0.748435 0.068905 0.749447 0.033971 0.803621 0.039540
0 0.796180 0.177634 0.810491 0.179542 0.808392 0.205303 0.795226 0.203776 0.796180 0.177634
0 0.589974 0.074944 0.629146 0.083765 0.624212 0.100510 0.586237 0.091390 0.589974 0.074944
0 0.703970 0.291520 0.720079 0.294684 0.718209 0.315396 0.700446 0.312591 0.703970 0.291520
0 0.705525 0.412143 0.695567 0.410035 0.693693 0.407223 0.687250 0.407575 0.686781 0.387894 0.698027 0.387308 0.699433 0.394454 0.705759 0.394337 0.706110 0.411089 0.705525 0.412143
0 0.436041 0.474516 0.432784 0.470932 0.468217 0.449486 0.479407 0.467203 0.470428 0.474240 0.436041 0.474516
0 0.593096 0.284382 0.593599 0.299701 0.580222 0.299485 0.580294 0.284310 0.593096 0.284382
0 0.594606 0.303656 0.595469 0.310416 0.582524 0.311567 0.582883 0.304016 0.594606 0.303656
0 0.406947 0.179485 0.422644 0.181242 0.423347 0.201743 0.406478 0.202914 0.406947 0.179485
0 0.147466 0.232325 0.158679 0.233372 0.158978 0.244585 0.147914 0.244884 0.147466 0.232325
0 0.604033 0.018650 0.639880 0.030013 0.636483 0.048405 0.599113 0.039385 0.604033 0.018650
0 0.748976 0.108801 0.766511 0.110750 0.766024 0.139487 0.747515 0.139000 0.748976 0.108801
0 0.000006 0.353561 0.007010 0.351421 0.007010 0.337858 0.018552 0.338147 0.018552 0.368734 0.000006 0.377329 0.000006 0.353561
0 0.022592 0.351132 0.020572 0.328625 0.030672 0.328625 0.032114 0.344495 0.022592 0.351132
4 0.000006 0.388536 0.005567 0.392396 0.006433 0.410863 0.000006 0.422143 0.000006 0.388536
0 0.008374 0.389178 0.030204 0.382980 0.047991 0.401845 0.031012 0.413703 0.008374 0.389178
0 0.039636 0.377320 0.051225 0.388909 0.046374 0.399150 0.030204 0.382980 0.039636 0.377320
0 0.039636 0.377320 0.051225 0.368696 0.061736 0.382441 0.051225 0.388909 0.039636 0.377320
0 0.130998 0.370313 0.154984 0.373277 0.150403 0.385675 0.131268 0.383249 0.130998 0.370313
0 0.259552 0.357916 0.261438 0.347135 0.271949 0.348213 0.269524 0.360072 0.259552 0.357916
0 0.255509 0.336625 0.271680 0.338511 0.271949 0.348213 0.254410 0.346941 0.255509 0.336625
0 0.056719 0.266189 0.066293 0.266189 0.067441 0.276911 0.057102 0.278443 0.056719 0.266189
0 0.401371 0.297208 0.409030 0.294910 0.414499 0.301754 0.399456 0.308313 0.401371 0.297208
4 0.529766 0.000008 0.522382 0.010381 0.505996 0.000008 0.529766 0.000008
0 0.462988 0.231703 0.468330 0.228388 0.475514 0.236492 0.468514 0.240545 0.462988 0.231703
0 0.407977 0.227720 0.419385 0.219572 0.427533 0.229350 0.414030 0.236799 0.407977 0.227720
0 0.419385 0.216080 0.430094 0.209328 0.440104 0.219805 0.429861 0.228186 0.419385 0.216080
0 0.405183 0.206302 0.446390 0.200947 0.448252 0.213752 0.434750 0.214916 0.430094 0.209328 0.419385 0.216080 0.419385 0.219572 0.405649 0.218873 0.405183 0.206302
0 0.359477 0.212796 0.378011 0.210036 0.378799 0.219894 0.359872 0.219894 0.359477 0.212796
0 0.302140 0.192580 0.305367 0.162618 0.323344 0.162157 0.323344 0.193502 0.302140 0.192580
0 0.449776 0.030981 0.460348 0.021855 0.464764 0.027431 0.454706 0.036700 0.449776 0.030981
