4 0.180519 0.000005 0.181282 0.012047 0.168306 0.012619 0.167734 0.000004 0.180519 0.000005
0 0.145956 0.063114 0.154161 0.062923 0.153207 0.046131 0.165801 0.046322 0.165992 0.084295 0.145002 0.083722 0.145956 0.063114
0 0.197157 0.042021 0.200973 0.042021 0.200973 0.039350 0.208033 0.039541 0.208224 0.049463 0.200591 0.050036 0.197920 0.046983 0.197157 0.042021
0 0.199459 0.051240 0.208545 0.051361 0.211026 0.087998 0.199005 0.088952 0.197287 0.085518 0.196966 0.060759 0.199545 0.060244 0.199459 0.051240
0 0.153670 0.089848 0.167559 0.089280 0.169658 0.126681 0.155347 0.127253 0.153670 0.089848
0 0.179185 0.089854 0.184601 0.089854 0.209140 0.089262 0.212102 0.097470 0.210766 0.111400 0.185578 0.111781 0.180235 0.110636 0.179185 0.089854
0 0.334823 0.031829 0.355050 0.027249 0.360202 0.036027 0.361347 0.052055 0.338067 0.054727 0.334251 0.042133 0.334823 0.031829
0 0.351615 0.052246 0.361347 0.052055 0.362492 0.071137 0.355050 0.070946 0.351615 0.052246
0 0.334971 0.074718 0.350032 0.072136 0.360246 0.071594 0.369283 0.096551 0.371004 0.116775 0.343895 0.118927 0.338731 0.116775 0.332707 0.082351 0.334971 0.074718
0 0.514784 0.002436 0.544905 0.000715 0.540602 0.029546 0.520809 0.028685 0.514354 0.014485 0.514784 0.002436
0 0.491040 0.041775 0.495948 0.037713 0.506695 0.050745 0.501702 0.056076 0.491040 0.041775
4 0.586570 0.000007 0.586570 0.004805 0.580845 0.008622 0.560237 0.002706 0.561188 0.000008 0.586570 0.000007
4 0.586570 0.004805 0.595347 0.004805 0.610613 0.004996 0.606987 0.015110 0.586570 0.013583 0.586570 0.004805
0 0.563399 0.022507 0.574466 0.024987 0.575611 0.021362 0.579427 0.022507 0.578664 0.026323 0.582290 0.027468 0.582099 0.035291 0.574085 0.043306 0.578283 0.044260 0.576374 0.053037 0.572176 0.053610 0.573894 0.067158 0.568551 0.067540 0.565689 0.045786 0.562635 0.043878 0.560918 0.024224 0.563399 0.022507
0 0.666069 0.011944 0.682908 0.008221 0.685616 0.022267 0.668100 0.026837 0.666069 0.011944
4 0.816357 0.000005 0.823137 0.006991 0.811739 0.014105 0.806764 0.014643 0.797286 0.002146 0.800309 0.000005 0.816357 0.000005
0 0.588939 0.081992 0.609738 0.076076 0.610501 0.071687 0.640269 0.063482 0.655725 0.086380 0.638361 0.098593 0.630728 0.089624 0.619851 0.092677 0.620996 0.096112 0.594663 0.102218 0.588939 0.081992
0 0.733955 0.053915 0.757426 0.038077 0.765440 0.043611 0.770974 0.052770 0.751320 0.069944 0.733955 0.053915
0 0.767804 0.095246 0.767804 0.085896 0.795664 0.067577 0.818180 0.089712 0.803678 0.105741 0.781925 0.114900 0.767804 0.095246
0 0.643336 0.130755 0.653259 0.125603 0.659747 0.122359 0.681691 0.117589 0.687224 0.127130 0.686270 0.131709 0.664708 0.137434 0.648488 0.142586 0.643336 0.130755
0 0.993623 0.329775 0.944904 0.343274 0.934982 0.314461 0.983836 0.301543 0.993623 0.329775
0 0.999006 0.328284 0.994092 0.329648 0.984169 0.300831 0.976961 0.281831 0.990891 0.277633 0.999006 0.302113 0.999006 0.328284
0 0.863925 0.364248 0.888022 0.353921 0.901361 0.378018 0.878986 0.387054 0.872961 0.385333 0.863925 0.364248
0 0.940949 0.366830 0.956870 0.361236 0.986382 0.359908 0.990007 0.387004 0.946310 0.393301 0.940949 0.366830
0 0.639601 0.323787 0.652147 0.324074 0.655966 0.332539 0.653990 0.346605 0.643979 0.348407 0.633072 0.344125 0.639601 0.323787
0 0.672953 0.330386 0.684593 0.324852 0.693561 0.338018 0.682875 0.344125 0.672953 0.330386
3 0.705010 0.387631 0.711880 0.380380 0.727527 0.394882 0.720657 0.402133 0.705010 0.387631
0 0.839061 0.482023 0.875636 0.460938 0.883812 0.476859 0.873915 0.482453 0.881230 0.493641 0.857133 0.506980 0.852400 0.502247 0.839061 0.482023
0 0.885964 0.458787 0.905327 0.453623 0.904897 0.450181 0.915654 0.448029 0.923400 0.476429 0.920388 0.484605 0.916515 0.489768 0.898442 0.492781 0.885964 0.458787
0 0.948013 0.501390 0.956409 0.488415 0.964614 0.488033 0.979689 0.495666 0.966904 0.515320 0.948013 0.501390
0 0.235925 0.560326 0.269318 0.562044 0.268745 0.574638 0.234971 0.573111 0.235925 0.560326
0 0.271226 0.542962 0.293170 0.543153 0.291453 0.565860 0.271989 0.564143 0.271226 0.542962
1 0.452196 0.395540 0.464675 0.385644 0.477153 0.399844 0.464675 0.411462 0.452196 0.395540
0 0.457671 0.470740 0.477465 0.469449 0.480477 0.500431 0.470150 0.505594 0.461974 0.503443 0.457671 0.470740
0 0.554360 0.504580 0.570389 0.495612 0.576686 0.501527 0.590234 0.520227 0.573442 0.531867 0.568099 0.530722 0.554360 0.504580
0 0.583174 0.502290 0.594241 0.495039 0.603400 0.501718 0.609507 0.513549 0.597103 0.520990 0.583174 0.502290
0 0.596913 0.533584 0.615994 0.521181 0.624009 0.535683 0.622864 0.542934 0.607408 0.549231 0.596913 0.533584
0 0.657114 0.513629 0.676440 0.505214 0.675296 0.496436 0.661175 0.494719 0.663465 0.484415 0.679875 0.488804 0.680448 0.494337 0.687699 0.495101 0.689607 0.485941 0.694950 0.487086 0.698194 0.472775 0.691515 0.472584 0.693042 0.465524 0.698957 0.466669 0.700484 0.459990 0.711360 0.463043 0.700102 0.514564 0.666518 0.528303 0.657114 0.513629
0 0.629389 0.538832 0.676722 0.527645 0.681456 0.536681 0.681025 0.543566 0.666395 0.548729 0.671559 0.566372 0.655637 0.571105 0.649613 0.557766 0.631540 0.561208 0.629389 0.538832
0 0.834932 0.500703 0.841993 0.500512 0.843138 0.513678 0.839130 0.515777 0.837413 0.515396 0.834932 0.500703
0 0.852950 0.570997 0.864627 0.569982 0.866066 0.590205 0.859296 0.591390 0.858450 0.588767 0.853627 0.588682 0.853035 0.582928 0.853881 0.582505 0.852950 0.570997
0 0.871682 0.572157 0.879552 0.570296 0.880972 0.571059 0.886506 0.580600 0.875247 0.585179 0.871682 0.572157
0 0.888156 0.553767 0.907520 0.547743 0.923441 0.550325 0.927744 0.573561 0.918278 0.577864 0.895472 0.579585 0.891289 0.577209 0.889174 0.565278 0.888156 0.553767
0 0.644847 0.616996 0.636664 0.593598 0.657424 0.585154 0.655371 0.575533 0.665347 0.575744 0.684004 0.609251 0.684435 0.617427 0.659908 0.624312 0.654314 0.613554 0.644847 0.616996
0 0.680992 0.578700 0.698204 0.570524 0.703368 0.584724 0.704229 0.599354 0.704229 0.610972 0.692180 0.616566 0.680992 0.578700
0 0.903409 0.589985 0.907607 0.585596 0.944244 0.585215 0.944244 0.604487 0.916384 0.604678 0.911423 0.604678 0.903218 0.602770 0.903409 0.589985
0 0.894433 0.590410 0.902557 0.589817 0.902387 0.596587 0.903911 0.596756 0.903218 0.602770 0.896549 0.603187 0.894349 0.601495 0.894433 0.590410
0 0.922997 0.612210 0.941952 0.611871 0.942629 0.626849 0.939837 0.627103 0.939075 0.631334 0.929005 0.631757 0.928836 0.641319 0.919782 0.640896 0.919951 0.629387 0.923505 0.629641 0.922997 0.612210
0 0.602938 0.676988 0.614579 0.676607 0.613816 0.692063 0.602405 0.691452 0.602938 0.676988
4 0.575652 0.704466 0.590536 0.704085 0.590154 0.725075 0.578133 0.725456 0.575652 0.704466
0 0.662569 0.626577 0.667485 0.623387 0.686594 0.618841 0.690318 0.635003 0.688409 0.639583 0.683639 0.640346 0.677533 0.641872 0.677533 0.640346 0.671045 0.641300 0.668374 0.644162 0.662569 0.626577
0 0.973653 0.734884 0.990827 0.731068 0.994262 0.724962 0.999006 0.723700 0.999006 0.759117 0.978996 0.762934 0.972318 0.758164 0.970028 0.739464 0.973653 0.734884
0 0.614696 0.843127 0.625954 0.838356 0.642364 0.854576 0.641792 0.860110 0.631869 0.868315 0.614696 0.843127
0 0.652859 0.845798 0.663736 0.842936 0.687779 0.843127 0.687779 0.862590 0.653623 0.864117 0.652859 0.845798
0 0.669461 0.821946 0.678429 0.813741 0.698465 0.810497 0.697511 0.805345 0.705525 0.803627 0.708006 0.810879 0.712585 0.810879 0.718882 0.819847 0.716974 0.832632 0.696366 0.834922 0.696366 0.841791 0.692550 0.842363 0.686634 0.837784 0.677284 0.839501 0.675376 0.838738 0.675376 0.834540 0.669461 0.821946
0 0.716783 0.803246 0.730331 0.801910 0.744261 0.803055 0.744452 0.826144 0.747314 0.826335 0.749222 0.837021 0.746933 0.837975 0.747505 0.842363 0.722126 0.843699 0.716783 0.803246
0 0.761558 0.747891 0.773580 0.750372 0.778732 0.752280 0.779304 0.758959 0.762131 0.789490 0.760032 0.792924 0.741713 0.791398 0.736180 0.787009 0.751827 0.763920 0.761558 0.747891
0 0.803241 0.797310 0.820883 0.774935 0.835083 0.784401 0.813998 0.809789 0.803241 0.797310
0 0.521253 0.909479 0.548158 0.904518 0.559226 0.912914 0.560561 0.927416 0.534992 0.932187 0.526024 0.929897 0.521253 0.909479
0 0.829704 0.999004 0.811978 0.976452 0.810642 0.972063 0.823427 0.962140 0.831823 0.963667 0.853003 0.992671 0.839812 0.999004 0.829704 0.999004
0 0.868269 0.969201 0.894792 0.981795 0.889259 0.993816 0.880290 0.990191 0.862353 0.979696 0.868269 0.969201
0 0.934130 0.945101 0.945197 0.947582 0.946915 0.941476 0.954738 0.942811 0.953403 0.949490 0.961226 0.952543 0.960654 0.962656 0.957410 0.962847 0.950731 0.978876 0.947487 0.980784 0.924398 0.970098 0.934130 0.945101
0 0.366501 0.999007 0.365244 0.996300 0.394248 0.984279 0.394821 0.984088 0.404362 0.998972 0.404309 0.999007 0.366501 0.999007
0 0.507753 0.986733 0.547524 0.969556 0.552263 0.978356 0.512407 0.997395 0.507753 0.986733
0 0.703782 0.144967 0.706644 0.142868 0.709506 0.144204 0.711605 0.146875 0.711224 0.150692 0.707598 0.152027 0.703782 0.144967
0 0.948618 0.126099 0.959375 0.126509 0.959278 0.135838 0.959230 0.139287 0.948540 0.139287 0.948637 0.126266 0.948618 0.126099
0 0.936389 0.128238 0.945543 0.129011 0.945027 0.142934 0.935229 0.142934 0.936261 0.128624 0.936389 0.128238
0 0.000006 0.943198 0.016964 0.945578 0.014222 0.968559 0.008607 0.971824 0.010696 0.974696 0.003589 0.980372 0.000006 0.976119 0.000006 0.943198
0 0.026188 0.970783 0.034972 0.969877 0.039862 0.975130 0.039681 0.979567 0.028180 0.979930 0.026188 0.970783
0 0.002609 0.993080 0.005351 0.982372 0.021411 0.974669 0.032804 0.994843 0.019363 0.999001 0.008529 0.999000 0.002609 0.993080
0 0.047227 0.999002 0.046088 0.994083 0.051767 0.993754 0.054170 0.999002 0.047227 0.999002
