0 0.055527 0.999002 0.069685 0.979631 0.077235 0.983528 0.073717 0.997450 0.069303 0.999002 0.055527 0.999002
0 0.059406 0.961003 0.066466 0.969781 0.060360 0.978559 0.064749 0.984856 0.059024 0.991725 0.043187 0.976460 0.049674 0.972453 0.036508 0.964629 0.044522 0.955088 0.054826 0.961576 0.059406 0.961003
0 0.106156 0.932762 0.106729 0.954516 0.094707 0.953943 0.096043 0.931999 0.106156 0.932762
0 0.043568 0.917879 0.053491 0.928755 0.043568 0.938105 0.031928 0.927420 0.043568 0.917879
0 0.079060 0.911772 0.094517 0.928374 0.088983 0.937342 0.083258 0.932381 0.077534 0.939632 0.077534 0.945547 0.076198 0.951653 0.063604 0.954134 0.052727 0.945356 0.062650 0.936770 0.058261 0.932953 0.079060 0.911772
0 0.195807 0.921394 0.204200 0.916421 0.210416 0.930097 0.199537 0.933827 0.195807 0.921394
0 0.354637 0.930097 0.359611 0.946260 0.345002 0.950301 0.338164 0.936314 0.354637 0.930097
0 0.142531 0.935889 0.155316 0.930355 0.161422 0.940850 0.147492 0.945239 0.142531 0.935889
0 0.145584 0.912228 0.157987 0.905740 0.168482 0.921578 0.157224 0.928829 0.145584 0.912228
0 0.143867 0.915090 0.151499 0.926157 0.135661 0.936843 0.128601 0.925012 0.143867 0.915090
0 0.147301 0.883987 0.153789 0.895817 0.136043 0.903068 0.128410 0.892955 0.147301 0.883987
0 0.126696 0.862139 0.131810 0.867497 0.137655 0.863114 0.147153 0.872124 0.130836 0.886250 0.125722 0.879674 0.120851 0.882840 0.113789 0.872368 0.126696 0.862139
0 0.107700 0.848988 0.122556 0.832184 0.144231 0.847527 0.160791 0.832428 0.165175 0.835350 0.174916 0.826096 0.184901 0.835594 0.153729 0.867984 0.145205 0.861896 0.145935 0.859948 0.141065 0.857025 0.138873 0.858486 0.132784 0.854590 0.126696 0.858973 0.107700 0.848988
0 0.188798 0.851424 0.202193 0.865793 0.189529 0.876752 0.193425 0.883814 0.183684 0.888441 0.180518 0.885763 0.163957 0.893069 0.152754 0.875534 0.188798 0.851424
0 0.202680 0.888929 0.208037 0.896722 0.194399 0.905489 0.189042 0.895261 0.202680 0.888929
0 0.259324 0.874409 0.272232 0.884881 0.259568 0.898276 0.249826 0.887804 0.259324 0.874409
0 0.230831 0.857118 0.244956 0.871487 0.238624 0.880741 0.249583 0.895110 0.221576 0.918733 0.209399 0.900955 0.222550 0.890726 0.209399 0.872948 0.230831 0.857118
0 0.240329 0.845428 0.231318 0.852735 0.226934 0.845672 0.235366 0.839992 0.240329 0.845428
0 0.206964 0.860041 0.192352 0.845916 0.207695 0.834956 0.192839 0.814986 0.213052 0.799644 0.225473 0.817422 0.231561 0.812795 0.242764 0.822536 0.237893 0.825458 0.243982 0.831303 0.206964 0.860041
0 0.173684 0.755419 0.187892 0.769169 0.177809 0.778335 0.163371 0.764815 0.173684 0.755419
0 0.178726 0.804460 0.164746 0.812710 0.172080 0.822564 0.161080 0.829210 0.157871 0.824627 0.154892 0.825773 0.139767 0.805148 0.164288 0.788648 0.178726 0.804460
0 0.153517 0.709356 0.163142 0.727002 0.139538 0.738231 0.131059 0.718981 0.153517 0.709356
0 0.104247 0.710044 0.120976 0.719898 0.120747 0.740981 0.135642 0.740523 0.137934 0.748315 0.123497 0.754273 0.096684 0.750377 0.104247 0.710044
0 0.248898 0.667332 0.262005 0.679542 0.241895 0.699832 0.229505 0.687622 0.248898 0.667332
0 0.145113 0.669308 0.168994 0.690854 0.153732 0.707194 0.129133 0.684390 0.145113 0.669308
0 0.078325 0.694072 0.100554 0.710158 0.089440 0.723905 0.063994 0.704894 0.078325 0.694072
0 0.109621 0.646397 0.128340 0.641133 0.132434 0.654879 0.114300 0.661021 0.109621 0.646397
0 0.076570 0.689392 0.066041 0.699629 0.056974 0.692024 0.053464 0.695827 0.044983 0.687345 0.055512 0.677108 0.061069 0.683542 0.064871 0.679448 0.076570 0.689392
0 0.114806 0.495118 0.116561 0.509157 0.086728 0.511790 0.084973 0.498921 0.114806 0.495118
3 0.195824 0.548057 0.196408 0.570578 0.160726 0.571748 0.159848 0.551567 0.195824 0.548057
0 0.162481 0.538113 0.162188 0.547765 0.140252 0.549812 0.141422 0.537236 0.162481 0.538113
0 0.126798 0.584032 0.125043 0.568823 0.146979 0.566191 0.147272 0.576135 0.136450 0.577305 0.137035 0.581693 0.126798 0.584032
2 0.269332 0.553600 0.276059 0.564714 0.255586 0.575243 0.249151 0.562959 0.269332 0.553600
0 0.290099 0.532248 0.307940 0.539560 0.303845 0.551845 0.285126 0.546872 0.290099 0.532248
0 0.536298 0.666170 0.547069 0.683128 0.533777 0.687941 0.524152 0.672587 0.536298 0.666170
0 0.511189 0.710537 0.513022 0.720391 0.485752 0.725662 0.486439 0.730932 0.456877 0.736661 0.453668 0.726120 0.465127 0.723141 0.464439 0.721078 0.475210 0.719474 0.474752 0.716495 0.511189 0.710537
0 0.520627 0.728518 0.525835 0.734802 0.517036 0.740907 0.511111 0.733904 0.520627 0.728518
0 0.590072 0.735069 0.598093 0.753402 0.591447 0.758444 0.581364 0.740110 0.590072 0.735069
0 0.593051 0.700006 0.609781 0.714215 0.594197 0.730944 0.577468 0.715131 0.593051 0.700006
0 0.565781 0.703215 0.567614 0.722923 0.555010 0.723610 0.556614 0.736673 0.546531 0.738965 0.541031 0.704360 0.565781 0.703215
0 0.521322 0.718110 0.537593 0.708715 0.542635 0.719715 0.527510 0.729569 0.521322 0.718110
0 0.609077 0.633627 0.624202 0.624690 0.634744 0.638669 0.621223 0.648752 0.609077 0.633627
0 0.615952 0.683585 0.638640 0.669606 0.648494 0.685648 0.626494 0.698710 0.615952 0.683585
0 0.638181 0.656085 0.656286 0.637523 0.665911 0.645773 0.648723 0.665481 0.638181 0.656085
0 0.686994 0.605440 0.700744 0.617356 0.696390 0.623773 0.709681 0.633627 0.691348 0.654481 0.663390 0.632023 0.686994 0.605440
0 0.687681 0.601315 0.697765 0.588481 0.729160 0.607731 0.717244 0.622627 0.687681 0.601315
3 0.742985 0.604268 0.751694 0.590289 0.774152 0.601060 0.767277 0.615956 0.742985 0.604268
3 0.730152 0.588456 0.736569 0.581351 0.750319 0.587768 0.746423 0.596018 0.730152 0.588456
0 0.735443 0.999006 0.738603 0.989081 0.763203 0.987465 0.763221 0.999006 0.735443 0.999006
0 0.629983 0.911983 0.651530 0.925091 0.643270 0.937660 0.623878 0.921500 0.629983 0.911983
0 0.618491 0.932632 0.636088 0.945201 0.622621 0.964055 0.605204 0.952204 0.618491 0.932632
0 0.612536 0.871337 0.633887 0.892395 0.615461 0.912284 0.595865 0.889178 0.612536 0.871337
0 0.620618 0.909010 0.627442 0.914397 0.612359 0.931455 0.604099 0.925170 0.620618 0.909010
0 0.452446 0.961532 0.440756 0.952765 0.462187 0.917939 0.473390 0.926220 0.452446 0.961532
0 0.424683 0.982964 0.423222 0.983207 0.422978 0.972979 0.436616 0.973709 0.435155 0.982233 0.437103 0.982477 0.437590 0.990026 0.426631 0.990757 0.424683 0.982964
