0 0.550750 0.382974 0.537029 0.359727 0.539637 0.358026 0.537823 0.353943 0.555513 0.344758 0.562317 0.355644 0.558915 0.358139 0.567193 0.373561 0.550750 0.382974
0 0.756427 0.301236 0.748322 0.289079 0.754256 0.284882 0.755558 0.286763 0.759321 0.283724 0.768295 0.295302 0.758598 0.302394 0.756427 0.301236
0 0.736578 0.366318 0.732470 0.348009 0.740546 0.346477 0.742147 0.351420 0.765260 0.348496 0.768601 0.360470 0.736578 0.366318
0 0.742982 0.349958 0.738736 0.327959 0.752937 0.324965 0.754469 0.330952 0.760247 0.330465 0.763937 0.347452 0.742982 0.349958
0 0.721560 0.316045 0.720307 0.301704 0.729705 0.300660 0.729775 0.297110 0.744464 0.295369 0.756995 0.323494 0.739103 0.325861 0.734091 0.314096 0.721560 0.316045
0 0.726805 0.334435 0.721375 0.317518 0.733210 0.315290 0.737735 0.327473 0.738918 0.335618 0.728128 0.336941 0.726805 0.334435
0 0.719008 0.346687 0.717755 0.337985 0.728736 0.337668 0.729841 0.346073 0.719008 0.346687
0 0.709064 0.294378 0.707472 0.284392 0.718037 0.281642 0.712972 0.268472 0.726142 0.263840 0.733089 0.286563 0.738734 0.285405 0.740036 0.294812 0.721077 0.298720 0.719051 0.292497 0.709064 0.294378
0 0.712743 0.266479 0.712465 0.260632 0.718522 0.259796 0.719357 0.265714 0.712743 0.266479
0 0.574463 0.396407 0.574236 0.396521 0.570721 0.377470 0.578432 0.376903 0.577638 0.373501 0.583988 0.373501 0.582854 0.367037 0.589658 0.367150 0.596689 0.394479 0.574463 0.396407
