0 0.023664 0.220258 0.033133 0.226571 0.022085 0.240578 0.013010 0.233279 0.023664 0.220258
0 0.035593 0.156052 0.049601 0.162957 0.049995 0.163746 0.057295 0.170454 0.041512 0.193339 0.015865 0.177951 0.032437 0.156052 0.035593 0.156052
0 0.000009 0.297805 0.005368 0.298815 0.007841 0.302370 0.011860 0.303298 0.010932 0.312418 0.008459 0.312418 0.005213 0.314891 0.000009 0.314737 0.000009 0.297805
0 0.185586 0.239597 0.182232 0.252026 0.173946 0.262285 0.168225 0.260707 0.145339 0.255775 0.114957 0.244135 0.118706 0.229733 0.123243 0.228549 0.125019 0.221250 0.140999 0.219869 0.147707 0.209412 0.170395 0.217304 0.169606 0.232889 0.185586 0.239597
0 0.220822 0.169251 0.215103 0.173579 0.215876 0.176671 0.202118 0.182854 0.195935 0.177444 0.192070 0.176207 0.188051 0.169715 0.190834 0.166778 0.182332 0.155184 0.188482 0.149043 0.197324 0.146984 0.198898 0.149286 0.201442 0.149286 0.210041 0.161276 0.215007 0.160307 0.219125 0.163214 0.220699 0.166726 0.220822 0.169251
0 0.128857 0.115622 0.120177 0.128840 0.109721 0.139888 0.106761 0.139691 0.097094 0.147977 0.093149 0.144228 0.090189 0.145018 0.082298 0.139691 0.080917 0.135942 0.082890 0.133378 0.075590 0.127854 0.084468 0.117792 0.090979 0.116608 0.099856 0.105955 0.111102 0.101812 0.121952 0.105955 0.128857 0.115622
0 0.192975 0.094907 0.217439 0.116806 0.216847 0.123908 0.205404 0.131208 0.196526 0.135942 0.169893 0.109112 0.170682 0.102798 0.187649 0.093329 0.192975 0.094907
0 0.206384 0.303040 0.193560 0.317442 0.190009 0.314285 0.184880 0.317245 0.178370 0.310932 0.178370 0.307183 0.173437 0.300081 0.188234 0.289625 0.197901 0.289427 0.204411 0.295346 0.207370 0.299686 0.206384 0.303040
0 0.166084 0.354931 0.154641 0.367557 0.143790 0.359271 0.149906 0.352169 0.157206 0.355128 0.161743 0.350393 0.165886 0.353353 0.166084 0.354931
0 0.273655 0.325849 0.262525 0.335123 0.252169 0.325849 0.262680 0.316265 0.273655 0.325849
0 0.242388 0.333620 0.253672 0.341040 0.245170 0.354024 0.233113 0.345986 0.242388 0.333620
1 0.274761 0.403444 0.277129 0.431064 0.269632 0.439745 0.266673 0.441520 0.262332 0.455725 0.239250 0.452963 0.240434 0.439745 0.243788 0.438166 0.241815 0.426132 0.239053 0.416070 0.240039 0.409166 0.248128 0.405220 0.270816 0.404036 0.274761 0.403444
0 0.265292 0.388451 0.263713 0.402261 0.245366 0.401077 0.247339 0.388648 0.265292 0.388451
0 0.275088 0.458723 0.277061 0.485949 0.268972 0.488119 0.263645 0.493051 0.247862 0.494432 0.241155 0.465431 0.256543 0.459907 0.275088 0.458723
0 0.298762 0.483581 0.303497 0.500745 0.287911 0.505086 0.282387 0.487527 0.290279 0.482990 0.298762 0.483581
0 0.309156 0.511796 0.313940 0.524385 0.291027 0.534961 0.286242 0.522119 0.309156 0.511796
0 0.331187 0.576722 0.337894 0.584811 0.335527 0.587376 0.343813 0.600988 0.321520 0.615982 0.304356 0.592111 0.322309 0.576920 0.327044 0.579090 0.331187 0.576722
0 0.309091 0.614996 0.314615 0.623874 0.303961 0.629398 0.298634 0.620914 0.309091 0.614996
0 0.364829 0.590972 0.372326 0.602415 0.332869 0.629640 0.325372 0.617606 0.361673 0.592156 0.364829 0.590972
0 0.351808 0.624905 0.369367 0.642661 0.367986 0.648777 0.344114 0.663770 0.324386 0.637137 0.348455 0.622932 0.351808 0.624905
0 0.333287 0.690153 0.334865 0.689955 0.354199 0.712051 0.346308 0.719154 0.340192 0.714616 0.340389 0.710473 0.326974 0.695479 0.333287 0.690153
0 0.371035 0.701177 0.374073 0.702129 0.374092 0.702061 0.377825 0.706807 0.377773 0.709209 0.360512 0.720140 0.356172 0.713827 0.334273 0.687193 0.349521 0.676357 0.371035 0.701177
0 0.392078 0.684431 0.384038 0.692671 0.381752 0.692671 0.375710 0.696295 0.373446 0.701234 0.373643 0.701484 0.371314 0.700752 0.349922 0.676074 0.359526 0.669240 0.361696 0.670030 0.365642 0.672397 0.375901 0.664900 0.392078 0.684431
0 0.389119 0.701595 0.390894 0.704357 0.390105 0.707514 0.382214 0.712446 0.378268 0.708895 0.378262 0.708896 0.378317 0.706643 0.374014 0.701167 0.376091 0.696636 0.381887 0.693159 0.384246 0.693159 0.389119 0.701595
0 0.446062 0.696567 0.445054 0.706639 0.436493 0.717969 0.409552 0.706639 0.405775 0.700092 0.410559 0.685740 0.418364 0.686243 0.446062 0.696567
0 0.415091 0.663834 0.419623 0.664086 0.429191 0.665596 0.443544 0.669122 0.445306 0.677683 0.452356 0.682970 0.448579 0.692035 0.411062 0.677431 0.415091 0.663834
0 0.385876 0.641519 0.401236 0.631700 0.407027 0.640764 0.414581 0.645800 0.406775 0.655368 0.401488 0.653354 0.393934 0.657131 0.390157 0.647059 0.385876 0.641519
0 0.432294 0.503048 0.440351 0.506825 0.441358 0.515889 0.443876 0.523695 0.416934 0.550385 0.405604 0.555673 0.392259 0.538551 0.403589 0.527975 0.407366 0.529486 0.412150 0.525458 0.424740 0.513623 0.419452 0.509595 0.432294 0.503048
0 0.465850 0.542293 0.482676 0.560273 0.423915 0.613064 0.411074 0.593927 0.462275 0.541973 0.465850 0.542293
0 0.486359 0.547346 0.483338 0.559684 0.483047 0.559951 0.466079 0.541824 0.462490 0.541494 0.463195 0.536771 0.470748 0.529720 0.486359 0.547346
0 0.656768 0.550120 0.660293 0.571522 0.638387 0.574543 0.636121 0.553141 0.656768 0.550120
0 0.564612 0.529221 0.567382 0.541810 0.555296 0.543321 0.553281 0.532494 0.564612 0.529221
0 0.576983 0.447541 0.584875 0.466677 0.576589 0.469834 0.568894 0.451092 0.576983 0.447541
0 0.475682 0.432347 0.482192 0.447538 0.459702 0.456416 0.453980 0.445368 0.461477 0.442211 0.459504 0.437871 0.475682 0.432347
0 0.372335 0.310008 0.373846 0.325871 0.322984 0.340727 0.321725 0.345259 0.298308 0.349036 0.289999 0.343244 0.288262 0.334170 0.307036 0.328159 0.319860 0.324760 0.329209 0.322267 0.331047 0.320095 0.327102 0.308102 0.325629 0.306375 0.324243 0.303461 0.367551 0.290872 0.372335 0.310008
0 0.326714 0.308485 0.330498 0.319988 0.328935 0.321835 0.319735 0.324288 0.306899 0.327691 0.288164 0.333682 0.285215 0.318317 0.322732 0.307742 0.326714 0.308485
0 0.323889 0.228118 0.339500 0.252793 0.313062 0.267397 0.297954 0.242974 0.323889 0.228118
0 0.451547 0.223334 0.467159 0.234161 0.434426 0.268656 0.417052 0.251786 0.447015 0.222075 0.451547 0.223334
0 0.388536 0.189634 0.405568 0.204416 0.409424 0.211165 0.399462 0.221127 0.385001 0.226911 0.374075 0.226911 0.359614 0.207630 0.364113 0.201202 0.354794 0.191240 0.369898 0.179029 0.383073 0.190598 0.388536 0.189634
0 0.393558 0.166607 0.407960 0.168185 0.415851 0.173512 0.407171 0.190084 0.386061 0.180614 0.393558 0.166607
0 0.459022 0.119710 0.466827 0.133810 0.451720 0.141867 0.444418 0.128774 0.459022 0.119710
0 0.504734 0.175194 0.514806 0.192819 0.502720 0.198862 0.499950 0.194833 0.489626 0.198358 0.483835 0.185265 0.504734 0.175194
0 0.517575 0.166381 0.535453 0.166381 0.551567 0.172927 0.547790 0.186776 0.540237 0.186524 0.535453 0.196596 0.517827 0.194330 0.516568 0.189798 0.515813 0.171920 0.517575 0.166381
0 0.555344 0.148755 0.580272 0.155302 0.600667 0.161597 0.594624 0.178970 0.572970 0.172424 0.548798 0.161345 0.555344 0.148755
0 0.588762 0.201730 0.610416 0.198205 0.612431 0.210543 0.610416 0.213061 0.589769 0.218097 0.586496 0.203744 0.588762 0.201730
0 0.335498 0.000007 0.347325 0.010893 0.355634 0.026504 0.353871 0.028518 0.357145 0.034309 0.348835 0.042870 0.344807 0.048913 0.331965 0.053194 0.330455 0.047906 0.324663 0.047654 0.311570 0.023986 0.308800 0.014669 0.314844 0.008878 0.310563 0.004094 0.316848 0.000007 0.335498 0.000007
0 0.965684 0.053992 0.958384 0.066223 0.948125 0.059713 0.956214 0.046692 0.965092 0.052216 0.965684 0.053992
0 0.977322 0.179530 0.977574 0.204458 0.962970 0.206220 0.962718 0.180286 0.977322 0.179530
0 0.211635 0.972221 0.198542 0.988336 0.173867 0.989846 0.200305 0.958876 0.213398 0.967941 0.211635 0.972221
0 0.161277 0.930675 0.190737 0.962149 0.174370 0.976753 0.170845 0.972221 0.164047 0.973732 0.142896 0.958624 0.137357 0.949560 0.155738 0.929416 0.161277 0.930675
0 0.228757 0.890137 0.238074 0.896935 0.223470 0.910532 0.213902 0.902223 0.224225 0.891396 0.228757 0.890137
0 0.264764 0.933697 0.269044 0.946790 0.264512 0.950567 0.261994 0.955099 0.251670 0.953337 0.247893 0.939992 0.264764 0.933697
0 0.794255 0.973768 0.818678 0.974732 0.822856 0.990157 0.820545 0.999005 0.800263 0.999005 0.798433 0.994656 0.781722 0.995299 0.782686 0.985015 0.792970 0.985658 0.794255 0.973768
0 0.794576 0.936169 0.816429 0.936812 0.816107 0.949987 0.810644 0.964770 0.789435 0.965412 0.788471 0.942917 0.775616 0.945167 0.774974 0.929742 0.787506 0.928778 0.789756 0.933919 0.794576 0.936169
0 0.798433 0.869326 0.807109 0.881217 0.806145 0.893428 0.786864 0.899213 0.780115 0.893107 0.775938 0.886680 0.775938 0.876075 0.798433 0.869326
0 0.692793 0.952803 0.692706 0.952879 0.679530 0.958664 0.665069 0.952558 0.658642 0.947095 0.662498 0.942596 0.671738 0.933760 0.692793 0.952803
0 0.711494 0.935820 0.693154 0.952471 0.672090 0.933418 0.690332 0.915967 0.711494 0.935820
0 0.730305 0.913995 0.727413 0.922672 0.713594 0.933919 0.711865 0.935488 0.690693 0.915635 0.706846 0.900177 0.710381 0.898891 0.730305 0.913995
0 0.722438 0.774370 0.744596 0.789730 0.729236 0.809369 0.721934 0.810628 0.699273 0.793758 0.716143 0.775126 0.722438 0.774370
0 0.417800 0.714735 0.413855 0.725585 0.405963 0.724204 0.397875 0.718680 0.404582 0.708421 0.416419 0.712170 0.417800 0.714735
