0 0.142937 0.647907 0.156613 0.649461 0.155059 0.661583 0.142316 0.660340 0.142937 0.647907
4 0.089425 0.492052 0.089998 0.500829 0.077404 0.499684 0.077404 0.491288 0.089425 0.492052
0 0.999009 0.131284 0.996565 0.134811 0.980155 0.123362 0.989505 0.111149 0.999009 0.117803 0.999009 0.131284
0 0.987617 0.101443 0.981129 0.112701 0.971588 0.106023 0.977122 0.095528 0.987617 0.101443
0 0.951052 0.001425 0.959724 0.021609 0.935802 0.027141 0.930121 0.005910 0.951052 0.001425
0 0.950363 0.039816 0.963951 0.037590 0.970629 0.044971 0.973675 0.057271 0.957977 0.061020 0.950363 0.039816
4 0.744452 0.024124 0.749123 0.024037 0.749123 0.029574 0.743414 0.029747 0.744452 0.024124
3 0.969230 0.023381 0.972712 0.022552 0.971054 0.019402 0.966909 0.021226 0.964422 0.013930 0.983986 0.007298 0.994764 0.022884 0.986308 0.030676 0.981665 0.027526 0.973872 0.031671 0.969230 0.023381
0 0.971827 0.048240 0.975914 0.047113 0.980142 0.056836 0.976478 0.060641 0.972532 0.058104 0.973675 0.057271 0.971827 0.048240
3 0.304821 0.423906 0.319135 0.425527 0.315354 0.453885 0.300230 0.451184 0.304821 0.423906
