0 0.489274 0.857075 0.487399 0.851730 0.507523 0.846618 0.509527 0.853218 0.514517 0.851718 0.523887 0.885417 0.477651 0.901235 0.475528 0.895706 0.466709 0.899135 0.458381 0.869414 0.467036 0.866148 0.467036 0.864515 0.489274 0.857075
0 0.442159 0.797657 0.446453 0.793902 0.470324 0.783401 0.485336 0.812674 0.460342 0.824396 0.451135 0.808447 0.449197 0.809405 0.442159 0.797657
4 0.424027 0.733206 0.443202 0.717366 0.467170 0.738000 0.447995 0.756549 0.424027 0.733206
0 0.358247 0.469093 0.376574 0.472044 0.385119 0.478713 0.368654 0.509351 0.361150 0.503098 0.345936 0.500180 0.358247 0.469093
0 0.369144 0.438733 0.375414 0.445514 0.368248 0.449993 0.362363 0.443083 0.369144 0.438733
0 0.337980 0.468196 0.345285 0.471417 0.341829 0.477858 0.334837 0.474323 0.337980 0.468196
0 0.444087 0.401168 0.459927 0.411946 0.453722 0.423214 0.451762 0.425501 0.433962 0.417335 0.444087 0.401168
0 0.471347 0.340431 0.491432 0.344977 0.489149 0.356463 0.499924 0.360134 0.497217 0.373996 0.491952 0.373428 0.488962 0.386894 0.480957 0.384737 0.480127 0.386918 0.466652 0.383348 0.464175 0.388476 0.454105 0.385688 0.457826 0.373996 0.460119 0.374830 0.467946 0.348877 0.469751 0.349479 0.471347 0.340431
0 0.369569 0.298380 0.381667 0.295745 0.386275 0.321106 0.373012 0.323379 0.369569 0.298380
0 0.411193 0.273174 0.430694 0.268470 0.440789 0.298601 0.445165 0.332782 0.408692 0.336950 0.407233 0.304853 0.417862 0.303395 0.407858 0.275049 0.411193 0.273174
0 0.533738 0.325598 0.549252 0.324129 0.550232 0.336213 0.534718 0.338989 0.533738 0.325598
0 0.472429 0.181208 0.486465 0.181008 0.489072 0.185118 0.490275 0.194743 0.476440 0.195444 0.475437 0.187324 0.472429 0.181208
0 0.419662 0.187649 0.434686 0.186833 0.435176 0.211001 0.419499 0.210675 0.419662 0.187649
0 0.430112 0.115687 0.442766 0.122880 0.438389 0.135802 0.449853 0.140387 0.449019 0.146223 0.445059 0.152267 0.421221 0.142089 0.430112 0.115687
0 0.437471 0.098437 0.448541 0.100656 0.451071 0.103076 0.462074 0.080408 0.477557 0.088341 0.467613 0.110774 0.466042 0.109596 0.463446 0.114559 0.452186 0.108417 0.446238 0.121697 0.440542 0.116862 0.430818 0.113151 0.437471 0.098437
0 0.495347 0.116574 0.518373 0.119677 0.517393 0.130618 0.493388 0.126699 0.495347 0.116574
0 0.493933 0.076039 0.513617 0.079497 0.521066 0.085083 0.535696 0.089871 0.530908 0.100511 0.515746 0.097053 0.515480 0.107959 0.507499 0.115673 0.487283 0.106895 0.480101 0.105831 0.493933 0.076039
0 0.566098 0.099535 0.576519 0.103078 0.575060 0.110581 0.565472 0.108705 0.566098 0.099535
0 0.578044 0.104044 0.592758 0.108650 0.591606 0.115687 0.576764 0.110441 0.578044 0.104044
0 0.615341 0.115405 0.621557 0.116007 0.622359 0.122022 0.615843 0.122122 0.615341 0.115405
0 0.529074 0.000669 0.561011 0.017723 0.553172 0.034217 0.522145 0.015763 0.529074 0.000669
0 0.504066 0.000008 0.514160 0.005428 0.495007 0.043166 0.467550 0.037416 0.444201 0.032757 0.447659 0.022452 0.456171 0.025112 0.463883 0.000008 0.504066 0.000008
0 0.467550 0.038393 0.495007 0.044143 0.492208 0.055539 0.489596 0.063704 0.484697 0.070073 0.481267 0.079871 0.441095 0.069093 0.442401 0.057499 0.421498 0.056029 0.421988 0.048517 0.459385 0.051947 0.467550 0.038393
4 0.325909 0.000007 0.327860 0.014127 0.301525 0.009871 0.305513 0.000007 0.325909 0.000007
0 0.310305 0.094164 0.332032 0.068702 0.357834 0.087035 0.338483 0.111478 0.322187 0.099257 0.319811 0.101973 0.310305 0.094164
4 0.246118 0.000006 0.239537 0.010479 0.234925 0.013586 0.229031 0.010869 0.230073 0.007117 0.219861 0.003157 0.221109 0.000005 0.246118 0.000006
0 0.232509 0.015871 0.235901 0.013586 0.240513 0.010479 0.247723 0.015037 0.251058 0.008993 0.268982 0.020248 0.264605 0.026292 0.287740 0.041298 0.273568 0.058389 0.254393 0.047134 0.242721 0.039006 0.240846 0.042341 0.236886 0.039631 0.233551 0.045675 0.229799 0.042132 0.227923 0.044633 0.226048 0.043383 0.218660 0.038381 0.232509 0.015871
4 0.182874 0.000005 0.181278 0.009484 0.175958 0.017464 0.156806 0.011612 0.163411 0.000004 0.182874 0.000005
0 0.178104 0.058967 0.209329 0.068688 0.194167 0.101757 0.179126 0.095826 0.175015 0.105929 0.160917 0.100343 0.178104 0.058967
3 0.193602 0.119973 0.213818 0.122633 0.224990 0.129017 0.206902 0.161203 0.198124 0.161735 0.177642 0.151095 0.193602 0.119973
0 0.685465 0.737878 0.695469 0.729749 0.703597 0.739128 0.695260 0.746423 0.685465 0.737878
0 0.665410 0.038386 0.670464 0.033332 0.679774 0.041046 0.698829 0.023695 0.711489 0.036258 0.689350 0.060464 0.665410 0.038386
4 0.672679 0.000007 0.667155 0.004021 0.662852 0.000007 0.672679 0.000007
0 0.666603 0.005995 0.676217 0.000007 0.676233 0.000007 0.684950 0.010907 0.677230 0.017724 0.666603 0.005995
