0 0.387976 0.069530 0.402013 0.061508 0.410035 0.071535 0.397668 0.080559 0.387976 0.069530
0 0.295352 0.081710 0.323117 0.087699 0.321484 0.100765 0.292085 0.093143 0.295352 0.081710
2 0.273031 0.039246 0.286641 0.032713 0.294263 0.044146 0.279564 0.053401 0.273031 0.039246
0 0.305594 0.048501 0.321383 0.047412 0.322471 0.052312 0.330638 0.051223 0.331182 0.061567 0.323560 0.061567 0.324649 0.068100 0.301239 0.068100 0.305594 0.048501
0 0.136116 0.025699 0.161129 0.021530 0.162519 0.033342 0.138895 0.038901 0.136116 0.025699
0 0.054856 0.000002 0.065638 0.000333 0.069233 0.005920 0.056167 0.026607 0.041468 0.020619 0.054796 0.000002 0.054856 0.000002
0 0.400520 0.005017 0.418485 0.020805 0.387454 0.044760 0.370577 0.027338 0.400520 0.005017
0 0.441244 0.000008 0.449405 0.010574 0.423817 0.036161 0.413473 0.025817 0.419462 0.019829 0.437965 0.000008 0.441244 0.000008
0 0.441783 0.018083 0.458116 0.034416 0.436883 0.057281 0.422184 0.043126 0.423817 0.037138 0.441783 0.018083
0 0.763221 0.000006 0.760714 0.010482 0.747104 0.009393 0.738937 0.045325 0.726416 0.042058 0.726416 0.037159 0.735125 0.000006 0.763221 0.000006
