0 0.566402 0.038295 0.576008 0.045324 0.579171 0.044269 0.584326 0.047081 0.584443 0.052704 0.579405 0.059967 0.571557 0.056452 0.559608 0.047901 0.566402 0.038295
0 0.577059 0.060872 0.586665 0.066495 0.582096 0.072586 0.572022 0.066846 0.577059 0.060872
0 0.712564 0.128005 0.724585 0.132203 0.726112 0.137164 0.715426 0.154528 0.707793 0.150712 0.701306 0.146705 0.712564 0.128005
3 0.558912 0.113301 0.570743 0.118071 0.549181 0.148220 0.530480 0.134291 0.536968 0.125704 0.546127 0.131428 0.558912 0.113301
3 0.502333 0.206544 0.507866 0.195858 0.521224 0.203491 0.515308 0.213795 0.502333 0.206544
0 0.521080 0.202014 0.528056 0.192449 0.561053 0.215661 0.546275 0.235763 0.515746 0.213980 0.521758 0.203055 0.520684 0.202371 0.521080 0.202014
4 0.999009 0.654044 0.988800 0.642500 0.996837 0.633976 0.988070 0.626427 0.999009 0.608338 0.999009 0.654044
0 0.898680 0.630225 0.906473 0.614152 0.929853 0.626329 0.930096 0.634122 0.922547 0.639967 0.918163 0.644594 0.898680 0.630225
0 0.902190 0.652717 0.911349 0.654435 0.914211 0.663021 0.908296 0.669509 0.897801 0.666647 0.902190 0.652717
0 0.917455 0.663785 0.931576 0.662449 0.931767 0.679050 0.927187 0.683439 0.917646 0.681722 0.917455 0.663785
0 0.971600 0.698263 0.992233 0.715307 0.986103 0.722633 0.979823 0.722483 0.962779 0.706037 0.971600 0.698263
0 0.898680 0.630225 0.902677 0.633275 0.902190 0.652717 0.897801 0.666647 0.890674 0.664668 0.891905 0.629890 0.898680 0.630225
0 0.898680 0.630225 0.890366 0.624042 0.898676 0.609577 0.906473 0.614152 0.898680 0.630225
4 0.999009 0.730167 0.992358 0.724823 0.997362 0.718000 0.999009 0.719278 0.999009 0.730167
