4 0.132317 0.000004 0.118440 0.007225 0.112870 0.000907 0.114610 0.000003 0.132317 0.000004
0 0.164406 0.000004 0.164572 0.025512 0.132986 0.025096 0.133318 0.000004 0.164406 0.000004
0 0.130287 0.051589 0.167525 0.040534 0.173344 0.060483 0.160460 0.064722 0.161956 0.072286 0.139098 0.079767 0.130287 0.051589
0 0.188272 0.037863 0.209123 0.039217 0.213456 0.047747 0.209665 0.058850 0.187324 0.056277 0.188272 0.037863
0 0.175189 0.152439 0.189736 0.150195 0.191647 0.163577 0.181922 0.164741 0.175937 0.164824 0.175189 0.152439
0 0.228869 0.226484 0.252157 0.218766 0.258656 0.240294 0.249179 0.245169 0.235910 0.248689 0.228869 0.226484
0 0.255663 0.282945 0.304039 0.273291 0.308177 0.296842 0.259589 0.303738 0.255663 0.282945
0 0.238579 0.348437 0.267283 0.344917 0.270533 0.369423 0.241964 0.372538 0.238579 0.348437
0 0.274284 0.340476 0.291208 0.339393 0.293239 0.364577 0.277939 0.365931 0.274284 0.340476
0 0.294436 0.365632 0.296083 0.397749 0.273201 0.397749 0.271440 0.367149 0.294436 0.365632
0 0.217205 0.390732 0.238847 0.391793 0.237468 0.419163 0.214871 0.418527 0.217205 0.390732
0 0.241711 0.423513 0.243303 0.404523 0.260383 0.403356 0.261019 0.423937 0.241711 0.423513
0 0.244151 0.401765 0.243409 0.382139 0.253275 0.382139 0.260170 0.384897 0.259428 0.401447 0.244151 0.401765
0 0.200788 0.328795 0.226567 0.328477 0.228158 0.356272 0.218717 0.357333 0.202273 0.358500 0.200788 0.328795
0 0.034129 0.380455 0.054439 0.383298 0.049429 0.407805 0.029797 0.405774 0.034129 0.380455
0 0.019063 0.423465 0.036689 0.429168 0.026321 0.454743 0.009386 0.449559 0.019063 0.423465
0 0.100954 0.427631 0.111775 0.431132 0.107319 0.448106 0.094695 0.443650 0.100954 0.427631
0 0.121225 0.459146 0.143185 0.458828 0.145625 0.466148 0.144883 0.475483 0.124726 0.475271 0.121225 0.459146
0 0.089972 0.456324 0.119040 0.459931 0.122753 0.474147 0.119677 0.487832 0.117449 0.487938 0.112887 0.506079 0.098672 0.500987 0.106416 0.477436 0.087957 0.472874 0.089972 0.456324
0 0.221401 0.454113 0.194952 0.464071 0.192244 0.460009 0.174707 0.458555 0.176266 0.447888 0.174922 0.437686 0.188588 0.439564 0.211335 0.431711 0.221401 0.454113
0 0.174424 0.437617 0.175773 0.447885 0.174229 0.458516 0.149729 0.456489 0.144584 0.444980 0.150136 0.434284 0.174424 0.437617
0 0.177579 0.504002 0.201602 0.493196 0.209831 0.512813 0.186307 0.523203 0.177579 0.504002
0 0.217766 0.496000 0.237051 0.492925 0.240292 0.503481 0.222255 0.509882 0.217600 0.503980 0.217766 0.496000
0 0.206752 0.466745 0.227865 0.465166 0.236564 0.478427 0.237944 0.492218 0.220545 0.492218 0.220121 0.487232 0.208557 0.487762 0.206752 0.466745
0 0.251353 0.470586 0.250768 0.473338 0.252216 0.483305 0.258047 0.483594 0.260499 0.490737 0.245117 0.497527 0.241828 0.497208 0.238116 0.477605 0.238392 0.468525 0.251353 0.467488 0.251353 0.470586
0 0.277898 0.476734 0.258496 0.483135 0.252642 0.482838 0.251264 0.473354 0.251738 0.471133 0.272089 0.462823 0.277898 0.476734
0 0.251439 0.446788 0.274778 0.447424 0.274459 0.460685 0.262259 0.463019 0.250802 0.460897 0.251439 0.446788
0 0.252181 0.431935 0.261241 0.431272 0.261502 0.445470 0.252644 0.445730 0.252181 0.431935
0 0.013436 0.611097 0.046337 0.623282 0.033475 0.651445 0.000009 0.637638 0.000009 0.625568 0.007884 0.611909 0.013436 0.611097
0 0.033469 0.592241 0.036719 0.585742 0.016680 0.577077 0.021013 0.565433 0.064204 0.582087 0.060955 0.594408 0.056081 0.601719 0.033469 0.592241
0 0.078949 0.677581 0.089330 0.652482 0.074774 0.646307 0.072789 0.628222 0.131896 0.627560 0.132558 0.638147 0.143364 0.638588 0.144467 0.650718 0.151525 0.649836 0.153951 0.669023 0.142848 0.676200 0.131339 0.675793 0.126059 0.658733 0.119695 0.657515 0.118883 0.642486 0.102364 0.645058 0.101417 0.649662 0.129219 0.673730 0.123912 0.678066 0.123495 0.694235 0.115913 0.694912 0.078949 0.677581
0 0.217287 0.532539 0.231369 0.523197 0.237055 0.532133 0.251001 0.526176 0.262916 0.554474 0.243419 0.567743 0.236108 0.564222 0.217287 0.532539
0 0.287899 0.546010 0.312405 0.532218 0.320362 0.543252 0.297341 0.561817 0.287899 0.546010
0 0.289310 0.579884 0.324919 0.541161 0.341031 0.556461 0.307859 0.596945 0.289310 0.579884
0 0.058350 0.731498 0.070063 0.714465 0.088841 0.726453 0.092554 0.731121 0.081627 0.744912 0.058350 0.731498
0 0.120340 0.723336 0.130240 0.712329 0.134799 0.721643 0.129198 0.728742 0.120340 0.723336
0 0.110432 0.737212 0.119160 0.742366 0.114256 0.751593 0.097798 0.774867 0.087657 0.768217 0.110432 0.737212
0 0.115473 0.773523 0.127794 0.754838 0.146750 0.765399 0.134158 0.784084 0.115473 0.773523
0 0.142680 0.722100 0.163125 0.713435 0.168000 0.722100 0.161907 0.725621 0.163667 0.730766 0.150398 0.736588 0.142680 0.722100
0 0.149928 0.683009 0.167530 0.673125 0.179851 0.701152 0.163468 0.709411 0.149928 0.683009
0 0.178086 0.751754 0.200020 0.738621 0.215049 0.764346 0.190948 0.776667 0.178086 0.751754
0 0.206073 0.738130 0.223257 0.738754 0.222491 0.749164 0.206468 0.748909 0.206073 0.738130
0 0.189910 0.786434 0.212186 0.774797 0.216675 0.783525 0.194232 0.794912 0.189910 0.786434
0 0.216010 0.764573 0.233798 0.761913 0.236292 0.781363 0.218005 0.783358 0.216010 0.764573
0 0.253092 0.696681 0.286806 0.697088 0.285723 0.741498 0.251468 0.740550 0.253092 0.696681
0 0.325663 0.697809 0.317539 0.675333 0.336224 0.667209 0.345566 0.689821 0.325663 0.697809
0 0.307249 0.661658 0.319696 0.652635 0.330463 0.665903 0.317400 0.674170 0.307249 0.661658
0 0.379138 0.747637 0.364710 0.755912 0.356270 0.742520 0.371777 0.735361 0.379138 0.747637
0 0.371523 0.734941 0.356006 0.742109 0.347646 0.728857 0.362344 0.719639 0.371523 0.734941
0 0.362090 0.719219 0.347393 0.728447 0.331929 0.703929 0.347630 0.695124 0.362090 0.719219
0 0.344979 0.656904 0.337938 0.647833 0.347958 0.640792 0.366372 0.640792 0.390337 0.709980 0.376256 0.717833 0.344979 0.656904
0 0.366022 0.760790 0.383314 0.746680 0.401985 0.766624 0.387345 0.780097 0.366022 0.760790
0 0.315423 0.999007 0.308614 0.983945 0.325030 0.977724 0.335102 0.999007 0.315423 0.999007
0 0.341270 0.968486 0.304812 0.981698 0.279064 0.909639 0.314971 0.898525 0.341270 0.968486
0 0.366504 0.959752 0.342484 0.968047 0.341729 0.968320 0.315430 0.898389 0.339373 0.890976 0.366504 0.959752
0 0.341397 0.869605 0.364553 0.863384 0.369046 0.878936 0.346754 0.886540 0.341397 0.869605
0 0.361788 0.910905 0.381315 0.895353 0.413803 0.932160 0.394276 0.947713 0.361788 0.910905
0 0.698898 0.043941 0.712377 0.029598 0.727584 0.042731 0.714278 0.057938 0.698898 0.043941
0 0.717486 0.062813 0.724121 0.056855 0.723579 0.051304 0.732651 0.043857 0.751336 0.058615 0.732922 0.079060 0.717486 0.062813
0 0.686999 0.063454 0.699613 0.069675 0.693047 0.081598 0.679395 0.073822 0.686999 0.063454
0 0.548865 0.115902 0.574049 0.121047 0.569716 0.138920 0.544532 0.132827 0.546157 0.120777 0.548865 0.115902
0 0.590746 0.144177 0.585336 0.141207 0.580880 0.134841 0.581199 0.129961 0.598597 0.118325 0.606023 0.125612 0.608039 0.133038 0.590746 0.144177
0 0.544997 0.201439 0.526219 0.169189 0.548286 0.156776 0.568973 0.191467 0.558682 0.198787 0.544997 0.201439
0 0.556879 0.204728 0.567381 0.197302 0.566214 0.195498 0.573216 0.189345 0.580430 0.200060 0.575126 0.204622 0.579051 0.211411 0.567063 0.220111 0.556879 0.204728
0 0.521833 0.225509 0.533071 0.205199 0.564348 0.224832 0.557442 0.238913 0.548371 0.233903 0.543903 0.238778 0.521833 0.225509
0 0.517093 0.246680 0.522503 0.235117 0.533324 0.239785 0.528762 0.251454 0.517093 0.246680
0 0.520169 0.237875 0.491208 0.242755 0.491632 0.239148 0.499376 0.228009 0.518154 0.225251 0.522227 0.227237 0.520169 0.237875
0 0.612646 0.181786 0.618034 0.178334 0.613068 0.170188 0.641409 0.153599 0.654218 0.174733 0.622400 0.197664 0.612646 0.181786
0 0.512581 0.322553 0.539845 0.321722 0.540676 0.356134 0.511168 0.356467 0.512581 0.322553
0 0.605776 0.412613 0.612275 0.384315 0.629335 0.388241 0.623378 0.418164 0.605776 0.412613
0 0.716416 0.398387 0.730768 0.389044 0.740246 0.403803 0.725894 0.413958 0.716416 0.398387
0 0.771117 0.460670 0.794811 0.441849 0.815933 0.463242 0.792645 0.484499 0.771117 0.460670
0 0.847266 0.585173 0.861436 0.569620 0.872669 0.580853 0.857635 0.596578 0.847266 0.585173
0 0.809663 0.533922 0.823745 0.523497 0.853938 0.556398 0.848658 0.562491 0.843377 0.557888 0.833087 0.566011 0.820360 0.551930 0.824151 0.549358 0.809663 0.533922
0 0.673445 0.549033 0.701094 0.545750 0.703686 0.565449 0.677247 0.569597 0.673445 0.549033
0 0.682138 0.584262 0.697863 0.582707 0.698381 0.568537 0.717217 0.569401 0.718081 0.595840 0.683002 0.596013 0.682138 0.584262
4 0.999009 0.663424 0.986835 0.640573 0.999009 0.632742 0.999009 0.663424
0 0.940878 0.657912 0.917454 0.675649 0.901478 0.654527 0.898499 0.656422 0.894302 0.649517 0.897009 0.646945 0.892541 0.639904 0.915017 0.625281 0.940878 0.657912
4 0.999009 0.753050 0.990627 0.744569 0.993274 0.739717 0.985555 0.733762 0.997685 0.718985 0.999009 0.721130 0.999009 0.753050
0 0.964207 0.710131 0.975439 0.722746 0.961615 0.735015 0.950901 0.723956 0.964207 0.710131
0 0.999009 0.798833 0.972984 0.762442 0.985034 0.755808 0.996136 0.770972 0.999009 0.768254 0.999009 0.798833
0 0.199246 0.072732 0.202386 0.090374 0.189976 0.092467 0.186089 0.074975 0.199246 0.072732
0 0.211334 0.537494 0.220493 0.552951 0.208281 0.558675 0.200457 0.541501 0.211334 0.537494
0 0.222592 0.579283 0.229080 0.570506 0.238812 0.578902 0.234041 0.585962 0.222592 0.579283
0 0.242819 0.580810 0.251024 0.588443 0.246444 0.594930 0.236713 0.587679 0.242819 0.580810
0 0.650554 0.207035 0.657695 0.195498 0.669232 0.203189 0.662090 0.213077 0.650554 0.207035
