4 0.349874 0.000007 0.342131 0.010941 0.326600 0.000007 0.349874 0.000007
4 0.427907 0.000008 0.432428 0.008692 0.415254 0.021215 0.403804 0.013344 0.401765 0.000007 0.427907 0.000008
0 0.310511 0.058191 0.339597 0.070067 0.340114 0.073681 0.337360 0.078672 0.308618 0.065936 0.310511 0.058191
0 0.414242 0.060745 0.438120 0.064549 0.432943 0.072684 0.413291 0.065711 0.414242 0.060745
0 0.679722 0.184620 0.692462 0.181764 0.699052 0.194065 0.699052 0.198898 0.686751 0.203071 0.679722 0.184620
0 0.690809 0.213490 0.702541 0.209175 0.708070 0.222929 0.697417 0.228458 0.690809 0.213490
0 0.703472 0.207408 0.711146 0.203189 0.724057 0.225806 0.716661 0.232991 0.715287 0.233625 0.714125 0.226017 0.703472 0.207408
0 0.710005 0.189496 0.722156 0.183684 0.724057 0.191292 0.729552 0.198899 0.724691 0.202703 0.725431 0.203760 0.729657 0.201646 0.734547 0.212669 0.721944 0.220771 0.710745 0.199956 0.710005 0.189496
0 0.727392 0.177679 0.730878 0.174509 0.740071 0.171128 0.745670 0.171973 0.749052 0.194056 0.732041 0.200607 0.727497 0.192048 0.731512 0.190886 0.728871 0.187611 0.727392 0.177679
4 0.983253 0.000001 0.968727 0.014463 0.955511 0.004753 0.954028 0.000002 0.983253 0.000001
0 0.730816 0.234573 0.724813 0.224354 0.729530 0.218708 0.736748 0.214277 0.745252 0.225140 0.730816 0.234573
