0 0.874210 0.206031 0.874678 0.223251 0.852772 0.223837 0.851718 0.206148 0.874210 0.206031
0 0.982690 0.275503 0.990165 0.275652 0.990016 0.285370 0.982540 0.285520 0.982690 0.275503
0 0.982540 0.285520 0.984783 0.285968 0.984783 0.301816 0.971476 0.301069 0.972822 0.284922 0.982540 0.285520
0 0.902731 0.452975 0.901236 0.445948 0.908562 0.442060 0.932484 0.452825 0.933979 0.454171 0.932633 0.456413 0.941155 0.461646 0.935922 0.470467 0.902731 0.452975
0 0.888904 0.475764 0.898829 0.479360 0.893651 0.491658 0.883438 0.487199 0.888904 0.475764
0 0.949892 0.623504 0.950360 0.632641 0.957623 0.634164 0.957038 0.640139 0.946729 0.638381 0.946729 0.635570 0.938763 0.634984 0.939114 0.622801 0.949892 0.623504
0 0.228992 0.750320 0.234866 0.767759 0.210910 0.782353 0.202833 0.766199 0.215591 0.760967 0.228992 0.750320
0 0.777804 0.250223 0.804566 0.254259 0.803669 0.267715 0.776010 0.263978 0.777804 0.250223
0 0.834296 0.246513 0.835856 0.251561 0.833194 0.257252 0.814562 0.255232 0.816030 0.243300 0.834296 0.246513
0 0.771881 0.232102 0.796480 0.231735 0.797031 0.246971 0.772248 0.247063 0.771881 0.232102
0 0.801528 0.236049 0.813277 0.237517 0.811074 0.254314 0.797765 0.251653 0.801528 0.236049
0 0.798928 0.192330 0.809299 0.192605 0.809208 0.199030 0.814348 0.199397 0.814256 0.206098 0.799111 0.206190 0.798928 0.192330
0 0.832176 0.215949 0.832475 0.224621 0.818421 0.224471 0.817823 0.216697 0.832176 0.215949
0 0.824639 0.190416 0.830114 0.188385 0.829010 0.185162 0.833161 0.183617 0.836339 0.193374 0.827200 0.196994 0.824639 0.190416
