0 0.498977 0.367840 0.522050 0.355021 0.534136 0.377728 0.511796 0.388350 0.498977 0.367840
0 0.616766 0.380649 0.626434 0.385145 0.630481 0.378850 0.658361 0.397736 0.652515 0.408304 0.624860 0.393015 0.622162 0.395263 0.610470 0.388968 0.616766 0.380649
0 0.647340 0.417911 0.677918 0.430278 0.669374 0.447141 0.663303 0.456134 0.633624 0.445117 0.647340 0.417911
0 0.698925 0.464117 0.707694 0.436462 0.724108 0.442533 0.714664 0.471537 0.698925 0.464117
0 0.664515 0.416699 0.668787 0.400960 0.680704 0.405682 0.677106 0.419397 0.664515 0.416699
0 0.723282 0.467437 0.731385 0.447177 0.796039 0.468846 0.788112 0.488049 0.771552 0.483468 0.768733 0.485230 0.723282 0.467437
0 0.748402 0.421552 0.758657 0.385661 0.777702 0.386759 0.776603 0.408368 0.764883 0.409100 0.760854 0.424849 0.748402 0.421552
0 0.782009 0.417740 0.783731 0.400235 0.795783 0.402244 0.795783 0.420322 0.782009 0.417740
0 0.738521 0.346269 0.761775 0.350145 0.758604 0.365648 0.734821 0.360891 0.738521 0.346269
0 0.840849 0.449092 0.878623 0.442347 0.881321 0.462807 0.843772 0.470002 0.840849 0.449092
0 0.834574 0.482736 0.863140 0.481638 0.862408 0.491526 0.831644 0.493724 0.834574 0.482736
0 0.899753 0.525803 0.932697 0.521751 0.934106 0.526507 0.940272 0.525979 0.942210 0.545710 0.892882 0.551523 0.890240 0.534259 0.900458 0.533202 0.899753 0.525803
0 0.948011 0.560037 0.946662 0.536879 0.999010 0.534231 0.999010 0.553265 0.968247 0.552168 0.966673 0.559138 0.948011 0.560037
0 0.490716 0.483553 0.512525 0.468057 0.545526 0.517414 0.528308 0.527458 0.507073 0.497327 0.502769 0.499623 0.490716 0.483553
0 0.339631 0.638236 0.363449 0.599783 0.386405 0.617862 0.369762 0.643401 0.356561 0.641392 0.339631 0.638236
0 0.382859 0.633565 0.413887 0.614229 0.421756 0.625920 0.389154 0.645257 0.382859 0.633565
0 0.307490 0.597350 0.319637 0.570571 0.348900 0.584927 0.337305 0.606874 0.321845 0.598454 0.318808 0.603009 0.307490 0.597350
0 0.537743 0.619107 0.536308 0.600454 0.548361 0.600454 0.548074 0.593567 0.575909 0.592132 0.577344 0.617098 0.537743 0.619107
0 0.627715 0.689574 0.630886 0.697501 0.625777 0.700672 0.627715 0.704372 0.627363 0.707895 0.620844 0.707895 0.620140 0.703315 0.610450 0.703667 0.609393 0.702258 0.606751 0.686579 0.613594 0.684912 0.625898 0.683867 0.627715 0.689574
0 0.635995 0.640246 0.640928 0.646060 0.650441 0.648350 0.646741 0.670723 0.631591 0.669490 0.629124 0.658039 0.617497 0.658215 0.618378 0.665086 0.626482 0.666319 0.627363 0.678475 0.625249 0.681822 0.625752 0.683389 0.613799 0.684404 0.611331 0.678475 0.609569 0.677242 0.602699 0.677418 0.601290 0.637428 0.635995 0.640246
0 0.628308 0.708463 0.636527 0.684237 0.647234 0.688454 0.638907 0.713762 0.628308 0.708463
0 0.708389 0.710446 0.700638 0.699524 0.689187 0.706923 0.680379 0.692829 0.700109 0.680850 0.715436 0.703399 0.708389 0.710446
0 0.671479 0.673444 0.684339 0.662169 0.697728 0.678201 0.684691 0.688418 0.671479 0.673444
0 0.683016 0.643168 0.688830 0.631541 0.692706 0.632774 0.694820 0.624670 0.713317 0.629603 0.711556 0.639469 0.700281 0.638588 0.695348 0.648982 0.683016 0.643168
0 0.709117 0.720769 0.722833 0.706604 0.746441 0.730437 0.730027 0.741904 0.709117 0.720769
0 0.739487 0.750537 0.750474 0.735887 0.768786 0.752734 0.766222 0.757862 0.773181 0.765186 0.764757 0.775807 0.739487 0.750537
0 0.775817 0.736914 0.786834 0.729719 0.783686 0.725222 0.814040 0.707909 0.840796 0.753102 0.812016 0.770415 0.816738 0.778734 0.792005 0.790201 0.785035 0.780308 0.790881 0.774912 0.780539 0.758049 0.792230 0.750180 0.798976 0.757374 0.814040 0.747706 0.814939 0.743434 0.811791 0.736689 0.797851 0.742985 0.781663 0.748606 0.775817 0.736914
0 0.875542 0.734251 0.911534 0.703401 0.932101 0.727240 0.920882 0.735654 0.907327 0.733316 0.887263 0.747591 0.875542 0.734251
0 0.884131 0.648313 0.894701 0.635981 0.906681 0.645494 0.896287 0.658002 0.884131 0.648313
0 0.591103 0.547185 0.617503 0.545177 0.619799 0.564977 0.592825 0.566412 0.591103 0.547185
0 0.758611 0.591537 0.759471 0.575467 0.807968 0.584363 0.801942 0.603589 0.758611 0.591537
0 0.776753 0.609904 0.791592 0.620022 0.780125 0.638009 0.769333 0.634187 0.770007 0.637559 0.756517 0.631264 0.750221 0.642731 0.732909 0.658470 0.727512 0.657345 0.726613 0.662292 0.709975 0.656896 0.716046 0.629915 0.734707 0.632163 0.744151 0.617099 0.755168 0.620022 0.761688 0.617998 0.776753 0.609904
0 0.769226 0.722137 0.741965 0.698894 0.756313 0.676224 0.752008 0.673641 0.759469 0.666180 0.773243 0.677372 0.759756 0.696024 0.776400 0.711807 0.769226 0.722137
0 0.801078 0.709798 0.787304 0.716111 0.776687 0.696598 0.781852 0.693728 0.776400 0.683398 0.779556 0.681102 0.776983 0.675254 0.773397 0.676973 0.764516 0.658485 0.779199 0.648293 0.782481 0.656412 0.788613 0.653735 0.794918 0.668936 0.787836 0.672650 0.805282 0.708925 0.801078 0.709798
0 0.799991 0.665409 0.789540 0.653835 0.800077 0.645975 0.810183 0.657722 0.799991 0.665409
0 0.753576 0.831712 0.783260 0.822686 0.806951 0.846377 0.796013 0.875189 0.758208 0.835745 0.753576 0.831712
0 0.824223 0.841926 0.818029 0.831921 0.874247 0.802859 0.882346 0.821916 0.858525 0.834303 0.867101 0.849251 0.855429 0.855716 0.848427 0.841351 0.826341 0.849251 0.824223 0.841926
0 0.854935 0.868422 0.874866 0.850466 0.884742 0.862856 0.864093 0.880273 0.854935 0.868422
0 0.895843 0.831999 0.904284 0.837346 0.909490 0.846631 0.890638 0.860559 0.879383 0.847757 0.882759 0.844239 0.880086 0.838752 0.895843 0.831999
0 0.911865 0.792292 0.915361 0.797959 0.904666 0.802861 0.911312 0.814319 0.895500 0.822340 0.881291 0.802861 0.905498 0.786963 0.911865 0.792292
0 0.934687 0.797590 0.925291 0.805153 0.916016 0.798086 0.912239 0.791969 0.905928 0.786689 0.919333 0.777882 0.934687 0.797590
0 0.808335 0.810719 0.800953 0.798978 0.861502 0.758240 0.869981 0.766719 0.871585 0.776344 0.808335 0.810719
0 0.909214 0.841029 0.917464 0.833925 0.924569 0.837821 0.941069 0.822008 0.953214 0.833696 0.942214 0.843779 0.935339 0.838050 0.929381 0.842863 0.933735 0.847904 0.915860 0.855238 0.909214 0.841029
0 0.943299 0.847290 0.953991 0.836317 0.962011 0.842507 0.970171 0.838427 0.979315 0.847572 0.962011 0.863329 0.943299 0.847290
0 0.881304 0.899015 0.875738 0.883394 0.877713 0.882137 0.876940 0.874334 0.908417 0.864360 0.918293 0.887882 0.881304 0.899015
0 0.877444 0.999003 0.877187 0.988883 0.884503 0.989727 0.895055 0.979456 0.918972 0.991415 0.916236 0.999002 0.877444 0.999003
0 0.870856 0.988601 0.841171 0.990008 0.840890 0.969327 0.862134 0.968483 0.862556 0.972703 0.873107 0.972422 0.870856 0.988601
0 0.823519 0.952906 0.832457 0.941677 0.847352 0.952219 0.837727 0.963219 0.823519 0.952906
0 0.804534 0.895744 0.825846 0.882223 0.833867 0.892536 0.829742 0.897348 0.845096 0.917057 0.852888 0.909723 0.865263 0.921411 0.842575 0.939744 0.804534 0.895744
0 0.793853 0.920423 0.782059 0.897404 0.801928 0.891491 0.813874 0.914635 0.793853 0.920423
0 0.688127 0.892811 0.763587 0.863563 0.775871 0.892226 0.698948 0.920889 0.688127 0.892811
0 0.785712 0.978614 0.781043 0.951500 0.794330 0.950064 0.793971 0.945575 0.805104 0.944677 0.806540 0.952937 0.800435 0.955271 0.805104 0.976459 0.785712 0.978614
0 0.671329 0.976879 0.690721 0.966756 0.697544 0.977709 0.675458 0.988483 0.671329 0.976879
0 0.632989 0.975625 0.630239 0.967833 0.642156 0.961187 0.644447 0.963021 0.652697 0.958666 0.658426 0.977458 0.637343 0.984791 0.632989 0.975625
0 0.634046 0.999007 0.633138 0.987325 0.654382 0.985215 0.653464 0.999006 0.634046 0.999007
0 0.585312 0.966726 0.593191 0.965600 0.611902 0.955471 0.617952 0.967851 0.625127 0.965741 0.628363 0.973901 0.629207 0.983608 0.626675 0.992190 0.623017 0.988251 0.614153 0.994441 0.611199 0.996411 0.603742 0.998803 0.596989 0.991205 0.595160 0.983890 0.587141 0.985578 0.585312 0.966726
0 0.551778 0.999007 0.539340 0.959230 0.528926 0.961744 0.526592 0.949534 0.547421 0.945045 0.550653 0.955100 0.567531 0.950611 0.581079 0.999007 0.551778 0.999007
0 0.617999 0.949701 0.591416 0.954972 0.586603 0.941451 0.589811 0.939160 0.586374 0.925868 0.586832 0.922889 0.609978 0.918993 0.617999 0.949701
0 0.624720 0.956419 0.611792 0.919969 0.623104 0.916737 0.626157 0.923919 0.632262 0.922482 0.636032 0.935590 0.640521 0.934333 0.645190 0.948518 0.643394 0.948698 0.644831 0.955521 0.634776 0.956598 0.624720 0.956419
0 0.502748 0.949622 0.498087 0.933849 0.518482 0.929037 0.518482 0.924224 0.527420 0.921933 0.526274 0.908641 0.540482 0.907724 0.538420 0.894203 0.559045 0.889620 0.562711 0.908183 0.567753 0.907953 0.573024 0.932703 0.502748 0.949622
0 0.542482 0.885796 0.543201 0.863172 0.559540 0.862094 0.559720 0.854373 0.550203 0.854912 0.550563 0.848807 0.561336 0.848268 0.561336 0.846832 0.576958 0.846473 0.576598 0.862274 0.583242 0.899622 0.566723 0.902136 0.564568 0.883641 0.542482 0.885796
0 0.596244 0.810853 0.606481 0.769321 0.622860 0.769028 0.624322 0.805003 0.596244 0.810853
0 0.611441 0.838534 0.605712 0.820430 0.609149 0.819284 0.608004 0.813096 0.629774 0.806221 0.635504 0.823409 0.629774 0.825700 0.633899 0.841054 0.615337 0.843804 0.611441 0.838534
0 0.645701 0.791572 0.653961 0.817429 0.638339 0.823713 0.631875 0.804860 0.626847 0.806296 0.624693 0.796600 0.645701 0.791572
0 0.650638 0.790041 0.665129 0.771329 0.695658 0.791589 0.685810 0.804813 0.666817 0.790744 0.660908 0.798623 0.650638 0.790041
0 0.632913 0.735358 0.641851 0.722983 0.657663 0.736504 0.663851 0.733525 0.673705 0.733525 0.684017 0.747046 0.683788 0.728025 0.708309 0.731462 0.700746 0.763546 0.690892 0.762629 0.683559 0.772483 0.664996 0.757587 0.658809 0.757587 0.632913 0.735358
0 0.640669 0.722278 0.629976 0.730545 0.622590 0.722939 0.632952 0.712908 0.638574 0.716766 0.640669 0.722278
0 0.653664 0.715885 0.653664 0.709932 0.648042 0.698358 0.653774 0.694940 0.645176 0.683145 0.653333 0.676752 0.672073 0.700121 0.669648 0.702767 0.680892 0.716436 0.664136 0.728121 0.653664 0.715885
0 0.703966 0.681606 0.707494 0.676755 0.702202 0.669921 0.709975 0.657872 0.726613 0.663269 0.727005 0.669590 0.718076 0.677417 0.718296 0.684913 0.716092 0.691416 0.703966 0.681606
0 0.546723 0.778803 0.568747 0.767977 0.579199 0.803066 0.557922 0.808666 0.546723 0.778803
0 0.524798 0.720381 0.551732 0.714096 0.555323 0.733488 0.527312 0.737798 0.524798 0.720381
0 0.544540 0.690907 0.548436 0.667532 0.583498 0.675782 0.581206 0.690449 0.578227 0.691824 0.578227 0.696407 0.565623 0.696178 0.566311 0.694345 0.564019 0.693428 0.545227 0.690907 0.544540 0.690907
0 0.590782 0.747213 0.605220 0.743775 0.599000 0.760765 0.590782 0.747213
0 0.572032 0.764446 0.564998 0.753894 0.577378 0.746156 0.584131 0.755582 0.572032 0.764446
0 0.608433 0.737460 0.580933 0.734252 0.579100 0.719815 0.581392 0.715231 0.608892 0.718669 0.610725 0.726002 0.608433 0.737460
0 0.443090 0.681882 0.447854 0.654726 0.458335 0.656632 0.451665 0.684741 0.443090 0.681882
0 0.455953 0.618995 0.460717 0.603749 0.475963 0.609943 0.473104 0.626617 0.455953 0.618995
0 0.422946 0.619257 0.434705 0.609922 0.446393 0.627338 0.433101 0.639255 0.422946 0.619257
0 0.475467 0.278807 0.492884 0.276832 0.495578 0.291017 0.464514 0.292454 0.459492 0.279990 0.464824 0.276885 0.464840 0.276922 0.473492 0.273421 0.475467 0.278807
0 0.448686 0.273652 0.447598 0.281465 0.427884 0.284733 0.424114 0.270727 0.444932 0.266309 0.448686 0.273652
0 0.464619 0.276436 0.459307 0.279531 0.459307 0.279526 0.448105 0.281387 0.449191 0.273567 0.445430 0.266201 0.458768 0.263365 0.464619 0.276436
0 0.381531 0.081106 0.377051 0.076627 0.391236 0.061322 0.409154 0.077000 0.422393 0.065767 0.435423 0.081518 0.425414 0.090104 0.438305 0.105374 0.422219 0.119555 0.381531 0.081106
0 0.277587 0.808807 0.289475 0.808595 0.288628 0.822369 0.276275 0.821508 0.277587 0.808807
0 0.281030 0.745147 0.294518 0.743999 0.295952 0.755190 0.281891 0.756338 0.281030 0.745147
0 0.586582 0.856093 0.612121 0.851214 0.614417 0.868145 0.590025 0.872163 0.586582 0.856093
4 0.158315 0.134071 0.171164 0.133897 0.171685 0.144662 0.158662 0.145009 0.158315 0.134071
0 0.480604 0.342269 0.494841 0.341575 0.495883 0.351124 0.481645 0.352340 0.480604 0.342269
0 0.810396 0.400755 0.828124 0.405409 0.826129 0.422472 0.808180 0.420477 0.810396 0.400755
0 0.825111 0.846686 0.825332 0.846908 0.826341 0.849251 0.829764 0.848459 0.841509 0.865079 0.827548 0.872835 0.817355 0.852005 0.825111 0.846686
0 0.586582 0.856093 0.585420 0.854757 0.586635 0.836525 0.594796 0.818642 0.600699 0.816905 0.606602 0.836005 0.611441 0.838534 0.613548 0.849895 0.586582 0.856093
0 0.503137 0.847948 0.543690 0.847505 0.542586 0.863613 0.541474 0.868336 0.534161 0.870109 0.533718 0.861466 0.523746 0.861244 0.523746 0.858142 0.521308 0.857477 0.521751 0.860358 0.502472 0.858807 0.503137 0.847948
0 0.525798 0.879620 0.540383 0.877884 0.540557 0.887954 0.546634 0.887086 0.546831 0.891713 0.539903 0.893312 0.539157 0.889474 0.529776 0.889687 0.525798 0.879620
0 0.692392 0.611841 0.712359 0.611494 0.731806 0.611494 0.731979 0.616529 0.741182 0.616702 0.740661 0.625210 0.732848 0.626947 0.732500 0.622779 0.694820 0.624670 0.692392 0.611841
