0 0.755531 0.999006 0.755196 0.998280 0.784579 0.986527 0.790516 0.999005 0.755531 0.999006
0 0.838258 0.999004 0.838042 0.995843 0.875308 0.972480 0.883191 0.983087 0.861347 0.999004 0.838258 0.999004
0 0.968680 0.999001 0.972163 0.992861 0.962384 0.988787 0.973691 0.972692 0.999008 0.981576 0.999008 0.999000 0.968680 0.999001
0 0.947653 0.931428 0.972460 0.927394 0.976695 0.947764 0.952695 0.952201 0.947653 0.931428
0 0.917108 0.753745 0.924571 0.758384 0.927394 0.766048 0.912066 0.778754 0.907831 0.771695 0.900974 0.768670 0.917108 0.753745
0 0.999008 0.748609 0.989145 0.739464 0.988566 0.738596 0.999008 0.729472 0.999008 0.748609
0 0.790807 0.903222 0.796827 0.931888 0.776188 0.938195 0.775471 0.922572 0.768448 0.909385 0.790807 0.903222
0 0.768448 0.909385 0.775471 0.922572 0.775829 0.933752 0.766635 0.934838 0.760264 0.915510 0.768445 0.913193 0.768448 0.909385
0 0.813878 0.901546 0.815598 0.900113 0.823338 0.907566 0.829931 0.900543 0.843118 0.913156 0.836668 0.921326 0.834661 0.920896 0.815311 0.941249 0.802125 0.930356 0.805995 0.925913 0.806998 0.926486 0.810008 0.923046 0.800548 0.915879 0.813878 0.901546
0 0.771110 0.874629 0.770537 0.873482 0.780686 0.872837 0.794473 0.872479 0.794186 0.869899 0.792753 0.864882 0.791320 0.861013 0.798200 0.857573 0.805080 0.855709 0.828873 0.856283 0.829016 0.867892 0.844496 0.868609 0.847793 0.880362 0.848939 0.894982 0.842919 0.895699 0.778850 0.895269 0.776843 0.882512 0.771110 0.874629
0 0.770537 0.872506 0.766833 0.873389 0.766018 0.861267 0.761128 0.860758 0.760925 0.856581 0.760925 0.854544 0.779464 0.853220 0.780686 0.871861 0.770537 0.872506
0 0.759881 0.881999 0.759474 0.881082 0.770780 0.876600 0.773938 0.883323 0.762631 0.888620 0.759881 0.881999
0 0.758455 0.884444 0.759066 0.894222 0.749491 0.894630 0.749185 0.884953 0.758455 0.884444
0 0.707170 0.970631 0.710397 0.989791 0.696481 0.992413 0.693456 0.972446 0.707170 0.970631
0 0.854194 0.947149 0.869101 0.933819 0.875980 0.941559 0.888307 0.957039 0.869674 0.971658 0.862364 0.961768 0.865087 0.960335 0.861361 0.954745 0.854194 0.947149
0 0.932306 0.874409 0.945062 0.891609 0.942510 0.900031 0.935012 0.902530 0.927002 0.901356 0.915536 0.885016 0.932306 0.874409
0 0.983046 0.878914 0.990075 0.900815 0.953913 0.913344 0.952691 0.909677 0.937717 0.915381 0.934763 0.906723 0.946884 0.902139 0.946039 0.891609 0.983046 0.878914
0 0.970409 0.853346 0.961754 0.859869 0.955590 0.851086 0.980531 0.830797 0.992106 0.849374 0.999008 0.846298 0.999008 0.892049 0.988540 0.893073 0.983142 0.877895 0.987725 0.876062 0.970409 0.853346
0 0.969017 0.838710 0.957904 0.848743 0.949258 0.842402 0.959980 0.831328 0.969017 0.838710
0 0.959980 0.831328 0.949258 0.842402 0.937025 0.833439 0.948544 0.821994 0.959980 0.831328
0 0.964721 0.774696 0.965856 0.772142 0.989410 0.786615 0.976640 0.807048 0.968126 0.802791 0.969261 0.801372 0.953937 0.793142 0.964721 0.774696
0 0.969656 0.810198 0.988129 0.819195 0.983289 0.829682 0.964331 0.821615 0.969656 0.810198
0 0.861008 0.639941 0.882292 0.630293 0.895913 0.650158 0.893359 0.653563 0.898468 0.667753 0.880873 0.681374 0.869237 0.689888 0.871224 0.695280 0.859589 0.698685 0.851926 0.662361 0.868670 0.660374 0.861008 0.639941
0 0.817506 0.655431 0.840010 0.649554 0.845026 0.671054 0.822236 0.676358 0.817506 0.655431
0 0.830058 0.599530 0.846596 0.596303 0.853050 0.616471 0.865756 0.612236 0.868983 0.624135 0.839134 0.635026 0.830058 0.599530
0 0.827083 0.575567 0.847455 0.575159 0.847353 0.592680 0.827083 0.592782 0.827083 0.575567
0 0.777673 0.584960 0.775857 0.607548 0.775656 0.637599 0.757303 0.636389 0.758308 0.610170 0.761623 0.586375 0.777673 0.584960
0 0.740244 0.544569 0.765757 0.544856 0.766474 0.565066 0.759594 0.565066 0.759594 0.572376 0.744687 0.572232 0.743971 0.565352 0.740387 0.565209 0.740244 0.544569
0 0.725685 0.541738 0.736687 0.542043 0.736483 0.554776 0.739131 0.560277 0.738724 0.564657 0.729556 0.564453 0.725278 0.553961 0.725685 0.541738
0 0.687779 0.525922 0.704549 0.539826 0.692509 0.551579 0.687492 0.546849 0.681186 0.552009 0.672299 0.541116 0.687779 0.525922
0 0.706047 0.610060 0.708318 0.633330 0.704061 0.632479 0.704061 0.646101 0.664898 0.647236 0.663195 0.613465 0.663195 0.606938 0.674263 0.605519 0.675682 0.631627 0.680506 0.631627 0.680223 0.611195 0.706047 0.610060
0 0.615889 0.549883 0.628659 0.531720 0.630078 0.531720 0.660727 0.549031 0.649376 0.569180 0.615889 0.549883
0 0.596836 0.540275 0.612768 0.551973 0.604499 0.561855 0.588768 0.550762 0.596836 0.540275
0 0.595859 0.540275 0.594028 0.542493 0.585170 0.536443 0.599086 0.515871 0.608565 0.521922 0.595859 0.540275
0 0.461506 0.533989 0.481472 0.549519 0.473607 0.561418 0.465943 0.555569 0.462716 0.560611 0.448800 0.550326 0.461506 0.533989
0 0.603135 0.309964 0.603906 0.316162 0.589588 0.320932 0.583739 0.306815 0.585957 0.305605 0.597881 0.300527 0.603135 0.309964
0 0.645254 0.288740 0.645050 0.288865 0.647269 0.292495 0.629924 0.303789 0.604714 0.317907 0.603906 0.316162 0.603135 0.309964 0.597881 0.300527 0.629924 0.282613 0.637412 0.276855 0.645254 0.288740
0 0.667235 0.274949 0.645050 0.288865 0.637412 0.276855 0.665017 0.257806 0.667235 0.274949
0 0.668448 0.266444 0.692527 0.276764 0.701271 0.282067 0.693101 0.291670 0.686507 0.287800 0.668161 0.280347 0.668448 0.266444
0 0.741866 0.253123 0.730975 0.270266 0.716051 0.260787 0.724522 0.248887 0.716858 0.244249 0.724925 0.232148 0.734606 0.237391 0.730975 0.246669 0.741866 0.253123
0 0.819003 0.244832 0.832625 0.246251 0.833192 0.247102 0.832625 0.262143 0.842274 0.262143 0.841706 0.270089 0.833760 0.269521 0.833760 0.271508 0.849652 0.272075 0.848801 0.291940 0.840003 0.291657 0.840287 0.280589 0.833192 0.279738 0.833192 0.286265 0.835747 0.286265 0.836030 0.295913 0.816449 0.295913 0.819003 0.244832
0 0.646957 0.373160 0.667106 0.370890 0.668808 0.385647 0.674200 0.383944 0.676754 0.402390 0.663416 0.404377 0.671646 0.454323 0.660579 0.456594 0.660295 0.451769 0.649795 0.452904 0.646957 0.435026 0.638159 0.436728 0.635605 0.421688 0.640430 0.420552 0.638159 0.407214 0.652065 0.404660 0.651781 0.402958 0.646957 0.373160
0 0.738049 0.324682 0.751103 0.330074 0.746562 0.339723 0.734076 0.333763 0.738049 0.324682
0 0.900807 0.528095 0.913312 0.549675 0.896370 0.558347 0.886286 0.534750 0.900807 0.528095
0 0.926188 0.550481 0.930826 0.557742 0.933448 0.557137 0.939499 0.567221 0.946961 0.583759 0.916305 0.594852 0.907764 0.585994 0.902862 0.573869 0.899566 0.563389 0.926188 0.550481
1 0.520884 0.030823 0.544048 0.041338 0.538714 0.051701 0.535209 0.050025 0.533532 0.054749 0.515397 0.046977 0.520884 0.030823
0 0.999008 0.135379 0.989644 0.128294 0.995186 0.119365 0.999008 0.121576 0.999008 0.135379
0 0.383327 0.000007 0.381663 0.001934 0.379492 0.003809 0.374261 0.006178 0.366562 0.006375 0.358667 0.004007 0.355607 0.002329 0.354324 0.001441 0.352627 0.000007 0.383327 0.000007
0 0.418497 0.089935 0.440040 0.090578 0.440522 0.106655 0.417211 0.105690 0.418497 0.089935
0 0.523027 0.139198 0.537801 0.145354 0.525490 0.180645 0.510716 0.173464 0.523027 0.139198
0 0.844326 0.458756 0.856383 0.452325 0.864261 0.464061 0.853007 0.472100 0.844326 0.458756
0 0.761505 0.291285 0.770739 0.289849 0.769713 0.301955 0.763557 0.311188 0.755145 0.306264 0.759659 0.300929 0.761505 0.291285
0 0.933374 0.668016 0.941626 0.672896 0.930051 0.694439 0.921852 0.714695 0.910116 0.709229 0.921691 0.684310 0.933374 0.668016
