0 0.000008 0.549250 0.014603 0.548786 0.020070 0.549108 0.015890 0.582547 0.000008 0.583244 0.000008 0.549250
0 0.000008 0.607779 0.007679 0.607779 0.018416 0.605946 0.017892 0.600709 0.038319 0.600970 0.038057 0.622706 0.027844 0.623492 0.027844 0.630038 0.000008 0.628729 0.000008 0.607779
3 0.175225 0.706544 0.217635 0.719121 0.214125 0.730235 0.172008 0.717658 0.175225 0.706544
0 0.206490 0.627540 0.222951 0.625711 0.224780 0.636122 0.216453 0.637135 0.208319 0.638092 0.206490 0.627540
0 0.371387 0.971248 0.377014 0.959430 0.394741 0.968152 0.388691 0.980252 0.371387 0.971248
0 0.356551 0.954455 0.357013 0.952730 0.369494 0.957410 0.365414 0.968243 0.353174 0.963881 0.356551 0.954455
0 0.473633 0.943625 0.478457 0.937381 0.482833 0.932822 0.492171 0.940463 0.475734 0.962095 0.445343 0.940347 0.454199 0.928906 0.473633 0.943625
2 0.488316 0.926530 0.482833 0.932822 0.478457 0.937381 0.438064 0.907662 0.448885 0.895228 0.463395 0.907216 0.469507 0.901574 0.481730 0.911917 0.476402 0.917872 0.488316 0.926530
2 0.454199 0.928906 0.445343 0.940347 0.441945 0.944965 0.431956 0.936242 0.444574 0.920962 0.454199 0.928906
0 0.420485 0.909153 0.425777 0.901768 0.433383 0.907279 0.427981 0.914996 0.420485 0.909153
0 0.400797 0.897874 0.412005 0.902116 0.406493 0.916556 0.396682 0.912588 0.400210 0.904761 0.397233 0.903438 0.399756 0.897578 0.400797 0.897874
2 0.480947 0.860850 0.478026 0.872259 0.454683 0.866154 0.458203 0.853877 0.480947 0.860850
2 0.484854 0.845947 0.483592 0.850533 0.480947 0.860850 0.458203 0.853877 0.462383 0.839297 0.484854 0.845947
3 0.487004 0.838143 0.484854 0.845947 0.462383 0.839297 0.464559 0.831679 0.487004 0.838143
0 0.541875 0.788971 0.583730 0.805824 0.578882 0.817136 0.536327 0.799719 0.541875 0.788971
0 0.593305 0.809935 0.606464 0.818867 0.600753 0.828364 0.598967 0.831097 0.584902 0.821929 0.593305 0.809935
0 0.552693 0.743370 0.563385 0.724799 0.582659 0.732537 0.596447 0.743652 0.589272 0.757720 0.584066 0.760253 0.552693 0.743370
0 0.561582 0.673631 0.570492 0.679479 0.550893 0.714260 0.529621 0.702181 0.549317 0.667290 0.561582 0.673631
0 0.590575 0.665420 0.580340 0.684813 0.570492 0.679479 0.561582 0.673631 0.568849 0.660572 0.572978 0.663086 0.575851 0.656981 0.590575 0.665420
0 0.602858 0.665029 0.614816 0.642097 0.641828 0.654477 0.629307 0.677410 0.602858 0.665029
0 0.613329 0.636286 0.621892 0.618474 0.650909 0.632770 0.642088 0.649724 0.613329 0.636286
2 0.623925 0.613861 0.629688 0.601057 0.661109 0.613974 0.655034 0.626182 0.623925 0.613861
0 0.634838 0.585379 0.641713 0.566588 0.672422 0.576671 0.665088 0.596150 0.634838 0.585379
0 0.650834 0.559624 0.655842 0.534804 0.696524 0.543982 0.691496 0.571993 0.667615 0.567504 0.668513 0.563195 0.650834 0.559624
0 0.686336 0.483631 0.692932 0.460647 0.716287 0.466837 0.710800 0.489629 0.686336 0.483631
0 0.761702 0.348202 0.784741 0.353272 0.781434 0.368484 0.758175 0.361870 0.761702 0.348202
0 0.725916 0.445833 0.685488 0.429283 0.693833 0.407791 0.704996 0.412496 0.715927 0.417457 0.733937 0.425208 0.725916 0.445833
0 0.716903 0.417457 0.705973 0.412496 0.713210 0.398799 0.719609 0.402249 0.724043 0.404145 0.716903 0.417457
0 0.702492 0.385614 0.726513 0.369308 0.739529 0.383872 0.718632 0.401272 0.712233 0.397822 0.702492 0.385614
0 0.746633 0.377212 0.765099 0.384985 0.756529 0.406121 0.746259 0.402181 0.750057 0.392615 0.741440 0.389487 0.746633 0.377212
0 0.858480 0.426610 0.861576 0.419435 0.868561 0.422732 0.864811 0.429986 0.858480 0.426610
0 0.658369 0.434765 0.658178 0.432124 0.658369 0.419852 0.678206 0.420415 0.677361 0.453758 0.657665 0.453195 0.658369 0.434765
0 0.658369 0.419852 0.658178 0.432124 0.648821 0.431571 0.649365 0.419571 0.658369 0.419852
0 0.675984 0.387094 0.673098 0.390161 0.683135 0.398564 0.675010 0.409608 0.662461 0.401768 0.668830 0.392815 0.652920 0.381982 0.660225 0.373758 0.675984 0.387094
0 0.668830 0.393792 0.662461 0.402744 0.645676 0.392252 0.652920 0.382959 0.668830 0.393792
0 0.706007 0.358561 0.704007 0.363961 0.692245 0.361192 0.685606 0.365161 0.700143 0.384940 0.688405 0.395091 0.677326 0.384674 0.675984 0.386118 0.660225 0.372781 0.678655 0.358390 0.690421 0.351652 0.706007 0.358561
0 0.592336 0.377195 0.622127 0.351421 0.625192 0.353672 0.628633 0.357218 0.602466 0.383808 0.592336 0.377195
0 0.654521 0.355186 0.635312 0.375010 0.634830 0.374558 0.616335 0.392740 0.603442 0.383808 0.629610 0.357218 0.626169 0.353672 0.638986 0.340966 0.654521 0.355186
0 0.666412 0.365165 0.648544 0.384439 0.636289 0.375010 0.655498 0.355186 0.666412 0.365165
0 0.683209 0.254584 0.668844 0.257098 0.667049 0.248658 0.666113 0.248809 0.662663 0.232490 0.678361 0.229805 0.683209 0.254584
0 0.665137 0.248809 0.646680 0.251711 0.644166 0.235910 0.661686 0.232490 0.665137 0.248809
2 0.263962 0.184714 0.285051 0.179914 0.291824 0.210139 0.270861 0.214427 0.263962 0.184714
1 0.302360 0.332334 0.301695 0.330802 0.336276 0.318126 0.345542 0.343990 0.336859 0.347198 0.342536 0.363011 0.316464 0.371797 0.302360 0.332334
0 0.144199 0.491543 0.138171 0.502947 0.119219 0.493262 0.125082 0.482281 0.144199 0.491543
0 0.151403 0.474700 0.143223 0.490566 0.124105 0.481304 0.132320 0.465676 0.151403 0.474700
0 0.112944 0.476123 0.124105 0.482281 0.118242 0.493262 0.095944 0.481864 0.101903 0.470406 0.112944 0.476123
0 0.131343 0.466653 0.123129 0.482281 0.111967 0.476123 0.120864 0.461468 0.131343 0.466653
0 0.195426 0.441004 0.213012 0.451837 0.206399 0.461330 0.188673 0.450430 0.195426 0.441004
0 0.205699 0.509885 0.212171 0.496379 0.224129 0.502851 0.235244 0.480903 0.254518 0.489485 0.237354 0.525204 0.205699 0.509885
3 0.951436 0.647875 0.943155 0.640901 0.958509 0.621651 0.971572 0.631276 0.957593 0.649609 0.964697 0.655338 0.949343 0.676880 0.936739 0.668401 0.951436 0.647875
4 0.999008 0.621646 0.986967 0.614642 0.996947 0.596347 0.999008 0.593806 0.999008 0.621646
3 0.952237 0.610532 0.962831 0.592577 0.971988 0.597066 0.978452 0.585933 0.996947 0.596347 0.986967 0.614642 0.975400 0.633516 0.971572 0.631276 0.958509 0.621651 0.962292 0.616278 0.952237 0.610532
0 0.999008 0.567868 0.995119 0.576388 0.983161 0.572168 0.991743 0.551908 0.999008 0.554632 0.999008 0.567868
0 0.945293 0.546794 0.953993 0.539343 0.962912 0.550076 0.954103 0.557504 0.945293 0.546794
0 0.998117 0.528836 0.995522 0.544731 0.969534 0.540358 0.971032 0.531610 0.964327 0.530483 0.965584 0.522941 0.998117 0.528836
1 0.107284 0.457956 0.111284 0.451956 0.117084 0.456356 0.112884 0.462556 0.107284 0.457956
0 0.069857 0.584300 0.082058 0.560499 0.093658 0.565499 0.084058 0.586100 0.069857 0.584300
0 0.224780 0.636122 0.225855 0.645128 0.217393 0.646225 0.216453 0.637135 0.224780 0.636122
0 0.179603 0.691177 0.183604 0.678776 0.198604 0.684177 0.196204 0.691177 0.191804 0.689777 0.190204 0.694977 0.179603 0.691177
0 0.186791 0.477696 0.186838 0.456389 0.200284 0.457872 0.200877 0.477058 0.186791 0.477696
3 0.133111 0.377273 0.143111 0.376873 0.144311 0.390474 0.134111 0.390874 0.133111 0.377273
3 0.365643 0.398540 0.376620 0.387563 0.389638 0.399816 0.378662 0.410537 0.365643 0.398540
0 0.413689 0.358427 0.418861 0.353569 0.424346 0.359211 0.418704 0.364226 0.413689 0.358427
0 0.431238 0.885985 0.432514 0.878071 0.440683 0.879093 0.439407 0.887516 0.431238 0.885985
3 0.452506 0.958936 0.457989 0.951344 0.470514 0.959816 0.465234 0.967798 0.452506 0.958936
0 0.606464 0.818867 0.612871 0.823488 0.607073 0.832734 0.600753 0.828364 0.606464 0.818867
0 0.607244 0.682835 0.614444 0.670834 0.632045 0.679434 0.624244 0.692035 0.607244 0.682835
0 0.622565 0.410653 0.625977 0.390542 0.638725 0.393056 0.635134 0.412807 0.622565 0.410653
0 0.820541 0.418483 0.838645 0.419399 0.837958 0.432003 0.819624 0.430858 0.820541 0.418483
2 0.837669 0.454269 0.844985 0.453425 0.845829 0.463132 0.838513 0.464258 0.837669 0.454269
2 0.730669 0.323735 0.736235 0.317630 0.742699 0.323196 0.737312 0.328942 0.730669 0.323735
3 0.689001 0.784632 0.695876 0.775694 0.707105 0.784861 0.699772 0.793111 0.689001 0.784632
