0 0.029717 0.021608 0.031178 0.032323 0.017297 0.033541 0.016322 0.030862 0.013887 0.029157 0.013643 0.024774 0.018271 0.023069 0.029717 0.021608
0 0.087264 0.000003 0.092550 0.019416 0.075015 0.023069 0.074213 0.012353 0.072306 0.000002 0.087264 0.000003
0 0.000011 0.047475 0.009428 0.047814 0.011292 0.061801 0.000011 0.061214 0.000011 0.047475
0 0.037091 0.048435 0.041442 0.047814 0.055740 0.049679 0.072214 0.053719 0.070349 0.060868 0.058227 0.059003 0.059159 0.074855 0.047969 0.075477 0.036469 0.072679 0.037091 0.048435
0 0.399278 0.301776 0.399278 0.310787 0.392946 0.310300 0.392216 0.302020 0.399278 0.301776
0 0.446989 0.494292 0.464709 0.491761 0.472304 0.513025 0.465216 0.517076 0.472810 0.542897 0.441420 0.542897 0.434838 0.528721 0.432813 0.513025 0.450533 0.509988 0.446989 0.494292
0 0.445469 0.568411 0.445469 0.564867 0.437874 0.560816 0.441925 0.553728 0.463695 0.555753 0.471290 0.604358 0.471290 0.613977 0.448507 0.614484 0.444456 0.603851 0.435849 0.570436 0.445469 0.568411
0 0.356655 0.649906 0.374903 0.658237 0.382044 0.672121 0.356259 0.699493 0.347134 0.692353 0.333647 0.684419 0.323333 0.693940 0.315795 0.687989 0.328490 0.675295 0.356655 0.649906
0 0.384424 0.619757 0.393151 0.620947 0.392358 0.631262 0.383234 0.631262 0.384424 0.619757
0 0.270346 0.717332 0.298909 0.749068 0.287404 0.757001 0.279867 0.746687 0.270346 0.751448 0.253288 0.730423 0.265586 0.719712 0.270346 0.717332
0 0.356033 0.723679 0.377851 0.733993 0.359206 0.754225 0.339372 0.740340 0.356033 0.723679
0 0.413951 0.703051 0.416331 0.718125 0.394909 0.720902 0.388959 0.705431 0.392926 0.701464 0.413951 0.703051
0 0.415934 0.673299 0.425851 0.672505 0.436562 0.676472 0.444099 0.684009 0.438149 0.697100 0.423868 0.703844 0.402050 0.689960 0.415934 0.673299
0 0.482895 0.685427 0.519262 0.686670 0.520194 0.697860 0.486004 0.700657 0.482895 0.685427
0 0.545625 0.692507 0.596911 0.695305 0.597222 0.705562 0.545936 0.704319 0.545625 0.692507
0 0.348127 0.785213 0.353485 0.788866 0.354702 0.795929 0.338142 0.800556 0.334245 0.791789 0.348127 0.785213
0 0.292844 0.790571 0.296010 0.786431 0.322068 0.785213 0.327913 0.794955 0.332297 0.794955 0.335463 0.800799 0.326696 0.807375 0.321581 0.812489 0.296740 0.814681 0.292844 0.790571
0 0.285852 0.770812 0.289396 0.782964 0.285346 0.787520 0.271676 0.787520 0.266613 0.772838 0.285852 0.770812
0 0.235729 0.779420 0.264081 0.783470 0.260537 0.809797 0.234210 0.806253 0.232185 0.794608 0.235729 0.779420
0 0.194198 0.768757 0.229881 0.773718 0.228354 0.787457 0.210799 0.785740 0.191908 0.781923 0.194198 0.768757
0 0.216790 0.793550 0.230466 0.797279 0.231709 0.828983 0.222695 0.830537 0.209641 0.829916 0.208087 0.807537 0.216790 0.793550
0 0.257199 0.852289 0.262356 0.869743 0.248868 0.872520 0.244108 0.860223 0.246091 0.855859 0.257199 0.852289
0 0.224951 0.879448 0.244533 0.878205 0.247641 0.895922 0.245155 0.896543 0.243290 0.913328 0.235519 0.917368 0.226506 0.920787 0.191383 0.924517 0.185788 0.888773 0.204748 0.886597 0.208167 0.895611 0.213451 0.907111 0.219046 0.905868 0.219978 0.895922 0.225573 0.895922 0.224951 0.879448
0 0.174638 0.917455 0.167332 0.932554 0.148579 0.922569 0.154911 0.908444 0.171715 0.914046 0.174638 0.917455
0 0.139841 0.863869 0.164436 0.890448 0.151345 0.897588 0.129924 0.874183 0.123180 0.875373 0.113262 0.862282 0.131510 0.853952 0.139841 0.863869
0 0.096839 0.806610 0.108961 0.802258 0.117975 0.821529 0.107407 0.825570 0.097150 0.810340 0.096839 0.806610
0 0.097289 0.781511 0.108793 0.781114 0.108793 0.796585 0.098875 0.802139 0.094908 0.798569 0.097289 0.781511
0 0.144996 0.805973 0.177322 0.790121 0.185714 0.801310 0.195350 0.818406 0.189444 0.822446 0.178565 0.808149 0.171727 0.813122 0.181673 0.826176 0.168308 0.836123 0.161781 0.837677 0.144996 0.805973
0 0.196508 0.786335 0.196890 0.793395 0.187730 0.792632 0.187540 0.786717 0.196508 0.786335
0 0.160214 0.858801 0.171661 0.866107 0.169225 0.869030 0.164111 0.874144 0.153395 0.866107 0.160214 0.858801
0 0.487840 0.568906 0.495615 0.566107 0.498725 0.573260 0.491261 0.576059 0.487840 0.568906
0 0.559288 0.575818 0.598944 0.592693 0.594303 0.599443 0.589241 0.613787 0.564772 0.610412 0.567725 0.591005 0.558866 0.588052 0.559288 0.575818
