0 0.000008 0.448466 0.002473 0.446756 0.008038 0.451084 0.002009 0.467006 0.000008 0.464850 0.000008 0.448466
0 0.019631 0.459741 0.034780 0.465924 0.028596 0.477363 0.013711 0.470937 0.017211 0.461735 0.019492 0.459600 0.019631 0.459741
0 0.017931 0.458040 0.019150 0.459258 0.016795 0.461456 0.013262 0.470752 0.004761 0.467160 0.010051 0.455198 0.017931 0.458040
0 0.181805 0.464122 0.184567 0.484837 0.167600 0.485232 0.164444 0.465503 0.181805 0.464122
0 0.168192 0.489770 0.167995 0.509893 0.142545 0.508709 0.125973 0.506342 0.127748 0.496477 0.135048 0.496675 0.137021 0.485429 0.156749 0.488980 0.158722 0.487402 0.167206 0.487797 0.168192 0.489770
0 0.137021 0.485429 0.135048 0.496675 0.125771 0.496453 0.124587 0.500794 0.116695 0.497834 0.118274 0.523284 0.121430 0.525849 0.119260 0.534135 0.110974 0.532359 0.105647 0.482841 0.123600 0.484813 0.137021 0.485429
0 0.074859 0.779180 0.081286 0.807460 0.050757 0.815815 0.046901 0.812923 0.040795 0.785929 0.061362 0.776609 0.074859 0.779180
0 0.103138 0.822242 0.102495 0.854699 0.086428 0.852128 0.088034 0.847308 0.090927 0.821599 0.103138 0.822242
0 0.078715 0.825777 0.080965 0.853735 0.054613 0.853092 0.052685 0.827705 0.069396 0.824170 0.078715 0.825777
0 0.041069 0.858058 0.050067 0.854844 0.066134 0.858058 0.084130 0.859986 0.094414 0.864485 0.119158 0.872198 0.115945 0.883445 0.097627 0.879268 0.076418 0.876054 0.074168 0.882802 0.070955 0.885695 0.058743 0.887301 0.042354 0.885695 0.041069 0.858058
0 0.182542 0.884205 0.178765 0.899816 0.161895 0.894277 0.162146 0.891004 0.135456 0.886471 0.136464 0.877407 0.165168 0.881687 0.166679 0.878666 0.182793 0.882191 0.182542 0.884205
0 0.201930 0.792301 0.198908 0.818991 0.185563 0.819243 0.176499 0.818488 0.178009 0.808919 0.187829 0.810178 0.188333 0.801618 0.167686 0.793560 0.170204 0.783740 0.192110 0.790539 0.201930 0.792301
0 0.112296 0.997802 0.106253 0.996795 0.091397 0.982443 0.099203 0.972120 0.114311 0.962803 0.122116 0.958271 0.131181 0.956760 0.129418 0.969350 0.126397 0.970105 0.122620 0.974134 0.129166 0.979925 0.129166 0.983702 0.122368 0.991256 0.112296 0.997802
0 0.160529 0.940282 0.166824 0.948843 0.146429 0.964454 0.140134 0.950102 0.156752 0.939527 0.160529 0.940282
0 0.000008 0.506344 0.003710 0.506096 0.003710 0.512716 0.018152 0.516326 0.014541 0.534078 0.012736 0.534078 0.008223 0.549423 0.000008 0.547620 0.000008 0.506344
