4 0.049831 0.000002 0.050736 0.012499 0.052476 0.012509 0.053969 0.024978 0.020661 0.025935 0.018721 0.000001 0.049831 0.000002
0 0.108288 0.050312 0.139921 0.010005 0.167443 0.041960 0.158392 0.050457 0.146201 0.038451 0.125882 0.066343 0.108288 0.050312
0 0.310939 0.122270 0.309392 0.132540 0.301513 0.143373 0.283505 0.134228 0.277174 0.145765 0.261136 0.138308 0.269296 0.124380 0.266855 0.121758 0.272617 0.106563 0.310939 0.122270
0 0.272168 0.106377 0.267949 0.116568 0.252253 0.108895 0.257056 0.100182 0.272168 0.106377
0 0.278073 0.145993 0.294692 0.154178 0.289789 0.165852 0.281065 0.160534 0.279237 0.166060 0.268061 0.158582 0.273503 0.147323 0.278073 0.145993
0 0.314524 0.176457 0.315087 0.183633 0.334249 0.185211 0.333377 0.170971 0.349853 0.170952 0.351864 0.199687 0.332814 0.200515 0.333095 0.209941 0.316635 0.209660 0.316990 0.200528 0.295672 0.198686 0.297987 0.175510 0.314524 0.176457
0 0.297138 0.209472 0.311502 0.211447 0.310066 0.221323 0.295162 0.218270 0.297138 0.209472
0 0.316127 0.227026 0.332882 0.227798 0.332221 0.239372 0.313261 0.238490 0.314694 0.227136 0.316127 0.227026
0 0.369369 0.202554 0.390754 0.203326 0.393400 0.214349 0.390093 0.218758 0.367495 0.218207 0.367605 0.202664 0.369369 0.202554
0 0.418092 0.214129 0.439036 0.215782 0.437934 0.240474 0.413021 0.237167 0.414675 0.213798 0.418092 0.214129
0 0.399793 0.266379 0.425257 0.276300 0.417872 0.301764 0.387778 0.288205 0.397368 0.265718 0.399793 0.266379
0 0.385886 0.157449 0.408959 0.158715 0.408959 0.169970 0.383635 0.169126 0.384620 0.157730 0.385886 0.157449
0 0.566855 0.351175 0.582897 0.350258 0.585188 0.366071 0.567772 0.368821 0.566855 0.351175
0 0.588771 0.335421 0.589897 0.334718 0.612829 0.335702 0.619160 0.394932 0.601433 0.395917 0.600730 0.385928 0.592429 0.387335 0.592289 0.383677 0.588771 0.335421
0 0.435459 0.371018 0.435740 0.370033 0.466551 0.374394 0.467114 0.387619 0.445448 0.386212 0.446433 0.381147 0.435459 0.379459 0.435459 0.371018
0 0.409659 0.367269 0.434225 0.372006 0.433548 0.385541 0.422314 0.383510 0.420622 0.391699 0.404855 0.388721 0.409253 0.366863 0.409659 0.367269
0 0.408401 0.366115 0.406937 0.373477 0.404528 0.384317 0.400242 0.383655 0.397147 0.396036 0.387178 0.392837 0.398018 0.363857 0.408401 0.366115
0 0.396812 0.363623 0.397404 0.363750 0.388575 0.386625 0.381818 0.384499 0.387586 0.361286 0.396812 0.363623
0 0.162536 0.467902 0.181840 0.470534 0.172480 0.502122 0.155224 0.493933 0.162536 0.467902
0 0.061515 0.464347 0.091681 0.471888 0.087730 0.488407 0.056487 0.479789 0.061515 0.464347
0 0.035905 0.457336 0.032528 0.475344 0.005516 0.469154 0.009455 0.451990 0.035905 0.457336
0 0.007088 0.389917 0.012153 0.377114 0.002445 0.372893 0.008354 0.358402 0.032834 0.369376 0.030864 0.380068 0.040853 0.384852 0.033678 0.400468 0.006385 0.390620 0.007088 0.389917
0 0.047220 0.770112 0.063021 0.756107 0.070563 0.767958 0.055480 0.781065 0.047220 0.770112
0 0.089953 0.764661 0.102960 0.773039 0.089953 0.795526 0.075732 0.784834 0.089953 0.764661
0 0.104930 0.775969 0.105793 0.774760 0.126695 0.787975 0.116849 0.805076 0.095170 0.791170 0.104930 0.775969
0 0.090724 0.815517 0.099869 0.807075 0.124771 0.824661 0.118159 0.836198 0.089036 0.817627 0.090724 0.815517
0 0.107290 0.846031 0.120850 0.845427 0.121109 0.858728 0.107376 0.857605 0.107290 0.846031
0 0.116963 0.816320 0.120591 0.801896 0.128450 0.788249 0.143479 0.789545 0.143392 0.795505 0.149266 0.796109 0.149870 0.803537 0.155312 0.806042 0.154016 0.826512 0.116963 0.816320
0 0.152355 0.777247 0.172087 0.785404 0.170544 0.797640 0.146623 0.789483 0.152355 0.777247
0 0.431201 0.240755 0.438677 0.244567 0.435452 0.249845 0.428122 0.245886 0.431201 0.240755
