0 0.434186 0.044792 0.477395 0.022533 0.485252 0.034841 0.439947 0.058148 0.434186 0.044792
0 0.429034 0.131911 0.440732 0.106510 0.462122 0.115534 0.454101 0.136590 0.429034 0.131911
0 0.445165 0.083059 0.448541 0.076629 0.472656 0.087561 0.463653 0.108139 0.454489 0.103959 0.456097 0.099136 0.449345 0.096081 0.446611 0.101226 0.434232 0.096081 0.436805 0.092545 0.435840 0.091580 0.441306 0.081773 0.445165 0.083059
0 0.999011 0.305183 0.984806 0.294416 0.988645 0.289723 0.977555 0.284178 0.978834 0.279912 0.961772 0.270955 0.977615 0.243716 0.999011 0.254201 0.999011 0.305183
0 0.965824 0.340572 0.987668 0.341168 0.999011 0.347483 0.999011 0.380360 0.985149 0.365978 0.975431 0.357286 0.964593 0.356166 0.965824 0.340572
0 0.424022 0.906127 0.451428 0.895766 0.466134 0.927852 0.437725 0.939884 0.424022 0.906127
0 0.358271 0.877211 0.378993 0.869190 0.401386 0.913976 0.383672 0.918989 0.358271 0.877211
0 0.599039 0.836030 0.608424 0.815555 0.639087 0.829199 0.635229 0.837077 0.632174 0.836273 0.630406 0.839488 0.634264 0.841257 0.630888 0.848491 0.625583 0.845919 0.623010 0.850260 0.610792 0.845758 0.612882 0.842382 0.599039 0.836030
0 0.692210 0.603419 0.711182 0.601586 0.717205 0.663651 0.641262 0.672554 0.637072 0.625155 0.656974 0.623846 0.658283 0.638772 0.666663 0.638772 0.666402 0.634321 0.675043 0.633797 0.677138 0.643486 0.691018 0.642439 0.689970 0.617823 0.693275 0.617823 0.692210 0.603419
0 0.731171 0.609856 0.750793 0.605590 0.771694 0.664883 0.752915 0.672442 0.752392 0.669299 0.744274 0.671394 0.738512 0.645207 0.742964 0.643636 0.736155 0.620853 0.729609 0.620853 0.726990 0.611163 0.731171 0.609856
0 0.790938 0.571314 0.801710 0.571153 0.802674 0.589481 0.791099 0.589481 0.790938 0.571314
0 0.829506 0.716137 0.861192 0.723732 0.854907 0.750705 0.825577 0.744943 0.829506 0.716137
0 0.872833 0.738222 0.906255 0.742567 0.906255 0.753596 0.895226 0.750588 0.893889 0.760615 0.870828 0.756604 0.872833 0.738222
0 0.776104 0.707879 0.805378 0.716503 0.806715 0.726530 0.800030 0.738228 0.767611 0.729204 0.776104 0.707879
0 0.668094 0.859631 0.677452 0.838909 0.687145 0.843923 0.676784 0.864979 0.668094 0.859631
0 0.656396 0.791784 0.641021 0.783762 0.638013 0.789778 0.614618 0.775407 0.621971 0.761703 0.633000 0.766048 0.638013 0.751342 0.660406 0.760032 0.656396 0.767720 0.666088 0.772733 0.656396 0.791784
0 0.999011 0.665351 0.990754 0.698090 0.970852 0.690234 0.965353 0.702018 0.986302 0.708565 0.974518 0.746013 0.980017 0.747061 0.976875 0.756750 0.932779 0.742541 0.938934 0.725100 0.942012 0.726331 0.944679 0.720381 0.932837 0.717228 0.951554 0.665423 0.966594 0.668431 0.971608 0.647709 0.999011 0.657709 0.999011 0.665351
0 0.954184 0.838685 0.993622 0.849715 0.990280 0.865089 0.977245 0.863418 0.975574 0.872108 0.970227 0.870437 0.967219 0.883472 0.947499 0.878792 0.940481 0.901520 0.922767 0.897175 0.936470 0.846038 0.951510 0.850383 0.954184 0.838685
0 0.844459 0.999004 0.853156 0.990068 0.868820 0.999004 0.844459 0.999004
0 0.848697 0.986825 0.858341 0.968974 0.867164 0.973898 0.857109 0.991339 0.848697 0.986825
0 0.860803 0.966922 0.871678 0.947019 0.876807 0.949276 0.878244 0.946608 0.873729 0.943941 0.876397 0.938196 0.888503 0.945583 0.885220 0.951123 0.894864 0.957483 0.883373 0.979233 0.860803 0.966922
0 0.666182 0.302889 0.742245 0.303635 0.736865 0.455241 0.741887 0.454882 0.740810 0.527699 0.720364 0.527340 0.721000 0.517517 0.723643 0.518177 0.724083 0.513112 0.663525 0.513333 0.663525 0.529115 0.644155 0.525887 0.650512 0.352824 0.663067 0.354617 0.666182 0.302889
0 0.576917 0.341545 0.585197 0.324497 0.592990 0.328150 0.595182 0.321575 0.613448 0.331072 0.611012 0.339109 0.607359 0.337404 0.601271 0.352504 0.576917 0.341545
0 0.328976 0.999007 0.338888 0.989929 0.391146 0.978989 0.423042 0.968356 0.440207 0.999008 0.328976 0.999007
0 0.845259 0.579370 0.864498 0.575320 0.865511 0.587471 0.847284 0.592534 0.845259 0.579370
0 0.865290 0.599501 0.879588 0.598257 0.880209 0.639597 0.863114 0.642083 0.860938 0.620326 0.864668 0.619393 0.865290 0.599501
0 0.924333 0.225064 0.950049 0.223569 0.951843 0.234932 0.924931 0.237174 0.924333 0.225064
0 0.847657 0.707260 0.859619 0.713766 0.854162 0.722161 0.840311 0.716285 0.847657 0.707260
0 0.833596 0.695508 0.839472 0.689632 0.868433 0.688792 0.890259 0.720692 0.882494 0.733704 0.874939 0.730346 0.880186 0.720692 0.833596 0.695508
0 0.913554 0.751752 0.925307 0.767282 0.917962 0.772529 0.908098 0.763714 0.906255 0.753596 0.913554 0.751752
