0 0.333269 0.039381 0.363827 0.051997 0.350931 0.080031 0.318411 0.066855 0.333269 0.039381
0 0.317570 0.073303 0.329345 0.080592 0.315608 0.098253 0.305235 0.091245 0.317570 0.073303
0 0.295218 0.107641 0.312791 0.114450 0.303785 0.139931 0.285773 0.133561 0.295218 0.107641
0 0.232023 0.089035 0.274635 0.101370 0.265664 0.121555 0.223052 0.108659 0.232023 0.089035
0 0.248843 0.129124 0.270430 0.129685 0.266505 0.147347 0.269869 0.147907 0.258655 0.181268 0.245760 0.179866 0.248843 0.167531 0.239592 0.165849 0.248843 0.129124
0 0.174590 0.168997 0.181332 0.172098 0.169465 0.192056 0.162858 0.188550 0.174590 0.168997
0 0.234394 0.195905 0.245409 0.206060 0.235255 0.216902 0.224756 0.205543 0.234394 0.195905
0 0.250400 0.218279 0.262620 0.218107 0.263308 0.213804 0.268127 0.213804 0.266750 0.232736 0.249368 0.233941 0.250400 0.218279
0 0.318038 0.211223 0.343682 0.215870 0.340929 0.235662 0.329569 0.235834 0.325611 0.250635 0.310293 0.247709 0.318038 0.211223
0 0.299849 0.141903 0.312150 0.143001 0.311271 0.156839 0.298751 0.155302 0.299849 0.141903
0 0.276785 0.252256 0.285571 0.250279 0.291502 0.264337 0.290843 0.274661 0.283155 0.276418 0.276785 0.252256
0 0.359789 0.412193 0.379973 0.411633 0.379693 0.405746 0.396794 0.406026 0.396794 0.434341 0.368479 0.434060 0.368479 0.428173 0.360069 0.429014 0.359789 0.412193
2 0.331608 0.454194 0.375622 0.454194 0.378145 0.463726 0.376182 0.471295 0.370295 0.475500 0.366931 0.494283 0.352353 0.493162 0.355998 0.473257 0.329365 0.470734 0.331608 0.454194
0 0.228379 0.161633 0.238751 0.163315 0.233705 0.182379 0.223613 0.179856 0.228379 0.161633
0 0.191037 0.251966 0.204289 0.246803 0.209108 0.258678 0.195512 0.264013 0.191037 0.251966
0 0.302821 0.296798 0.312537 0.298565 0.308562 0.317996 0.298405 0.316671 0.302821 0.296798
0 0.296639 0.214659 0.309887 0.215100 0.311212 0.243363 0.296639 0.244688 0.296639 0.214659
0 0.309458 0.167754 0.325961 0.181703 0.336374 0.203707 0.327729 0.207047 0.319085 0.187401 0.305333 0.174041 0.309458 0.167754
0 0.157353 0.167714 0.167633 0.172979 0.163872 0.178495 0.154344 0.172979 0.157353 0.167714
0 0.000008 0.230311 0.006235 0.239561 0.000008 0.246438 0.000008 0.230311
