2 0.121152 0.999003 0.121152 0.997894 0.104021 0.998902 0.103895 0.981519 0.132867 0.980133 0.132993 0.983282 0.152699 0.981134 0.154211 0.996376 0.143700 0.997768 0.143560 0.999004 0.121152 0.999003
3 0.078915 0.979811 0.096972 0.981248 0.095946 0.994379 0.078095 0.992328 0.078915 0.979811
3 0.133692 0.934175 0.133552 0.932506 0.143336 0.933149 0.143131 0.938484 0.150518 0.938689 0.149492 0.970082 0.131846 0.969056 0.133692 0.934175
0 0.247972 0.908804 0.255782 0.903639 0.262710 0.916362 0.254523 0.920645 0.247972 0.908804
0 0.190899 0.818497 0.209691 0.817801 0.210696 0.827390 0.191904 0.828627 0.190899 0.818497
2 0.409287 0.938671 0.408621 0.936867 0.448997 0.915842 0.453016 0.920343 0.457678 0.931275 0.454302 0.933365 0.461215 0.945584 0.448193 0.953622 0.438707 0.937867 0.414914 0.950085 0.409287 0.938671
0 0.457678 0.931275 0.453016 0.920343 0.473919 0.917212 0.479661 0.936091 0.481981 0.944912 0.463962 0.950451 0.461215 0.945584 0.454302 0.933365 0.457678 0.931275
0 0.473919 0.917212 0.495899 0.915513 0.501043 0.942844 0.488497 0.944837 0.486413 0.936091 0.479661 0.936091 0.473919 0.917212
0 0.504571 0.919452 0.507110 0.919410 0.516391 0.918007 0.515503 0.914553 0.522103 0.913465 0.523556 0.920877 0.528948 0.948813 0.511163 0.951445 0.504571 0.919452
3 0.520281 0.903494 0.549757 0.902486 0.550639 0.922263 0.540814 0.922893 0.540436 0.920499 0.523556 0.920877 0.522103 0.913465 0.520281 0.903494
0 0.534848 0.933642 0.547445 0.934146 0.546997 0.946290 0.533814 0.945647 0.534380 0.933545 0.534848 0.933642
3 0.575539 0.886161 0.582421 0.877809 0.591083 0.885387 0.583040 0.893353 0.575754 0.886344 0.575539 0.886161
0 0.616354 0.830570 0.613876 0.853953 0.591432 0.855569 0.590534 0.840666 0.592689 0.826481 0.616354 0.830570
0 0.546946 0.837647 0.563979 0.829439 0.565774 0.833748 0.577086 0.828720 0.578164 0.818665 0.591630 0.820461 0.590014 0.836980 0.583730 0.836441 0.585346 0.840571 0.572238 0.846137 0.574572 0.851165 0.556642 0.857578 0.546946 0.837647
0 0.532613 0.875700 0.559906 0.856487 0.569064 0.865285 0.538898 0.885396 0.532613 0.875700
3 0.588051 0.778781 0.597029 0.778960 0.596850 0.771958 0.614087 0.771778 0.614446 0.797814 0.588590 0.797814 0.588051 0.778781
3 0.581946 0.756516 0.597927 0.756157 0.597747 0.766571 0.581767 0.766032 0.581946 0.756516
2 0.522716 0.890524 0.497400 0.904465 0.491115 0.900694 0.483906 0.898229 0.482531 0.909229 0.465344 0.907625 0.465802 0.899375 0.458927 0.899146 0.459385 0.892500 0.441281 0.892041 0.441740 0.871646 0.455490 0.871417 0.456406 0.852167 0.467177 0.852854 0.466490 0.873250 0.487115 0.880812 0.490496 0.883109 0.491750 0.879348 0.502563 0.882796 0.501274 0.888604 0.515972 0.879539 0.522716 0.890524
0 0.502061 0.864338 0.512361 0.868394 0.508281 0.879086 0.498010 0.874725 0.502061 0.864338
0 0.436339 0.898525 0.453397 0.897088 0.455732 0.909298 0.437058 0.910735 0.436339 0.898525
0 0.434725 0.879874 0.436100 0.894083 0.415934 0.895687 0.414997 0.884233 0.420906 0.883670 0.420484 0.880997 0.434725 0.879874
0 0.399597 0.895569 0.399384 0.897300 0.356041 0.888295 0.360625 0.868357 0.382898 0.872765 0.382898 0.868456 0.403906 0.873125 0.402470 0.884975 0.399597 0.895569
0 0.294401 0.858363 0.305713 0.840227 0.318641 0.848308 0.325961 0.834394 0.349705 0.849026 0.337852 0.861868 0.327416 0.856560 0.318250 0.872831 0.294401 0.858363
0 0.325485 0.875997 0.336319 0.863077 0.347369 0.869311 0.337695 0.883718 0.325485 0.875997
0 0.350376 0.837281 0.369768 0.837461 0.369948 0.848953 0.362334 0.849082 0.350018 0.848869 0.350376 0.837281
0 0.212942 0.790858 0.228525 0.778025 0.260837 0.811483 0.251843 0.820551 0.233165 0.801342 0.227371 0.806572 0.212942 0.790858
0 0.228525 0.778025 0.240671 0.768400 0.249629 0.778487 0.245085 0.782662 0.251102 0.790152 0.257241 0.784012 0.273171 0.800393 0.260837 0.811483 0.228525 0.778025
3 0.260913 0.785907 0.265708 0.777595 0.275591 0.761064 0.289799 0.768856 0.273961 0.795867 0.260913 0.785907
0 0.190946 0.763670 0.211138 0.747677 0.229919 0.767159 0.210323 0.785000 0.190946 0.763670
0 0.203617 0.737325 0.214439 0.728844 0.241054 0.757799 0.230233 0.767159 0.203617 0.737325
0 0.175952 0.751264 0.193549 0.722535 0.205040 0.729717 0.188701 0.757908 0.175952 0.751264
0 0.244817 0.749454 0.258642 0.737064 0.266723 0.746401 0.252897 0.758073 0.244817 0.749454
3 0.165856 0.533233 0.175373 0.524974 0.185428 0.536824 0.175552 0.544725 0.165856 0.533233
0 0.276699 0.049951 0.287532 0.060222 0.271071 0.077526 0.258269 0.066693 0.275237 0.048569 0.276699 0.049951
0 0.329214 0.889413 0.349102 0.897602 0.352889 0.911564 0.330383 0.911057 0.329214 0.889413
0 0.385737 0.908373 0.385440 0.904744 0.402182 0.909950 0.403307 0.920220 0.389520 0.920642 0.385737 0.908373
0 0.515509 0.967160 0.517383 0.968703 0.518044 0.971128 0.518154 0.975207 0.517824 0.976089 0.514958 0.978073 0.510769 0.979727 0.507351 0.978073 0.505147 0.975097 0.504485 0.971018 0.505808 0.968262 0.507903 0.966719 0.509446 0.966058 0.512643 0.965947 0.513855 0.966388 0.515509 0.967160
0 0.291584 0.051496 0.309136 0.033160 0.317441 0.041153 0.308666 0.050242 0.306942 0.048205 0.304278 0.051182 0.306315 0.053533 0.299106 0.060898 0.291584 0.051496
3 0.275591 0.761064 0.265708 0.777595 0.239537 0.765685 0.248783 0.761140 0.264611 0.760043 0.275591 0.761064
0 0.337296 0.863077 0.338828 0.861868 0.350681 0.849026 0.350995 0.848869 0.363310 0.849082 0.348345 0.869311 0.337296 0.863077
0 0.364001 0.855212 0.371120 0.854923 0.371602 0.865699 0.363905 0.866084 0.364001 0.855212
0 0.358643 0.920236 0.362728 0.902112 0.385737 0.908373 0.389520 0.920642 0.374981 0.925086 0.358643 0.920236
0 0.515503 0.914553 0.516391 0.918007 0.507110 0.919410 0.506280 0.916319 0.515503 0.914553
