0 0.241245 0.176124 0.211926 0.172785 0.215555 0.150662 0.242844 0.154316 0.245242 0.165734 0.241245 0.176124
0 0.178082 0.333985 0.159014 0.329532 0.166550 0.273012 0.190300 0.279178 0.188587 0.290025 0.181622 0.289226 0.179567 0.310578 0.178767 0.310578 0.177511 0.318228 0.180709 0.319369 0.178082 0.333985
0 0.261348 0.100318 0.265539 0.085622 0.285635 0.092473 0.285978 0.101036 0.281753 0.107659 0.261348 0.100318
0 0.199233 0.218420 0.201169 0.204953 0.214384 0.207983 0.211858 0.220861 0.199233 0.218420
0 0.195928 0.270406 0.198783 0.233525 0.213398 0.234895 0.211114 0.271662 0.195928 0.270406
0 0.215339 0.237636 0.232466 0.237065 0.233037 0.254306 0.216252 0.254991 0.215339 0.237636
0 0.125691 0.380122 0.137772 0.370674 0.136998 0.367576 0.150628 0.354720 0.160541 0.364324 0.150628 0.375476 0.150164 0.380742 0.133900 0.392359 0.125691 0.380122
0 0.109427 0.393598 0.123367 0.380432 0.133900 0.392359 0.119650 0.403666 0.109427 0.393598
0 0.095962 0.386645 0.098677 0.384765 0.098677 0.382398 0.103828 0.381215 0.108005 0.382607 0.111069 0.389986 0.109676 0.391657 0.102506 0.396809 0.099164 0.396182 0.095474 0.389081 0.095962 0.386645
0 0.176686 0.209265 0.178567 0.207673 0.189567 0.208976 0.189277 0.223159 0.192751 0.228514 0.189856 0.264841 0.186093 0.267157 0.181172 0.267157 0.180883 0.274393 0.166844 0.271209 0.167278 0.258183 0.172778 0.224027 0.175673 0.222001 0.176686 0.209265
0 0.125924 0.349147 0.119701 0.350015 0.119846 0.352041 0.118833 0.353054 0.117964 0.354357 0.118254 0.357975 0.125345 0.356383 0.127806 0.360291 0.127661 0.372014 0.126214 0.373461 0.112465 0.375198 0.110947 0.373301 0.113002 0.371242 0.112707 0.364154 0.111079 0.359270 0.106793 0.356229 0.106566 0.355373 0.106531 0.350449 0.105662 0.346252 0.104939 0.332214 0.109715 0.329608 0.125056 0.328306 0.125924 0.349147
0 0.110666 0.359575 0.112222 0.364243 0.112506 0.371049 0.110498 0.373057 0.097702 0.374764 0.095387 0.361883 0.097847 0.360436 0.099584 0.357396 0.105840 0.356143 0.110666 0.359575
0 0.200500 0.275678 0.217288 0.272928 0.221051 0.272928 0.223656 0.276835 0.227130 0.274520 0.228288 0.274665 0.242471 0.273796 0.247537 0.273941 0.251444 0.275099 0.252023 0.283782 0.250721 0.290151 0.232919 0.292466 0.230459 0.292466 0.221196 0.292466 0.219459 0.288558 0.214683 0.288269 0.213381 0.292611 0.208026 0.293335 0.208026 0.295071 0.197026 0.294927 0.196303 0.288848 0.197895 0.276546 0.200500 0.275678
0 0.246628 0.400879 0.261825 0.400590 0.261825 0.406379 0.264719 0.410142 0.264575 0.419839 0.246049 0.419984 0.242576 0.418826 0.242142 0.405221 0.246628 0.400879
0 0.276773 0.801006 0.297745 0.798545 0.301942 0.812873 0.295864 0.823149 0.274444 0.821991 0.276773 0.801006
