0 0.392945 0.570522 0.392511 0.556483 0.396998 0.554312 0.417694 0.555181 0.421167 0.559233 0.422180 0.565167 0.420878 0.573561 0.416970 0.575732 0.399491 0.574494 0.398516 0.572057 0.392945 0.570522
3 0.466767 0.552781 0.478495 0.552692 0.479917 0.554558 0.479739 0.565398 0.478406 0.565576 0.466855 0.565220 0.466767 0.552781
0 0.448310 0.453738 0.448583 0.447466 0.455020 0.447247 0.457213 0.448142 0.456769 0.454628 0.448310 0.453738
0 0.456429 0.440920 0.456696 0.420662 0.471267 0.421018 0.471445 0.440387 0.464337 0.441809 0.456429 0.440920
0 0.505262 0.415564 0.511775 0.396170 0.520459 0.399933 0.519156 0.419037 0.505262 0.415564
0 0.456854 0.671596 0.464612 0.657373 0.498230 0.674552 0.487332 0.689329 0.456854 0.671596
0 0.523536 0.656819 0.523536 0.647029 0.538313 0.648692 0.541638 0.653125 0.538498 0.660883 0.523536 0.656819
0 0.513487 0.551140 0.523388 0.535580 0.538004 0.544067 0.526453 0.560569 0.513487 0.551140
0 0.562800 0.286398 0.565821 0.261253 0.593099 0.261342 0.596119 0.263386 0.596741 0.289064 0.562800 0.286398
0 0.579477 0.709397 0.584542 0.694204 0.602934 0.697847 0.605809 0.699605 0.608798 0.701845 0.604089 0.712596 0.601690 0.712862 0.599558 0.716150 0.579477 0.709397
0 0.632018 0.300112 0.636550 0.292826 0.642592 0.297890 0.638327 0.303577 0.632018 0.300112
0 0.618021 0.267423 0.617844 0.265024 0.631349 0.248942 0.639968 0.253296 0.645832 0.261914 0.635436 0.274887 0.629661 0.276752 0.618021 0.267423
0 0.498755 0.464688 0.521412 0.464244 0.522034 0.493565 0.525144 0.494898 0.524522 0.511602 0.521590 0.511335 0.521945 0.514178 0.517236 0.515244 0.513860 0.517644 0.500621 0.516844 0.498400 0.515689 0.497156 0.514445 0.497600 0.504760 0.484184 0.505471 0.483739 0.501028 0.481962 0.499784 0.481962 0.485835 0.486316 0.482103 0.499022 0.482725 0.498755 0.464688
0 0.509861 0.527924 0.512704 0.524193 0.517324 0.518506 0.527542 0.525259 0.526209 0.531123 0.521412 0.536454 0.511016 0.529257 0.509861 0.527924
0 0.591359 0.540053 0.612676 0.543031 0.617684 0.550137 0.614571 0.555957 0.611931 0.556227 0.609833 0.562521 0.607668 0.564281 0.588246 0.561641 0.586418 0.556837 0.587975 0.542219 0.591359 0.540053
3 0.582171 0.656012 0.581567 0.639774 0.612401 0.638565 0.612833 0.655062 0.582171 0.656012
3 0.618821 0.653833 0.619192 0.635434 0.648620 0.635487 0.648832 0.639623 0.653752 0.646790 0.653752 0.655772 0.618772 0.654563 0.618821 0.653833
3 0.494790 0.516526 0.497653 0.516260 0.502213 0.518540 0.504937 0.521855 0.505448 0.551521 0.490654 0.551044 0.489912 0.548181 0.490674 0.531309 0.492832 0.526872 0.493381 0.518972 0.493027 0.517353 0.494790 0.516526
0 0.490124 0.516048 0.491318 0.516172 0.492884 0.519079 0.492351 0.526744 0.490532 0.530471 0.470929 0.530630 0.470982 0.515306 0.488056 0.514988 0.490124 0.516048
3 0.681021 0.526085 0.680580 0.525533 0.688737 0.498196 0.691714 0.498857 0.706926 0.500951 0.705934 0.510542 0.701414 0.511313 0.698548 0.520352 0.696895 0.526525 0.694028 0.528069 0.681021 0.526085
0 0.606808 0.567648 0.620022 0.567044 0.621577 0.580086 0.607326 0.580604 0.606808 0.567648
0 0.721938 0.545707 0.720211 0.543375 0.724961 0.533097 0.728157 0.531802 0.731612 0.532752 0.734376 0.528261 0.733512 0.525669 0.734721 0.524287 0.741372 0.527483 0.741458 0.530333 0.745604 0.532234 0.740508 0.543375 0.735239 0.552962 0.721938 0.545707
2 0.620742 0.560502 0.633871 0.560588 0.633871 0.563611 0.638103 0.563611 0.638103 0.572594 0.623852 0.572162 0.621088 0.566634 0.620742 0.560502
2 0.479604 0.569024 0.494086 0.569024 0.493612 0.585401 0.490838 0.586957 0.491244 0.596296 0.494898 0.596364 0.494869 0.609279 0.479571 0.608184 0.472909 0.609080 0.462657 0.609346 0.462521 0.597030 0.468070 0.597098 0.468950 0.583563 0.477409 0.583224 0.478695 0.569284 0.479604 0.569024
0 0.506675 0.588776 0.512275 0.590439 0.512843 0.600538 0.517680 0.602870 0.518198 0.611161 0.514398 0.614703 0.497383 0.613234 0.498074 0.599674 0.501097 0.599674 0.501011 0.598638 0.498506 0.596651 0.498428 0.588701 0.506675 0.588776
0 0.531327 0.580932 0.531154 0.601488 0.526922 0.601315 0.522171 0.599847 0.521999 0.593542 0.519235 0.593110 0.518803 0.590864 0.513223 0.589912 0.514364 0.582969 0.517949 0.580301 0.523391 0.579524 0.524795 0.578457 0.531327 0.580932
0 0.515521 0.554762 0.521308 0.558562 0.522431 0.572640 0.523985 0.573072 0.524244 0.578254 0.524258 0.578262 0.523197 0.579058 0.517757 0.579835 0.513914 0.582695 0.512734 0.589824 0.512239 0.589742 0.512246 0.589922 0.506748 0.588289 0.498418 0.588213 0.498420 0.587928 0.499629 0.574368 0.498420 0.573418 0.500579 0.554848 0.501874 0.553811 0.515521 0.554762
0 0.460161 0.516021 0.458808 0.516360 0.455965 0.494907 0.470312 0.493283 0.475185 0.514194 0.460161 0.516021
3 0.495997 0.651076 0.496169 0.651422 0.493319 0.659282 0.485028 0.661700 0.479327 0.662305 0.477859 0.616701 0.481918 0.612814 0.494788 0.619119 0.495997 0.651076
3 0.502153 0.639975 0.502153 0.622380 0.514131 0.622042 0.514063 0.615816 0.526244 0.616086 0.526312 0.628132 0.530711 0.627997 0.530779 0.638283 0.527666 0.641532 0.527598 0.645930 0.521710 0.646133 0.519206 0.639704 0.502153 0.639975
3 0.394805 0.010089 0.410273 0.012796 0.406019 0.029811 0.387071 0.024011 0.394805 0.010089
0 0.531264 0.527470 0.535509 0.516434 0.542866 0.519547 0.537207 0.530300 0.531264 0.527470
