0 0.416592 0.999006 0.412945 0.996535 0.424635 0.970233 0.458730 0.988986 0.454299 0.999006 0.416592 0.999006
0 0.515441 0.956262 0.496201 0.992062 0.475013 0.979641 0.489869 0.951634 0.500859 0.947695 0.515441 0.956262
0 0.512762 0.929473 0.500859 0.947695 0.489854 0.951670 0.489869 0.951634 0.480371 0.947007 0.484268 0.940432 0.466839 0.929631 0.481767 0.911260 0.512762 0.929473
0 0.448932 0.902179 0.434320 0.922392 0.417129 0.909229 0.431182 0.889189 0.448932 0.902179
0 0.431182 0.889189 0.417129 0.909229 0.407287 0.901692 0.422630 0.882939 0.431182 0.889189
0 0.313998 0.961947 0.317051 0.952024 0.309037 0.950688 0.312281 0.936186 0.327928 0.941529 0.329454 0.937331 0.357314 0.945727 0.356359 0.949543 0.370696 0.953586 0.367236 0.973586 0.313998 0.961947
0 0.387082 0.943572 0.396949 0.947161 0.390371 0.964205 0.380802 0.961364 0.387082 0.943572
0 0.380759 0.882347 0.403368 0.886330 0.402665 0.896287 0.380056 0.893242 0.380759 0.882347
0 0.161311 0.995021 0.160726 0.990921 0.168223 0.981198 0.186849 0.992678 0.184975 0.996544 0.188252 0.999002 0.171333 0.999002 0.161311 0.995021
0 0.102177 0.897785 0.109483 0.887313 0.142361 0.912885 0.126774 0.931393 0.123121 0.928471 0.119224 0.934559 0.100294 0.927521 0.100031 0.901296 0.102177 0.897785
0 0.565515 0.713126 0.590340 0.724155 0.589718 0.734101 0.580393 0.748710 0.555217 0.736588 0.562987 0.727263 0.565515 0.713126
0 0.189189 0.786973 0.210562 0.789361 0.219481 0.790004 0.219725 0.798284 0.226300 0.798528 0.226544 0.792926 0.237990 0.793657 0.236772 0.819715 0.195858 0.818011 0.196102 0.808756 0.190500 0.808513 0.169556 0.807295 0.171017 0.785927 0.189189 0.786973
0 0.210866 0.781145 0.210562 0.789361 0.189189 0.786973 0.189039 0.780262 0.210866 0.781145
0 0.122571 0.572539 0.139224 0.574309 0.138737 0.588811 0.120991 0.586712 0.122571 0.572539
0 0.127368 0.542712 0.137797 0.504634 0.178823 0.518182 0.180922 0.510359 0.201721 0.519900 0.191799 0.545088 0.187601 0.548522 0.176453 0.545063 0.161775 0.539509 0.157412 0.552203 0.127368 0.542712
0 0.289362 0.552851 0.289600 0.552539 0.302230 0.562674 0.295277 0.571742 0.291461 0.568689 0.284631 0.581156 0.271425 0.569643 0.254061 0.564300 0.266273 0.543501 0.289362 0.552851
0 0.318748 0.559530 0.309534 0.572930 0.299848 0.566322 0.302230 0.562674 0.289600 0.552539 0.296041 0.544264 0.318748 0.559530
0 0.260183 0.583819 0.264571 0.573133 0.278883 0.580575 0.275639 0.592215 0.260183 0.583819
0 0.300254 0.652895 0.310368 0.640301 0.327732 0.656330 0.317428 0.667588 0.300254 0.652895
0 0.318382 0.633432 0.327350 0.623318 0.322771 0.619502 0.341400 0.606581 0.355591 0.618548 0.334220 0.644881 0.318382 0.633432
0 0.359506 0.587139 0.341400 0.606581 0.331852 0.599774 0.350359 0.579935 0.359506 0.587139
0 0.371819 0.582560 0.363704 0.590001 0.359506 0.587139 0.350359 0.579935 0.349111 0.577945 0.356774 0.569675 0.371819 0.582560
0 0.189665 0.475883 0.184789 0.488094 0.135605 0.469736 0.131787 0.463604 0.136706 0.454674 0.189665 0.475883
0 0.131787 0.463604 0.135605 0.469736 0.133861 0.478429 0.112254 0.475079 0.110635 0.469171 0.113045 0.461715 0.131787 0.463604
0 0.110635 0.469171 0.112254 0.475079 0.111456 0.481070 0.100983 0.480583 0.101714 0.468406 0.110635 0.469171
0 0.245173 0.504578 0.240594 0.521179 0.199805 0.504277 0.205732 0.489473 0.245173 0.504578
0 0.205732 0.489473 0.199805 0.504277 0.182585 0.497136 0.188882 0.483016 0.205732 0.489473
0 0.217489 0.536757 0.222832 0.522255 0.252027 0.537330 0.245158 0.549733 0.217489 0.536757
0 0.314993 0.429775 0.328669 0.398382 0.354157 0.412680 0.350116 0.426046 0.340481 0.421072 0.334264 0.437546 0.314993 0.429775
0 0.447735 0.429191 0.464539 0.428704 0.466000 0.440881 0.448952 0.441855 0.447735 0.429191
0 0.367583 0.410910 0.389718 0.413963 0.388955 0.425412 0.367011 0.423695 0.367583 0.410910
0 0.149617 0.086104 0.162038 0.074171 0.175432 0.088783 0.162525 0.101204 0.149617 0.086104
4 0.093027 0.201581 0.097764 0.202528 0.097034 0.210809 0.093118 0.210622 0.093027 0.201581
0 0.092689 0.167814 0.092714 0.166682 0.105881 0.172789 0.099202 0.187291 0.092853 0.184116 0.092689 0.167814
0 0.918895 0.947302 0.929962 0.936807 0.953242 0.961995 0.942747 0.975543 0.918895 0.947302
4 0.931611 0.999002 0.932320 0.985975 0.946631 0.986929 0.946631 0.999002 0.931611 0.999002
0 0.867754 0.914540 0.874931 0.906317 0.881509 0.911699 0.874034 0.920072 0.867754 0.914540
0 0.133184 0.479964 0.146658 0.479286 0.146827 0.486743 0.133184 0.487336 0.133184 0.479964
0 0.224445 0.594238 0.254061 0.564300 0.268311 0.571512 0.261616 0.573978 0.258798 0.580497 0.262673 0.590538 0.250694 0.593357 0.234663 0.609917 0.225678 0.601989 0.224445 0.594238
0 0.316389 0.610689 0.331852 0.599774 0.341400 0.606581 0.322771 0.619502 0.316389 0.610689
4 0.391977 0.923306 0.397912 0.915438 0.405090 0.919580 0.404952 0.922202 0.410059 0.922616 0.411853 0.929518 0.404952 0.931864 0.391977 0.923306
0 0.898284 0.946599 0.909051 0.941077 0.919956 0.961506 0.914020 0.964957 0.911536 0.960126 0.906704 0.959574 0.898284 0.946599
