0 0.369353 0.203172 0.366946 0.190234 0.402149 0.180004 0.406362 0.195650 0.369353 0.203172
0 0.388827 0.231194 0.382177 0.209767 0.389566 0.203671 0.410069 0.199792 0.420783 0.209952 0.419674 0.221958 0.388827 0.231194
0 0.226325 0.337718 0.217839 0.318622 0.223025 0.314379 0.243064 0.308721 0.244590 0.312347 0.251552 0.311025 0.256356 0.322511 0.251343 0.324530 0.253084 0.327872 0.226325 0.337718
0 0.249423 0.359469 0.240125 0.351304 0.250557 0.339057 0.260423 0.346541 0.249423 0.359469
0 0.252825 0.364118 0.263371 0.350057 0.305329 0.378066 0.294443 0.393602 0.252825 0.364118
0 0.227861 0.428470 0.227239 0.412211 0.245341 0.403583 0.243124 0.395271 0.253284 0.391576 0.258605 0.403139 0.260672 0.411895 0.239430 0.422608 0.239430 0.428519 0.227861 0.428470
0 0.475778 0.540912 0.475355 0.520795 0.495461 0.521518 0.496627 0.546666 0.490076 0.546176 0.489395 0.541300 0.475778 0.540912
0 0.558796 0.615066 0.561404 0.606107 0.574443 0.608942 0.572311 0.618037 0.558796 0.615066
0 0.640440 0.643778 0.642128 0.635426 0.644971 0.635603 0.647637 0.622898 0.665851 0.625474 0.665673 0.638358 0.660431 0.651419 0.640440 0.643778
0 0.600481 0.592182 0.603146 0.575123 0.607766 0.574234 0.626247 0.577877 0.626247 0.579121 0.634066 0.579654 0.631756 0.595114 0.626159 0.598579 0.600481 0.592182
0 0.617807 0.567926 0.621716 0.554065 0.637620 0.558241 0.633889 0.572191 0.617807 0.567926
0 0.643218 0.570502 0.642596 0.552910 0.658856 0.551844 0.658856 0.570236 0.643218 0.570502
0 0.734664 0.669418 0.738728 0.662583 0.755352 0.670526 0.750734 0.678284 0.734664 0.669418
0 0.739179 0.649551 0.749310 0.628565 0.744823 0.626539 0.755099 0.605264 0.782453 0.618290 0.762480 0.660550 0.739179 0.649551
0 0.841809 0.620797 0.835297 0.640190 0.815969 0.631402 0.817579 0.626489 0.789763 0.616099 0.794848 0.603502 0.841809 0.620797
0 0.794622 0.624479 0.790997 0.631603 0.782146 0.627524 0.785402 0.619627 0.794622 0.624479
0 0.839244 0.653230 0.850098 0.625442 0.856756 0.618495 0.868479 0.621534 0.854440 0.659164 0.839244 0.653230
0 0.928870 0.636494 0.933520 0.614722 0.955292 0.618577 0.951437 0.641597 0.928870 0.636494
0 0.853116 0.766331 0.857365 0.741025 0.878792 0.745089 0.877314 0.752847 0.883225 0.754509 0.879900 0.769656 0.873435 0.768178 0.872547 0.771325 0.853116 0.766331
0 0.597510 0.858761 0.602499 0.847081 0.621664 0.855472 0.616561 0.866472 0.597510 0.858761
0 0.902511 0.461252 0.894686 0.454221 0.903872 0.444242 0.920529 0.457881 0.906707 0.473272 0.898202 0.466241 0.902511 0.461252
0 0.565493 0.455618 0.578084 0.440421 0.599504 0.455907 0.585176 0.472117 0.565493 0.455618
0 0.477353 0.487603 0.477208 0.475301 0.494576 0.474577 0.494576 0.487314 0.477353 0.487603
0 0.849068 0.532782 0.859552 0.516433 0.872969 0.524963 0.865416 0.536602 0.859463 0.533404 0.856531 0.537757 0.849068 0.532782
0 0.469792 0.786843 0.471639 0.738632 0.496206 0.739925 0.494913 0.777792 0.490480 0.777607 0.489372 0.788136 0.469792 0.786843
0 0.447235 0.803926 0.447370 0.793547 0.458822 0.793917 0.458720 0.799895 0.456368 0.799979 0.456385 0.804025 0.447235 0.803926
0 0.190672 0.818332 0.193258 0.803185 0.202863 0.804847 0.199908 0.820364 0.190672 0.818332
0 0.510366 0.823330 0.530536 0.826617 0.527781 0.837723 0.507701 0.834347 0.510366 0.823330
0 0.207357 0.728245 0.206778 0.718693 0.216909 0.717390 0.217343 0.727087 0.207357 0.728245
0 0.416550 0.294743 0.416695 0.283310 0.454325 0.280126 0.455048 0.291270 0.438260 0.293585 0.437970 0.296046 0.416550 0.294743
0 0.277525 0.290295 0.269275 0.272494 0.278683 0.267139 0.280275 0.270033 0.288958 0.265402 0.300505 0.279841 0.290550 0.288124 0.288958 0.286388 0.287945 0.284506 0.277525 0.290295
0 0.606435 0.528057 0.605881 0.510879 0.608467 0.510879 0.607728 0.495732 0.622690 0.494993 0.623798 0.510140 0.627308 0.510140 0.628231 0.528796 0.606435 0.528057
0 0.192489 0.238200 0.180298 0.220652 0.183807 0.217881 0.178451 0.207537 0.188056 0.201072 0.212253 0.230072 0.200616 0.239123 0.198769 0.235799 0.192489 0.238200
0 0.877678 0.559876 0.878620 0.554039 0.887845 0.555546 0.886904 0.561947 0.877678 0.559876
0 0.607001 0.657121 0.621498 0.657309 0.621686 0.681408 0.607001 0.681408 0.607001 0.657121
0 0.489270 0.564190 0.490076 0.547090 0.500671 0.548988 0.499857 0.567990 0.489270 0.564190
0 0.786607 0.798525 0.804523 0.800154 0.803437 0.809926 0.785792 0.807212 0.786607 0.798525
0 0.742513 0.941814 0.725930 0.935285 0.730109 0.926145 0.746692 0.932021 0.742513 0.941814
0 0.274663 0.831835 0.277920 0.812290 0.290407 0.815005 0.286878 0.832921 0.274663 0.831835
0 0.336915 0.574191 0.359616 0.572626 0.360790 0.588282 0.338480 0.589456 0.336915 0.574191
0 0.181967 0.325140 0.190251 0.317798 0.198158 0.326270 0.191004 0.332671 0.181967 0.325140
0 0.236035 0.260887 0.265029 0.268041 0.263146 0.276325 0.235094 0.268041 0.236035 0.260887
