0 0.333500 0.267220 0.350809 0.249263 0.370743 0.271296 0.356175 0.288446 0.345576 0.276026 0.343483 0.277969 0.333500 0.267220
0 0.325710 0.301236 0.334297 0.303526 0.341357 0.306197 0.333724 0.330431 0.319222 0.326043 0.325710 0.301236
0 0.325710 0.301236 0.327236 0.295321 0.335441 0.296847 0.334297 0.303526 0.325710 0.301236
0 0.345048 0.314292 0.353634 0.314865 0.352680 0.334137 0.344857 0.333756 0.345048 0.314292
0 0.325689 0.337740 0.340341 0.342973 0.331221 0.367493 0.323895 0.365400 0.325689 0.337740
0 0.319222 0.326043 0.333724 0.330431 0.331752 0.337367 0.317343 0.332096 0.319222 0.326043
0 0.312437 0.400394 0.336803 0.405549 0.332937 0.432141 0.318997 0.430032 0.317709 0.436007 0.307634 0.434484 0.312437 0.400394
0 0.342591 0.445323 0.353147 0.444680 0.353606 0.448811 0.349383 0.449361 0.350118 0.460100 0.343234 0.460192 0.342591 0.445323
0 0.301322 0.220969 0.323457 0.226312 0.317924 0.247302 0.303421 0.243868 0.305520 0.235281 0.298269 0.233182 0.301322 0.220969
0 0.255456 0.175808 0.270340 0.175045 0.270722 0.197943 0.256029 0.197943 0.255456 0.175808
0 0.341404 0.225913 0.337587 0.212937 0.346365 0.210075 0.350754 0.222669 0.349186 0.223500 0.341404 0.225913
0 0.341404 0.225913 0.349186 0.223500 0.352950 0.235891 0.345331 0.238277 0.341404 0.225913
0 0.272638 0.240058 0.282148 0.239834 0.281914 0.243817 0.285780 0.243934 0.285663 0.249674 0.282382 0.249791 0.282031 0.263392 0.272191 0.263029 0.272638 0.240058
0 0.083015 0.328426 0.092434 0.330519 0.089743 0.343826 0.080623 0.342181 0.083015 0.328426
0 0.083867 0.361058 0.093122 0.344423 0.113388 0.354732 0.101322 0.379216 0.088670 0.372655 0.092067 0.365861 0.083867 0.361058
0 0.062206 0.376150 0.069733 0.364487 0.083200 0.373760 0.079078 0.380727 0.075564 0.385881 0.070761 0.382953 0.062206 0.376150
0 0.070761 0.382953 0.075564 0.385881 0.079078 0.380727 0.098173 0.393144 0.086810 0.411185 0.061975 0.394550 0.070761 0.382953
0 0.000009 0.487118 0.015144 0.502818 0.000009 0.521910 0.000009 0.487118
0 0.000009 0.564175 0.002982 0.558266 0.015391 0.565741 0.008962 0.578450 0.000009 0.576317 0.000009 0.564175
0 0.543097 0.027835 0.554546 0.037339 0.545113 0.049096 0.533754 0.041038 0.543097 0.027835
4 0.511211 0.027257 0.524187 0.022105 0.531629 0.039469 0.518844 0.044812 0.511211 0.027257
0 0.357264 0.222101 0.369607 0.220076 0.371632 0.241290 0.366714 0.241773 0.366810 0.245147 0.359578 0.246015 0.357264 0.222101
0 0.360425 0.249742 0.370583 0.249325 0.367012 0.253917 0.360425 0.253824 0.360425 0.249742
0 0.338215 0.242089 0.341826 0.239011 0.347095 0.244931 0.345496 0.250910 0.340642 0.246766 0.340642 0.244516 0.338215 0.242089
0 0.114379 0.354225 0.119852 0.354828 0.118832 0.362806 0.113358 0.362157 0.114379 0.354225
