0 0.264367 0.812862 0.268040 0.854180 0.270794 0.871625 0.272860 0.879888 0.276762 0.886545 0.284567 0.892513 0.289157 0.877363 0.293004 0.879169 0.293920 0.877337 0.314685 0.884157 0.307458 0.903395 0.287710 0.897797 0.283334 0.904820 0.266029 0.893115 0.262467 0.884971 0.257174 0.873367 0.255850 0.859728 0.253204 0.829496 0.252084 0.813006 0.264367 0.812862
0 0.280107 0.825123 0.284571 0.825683 0.284398 0.824259 0.301764 0.829169 0.302483 0.832522 0.326196 0.839708 0.326795 0.837792 0.332065 0.834798 0.365839 0.845697 0.366318 0.841265 0.371588 0.838271 0.396619 0.845457 0.395661 0.853601 0.406080 0.857075 0.396512 0.892019 0.358879 0.881897 0.356716 0.882763 0.350141 0.880859 0.323496 0.870651 0.316662 0.867883 0.323988 0.866892 0.316442 0.867610 0.289375 0.858987 0.284704 0.857190 0.282069 0.853717 0.279914 0.846771 0.280107 0.825123
0 0.291670 0.749632 0.290063 0.770520 0.288227 0.781309 0.290522 0.781768 0.293047 0.772357 0.310033 0.773734 0.312099 0.764323 0.304065 0.758125 0.309345 0.749632 0.326331 0.757437 0.327708 0.756289 0.335971 0.761798 0.332299 0.783145 0.330462 0.804033 0.276520 0.797606 0.279045 0.772816 0.256550 0.769602 0.260223 0.744582 0.291670 0.749632
0 0.430382 0.784214 0.452417 0.761949 0.462517 0.772049 0.466190 0.771819 0.469403 0.781689 0.449433 0.800971 0.430382 0.784214
0 0.387523 0.740757 0.400399 0.721639 0.405471 0.724175 0.410348 0.715786 0.426541 0.726711 0.423029 0.733734 0.421468 0.733539 0.421273 0.740757 0.408593 0.757534 0.387523 0.740757
0 0.451663 0.746747 0.456454 0.740546 0.467164 0.743083 0.484215 0.749283 0.495911 0.758302 0.485624 0.770703 0.451663 0.748579 0.451663 0.746747
0 0.312179 0.648318 0.343232 0.647488 0.347914 0.658022 0.346354 0.666021 0.344793 0.668362 0.346159 0.698405 0.312799 0.698991 0.311043 0.696845 0.310263 0.673044 0.313579 0.672849 0.312179 0.648318
0 0.353680 0.537255 0.377611 0.536865 0.382098 0.584076 0.360053 0.585051 0.356542 0.583880 0.353680 0.537255
0 0.344012 0.402148 0.376152 0.406469 0.374261 0.428885 0.366969 0.429155 0.366159 0.446440 0.356976 0.447521 0.341852 0.443199 0.344012 0.402148
0 0.709711 0.000006 0.675080 0.030708 0.663958 0.013866 0.683651 0.000007 0.709711 0.000006
0 0.681753 0.037699 0.725282 0.000006 0.744031 0.000006 0.692240 0.049139 0.681753 0.037699
4 0.682391 0.999007 0.686347 0.989326 0.702414 0.997819 0.700665 0.999006 0.682391 0.999007
2 0.715285 0.999006 0.717105 0.996442 0.746027 0.991622 0.752454 0.996672 0.751166 0.999006 0.715285 0.999006
4 0.656196 0.999007 0.653034 0.996678 0.662335 0.991464 0.679699 0.999007 0.656196 0.999007
0 0.665783 0.984101 0.650950 0.988752 0.643682 0.978867 0.659172 0.972391 0.665783 0.984101
0 0.700026 0.968741 0.670574 0.981847 0.665459 0.979287 0.661397 0.970391 0.679629 0.961670 0.679734 0.961836 0.693684 0.955495 0.700026 0.968741
0 0.659033 0.954014 0.658852 0.954090 0.664551 0.968340 0.643496 0.978418 0.636856 0.962480 0.630757 0.958910 0.625973 0.959928 0.618575 0.940981 0.628580 0.937740 0.628299 0.936753 0.648873 0.929003 0.659033 0.954014
0 0.679375 0.961250 0.664990 0.968135 0.659854 0.955264 0.672204 0.950476 0.679375 0.961250
0 0.703560 0.950525 0.721551 0.945517 0.731544 0.968204 0.713989 0.975766 0.703560 0.950525
3 0.627432 0.865348 0.630598 0.873628 0.614524 0.877038 0.612819 0.868271 0.627432 0.865348
3 0.610141 0.842456 0.592606 0.830035 0.602104 0.824190 0.619151 0.832471 0.610141 0.842456
0 0.516199 0.760614 0.499980 0.747829 0.506086 0.740769 0.522496 0.752790 0.516199 0.760614
