0 0.000009 0.719796 0.013089 0.724356 0.009001 0.734981 0.041984 0.746354 0.034825 0.763878 0.000009 0.752634 0.000009 0.719796
0 0.345574 0.981678 0.359807 0.966321 0.376721 0.981649 0.363513 0.995481 0.345574 0.981678
0 0.331968 0.948846 0.316076 0.937218 0.322167 0.927613 0.311488 0.920351 0.316625 0.912838 0.327530 0.920717 0.328312 0.919094 0.344526 0.929753 0.331968 0.948846
0 0.365072 0.912066 0.392166 0.874343 0.426848 0.899816 0.420406 0.909815 0.402142 0.898260 0.397040 0.905442 0.403695 0.910937 0.407335 0.913735 0.395334 0.923221 0.383552 0.915027 0.378415 0.921726 0.365072 0.912066
0 0.424096 0.878593 0.431149 0.883571 0.425974 0.890701 0.418997 0.886118 0.424096 0.878593
0 0.425764 0.877911 0.431919 0.867854 0.440084 0.872540 0.433895 0.882996 0.425764 0.877911
0 0.429315 0.860693 0.435597 0.852219 0.446126 0.859656 0.439143 0.870308 0.432660 0.866237 0.434267 0.863833 0.429315 0.860693
0 0.425609 0.910500 0.441714 0.912447 0.444370 0.908784 0.460172 0.913072 0.462699 0.907383 0.526779 0.928760 0.523458 0.936683 0.536383 0.942083 0.533679 0.948978 0.542664 0.952619 0.534242 0.980135 0.472386 0.961027 0.467794 0.969982 0.426041 0.954518 0.428565 0.943740 0.415422 0.939038 0.425609 0.910500
0 0.596557 0.966613 0.602474 0.955228 0.609639 0.958967 0.603688 0.969941 0.596557 0.966613
0 0.809072 0.900798 0.827344 0.902290 0.833517 0.901970 0.863233 0.905795 0.861654 0.927859 0.827476 0.922756 0.818595 0.921550 0.819099 0.918203 0.807848 0.917058 0.809072 0.900798
0 0.999009 0.882233 0.979297 0.879290 0.981571 0.854554 0.990119 0.855349 0.990792 0.849360 0.999009 0.850113 0.999009 0.882233
0 0.931359 0.859263 0.951911 0.844953 0.967890 0.865734 0.946950 0.880813 0.931359 0.859263
0 0.910192 0.847551 0.930886 0.848503 0.928181 0.888641 0.906818 0.886449 0.910192 0.847551
4 0.950058 0.879526 0.966092 0.880633 0.964933 0.892514 0.948939 0.891616 0.950058 0.879526
0 0.769556 0.818457 0.780612 0.796050 0.772179 0.791512 0.779665 0.779883 0.804516 0.799717 0.790691 0.828881 0.769556 0.818457
0 0.721071 0.724176 0.731734 0.709531 0.789054 0.754976 0.779456 0.768862 0.721071 0.724176
0 0.617105 0.791885 0.620333 0.777812 0.644973 0.784365 0.642533 0.794287 0.654773 0.797254 0.649809 0.817450 0.620960 0.808693 0.624587 0.793857 0.617105 0.791885
0 0.517193 0.803798 0.522485 0.786355 0.545444 0.793423 0.540723 0.809574 0.517193 0.803798
0 0.320088 0.697590 0.329044 0.681517 0.357142 0.694899 0.349224 0.712117 0.320088 0.697590
0 0.329044 0.681517 0.340592 0.660055 0.370163 0.676486 0.357142 0.694899 0.329044 0.681517
0 0.335909 0.657763 0.351468 0.630063 0.363508 0.637218 0.373648 0.643818 0.366058 0.655230 0.356848 0.650054 0.347890 0.664113 0.335909 0.657763
0 0.293719 0.933285 0.309609 0.909792 0.316625 0.912838 0.311488 0.920351 0.317000 0.924951 0.304195 0.942207 0.293719 0.933285
0 0.294857 0.973854 0.315260 0.954951 0.322365 0.962517 0.302248 0.980787 0.294857 0.973854
0 0.693543 0.914687 0.663339 0.910350 0.664269 0.900437 0.696641 0.904000 0.693543 0.914687
0 0.659245 0.789833 0.679071 0.794944 0.674734 0.809659 0.655063 0.804547 0.659245 0.789833
