0 0.070308 0.000002 0.073415 0.011578 0.077020 0.010431 0.080952 0.025505 0.058996 0.032387 0.054900 0.025014 0.049405 0.027622 0.036651 0.000001 0.070308 0.000002
0 0.055236 0.121519 0.039970 0.129606 0.035083 0.123322 0.023121 0.102676 0.037213 0.092354 0.055236 0.121519
0 0.102181 0.162371 0.107412 0.160762 0.117393 0.160986 0.117822 0.169668 0.117069 0.171684 0.106537 0.174317 0.106076 0.178005 0.106938 0.190505 0.093691 0.193818 0.093530 0.193253 0.086589 0.195466 0.082867 0.184401 0.086891 0.183697 0.082264 0.170318 0.080353 0.171022 0.081861 0.176052 0.074921 0.177963 0.069187 0.162271 0.097956 0.154022 0.102181 0.162371
0 0.112734 0.264755 0.122894 0.265359 0.122994 0.262844 0.132953 0.263045 0.133154 0.265258 0.137379 0.265258 0.136977 0.279240 0.133959 0.279743 0.132651 0.293826 0.117261 0.304891 0.121486 0.312435 0.107403 0.319678 0.105995 0.313642 0.100563 0.307104 0.102273 0.304992 0.099356 0.301169 0.099859 0.298151 0.092717 0.289601 0.106799 0.281453 0.112835 0.275518 0.112734 0.264755
0 0.075011 0.368834 0.081317 0.379868 0.076194 0.383415 0.067997 0.382312 0.067839 0.372381 0.075011 0.368834
0 0.058423 0.614908 0.079888 0.598851 0.089719 0.607699 0.088081 0.616219 0.070712 0.629655 0.058423 0.614908
0 0.079397 0.592788 0.087239 0.586922 0.091439 0.592294 0.083596 0.598284 0.079397 0.592788
0 0.000006 0.769250 0.009531 0.769638 0.009695 0.775209 0.012480 0.776356 0.011497 0.788153 0.000006 0.788387 0.000006 0.769250
0 0.181930 0.584717 0.209953 0.578861 0.211207 0.590572 0.222082 0.588899 0.225428 0.610439 0.217272 0.612948 0.219154 0.617967 0.199706 0.622777 0.198660 0.617967 0.192386 0.619222 0.189040 0.602910 0.184021 0.603747 0.181930 0.584717
0 0.265860 0.999006 0.265204 0.973046 0.269973 0.973387 0.269291 0.950564 0.305739 0.950564 0.307742 0.999007 0.265860 0.999006
0 0.168948 0.333482 0.172871 0.339518 0.163214 0.346760 0.159090 0.340624 0.168948 0.333482
0 0.168546 0.330263 0.183031 0.321009 0.188865 0.329056 0.173977 0.338109 0.168546 0.330263
0 0.183031 0.321009 0.195906 0.312962 0.187859 0.298477 0.206770 0.286607 0.221658 0.310145 0.207273 0.319500 0.204658 0.317790 0.188865 0.329056 0.183031 0.321009
0 0.216223 0.261179 0.208648 0.251422 0.224953 0.238712 0.232270 0.248469 0.216223 0.261179
0 0.173745 0.223347 0.174012 0.197725 0.208975 0.202262 0.205506 0.227351 0.173745 0.223347
0 0.282647 0.134806 0.288218 0.127433 0.333114 0.159548 0.327215 0.168068 0.282647 0.134806
0 0.209238 0.519149 0.227448 0.501580 0.232786 0.507719 0.238391 0.502381 0.232759 0.495989 0.243928 0.484820 0.275895 0.510496 0.272172 0.515888 0.279618 0.522949 0.273584 0.531294 0.268449 0.530652 0.268064 0.533220 0.269733 0.534632 0.251118 0.556457 0.236354 0.543105 0.237637 0.541308 0.231860 0.537456 0.228907 0.539382 0.209238 0.519149
0 0.299867 0.486914 0.309371 0.475936 0.334276 0.499367 0.323954 0.509689 0.299867 0.486914
0 0.419017 0.653665 0.408979 0.646973 0.438884 0.611214 0.449131 0.619579 0.419017 0.653665
0 0.447753 0.631177 0.466112 0.609994 0.483187 0.622576 0.464314 0.644401 0.459179 0.640164 0.459436 0.638367 0.447753 0.631177
0 0.492948 0.579924 0.511820 0.579410 0.511435 0.586985 0.510922 0.592120 0.492306 0.591222 0.492948 0.579924
0 0.511435 0.586985 0.511820 0.579410 0.522990 0.579154 0.523118 0.586728 0.511435 0.586985
0 0.449117 0.572495 0.456156 0.564349 0.470406 0.575005 0.463473 0.584377 0.449117 0.572495
0 0.462423 0.588458 0.472582 0.575678 0.480938 0.583543 0.471107 0.596159 0.462423 0.588458
0 0.471049 0.706318 0.503044 0.712173 0.497398 0.733295 0.489661 0.733085 0.487151 0.747933 0.471467 0.743960 0.473558 0.730158 0.467912 0.729321 0.471049 0.706318
0 0.509736 0.716983 0.543614 0.734131 0.527512 0.768427 0.492797 0.751697 0.509736 0.716983
0 0.478502 0.770382 0.514912 0.792920 0.508313 0.804616 0.472112 0.780868 0.478502 0.770382
0 0.508313 0.804616 0.514912 0.792920 0.527488 0.799869 0.547096 0.811142 0.553837 0.815344 0.543172 0.828101 0.508313 0.804616
0 0.514912 0.792920 0.520378 0.782512 0.533343 0.788995 0.527488 0.799869 0.514912 0.792920
0 0.551226 0.764525 0.574857 0.738803 0.596606 0.760551 0.572766 0.789410 0.561264 0.778327 0.564192 0.773935 0.551226 0.764525
0 0.547096 0.811142 0.548208 0.807436 0.552284 0.805522 0.555310 0.807251 0.555618 0.813550 0.553837 0.815344 0.547096 0.811142
0 0.651708 0.848535 0.677064 0.829318 0.698949 0.861613 0.675462 0.878160 0.651708 0.848535
0 0.704044 0.896046 0.718391 0.891698 0.728390 0.904306 0.730564 0.929087 0.711000 0.931695 0.704044 0.896046
0 0.711000 0.931695 0.730564 0.929087 0.730050 0.941502 0.712333 0.941373 0.711000 0.931695
0 0.711000 0.931695 0.712333 0.941373 0.705400 0.942015 0.702704 0.943813 0.698211 0.941887 0.697569 0.934826 0.703089 0.933414 0.703988 0.930204 0.711000 0.931695
0 0.712333 0.941373 0.730050 0.941502 0.729023 0.954854 0.712846 0.952414 0.712333 0.941373
0 0.705836 0.942920 0.710916 0.942871 0.710916 0.944371 0.712078 0.944468 0.712029 0.955403 0.709271 0.955452 0.709223 0.957532 0.705691 0.957290 0.705836 0.950178 0.705158 0.950032 0.705836 0.942920
0 0.712846 0.952414 0.729023 0.954854 0.728629 0.983052 0.725960 0.998799 0.701672 0.996397 0.701939 0.977714 0.695267 0.976113 0.696601 0.957697 0.713683 0.958764 0.712846 0.952414
0 0.758315 0.224373 0.808086 0.257414 0.793238 0.275817 0.743049 0.242985 0.756015 0.227510 0.758315 0.224373
0 0.743049 0.242985 0.715027 0.223746 0.726738 0.208271 0.756015 0.227510 0.743049 0.242985
0 0.665592 0.492710 0.675507 0.493028 0.675613 0.503739 0.666069 0.503686 0.665592 0.492710
0 0.642659 0.513857 0.679367 0.512755 0.680028 0.526093 0.682012 0.525432 0.682564 0.532597 0.655557 0.532927 0.655226 0.527746 0.642990 0.527857 0.642659 0.513857
0 0.650672 0.534641 0.682750 0.533870 0.686498 0.541806 0.683411 0.550956 0.662246 0.551176 0.662246 0.553381 0.657065 0.553601 0.657065 0.551176 0.651002 0.551727 0.650672 0.534641
0 0.684716 0.515412 0.692984 0.514750 0.694968 0.545395 0.687252 0.546056 0.684716 0.515412
0 0.651678 0.618354 0.650975 0.646069 0.656743 0.646491 0.656461 0.657746 0.623822 0.657324 0.623822 0.632423 0.617632 0.632000 0.618757 0.616665 0.651678 0.618354
0 0.565026 0.587133 0.585495 0.587651 0.584286 0.598620 0.564421 0.597929 0.565026 0.587133
0 0.738918 0.487965 0.749280 0.486091 0.751595 0.506153 0.740902 0.507697 0.738918 0.487965
0 0.753624 0.509077 0.765116 0.506922 0.764218 0.503331 0.769964 0.502433 0.770503 0.505306 0.777146 0.503690 0.776069 0.501715 0.781456 0.500817 0.784867 0.508358 0.788818 0.507101 0.790613 0.518593 0.786663 0.519670 0.788997 0.528110 0.777505 0.530983 0.775351 0.524698 0.773735 0.524698 0.774992 0.530444 0.767450 0.531880 0.766193 0.526673 0.756318 0.528110 0.753624 0.509077
4 0.769118 0.561937 0.778403 0.547868 0.789236 0.556591 0.779388 0.568690 0.769118 0.561937
0 0.707922 0.640562 0.719827 0.639901 0.719717 0.649271 0.708253 0.649602 0.707922 0.640562
0 0.695686 0.654011 0.724898 0.650373 0.726233 0.670930 0.696789 0.674514 0.695686 0.654011
0 0.755894 0.657641 0.774523 0.652790 0.779594 0.668443 0.775515 0.670538 0.776728 0.680569 0.769673 0.683104 0.768681 0.676821 0.761736 0.678805 0.755894 0.657641
0 0.518358 0.677557 0.522719 0.676854 0.523282 0.664755 0.527362 0.664895 0.528066 0.659971 0.534959 0.660253 0.534819 0.665036 0.541572 0.665880 0.541290 0.671508 0.535663 0.670945 0.535381 0.672211 0.543823 0.672774 0.540446 0.697816 0.516670 0.695987 0.518358 0.677557
0 0.546171 0.677820 0.566123 0.679804 0.563037 0.702512 0.542203 0.699866 0.546171 0.677820
0 0.596877 0.725131 0.606034 0.714537 0.612857 0.718487 0.637995 0.733929 0.633506 0.755655 0.618064 0.741829 0.619860 0.740213 0.596877 0.725131
0 0.612857 0.718487 0.613576 0.715255 0.607650 0.713639 0.607650 0.707893 0.611960 0.709509 0.613396 0.706457 0.641227 0.716871 0.637995 0.733929 0.612857 0.718487
0 0.613396 0.706457 0.613576 0.701788 0.616987 0.701788 0.617526 0.695324 0.623092 0.694606 0.623092 0.688142 0.629017 0.687423 0.629197 0.691912 0.635302 0.692451 0.635482 0.698376 0.644639 0.702686 0.643382 0.717050 0.641227 0.716871 0.613396 0.706457
0 0.646959 0.682001 0.675660 0.682142 0.674815 0.685518 0.685226 0.686081 0.684804 0.692975 0.677770 0.692834 0.677629 0.695226 0.673127 0.695507 0.673409 0.705777 0.678614 0.705777 0.678333 0.707888 0.683661 0.708001 0.693105 0.708591 0.693105 0.712530 0.706330 0.711405 0.704923 0.723223 0.643864 0.721112 0.646959 0.682001
0 0.683661 0.708001 0.684134 0.702181 0.690324 0.702272 0.696722 0.702384 0.696586 0.708813 0.693105 0.708591 0.683661 0.708001
0 0.684134 0.702181 0.684386 0.693523 0.690377 0.693629 0.690324 0.702272 0.684134 0.702181
0 0.690324 0.702272 0.690377 0.693629 0.696952 0.693364 0.696722 0.702384 0.690324 0.702272
0 0.675186 0.735111 0.702855 0.735332 0.701268 0.755719 0.695599 0.756758 0.675099 0.749418 0.675186 0.735111
0 0.685932 0.806257 0.729744 0.793509 0.735490 0.805180 0.735310 0.822956 0.697603 0.832114 0.697424 0.827804 0.693294 0.827804 0.691319 0.821699 0.693473 0.820442 0.685932 0.806257
0 0.726871 0.782735 0.744827 0.775912 0.758294 0.813439 0.751650 0.816671 0.754523 0.827265 0.742493 0.830318 0.741954 0.819724 0.738004 0.820083 0.737465 0.804102 0.726871 0.782735
0 0.808236 0.862824 0.803556 0.866041 0.805896 0.869843 0.770213 0.885930 0.769336 0.890902 0.776648 0.898799 0.777525 0.912838 0.769336 0.914301 0.746230 0.918395 0.747692 0.901139 0.740965 0.900261 0.740672 0.886807 0.745352 0.886807 0.744182 0.873938 0.802093 0.848200 0.808236 0.862824
0 0.746230 0.918395 0.769336 0.914301 0.768166 0.922490 0.774308 0.923075 0.774893 0.931264 0.779692 0.938542 0.766411 0.940916 0.744182 0.939746 0.746230 0.918395
0 0.744182 0.939746 0.766411 0.940916 0.763673 0.954591 0.742131 0.953216 0.744182 0.939746
0 0.730552 0.999006 0.733530 0.976294 0.747458 0.974746 0.749427 0.983891 0.758572 0.984595 0.758854 0.988815 0.764481 0.988956 0.762617 0.999006 0.730552 0.999006
0 0.793718 0.891721 0.793631 0.882566 0.807019 0.882479 0.807019 0.891807 0.793718 0.891721
0 0.835406 0.845957 0.839356 0.844520 0.837022 0.839672 0.864674 0.829438 0.878859 0.847932 0.877422 0.848830 0.879038 0.865529 0.868085 0.870018 0.866828 0.864092 0.860903 0.865349 0.861621 0.868940 0.852284 0.871275 0.835406 0.845957
0 0.914826 0.928358 0.925659 0.922449 0.926644 0.930327 0.918202 0.933985 0.914826 0.928358
0 0.926644 0.930327 0.938249 0.954773 0.928304 0.958283 0.920930 0.940183 0.918202 0.933985 0.926644 0.930327
0 0.938249 0.954773 0.949070 0.981427 0.939126 0.984352 0.934162 0.971992 0.928304 0.958283 0.938249 0.954773
0 0.934162 0.971992 0.921055 0.978276 0.905792 0.946495 0.920930 0.940183 0.934162 0.971992
0 0.999006 0.972063 0.984827 0.977702 0.983570 0.972494 0.955200 0.982370 0.945738 0.960859 0.957948 0.956685 0.957490 0.950727 0.993698 0.940185 0.992552 0.936060 0.999006 0.937238 0.999006 0.972063
4 0.999006 0.914155 0.990948 0.918644 0.981552 0.904894 0.999006 0.898293 0.999006 0.914155
4 0.999006 0.835930 0.980462 0.785593 0.999007 0.777072 0.999006 0.835930
0 0.921936 0.808328 0.914069 0.810904 0.907986 0.799485 0.917107 0.797189 0.921936 0.808328
0 0.977424 0.826756 0.940069 0.843027 0.938236 0.838902 0.919445 0.792381 0.958861 0.778860 0.977424 0.826756
0 0.965183 0.704571 0.956039 0.728066 0.937187 0.719625 0.947175 0.696693 0.965183 0.704571
4 0.999007 0.442723 0.983307 0.431212 0.993999 0.418550 0.999007 0.424135 0.999007 0.442723
0 0.999007 0.537109 0.991770 0.532033 0.974659 0.521346 0.975503 0.519376 0.957351 0.503642 0.939564 0.519711 0.931125 0.510913 0.954826 0.490443 0.962368 0.482542 0.996843 0.510913 0.994688 0.515401 0.999007 0.519489 0.999007 0.537109
0 0.954826 0.490443 0.948003 0.485236 0.956263 0.477335 0.962368 0.482542 0.954826 0.490443
0 0.999007 0.561238 0.992473 0.556231 0.987690 0.561859 0.969963 0.550885 0.979108 0.541037 0.984876 0.541037 0.991770 0.532033 0.999007 0.537109 0.999007 0.561238
0 0.999007 0.587614 0.985125 0.596802 0.965288 0.574292 0.983155 0.561911 0.998771 0.580060 0.999007 0.584646 0.999007 0.587614
0 0.955106 0.398741 0.974877 0.388085 0.985404 0.403234 0.978087 0.408755 0.973336 0.402079 0.960883 0.407471 0.955106 0.398741
0 0.168047 0.309803 0.178106 0.304069 0.185651 0.316341 0.176296 0.321974 0.168047 0.309803
0 0.543757 0.996436 0.537873 0.983563 0.547803 0.979150 0.554791 0.989448 0.555159 0.995700 0.555159 0.998275 0.544533 0.999008 0.544492 0.999008 0.543757 0.996436
