0 0.385616 0.000007 0.386324 0.003340 0.391663 0.003531 0.391854 0.006011 0.400250 0.006011 0.400822 0.018796 0.382504 0.018796 0.382694 0.022803 0.353308 0.022994 0.353118 0.000007 0.385616 0.000007
0 0.350065 0.063638 0.388610 0.063257 0.388419 0.088635 0.349492 0.088254 0.350065 0.063638
0 0.387105 0.037228 0.398670 0.036127 0.399771 0.045581 0.388482 0.046957 0.387105 0.037228
0 0.440594 0.008020 0.448208 0.001694 0.459494 0.014770 0.452284 0.020809 0.440594 0.008020
0 0.406391 0.123848 0.424033 0.123699 0.425080 0.150461 0.407886 0.150760 0.406391 0.123848
0 0.601290 0.936993 0.639714 0.923537 0.647489 0.934900 0.649134 0.949253 0.625660 0.957177 0.624464 0.953439 0.608616 0.958672 0.601290 0.936993
0 0.462268 0.964552 0.480308 0.951198 0.491554 0.966192 0.473979 0.979035 0.462268 0.964552
0 0.466217 0.992230 0.457994 0.998958 0.447827 0.986249 0.441847 0.991183 0.437063 0.984007 0.446482 0.977129 0.444681 0.974581 0.460012 0.963760 0.467151 0.972606 0.456542 0.980375 0.466217 0.992230
0 0.428092 0.976830 0.440800 0.968308 0.444681 0.974581 0.446482 0.977129 0.437063 0.984007 0.434670 0.985651 0.428092 0.976830
0 0.427942 0.957095 0.440501 0.948274 0.446482 0.956945 0.433624 0.966066 0.427942 0.957095
4 0.675313 0.947526 0.691143 0.940220 0.698206 0.956050 0.681401 0.963843 0.675313 0.947526
2 0.670310 0.306620 0.677752 0.301468 0.699505 0.331426 0.688438 0.339822 0.678515 0.326083 0.681568 0.323793 0.670310 0.306620
0 0.398505 0.093752 0.409954 0.093752 0.410145 0.111498 0.397933 0.111116 0.398505 0.093752
0 0.447093 0.021823 0.462343 0.019281 0.463240 0.027205 0.448140 0.029448 0.447093 0.021823
0 0.395430 0.818109 0.399197 0.818423 0.402964 0.819993 0.405790 0.825016 0.405790 0.828690 0.403769 0.832115 0.404985 0.835662 0.397987 0.837512 0.396515 0.833906 0.390720 0.832550 0.387267 0.829725 0.386325 0.825330 0.387267 0.820934 0.391034 0.819051 0.395430 0.818109
