3 0.330779 0.775024 0.362073 0.769681 0.363791 0.775024 0.364172 0.795442 0.328108 0.800212 0.330779 0.775024
3 0.391837 0.763555 0.412064 0.758976 0.418170 0.757640 0.420841 0.757831 0.430000 0.757640 0.433817 0.773669 0.433054 0.784163 0.399851 0.790842 0.396226 0.789125 0.391837 0.763555
3 0.466078 0.769671 0.498248 0.774750 0.497103 0.788870 0.490043 0.803563 0.457795 0.796885 0.456841 0.787534 0.466078 0.769671
3 0.593249 0.800141 0.616910 0.800523 0.624924 0.813117 0.622444 0.822276 0.617292 0.825329 0.591150 0.820750 0.593249 0.800141
0 0.391201 0.834465 0.395399 0.835419 0.417153 0.844579 0.416580 0.855074 0.407230 0.865569 0.385286 0.855646 0.379752 0.851448 0.391201 0.834465
0 0.442341 0.850112 0.464666 0.860416 0.466002 0.869194 0.458178 0.881406 0.432800 0.871484 0.430892 0.860989 0.442341 0.850112
3 0.482940 0.878641 0.496297 0.865857 0.520531 0.880550 0.506983 0.897342 0.496106 0.891617 0.482940 0.878641
3 0.723316 0.825503 0.764533 0.818825 0.768349 0.846493 0.727514 0.852981 0.723316 0.825503
3 0.787946 0.914602 0.794053 0.911359 0.824011 0.916892 0.823629 0.927769 0.818096 0.939981 0.787183 0.935592 0.787946 0.914602
3 0.851421 0.870737 0.883097 0.872837 0.882524 0.895735 0.850658 0.893254 0.851421 0.870737
3 0.943210 0.927094 0.962101 0.943314 0.962482 0.952282 0.949125 0.966403 0.925273 0.946558 0.943210 0.927094
3 0.999007 0.991679 0.979014 0.982376 0.972977 0.977279 0.985381 0.959342 0.999007 0.967701 0.999007 0.991679
