0 0.061052 0.908295 0.060616 0.906548 0.071530 0.900873 0.073712 0.902183 0.088556 0.923574 0.085063 0.924884 0.060616 0.937544 0.058869 0.937108 0.046646 0.924447 0.062798 0.914843 0.061052 0.908295
0 0.116495 0.893015 0.126100 0.890832 0.133085 0.910041 0.132212 0.912660 0.124354 0.915716 0.122171 0.914406 0.115622 0.893451 0.116495 0.893015
0 0.143562 0.793042 0.145745 0.796971 0.159278 0.793042 0.156223 0.786057 0.171066 0.781692 0.178051 0.796098 0.176304 0.805703 0.151857 0.812251 0.143562 0.793042
0 0.212976 0.802647 0.221707 0.821419 0.203484 0.831059 0.187547 0.833935 0.178924 0.812688 0.212976 0.802647
0 0.362233 0.831666 0.363543 0.830793 0.395848 0.839524 0.395848 0.843017 0.395848 0.846073 0.391046 0.859606 0.378822 0.857423 0.377513 0.865718 0.378822 0.866155 0.381878 0.866155 0.398468 0.870957 0.398904 0.873140 0.397158 0.885363 0.389736 0.884490 0.373330 0.878499 0.352629 0.870084 0.362233 0.831666
0 0.108754 0.806729 0.122607 0.794352 0.123917 0.792606 0.149238 0.818799 0.131339 0.827967 0.127410 0.827967 0.119551 0.826658 0.118242 0.819673 0.108754 0.806729
0 0.310991 0.813717 0.330831 0.818164 0.335619 0.822268 0.333225 0.832530 0.343487 0.833898 0.346223 0.837319 0.344855 0.843818 0.340750 0.846213 0.334935 0.846555 0.304150 0.841082 0.302098 0.839713 0.299019 0.838687 0.299019 0.832872 0.302098 0.830820 0.303466 0.825005 0.304150 0.823295 0.305518 0.817480 0.308939 0.812007 0.314412 0.814401 0.310991 0.813717
0 0.267082 0.751092 0.283882 0.752772 0.290182 0.758862 0.281362 0.793931 0.251963 0.788891 0.251963 0.783851 0.255533 0.772722 0.260152 0.761172 0.261622 0.758022 0.266662 0.751722 0.267082 0.751092
0 0.236213 0.763272 0.229283 0.760542 0.230963 0.744163 0.237053 0.742903 0.246293 0.743953 0.253223 0.746053 0.256793 0.749832 0.259312 0.756972 0.260152 0.761172 0.255113 0.759912 0.253013 0.765792 0.236213 0.763272
0 0.210877 0.799274 0.212023 0.799274 0.221190 0.796524 0.231502 0.796982 0.231960 0.801107 0.231731 0.807066 0.229669 0.810274 0.218210 0.809586 0.210877 0.799274
0 0.251879 0.801745 0.288439 0.811689 0.288147 0.824265 0.281712 0.824265 0.272060 0.823973 0.245444 0.819001 0.249247 0.802329 0.251879 0.801745
4 0.507571 0.955201 0.502577 0.955618 0.493510 0.955033 0.489415 0.946843 0.495850 0.944796 0.493217 0.936606 0.507335 0.931639 0.507571 0.955201
0 0.020757 0.999001 0.016646 0.986404 0.034210 0.981200 0.044289 0.983813 0.047275 0.986052 0.049142 0.993891 0.046902 0.995385 0.048072 0.999001 0.020757 0.999001
0 0.048522 0.604917 0.067933 0.601184 0.063081 0.587746 0.095557 0.582520 0.101903 0.597078 0.122433 0.594092 0.125046 0.593345 0.129153 0.601184 0.129899 0.602677 0.105636 0.608650 0.107502 0.623955 0.061214 0.640006 0.055615 0.641499 0.050016 0.605664 0.048522 0.604917
0 0.011194 0.627688 0.032471 0.610516 0.042177 0.616489 0.043296 0.620222 0.020526 0.637766 0.011194 0.628807 0.011194 0.627688
0 0.006714 0.601931 0.020153 0.592225 0.028738 0.601557 0.028738 0.606410 0.017166 0.617235 0.013433 0.616116 0.006714 0.604917 0.006714 0.601931
0 0.373801 0.523920 0.375141 0.523384 0.374069 0.519900 0.375141 0.518560 0.379966 0.512932 0.381306 0.508911 0.379698 0.504355 0.378894 0.496851 0.384254 0.492027 0.400334 0.491223 0.402747 0.496851 0.414539 0.503283 0.430888 0.517756 0.431424 0.510787 0.450989 0.515880 0.453401 0.523384 0.449648 0.526064 0.443752 0.531424 0.424723 0.549649 0.424455 0.552329 0.421239 0.555545 0.410519 0.558225 0.405159 0.548309 0.402211 0.546701 0.399262 0.546969 0.394706 0.543753 0.397118 0.539733 0.378626 0.531424 0.373801 0.523920
0 0.369623 0.577515 0.371513 0.576675 0.371723 0.575625 0.367313 0.572685 0.370253 0.572685 0.372983 0.569535 0.376133 0.567645 0.376133 0.567015 0.374453 0.565545 0.374033 0.560506 0.376553 0.558406 0.381382 0.551686 0.390832 0.556306 0.398392 0.561346 0.402382 0.571635 0.384112 0.587385 0.369623 0.577515
0 0.311486 0.182341 0.309776 0.183025 0.309776 0.181657 0.313881 0.179262 0.322432 0.181315 0.358348 0.220651 0.356296 0.222703 0.346376 0.234675 0.340903 0.233307 0.332010 0.241517 0.322090 0.244937 0.285832 0.206285 0.311486 0.182341
0 0.157737 0.818466 0.173160 0.816181 0.177730 0.832747 0.161736 0.836745 0.157737 0.818466
