0 0.661989 0.524959 0.662060 0.514137 0.673062 0.514204 0.683714 0.525304 0.661989 0.524959
0 0.754378 0.549396 0.736949 0.544356 0.739259 0.533017 0.756495 0.535088 0.754378 0.549396
0 0.774747 0.562626 0.775797 0.544146 0.793857 0.546246 0.794487 0.556326 0.791613 0.564269 0.774747 0.562626
0 0.875392 0.926682 0.842213 0.893502 0.857263 0.879136 0.865131 0.888371 0.872128 0.894315 0.894548 0.914710 0.875392 0.926682
0 0.902952 0.948807 0.887321 0.930708 0.902952 0.922153 0.913976 0.915242 0.924506 0.926924 0.920557 0.938771 0.902952 0.948807
0 0.948528 0.954402 0.923190 0.932518 0.934542 0.921988 0.958071 0.943049 0.948528 0.954402
0 0.913090 0.770694 0.892889 0.761620 0.898663 0.748461 0.918572 0.756751 0.913090 0.770694
0 0.916836 0.770326 0.925474 0.759111 0.939010 0.748281 0.951535 0.759130 0.953356 0.769560 0.938881 0.777546 0.932435 0.769940 0.924958 0.777030 0.916836 0.770326
0 0.951535 0.759130 0.960148 0.753730 0.969792 0.761078 0.973511 0.768327 0.966942 0.773794 0.960249 0.779556 0.953356 0.769560 0.951535 0.759130
0 0.961232 0.819353 0.941120 0.802851 0.949629 0.796276 0.973608 0.780677 0.982761 0.801691 0.961232 0.819353
0 0.934400 0.801211 0.926037 0.795116 0.924619 0.791764 0.933643 0.784545 0.943272 0.795648 0.934400 0.801211
0 0.999006 0.849388 0.997258 0.851443 0.973941 0.831074 0.976376 0.819755 0.985703 0.807349 0.993532 0.814617 0.999006 0.824916 0.999006 0.849388
0 0.994989 0.865946 0.977219 0.852783 0.985775 0.843569 0.999006 0.853822 0.999006 0.856845 0.994989 0.865946
0 0.735960 0.560110 0.739401 0.555672 0.747461 0.560925 0.744382 0.565996 0.735960 0.560110
0 0.788639 0.564605 0.794345 0.564779 0.794084 0.572228 0.788334 0.572010 0.788639 0.564605
0 0.881662 0.613719 0.909343 0.637484 0.896939 0.648452 0.870040 0.623121 0.881662 0.613719
0 0.982226 0.860394 0.991553 0.865465 0.972445 0.894082 0.961216 0.885388 0.982226 0.860394
