0 0.599411 0.999007 0.598374 0.997879 0.587659 0.980344 0.606411 0.977179 0.623459 0.995687 0.618720 0.999007 0.599411 0.999007
0 0.725271 0.999006 0.714099 0.992123 0.727266 0.975331 0.752835 0.992696 0.748549 0.999006 0.725271 0.999006
0 0.625889 0.965746 0.624915 0.946750 0.636361 0.943097 0.639284 0.963311 0.625889 0.965746
0 0.600943 0.931527 0.612392 0.927329 0.618499 0.943548 0.619262 0.945647 0.610675 0.950608 0.600943 0.931527
0 0.574801 0.916070 0.594456 0.903667 0.604760 0.910346 0.607622 0.920459 0.585678 0.934771 0.582243 0.933816 0.582052 0.930763 0.584533 0.930000 0.574801 0.916070
0 0.536159 0.859604 0.551042 0.850254 0.571078 0.877922 0.554668 0.890898 0.536159 0.859604
0 0.548562 0.894905 0.559629 0.889562 0.574704 0.911506 0.567644 0.917994 0.548562 0.894905
0 0.581339 0.865522 0.610717 0.849056 0.621402 0.863368 0.607091 0.872908 0.602893 0.868711 0.602702 0.868711 0.602130 0.868711 0.589657 0.877471 0.581339 0.865522
0 0.628466 0.841183 0.639591 0.834164 0.643926 0.840490 0.632680 0.847167 0.628466 0.841183
0 0.689769 0.859820 0.695112 0.880429 0.683091 0.885390 0.675076 0.864782 0.689769 0.859820
0 0.709330 0.813710 0.734159 0.815119 0.734920 0.834160 0.742724 0.835951 0.742151 0.886517 0.732610 0.886708 0.731689 0.899239 0.705909 0.900357 0.701525 0.885501 0.709330 0.813710
0 0.748041 0.842151 0.766793 0.843126 0.766550 0.861878 0.766306 0.862121 0.748041 0.860417 0.748041 0.842151
0 0.693268 0.974450 0.714067 0.980938 0.713113 0.987044 0.706625 0.993341 0.688497 0.986662 0.693268 0.974450
2 0.620249 0.764808 0.632080 0.760420 0.639331 0.767480 0.640476 0.779501 0.628073 0.783318 0.626356 0.773968 0.620249 0.764808
0 0.667335 0.789210 0.677950 0.787416 0.679744 0.820308 0.668232 0.821504 0.664793 0.801769 0.669279 0.800722 0.667335 0.789210
0 0.683482 0.788163 0.696340 0.787864 0.696789 0.804908 0.702171 0.804460 0.702769 0.821953 0.688267 0.822850 0.687669 0.809992 0.684529 0.810590 0.683482 0.788163
0 0.709973 0.781984 0.719896 0.781984 0.722185 0.796677 0.727910 0.797058 0.729246 0.810415 0.716843 0.812133 0.711690 0.799348 0.709973 0.781984
0 0.782434 0.898282 0.781216 0.911920 0.751261 0.906806 0.752966 0.892194 0.782434 0.898282
0 0.686301 0.941604 0.710082 0.941838 0.709848 0.958590 0.686536 0.959059 0.686301 0.941604
0 0.776998 0.617568 0.778053 0.613819 0.791993 0.617333 0.788479 0.632328 0.774421 0.628814 0.776998 0.617568
0 0.734695 0.946727 0.740261 0.943024 0.751246 0.936183 0.763999 0.927441 0.771325 0.937607 0.741722 0.955549 0.734695 0.946727
0 0.737087 0.915330 0.740376 0.906360 0.759813 0.913536 0.755327 0.924301 0.745908 0.920862 0.746656 0.918619 0.737087 0.915330
0 0.740261 0.943024 0.732153 0.939551 0.742021 0.921161 0.753683 0.927590 0.751246 0.936183 0.740261 0.943024
