0 0.369390 0.111734 0.402998 0.125128 0.385707 0.162877 0.371826 0.164094 0.347715 0.152161 0.363391 0.122548 0.359952 0.120604 0.364288 0.110587 0.369390 0.111734
0 0.360999 0.108195 0.376548 0.060202 0.423345 0.073509 0.404656 0.124043 0.360999 0.108195
0 0.550481 0.009353 0.584534 0.009537 0.583983 0.018257 0.588481 0.018257 0.589079 0.043700 0.580856 0.043102 0.581005 0.049083 0.547664 0.047887 0.546468 0.028749 0.550804 0.028899 0.550481 0.009353
4 0.870565 0.000004 0.863041 0.011345 0.843497 0.000004 0.870565 0.000004
0 0.787007 0.133552 0.796022 0.136944 0.792284 0.147410 0.806488 0.152194 0.803946 0.159969 0.806039 0.161165 0.812319 0.149802 0.844314 0.164454 0.839231 0.176265 0.843417 0.178658 0.840576 0.186432 0.903371 0.209158 0.895596 0.230837 0.827569 0.206317 0.826074 0.209905 0.821589 0.208410 0.806039 0.253263 0.823981 0.259692 0.814029 0.287452 0.858433 0.302105 0.855892 0.309879 0.866806 0.314065 0.865460 0.317205 0.831671 0.396311 0.749590 0.366857 0.750936 0.362970 0.712511 0.349813 0.713707 0.346374 0.707577 0.344730 0.720006 0.308971 0.723169 0.310143 0.723989 0.308269 0.722274 0.307689 0.725327 0.301965 0.715259 0.298419 0.723655 0.279528 0.714877 0.275139 0.736821 0.215985 0.743691 0.218084 0.745408 0.215604 0.750179 0.216749 0.749415 0.219420 0.752659 0.220947 0.763536 0.191942 0.756476 0.188508 0.769642 0.151680 0.779946 0.154351 0.787007 0.133552
0 0.868335 0.345637 0.911843 0.368512 0.904517 0.381669 0.910647 0.413066 0.895247 0.417253 0.893603 0.412319 0.885081 0.411272 0.880147 0.385108 0.866840 0.377632 0.870727 0.364326 0.859066 0.358346 0.868335 0.345637
0 0.921292 0.361419 0.949542 0.358984 0.951734 0.378954 0.922753 0.380658 0.921292 0.361419
0 0.922212 0.527223 0.829668 0.570085 0.819683 0.570572 0.814569 0.557908 0.786318 0.572764 0.792894 0.585915 0.716910 0.619767 0.711553 0.615870 0.683546 0.626586 0.670395 0.618062 0.667959 0.612461 0.671612 0.610756 0.650803 0.567877 0.690608 0.552063 0.701324 0.567163 0.711309 0.563997 0.707096 0.556669 0.709638 0.555622 0.698724 0.539326 0.717712 0.531551 0.721449 0.536635 0.731168 0.531850 0.726682 0.525720 0.745072 0.517796 0.750156 0.523926 0.760173 0.518544 0.763761 0.523478 0.778862 0.516301 0.782450 0.520936 0.796803 0.513909 0.799046 0.517497 0.878137 0.481764 0.874698 0.475186 0.884416 0.470401 0.891294 0.484156 0.901161 0.480419 0.913870 0.502995 0.922212 0.527223
0 0.754956 0.418291 0.765415 0.388713 0.835064 0.411611 0.823042 0.446149 0.829912 0.457980 0.731068 0.506829 0.722863 0.488892 0.716566 0.491564 0.712657 0.481761 0.699180 0.487054 0.695937 0.480375 0.702043 0.477132 0.690175 0.455065 0.717694 0.442644 0.712824 0.436069 0.722809 0.430224 0.717207 0.418291 0.745701 0.407819 0.769324 0.450925 0.803176 0.434121 0.754956 0.418291
0 0.627892 0.442392 0.637242 0.446018 0.644303 0.453651 0.622931 0.478648 0.605948 0.465100 0.627892 0.442392
0 0.570064 0.368790 0.587111 0.346141 0.641663 0.376340 0.626808 0.399232 0.570064 0.368790
0 0.503782 0.389930 0.509139 0.396992 0.509139 0.407464 0.500129 0.409900 0.502564 0.420615 0.475044 0.427191 0.468956 0.396505 0.503782 0.389930
0 0.502564 0.386520 0.513036 0.383841 0.532763 0.380432 0.533980 0.384085 0.542261 0.383598 0.546644 0.408926 0.512793 0.415501 0.509139 0.407464 0.509139 0.396992 0.503782 0.389930 0.502564 0.386520
0 0.000011 0.439571 0.143190 0.499155 0.146298 0.494492 0.179556 0.508479 0.164511 0.541484 0.171087 0.543920 0.167677 0.554392 0.150630 0.550008 0.149168 0.554148 0.059252 0.515033 0.057534 0.519422 0.025938 0.509446 0.027155 0.505550 0.000011 0.494351 0.000011 0.439571
0 0.000011 0.501364 0.032429 0.516011 0.025701 0.532906 0.000011 0.523192 0.000011 0.501364
4 0.143151 0.571104 0.136664 0.591331 0.142388 0.593620 0.137427 0.606024 0.125596 0.602016 0.126169 0.600108 0.084189 0.585606 0.088196 0.574920 0.098118 0.576638 0.110522 0.550686 0.140862 0.563090 0.138381 0.567669 0.143151 0.571104
0 0.020648 0.737557 0.120742 0.778472 0.108078 0.809644 0.008958 0.768487 0.020648 0.737557
4 0.123089 0.653239 0.154261 0.593816 0.164490 0.596738 0.168874 0.589919 0.187139 0.598930 0.182025 0.608185 0.188357 0.613055 0.152313 0.670043 0.123089 0.653239
0 0.398459 0.253109 0.408444 0.249699 0.408201 0.248238 0.439130 0.245315 0.445705 0.298650 0.395537 0.305226 0.392858 0.302790 0.381412 0.304251 0.377271 0.300111 0.375810 0.278193 0.388474 0.276245 0.387744 0.273566 0.399920 0.271617 0.398459 0.253109
0 0.204124 0.346735 0.218422 0.319693 0.244842 0.335856 0.247950 0.349221 0.268154 0.363208 0.257586 0.378749 0.204124 0.346735
0 0.341555 0.392073 0.353504 0.393245 0.351512 0.407419 0.335346 0.401679 0.341555 0.392073
0 0.357955 0.390082 0.379627 0.390199 0.379159 0.409528 0.357604 0.407302 0.357955 0.390082
0 0.383376 0.390199 0.392162 0.389028 0.397902 0.389496 0.399191 0.397111 0.404111 0.397111 0.406337 0.417025 0.385602 0.419017 0.382907 0.416674 0.381970 0.399571 0.384430 0.399336 0.383376 0.390199
0 0.360108 0.338044 0.368388 0.338774 0.373989 0.383098 0.338920 0.383342 0.360108 0.338044
0 0.372742 0.370404 0.377634 0.369072 0.376887 0.361746 0.419647 0.358606 0.420394 0.336927 0.423085 0.336778 0.422039 0.329601 0.419049 0.329452 0.418517 0.316673 0.443896 0.314764 0.448857 0.354645 0.449048 0.382314 0.373989 0.383098 0.372742 0.370404
0 0.456211 0.345778 0.485979 0.345015 0.490368 0.380316 0.458501 0.382224 0.456211 0.345778
0 0.478319 0.328160 0.499529 0.319759 0.504491 0.326056 0.509834 0.322431 0.507544 0.315752 0.512414 0.311843 0.521425 0.324020 0.510953 0.337901 0.519964 0.355680 0.499994 0.362499 0.478319 0.328160
0 0.514234 0.333866 0.521425 0.324020 0.532392 0.336209 0.523020 0.345698 0.514234 0.333866
0 0.537546 0.333866 0.557109 0.351086 0.550901 0.359169 0.538600 0.373930 0.518451 0.357764 0.519964 0.355680 0.519154 0.353781 0.531337 0.341129 0.537546 0.333866
0 0.550001 0.336835 0.556327 0.329455 0.573782 0.342693 0.566402 0.351127 0.550001 0.336835
0 0.556679 0.326409 0.563356 0.312352 0.566636 0.314343 0.576945 0.296186 0.581982 0.297474 0.582216 0.301692 0.589831 0.306612 0.592408 0.314343 0.576242 0.342224 0.568042 0.333321 0.556679 0.326409
0 0.602128 0.285878 0.609188 0.272520 0.627316 0.279581 0.620065 0.298281 0.622164 0.301334 0.619111 0.311256 0.623118 0.314500 0.613196 0.333391 0.619683 0.337971 0.614531 0.353236 0.594877 0.343314 0.597167 0.338162 0.595068 0.336253 0.595831 0.332628 0.587244 0.328048 0.592969 0.316981 0.592969 0.309921 0.602128 0.285878
0 0.999011 0.435112 0.988607 0.460242 0.945014 0.444169 0.973265 0.382067 0.999011 0.392620 0.999011 0.435112
0 0.440764 0.000008 0.443610 0.013982 0.428690 0.048484 0.363026 0.025924 0.358690 0.034446 0.320117 0.018150 0.327888 0.000007 0.440764 0.000008
0 0.396707 0.039029 0.428690 0.048484 0.421974 0.068035 0.390876 0.056971 0.396707 0.039029
0 0.356486 0.034757 0.364288 0.036776 0.360800 0.047148 0.353366 0.044395 0.356486 0.034757
0 0.378650 0.040809 0.380761 0.035394 0.391133 0.039249 0.389664 0.044756 0.378650 0.040809
0 0.000011 0.253414 0.048964 0.272927 0.035797 0.304412 0.017097 0.296970 0.012327 0.307465 0.000011 0.302979 0.000011 0.253414
4 0.150935 0.420972 0.157120 0.423057 0.148778 0.447006 0.143240 0.445927 0.143096 0.442475 0.150935 0.420972
4 0.157120 0.423057 0.164528 0.425430 0.155969 0.450529 0.149209 0.448803 0.148778 0.447006 0.157120 0.423057
4 0.183586 0.429745 0.174236 0.455492 0.167148 0.453066 0.176699 0.427441 0.183586 0.429745
4 0.176699 0.427441 0.167148 0.453066 0.159925 0.450601 0.169634 0.425071 0.176699 0.427441
0 0.214054 0.448778 0.223473 0.430687 0.251731 0.440854 0.244554 0.459692 0.214054 0.448778
0 0.365684 0.463431 0.384524 0.465459 0.380326 0.526711 0.348268 0.521941 0.350883 0.484512 0.358956 0.484213 0.360451 0.477036 0.363442 0.477036 0.365684 0.463431
0 0.344978 0.541120 0.379546 0.545344 0.375157 0.571677 0.324209 0.566525 0.323636 0.573395 0.309134 0.571487 0.313141 0.524355 0.342527 0.527789 0.341383 0.540002 0.344978 0.541120
0 0.294236 0.588666 0.295572 0.608511 0.265804 0.610992 0.264468 0.591910 0.294236 0.588666
0 0.307402 0.581224 0.333926 0.578744 0.334498 0.576835 0.356824 0.577599 0.357969 0.606412 0.361404 0.606985 0.361213 0.649728 0.337361 0.649155 0.336897 0.607750 0.334880 0.607748 0.335071 0.599352 0.307402 0.599161 0.307402 0.581224
0 0.336880 0.610586 0.337361 0.649155 0.337595 0.652872 0.313823 0.652423 0.313673 0.629698 0.297526 0.630146 0.297687 0.614992 0.313658 0.610770 0.336880 0.610586
0 0.303899 0.654736 0.357723 0.655634 0.357125 0.710205 0.310328 0.710504 0.310029 0.690470 0.296872 0.690021 0.296274 0.672229 0.304946 0.672229 0.303899 0.654736
0 0.288422 0.661479 0.297794 0.661597 0.297794 0.670382 0.288539 0.670265 0.288422 0.661479
0 0.244548 0.658452 0.244783 0.674618 0.227094 0.673916 0.231256 0.666703 0.229145 0.657800 0.244548 0.658452
0 0.236715 0.691065 0.258659 0.690111 0.300448 0.691065 0.300257 0.699461 0.237860 0.702324 0.236715 0.691065
0 0.327547 0.710639 0.344207 0.710360 0.344922 0.732435 0.328028 0.732136 0.327547 0.710639
0 0.291119 0.717991 0.336103 0.738140 0.327551 0.754775 0.281630 0.736266 0.291119 0.717991
0 0.363344 0.634656 0.413579 0.634656 0.430175 0.729297 0.387714 0.743949 0.355419 0.741706 0.363344 0.634656
0 0.355017 0.746637 0.393248 0.744859 0.423588 0.737226 0.428439 0.774929 0.419915 0.779556 0.423324 0.805128 0.427952 0.804397 0.428682 0.808294 0.451331 0.804884 0.454254 0.818766 0.459124 0.817304 0.460829 0.829481 0.454010 0.832160 0.455228 0.842389 0.459611 0.842632 0.462534 0.856027 0.467648 0.855053 0.467161 0.863820 0.457907 0.866012 0.459855 0.876484 0.429772 0.882608 0.431948 0.903744 0.400555 0.914311 0.391541 0.913379 0.369162 0.828214 0.357209 0.796075 0.355017 0.746637
0 0.222200 0.743148 0.252399 0.750454 0.250938 0.757273 0.245336 0.759952 0.219278 0.826438 0.225853 0.828630 0.219034 0.842755 0.208806 0.838858 0.212459 0.832039 0.185913 0.822541 0.207832 0.759709 0.217573 0.754838 0.222200 0.743148
0 0.222200 0.743148 0.217573 0.754838 0.207832 0.759709 0.185913 0.822541 0.177389 0.820350 0.202474 0.746314 0.222200 0.743148
0 0.253846 0.751294 0.287956 0.764980 0.282422 0.781390 0.268492 0.773948 0.274217 0.796083 0.253418 0.801808 0.247502 0.783489 0.243081 0.777159 0.253846 0.751294
0 0.254100 0.815339 0.260783 0.815817 0.257406 0.827877 0.261955 0.832932 0.292364 0.836855 0.311893 0.836855 0.332294 0.843170 0.333672 0.845586 0.322126 0.885949 0.308796 0.913676 0.310661 0.919271 0.269633 0.968381 0.261862 0.968070 0.238550 0.947867 0.261250 0.921127 0.243228 0.907245 0.246881 0.905297 0.224963 0.884596 0.230808 0.879969 0.224719 0.872663 0.235922 0.863854 0.242760 0.869448 0.250389 0.863798 0.266227 0.872767 0.271570 0.855784 0.244855 0.847961 0.247832 0.813320 0.252653 0.812446 0.254100 0.815339
0 0.345670 0.785239 0.349706 0.789574 0.333867 0.844932 0.332622 0.842760 0.311967 0.836367 0.292395 0.836367 0.262197 0.832471 0.257949 0.827750 0.261414 0.815372 0.254412 0.814872 0.252926 0.811900 0.247871 0.812822 0.248686 0.803322 0.253418 0.800831 0.274217 0.795107 0.289501 0.788413 0.289154 0.765204 0.345670 0.785239
0 0.260945 0.973291 0.244043 0.999006 0.228069 0.999005 0.211141 0.997907 0.223163 0.979588 0.200265 0.966613 0.191487 0.977489 0.170306 0.964132 0.193204 0.931120 0.199501 0.935318 0.205608 0.928258 0.215721 0.935318 0.211905 0.941615 0.224308 0.950011 0.231177 0.943333 0.261862 0.969047 0.260945 0.973291
4 0.000010 0.939631 0.013230 0.945054 0.000010 0.977438 0.000010 0.939631
0 0.313535 0.922898 0.328765 0.926317 0.332806 0.933155 0.307629 0.972940 0.315089 0.977913 0.307007 0.986927 0.300169 0.981954 0.295818 0.986927 0.275614 0.971697 0.313535 0.922898
0 0.340551 0.828112 0.369162 0.829190 0.383485 0.886502 0.387683 0.924284 0.349902 0.927337 0.315364 0.922185 0.310593 0.918178 0.322126 0.886925 0.340551 0.828112
0 0.365406 0.928827 0.391421 0.927183 0.406821 0.949310 0.389178 0.963663 0.383497 0.952450 0.365406 0.928827
0 0.341650 0.999007 0.318460 0.976671 0.334158 0.956786 0.340438 0.963215 0.347465 0.957384 0.345521 0.953945 0.355987 0.945273 0.369293 0.951254 0.374975 0.947367 0.382301 0.950955 0.389178 0.963663 0.376470 0.978614 0.374377 0.977418 0.354515 0.999007 0.341650 0.999007
4 0.317857 0.999007 0.329314 0.990330 0.336777 0.999007 0.317857 0.999007
4 0.363278 0.999007 0.379128 0.985123 0.388388 0.999007 0.363278 0.999007
0 0.392877 0.999007 0.380354 0.978195 0.411984 0.959451 0.434954 0.999008 0.392877 0.999007
0 0.439324 0.999008 0.400776 0.934652 0.407030 0.929517 0.431279 0.922020 0.453420 0.914757 0.457286 0.921668 0.451780 0.924128 0.454826 0.930689 0.448734 0.934203 0.463903 0.963545 0.492177 0.950299 0.501718 0.968426 0.488170 0.977776 0.489697 0.980066 0.450430 0.999008 0.439324 0.999008
0 0.495301 0.945147 0.524755 0.924664 0.520867 0.917936 0.529390 0.913002 0.541649 0.932439 0.539855 0.934083 0.543294 0.940064 0.535071 0.945596 0.536865 0.948287 0.508608 0.965182 0.495301 0.945147
0 0.530138 0.889992 0.566021 0.880733 0.569460 0.900757 0.536119 0.911372 0.530138 0.889992
0 0.521216 0.999008 0.531651 0.995953 0.528019 0.984824 0.543717 0.979435 0.545591 0.985175 0.571363 0.978381 0.575279 0.991951 0.581195 0.990745 0.584432 0.999008 0.521216 0.999008
0 0.592183 0.999007 0.588067 0.980447 0.614979 0.977756 0.619861 0.999007 0.592183 0.999007
0 0.587539 0.914665 0.621777 0.899864 0.626561 0.905695 0.628505 0.904797 0.644054 0.926178 0.608321 0.944567 0.587539 0.914665
0 0.572546 0.876326 0.616816 0.853809 0.627502 0.867930 0.620633 0.872891 0.625785 0.883386 0.617961 0.888347 0.618724 0.894644 0.608993 0.898842 0.607275 0.893499 0.578271 0.901514 0.572546 0.876326
0 0.565435 0.858153 0.572761 0.855312 0.573359 0.849930 0.577545 0.846790 0.583376 0.846491 0.587413 0.848435 0.589357 0.853368 0.587712 0.856209 0.592197 0.864432 0.569173 0.873253 0.565435 0.858153
0 0.656541 0.889226 0.671616 0.896095 0.664937 0.922046 0.664746 0.937502 0.648145 0.935213 0.647382 0.916703 0.656541 0.889226
0 0.622970 0.973546 0.639722 0.972961 0.639722 0.981395 0.623439 0.982098 0.622970 0.973546
0 0.668368 0.953785 0.696476 0.955430 0.695130 0.977109 0.666574 0.975016 0.668368 0.953785
0 0.775335 0.939677 0.795673 0.943803 0.808825 0.948947 0.795070 0.985427 0.765019 0.976157 0.764720 0.967336 0.775335 0.939677
0 0.687418 0.886479 0.708387 0.888002 0.724687 0.929489 0.709831 0.931438 0.697654 0.929733 0.698722 0.912455 0.695284 0.907970 0.695433 0.896009 0.687509 0.894663 0.687418 0.886479
0 0.718400 0.948949 0.729086 0.955627 0.716874 0.978335 0.705807 0.972610 0.718400 0.948949
4 0.849868 0.999004 0.853929 0.986654 0.887829 0.999003 0.849868 0.999004
0 0.928854 0.910025 0.921825 0.931814 0.904839 0.926073 0.904487 0.927831 0.877192 0.919279 0.883050 0.897139 0.928854 0.910025
0 0.892900 0.883157 0.898171 0.870037 0.893486 0.868280 0.899929 0.848365 0.930504 0.856565 0.927809 0.865234 0.937415 0.867226 0.932027 0.883392 0.926404 0.882103 0.923006 0.892178 0.892900 0.883157
0 0.947953 0.727836 0.964399 0.719613 0.959914 0.707353 0.973071 0.701821 0.978154 0.704961 0.981742 0.712437 0.987573 0.709895 0.994451 0.729481 0.990563 0.732172 0.991610 0.742339 0.982490 0.745479 0.983835 0.754748 0.959166 0.761327 0.956774 0.752805 0.947953 0.727836
4 0.999011 0.656283 0.989960 0.661405 0.970225 0.650790 0.980691 0.630157 0.992950 0.627017 0.999011 0.630628 0.999011 0.656283
0 0.484889 0.493354 0.505404 0.507030 0.484889 0.536558 0.463132 0.523504 0.484889 0.493354
0 0.688860 0.660487 0.704316 0.653809 0.703935 0.652473 0.740762 0.640833 0.761752 0.703612 0.726833 0.714298 0.720727 0.711054 0.706988 0.696743 0.708323 0.694835 0.692295 0.670792 0.688860 0.660487
0 0.684853 0.658198 0.693630 0.683004 0.666344 0.690637 0.658902 0.666403 0.684853 0.658198
0 0.652048 0.669152 0.664225 0.701786 0.659841 0.702760 0.678350 0.755121 0.655457 0.761696 0.637922 0.714450 0.602610 0.724435 0.593948 0.704563 0.588223 0.704754 0.583071 0.688916 0.652048 0.669152
0 0.593948 0.704563 0.603039 0.726938 0.591018 0.732090 0.596361 0.746020 0.564876 0.755752 0.551519 0.718522 0.593948 0.704563
0 0.544649 0.697934 0.567357 0.690580 0.571554 0.702323 0.548275 0.708620 0.544649 0.697934
0 0.511326 0.710266 0.526620 0.763046 0.502577 0.770488 0.504676 0.777929 0.495496 0.780161 0.484050 0.767741 0.480641 0.750937 0.472604 0.753616 0.471630 0.749476 0.460427 0.751911 0.453608 0.729506 0.463593 0.721956 0.511326 0.710266
0 0.559209 0.762495 0.564552 0.790163 0.538028 0.796651 0.533449 0.768219 0.559209 0.762495
0 0.566269 0.770318 0.580199 0.767456 0.581725 0.777760 0.598136 0.775089 0.599281 0.782721 0.568750 0.787683 0.566269 0.770318
0 0.529343 0.788355 0.534114 0.803620 0.507590 0.814688 0.512361 0.832625 0.487936 0.841402 0.479158 0.807627 0.488127 0.804574 0.487173 0.799995 0.529343 0.788355
0 0.447076 0.755453 0.472085 0.755638 0.471382 0.766767 0.479465 0.769578 0.481925 0.784573 0.491883 0.786447 0.493253 0.796670 0.486196 0.799995 0.484476 0.804303 0.475889 0.806211 0.478370 0.812889 0.462723 0.815370 0.460433 0.812699 0.454136 0.813653 0.451331 0.805861 0.444404 0.806020 0.445358 0.792472 0.432383 0.793044 0.430856 0.776252 0.428439 0.775906 0.428757 0.768429 0.443450 0.767093 0.445549 0.774153 0.446503 0.774153 0.446503 0.769001 0.447076 0.755453
0 0.522519 0.831052 0.542853 0.825969 0.547039 0.837631 0.525360 0.845106 0.523715 0.841369 0.525809 0.841070 0.522519 0.831052
0 0.460921 0.871869 0.495906 0.860805 0.499495 0.872317 0.499943 0.881437 0.464808 0.892352 0.460921 0.871869
0 0.533703 0.845672 0.550689 0.839697 0.559124 0.863712 0.533117 0.872029 0.527612 0.855981 0.536163 0.852818 0.533703 0.845672
0 0.950658 0.391796 0.958282 0.409162 0.955317 0.410433 0.918466 0.429494 0.910647 0.413066 0.950658 0.391796
