0 0.944764 0.050675 0.975118 0.043930 0.983212 0.082603 0.971521 0.085526 0.968822 0.078331 0.954657 0.081928 0.944764 0.050675
0 0.955175 0.114851 0.978333 0.111028 0.982381 0.140483 0.958547 0.143181 0.955175 0.114851
0 0.903236 0.121596 0.932466 0.110804 0.934040 0.108105 0.948430 0.104283 0.950678 0.115525 0.944158 0.118673 0.949329 0.128791 0.950453 0.143181 0.916727 0.154873 0.903236 0.121596
0 0.995067 0.366832 0.928133 0.347941 0.925747 0.365838 0.881004 0.355100 0.885180 0.336606 0.707167 0.288888 0.709462 0.280567 0.641694 0.263124 0.653847 0.206565 0.722073 0.226737 0.729764 0.209523 0.747710 0.208425 0.806675 0.223807 0.811436 0.209890 0.855386 0.220877 0.851357 0.232597 0.898602 0.244683 0.900800 0.230765 0.931879 0.237048 0.994378 0.256201 0.995067 0.366832
0 0.963594 0.496200 0.972726 0.509059 0.951371 0.522224 0.941785 0.509687 0.963594 0.496200
0 0.951150 0.606242 0.967564 0.596349 0.972735 0.607816 0.951150 0.621531 0.945979 0.612538 0.951375 0.609839 0.951150 0.606242
0 0.892120 0.531487 0.928851 0.530339 0.930286 0.544400 0.891259 0.546696 0.892120 0.531487
0 0.792405 0.541924 0.822249 0.527576 0.829997 0.542498 0.862997 0.527863 0.869310 0.538481 0.801301 0.566890 0.792405 0.541924
0 0.779262 0.485474 0.788158 0.481457 0.791315 0.486622 0.809106 0.479161 0.827185 0.508431 0.824315 0.514170 0.825750 0.519623 0.818863 0.522205 0.815132 0.513883 0.812263 0.516179 0.814845 0.529092 0.800497 0.532536 0.779262 0.485474
4 0.997469 0.752298 0.982105 0.756381 0.976467 0.722205 0.997262 0.719091 0.997469 0.752298
0 0.997716 0.791967 0.982774 0.794259 0.984359 0.799368 0.973437 0.801482 0.967447 0.776114 0.976960 0.773295 0.997578 0.769827 0.997716 0.791967
0 0.436254 0.934573 0.474252 0.922432 0.479424 0.940869 0.441651 0.954360 0.436254 0.934573
0 0.359466 0.976558 0.343832 0.982546 0.340182 0.974544 0.356387 0.968623 0.359466 0.976558
0 0.368208 0.960984 0.366508 0.975792 0.359570 0.974389 0.361277 0.959999 0.368208 0.960984
0 0.463009 0.540178 0.503208 0.526155 0.507415 0.537841 0.506947 0.548591 0.471423 0.561212 0.463009 0.540178
0 0.421408 0.489228 0.430756 0.485021 0.431224 0.479412 0.445247 0.473335 0.458802 0.525220 0.431691 0.533634 0.421408 0.489228
0 0.452618 0.326469 0.464085 0.323547 0.472854 0.353001 0.462961 0.356598 0.452618 0.326469
0 0.447334 0.278988 0.477238 0.273142 0.482634 0.280562 0.487356 0.299448 0.476564 0.301472 0.476564 0.305070 0.459925 0.307992 0.456778 0.301922 0.448683 0.300123 0.447334 0.278988
0 0.160933 0.269436 0.207134 0.257383 0.205986 0.252218 0.217751 0.248201 0.224638 0.282636 0.173559 0.296984 0.160933 0.269436
0 0.394998 0.243294 0.418382 0.236773 0.424003 0.250713 0.405116 0.259932 0.394998 0.243294
0 0.421080 0.205745 0.450309 0.198550 0.458853 0.225081 0.429174 0.233401 0.421080 0.205745
0 0.368447 0.248301 0.344865 0.252732 0.334972 0.227775 0.359395 0.223193 0.368447 0.248301
0 0.385786 0.225976 0.385561 0.245088 0.369535 0.247875 0.361439 0.223105 0.357905 0.208888 0.372745 0.204392 0.385786 0.225976
0 0.313865 0.210489 0.334325 0.203069 0.338822 0.217684 0.316338 0.227352 0.313865 0.210489
0 0.373770 0.180983 0.397024 0.164599 0.406890 0.180455 0.385221 0.194372 0.373770 0.180983
0 0.396961 0.150022 0.434266 0.127639 0.447753 0.148874 0.420492 0.166091 0.413031 0.155761 0.401265 0.162361 0.396961 0.150022
0 0.401839 0.129073 0.417335 0.121325 0.419344 0.110995 0.431396 0.102099 0.442014 0.121325 0.410161 0.140265 0.401839 0.129073
0 0.350346 0.137375 0.389019 0.125458 0.393291 0.137150 0.403409 0.134677 0.406107 0.144570 0.393741 0.151989 0.392841 0.160758 0.371706 0.166155 0.372830 0.155362 0.363837 0.157835 0.363612 0.153788 0.350796 0.156037 0.350346 0.137375
0 0.384909 0.113586 0.394802 0.109089 0.401772 0.121006 0.397950 0.126177 0.400423 0.133372 0.393291 0.137150 0.384909 0.113586
0 0.406649 0.102942 0.423962 0.094173 0.428009 0.103616 0.419344 0.110995 0.412720 0.116432 0.406649 0.102942
0 0.351486 0.117082 0.382844 0.107040 0.383020 0.123600 0.357476 0.131175 0.351486 0.117082
0 0.379215 0.064223 0.401250 0.049833 0.414291 0.070069 0.387535 0.085358 0.379215 0.064223
0 0.383464 0.041532 0.389647 0.049569 0.364969 0.061909 0.355187 0.041788 0.383464 0.041532
0 0.345048 0.041880 0.346532 0.066522 0.344701 0.084102 0.313204 0.076777 0.326389 0.042716 0.328291 0.042031 0.345048 0.041880
0 0.313910 0.093023 0.331447 0.081781 0.343139 0.093697 0.323353 0.106513 0.313910 0.093023
0 0.350346 0.137375 0.342015 0.140015 0.336348 0.123887 0.346592 0.117617 0.350346 0.137375
0 0.346494 0.117109 0.336182 0.123418 0.336169 0.123377 0.321779 0.127649 0.319531 0.111685 0.343364 0.100668 0.346494 0.117109
0 0.315933 0.134843 0.336619 0.129672 0.345388 0.152156 0.319756 0.160251 0.315933 0.134843
0 0.272790 0.084212 0.284032 0.068248 0.310114 0.086685 0.296399 0.101974 0.272790 0.084212
0 0.670351 0.513770 0.680846 0.510335 0.684090 0.519113 0.672450 0.522547 0.669778 0.513960 0.670351 0.513770
0 0.570536 0.409013 0.579547 0.403411 0.587097 0.419241 0.578086 0.424599 0.570536 0.409013
1 0.432714 0.574427 0.419806 0.552508 0.454632 0.540088 0.464617 0.562006 0.432714 0.574427
1 0.471423 0.561212 0.464617 0.562006 0.454632 0.540088 0.463009 0.540178 0.471423 0.561212
0 0.412078 0.370190 0.424863 0.370763 0.425053 0.388700 0.411696 0.389081 0.412078 0.370190
0 0.362536 0.086776 0.376466 0.080670 0.380664 0.090020 0.367306 0.095554 0.362536 0.086776
0 0.896145 0.913445 0.904501 0.913575 0.904501 0.919190 0.896667 0.919320 0.896145 0.913445
0 0.957286 0.519584 0.977143 0.506555 0.989233 0.521880 0.984160 0.526270 0.990892 0.533881 0.974988 0.544810 0.957286 0.519584
0 0.253818 0.056414 0.267869 0.047730 0.272553 0.055439 0.258697 0.064220 0.253818 0.056414
0 0.455321 0.069466 0.462356 0.071717 0.458979 0.082128 0.452085 0.079033 0.455321 0.069466
