0 0.475488 0.494099 0.466044 0.491176 0.462896 0.484881 0.465145 0.476112 0.458400 0.454977 0.487179 0.445983 0.497297 0.468467 0.501120 0.467793 0.504717 0.484206 0.475488 0.494099
0 0.480676 0.573823 0.476647 0.543791 0.518033 0.538664 0.519131 0.555877 0.503749 0.556609 0.503749 0.568695 0.480676 0.573823
0 0.478129 0.653775 0.478990 0.626514 0.497643 0.627088 0.496134 0.655760 0.478129 0.653775
0 0.460802 0.676692 0.464532 0.661483 0.485194 0.665214 0.480889 0.680423 0.460802 0.676692
0 0.473845 0.696790 0.480889 0.680423 0.496918 0.681041 0.490326 0.702283 0.473845 0.696790
0 0.490544 0.710604 0.509589 0.710970 0.513500 0.719739 0.494573 0.721225 0.493474 0.715731 0.489079 0.715365 0.490544 0.710604
0 0.433086 0.741054 0.438482 0.723067 0.442305 0.723516 0.444553 0.714298 0.472209 0.712949 0.458269 0.750947 0.433086 0.741054
0 0.492652 0.749194 0.490086 0.759608 0.470531 0.751805 0.473776 0.745144 0.483992 0.751541 0.485334 0.746878 0.492652 0.749194
0 0.376939 0.710858 0.390713 0.685892 0.410513 0.698231 0.397600 0.718032 0.390713 0.712579 0.386408 0.719467 0.376939 0.710858
0 0.347106 0.826883 0.361755 0.831278 0.361023 0.839335 0.345641 0.834574 0.347106 0.826883
0 0.361914 0.848391 0.364834 0.837683 0.372621 0.839738 0.370242 0.850229 0.361914 0.848391
0 0.317249 0.932465 0.316962 0.913813 0.350249 0.914100 0.350536 0.929596 0.332171 0.931031 0.331597 0.934474 0.317249 0.932465
0 0.405471 0.940342 0.404738 0.914339 0.424149 0.913606 0.424881 0.943638 0.405471 0.940342
0 0.151842 0.950058 0.156603 0.922956 0.190297 0.925886 0.185902 0.954086 0.151842 0.950058
0 0.162668 0.879171 0.162301 0.856464 0.192699 0.858661 0.192699 0.879903 0.162668 0.879171
0 0.189406 0.845232 0.189935 0.835367 0.186587 0.835543 0.187997 0.822507 0.208785 0.824092 0.206847 0.847523 0.189406 0.845232
4 0.000010 0.858433 0.007979 0.857817 0.007405 0.885939 0.000010 0.885962 0.000010 0.858433
0 0.422946 0.999008 0.399219 0.984995 0.408888 0.966783 0.438791 0.981397 0.449134 0.965659 0.467122 0.976001 0.454404 0.999008 0.422946 0.999008
0 0.503910 0.949917 0.505143 0.938819 0.529630 0.941285 0.527693 0.954674 0.503910 0.949917
0 0.503543 0.929036 0.503957 0.919373 0.510859 0.919925 0.510859 0.929312 0.503543 0.929036
0 0.487710 0.963817 0.489472 0.956242 0.499513 0.958180 0.497928 0.966460 0.487710 0.963817
0 0.501804 0.964522 0.504270 0.956418 0.522239 0.960999 0.520125 0.970336 0.501804 0.964522
0 0.625817 0.945746 0.617723 0.970928 0.653248 0.990040 0.668312 0.972727 0.680004 0.982845 0.665176 0.999007 0.643553 0.999007 0.598154 0.974316 0.613457 0.945332 0.614350 0.945971 0.616599 0.941025 0.625817 0.945746
0 0.615699 0.928658 0.612776 0.944847 0.613057 0.945049 0.597725 0.974082 0.597712 0.974076 0.585121 0.969579 0.584896 0.974076 0.562637 0.968455 0.572305 0.919215 0.615699 0.928658
0 0.581654 0.995329 0.553774 0.984087 0.553774 0.982288 0.538485 0.979590 0.541857 0.966774 0.558046 0.969022 0.588399 0.975093 0.588175 0.984087 0.581654 0.995329
0 0.850557 0.994853 0.837738 0.957863 0.849824 0.953468 0.854219 0.965920 0.854219 0.966286 0.882054 0.964821 0.883152 0.989360 0.850557 0.994853
0 0.860214 0.943297 0.849586 0.941640 0.851242 0.930183 0.858696 0.930459 0.859524 0.920797 0.875398 0.921901 0.873741 0.937085 0.864079 0.935705 0.860214 0.943297
0 0.929539 0.900110 0.923513 0.868257 0.936139 0.867109 0.936713 0.872274 0.946757 0.873422 0.947905 0.881457 0.952783 0.881170 0.954218 0.897814 0.929539 0.900110
0 0.879806 0.825089 0.872115 0.788098 0.905077 0.780773 0.914965 0.815566 0.879806 0.825089
0 0.814326 0.813086 0.814692 0.787082 0.846921 0.786350 0.848020 0.812353 0.814326 0.813086
0 0.848964 0.777296 0.827722 0.769238 0.831751 0.752025 0.855190 0.759716 0.848964 0.777296
0 0.820144 0.759470 0.783987 0.749714 0.789726 0.727331 0.805509 0.731635 0.803213 0.745122 0.823301 0.750288 0.820144 0.759470
0 0.822449 0.745660 0.831239 0.715628 0.848819 0.721854 0.847354 0.726249 0.856144 0.730644 0.848453 0.755548 0.836212 0.749641 0.835660 0.751849 0.822449 0.745660
0 0.855457 0.728099 0.855682 0.723152 0.849044 0.722079 0.850061 0.713934 0.867599 0.714158 0.866250 0.730572 0.855457 0.728099
0 0.841571 0.661945 0.855957 0.638530 0.863180 0.643111 0.866527 0.639059 0.880621 0.647339 0.886434 0.638530 0.902642 0.644520 0.907927 0.650686 0.871460 0.710760 0.849439 0.698956 0.854724 0.689443 0.838516 0.680459 0.846620 0.666013 0.841571 0.661945
0 0.905467 0.699139 0.947068 0.628557 0.966700 0.640710 0.927436 0.712694 0.905467 0.699139
0 0.893313 0.725677 0.910527 0.711393 0.923711 0.723479 0.906498 0.738129 0.893313 0.725677
0 0.284004 0.525233 0.299020 0.502892 0.329052 0.523768 0.326854 0.528895 0.327587 0.530360 0.320628 0.539883 0.318797 0.538051 0.314768 0.545743 0.284004 0.525233
0 0.251462 0.479459 0.270402 0.442441 0.283889 0.456215 0.269541 0.486059 0.251462 0.479459
0 0.735391 0.206925 0.745280 0.191909 0.771283 0.208756 0.764691 0.218645 0.758831 0.215349 0.754436 0.220110 0.735391 0.206925
0 0.793358 0.199342 0.814880 0.179829 0.838411 0.200490 0.817750 0.220290 0.811437 0.220003 0.793358 0.199342
0 0.792449 0.113280 0.816267 0.091471 0.837502 0.119019 0.811388 0.139393 0.792449 0.113280
0 0.659608 0.043529 0.689028 0.013052 0.699246 0.017808 0.702240 0.026617 0.682333 0.047052 0.682862 0.049167 0.678105 0.056389 0.675110 0.054804 0.668945 0.060794 0.659608 0.051985 0.662250 0.047405 0.659608 0.043529
0 0.592361 0.047975 0.627154 0.020873 0.639973 0.027832 0.638874 0.036988 0.640339 0.042115 0.605912 0.061892 0.603715 0.059329 0.589797 0.067386 0.586135 0.061160 0.598954 0.052004 0.592361 0.047975
0 0.612864 0.060485 0.625842 0.051616 0.630817 0.057997 0.616649 0.066866 0.612864 0.060485
0 0.593783 0.077275 0.599299 0.073814 0.598325 0.072408 0.610979 0.065486 0.618334 0.078032 0.600813 0.087874 0.593783 0.077275
0 0.608512 0.086572 0.623005 0.077738 0.632253 0.091956 0.635014 0.090575 0.641916 0.099686 0.618588 0.123289 0.608926 0.111832 0.610030 0.108244 0.619140 0.100790 0.608512 0.086572
0 0.576182 0.114089 0.567026 0.093579 0.571787 0.090649 0.573984 0.092480 0.585704 0.086620 0.582042 0.080394 0.587535 0.076365 0.599836 0.087874 0.610609 0.097241 0.607949 0.111832 0.576182 0.114089
0 0.536973 0.100109 0.560504 0.090353 0.566855 0.093866 0.567391 0.107283 0.543573 0.114744 0.536973 0.100109
0 0.458892 0.137368 0.460357 0.126747 0.457060 0.126381 0.461822 0.111365 0.483430 0.116858 0.484895 0.108069 0.499545 0.110632 0.507968 0.110632 0.518589 0.135537 0.509433 0.139199 0.505404 0.131508 0.498812 0.131508 0.498812 0.126381 0.494783 0.126747 0.496615 0.135537 0.492586 0.134072 0.489290 0.142862 0.458892 0.137368
0 0.565505 0.142292 0.566377 0.141758 0.571944 0.150464 0.574376 0.154980 0.582617 0.167344 0.551731 0.178162 0.548000 0.161806 0.547441 0.161846 0.550270 0.156428 0.560925 0.154332 0.561473 0.148493 0.555693 0.141641 0.564070 0.138849 0.565505 0.142292
0 0.560967 0.148651 0.560473 0.153924 0.549946 0.155994 0.546865 0.161895 0.529061 0.163240 0.526765 0.144588 0.546853 0.142579 0.552879 0.142579 0.555195 0.141807 0.560967 0.148651
0 0.611132 0.133970 0.593914 0.146597 0.598505 0.153484 0.585305 0.166397 0.583096 0.167178 0.574795 0.154728 0.572365 0.150216 0.566797 0.141514 0.599653 0.121631 0.611132 0.133970
0 0.536525 0.189998 0.547879 0.185237 0.557035 0.179743 0.585602 0.187434 0.582672 0.211606 0.549344 0.209409 0.552274 0.198788 0.545315 0.198788 0.544949 0.210141 0.532863 0.208310 0.536525 0.189998
0 0.502710 0.186535 0.498438 0.169672 0.488994 0.164951 0.480450 0.154383 0.497538 0.148312 0.517999 0.150561 0.523620 0.187660 0.502710 0.186535
0 0.488018 0.164951 0.489226 0.182455 0.486079 0.187852 0.462695 0.181106 0.451903 0.189425 0.438187 0.177734 0.441560 0.173911 0.439761 0.165817 0.460671 0.157498 0.482931 0.159297 0.488018 0.164951
4 0.299691 0.000007 0.301278 0.009073 0.283066 0.016942 0.270025 0.020764 0.264404 0.015818 0.249565 0.017841 0.248858 0.000006 0.299691 0.000007
0 0.256284 0.059031 0.255403 0.044233 0.258574 0.043881 0.258750 0.038948 0.271434 0.037539 0.275838 0.038067 0.277776 0.059207 0.256284 0.059031
0 0.248824 0.075517 0.249048 0.065849 0.260515 0.065400 0.261190 0.076866 0.248824 0.075517
0 0.250375 0.087130 0.271868 0.085368 0.273453 0.096467 0.248789 0.098581 0.250375 0.087130
0 0.211864 0.109331 0.212216 0.091186 0.231947 0.091362 0.232299 0.107394 0.223315 0.106865 0.223843 0.110036 0.211864 0.109331
0 0.411967 0.326015 0.432203 0.322418 0.433102 0.326240 0.437599 0.325116 0.441421 0.342204 0.419162 0.346926 0.411967 0.326015
0 0.038564 0.758691 0.040908 0.764385 0.030227 0.782837 0.009757 0.773628 0.023247 0.750919 0.038564 0.758691
0 0.060346 0.756765 0.054725 0.770705 0.040908 0.764385 0.038564 0.758691 0.043483 0.747546 0.060346 0.756765
0 0.182596 0.230435 0.180587 0.216374 0.202970 0.214365 0.203544 0.210921 0.234536 0.207191 0.236545 0.225556 0.183744 0.233017 0.182596 0.230435
0 0.517714 0.997694 0.523653 0.986381 0.534683 0.990624 0.534401 0.992886 0.536946 0.995432 0.533404 0.999008 0.526091 0.999008 0.517714 0.997694
0 0.205026 0.926746 0.230376 0.925530 0.231418 0.945498 0.205200 0.946192 0.205026 0.926746
0 0.249822 0.926398 0.268401 0.928656 0.264581 0.948970 0.246350 0.946192 0.249822 0.926398
0 0.319461 0.940805 0.336477 0.944451 0.332483 0.956084 0.323975 0.954001 0.321024 0.961293 0.308349 0.959383 0.311474 0.949486 0.316857 0.949313 0.319461 0.940805
1 0.382358 0.398295 0.399327 0.395467 0.402156 0.406215 0.394237 0.417810 0.381227 0.411871 0.383489 0.406215 0.382358 0.398295
0 0.927746 0.920689 0.941431 0.920689 0.942409 0.940240 0.928724 0.941217 0.927746 0.920689
