0 0.053020 0.999001 0.068831 0.989609 0.075859 0.999001 0.053020 0.999001
0 0.148877 0.949845 0.124761 0.977961 0.132012 0.985212 0.127051 0.990555 0.135267 0.999002 0.111376 0.999002 0.101951 0.990200 0.105283 0.976103 0.115268 0.959542 0.128306 0.945395 0.142739 0.940450 0.148877 0.949845
0 0.133453 0.915858 0.134279 0.929531 0.122877 0.940816 0.112946 0.927932 0.121076 0.921610 0.118799 0.918210 0.111350 0.906321 0.124520 0.899707 0.133453 0.915858
0 0.085740 0.894794 0.084843 0.878946 0.099012 0.876255 0.099461 0.878739 0.121323 0.876255 0.125808 0.897934 0.105325 0.901671 0.105475 0.906904 0.099837 0.907360 0.098897 0.899429 0.092169 0.900326 0.092169 0.894196 0.085740 0.894794
0 0.161123 0.894895 0.164548 0.898063 0.172280 0.905443 0.173907 0.906917 0.153775 0.924704 0.145191 0.925857 0.136884 0.915140 0.161123 0.894895
0 0.164548 0.898063 0.171225 0.890449 0.179191 0.897595 0.172280 0.905443 0.164548 0.898063
0 0.181505 0.853627 0.194893 0.862881 0.185053 0.877879 0.184697 0.880960 0.192234 0.886218 0.183407 0.896814 0.173217 0.888574 0.177200 0.883420 0.175911 0.880257 0.167950 0.873190 0.181505 0.853627
0 0.236588 0.855182 0.256921 0.855032 0.258117 0.893307 0.244213 0.894503 0.243764 0.881495 0.236588 0.882392 0.236588 0.855182
0 0.214366 0.824357 0.228248 0.824600 0.228004 0.833855 0.213879 0.833611 0.214366 0.824357
0 0.123266 0.819322 0.177349 0.819322 0.177349 0.835174 0.145024 0.835174 0.144713 0.841080 0.123577 0.842012 0.123266 0.819322
0 0.089207 0.828648 0.108328 0.825587 0.110504 0.842647 0.107396 0.843304 0.108950 0.850453 0.098071 0.852617 0.096493 0.845618 0.092166 0.847034 0.089207 0.828648
0 0.132747 0.761749 0.143554 0.761523 0.142922 0.752888 0.135265 0.752645 0.135012 0.747685 0.141948 0.748261 0.141461 0.732188 0.173608 0.733235 0.174088 0.746438 0.152420 0.745826 0.152907 0.764822 0.163623 0.764091 0.165571 0.777486 0.158509 0.777729 0.159154 0.790962 0.134886 0.791367 0.132747 0.761749
0 0.076292 0.763315 0.087236 0.764383 0.108351 0.767045 0.107418 0.779789 0.074782 0.775748 0.076292 0.763315
0 0.079167 0.740143 0.090925 0.739714 0.100127 0.739296 0.109078 0.738861 0.110071 0.749704 0.088747 0.750656 0.077496 0.750904 0.079167 0.740143
0 0.091980 0.657444 0.102657 0.656699 0.102992 0.668148 0.092362 0.668511 0.091980 0.657444
0 0.079167 0.740143 0.080204 0.712911 0.091180 0.712911 0.090925 0.739714 0.079167 0.740143
0 0.100127 0.739296 0.099358 0.729675 0.108209 0.729483 0.109078 0.738861 0.100127 0.739296
0 0.076292 0.763315 0.077496 0.750904 0.088747 0.750656 0.087236 0.764383 0.076292 0.763315
0 0.185585 0.931045 0.193734 0.931202 0.193578 0.937940 0.185429 0.937627 0.185585 0.931045
0 0.271201 0.828398 0.288559 0.822527 0.290091 0.829419 0.308470 0.823038 0.311278 0.834525 0.295452 0.840396 0.273243 0.846012 0.271201 0.828398
4 0.247655 0.840032 0.253548 0.839909 0.253671 0.847522 0.247777 0.847522 0.247655 0.840032
0 0.202518 0.840489 0.218200 0.840777 0.218296 0.837314 0.224261 0.837410 0.223780 0.849340 0.201749 0.848666 0.202518 0.840489
0 0.123577 0.842012 0.144713 0.841080 0.144066 0.853999 0.122947 0.853753 0.123577 0.842012
0 0.058991 0.879901 0.067191 0.871900 0.078992 0.882101 0.070591 0.890301 0.058991 0.879901
0 0.111350 0.906321 0.118799 0.918210 0.105831 0.926818 0.093751 0.912562 0.111350 0.906321
0 0.052457 0.700393 0.059823 0.676729 0.079255 0.682998 0.072203 0.706661 0.052457 0.700393
0 0.142922 0.752888 0.143554 0.761523 0.132747 0.761749 0.126807 0.762110 0.126494 0.752707 0.135265 0.752645 0.142922 0.752888
