0 0.550809 0.402018 0.572996 0.366325 0.615200 0.392853 0.591083 0.430716 0.578784 0.421552 0.574684 0.423722 0.563349 0.416246 0.564314 0.412388 0.550809 0.402018
0 0.677936 0.456033 0.650443 0.427817 0.661295 0.417688 0.659607 0.413589 0.671183 0.403942 0.703499 0.438187 0.684447 0.455551 0.677936 0.456033
0 0.832019 0.305762 0.806697 0.290328 0.821408 0.264041 0.853000 0.284058 0.841424 0.304557 0.832019 0.305762
0 0.876083 0.347425 0.856431 0.333253 0.864178 0.322672 0.860777 0.309255 0.882507 0.301130 0.889310 0.314546 0.906694 0.328718 0.891577 0.349882 0.880618 0.342512 0.876083 0.347425
0 0.882902 0.392850 0.867914 0.381354 0.874899 0.372607 0.890083 0.383969 0.882902 0.392850
0 0.997613 0.340511 0.986805 0.333849 0.994800 0.321116 0.999010 0.320037 0.999010 0.338085 0.997613 0.340511
0 0.629027 0.112936 0.633373 0.096307 0.648111 0.097630 0.648867 0.103110 0.655859 0.109157 0.651891 0.121061 0.643387 0.123706 0.635640 0.120305 0.629027 0.112936
0 0.695611 0.104555 0.703458 0.079830 0.730848 0.091230 0.733957 0.089898 0.742692 0.091970 0.733069 0.128096 0.720188 0.130760 0.720188 0.117732 0.695611 0.104555
0 0.732876 0.000006 0.729984 0.007327 0.721349 0.007599 0.720531 0.018325 0.699625 0.019688 0.692718 0.018688 0.694626 0.003600 0.696214 0.000007 0.732876 0.000006
0 0.989723 0.000001 0.995497 0.003534 0.988538 0.011529 0.979951 0.007384 0.977138 0.010493 0.958788 0.000001 0.989723 0.000001
0 0.936322 0.042553 0.950822 0.014596 0.962075 0.016800 0.987711 0.032113 0.972515 0.062390 0.936322 0.042553
0 0.646550 0.429551 0.654932 0.434732 0.642893 0.451953 0.638778 0.443419 0.646550 0.429551
0 0.855479 0.307135 0.861002 0.310817 0.854071 0.320565 0.860894 0.325113 0.855912 0.332261 0.842265 0.323056 0.854071 0.305943 0.855479 0.307135
0 0.849323 0.341498 0.857446 0.347672 0.850189 0.356444 0.842499 0.350271 0.849323 0.341498
0 0.897741 0.345888 0.911914 0.356860 0.905209 0.366918 0.890426 0.355489 0.897741 0.345888
0 0.486727 0.999008 0.471284 0.994314 0.469150 0.995838 0.463969 0.995533 0.462597 0.994162 0.462140 0.992181 0.463054 0.990047 0.456197 0.986390 0.449034 0.981208 0.454825 0.969778 0.463816 0.980294 0.477684 0.987609 0.487285 0.986542 0.493838 0.987913 0.486847 0.999008 0.486727 0.999008
0 0.420724 0.999008 0.424646 0.989533 0.435043 0.993324 0.433015 0.999008 0.420724 0.999008
