1 0.643117 0.482181 0.662826 0.479076 0.664021 0.489946 0.668321 0.489349 0.669516 0.500099 0.664499 0.500577 0.665054 0.507954 0.659212 0.508411 0.646342 0.509058 0.643117 0.482181
0 0.599150 0.497581 0.615248 0.496739 0.616558 0.516019 0.600460 0.517330 0.599150 0.497581
0 0.610750 0.476991 0.614017 0.493934 0.597459 0.496163 0.599518 0.512448 0.587257 0.513759 0.583915 0.496010 0.577336 0.496818 0.574645 0.482592 0.610750 0.476991
0 0.558716 0.501612 0.581359 0.497392 0.584828 0.514622 0.562085 0.519208 0.558716 0.501612
0 0.587841 0.543990 0.616387 0.544177 0.615919 0.562709 0.586999 0.562054 0.587841 0.543990
0 0.663428 0.567480 0.662538 0.573344 0.668154 0.574063 0.666601 0.588174 0.662000 0.587781 0.662358 0.582166 0.654235 0.581330 0.653218 0.588706 0.629748 0.585658 0.633277 0.563523 0.663428 0.567480
0 0.671487 0.562414 0.673730 0.547046 0.693530 0.549540 0.691515 0.565505 0.671487 0.562414
0 0.732340 0.537892 0.731973 0.550138 0.702200 0.549698 0.702347 0.537525 0.732340 0.537892
0 0.745593 0.519829 0.745666 0.535156 0.718386 0.535742 0.718594 0.520196 0.736688 0.520022 0.745593 0.519829
0 0.750396 0.526376 0.764696 0.503790 0.783103 0.515670 0.769023 0.537450 0.750396 0.526376
0 0.764624 0.540413 0.764744 0.555095 0.739061 0.556301 0.739225 0.541130 0.764624 0.540413
0 0.806244 0.548642 0.790394 0.549219 0.790367 0.551870 0.784989 0.552182 0.784924 0.555783 0.769243 0.556384 0.769362 0.539183 0.775932 0.539183 0.775813 0.535121 0.805855 0.534905 0.806244 0.548642
0 0.718494 0.497570 0.736208 0.497532 0.736688 0.520022 0.718594 0.520196 0.718494 0.497570
0 0.717777 0.576845 0.740592 0.575770 0.741787 0.598466 0.718972 0.599183 0.717777 0.576845
0 0.653154 0.542985 0.667755 0.541955 0.668691 0.553748 0.653996 0.554684 0.653154 0.542985
3 0.642523 0.540564 0.642881 0.556451 0.623052 0.557406 0.622455 0.541544 0.642523 0.540564
4 0.561964 0.525210 0.603409 0.517816 0.606522 0.534355 0.564105 0.541748 0.561964 0.525210
0 0.780853 0.633736 0.796613 0.635293 0.793111 0.667203 0.777444 0.665467 0.780853 0.633736
0 0.684118 0.529549 0.696315 0.529397 0.695857 0.546167 0.683966 0.546014 0.684118 0.529549
1 0.646342 0.509058 0.659212 0.508411 0.659773 0.524229 0.647138 0.524416 0.646342 0.509058
0 0.586782 0.711691 0.588338 0.730627 0.558599 0.733582 0.557074 0.718275 0.561153 0.717606 0.560783 0.705396 0.580247 0.703792 0.580986 0.712221 0.586782 0.711691
4 0.615074 0.689356 0.635240 0.677989 0.641840 0.689282 0.621307 0.701016 0.615074 0.689356
4 0.668124 0.456547 0.682444 0.455843 0.683005 0.468901 0.668592 0.469650 0.668124 0.456547
