0 0.333440 0.999007 0.337878 0.989183 0.355738 0.995901 0.354990 0.999007 0.333440 0.999007
1 0.321450 0.999007 0.321450 0.993288 0.327316 0.993103 0.327279 0.999007 0.321450 0.999007
0 0.539959 0.633331 0.578217 0.629608 0.579373 0.638467 0.570001 0.639494 0.570900 0.644757 0.544581 0.647582 0.539959 0.633331
0 0.573863 0.672547 0.594017 0.671237 0.593689 0.666649 0.615154 0.664519 0.615645 0.668123 0.638093 0.665666 0.641698 0.681887 0.640972 0.693123 0.584303 0.697149 0.584513 0.700402 0.575502 0.701058 0.573863 0.672547
0 0.438280 0.664874 0.458179 0.657813 0.462801 0.673861 0.458436 0.676044 0.460618 0.682591 0.444699 0.686828 0.438280 0.664874
0 0.460947 0.677568 0.467748 0.671790 0.471505 0.676563 0.464465 0.682306 0.460947 0.677568
3 0.340467 0.689117 0.353443 0.673324 0.371147 0.687910 0.358976 0.704709 0.340467 0.689117
0 0.409615 0.657860 0.418837 0.650214 0.426482 0.661249 0.417103 0.668342 0.409615 0.657860
3 0.318447 0.531806 0.333737 0.527078 0.336453 0.537540 0.332128 0.539149 0.333234 0.543173 0.322471 0.546291 0.318447 0.531806
0 0.510205 0.692602 0.524788 0.679821 0.538224 0.693912 0.535766 0.696042 0.544614 0.706037 0.534947 0.715049 0.526263 0.705218 0.523969 0.707021 0.510205 0.692602
0 0.513974 0.746509 0.519709 0.741593 0.530359 0.731762 0.536585 0.726355 0.555920 0.747164 0.533964 0.767646 0.513974 0.746509
0 0.519709 0.741593 0.510861 0.733237 0.521675 0.722914 0.530359 0.731762 0.519709 0.741593
0 0.624733 0.727006 0.639233 0.734656 0.626904 0.755888 0.612233 0.747790 0.624733 0.727006
0 0.533851 0.792172 0.528459 0.784597 0.537189 0.777793 0.543095 0.785624 0.533851 0.792172
0 0.511921 0.797842 0.525569 0.790555 0.531620 0.802165 0.517849 0.809328 0.511921 0.797842
0 0.546996 0.765501 0.572091 0.748353 0.585684 0.766337 0.572718 0.776584 0.576692 0.781603 0.564981 0.789550 0.546996 0.765501
0 0.565875 0.797843 0.593955 0.790106 0.596977 0.803770 0.569163 0.811089 0.565875 0.797843
0 0.573908 0.823426 0.596519 0.819657 0.598813 0.839647 0.576529 0.843416 0.573908 0.823426
0 0.577549 0.861758 0.590984 0.860611 0.594917 0.908128 0.581153 0.910094 0.577549 0.861758
0 0.605839 0.835498 0.625078 0.832779 0.628842 0.863520 0.609394 0.866657 0.605839 0.835498
0 0.610021 0.872930 0.633652 0.867284 0.640762 0.904089 0.617341 0.910363 0.610021 0.872930
0 0.915505 0.915141 0.934953 0.921624 0.924497 0.951110 0.906095 0.943582 0.915505 0.915141
0 0.894384 0.927270 0.898566 0.912214 0.912159 0.916814 0.907768 0.931244 0.894384 0.927270
0 0.846786 0.942722 0.861838 0.913616 0.866266 0.917022 0.878529 0.892497 0.894181 0.900137 0.867965 0.945688 0.854392 0.946640 0.846786 0.942722
0 0.850977 0.945090 0.868335 0.954929 0.859970 0.967894 0.852860 0.987970 0.835684 0.984258 0.850977 0.945090
0 0.854392 0.946640 0.867965 0.945688 0.872873 0.948144 0.868335 0.954929 0.854392 0.946640
0 0.830002 0.999004 0.835684 0.984258 0.852860 0.987970 0.854120 0.999004 0.830002 0.999004
4 0.905686 0.961994 0.912937 0.964831 0.903322 0.992495 0.895992 0.990367 0.905686 0.961994
4 0.896149 0.992715 0.904818 0.993424 0.904503 0.998705 0.895518 0.998074 0.896149 0.992715
0 0.920595 0.964561 0.931635 0.966743 0.925473 0.990622 0.915074 0.988311 0.920595 0.964561
0 0.999008 0.840143 0.995504 0.851628 0.975010 0.844936 0.984002 0.818587 0.999008 0.794460 0.999008 0.828341 0.994877 0.827161 0.991740 0.836781 0.999008 0.839203 0.999008 0.840143
0 0.609394 0.866657 0.628842 0.863520 0.633652 0.867284 0.610021 0.872930 0.609394 0.866657
