0 0.000012 0.350481 0.003962 0.350907 0.011266 0.343406 0.018273 0.345084 0.016694 0.348637 0.023800 0.353868 0.020346 0.357915 0.013536 0.354066 0.012549 0.355546 0.015707 0.357520 0.006528 0.366008 0.000012 0.360608 0.000012 0.350481
0 0.050500 0.327500 0.060829 0.331279 0.056798 0.342742 0.047980 0.340222 0.050500 0.327500
0 0.068178 0.369973 0.088274 0.378816 0.082969 0.391034 0.059658 0.380423 0.068178 0.369973
0 0.000012 0.377819 0.008884 0.383348 0.008563 0.388653 0.015476 0.391547 0.011778 0.399746 0.000012 0.394695 0.000012 0.377819
0 0.014807 0.383353 0.022869 0.373024 0.026144 0.374914 0.026018 0.372142 0.040504 0.380456 0.038111 0.386754 0.042016 0.388266 0.042268 0.384865 0.055368 0.389904 0.050959 0.397210 0.052849 0.398847 0.046550 0.405020 0.032820 0.399099 0.033198 0.396832 0.018586 0.387636 0.018460 0.386503 0.014807 0.383353
0 0.112023 0.243771 0.121508 0.242324 0.121669 0.255507 0.112184 0.256794 0.112023 0.243771
0 0.091979 0.123907 0.105316 0.124317 0.106958 0.138680 0.090132 0.137859 0.091979 0.123907
0 0.223669 0.484116 0.232994 0.479936 0.240067 0.494566 0.230421 0.497138 0.223669 0.484116
0 0.233718 0.474942 0.245619 0.468992 0.248491 0.477404 0.235770 0.481918 0.233718 0.474942
0 0.230421 0.497138 0.240067 0.494566 0.239160 0.510099 0.226781 0.508170 0.230421 0.497138
0 0.065395 0.117135 0.076425 0.090832 0.105273 0.099600 0.105273 0.120246 0.083213 0.116852 0.079253 0.123074 0.065395 0.117135
0 0.024674 0.356180 0.024777 0.353868 0.019986 0.348714 0.024674 0.342811 0.034398 0.349235 0.032140 0.353402 0.039433 0.358958 0.034745 0.366251 0.023459 0.362778 0.024674 0.356180
0 0.000011 0.840856 0.023597 0.842125 0.023944 0.845945 0.028632 0.846118 0.030021 0.843687 0.043738 0.845945 0.037834 0.875462 0.005539 0.869732 0.006407 0.861224 0.000011 0.860548 0.000011 0.840856
