0 0.872433 0.940488 0.876815 0.912402 0.926957 0.918376 0.923487 0.946426 0.872433 0.940488
2 0.920470 0.895069 0.955145 0.887025 0.960139 0.913596 0.968775 0.911990 0.970031 0.958093 0.925317 0.955489 0.924464 0.946426 0.927934 0.918376 0.920095 0.917397 0.920470 0.895069
0 0.842378 0.979821 0.873927 0.988919 0.870921 0.999004 0.835265 0.999004 0.831936 0.998016 0.842378 0.979821
0 0.793420 0.983235 0.804830 0.963226 0.827062 0.974915 0.815872 0.994976 0.793420 0.983235
0 0.768337 0.972134 0.773575 0.962306 0.788202 0.969038 0.793444 0.958173 0.804830 0.963226 0.793420 0.983235 0.768337 0.972134
3 0.696026 0.997956 0.707614 0.986281 0.716755 0.994728 0.712386 0.999006 0.697210 0.999007 0.696026 0.997956
0 0.704572 0.918244 0.724330 0.898685 0.743888 0.912767 0.724021 0.932217 0.704572 0.918244
0 0.708870 0.826917 0.713837 0.777836 0.734213 0.779832 0.729580 0.828615 0.708870 0.826917
0 0.692672 0.770767 0.704655 0.766636 0.712155 0.782471 0.700436 0.788078 0.692672 0.770767
0 0.636722 0.764712 0.658618 0.757656 0.666594 0.777171 0.645912 0.786028 0.636722 0.764712
0 0.572695 0.797010 0.613194 0.776094 0.623625 0.793295 0.630214 0.805126 0.604457 0.819372 0.597178 0.807906 0.582013 0.815050 0.572695 0.797010
0 0.541888 0.796633 0.561922 0.788027 0.572334 0.806115 0.569528 0.807801 0.579871 0.826172 0.563339 0.835423 0.541888 0.796633
3 0.501584 0.844097 0.500450 0.826383 0.526336 0.824994 0.527596 0.842188 0.501584 0.844097
3 0.462257 0.818306 0.498174 0.818856 0.498101 0.840653 0.484549 0.840518 0.484624 0.835155 0.462104 0.834904 0.462257 0.818306
0 0.442531 0.824145 0.459088 0.824049 0.459346 0.838955 0.442560 0.838308 0.442531 0.824145
0 0.470744 0.847678 0.491389 0.848745 0.491152 0.862828 0.469935 0.861795 0.470744 0.847678
2 0.422643 0.826926 0.440727 0.826869 0.440875 0.854290 0.423019 0.854377 0.422643 0.826926
0 0.371094 0.856632 0.393430 0.847126 0.398491 0.857805 0.402946 0.855998 0.406666 0.864760 0.379890 0.876506 0.371094 0.856632
3 0.379332 0.892549 0.397936 0.892485 0.398555 0.906601 0.380097 0.907754 0.379332 0.892549
0 0.379709 0.913497 0.406285 0.913465 0.406689 0.925834 0.417605 0.925309 0.417716 0.938613 0.380079 0.937527 0.379709 0.913497
0 0.382413 0.948411 0.411271 0.948142 0.412269 0.962978 0.419498 0.962573 0.420629 0.978210 0.385597 0.979538 0.382413 0.948411
3 0.426533 0.999008 0.426533 0.993673 0.409122 0.994213 0.408471 0.978555 0.420629 0.978210 0.440127 0.978856 0.439809 0.999008 0.426533 0.999008
0 0.417611 0.777476 0.427034 0.772592 0.455097 0.772016 0.460082 0.786049 0.456935 0.797586 0.422023 0.798609 0.417611 0.777476
0 0.491728 0.761195 0.496916 0.756231 0.546068 0.738922 0.551863 0.748282 0.552827 0.761718 0.545550 0.765394 0.550176 0.776742 0.508860 0.792143 0.502432 0.779928 0.491728 0.761195
3 0.595204 0.736619 0.627313 0.723215 0.638511 0.738541 0.603921 0.750210 0.595204 0.736619
0 0.294372 0.787939 0.310029 0.789892 0.305939 0.824766 0.289647 0.822394 0.294372 0.787939
3 0.276633 0.785755 0.278890 0.771130 0.297335 0.772574 0.298214 0.763083 0.290056 0.762251 0.290451 0.755372 0.310235 0.757073 0.307451 0.788343 0.276633 0.785755
0 0.217871 0.803179 0.223547 0.779137 0.254975 0.784757 0.250835 0.808217 0.217871 0.803179
0 0.234693 0.747137 0.258437 0.751807 0.255538 0.768047 0.233983 0.763930 0.232395 0.769238 0.224458 0.767177 0.227016 0.757522 0.231254 0.758167 0.234693 0.747137
0 0.095986 0.808499 0.126453 0.808177 0.126305 0.832945 0.095100 0.833596 0.095986 0.808499
0 0.129609 0.848991 0.133937 0.815275 0.131803 0.815206 0.133102 0.803956 0.153236 0.806431 0.147827 0.851394 0.129609 0.848991
0 0.197315 0.899334 0.196052 0.881936 0.210080 0.880596 0.211563 0.896677 0.197315 0.899334
0 0.211224 0.880282 0.230125 0.872526 0.238163 0.890596 0.217126 0.898925 0.211224 0.880282
3 0.167709 0.907381 0.215504 0.896477 0.224134 0.912377 0.173930 0.924371 0.167709 0.907381
0 0.237338 0.821304 0.263265 0.822723 0.261491 0.858768 0.254877 0.858768 0.252717 0.883063 0.237372 0.882701 0.238820 0.856390 0.235265 0.856412 0.237338 0.821304
0 0.280188 0.831839 0.303242 0.842115 0.299323 0.862806 0.280427 0.870408 0.264882 0.859377 0.280188 0.831839
0 0.299323 0.862806 0.310944 0.841494 0.327819 0.849501 0.314224 0.873517 0.299323 0.862806
0 0.346727 0.853562 0.369327 0.868241 0.350990 0.893853 0.355404 0.896857 0.347598 0.906551 0.324537 0.885157 0.346727 0.853562
0 0.343864 0.913573 0.355842 0.905835 0.361593 0.912992 0.358045 0.915283 0.364835 0.925525 0.355018 0.931431 0.343864 0.913573
2 0.359659 0.999007 0.355751 0.958701 0.380958 0.955507 0.385436 0.999007 0.359659 0.999007
0 0.940361 0.729820 0.941424 0.688209 0.973411 0.686453 0.974773 0.729504 0.940361 0.729820
0 0.572555 0.325689 0.592391 0.306701 0.613778 0.326138 0.594937 0.344217 0.572555 0.325689
1 0.613677 0.309003 0.633733 0.290741 0.670329 0.332170 0.650052 0.349822 0.613677 0.309003
3 0.560254 0.033019 0.594653 0.033416 0.593214 0.066016 0.558609 0.064832 0.560254 0.033019
0 0.490556 0.060650 0.533042 0.062463 0.531403 0.090955 0.535720 0.091151 0.535105 0.102057 0.510678 0.101555 0.510218 0.111861 0.484445 0.109471 0.490556 0.060650
3 0.541988 0.263553 0.542941 0.256880 0.555335 0.261646 0.553428 0.268002 0.541988 0.263553
0 0.965321 0.666498 0.965591 0.686754 0.936963 0.688105 0.936693 0.664338 0.965321 0.666498
