0 0.000007 0.333146 0.003339 0.330740 0.006318 0.329735 0.008148 0.327152 0.014284 0.327949 0.024419 0.335277 0.011617 0.346264 0.005169 0.346530 0.000007 0.341319 0.000007 0.333146
3 0.066976 0.275503 0.061084 0.256817 0.069501 0.253703 0.075898 0.272052 0.066976 0.275503
4 0.053482 0.266625 0.035932 0.266741 0.034865 0.259674 0.013905 0.259843 0.013905 0.245558 0.051101 0.247234 0.053482 0.266625
0 0.113375 0.134250 0.155879 0.185548 0.142642 0.196895 0.124992 0.177774 0.126673 0.175883 0.100619 0.145626 0.102900 0.140118 0.113375 0.134250
0 0.000006 0.200258 0.010168 0.199753 0.010841 0.219197 0.000006 0.219702 0.000006 0.200258
0 0.026053 0.122114 0.054327 0.131041 0.048286 0.158611 0.046428 0.158457 0.042555 0.175649 0.028151 0.171777 0.037402 0.175551 0.027954 0.195701 0.005382 0.188505 0.009873 0.178747 0.006776 0.176269 0.011732 0.151177 0.024292 0.153331 0.026053 0.122114
0 0.049021 0.217964 0.062837 0.213511 0.067975 0.229154 0.053474 0.233150 0.049021 0.217964
3 0.053808 0.184931 0.069143 0.165105 0.088039 0.181523 0.074296 0.199308 0.053808 0.184931
0 0.088814 0.188803 0.118398 0.178890 0.130634 0.186170 0.134662 0.199956 0.119195 0.206587 0.102754 0.212347 0.094545 0.210488 0.086800 0.194844 0.088814 0.188803
4 0.682738 0.000007 0.679090 0.004536 0.670767 0.000007 0.682738 0.000007
0 0.448903 0.109904 0.460892 0.103967 0.465802 0.120980 0.453014 0.124862 0.448903 0.109904
0 0.383390 0.011719 0.421070 0.003723 0.423952 0.018574 0.428081 0.017649 0.430125 0.025827 0.419664 0.027890 0.423254 0.044163 0.436574 0.040601 0.444784 0.072973 0.417987 0.078394 0.414580 0.061976 0.398781 0.066158 0.396303 0.054851 0.398626 0.054541 0.397056 0.049917 0.391545 0.050232 0.389023 0.038432 0.383390 0.011719
4 0.369066 0.000007 0.357468 0.004655 0.355451 0.000007 0.369066 0.000007
0 0.326333 0.000007 0.328217 0.020198 0.321731 0.020901 0.298811 0.023426 0.296634 0.004998 0.300758 0.000006 0.326333 0.000007
4 0.300758 0.000006 0.296634 0.004998 0.271005 0.004292 0.271059 0.000006 0.300758 0.000006
0 0.304278 0.162754 0.290805 0.136721 0.310924 0.129080 0.319107 0.144557 0.315232 0.146882 0.319007 0.155903 0.310641 0.159747 0.312886 0.167606 0.307272 0.169852 0.304278 0.162754
0 0.404431 0.103140 0.380910 0.115700 0.369264 0.099257 0.387419 0.090009 0.391301 0.088639 0.395183 0.086583 0.404431 0.103140
0 0.389512 0.082041 0.384907 0.084300 0.366921 0.094023 0.353566 0.072709 0.367868 0.069165 0.366980 0.066602 0.378627 0.060664 0.389512 0.082041
0 0.378627 0.060664 0.366980 0.066602 0.362511 0.068484 0.351514 0.046954 0.367923 0.039412 0.378627 0.060664
0 0.335342 0.106891 0.328959 0.097324 0.321676 0.102253 0.318503 0.101814 0.309299 0.102964 0.308502 0.092078 0.314209 0.091572 0.333760 0.080504 0.344762 0.075287 0.348359 0.081209 0.341985 0.084598 0.345443 0.089876 0.343408 0.091263 0.350399 0.100587 0.335342 0.106891
0 0.428027 0.113953 0.415791 0.098309 0.443671 0.084833 0.451261 0.102801 0.428027 0.113953
0 0.383446 0.154978 0.409095 0.141687 0.420000 0.152345 0.425112 0.166440 0.399710 0.181154 0.383446 0.154978
0 0.280042 0.204203 0.320779 0.182983 0.331002 0.201570 0.292279 0.222945 0.280042 0.204203
0 0.156376 0.086248 0.177442 0.068901 0.186115 0.077110 0.165360 0.096161 0.156376 0.086248
4 0.262045 0.000006 0.261060 0.008821 0.244161 0.006537 0.245530 0.000006 0.262045 0.000006
4 0.244161 0.006537 0.225187 0.004189 0.222757 0.002130 0.222724 0.000005 0.245530 0.000006 0.244161 0.006537
4 0.215646 0.000005 0.222757 0.002130 0.225187 0.004189 0.223340 0.020690 0.206954 0.014320 0.209203 0.009768 0.192145 0.003797 0.193436 0.000005 0.215646 0.000005
0 0.188832 0.025317 0.190691 0.013080 0.206954 0.014320 0.223340 0.020690 0.241030 0.042665 0.216558 0.055056 0.200139 0.033216 0.200449 0.029034 0.188832 0.025317
0 0.179446 0.060095 0.189529 0.052664 0.200113 0.063977 0.190750 0.070942 0.179446 0.060095
4 0.093076 0.006066 0.073437 0.004618 0.072966 0.000002 0.093269 0.000003 0.093076 0.006066
4 0.072216 0.004620 0.055250 0.001629 0.055396 0.000002 0.072965 0.000002 0.072216 0.004620
0 0.074811 0.019121 0.076284 0.008600 0.086553 0.009357 0.085963 0.019626 0.074811 0.019121
0 0.132590 0.008846 0.130078 0.028029 0.128023 0.028029 0.126995 0.039332 0.109297 0.039447 0.110236 0.030089 0.111010 0.021977 0.113636 0.022320 0.117175 0.005307 0.132590 0.008846
0 0.132590 0.008846 0.145492 0.009531 0.145924 0.021730 0.159866 0.021650 0.160632 0.014985 0.149060 0.013931 0.150047 0.005806 0.184542 0.008001 0.183585 0.043123 0.165621 0.039895 0.164903 0.054176 0.137271 0.051778 0.138299 0.042187 0.151087 0.042986 0.151791 0.032692 0.128137 0.032596 0.128023 0.028029 0.130078 0.028029 0.132590 0.008846
0 0.138922 0.065196 0.149199 0.052750 0.163357 0.062912 0.171589 0.049113 0.166051 0.049649 0.166389 0.041311 0.172136 0.041874 0.182390 0.043903 0.181939 0.052917 0.179114 0.055833 0.163585 0.078327 0.138922 0.065196
0 0.136328 0.109234 0.142380 0.104781 0.142266 0.103525 0.150258 0.098958 0.157338 0.107864 0.143065 0.119853 0.136328 0.109234
0 0.200779 0.086958 0.211243 0.077914 0.226771 0.093508 0.222417 0.097608 0.217097 0.092568 0.212187 0.098181 0.200779 0.086958
0 0.097584 0.081141 0.087079 0.080000 0.087119 0.064053 0.097481 0.063884 0.110486 0.063601 0.110574 0.070351 0.115705 0.070024 0.116360 0.062491 0.128367 0.062273 0.128477 0.068932 0.123018 0.070133 0.122254 0.079848 0.116819 0.079395 0.112648 0.079521 0.109116 0.090261 0.097698 0.089591 0.097584 0.081141
0 0.123174 0.105126 0.113081 0.101569 0.107061 0.098954 0.116819 0.079395 0.122254 0.079848 0.134583 0.083341 0.123174 0.105126
0 0.000006 0.088926 0.014594 0.095089 0.010140 0.107763 0.000006 0.103541 0.000006 0.088926
0 0.059859 0.117682 0.060772 0.091192 0.081929 0.093247 0.085459 0.099355 0.085549 0.119281 0.082501 0.132149 0.072638 0.129683 0.073131 0.120560 0.059859 0.117682
0 0.094209 0.117224 0.093788 0.098707 0.107061 0.098954 0.113081 0.101569 0.113315 0.117308 0.094209 0.117224
0 0.071047 0.076752 0.042502 0.063621 0.047308 0.045453 0.058031 0.049919 0.059286 0.046380 0.079268 0.054030 0.078012 0.066932 0.071047 0.076752
0 0.068051 0.045948 0.065694 0.038962 0.050207 0.043170 0.049112 0.041655 0.043721 0.035077 0.042550 0.045357 0.024197 0.045933 0.025124 0.029282 0.035308 0.028440 0.042884 0.025915 0.042295 0.023727 0.068219 0.015983 0.070408 0.028609 0.083706 0.028440 0.083706 0.046621 0.068051 0.045948
0 0.134662 0.199956 0.148144 0.221680 0.136904 0.229664 0.119195 0.206587 0.134662 0.199956
0 0.263222 0.163991 0.263342 0.155847 0.274840 0.155728 0.274121 0.165668 0.263222 0.163991
0 0.360001 0.114799 0.354731 0.107374 0.364432 0.101026 0.369822 0.109649 0.360001 0.114799
0 0.847599 0.522081 0.847867 0.530409 0.838331 0.533767 0.824093 0.532424 0.822616 0.527051 0.824362 0.524096 0.828391 0.521544 0.847599 0.522081
0 0.004685 0.313348 0.011702 0.323808 0.002169 0.327714 0.000007 0.322500 0.000007 0.315001 0.004685 0.313348
0 0.110236 0.030089 0.109297 0.039447 0.109264 0.045244 0.115377 0.046117 0.115377 0.052012 0.120617 0.054741 0.119962 0.061618 0.112321 0.061072 0.110486 0.063601 0.097481 0.063884 0.096341 0.045957 0.096782 0.031256 0.110236 0.030089
0 0.203926 0.045529 0.212912 0.056545 0.202090 0.063212 0.193103 0.052680 0.203926 0.045529
3 0.301689 0.234426 0.314875 0.226229 0.320577 0.233713 0.306678 0.241910 0.301689 0.234426
0 0.353726 0.061422 0.357285 0.070373 0.339815 0.076628 0.336256 0.068647 0.353726 0.061422
