0 0.057450 0.426435 0.070866 0.412276 0.085766 0.428282 0.097256 0.420280 0.116133 0.442850 0.095820 0.459880 0.057450 0.426435
0 0.101572 0.460922 0.111861 0.448704 0.124079 0.458832 0.113308 0.471372 0.101572 0.460922
0 0.124401 0.463333 0.141121 0.443559 0.154786 0.457546 0.149642 0.462530 0.158645 0.472176 0.144497 0.485841 0.124401 0.463333
0 0.207423 0.577331 0.216266 0.560424 0.231378 0.567819 0.224898 0.579599 0.207423 0.577331
0 0.035532 0.409622 0.035853 0.396164 0.044213 0.395682 0.043798 0.409914 0.035532 0.409622
0 0.018371 0.337438 0.028021 0.339659 0.024355 0.371943 0.018595 0.369423 0.018371 0.337438
0 0.070551 0.453191 0.081629 0.464570 0.071422 0.474572 0.060120 0.463268 0.070551 0.453191
0 0.216286 0.548949 0.216486 0.532148 0.228486 0.532148 0.228686 0.548949 0.216286 0.548949
0 0.174029 0.479312 0.179134 0.471654 0.186792 0.477015 0.181942 0.484928 0.174029 0.479312
0 0.070866 0.412276 0.083053 0.405194 0.097256 0.420280 0.085766 0.428282 0.070866 0.412276
0 0.027827 0.324230 0.045055 0.336343 0.038473 0.346843 0.020765 0.334149 0.027827 0.324230
