0 0.229731 0.019146 0.242134 0.027160 0.233166 0.042425 0.220000 0.034793 0.229731 0.019146
0 0.249386 0.048150 0.258545 0.051394 0.266750 0.059408 0.252439 0.081925 0.245760 0.088412 0.235074 0.081734 0.235456 0.071621 0.249386 0.048150
0 0.867406 0.181678 0.882862 0.189883 0.878091 0.199233 0.862063 0.191028 0.867406 0.181678
0 0.930566 0.183968 0.941278 0.193235 0.921649 0.213570 0.909958 0.202859 0.930566 0.183968
0 0.939440 0.172156 0.948695 0.180122 0.941023 0.192215 0.930311 0.182948 0.939440 0.172156
0 0.939695 0.172199 0.949314 0.162481 0.957631 0.170212 0.948950 0.180165 0.939695 0.172199
0 0.951498 0.144818 0.938191 0.152742 0.932660 0.141828 0.946265 0.134053 0.951498 0.144818
0 0.258885 0.072005 0.269779 0.080674 0.263454 0.089343 0.253262 0.080674 0.258885 0.072005
0 0.276356 0.092019 0.292587 0.103597 0.284770 0.115608 0.268085 0.103886 0.276356 0.092019
0 0.917283 0.210525 0.913695 0.215459 0.901585 0.203797 0.901136 0.202451 0.886484 0.191985 0.878560 0.186154 0.883169 0.179029 0.891856 0.182633 0.910854 0.192882 0.912050 0.191836 0.916536 0.195873 0.908981 0.202859 0.917283 0.210525
0 0.920670 0.100402 0.929298 0.097098 0.938110 0.115180 0.938201 0.115547 0.937467 0.117474 0.944351 0.133904 0.934897 0.139411 0.927829 0.120412 0.920670 0.100402
0 0.912960 0.051847 0.931042 0.051663 0.937467 0.070847 0.927187 0.091499 0.906810 0.088286 0.905617 0.062402 0.912960 0.051847
0 0.891860 0.080090 0.901773 0.089361 0.902507 0.088718 0.907188 0.092206 0.900121 0.100191 0.886077 0.086148 0.891860 0.080090
0 0.857646 0.070130 0.864558 0.076690 0.854952 0.091216 0.848626 0.086881 0.852023 0.083250 0.848626 0.079267 0.857646 0.070130
0 0.956191 0.153591 0.962634 0.158980 0.953965 0.167649 0.947757 0.161440 0.956191 0.153591
