0 0.000006 0.103382 0.030733 0.093957 0.036530 0.107898 0.034322 0.109692 0.035426 0.123358 0.005059 0.132744 0.000006 0.130143 0.000006 0.103382
0 0.114704 0.035054 0.121844 0.043622 0.126149 0.060553 0.094583 0.073179 0.083105 0.076623 0.070191 0.046205 0.097225 0.035198 0.114704 0.035054
0 0.723459 0.049154 0.759330 0.041693 0.768512 0.055467 0.771095 0.085024 0.733503 0.095354 0.725755 0.076702 0.732929 0.074119 0.723459 0.049154
0 0.926512 0.108969 0.976876 0.083786 0.985196 0.102673 0.935506 0.125157 0.926512 0.108969
0 0.999006 0.146587 0.989075 0.145720 0.980201 0.146693 0.968959 0.120938 0.990325 0.111161 0.997346 0.120938 0.999006 0.120506 0.999006 0.146587
0 0.769159 0.160446 0.788622 0.155062 0.791796 0.168728 0.773300 0.173007 0.769159 0.160446
0 0.926856 0.223410 0.938621 0.215662 0.950673 0.228575 0.949813 0.238906 0.950960 0.241776 0.957847 0.237184 0.969900 0.259567 0.960143 0.264733 0.960430 0.270472 0.934604 0.278220 0.919682 0.251819 0.940056 0.241776 0.926856 0.223410
0 0.925615 0.319212 0.961729 0.309523 0.974061 0.344933 0.957325 0.349866 0.954859 0.341057 0.931252 0.345462 0.925615 0.319212
0 0.894028 0.329473 0.915388 0.321378 0.923483 0.344762 0.902348 0.353980 0.896502 0.345212 0.900549 0.341839 0.894028 0.329473
0 0.790792 0.366581 0.825219 0.353397 0.835473 0.377935 0.802145 0.388556 0.790792 0.366581
0 0.807273 0.409798 0.820824 0.400642 0.839136 0.428477 0.824120 0.435435 0.807273 0.409798
0 0.731104 0.389409 0.784766 0.368461 0.798827 0.399166 0.786201 0.404618 0.793375 0.418679 0.782757 0.423270 0.772140 0.402035 0.776731 0.398018 0.773575 0.391992 0.738565 0.406914 0.731104 0.389409
0 0.727374 0.390557 0.735409 0.404905 0.709582 0.415523 0.714748 0.431305 0.679452 0.440201 0.670843 0.416957 0.695521 0.408349 0.695808 0.403183 0.727374 0.390557
0 0.944380 0.388021 0.958154 0.380560 0.976806 0.412986 0.962171 0.420447 0.944380 0.388021
0 0.931877 0.550689 0.950314 0.535175 0.963355 0.549116 0.969366 0.554705 0.958858 0.566203 0.952338 0.572049 0.931877 0.550689
0 0.774420 0.313489 0.803874 0.304046 0.813992 0.331701 0.784538 0.342494 0.774420 0.313489
0 0.722491 0.206036 0.754868 0.197717 0.764536 0.222225 0.730361 0.229870 0.722491 0.206036
0 0.717347 0.248137 0.731737 0.246338 0.741405 0.276467 0.712176 0.282762 0.707679 0.265899 0.720045 0.263201 0.717347 0.248137
0 0.622436 0.376375 0.643400 0.370914 0.643048 0.368448 0.676873 0.359816 0.679867 0.373204 0.656437 0.379194 0.656085 0.382718 0.623493 0.391174 0.622436 0.376375
0 0.709847 0.337708 0.729647 0.330821 0.739117 0.361526 0.720752 0.366978 0.709847 0.337708
0 0.575810 0.209384 0.591324 0.208035 0.590650 0.202189 0.604365 0.201514 0.604815 0.206011 0.609761 0.206236 0.608862 0.201739 0.632920 0.199041 0.634269 0.210733 0.616282 0.212756 0.616731 0.227821 0.619879 0.228045 0.620778 0.242660 0.583005 0.246932 0.581206 0.239737 0.575136 0.240412 0.575810 0.209384
0 0.634806 0.258292 0.651449 0.257144 0.652884 0.279240 0.636527 0.280101 0.634806 0.258292
0 0.447794 0.091387 0.468929 0.082843 0.466905 0.080145 0.493437 0.068903 0.504679 0.090263 0.511424 0.113647 0.465781 0.133658 0.447794 0.091387
0 0.538782 0.139603 0.560367 0.136680 0.565538 0.185246 0.541929 0.189068 0.538782 0.139603
0 0.572782 0.077539 0.615632 0.068016 0.623323 0.094020 0.603913 0.099879 0.599884 0.086328 0.577909 0.091090 0.572782 0.077539
0 0.677158 0.459920 0.704260 0.447468 0.715980 0.478598 0.689611 0.483359 0.677158 0.459920
0 0.529672 0.487730 0.545168 0.481130 0.548612 0.487156 0.557794 0.484287 0.545455 0.456738 0.597682 0.439808 0.603995 0.460469 0.631543 0.452721 0.638430 0.474243 0.629535 0.477687 0.638430 0.495478 0.538855 0.525609 0.529672 0.487730
0 0.562042 0.414101 0.560248 0.408442 0.563837 0.406647 0.560248 0.401678 0.596136 0.390912 0.602486 0.407890 0.585370 0.412169 0.587164 0.419070 0.566873 0.426386 0.562042 0.414101
0 0.557303 0.363953 0.596903 0.359074 0.596616 0.373709 0.558738 0.380023 0.557303 0.363953
0 0.504215 0.418475 0.539798 0.406710 0.549268 0.433684 0.515693 0.445737 0.504215 0.418475
0 0.421430 0.438530 0.452709 0.426764 0.447256 0.416147 0.479683 0.404668 0.487431 0.415860 0.499483 0.411555 0.515693 0.445737 0.432048 0.473252 0.423726 0.455747 0.428030 0.453452 0.421430 0.438530
4 0.999006 0.916569 0.985252 0.916322 0.985539 0.893630 0.999006 0.894164 0.999006 0.916569
0 0.731671 0.999006 0.731951 0.959416 0.726499 0.959416 0.726212 0.953964 0.733960 0.954251 0.733673 0.949086 0.740560 0.940477 0.748021 0.947938 0.754908 0.958842 0.754908 0.999006 0.731671 0.999006
0 0.798610 0.955454 0.809084 0.955498 0.808543 0.969785 0.797451 0.968183 0.798610 0.955454
4 0.680267 0.999007 0.679971 0.985818 0.692469 0.984253 0.692611 0.999007 0.680267 0.999007
0 0.622929 0.929512 0.641366 0.928163 0.641591 0.925240 0.659578 0.922542 0.661152 0.929063 0.669022 0.927489 0.669921 0.964587 0.625402 0.967286 0.622929 0.929512
4 0.442226 0.999008 0.442981 0.996602 0.476423 0.996254 0.476626 0.990582 0.502542 0.990819 0.502545 0.996649 0.487515 0.996962 0.487521 0.999008 0.442226 0.999008
4 0.664696 0.999007 0.664696 0.984116 0.679318 0.983588 0.680230 0.999007 0.664696 0.999007
4 0.000006 0.988393 0.008949 0.992213 0.019028 0.999001 0.000006 0.999000 0.000006 0.988393
0 0.064332 0.821648 0.067656 0.840010 0.067596 0.840021 0.066697 0.846317 0.037917 0.850364 0.030498 0.812366 0.057119 0.806816 0.064332 0.821648
0 0.086033 0.818662 0.085809 0.837098 0.068145 0.839932 0.064800 0.821495 0.057617 0.806709 0.077939 0.802473 0.086033 0.818662
0 0.079766 0.803143 0.097020 0.798864 0.106820 0.811701 0.108200 0.837789 0.101023 0.840688 0.097434 0.829093 0.086805 0.827989 0.086033 0.818662 0.079490 0.804247 0.079766 0.803143
0 0.174533 0.835382 0.153555 0.839866 0.144120 0.796162 0.141885 0.789541 0.166628 0.783573 0.174533 0.835382
0 0.142764 0.800273 0.145835 0.817007 0.138965 0.818423 0.137703 0.812128 0.123517 0.814649 0.118778 0.794953 0.123471 0.793957 0.140645 0.789834 0.142764 0.800273
0 0.192596 0.807091 0.193041 0.826665 0.174596 0.830875 0.166722 0.783573 0.183504 0.780117 0.191228 0.793574 0.192596 0.807091
0 0.259786 0.790647 0.242736 0.792625 0.236374 0.793678 0.235640 0.809285 0.222068 0.811880 0.217241 0.810613 0.215043 0.789047 0.208382 0.777230 0.209643 0.771957 0.253811 0.766239 0.259757 0.777508 0.259786 0.790647
0 0.304543 0.766807 0.306873 0.779558 0.307005 0.801274 0.278181 0.805239 0.276482 0.790090 0.284091 0.789021 0.282883 0.771849 0.277794 0.760429 0.298541 0.756117 0.304543 0.766807
0 0.282002 0.788694 0.274021 0.789524 0.260538 0.791364 0.259465 0.775362 0.255981 0.768010 0.256250 0.765068 0.276525 0.760820 0.282102 0.772922 0.282002 0.788694
0 0.000006 0.718680 0.015058 0.716499 0.022235 0.745901 0.000006 0.751623 0.000006 0.718680
0 0.000006 0.769418 0.028447 0.764121 0.033830 0.784826 0.000006 0.791616 0.000006 0.769418
0 0.005395 0.767158 0.000677 0.752302 0.021683 0.748109 0.024720 0.764535 0.005395 0.767158
0 0.042791 0.737534 0.071571 0.729665 0.085061 0.771710 0.053134 0.776207 0.042791 0.737534
0 0.078526 0.746777 0.104832 0.738458 0.112477 0.771285 0.086620 0.777356 0.078526 0.746777
0 0.108205 0.744079 0.143505 0.735310 0.150026 0.760043 0.114051 0.767013 0.108205 0.744079
0 0.053576 0.686218 0.087438 0.677897 0.102360 0.724671 0.074525 0.732706 0.053576 0.686218
0 0.043112 0.672403 0.090779 0.669930 0.097524 0.698260 0.094151 0.698035 0.087438 0.677897 0.046260 0.688592 0.043112 0.672403
0 0.141434 0.714754 0.110267 0.721758 0.104751 0.722983 0.099161 0.701804 0.136943 0.694053 0.141434 0.714754
0 0.115079 0.673955 0.132584 0.673955 0.136836 0.693574 0.099352 0.699972 0.098793 0.697772 0.092717 0.669354 0.114505 0.667068 0.115079 0.673955
0 0.107448 0.723696 0.142330 0.716297 0.143505 0.735310 0.108205 0.744079 0.107448 0.723696
0 0.245518 0.710449 0.244307 0.735420 0.215764 0.742502 0.211953 0.735703 0.212085 0.721738 0.207686 0.710391 0.209164 0.710076 0.207730 0.700606 0.239582 0.694006 0.245518 0.710449
0 0.211596 0.721828 0.211465 0.735371 0.187068 0.739059 0.183338 0.715528 0.207197 0.710488 0.211596 0.721828
0 0.288653 0.724424 0.244805 0.735303 0.245957 0.711650 0.247043 0.714667 0.246756 0.705484 0.265122 0.703763 0.266844 0.709502 0.276313 0.706919 0.273731 0.698597 0.280331 0.697163 0.288653 0.724424
0 0.286644 0.702328 0.310175 0.695728 0.316488 0.710650 0.315914 0.726719 0.292670 0.731024 0.286644 0.702328
0 0.276772 0.673919 0.307125 0.668523 0.310175 0.695728 0.282618 0.700900 0.276772 0.673919
0 0.272164 0.632075 0.295209 0.628726 0.299031 0.640642 0.301729 0.657280 0.278992 0.660528 0.272164 0.632075
0 0.252715 0.667041 0.253271 0.667490 0.233401 0.668677 0.228455 0.647542 0.249697 0.643340 0.252715 0.667041
0 0.275896 0.652488 0.275222 0.665080 0.253637 0.667778 0.253271 0.667490 0.249697 0.643340 0.271624 0.638998 0.275896 0.652488
0 0.198775 0.653838 0.222833 0.649566 0.227555 0.660808 0.226881 0.674748 0.206195 0.678345 0.206645 0.664630 0.198775 0.653838
0 0.154482 0.666204 0.199000 0.657660 0.204621 0.668452 0.203047 0.683067 0.160103 0.692285 0.154482 0.666204
0 0.067553 0.563343 0.089528 0.555652 0.087701 0.545620 0.146802 0.545259 0.150690 0.601432 0.145563 0.605827 0.148859 0.647945 0.084767 0.648678 0.080372 0.610588 0.068286 0.609856 0.067553 0.563343
0 0.153841 0.594851 0.158113 0.593052 0.158113 0.588331 0.170929 0.586982 0.170929 0.581810 0.184869 0.578887 0.185768 0.582935 0.202631 0.578438 0.206580 0.589270 0.207299 0.593170 0.209377 0.604295 0.166432 0.611939 0.155864 0.608342 0.153841 0.594851
0 0.205229 0.580195 0.212130 0.579919 0.211440 0.575364 0.224139 0.571361 0.235044 0.571637 0.234768 0.582127 0.249261 0.577158 0.254092 0.602556 0.237114 0.606007 0.236424 0.609734 0.210888 0.612081 0.205229 0.580195
0 0.257129 0.605041 0.248019 0.569704 0.266239 0.568876 0.272451 0.580471 0.282527 0.577986 0.285288 0.598277 0.257129 0.605041
0 0.166301 0.530386 0.273412 0.524396 0.276583 0.551526 0.166477 0.561744 0.166301 0.530386
0 0.029853 0.584410 0.058836 0.560592 0.065150 0.568340 0.037601 0.591871 0.029853 0.584410
0 0.398003 0.681502 0.419495 0.680093 0.421609 0.729772 0.399764 0.731887 0.398003 0.681502
0 0.400930 0.623936 0.418547 0.621822 0.418900 0.644900 0.401106 0.644724 0.400930 0.623936
0 0.421014 0.637853 0.455543 0.635739 0.456424 0.676786 0.434579 0.682952 0.436693 0.706559 0.422599 0.707264 0.419636 0.680140 0.423832 0.680134 0.421014 0.637853
0 0.438981 0.611520 0.476860 0.605781 0.477721 0.602912 0.505556 0.598894 0.511008 0.645669 0.502113 0.646817 0.507565 0.663460 0.487478 0.666043 0.480017 0.625868 0.458782 0.628738 0.455543 0.635739 0.434390 0.620990 0.438981 0.611520
0 0.303811 0.579822 0.326520 0.572402 0.332590 0.587691 0.308083 0.594886 0.303811 0.579822
0 0.361088 0.541347 0.366942 0.557244 0.367891 0.574650 0.335064 0.578697 0.328624 0.576571 0.324965 0.567037 0.333688 0.563994 0.333461 0.547664 0.313808 0.546143 0.311780 0.556489 0.294592 0.555988 0.294367 0.516866 0.353726 0.510795 0.354014 0.510732 0.361088 0.541347
0 0.393643 0.535957 0.361462 0.540797 0.354492 0.510635 0.389026 0.503151 0.393643 0.535957
0 0.306125 0.426904 0.326135 0.425330 0.325011 0.417011 0.349969 0.415887 0.350418 0.428927 0.362110 0.427129 0.365707 0.473221 0.354690 0.475020 0.355365 0.487836 0.301628 0.490759 0.306125 0.426904
0 0.292789 0.372568 0.317296 0.346711 0.337082 0.344463 0.342928 0.411915 0.299084 0.415288 0.292789 0.372568
0 0.385694 0.347794 0.414964 0.343203 0.419268 0.367308 0.390285 0.371038 0.385694 0.347794
0 0.334094 0.305446 0.366246 0.299600 0.368045 0.316688 0.334769 0.322084 0.334094 0.305446
0 0.305415 0.316675 0.322054 0.303859 0.334645 0.314651 0.318231 0.330840 0.305415 0.316675
0 0.266518 0.310604 0.289452 0.293966 0.309013 0.313077 0.286079 0.331065 0.266518 0.310604
0 0.289901 0.289919 0.321379 0.272381 0.327450 0.291268 0.297996 0.305208 0.289901 0.289919
0 0.046852 0.438430 0.059192 0.388499 0.077844 0.392803 0.064931 0.444169 0.046852 0.438430
0 0.064644 0.456221 0.076409 0.439865 0.117445 0.468848 0.107688 0.481187 0.064644 0.456221
0 0.119166 0.456508 0.141549 0.454787 0.141549 0.461961 0.161063 0.461100 0.160776 0.439865 0.180002 0.442734 0.180863 0.459378 0.203246 0.457656 0.204968 0.476596 0.120601 0.480900 0.119166 0.456508
0 0.079817 0.442791 0.087216 0.437858 0.119166 0.456508 0.113994 0.466750 0.079817 0.442791
0 0.210182 0.459868 0.206835 0.459516 0.205778 0.443485 0.215996 0.444013 0.215291 0.448946 0.229913 0.448770 0.233084 0.453350 0.234317 0.459692 0.277302 0.455112 0.277479 0.473786 0.210711 0.476076 0.210182 0.459868
0 0.216882 0.414524 0.235103 0.414248 0.236069 0.419632 0.242971 0.419908 0.243109 0.414110 0.263676 0.414386 0.262295 0.429018 0.217297 0.431088 0.216882 0.414524
0 0.149477 0.404347 0.168139 0.406146 0.167015 0.414240 0.176008 0.415364 0.178482 0.407270 0.210634 0.415364 0.208161 0.431778 0.144081 0.420536 0.149477 0.404347
0 0.081537 0.379348 0.102047 0.359571 0.112301 0.369459 0.129881 0.358106 0.134276 0.363599 0.116696 0.383376 0.126951 0.390701 0.142333 0.373854 0.156251 0.388504 0.149477 0.404347 0.139770 0.420733 0.081537 0.379348
0 0.072022 0.295609 0.105597 0.299627 0.105023 0.313401 0.091249 0.313114 0.090675 0.326314 0.104162 0.329184 0.102047 0.359571 0.089240 0.356445 0.088379 0.366775 0.063414 0.366202 0.072022 0.295609
0 0.141254 0.274073 0.160480 0.254560 0.181141 0.265465 0.219881 0.311952 0.196063 0.330318 0.191472 0.323431 0.180567 0.333761 0.150436 0.297030 0.156750 0.292439 0.141254 0.274073
0 0.214329 0.409155 0.213757 0.394844 0.237418 0.393699 0.238372 0.411254 0.214711 0.411254 0.214329 0.409155
0 0.238372 0.411254 0.237418 0.393699 0.249821 0.391219 0.252111 0.407629 0.238372 0.411254
0 0.252111 0.407629 0.249821 0.391219 0.257645 0.389310 0.262797 0.402095 0.252111 0.407629
0 0.266893 0.382533 0.279105 0.380625 0.279868 0.395127 0.267465 0.396463 0.266893 0.382533
0 0.198078 0.339024 0.210863 0.329102 0.205901 0.323377 0.214297 0.316508 0.233379 0.336734 0.211053 0.355816 0.198078 0.339024
0 0.788255 0.999005 0.792161 0.982491 0.817389 0.985127 0.813349 0.999005 0.788255 0.999005
0 0.100713 0.799733 0.112198 0.796344 0.119352 0.823266 0.108997 0.825714 0.107092 0.811792 0.100713 0.799733
0 0.183707 0.780117 0.183197 0.777008 0.205069 0.773770 0.212098 0.786299 0.214208 0.790520 0.216600 0.814718 0.193949 0.820486 0.191364 0.793574 0.183707 0.780117
0 0.298458 0.753155 0.317680 0.749447 0.325681 0.761547 0.326852 0.778622 0.313357 0.780066 0.313498 0.793010 0.307308 0.793713 0.307144 0.779558 0.304949 0.766874 0.298458 0.753155
0 0.090753 0.730338 0.102257 0.727834 0.103814 0.734399 0.092580 0.736700 0.090753 0.730338
0 0.413328 0.612625 0.412719 0.596802 0.442335 0.591122 0.442944 0.604510 0.413328 0.612625
0 0.845075 0.350860 0.875200 0.338283 0.898599 0.378646 0.888655 0.383325 0.885730 0.377183 0.863794 0.385958 0.845075 0.350860
4 0.000062 0.287330 0.017774 0.291547 0.000006 0.368197 0.000006 0.360081 0.000062 0.287330
