0 0.000008 0.671123 0.013684 0.670221 0.016873 0.668356 0.035340 0.667535 0.037309 0.689209 0.019464 0.691942 0.020602 0.697054 0.014332 0.698501 0.015779 0.706057 0.006294 0.707343 0.000008 0.695783 0.000008 0.671123
0 0.007855 0.710157 0.020716 0.706620 0.022061 0.706140 0.022371 0.716890 0.013168 0.719132 0.007855 0.710157
0 0.039048 0.651969 0.057816 0.650331 0.060834 0.676070 0.045240 0.677356 0.043954 0.662887 0.039613 0.663369 0.039048 0.651969
0 0.011225 0.642005 0.017246 0.639538 0.035110 0.639439 0.036884 0.663049 0.012447 0.663370 0.011225 0.642005
0 0.044981 0.691086 0.059611 0.690443 0.061379 0.710539 0.046267 0.711664 0.044981 0.691086
0 0.039286 0.335404 0.046865 0.326278 0.054366 0.332620 0.046401 0.341668 0.039286 0.335404
0 0.115944 0.632309 0.115578 0.630739 0.124562 0.626769 0.156160 0.624307 0.164573 0.677040 0.123331 0.683400 0.115944 0.632309
0 0.226216 0.672234 0.232611 0.671030 0.250345 0.669103 0.249589 0.664191 0.268862 0.662679 0.274404 0.680188 0.274335 0.689869 0.229690 0.695520 0.226216 0.672234
0 0.290585 0.704023 0.327211 0.708314 0.327140 0.710495 0.348635 0.711707 0.348428 0.725552 0.326161 0.724119 0.325499 0.731945 0.288461 0.728307 0.290585 0.704023
0 0.761494 0.819814 0.762466 0.817633 0.798636 0.832195 0.790617 0.855268 0.754038 0.840355 0.761494 0.819814
0 0.520979 0.582642 0.548250 0.562476 0.571396 0.587684 0.545500 0.610142 0.520979 0.582642
0 0.542330 0.617790 0.570846 0.637328 0.562945 0.646485 0.547324 0.635891 0.545348 0.638405 0.532754 0.630064 0.542330 0.617790
0 0.545299 0.666637 0.550224 0.658759 0.559368 0.646519 0.575266 0.656367 0.572171 0.665793 0.562463 0.678737 0.545299 0.666637
0 0.567271 0.643114 0.566703 0.642776 0.570846 0.637328 0.580918 0.643255 0.576416 0.650430 0.567271 0.643114
0 0.945422 0.127361 0.966683 0.137208 0.959321 0.153907 0.937954 0.143492 0.945422 0.127361
0 0.959321 0.154883 0.938485 0.196506 0.914423 0.183672 0.927943 0.154110 0.938714 0.159839 0.944548 0.147995 0.959321 0.154883
0 0.733302 0.162932 0.749821 0.162752 0.750719 0.172628 0.733482 0.173706 0.733302 0.162932
0 0.801990 0.143807 0.823073 0.151828 0.817573 0.167411 0.794886 0.158932 0.801990 0.143807
0 0.782882 0.057827 0.811611 0.057468 0.811611 0.082965 0.797965 0.083863 0.797785 0.077219 0.781984 0.077758 0.782882 0.057827
0 0.786837 0.092111 0.807127 0.091572 0.807307 0.105757 0.787555 0.106116 0.786837 0.092111
0 0.781799 0.098795 0.781579 0.112905 0.765044 0.113456 0.764713 0.125141 0.755123 0.125141 0.755454 0.113015 0.756997 0.113015 0.757658 0.098575 0.781799 0.098795
0 0.780171 0.125474 0.780171 0.134760 0.761319 0.135182 0.761038 0.146859 0.756958 0.146859 0.756535 0.153471 0.742877 0.153499 0.742877 0.147105 0.731929 0.147377 0.732351 0.133589 0.752189 0.133449 0.752470 0.125851 0.780171 0.125474
0 0.544086 0.013588 0.532831 0.033003 0.518298 0.024954 0.520681 0.019574 0.520156 0.019336 0.527764 0.006064 0.544086 0.013588
0 0.527314 0.005859 0.519717 0.019131 0.508773 0.014151 0.510319 0.011995 0.515917 0.000608 0.527314 0.005859
0 0.594193 0.034253 0.584298 0.057324 0.560065 0.046485 0.562253 0.041284 0.561689 0.041055 0.570713 0.024541 0.594193 0.034253
0 0.568157 0.023480 0.570264 0.024355 0.561230 0.040869 0.539428 0.032099 0.548765 0.015579 0.568157 0.023480
4 0.587199 0.000007 0.583124 0.005923 0.574823 0.000858 0.575161 0.000008 0.587199 0.000007
4 0.470292 0.000136 0.481757 0.005648 0.471725 0.026041 0.460371 0.019537 0.470292 0.000136
0 0.787555 0.107093 0.803940 0.107505 0.803124 0.125871 0.786526 0.125327 0.787555 0.107093
0 0.782975 0.132344 0.792591 0.134324 0.793157 0.143374 0.801990 0.143807 0.794886 0.158932 0.783823 0.156950 0.782975 0.132344
