0 0.218390 0.000005 0.217440 0.024603 0.191982 0.022035 0.192821 0.000005 0.218390 0.000005
0 0.189068 0.027586 0.197430 0.031691 0.190588 0.042638 0.182378 0.037316 0.189068 0.027586
0 0.174671 0.056123 0.183014 0.056979 0.182800 0.066606 0.197562 0.068531 0.197562 0.064038 0.203552 0.064680 0.201840 0.085432 0.194353 0.085432 0.194353 0.083079 0.184084 0.082223 0.184084 0.088427 0.178308 0.088427 0.178308 0.090566 0.173173 0.090780 0.173387 0.087785 0.160979 0.087785 0.161193 0.076019 0.166113 0.075591 0.174671 0.056123
0 0.104147 0.168190 0.122760 0.140807 0.127252 0.145299 0.135168 0.135031 0.141372 0.141235 0.131103 0.152359 0.134740 0.156210 0.124685 0.170758 0.127680 0.172683 0.120834 0.181882 0.104147 0.168190
0 0.131103 0.152359 0.141372 0.141235 0.145048 0.137402 0.165167 0.158672 0.162172 0.161283 0.142591 0.179713 0.133837 0.170498 0.141899 0.162896 0.134740 0.156210 0.131103 0.152359
0 0.073561 0.177452 0.080251 0.168178 0.093327 0.177300 0.086333 0.186271 0.095303 0.193416 0.087853 0.203907 0.071889 0.192200 0.078427 0.183382 0.072649 0.179277 0.073561 0.177452
2 0.080668 0.229620 0.088156 0.233470 0.082379 0.244595 0.074250 0.239889 0.080668 0.229620
1 0.065051 0.251441 0.066976 0.249516 0.079170 0.259143 0.073180 0.267914 0.060130 0.283745 0.047294 0.273262 0.065051 0.251441
1 0.043252 0.279999 0.054804 0.288771 0.044963 0.300109 0.033625 0.291552 0.043252 0.279999
1 0.027634 0.306313 0.040043 0.317438 0.032769 0.326209 0.020147 0.315299 0.027634 0.306313
2 0.030007 0.377696 0.048620 0.379407 0.047336 0.399945 0.051187 0.401229 0.049475 0.411925 0.046694 0.411498 0.026157 0.410642 0.030007 0.377696
2 0.041346 0.369780 0.049903 0.358228 0.061242 0.365716 0.052471 0.378552 0.041346 0.369780
1 0.786935 0.772584 0.803491 0.773186 0.803792 0.784023 0.787537 0.784023 0.786935 0.772584
1 0.766194 0.790363 0.785047 0.789298 0.785959 0.809368 0.766954 0.810280 0.766194 0.790363
0 0.810180 0.886239 0.829648 0.888165 0.828792 0.898005 0.809538 0.896936 0.810180 0.886239
2 0.926132 0.901428 0.952018 0.902712 0.951376 0.915120 0.925918 0.914051 0.926132 0.901428
0 0.503331 0.962038 0.517023 0.962252 0.516381 0.969526 0.523441 0.964177 0.531357 0.973804 0.524939 0.981506 0.521516 0.977441 0.518949 0.980008 0.517023 0.990277 0.489854 0.989208 0.491351 0.976372 0.494560 0.976585 0.495416 0.969312 0.502262 0.970809 0.503331 0.962038
0 0.487733 0.940192 0.494603 0.931993 0.508564 0.944624 0.501473 0.951716 0.487733 0.940192
1 0.789927 0.798038 0.797545 0.796677 0.797681 0.810554 0.790471 0.811642 0.789927 0.798038
