0 0.799939 0.410981 0.827150 0.413224 0.826768 0.422942 0.823861 0.422942 0.824160 0.434006 0.798743 0.431165 0.799939 0.410981
0 0.852904 0.418901 0.859966 0.384562 0.891139 0.387241 0.887242 0.413543 0.868977 0.409890 0.867029 0.422798 0.852904 0.418901
0 0.999009 0.429169 0.989041 0.428947 0.987336 0.411413 0.999009 0.410066 0.999009 0.429169
0 0.955525 0.389074 0.970925 0.389373 0.970327 0.406866 0.952983 0.406118 0.952684 0.400437 0.955375 0.400437 0.955525 0.389074
0 0.989833 0.406567 0.990282 0.410902 0.987336 0.411413 0.989041 0.428947 0.977052 0.428415 0.977424 0.412248 0.980265 0.411650 0.980414 0.407464 0.989833 0.406567
0 0.921679 0.382134 0.933891 0.383660 0.931410 0.405413 0.919389 0.404459 0.921679 0.382134
0 0.926449 0.408276 0.936563 0.406368 0.939043 0.418389 0.948012 0.415908 0.951065 0.427358 0.931792 0.430792 0.926449 0.408276
0 0.916908 0.421824 0.928930 0.422205 0.928357 0.430792 0.916145 0.430601 0.916908 0.421824
0 0.901899 0.403871 0.901899 0.396047 0.915638 0.395475 0.916210 0.416465 0.892167 0.418564 0.891977 0.404634 0.901899 0.403871
0 0.965823 0.459208 0.981470 0.450430 0.989103 0.462643 0.973456 0.471993 0.965823 0.459208
0 0.960289 0.461879 0.955710 0.465696 0.964869 0.479816 0.949222 0.487831 0.943223 0.475830 0.946472 0.472410 0.938525 0.458760 0.945978 0.455392 0.935101 0.437455 0.945596 0.432303 0.960289 0.461879
0 0.937964 0.459017 0.938076 0.458965 0.945866 0.472339 0.934720 0.479053 0.923271 0.459017 0.933575 0.452529 0.937964 0.459017
0 0.903537 0.451250 0.919566 0.447052 0.923764 0.460791 0.908498 0.466134 0.903537 0.451250
0 0.897240 0.441710 0.908307 0.437702 0.911551 0.445335 0.901056 0.449151 0.897240 0.441710
0 0.878731 0.447625 0.892470 0.440565 0.901629 0.461173 0.888462 0.467661 0.878731 0.447625
0 0.848963 0.452395 0.864419 0.450869 0.865564 0.469760 0.848963 0.471477 0.848963 0.452395
0 0.830645 0.460028 0.832553 0.450678 0.847437 0.455067 0.844956 0.470332 0.839231 0.469378 0.839231 0.462509 0.830645 0.460028
0 0.804121 0.438275 0.829881 0.442664 0.827401 0.461555 0.833889 0.463272 0.833316 0.468615 0.800305 0.464226 0.804121 0.438275
0 0.776034 0.437504 0.796004 0.437261 0.797465 0.454795 0.776521 0.456256 0.776034 0.437504
0 0.759473 0.437017 0.774085 0.435312 0.775059 0.445054 0.760204 0.446759 0.759473 0.437017
0 0.715636 0.425814 0.724647 0.420700 0.730005 0.427763 0.735850 0.424353 0.749488 0.444810 0.736581 0.455526 0.715636 0.425814
0 0.721725 0.451873 0.730005 0.448950 0.738285 0.464050 0.728787 0.466729 0.721725 0.451873
0 0.738772 0.455769 0.749245 0.450168 0.754115 0.460884 0.742913 0.464537 0.738772 0.455769
0 0.749039 0.400161 0.770410 0.403405 0.768693 0.419052 0.755145 0.416380 0.754191 0.421151 0.745604 0.418861 0.749039 0.400161
0 0.776135 0.391955 0.791019 0.391383 0.792164 0.403405 0.777089 0.404931 0.776135 0.391955
0 0.719080 0.395009 0.746749 0.398443 0.745032 0.410846 0.739307 0.410083 0.738162 0.417525 0.715646 0.414472 0.719080 0.395009
0 0.702098 0.379362 0.719462 0.381270 0.717745 0.398634 0.708776 0.398634 0.708967 0.394245 0.700380 0.393291 0.702098 0.379362
0 0.726104 0.334258 0.746140 0.336548 0.745567 0.346661 0.724959 0.344562 0.726104 0.334258
3 0.572152 0.409008 0.581875 0.415451 0.574846 0.426228 0.565123 0.418848 0.572152 0.409008
0 0.714059 0.178421 0.727425 0.162569 0.744831 0.175313 0.734263 0.191165 0.714059 0.178421
0 0.729290 0.197071 0.738614 0.203909 0.733641 0.210436 0.724938 0.204841 0.729290 0.197071
0 0.711243 0.423209 0.708145 0.434051 0.698697 0.432347 0.694979 0.446287 0.689403 0.443809 0.687699 0.452793 0.674069 0.449385 0.685996 0.414225 0.711243 0.423209
0 0.702098 0.379362 0.700380 0.393291 0.698748 0.399881 0.692088 0.398332 0.693947 0.378506 0.702098 0.379362
0 0.872117 0.428939 0.885248 0.426541 0.887075 0.433163 0.873944 0.436475 0.872117 0.428939
0 0.934720 0.479053 0.926539 0.481548 0.918661 0.466020 0.925512 0.462708 0.934720 0.479053
0 0.613676 0.391148 0.630214 0.395416 0.628614 0.406619 0.611542 0.402351 0.613676 0.391148
0 0.943716 0.608283 0.962388 0.593345 0.967190 0.599747 0.973592 0.594945 0.981594 0.606149 0.955453 0.625889 0.943716 0.608283
4 0.948517 0.501583 0.958654 0.496248 0.963989 0.504250 0.954386 0.507451 0.948517 0.501583
