0 0.155173 0.000002 0.159443 0.007005 0.162337 0.025092 0.137256 0.035703 0.129780 0.030156 0.116998 0.007005 0.119722 0.000002 0.155173 0.000002
0 0.094982 0.052216 0.112105 0.034370 0.137973 0.052699 0.133226 0.059879 0.148423 0.073104 0.139954 0.082500 0.123714 0.068463 0.117218 0.070667 0.094982 0.052216
0 0.591251 0.026776 0.590535 0.028002 0.561821 0.011628 0.570852 0.000001 0.582337 0.000000 0.591051 0.004599 0.591251 0.026776
0 0.572869 0.964183 0.577451 0.955501 0.583721 0.953813 0.599665 0.960802 0.599806 0.976470 0.572869 0.964183
0 0.526083 0.915468 0.530424 0.904374 0.545135 0.909439 0.540794 0.920773 0.526083 0.915468
4 0.599143 0.902781 0.588807 0.890747 0.598951 0.881549 0.599143 0.902781
4 0.585285 0.868339 0.592095 0.864193 0.587358 0.853829 0.598636 0.846589 0.598898 0.875630 0.591799 0.879443 0.585285 0.868339
0 0.553157 0.840505 0.546051 0.821850 0.566482 0.813559 0.565742 0.810450 0.574033 0.807044 0.576698 0.814891 0.583360 0.813411 0.596093 0.844354 0.589579 0.847019 0.589727 0.849980 0.563077 0.852497 0.558783 0.841689 0.553157 0.840505
0 0.566425 0.800511 0.560567 0.791630 0.555843 0.792008 0.549041 0.774624 0.570960 0.764987 0.578896 0.782371 0.572661 0.786340 0.573983 0.797299 0.566425 0.800511
0 0.444825 0.731470 0.436822 0.700999 0.453135 0.695151 0.454674 0.698536 0.467602 0.695151 0.474681 0.722236 0.444825 0.731470
0 0.388711 0.687478 0.373973 0.675574 0.384932 0.662914 0.401938 0.676708 0.390790 0.689179 0.388711 0.687478
0 0.378798 0.693451 0.366734 0.682314 0.372766 0.676862 0.387498 0.689855 0.384018 0.692871 0.380886 0.692175 0.378798 0.693451
0 0.381638 0.694812 0.382547 0.693903 0.384729 0.693994 0.388637 0.690176 0.399635 0.701265 0.392636 0.706082 0.381638 0.694812
0 0.335321 0.625897 0.324928 0.617772 0.330597 0.610402 0.341179 0.618717 0.335321 0.625897
0 0.320771 0.645549 0.313213 0.640258 0.319826 0.631566 0.327762 0.637423 0.320771 0.645549
0 0.318770 0.767043 0.315153 0.743650 0.333723 0.740273 0.335893 0.752814 0.338787 0.752573 0.339752 0.762702 0.318770 0.767043
0 0.341501 0.763334 0.341037 0.756141 0.345097 0.755909 0.345097 0.752429 0.355305 0.752893 0.354377 0.759969 0.350201 0.760201 0.348693 0.764146 0.341501 0.763334
0 0.140260 0.750549 0.143661 0.742235 0.139315 0.740156 0.146316 0.726009 0.150652 0.728441 0.151786 0.726740 0.192617 0.748700 0.188572 0.755936 0.192718 0.758601 0.187092 0.767040 0.181466 0.765116 0.181762 0.760674 0.175988 0.757121 0.172582 0.760230 0.169029 0.757565 0.164736 0.762747 0.140260 0.750549
0 0.138479 0.814405 0.138131 0.800484 0.147411 0.800136 0.148456 0.814405 0.138479 0.814405
0 0.149439 0.814108 0.148799 0.799190 0.154604 0.799092 0.154836 0.797236 0.171656 0.796888 0.172004 0.802688 0.177225 0.802920 0.176993 0.813361 0.149439 0.814108
0 0.196645 0.803405 0.197086 0.794587 0.228062 0.796461 0.227510 0.806051 0.196645 0.803405
0 0.355089 0.895911 0.345381 0.883108 0.355089 0.876496 0.353963 0.875089 0.359591 0.870024 0.362967 0.873260 0.379287 0.861723 0.385337 0.869180 0.377880 0.875089 0.380975 0.878887 0.359731 0.894082 0.355089 0.895911
0 0.332780 0.826299 0.347462 0.809931 0.355362 0.815729 0.360627 0.808417 0.372911 0.815436 0.368232 0.823626 0.397187 0.842344 0.388705 0.853459 0.355547 0.834174 0.350964 0.837382 0.332780 0.826299
0 0.349570 0.846514 0.350858 0.859709 0.343056 0.860283 0.341660 0.845986 0.349570 0.846514
0 0.375034 0.788762 0.378445 0.780502 0.382396 0.781938 0.390296 0.762546 0.404302 0.768292 0.392092 0.795944 0.375034 0.788762
0 0.538265 0.714922 0.531622 0.701814 0.541856 0.696966 0.548320 0.710792 0.538265 0.714922
0 0.572462 0.717945 0.566905 0.707708 0.588386 0.695261 0.594280 0.705531 0.572462 0.717945
0 0.576369 0.692270 0.568459 0.694749 0.568506 0.694922 0.555879 0.697549 0.549548 0.674076 0.569187 0.668612 0.576369 0.692270
0 0.544700 0.646894 0.540057 0.628183 0.549061 0.625088 0.547935 0.620586 0.567773 0.614255 0.571993 0.626917 0.568195 0.629590 0.568757 0.639719 0.557221 0.642533 0.557396 0.644768 0.544700 0.646894
0 0.498950 0.519415 0.528038 0.514746 0.530193 0.524981 0.522472 0.527495 0.523010 0.531984 0.504157 0.538448 0.498950 0.519415
0 0.566284 0.583158 0.571311 0.577412 0.582030 0.584228 0.576878 0.591597 0.584778 0.599857 0.579212 0.613683 0.567234 0.613716 0.557126 0.615658 0.555690 0.615119 0.544557 0.619069 0.546712 0.624276 0.539518 0.627644 0.527320 0.605423 0.517070 0.581016 0.551572 0.573555 0.566284 0.583158
0 0.532706 0.561252 0.534043 0.562021 0.511113 0.566475 0.504516 0.540243 0.524986 0.531086 0.532706 0.561252
0 0.452720 0.499208 0.438176 0.487177 0.443742 0.480534 0.436919 0.474070 0.447333 0.461142 0.458466 0.468683 0.456132 0.471376 0.481808 0.492923 0.472112 0.504415 0.462775 0.497412 0.459184 0.503158 0.452720 0.499208
0 0.564799 0.415081 0.565945 0.401560 0.594661 0.405287 0.595025 0.445762 0.581986 0.449456 0.560445 0.444873 0.559757 0.439373 0.569611 0.438456 0.572591 0.416685 0.564799 0.415081
0 0.487112 0.393769 0.480695 0.374519 0.492841 0.370852 0.496966 0.390790 0.487112 0.393769
0 0.478862 0.397206 0.469499 0.384459 0.478088 0.378617 0.485367 0.390250 0.484691 0.395934 0.478862 0.397206
0 0.443921 0.370475 0.431679 0.353789 0.436559 0.348030 0.431153 0.337282 0.453437 0.323790 0.456490 0.328459 0.462235 0.325586 0.477498 0.354315 0.450385 0.368320 0.443921 0.370475
0 0.427453 0.284826 0.421170 0.278102 0.428691 0.270165 0.435873 0.275731 0.427453 0.284826
0 0.413428 0.255441 0.421868 0.245565 0.436232 0.257775 0.428691 0.267471 0.413428 0.255441
0 0.456307 0.249932 0.434079 0.233261 0.443438 0.219807 0.466252 0.236186 0.456307 0.249932
0 0.437171 0.265519 0.445071 0.250974 0.448483 0.252052 0.450637 0.248999 0.457603 0.251814 0.459072 0.250777 0.468659 0.257082 0.466500 0.263819 0.472546 0.267533 0.465549 0.279193 0.437171 0.265519
0 0.480726 0.272822 0.479110 0.265281 0.497604 0.239066 0.523640 0.246787 0.524179 0.260612 0.506402 0.286289 0.495808 0.283596 0.485933 0.279287 0.480726 0.272822
0 0.568735 0.227392 0.563809 0.243262 0.532930 0.232119 0.538256 0.218454 0.568735 0.227392
0 0.585958 0.254102 0.590627 0.240995 0.572132 0.234531 0.575724 0.225373 0.593103 0.232359 0.593315 0.255901 0.585958 0.254102
0 0.554356 0.301326 0.566566 0.268826 0.575185 0.272238 0.562795 0.304917 0.554356 0.301326
0 0.203987 0.348071 0.221560 0.325207 0.239323 0.335411 0.243102 0.342969 0.225340 0.366400 0.210790 0.356952 0.212868 0.353740 0.203987 0.348071
0 0.174699 0.331254 0.184336 0.314814 0.171486 0.303099 0.177911 0.295540 0.217592 0.327852 0.198319 0.351472 0.174699 0.331254
0 0.145348 0.269868 0.162818 0.246623 0.182361 0.260096 0.166668 0.279343 0.158821 0.273717 0.155712 0.278011 0.145348 0.269868
0 0.166075 0.246771 0.176883 0.231522 0.195834 0.244255 0.184434 0.258764 0.166075 0.246771
0 0.391238 0.158357 0.400497 0.150987 0.429975 0.125856 0.436966 0.132469 0.433754 0.137004 0.438100 0.143618 0.443391 0.158168 0.422228 0.177442 0.414669 0.169694 0.406922 0.174229 0.391238 0.158357
0 0.381704 0.146897 0.366276 0.124508 0.382284 0.110356 0.398540 0.125749 0.384768 0.138472 0.388222 0.142494 0.381704 0.146897
0 0.396631 0.219854 0.385273 0.232061 0.378600 0.227104 0.386348 0.216738 0.396631 0.219854
0 0.415317 0.199566 0.400234 0.220439 0.386660 0.216318 0.405250 0.191423 0.415317 0.199566
0 0.356217 0.192924 0.374924 0.170060 0.382104 0.168737 0.399677 0.184232 0.402982 0.191612 0.390796 0.206718 0.379081 0.221834 0.369444 0.214843 0.370389 0.205206 0.358296 0.195758 0.356217 0.192924
0 0.349170 0.163641 0.363399 0.149412 0.376904 0.160506 0.361711 0.176181 0.349170 0.163641
0 0.354994 0.141081 0.350894 0.147351 0.351859 0.151933 0.343477 0.159561 0.318057 0.140791 0.331601 0.126129 0.354994 0.141081
0 0.221637 0.122862 0.231113 0.111906 0.222082 0.105244 0.230224 0.095472 0.261020 0.119605 0.242365 0.138852 0.221637 0.122862
0 0.290526 0.095320 0.310957 0.070595 0.338051 0.090139 0.340420 0.087177 0.353005 0.096505 0.342789 0.108793 0.328428 0.100206 0.323098 0.107461 0.312734 0.101835 0.306812 0.108053 0.290526 0.095320
0 0.258907 0.100529 0.270812 0.080122 0.286684 0.089192 0.271190 0.108087 0.258907 0.100529
0 0.333786 0.037146 0.325345 0.052580 0.332339 0.058368 0.320522 0.074044 0.310634 0.067291 0.299540 0.078626 0.291099 0.071873 0.310151 0.045345 0.287578 0.039463 0.288318 0.031339 0.287552 0.030026 0.292998 0.023369 0.333786 0.037146
0 0.282176 0.014959 0.280971 0.019300 0.291118 0.022961 0.286959 0.029979 0.287818 0.031451 0.287100 0.039346 0.287000 0.039316 0.284106 0.040040 0.261195 0.032564 0.262513 0.029878 0.265297 0.030458 0.269822 0.018509 0.265993 0.017233 0.266501 0.012306 0.282176 0.014959
0 0.198625 0.048024 0.216953 0.032349 0.249993 0.058153 0.237935 0.073829 0.231664 0.068041 0.225153 0.072864 0.198625 0.048024
0 0.253951 0.075075 0.265289 0.051644 0.285681 0.060978 0.274923 0.081831 0.270650 0.079410 0.268869 0.082543 0.253951 0.075075
0 0.018664 0.153033 0.017941 0.145557 0.026623 0.144110 0.027587 0.151827 0.018664 0.153033
