0 0.999008 0.757065 0.985780 0.766806 0.970437 0.745375 0.989920 0.734172 0.999008 0.747566 0.999008 0.757065
0 0.900508 0.830837 0.908861 0.841509 0.890036 0.851050 0.881756 0.840091 0.900508 0.830837
0 0.920168 0.817097 0.933658 0.832161 0.913661 0.845205 0.909837 0.841509 0.901485 0.830837 0.920168 0.817097
0 0.843749 0.831085 0.841650 0.825296 0.831622 0.827932 0.835968 0.847274 0.814738 0.852955 0.810103 0.838602 0.807412 0.840546 0.810552 0.852656 0.801431 0.856543 0.792012 0.827389 0.850440 0.814219 0.854214 0.828299 0.843749 0.831085
0 0.830004 0.886166 0.832302 0.892885 0.838275 0.910692 0.840320 0.916517 0.824921 0.922049 0.819688 0.906500 0.823575 0.905603 0.818791 0.889156 0.830004 0.886166
0 0.837489 0.919214 0.839832 0.924603 0.831398 0.928235 0.828821 0.922729 0.837489 0.919214
4 0.899049 0.000003 0.904726 0.003337 0.897699 0.010962 0.898297 0.017541 0.891569 0.025166 0.877066 0.015298 0.886784 0.004085 0.885439 0.001543 0.881103 0.004982 0.874529 0.000003 0.899049 0.000003
4 0.931439 0.000002 0.925947 0.005888 0.920909 0.000002 0.931439 0.000002
0 0.833278 0.892885 0.843670 0.888480 0.844720 0.890967 0.855380 0.886749 0.862292 0.908421 0.852686 0.913107 0.849523 0.905727 0.839251 0.910692 0.833278 0.892885
0 0.799296 0.878829 0.812768 0.875901 0.816517 0.884452 0.816399 0.894878 0.801991 0.896870 0.801873 0.886092 0.799296 0.878829
0 0.884136 0.854460 0.896252 0.854277 0.896619 0.863914 0.884963 0.864190 0.884136 0.854460
0 0.921145 0.817097 0.927511 0.813236 0.941555 0.828198 0.939260 0.829666 0.942564 0.834255 0.938893 0.837468 0.934635 0.832161 0.921145 0.817097
