0 0.508946 0.999008 0.508010 0.995255 0.419419 0.914047 0.437055 0.896821 0.525646 0.977209 0.528517 0.972697 0.559754 0.999008 0.508946 0.999008
0 0.532618 0.971467 0.565020 0.943167 0.614237 0.984181 0.601522 0.997716 0.603377 0.999007 0.559948 0.999008 0.532618 0.971467
0 0.573222 0.931273 0.598651 0.902153 0.631873 0.930863 0.607674 0.959983 0.573222 0.931273
0 0.615877 0.979670 0.623670 0.970237 0.632693 0.977209 0.625721 0.986642 0.615877 0.979670
0 0.373551 0.929250 0.385763 0.926468 0.390245 0.939762 0.375715 0.943781 0.373551 0.929250
0 0.388081 0.889524 0.398593 0.887514 0.401375 0.896480 0.410959 0.894625 0.431209 0.963567 0.410031 0.970214 0.388081 0.889524
0 0.399520 0.853198 0.454550 0.857835 0.452695 0.882258 0.398902 0.878703 0.399520 0.853198
2 0.463670 0.854589 0.513753 0.882104 0.534467 0.903590 0.524110 0.917966 0.501233 0.896480 0.455168 0.868655 0.463670 0.854589
0 0.030711 0.319118 0.115977 0.320824 0.116830 0.435080 0.032416 0.430816 0.030711 0.319118
0 0.160485 0.043080 0.189086 0.035046 0.200976 0.073931 0.174303 0.082607 0.171411 0.065575 0.167555 0.065575 0.160485 0.043080
0 0.219615 0.066218 0.240181 0.060112 0.245323 0.072324 0.223471 0.078751 0.219615 0.066218
2 0.950501 0.319418 0.986171 0.323917 0.977495 0.371157 0.962391 0.368907 0.957892 0.395259 0.941824 0.392045 0.950501 0.319418
0 0.999009 0.278957 0.971389 0.261895 0.987778 0.243257 0.981672 0.239079 0.988421 0.229438 0.992598 0.231366 0.999009 0.216338 0.999009 0.278957
3 0.999008 0.124647 0.986875 0.157874 0.967189 0.150081 0.977852 0.124242 0.976631 0.123799 0.999008 0.084542 0.999008 0.124647
0 0.999008 0.083556 0.976162 0.123633 0.936018 0.109067 0.981133 0.000789 0.999008 0.000041 0.999008 0.083556
