0 0.999009 0.135381 0.977933 0.108269 0.958973 0.119148 0.913904 0.053876 0.999009 0.000620 0.999009 0.135381
0 0.766377 0.175764 0.777889 0.160813 0.795681 0.171727 0.784318 0.186379 0.766377 0.175764
0 0.810079 0.225306 0.811796 0.201072 0.820574 0.201645 0.821337 0.196493 0.840800 0.198019 0.839083 0.227787 0.810079 0.225306
0 0.830747 0.191020 0.832504 0.175557 0.847030 0.178134 0.847264 0.172979 0.858159 0.174854 0.855699 0.194768 0.830747 0.191020
0 0.845220 0.309352 0.851799 0.301932 0.864466 0.296424 0.870340 0.303125 0.854002 0.317260 0.845220 0.309352
0 0.629123 0.564348 0.644972 0.562404 0.645869 0.569730 0.630170 0.571973 0.629123 0.564348
0 0.686100 0.550519 0.686672 0.518653 0.697167 0.519225 0.695450 0.549756 0.686100 0.550519
0 0.081215 0.637528 0.108491 0.590526 0.143317 0.610496 0.114178 0.657413 0.081215 0.637528
0 0.132408 0.650597 0.166380 0.628222 0.176806 0.637945 0.181727 0.647434 0.165795 0.657508 0.177158 0.669457 0.167786 0.676017 0.154432 0.659383 0.142834 0.666294 0.132408 0.650597
0 0.193952 0.580104 0.216379 0.574871 0.223406 0.584888 0.223256 0.595503 0.198886 0.600138 0.193952 0.580104
0 0.196248 0.641446 0.215694 0.639220 0.217100 0.651403 0.197888 0.653863 0.196248 0.641446
0 0.221439 0.682244 0.223022 0.666494 0.231867 0.667645 0.229998 0.687422 0.221439 0.682244
0 0.250094 0.709704 0.267736 0.694604 0.283734 0.712695 0.267287 0.727945 0.250094 0.709704
0 0.329359 0.677428 0.342997 0.664034 0.354687 0.676941 0.342266 0.689118 0.329359 0.677428
0 0.353469 0.714933 0.371247 0.693258 0.392192 0.708844 0.374413 0.730763 0.353469 0.714933
0 0.381902 0.751873 0.394114 0.744431 0.399838 0.753018 0.412814 0.744622 0.424072 0.762750 0.398121 0.778588 0.381902 0.751873
0 0.412242 0.708367 0.418348 0.699589 0.446398 0.720961 0.440483 0.729357 0.412242 0.708367
0 0.203172 0.485231 0.211958 0.481951 0.215472 0.489565 0.206920 0.493314 0.203172 0.485231
4 0.217425 0.511421 0.231307 0.504115 0.240318 0.520188 0.227654 0.527738 0.217425 0.511421
0 0.000009 0.662854 0.018169 0.673413 0.000009 0.698508 0.000009 0.662854
0 0.133689 0.843933 0.170220 0.822745 0.182884 0.842228 0.149519 0.863172 0.133689 0.843933
0 0.185670 0.892948 0.198977 0.885024 0.204509 0.893397 0.190903 0.900872 0.185670 0.892948
0 0.252168 0.887441 0.257490 0.897607 0.246714 0.904806 0.235595 0.889484 0.246879 0.881212 0.252168 0.887441
0 0.284661 0.888844 0.263671 0.904682 0.258328 0.897050 0.257891 0.897344 0.252607 0.887246 0.273402 0.873007 0.284661 0.888844
0 0.247215 0.867044 0.256933 0.859270 0.267549 0.872277 0.257980 0.879304 0.247215 0.867044
0 0.202390 0.937233 0.227961 0.922134 0.243061 0.940399 0.240625 0.942104 0.245740 0.950141 0.211888 0.972059 0.198250 0.953063 0.207991 0.947218 0.202390 0.937233
0 0.243274 0.925969 0.270186 0.908625 0.288128 0.934341 0.283642 0.937481 0.285287 0.940023 0.261963 0.953778 0.243274 0.925969
0 0.282308 0.915310 0.291429 0.907984 0.307576 0.926074 0.296063 0.932952 0.282308 0.915310
0 0.305265 0.909329 0.320216 0.895873 0.330831 0.905741 0.316628 0.921888 0.305265 0.909329
0 0.290830 0.895444 0.301744 0.870177 0.314004 0.880044 0.298754 0.901125 0.290830 0.895444
0 0.304884 0.869280 0.321629 0.850890 0.332842 0.858664 0.338822 0.866738 0.321330 0.885277 0.304884 0.869280
0 0.378379 0.952894 0.396316 0.932095 0.426465 0.955375 0.409673 0.974838 0.417305 0.981898 0.412344 0.986860 0.398987 0.976174 0.402231 0.972358 0.378379 0.952894
4 0.432389 0.999008 0.438779 0.992617 0.444592 0.997710 0.453179 0.989123 0.463218 0.999008 0.432389 0.999008
0 0.453685 0.904321 0.473655 0.918690 0.464644 0.930379 0.448083 0.951811 0.429648 0.937148 0.453242 0.903799 0.453685 0.904321
0 0.418615 0.891413 0.424217 0.885082 0.444674 0.893605 0.452920 0.903408 0.429268 0.936846 0.426652 0.934763 0.398158 0.913332 0.401081 0.910653 0.392800 0.904321 0.407900 0.884838 0.418615 0.891413
0 0.465016 0.931867 0.476821 0.941095 0.460991 0.959360 0.449570 0.952183 0.465016 0.931867
0 0.477192 0.941467 0.488879 0.952435 0.474077 0.969778 0.461734 0.959360 0.477192 0.941467
0 0.481613 0.963938 0.489579 0.954800 0.501645 0.965695 0.494148 0.974481 0.481613 0.963938
0 0.801305 0.612345 0.827103 0.601155 0.833008 0.613588 0.806899 0.624156 0.801305 0.612345
0 0.322211 0.778960 0.335950 0.766557 0.344537 0.775907 0.339194 0.780868 0.344728 0.786592 0.336332 0.794034 0.322211 0.778960
