0 0.190251 0.000005 0.194251 0.017184 0.187904 0.020755 0.178782 0.000005 0.190251 0.000005
4 0.771418 0.000005 0.767148 0.010208 0.746575 0.000006 0.771418 0.000005
0 0.749756 0.019638 0.760959 0.024022 0.753896 0.045209 0.728568 0.036442 0.734170 0.021343 0.746834 0.026214 0.749756 0.019638
0 0.734325 0.043537 0.763306 0.051817 0.756487 0.076658 0.746258 0.074709 0.747963 0.066916 0.734082 0.061558 0.734325 0.043537
0 0.719314 0.049857 0.733376 0.054364 0.724785 0.079752 0.709816 0.074454 0.719314 0.049857
0 0.728896 0.072570 0.748485 0.082116 0.745029 0.090005 0.725060 0.079935 0.728896 0.072570
3 0.708082 0.082553 0.718697 0.087338 0.712866 0.100345 0.701802 0.095710 0.708082 0.082553
3 0.719993 0.088752 0.727842 0.091915 0.724445 0.100584 0.716244 0.097538 0.719993 0.088752
0 0.361415 0.091479 0.383854 0.073663 0.399573 0.092398 0.377013 0.109937 0.361415 0.091479
0 0.355707 0.092653 0.369756 0.107152 0.353088 0.115445 0.343589 0.109279 0.347311 0.104674 0.345350 0.102938 0.355707 0.092653
0 0.342800 0.109680 0.352450 0.116294 0.342879 0.127610 0.334262 0.119511 0.342800 0.109680
0 0.151614 0.010620 0.166880 0.003751 0.170887 0.011192 0.178710 0.007758 0.185389 0.023023 0.168215 0.030847 0.164017 0.021306 0.157529 0.024931 0.151614 0.010620
4 0.120134 0.000003 0.105627 0.003751 0.101720 0.000003 0.120134 0.000003
0 0.097705 0.008490 0.117740 0.001463 0.122823 0.016414 0.102490 0.023292 0.097705 0.008490
0 0.147912 0.009593 0.158980 0.033445 0.151347 0.037452 0.139898 0.014554 0.147912 0.009593
0 0.237133 0.000006 0.244061 0.012700 0.229177 0.017279 0.217019 0.000005 0.237133 0.000006
0 0.267482 0.011777 0.273462 0.029868 0.249690 0.038091 0.242813 0.020150 0.267482 0.011777
0 0.271668 0.017459 0.287965 0.011628 0.292002 0.021645 0.275705 0.028074 0.271668 0.017459
0 0.240555 0.021335 0.243798 0.034373 0.236357 0.036281 0.238456 0.044296 0.215557 0.051547 0.213297 0.040755 0.226243 0.037808 0.223444 0.025695 0.240555 0.021335
0 0.231797 0.047588 0.261251 0.036972 0.270670 0.054764 0.238226 0.066276 0.231797 0.047588
0 0.234452 0.075980 0.261485 0.068674 0.267817 0.097899 0.258075 0.100091 0.255396 0.087427 0.237862 0.091080 0.234452 0.075980
0 0.279508 0.094625 0.291469 0.092233 0.296253 0.112716 0.283993 0.114361 0.279508 0.094625
0 0.280106 0.103745 0.284442 0.117799 0.261567 0.123331 0.237197 0.128714 0.231366 0.100307 0.250802 0.097167 0.254241 0.110324 0.280106 0.103745
0 0.311521 0.190628 0.351948 0.185270 0.354870 0.208893 0.314443 0.213764 0.311521 0.190628
0 0.097888 0.116292 0.128831 0.106374 0.139145 0.138904 0.108202 0.149218 0.097888 0.116292
0 0.073064 0.172990 0.085174 0.170298 0.088015 0.181362 0.075904 0.184352 0.073064 0.172990
0 0.165259 0.202636 0.185737 0.202592 0.186292 0.221674 0.165600 0.221557 0.165259 0.202636
0 0.189935 0.204500 0.219320 0.203737 0.220275 0.217667 0.191270 0.219575 0.189935 0.204500
0 0.187496 0.184932 0.218657 0.184698 0.219008 0.202153 0.188082 0.202856 0.187496 0.184932
0 0.194966 0.090949 0.215180 0.086321 0.225165 0.123826 0.208117 0.127479 0.204951 0.116276 0.193505 0.119442 0.192531 0.113598 0.178406 0.116764 0.175727 0.107753 0.198132 0.102395 0.194966 0.090949
0 0.170093 0.137892 0.183435 0.136963 0.183678 0.152306 0.170198 0.154149 0.170093 0.137892
0 0.111562 0.164138 0.131604 0.159220 0.136003 0.173195 0.115107 0.179769 0.111562 0.164138
0 0.191925 0.133702 0.224795 0.126461 0.224604 0.154789 0.194008 0.156725 0.191925 0.133702
0 0.160362 0.164975 0.220351 0.164664 0.220351 0.180206 0.160673 0.181138 0.160362 0.164975
0 0.278206 0.123885 0.282833 0.136549 0.257262 0.146290 0.259454 0.164312 0.235587 0.164799 0.235831 0.134113 0.278206 0.123885
0 0.229506 0.169847 0.243560 0.169698 0.243709 0.182257 0.248643 0.182257 0.248792 0.186891 0.258511 0.186592 0.258660 0.194217 0.248792 0.194068 0.248942 0.197507 0.240202 0.197612 0.240569 0.192722 0.234786 0.192838 0.235037 0.188536 0.229403 0.188342 0.229506 0.169847
0 0.250579 0.164971 0.259454 0.164312 0.259834 0.171063 0.266862 0.170594 0.266979 0.168251 0.279280 0.166963 0.279865 0.177623 0.283028 0.177389 0.283848 0.188400 0.259599 0.188752 0.258896 0.180669 0.245307 0.181020 0.245190 0.170360 0.250930 0.170360 0.250579 0.164971
0 0.299597 0.391824 0.369979 0.368931 0.410406 0.424945 0.395307 0.434443 0.365352 0.384518 0.303737 0.404731 0.299597 0.391824
0 0.401036 0.432152 0.412984 0.425357 0.424699 0.450778 0.400098 0.461555 0.391898 0.442812 0.403378 0.437892 0.401036 0.432152
0 0.322758 0.357745 0.338573 0.354347 0.342790 0.375317 0.315893 0.382102 0.313991 0.368316 0.323578 0.365828 0.322758 0.357745
0 0.382128 0.465654 0.409174 0.461863 0.412096 0.482564 0.356083 0.490601 0.353647 0.476719 0.382872 0.471118 0.382128 0.465654
0 0.260270 0.377658 0.281701 0.377171 0.282432 0.403473 0.286085 0.403717 0.287059 0.424417 0.292417 0.424417 0.292417 0.441708 0.259295 0.444144 0.260270 0.377658
0 0.316419 0.340669 0.329177 0.338833 0.331288 0.353427 0.318622 0.355171 0.316419 0.340669
0 0.180041 0.324637 0.208854 0.322156 0.210953 0.346390 0.182393 0.350448 0.180041 0.324637
0 0.172672 0.254134 0.221867 0.252673 0.222597 0.273617 0.214317 0.273617 0.214560 0.277514 0.206524 0.278244 0.206280 0.289934 0.196052 0.289203 0.189720 0.289691 0.190207 0.304303 0.175107 0.304790 0.172672 0.254134
0 0.276454 0.271090 0.306914 0.270779 0.307847 0.300618 0.277076 0.301239 0.276454 0.271090
0 0.245683 0.269846 0.270548 0.272333 0.268373 0.301861 0.241020 0.299685 0.245683 0.269846
0 0.139180 0.142648 0.150820 0.138832 0.152728 0.146083 0.141088 0.149327 0.139180 0.142648
0 0.209158 0.029351 0.220989 0.026298 0.223470 0.035839 0.211066 0.039465 0.209158 0.029351
0 0.218515 0.004146 0.223598 0.014014 0.213133 0.019097 0.207900 0.008781 0.218515 0.004146
0 0.152799 0.041895 0.184194 0.028307 0.188294 0.036741 0.157016 0.051267 0.152799 0.041895
0 0.170320 0.085828 0.205464 0.081025 0.206166 0.086531 0.186486 0.090397 0.187072 0.092271 0.180512 0.093325 0.182035 0.102931 0.172429 0.104571 0.170320 0.085828
0 0.185476 0.093091 0.191436 0.092605 0.192281 0.102568 0.185397 0.103211 0.185476 0.093091
0 0.159003 0.088178 0.167974 0.085785 0.171861 0.102830 0.162143 0.105670 0.159003 0.088178
0 0.214663 0.053992 0.228252 0.050478 0.234695 0.067229 0.218529 0.071212 0.214663 0.053992
0 0.304515 0.237294 0.315231 0.235833 0.317179 0.249471 0.305733 0.250932 0.304515 0.237294
0 0.241380 0.219121 0.261564 0.218223 0.262312 0.234819 0.241514 0.235013 0.241380 0.219121
0 0.249305 0.240507 0.249903 0.251421 0.243773 0.251720 0.244372 0.264130 0.231709 0.263986 0.231885 0.239604 0.249305 0.240507
0 0.250430 0.242634 0.282719 0.241537 0.283265 0.257221 0.253376 0.256943 0.253332 0.251551 0.250667 0.251421 0.250430 0.242634
0 0.238935 0.199752 0.259552 0.198581 0.260841 0.217207 0.239403 0.218378 0.238935 0.199752
0 0.263039 0.190215 0.278385 0.190332 0.278151 0.201578 0.268662 0.201695 0.268779 0.204390 0.262922 0.204272 0.263039 0.190215
0 0.261564 0.218223 0.292709 0.216109 0.294426 0.237290 0.263704 0.239580 0.261564 0.218223
0 0.237827 0.307582 0.265701 0.303006 0.267785 0.316359 0.259198 0.317886 0.262251 0.335059 0.244315 0.339448 0.237827 0.307582
0 0.248811 0.339081 0.272770 0.334432 0.277283 0.360781 0.254082 0.366142 0.248811 0.339081
0 0.283931 0.355569 0.315628 0.348991 0.319665 0.365437 0.312488 0.367530 0.306209 0.370520 0.307255 0.374557 0.301723 0.376052 0.300378 0.371268 0.288118 0.373510 0.283931 0.355569
0 0.277592 0.323638 0.297327 0.322143 0.300617 0.350700 0.280732 0.353690 0.277592 0.323638
0 0.302443 0.325574 0.312999 0.323463 0.316120 0.338975 0.305289 0.340994 0.302443 0.325574
0 0.276140 0.304134 0.293029 0.303950 0.293396 0.319921 0.277150 0.319921 0.276140 0.304134
0 0.311849 0.165595 0.337907 0.165351 0.337664 0.179963 0.311849 0.180450 0.311849 0.165595
0 0.213473 0.342899 0.231982 0.340800 0.236180 0.358737 0.224349 0.360645 0.222250 0.351295 0.213282 0.352631 0.213473 0.342899
0 0.218052 0.390031 0.249537 0.384116 0.252972 0.403198 0.219006 0.407586 0.218052 0.390031
0 0.205268 0.374957 0.238470 0.369995 0.240951 0.384879 0.207176 0.390604 0.205268 0.374957
0 0.197303 0.394412 0.211360 0.393241 0.212063 0.406478 0.198006 0.406830 0.197303 0.394412
0 0.194115 0.395951 0.194349 0.403449 0.182634 0.404034 0.182517 0.396186 0.194115 0.395951
0 0.249718 0.405395 0.245578 0.425366 0.241681 0.443631 0.230722 0.440952 0.232427 0.423661 0.229992 0.407100 0.249718 0.405395
0 0.223107 0.408864 0.223871 0.416115 0.219673 0.416878 0.220817 0.425274 0.213757 0.425274 0.214711 0.438632 0.227878 0.437868 0.229786 0.453134 0.204980 0.451989 0.201354 0.410200 0.223107 0.408864
0 0.177502 0.418787 0.192004 0.418596 0.192004 0.429282 0.177883 0.429282 0.177502 0.418787
0 0.192004 0.418596 0.200813 0.418660 0.201767 0.452053 0.193371 0.451289 0.192004 0.418596
0 0.168650 0.431251 0.190081 0.431251 0.190325 0.439045 0.168893 0.438801 0.168650 0.431251
0 0.155977 0.438755 0.168893 0.438801 0.168163 0.456092 0.155499 0.455849 0.155977 0.438755
0 0.212208 0.457543 0.231419 0.458246 0.233528 0.475466 0.214199 0.475115 0.212208 0.457543
0 0.184678 0.457543 0.210685 0.458011 0.210568 0.474177 0.184561 0.473709 0.184678 0.457543
0 0.212427 0.477024 0.232017 0.476484 0.238230 0.488489 0.223578 0.494170 0.212427 0.477024
0 0.194332 0.488544 0.212384 0.482431 0.215188 0.490414 0.197281 0.496311 0.194332 0.488544
0 0.261749 0.456515 0.282930 0.449455 0.285983 0.456515 0.301439 0.452890 0.298768 0.446593 0.306973 0.444303 0.309835 0.449646 0.323765 0.446783 0.329108 0.463957 0.280450 0.479795 0.279495 0.476360 0.278160 0.473498 0.269000 0.476742 0.270718 0.483420 0.264230 0.485901 0.257933 0.466438 0.264230 0.464529 0.261749 0.456515
0 0.285983 0.456515 0.282930 0.449455 0.298768 0.446593 0.301439 0.452890 0.285983 0.456515
0 0.254732 0.445916 0.271713 0.443897 0.295118 0.442061 0.296495 0.446283 0.275201 0.449312 0.275017 0.451240 0.262809 0.453993 0.263177 0.455187 0.257210 0.457298 0.254732 0.445916
0 0.260709 0.459046 0.262820 0.464369 0.256670 0.466297 0.255018 0.460790 0.260709 0.459046
0 0.273232 0.500427 0.286389 0.497586 0.285492 0.494596 0.297752 0.492054 0.297902 0.494895 0.303732 0.493250 0.305228 0.503866 0.308367 0.502819 0.315394 0.534665 0.286838 0.541991 0.273232 0.500427
0 0.343704 0.479568 0.353433 0.477641 0.354902 0.486819 0.345081 0.488930 0.343704 0.479568
0 0.309818 0.487719 0.321911 0.485852 0.321612 0.482862 0.326546 0.482712 0.326247 0.480470 0.342694 0.480211 0.343291 0.490120 0.351813 0.490164 0.353607 0.509325 0.358392 0.508578 0.359737 0.529360 0.324425 0.530733 0.322821 0.503768 0.310638 0.504353 0.309818 0.487719
0 0.369944 0.488255 0.382703 0.486419 0.383712 0.499453 0.370862 0.500371 0.369944 0.488255
0 0.377279 0.501900 0.411517 0.500704 0.413610 0.515207 0.400453 0.515506 0.400004 0.510124 0.378923 0.512217 0.377279 0.501900
0 0.364260 0.501797 0.376192 0.501705 0.376559 0.523091 0.365178 0.523458 0.364260 0.501797
0 0.325705 0.533874 0.360540 0.530765 0.360965 0.539011 0.328321 0.544277 0.325705 0.533874
0 0.291108 0.581897 0.320684 0.579988 0.320303 0.578462 0.337095 0.577317 0.339385 0.591437 0.332706 0.591437 0.333851 0.596399 0.316486 0.598307 0.317059 0.605940 0.333851 0.603841 0.336024 0.635841 0.310953 0.639142 0.309925 0.629267 0.323533 0.627593 0.322783 0.615481 0.302938 0.618915 0.291108 0.581897
0 0.334979 0.593438 0.344257 0.592575 0.348873 0.629867 0.336705 0.631268 0.333851 0.603841 0.338927 0.602826 0.334979 0.593438
0 0.312536 0.644295 0.349364 0.644486 0.348792 0.669483 0.329519 0.668338 0.312536 0.644295
0 0.330454 0.637673 0.337521 0.637673 0.336970 0.633267 0.348719 0.632716 0.349364 0.644486 0.331004 0.644190 0.330454 0.637673
0 0.161092 0.484410 0.177120 0.480785 0.179983 0.492997 0.164717 0.496814 0.161092 0.484410
0 0.203057 0.499834 0.209649 0.513469 0.221627 0.508856 0.225122 0.521674 0.205086 0.527399 0.194782 0.504692 0.203057 0.499834
0 0.226908 0.505731 0.235077 0.504721 0.238474 0.520784 0.230304 0.521886 0.226908 0.505731
0 0.246063 0.563872 0.270547 0.562232 0.270781 0.578749 0.247938 0.580858 0.246063 0.563872
0 0.089878 0.594014 0.111250 0.592487 0.128423 0.625499 0.105716 0.631605 0.089878 0.594014
0 0.120681 0.590349 0.150258 0.588822 0.151403 0.600081 0.144152 0.599890 0.144724 0.602943 0.125452 0.603324 0.120681 0.590349
0 0.152874 0.588749 0.166845 0.588889 0.167376 0.600771 0.153637 0.600962 0.152874 0.588749
0 0.439435 0.984540 0.451868 0.983607 0.451416 0.999008 0.428669 0.999008 0.428557 0.992621 0.438503 0.991378 0.439435 0.984540
0 0.414631 0.955352 0.454130 0.950391 0.455657 0.981876 0.437338 0.983211 0.436384 0.970426 0.415776 0.970617 0.414631 0.955352
0 0.180581 0.766492 0.203717 0.766005 0.203473 0.781105 0.180581 0.780617 0.180581 0.766492
0 0.172646 0.766922 0.179046 0.766850 0.179118 0.772747 0.172718 0.772747 0.172646 0.766922
2 0.164573 0.703986 0.177927 0.703752 0.177927 0.718629 0.164573 0.718980 0.164573 0.703986
0 0.172923 0.606202 0.206803 0.606513 0.207465 0.626843 0.195766 0.626919 0.195613 0.618013 0.172941 0.618324 0.172923 0.606202
0 0.221357 0.637032 0.256467 0.640467 0.254750 0.654015 0.220594 0.650008 0.221357 0.637032
0 0.183591 0.636956 0.209008 0.637554 0.209456 0.647870 0.184339 0.648019 0.183591 0.636956
0 0.276037 0.780123 0.309079 0.781469 0.309228 0.778628 0.321937 0.778778 0.321787 0.800158 0.303697 0.799859 0.304295 0.793729 0.276037 0.793131 0.276037 0.780123
0 0.258119 0.782280 0.272528 0.781812 0.272762 0.796455 0.257885 0.796923 0.258119 0.782280
0 0.269882 0.725690 0.284291 0.725690 0.284525 0.735179 0.287102 0.735062 0.287219 0.749354 0.270702 0.749354 0.269882 0.725690
0 0.071098 0.664547 0.076253 0.664782 0.076604 0.660330 0.081993 0.660330 0.081758 0.664313 0.088436 0.664547 0.088084 0.676262 0.070630 0.675325 0.071098 0.664547
0 0.106699 0.636973 0.126584 0.636973 0.126285 0.644897 0.116717 0.644897 0.116567 0.649681 0.106699 0.649681 0.106699 0.636973
0 0.104158 0.649382 0.114922 0.650429 0.114922 0.654914 0.103859 0.654316 0.104158 0.649382
0 0.097835 0.655064 0.109124 0.655523 0.109216 0.661306 0.097743 0.661581 0.097835 0.655064
0 0.120013 0.647429 0.134423 0.646420 0.135341 0.660280 0.121389 0.660647 0.120013 0.647429
0 0.120092 0.661299 0.135341 0.660280 0.137196 0.684728 0.122084 0.684494 0.121849 0.677582 0.105801 0.676996 0.105801 0.680745 0.099943 0.680394 0.098655 0.680628 0.099006 0.676528 0.098538 0.671139 0.092329 0.671842 0.092915 0.665047 0.091157 0.664696 0.091274 0.661650 0.097743 0.661581 0.110369 0.662470 0.110604 0.668562 0.112361 0.668562 0.112595 0.662587 0.117632 0.662236 0.117984 0.669148 0.120209 0.668913 0.120092 0.661299
0 0.115986 0.684773 0.121594 0.684862 0.121461 0.691352 0.115766 0.691352 0.115986 0.684773
0 0.229606 0.525210 0.249172 0.519539 0.256571 0.539573 0.236407 0.546126 0.229606 0.525210
0 0.220612 0.544053 0.221757 0.549587 0.234733 0.546724 0.238168 0.559127 0.226528 0.562181 0.227864 0.567142 0.218704 0.568859 0.213743 0.545579 0.220612 0.544053
0 0.253306 0.607361 0.291470 0.607170 0.296049 0.633503 0.276777 0.636556 0.274105 0.620528 0.246628 0.619001 0.245483 0.611941 0.254070 0.611559 0.253306 0.607361
0 0.260431 0.581381 0.280992 0.579362 0.290079 0.606530 0.268050 0.606347 0.260431 0.581381
0 0.247595 0.583952 0.258957 0.582607 0.265237 0.605632 0.252828 0.606230 0.247595 0.583952
0 0.220533 0.595913 0.248342 0.595913 0.248641 0.606080 0.220533 0.605632 0.220533 0.595913
0 0.217292 0.586309 0.236007 0.586514 0.235824 0.594040 0.216640 0.593582 0.217292 0.586309
0 0.237674 0.627251 0.256230 0.627460 0.256413 0.634435 0.237597 0.633609 0.237674 0.627251
0 0.275489 0.649727 0.298625 0.649971 0.302278 0.677004 0.279873 0.678952 0.275489 0.649727
0 0.286999 0.725542 0.324399 0.733174 0.324208 0.745768 0.313713 0.745959 0.313332 0.740044 0.287102 0.735062 0.286999 0.725542
0 0.307134 0.716518 0.329978 0.722375 0.328689 0.733269 0.326697 0.732918 0.306080 0.725772 0.307134 0.716518
0 0.296581 0.681024 0.315867 0.669213 0.333809 0.694480 0.319605 0.696274 0.312130 0.705395 0.304505 0.699265 0.308541 0.696125 0.302112 0.690294 0.302860 0.687304 0.296581 0.681024
0 0.319875 0.697752 0.333230 0.696453 0.334259 0.712860 0.320553 0.713094 0.319875 0.697752
0 0.270435 0.712223 0.291367 0.711326 0.292264 0.720297 0.270734 0.720297 0.270435 0.712223
0 0.340203 0.544228 0.352227 0.541933 0.355898 0.556527 0.338367 0.560015 0.336623 0.552672 0.342222 0.551663 0.340203 0.544228
0 0.345995 0.577036 0.374999 0.571503 0.377289 0.584287 0.349048 0.590584 0.345995 0.577036
0 0.366272 0.559035 0.367185 0.571082 0.338077 0.574739 0.336607 0.562145 0.366272 0.559035
3 0.372872 0.537234 0.384683 0.537383 0.387225 0.570575 0.374999 0.571503 0.372872 0.537234
0 0.409456 0.607579 0.432927 0.607197 0.433117 0.625325 0.410028 0.626279 0.409456 0.607579
0 0.390547 0.599900 0.406003 0.598755 0.408102 0.622607 0.397608 0.622798 0.392074 0.623561 0.389975 0.612876 0.391883 0.612685 0.390547 0.599900
0 0.356996 0.608697 0.370900 0.605557 0.374040 0.622452 0.358192 0.621555 0.356996 0.608697
0 0.370900 0.605557 0.388842 0.600623 0.389290 0.622153 0.374040 0.622452 0.370900 0.605557
0 0.354087 0.624149 0.392546 0.627086 0.392546 0.629931 0.392087 0.638926 0.386396 0.638559 0.386120 0.643332 0.353077 0.641588 0.354087 0.624149
0 0.352463 0.650624 0.388192 0.650624 0.387255 0.669601 0.356446 0.667961 0.356914 0.656481 0.352111 0.656247 0.352463 0.650624
0 0.364939 0.687499 0.384306 0.688876 0.383021 0.703746 0.363654 0.701726 0.364939 0.687499
3 0.343139 0.707523 0.365544 0.708985 0.365057 0.725058 0.373581 0.726032 0.374587 0.714681 0.392334 0.716047 0.390872 0.743323 0.375773 0.742593 0.375653 0.746164 0.363671 0.745911 0.364028 0.740267 0.342464 0.738906 0.343139 0.707523
3 0.381451 0.752466 0.399843 0.754809 0.397734 0.770389 0.380162 0.768163 0.381451 0.752466
3 0.377609 0.743860 0.387797 0.744043 0.387705 0.750193 0.377425 0.749826 0.377609 0.743860
0 0.340240 0.740019 0.361626 0.741212 0.361075 0.748096 0.373925 0.748739 0.373008 0.760212 0.338771 0.757918 0.340240 0.740019
3 0.333429 0.759191 0.359487 0.762844 0.359487 0.770637 0.389686 0.772098 0.389686 0.787685 0.354617 0.787198 0.355104 0.778187 0.332698 0.777700 0.333429 0.759191
3 0.322621 0.788731 0.327249 0.788975 0.327736 0.805048 0.332606 0.805048 0.331632 0.788001 0.338938 0.788244 0.339182 0.821609 0.344540 0.821122 0.345068 0.840428 0.321160 0.840118 0.319699 0.817956 0.323352 0.817956 0.322621 0.788731
3 0.358541 0.807877 0.384782 0.807408 0.384782 0.821231 0.358659 0.821231 0.358541 0.807877
3 0.380802 0.821094 0.379097 0.844717 0.347194 0.842038 0.346707 0.831323 0.350360 0.831810 0.350360 0.825234 0.365459 0.826695 0.364972 0.820607 0.380802 0.821094
0 0.351360 0.669358 0.375594 0.670885 0.374640 0.687104 0.350215 0.685769 0.351360 0.669358
0 0.258278 0.999006 0.258892 0.983928 0.284907 0.983180 0.284994 0.999006 0.258278 0.999006
0 0.244169 0.999006 0.244091 0.985722 0.255304 0.985722 0.254687 0.999006 0.244169 0.999006
0 0.312295 0.953488 0.338055 0.950817 0.338627 0.971043 0.326761 0.971848 0.327566 0.979795 0.314460 0.980358 0.312295 0.953488
0 0.312137 0.973462 0.312287 0.982133 0.304811 0.982881 0.304353 0.999007 0.288673 0.999006 0.287917 0.973611 0.312137 0.973462
0 0.319245 0.881632 0.337373 0.880487 0.338327 0.903194 0.309513 0.904148 0.309557 0.895267 0.319818 0.894608 0.319245 0.881632
0 0.318880 0.893553 0.308578 0.894079 0.308578 0.903099 0.300026 0.903450 0.299792 0.890916 0.319003 0.890564 0.318880 0.893553
0 0.284244 0.898275 0.297700 0.898125 0.298298 0.917263 0.284393 0.917562 0.284244 0.898275
0 0.302428 0.862478 0.310783 0.861189 0.311451 0.867641 0.303283 0.868524 0.302428 0.862478
0 0.309390 0.870081 0.309839 0.889295 0.297514 0.889506 0.297748 0.896534 0.288845 0.897003 0.288611 0.890911 0.285020 0.890855 0.284910 0.880678 0.297841 0.880175 0.297889 0.870190 0.309390 0.870081
0 0.323264 0.858872 0.334603 0.858385 0.336551 0.880059 0.320965 0.880303 0.320477 0.872997 0.323770 0.872655 0.323264 0.858872
0 0.314881 0.905528 0.315467 0.914665 0.310664 0.914899 0.311015 0.917359 0.301175 0.917359 0.300589 0.905176 0.314881 0.905528
0 0.283800 0.974177 0.284248 0.981802 0.266456 0.982848 0.266008 0.974924 0.283800 0.974177
0 0.284860 0.962246 0.295875 0.962063 0.295967 0.972710 0.284677 0.972802 0.284860 0.962246
0 0.326761 0.972824 0.338627 0.972020 0.340356 0.994692 0.337366 0.994692 0.337768 0.999007 0.315845 0.999007 0.315986 0.997831 0.308510 0.997682 0.308510 0.988861 0.327797 0.987665 0.326761 0.972824
0 0.346845 0.969187 0.389755 0.968290 0.389755 0.979951 0.377943 0.980699 0.377943 0.986978 0.370169 0.987726 0.369720 0.980101 0.346695 0.980998 0.346845 0.969187
2 0.346791 0.915962 0.369927 0.914744 0.371145 0.932279 0.351905 0.933253 0.352315 0.944456 0.361010 0.945071 0.360916 0.951275 0.344356 0.951519 0.342651 0.915962 0.346791 0.915962
0 0.346180 0.887089 0.366597 0.886898 0.366597 0.898729 0.376138 0.898920 0.376138 0.904263 0.378809 0.904263 0.379000 0.913231 0.346943 0.913804 0.346180 0.887089
0 0.346796 0.871753 0.374559 0.871997 0.374803 0.881251 0.382109 0.881223 0.381865 0.884661 0.347040 0.884417 0.346796 0.871753
0 0.346969 0.862021 0.370515 0.861904 0.370281 0.871393 0.346617 0.870924 0.346969 0.862021
0 0.847661 0.453271 0.865683 0.459116 0.864222 0.463256 0.879565 0.466909 0.874938 0.483957 0.868362 0.481522 0.867631 0.484201 0.854724 0.480791 0.855942 0.475920 0.842547 0.472267 0.847661 0.453271
3 0.866852 0.555817 0.885127 0.567414 0.878450 0.579129 0.859823 0.566946 0.866852 0.555817
3 0.817734 0.429290 0.825176 0.438640 0.817352 0.445128 0.809910 0.436159 0.817734 0.429290
3 0.198717 0.058788 0.207113 0.058215 0.207876 0.072527 0.199290 0.072908 0.198717 0.058788
0 0.288171 0.378784 0.299534 0.377613 0.299651 0.381127 0.301500 0.381111 0.301291 0.384993 0.288640 0.385110 0.288171 0.378784
0 0.302823 0.377759 0.313243 0.375973 0.314415 0.384056 0.304011 0.385344 0.302823 0.377759
0 0.388954 0.693325 0.401375 0.695273 0.399427 0.711834 0.386519 0.709642 0.388954 0.693325
0 0.407649 0.902493 0.409172 0.918894 0.400854 0.919128 0.400386 0.913388 0.390545 0.914325 0.389725 0.907882 0.392888 0.907882 0.392420 0.903665 0.407649 0.902493
0 0.281544 0.880502 0.281319 0.866246 0.296364 0.865964 0.296364 0.879826 0.281544 0.880502
0 0.216342 0.528497 0.219279 0.537859 0.229834 0.534738 0.232680 0.544835 0.223134 0.547313 0.221482 0.542357 0.213037 0.544835 0.208580 0.531298 0.216342 0.528497
0 0.238706 0.546354 0.255607 0.540817 0.260857 0.557933 0.242590 0.559228 0.238706 0.546354
0 0.217883 0.528255 0.226370 0.525810 0.228599 0.534512 0.220185 0.536669 0.217883 0.528255
3 0.140307 0.553902 0.172211 0.552514 0.172446 0.560714 0.164363 0.561183 0.164714 0.571492 0.141636 0.572663 0.140307 0.553902
0 0.155908 0.504011 0.164144 0.502311 0.166212 0.510690 0.170410 0.509736 0.176326 0.535496 0.163541 0.537977 0.155908 0.504011
0 0.173808 0.517951 0.180954 0.516428 0.183414 0.523456 0.191614 0.521582 0.194308 0.530837 0.177908 0.533414 0.173808 0.517951
0 0.165217 0.648484 0.165103 0.636723 0.175151 0.637408 0.175379 0.648598 0.165217 0.648484
0 0.280239 0.681509 0.296581 0.681024 0.300375 0.705363 0.283182 0.707376 0.280239 0.681509
3 0.104667 0.999003 0.105664 0.987531 0.123941 0.988616 0.123376 0.999003 0.104667 0.999003
3 0.770929 0.880490 0.781151 0.879251 0.782855 0.894121 0.773252 0.895515 0.770929 0.880490
0 0.816980 0.487035 0.829587 0.486194 0.831688 0.504474 0.815509 0.506576 0.814879 0.495019 0.818661 0.495019 0.816980 0.487035
