0 0.620579 0.062564 0.645544 0.028129 0.657883 0.036738 0.634353 0.071173 0.620579 0.062564
0 0.583848 0.113356 0.615413 0.075477 0.628040 0.085521 0.593317 0.122539 0.583848 0.113356
0 0.578682 0.156687 0.598196 0.122539 0.601352 0.124261 0.607665 0.113930 0.627753 0.123687 0.623161 0.135165 0.628040 0.138035 0.616848 0.156113 0.603935 0.148078 0.591882 0.165583 0.578682 0.156687
0 0.514116 0.175627 0.522315 0.170613 0.533773 0.163582 0.543920 0.155719 0.554252 0.156577 0.571659 0.176896 0.565179 0.182075 0.557871 0.174072 0.536632 0.189645 0.530525 0.187910 0.525091 0.189178 0.514116 0.175627
0 0.602750 0.383114 0.610075 0.370661 0.606779 0.368464 0.611906 0.358575 0.608976 0.354180 0.615203 0.342827 0.611540 0.339165 0.617034 0.328177 0.613738 0.324149 0.622527 0.309499 0.657687 0.324149 0.637177 0.401060 0.602750 0.383114
0 0.686723 0.360656 0.699175 0.348937 0.718219 0.368348 0.746420 0.389956 0.723713 0.421819 0.691117 0.401676 0.707598 0.377504 0.686723 0.360656
0 0.820239 0.549549 0.858912 0.532237 0.872852 0.566637 0.849694 0.576306 0.842499 0.560567 0.827210 0.566862 0.820239 0.549549
0 0.280131 0.578237 0.294178 0.566831 0.305165 0.573424 0.319083 0.569029 0.334099 0.591736 0.327872 0.595398 0.345452 0.619204 0.323844 0.632389 0.297841 0.601258 0.280131 0.578237
0 0.247821 0.893200 0.292013 0.881722 0.295457 0.904391 0.283405 0.907548 0.283691 0.910992 0.266187 0.914722 0.263030 0.907548 0.251552 0.909844 0.247821 0.893200
0 0.293192 0.999006 0.293701 0.986209 0.298453 0.982428 0.324214 0.989597 0.324325 0.996011 0.322220 0.999007 0.293192 0.999006
0 0.387797 0.833765 0.423381 0.814252 0.475607 0.901775 0.442607 0.919853 0.432563 0.910097 0.439737 0.905218 0.424241 0.880827 0.416780 0.882835 0.408746 0.865905 0.411902 0.863896 0.391241 0.837496 0.387797 0.833765
4 0.863275 0.369766 0.901816 0.370077 0.905235 0.385929 0.863585 0.388416 0.863275 0.369766
0 0.334952 0.853577 0.349233 0.844056 0.382159 0.898007 0.361531 0.905941 0.334952 0.853577
