0 0.000008 0.846789 0.012387 0.840531 0.012488 0.838511 0.038877 0.828277 0.041139 0.834041 0.037637 0.836011 0.038147 0.837763 0.034134 0.838930 0.034426 0.844913 0.046976 0.842651 0.048873 0.852939 0.041723 0.854763 0.041869 0.864905 0.036897 0.866863 0.035741 0.869369 0.013741 0.873941 0.008178 0.869745 0.000008 0.865833 0.000008 0.846789
0 0.000008 0.766521 0.003275 0.769645 0.015598 0.788837 0.000008 0.798831 0.000008 0.766521
0 0.002109 0.703927 0.022665 0.698473 0.026581 0.704486 0.026861 0.712317 0.013716 0.715953 0.014695 0.722665 0.004067 0.724502 0.003927 0.710639 0.002109 0.703927
0 0.005110 0.726441 0.025043 0.721546 0.027700 0.730915 0.032874 0.729237 0.036370 0.740704 0.029098 0.742242 0.034412 0.755247 0.017631 0.762239 0.005110 0.726441
0 0.049053 0.902363 0.044933 0.904396 0.044933 0.909430 0.039759 0.908311 0.031928 0.890132 0.042002 0.884248 0.049053 0.902363
0 0.087305 0.874610 0.091779 0.871813 0.096954 0.882861 0.087165 0.887615 0.086605 0.892230 0.080453 0.894467 0.076696 0.888893 0.056472 0.900046 0.047095 0.881081 0.071922 0.866220 0.081571 0.864542 0.087305 0.874610
0 0.102507 0.851287 0.116351 0.847092 0.142640 0.848770 0.152849 0.851707 0.153408 0.863733 0.147535 0.866809 0.139424 0.870445 0.135089 0.870026 0.136208 0.878276 0.126559 0.877297 0.127818 0.869326 0.121105 0.871844 0.119707 0.869047 0.108240 0.869746 0.102507 0.851287
0 0.123885 0.891342 0.124165 0.883931 0.128500 0.883371 0.128919 0.880994 0.138568 0.880575 0.138009 0.891202 0.130457 0.890923 0.130318 0.895817 0.126822 0.895258 0.127241 0.892601 0.123885 0.891342
0 0.046799 0.823588 0.068482 0.815844 0.077774 0.839849 0.059480 0.842463 0.046799 0.823588
0 0.075796 0.737629 0.089928 0.708203 0.096898 0.708396 0.110643 0.714204 0.097672 0.739177 0.104061 0.742275 0.099608 0.750406 0.075796 0.737629
0 0.047934 0.709726 0.060905 0.689012 0.072908 0.695400 0.080071 0.683785 0.092848 0.689205 0.072133 0.723471 0.047934 0.709726
0 0.065745 0.665393 0.080071 0.638290 0.097881 0.646615 0.097107 0.648357 0.108335 0.652423 0.104270 0.661521 0.096526 0.657650 0.087427 0.675460 0.065745 0.665393
0 0.081426 0.616027 0.095752 0.612736 0.100785 0.631321 0.084717 0.634612 0.081426 0.616027
0 0.101753 0.605379 0.131760 0.600540 0.134664 0.611574 0.145893 0.603831 0.158670 0.613898 0.140472 0.632482 0.130405 0.640033 0.119177 0.640613 0.118789 0.623771 0.106980 0.625319 0.101753 0.605379
0 0.136077 0.594996 0.186463 0.554258 0.197987 0.566854 0.160466 0.594996 0.140901 0.604644 0.135005 0.596872 0.136077 0.594996
0 0.223640 0.522437 0.245903 0.504046 0.255195 0.512177 0.262165 0.508111 0.273006 0.535795 0.262165 0.539086 0.258293 0.533859 0.260229 0.533278 0.255389 0.523211 0.246290 0.529213 0.247258 0.530568 0.235062 0.535989 0.223640 0.522437
0 0.225174 0.615929 0.245695 0.590181 0.254407 0.596957 0.234467 0.622317 0.225174 0.615929
0 0.273904 0.685932 0.258189 0.678086 0.273484 0.660342 0.282574 0.667054 0.291244 0.661600 0.296278 0.666355 0.300613 0.661460 0.316834 0.673626 0.299355 0.695022 0.279078 0.680478 0.273904 0.685932
0 0.295494 0.658294 0.308694 0.651700 0.317387 0.660079 0.307380 0.665986 0.295494 0.658294
0 0.447606 0.557416 0.456836 0.561751 0.447327 0.575595 0.447886 0.578671 0.441034 0.587201 0.416003 0.610554 0.407333 0.599787 0.430266 0.579930 0.432224 0.580069 0.438657 0.575315 0.439636 0.570980 0.447606 0.557416
0 0.430196 0.620071 0.470525 0.595531 0.482168 0.612331 0.442481 0.636143 0.430196 0.620071
0 0.281840 0.644596 0.298607 0.628434 0.306385 0.635303 0.311032 0.630758 0.324668 0.642576 0.325880 0.641364 0.333456 0.648435 0.333052 0.649142 0.340729 0.658132 0.331436 0.667829 0.328410 0.669495 0.308259 0.650202 0.306131 0.650552 0.295573 0.656412 0.281840 0.644596
0 0.353481 0.660924 0.366411 0.655671 0.367421 0.662338 0.371057 0.662641 0.371158 0.667388 0.367825 0.667792 0.369239 0.676782 0.353683 0.680520 0.351057 0.666479 0.355300 0.665671 0.353481 0.660924
0 0.307588 0.695087 0.332060 0.674950 0.362964 0.690332 0.362964 0.694527 0.347862 0.704876 0.342688 0.701380 0.342268 0.698163 0.338073 0.697604 0.336535 0.691451 0.334158 0.692010 0.319475 0.705994 0.307588 0.695087
0 0.356049 0.774056 0.369483 0.767591 0.374534 0.776884 0.360392 0.783045 0.356049 0.774056
0 0.298072 0.861031 0.310901 0.851536 0.311709 0.848910 0.317062 0.847294 0.317769 0.849718 0.321204 0.849920 0.334133 0.866688 0.331204 0.870021 0.331507 0.875072 0.321406 0.876991 0.314840 0.878506 0.298072 0.861031
0 0.261061 0.820895 0.270431 0.813483 0.274486 0.817958 0.283156 0.810826 0.297979 0.824950 0.280919 0.839773 0.261061 0.820895
0 0.138255 0.829258 0.148883 0.825063 0.157413 0.837369 0.147065 0.843242 0.138255 0.829258
0 0.144449 0.664783 0.153548 0.650650 0.190911 0.671946 0.182974 0.686659 0.144449 0.664783
0 0.196746 0.576200 0.204857 0.571165 0.218841 0.578157 0.221218 0.575500 0.239537 0.586128 0.227946 0.598527 0.209336 0.588060 0.196746 0.576200
0 0.301048 0.703236 0.307588 0.695087 0.329313 0.714852 0.320795 0.723176 0.301048 0.703236
0 0.248778 0.717949 0.262717 0.689104 0.285173 0.700139 0.279946 0.710593 0.271041 0.706334 0.261942 0.724725 0.248778 0.717949
0 0.068487 0.796197 0.065743 0.776759 0.068418 0.776759 0.067440 0.767810 0.079466 0.765572 0.080584 0.772564 0.085059 0.772005 0.085758 0.776060 0.094708 0.775081 0.097225 0.788925 0.091352 0.790184 0.091632 0.793260 0.068487 0.796197
0 0.093869 0.773543 0.097785 0.767250 0.097085 0.763614 0.100581 0.759140 0.102819 0.760957 0.105616 0.759279 0.110790 0.761377 0.108133 0.774941 0.101980 0.779416 0.097505 0.778298 0.093869 0.773543
0 0.100554 0.739761 0.103631 0.731930 0.113140 0.733189 0.114398 0.731091 0.124606 0.733049 0.123907 0.738363 0.121110 0.738223 0.120411 0.742418 0.114538 0.741439 0.112301 0.744376 0.104061 0.742275 0.100554 0.739761
0 0.171876 0.792935 0.184818 0.778552 0.203165 0.788055 0.197423 0.794556 0.201060 0.796879 0.191868 0.807586 0.171876 0.792935
0 0.194090 0.808596 0.208736 0.793142 0.223383 0.806576 0.209444 0.821223 0.194090 0.808596
0 0.220279 0.788339 0.230986 0.773895 0.244319 0.781774 0.235127 0.797329 0.220279 0.788339
0 0.143044 0.814306 0.158600 0.801377 0.164458 0.795922 0.177489 0.808851 0.169913 0.815316 0.173145 0.819559 0.167388 0.823397 0.161024 0.828346 0.152943 0.818750 0.149206 0.822084 0.143044 0.814306
0 0.163228 0.827460 0.175255 0.818370 0.178331 0.821167 0.184204 0.814175 0.193573 0.824523 0.171479 0.839346 0.163228 0.827460
0 0.194740 0.846080 0.200296 0.841131 0.207872 0.848707 0.215447 0.841737 0.218983 0.844969 0.224437 0.840727 0.225245 0.838707 0.217872 0.824161 0.234033 0.816787 0.242518 0.827091 0.246054 0.835373 0.237468 0.838707 0.237468 0.841030 0.229791 0.848505 0.227064 0.851030 0.233225 0.860626 0.221205 0.869717 0.213023 0.857192 0.206356 0.860828 0.194740 0.846080
3 0.265332 0.775128 0.273076 0.764674 0.285659 0.772417 0.278496 0.784227 0.265332 0.775128
3 0.269971 0.747101 0.275004 0.741293 0.286620 0.748456 0.281199 0.755232 0.269971 0.747101
0 0.392792 0.949255 0.408453 0.924363 0.421179 0.931915 0.418076 0.942516 0.412101 0.948683 0.406216 0.956107 0.392792 0.949255
0 0.457159 0.842973 0.481911 0.845770 0.479114 0.859054 0.468048 0.858287 0.468135 0.854999 0.455776 0.853532 0.457159 0.842973
2 0.358949 0.826423 0.385673 0.813962 0.398032 0.812420 0.401240 0.824847 0.392144 0.826793 0.393961 0.833925 0.382635 0.837421 0.381236 0.832946 0.364176 0.839379 0.358949 0.826423
0 0.453265 0.638144 0.464033 0.631991 0.471710 0.645971 0.461641 0.651844 0.453265 0.638144
0 0.587059 0.296620 0.607774 0.281713 0.620744 0.300879 0.599836 0.315592 0.587059 0.296620
0 0.626639 0.083096 0.642385 0.100293 0.594492 0.138862 0.580187 0.120890 0.604870 0.101380 0.602160 0.097702 0.611839 0.089958 0.614356 0.093249 0.626639 0.083096
0 0.653042 0.178462 0.672788 0.165297 0.690986 0.192594 0.670465 0.206145 0.653042 0.178462
0 0.625649 0.045245 0.640943 0.032468 0.651204 0.042922 0.635523 0.055699 0.625649 0.045245
0 0.000008 0.337733 0.013312 0.337329 0.014120 0.348339 0.000008 0.349349 0.000008 0.337733
0 0.014641 0.340140 0.024849 0.341119 0.025408 0.369926 0.011704 0.369087 0.011984 0.349649 0.014805 0.348992 0.014641 0.340140
0 0.012454 0.391315 0.035685 0.390540 0.041300 0.445908 0.015939 0.447263 0.012454 0.391315
0 0.055127 0.348292 0.083850 0.350442 0.082452 0.378410 0.083151 0.389457 0.079236 0.389597 0.078956 0.393932 0.050289 0.392813 0.050988 0.377990 0.054412 0.376033 0.055127 0.348292
0 0.208236 0.330712 0.208326 0.317148 0.231558 0.313459 0.234075 0.326044 0.208236 0.330712
3 0.553381 0.213494 0.567085 0.209859 0.571980 0.231394 0.557996 0.234610 0.553381 0.213494
0 0.237708 0.701926 0.253091 0.676755 0.272249 0.685985 0.269032 0.691159 0.259244 0.686544 0.247357 0.707660 0.237708 0.701926
0 0.367549 0.705043 0.389224 0.690360 0.397335 0.702946 0.375520 0.717769 0.367549 0.705043
0 0.335639 0.711705 0.332205 0.709786 0.330892 0.706957 0.332407 0.703321 0.336751 0.702816 0.339175 0.703826 0.339478 0.706048 0.339377 0.709382 0.338771 0.710089 0.335639 0.711705
0 0.347054 0.713422 0.353316 0.709281 0.357761 0.715038 0.350892 0.719483 0.347054 0.713422
0 0.081163 0.861089 0.098643 0.853958 0.104656 0.864026 0.103258 0.865984 0.109551 0.878989 0.098643 0.884722 0.091931 0.869759 0.087316 0.871577 0.081163 0.861089
0 0.057879 0.912900 0.083906 0.897849 0.089545 0.907574 0.062257 0.921802 0.057879 0.912900
3 0.420122 0.831375 0.424769 0.815731 0.440878 0.822546 0.436076 0.838345 0.420122 0.831375
3 0.276733 0.605393 0.283864 0.597877 0.291573 0.603466 0.293308 0.602310 0.300439 0.608092 0.292537 0.615994 0.285598 0.609634 0.276733 0.605393
