0 0.022150 0.820674 0.035637 0.794492 0.053885 0.801236 0.035637 0.832972 0.019373 0.825831 0.022150 0.820674
0 0.035637 0.832972 0.053885 0.801236 0.061026 0.806790 0.043175 0.836542 0.035637 0.832972
0 0.227515 0.890233 0.231556 0.879665 0.235285 0.878422 0.243678 0.884328 0.239015 0.895517 0.227515 0.890233
0 0.215871 0.707039 0.217745 0.694621 0.232740 0.698253 0.228757 0.714653 0.217277 0.711725 0.215988 0.709850 0.215871 0.707039
0 0.625355 0.724748 0.588581 0.730349 0.578839 0.671900 0.616101 0.668978 0.625355 0.724748
0 0.390418 0.621377 0.401297 0.594646 0.413419 0.599308 0.405338 0.627593 0.390418 0.621377
0 0.390418 0.621377 0.385756 0.617958 0.396324 0.592160 0.401297 0.594646 0.390418 0.621377
0 0.501071 0.600863 0.527180 0.604592 0.528734 0.619201 0.524383 0.618579 0.523139 0.631012 0.492057 0.630080 0.492368 0.621066 0.494233 0.620444 0.495165 0.600241 0.501071 0.600863
0 0.532076 0.632149 0.558440 0.633169 0.565537 0.633462 0.568140 0.633676 0.569667 0.650277 0.534175 0.649132 0.532076 0.632149
0 0.529779 0.537842 0.532458 0.509835 0.547801 0.510322 0.548775 0.506913 0.562413 0.508374 0.568745 0.509835 0.565579 0.545392 0.558516 0.546366 0.553645 0.550749 0.540251 0.549775 0.540981 0.542469 0.530266 0.540277 0.529779 0.537842
0 0.579852 0.543751 0.577562 0.538408 0.584432 0.535546 0.589011 0.543751 0.582333 0.547186 0.579852 0.543751
0 0.602602 0.526502 0.590581 0.524213 0.592871 0.514099 0.605465 0.516389 0.619967 0.518297 0.613097 0.540623 0.598023 0.536234 0.602602 0.526502
0 0.609853 0.514481 0.616341 0.491201 0.627409 0.494827 0.622447 0.516962 0.609853 0.514481
0 0.481373 0.472958 0.483282 0.455975 0.494540 0.457311 0.491296 0.475057 0.481373 0.472958
0 0.501219 0.456929 0.531368 0.460555 0.527361 0.491276 0.522399 0.493185 0.498738 0.490131 0.501219 0.456929
0 0.450565 0.482807 0.442932 0.482616 0.441978 0.472312 0.445031 0.462008 0.453045 0.458382 0.454763 0.468496 0.450565 0.482807
0 0.450565 0.482807 0.454763 0.468496 0.453045 0.458382 0.460296 0.460672 0.466212 0.460290 0.471936 0.462389 0.470791 0.484333 0.450565 0.482807
0 0.590662 0.332083 0.579162 0.319339 0.564553 0.304730 0.571080 0.297271 0.586124 0.286276 0.582689 0.283413 0.591467 0.275972 0.617418 0.301732 0.611312 0.308792 0.614937 0.315852 0.593756 0.333408 0.590662 0.332083
0 0.525560 0.278861 0.535697 0.268125 0.541970 0.262260 0.562960 0.282105 0.543306 0.303095 0.530903 0.294127 0.535101 0.290883 0.525942 0.279434 0.525560 0.278861
0 0.555900 0.253483 0.574170 0.265127 0.574148 0.265144 0.577298 0.269455 0.567636 0.277952 0.560711 0.269555 0.555547 0.274990 0.541970 0.262260 0.535697 0.268125 0.528995 0.259970 0.547695 0.244323 0.555900 0.253483
0 0.596141 0.261911 0.587745 0.270307 0.583486 0.273564 0.577119 0.265790 0.587935 0.253706 0.596141 0.261911
0 0.344595 0.354267 0.343973 0.339969 0.347703 0.339658 0.349879 0.323185 0.382515 0.328469 0.381893 0.344010 0.378164 0.344321 0.375988 0.358929 0.344595 0.354267
0 0.286869 0.318576 0.300020 0.304451 0.310249 0.312001 0.296367 0.327587 0.286869 0.318576
0 0.286869 0.318576 0.283460 0.316141 0.297098 0.302503 0.300020 0.304451 0.286869 0.318576
0 0.309701 0.275547 0.332391 0.267466 0.343581 0.263425 0.346689 0.280520 0.328972 0.285183 0.310012 0.278966 0.309701 0.275547
0 0.125455 0.316431 0.138431 0.307271 0.146063 0.317957 0.130798 0.328452 0.125455 0.316431
0 0.147590 0.301738 0.170679 0.288571 0.164382 0.280939 0.174495 0.274451 0.179457 0.281511 0.183464 0.279030 0.191860 0.290479 0.199492 0.306317 0.181365 0.319293 0.165908 0.326162 0.160566 0.316049 0.152551 0.319102 0.143964 0.304409 0.147590 0.301738
0 0.089690 0.238105 0.108929 0.218135 0.123542 0.229094 0.105763 0.250038 0.089690 0.238105
0 0.089690 0.238105 0.085306 0.234208 0.104546 0.215700 0.108929 0.218135 0.089690 0.238105
0 0.029101 0.236729 0.020334 0.219925 0.035710 0.213889 0.044931 0.231614 0.029101 0.236729
0 0.034459 0.210670 0.047853 0.206774 0.051506 0.213593 0.062466 0.209940 0.067093 0.221142 0.044931 0.231614 0.035710 0.213889 0.034459 0.210670
0 0.000007 0.132031 0.015187 0.132054 0.018007 0.145930 0.014071 0.159045 0.000007 0.158827 0.000007 0.132031
0 0.046700 0.180385 0.062156 0.167028 0.075132 0.173325 0.081620 0.186300 0.063301 0.201184 0.057768 0.190880 0.046700 0.180385
0 0.046700 0.180385 0.057768 0.190880 0.063301 0.201184 0.058531 0.203092 0.042884 0.186300 0.046700 0.180385
0 0.129457 0.149151 0.124343 0.197128 0.097310 0.201755 0.083672 0.148664 0.083311 0.148799 0.078467 0.127725 0.119228 0.121875 0.129457 0.149151
0 0.082852 0.148965 0.073200 0.152561 0.064920 0.129668 0.077988 0.127793 0.082852 0.148965
0 0.088078 0.080609 0.084349 0.072693 0.106102 0.066586 0.114116 0.091774 0.093508 0.095209 0.091981 0.090439 0.084921 0.091965 0.081486 0.082233 0.088078 0.080609
0 0.156273 0.000002 0.169472 0.003258 0.157782 0.028830 0.142196 0.019088 0.120034 0.012269 0.128380 0.000002 0.156273 0.000002
0 0.420810 0.000003 0.417423 0.024501 0.411828 0.023257 0.409653 0.036001 0.369557 0.029163 0.365827 0.028541 0.372522 0.000003 0.420810 0.000003
0 0.347999 0.289823 0.363098 0.268148 0.367726 0.270096 0.384043 0.252318 0.393784 0.256458 0.399872 0.249152 0.420573 0.266687 0.424713 0.286900 0.405230 0.303948 0.396463 0.301756 0.389157 0.306627 0.382094 0.302487 0.374301 0.303217 0.367726 0.306870 0.357253 0.311498 0.341911 0.297859 0.347999 0.289823
0 0.318413 0.226081 0.341421 0.223701 0.339437 0.216163 0.358876 0.218147 0.351338 0.193948 0.386644 0.192362 0.408463 0.212990 0.411240 0.220527 0.388628 0.239965 0.378710 0.240759 0.348958 0.249486 0.329123 0.249486 0.321983 0.244329 0.318413 0.226081
4 0.327960 0.218527 0.328690 0.206837 0.341598 0.207081 0.342572 0.216092 0.339437 0.216163 0.338188 0.219745 0.327960 0.218527
0 0.346339 0.176706 0.345608 0.155274 0.349748 0.153570 0.351210 0.177680 0.346339 0.176706
0 0.351210 0.177680 0.349748 0.153570 0.363630 0.154057 0.365335 0.176949 0.351210 0.177680
0 0.404946 0.252871 0.418584 0.227300 0.411240 0.220527 0.408463 0.212990 0.416879 0.201241 0.439041 0.209521 0.450000 0.223890 0.420573 0.266687 0.404946 0.252871
0 0.416538 0.187177 0.377572 0.180358 0.384878 0.140662 0.407040 0.145045 0.405579 0.150647 0.413616 0.153569 0.413372 0.159658 0.416538 0.187177
0 0.477815 0.016581 0.471910 0.036474 0.451395 0.029325 0.459788 0.009122 0.477815 0.016581
0 0.444557 0.007257 0.456990 0.006324 0.456369 0.018135 0.445801 0.019379 0.444557 0.007257
0 0.413143 0.026263 0.439280 0.026657 0.438035 0.033381 0.442071 0.044244 0.409745 0.044244 0.410780 0.035438 0.413143 0.026263
0 0.186609 0.266771 0.184905 0.253620 0.199273 0.250454 0.202196 0.265553 0.186609 0.266771
0 0.008707 0.189113 0.024571 0.176704 0.031325 0.185029 0.015618 0.197437 0.008707 0.189113
0 0.043975 0.169742 0.047593 0.168026 0.046990 0.167098 0.049819 0.165521 0.050886 0.166959 0.051165 0.171922 0.047454 0.173824 0.043975 0.169742
0 0.188973 0.315198 0.201403 0.311137 0.203249 0.320367 0.190204 0.325044 0.188973 0.315198
0 0.189937 0.328491 0.202403 0.326678 0.203688 0.335971 0.190692 0.337331 0.189937 0.328491
0 0.261804 0.316865 0.269435 0.309111 0.275711 0.315880 0.267466 0.322772 0.261804 0.316865
0 0.322959 0.397450 0.333374 0.398414 0.332602 0.405839 0.323538 0.405164 0.322959 0.397450
0 0.406944 0.360208 0.413278 0.359320 0.413929 0.365240 0.407358 0.365536 0.406944 0.360208
0 0.436146 0.342097 0.439135 0.336697 0.442414 0.338336 0.452057 0.317700 0.460253 0.321075 0.448393 0.349136 0.436146 0.342097
0 0.530794 0.477362 0.539690 0.478226 0.539259 0.485654 0.530017 0.484876 0.530794 0.477362
0 0.611398 0.500002 0.610361 0.508034 0.599306 0.506393 0.600515 0.497670 0.611398 0.500002
0 0.558440 0.633169 0.558177 0.627700 0.565605 0.627613 0.565537 0.633462 0.558440 0.633169
4 0.356184 0.635674 0.364169 0.635335 0.364304 0.639802 0.356454 0.640208 0.356184 0.635674
0 0.165632 0.661610 0.170814 0.661783 0.170987 0.668519 0.165718 0.668519 0.165632 0.661610
0 0.043275 0.843551 0.052084 0.852534 0.045952 0.859443 0.036883 0.850029 0.043275 0.843551
0 0.517605 0.004487 0.552843 0.006029 0.556591 0.009777 0.556701 0.017383 0.560118 0.017714 0.559898 0.025871 0.547422 0.025263 0.547163 0.033209 0.543017 0.033036 0.542585 0.043142 0.515638 0.042105 0.516569 0.029880 0.509832 0.029448 0.509400 0.024266 0.515273 0.024698 0.515532 0.019947 0.508623 0.019688 0.508709 0.013815 0.517260 0.014074 0.517605 0.004487
0 0.567989 0.028417 0.589409 0.030231 0.590186 0.020817 0.602969 0.022026 0.601760 0.036709 0.609879 0.037227 0.609361 0.046037 0.597182 0.044396 0.597355 0.039905 0.566780 0.036536 0.567989 0.028417
3 0.575723 0.013195 0.583708 0.013737 0.583573 0.019760 0.575655 0.019692 0.575723 0.013195
0 0.493923 0.040900 0.531513 0.052584 0.530521 0.076615 0.524492 0.079432 0.491855 0.069450 0.492737 0.066033 0.481824 0.062946 0.488327 0.042002 0.493923 0.040900
0 0.502123 0.087996 0.540817 0.104148 0.527637 0.132426 0.488104 0.113574 0.502123 0.087996
0 0.434308 0.112173 0.445992 0.090347 0.458448 0.096189 0.447315 0.116031 0.434308 0.112173
0 0.429789 0.136797 0.437571 0.140113 0.434526 0.148031 0.425931 0.144309 0.429789 0.136797
0 0.456401 0.129724 0.466281 0.129588 0.466484 0.140348 0.456062 0.140416 0.456401 0.129724
0 0.481824 0.062946 0.492737 0.066033 0.491855 0.069450 0.524492 0.079432 0.530521 0.076615 0.528502 0.086113 0.516267 0.084569 0.511336 0.086339 0.493953 0.085457 0.473569 0.079670 0.481824 0.062946
4 0.548922 0.310560 0.556705 0.305891 0.559479 0.309951 0.552171 0.314418 0.548922 0.310560
0 0.569609 0.320506 0.574593 0.316264 0.579471 0.323051 0.574222 0.326604 0.569609 0.320506
0 0.419147 0.443701 0.424358 0.443837 0.424358 0.441671 0.442020 0.442348 0.441682 0.455206 0.418538 0.453852 0.419147 0.443701
0 0.310305 0.383182 0.315789 0.383099 0.315872 0.389082 0.310346 0.388999 0.310305 0.383182
0 0.309391 0.305299 0.312424 0.301975 0.317867 0.306504 0.314917 0.309994 0.309391 0.305299
0 0.318250 0.215765 0.313513 0.225375 0.299911 0.224427 0.300791 0.214344 0.318250 0.215765
4 0.316905 0.190710 0.332970 0.191574 0.332970 0.195719 0.329861 0.199261 0.317251 0.198742 0.316905 0.190710
4 0.242931 0.179564 0.254418 0.178959 0.254591 0.193297 0.243017 0.193729 0.242931 0.179564
0 0.116527 0.241629 0.124463 0.232810 0.148274 0.251660 0.141439 0.260809 0.116527 0.241629
0 0.000007 0.725272 0.004075 0.723286 0.020870 0.717473 0.028191 0.720487 0.035297 0.726086 0.004075 0.760968 0.001707 0.758815 0.000630 0.760107 0.000007 0.764757 0.000007 0.725272
0 0.412711 0.416421 0.411934 0.404499 0.424893 0.388429 0.440703 0.394390 0.440185 0.407091 0.430077 0.422901 0.412711 0.416421
