0 0.559115 0.102252 0.594619 0.110677 0.594919 0.116995 0.650282 0.132039 0.649981 0.159118 0.549486 0.127827 0.559115 0.102252
0 0.640386 0.093387 0.647298 0.112588 0.607362 0.119216 0.596362 0.100691 0.640386 0.093387
0 0.685532 0.080321 0.702525 0.068869 0.736144 0.105627 0.716564 0.117818 0.685532 0.080321
0 0.762154 0.209122 0.762298 0.208977 0.769101 0.209122 0.769390 0.205493 0.797264 0.212837 0.792644 0.227589 0.762877 0.220266 0.762154 0.209122
0 0.799823 0.235046 0.820906 0.235010 0.822834 0.244422 0.829865 0.244422 0.830885 0.255876 0.825782 0.257690 0.825442 0.265401 0.798820 0.265473 0.799823 0.235046
0 0.246987 0.297778 0.262782 0.303907 0.264433 0.308858 0.288951 0.317109 0.288008 0.331018 0.283293 0.341627 0.253824 0.329840 0.234021 0.322532 0.246987 0.297778
0 0.269614 0.355413 0.270627 0.353676 0.285390 0.359031 0.283798 0.367425 0.278443 0.374083 0.266430 0.368872 0.266285 0.365544 0.261075 0.364675 0.259483 0.365978 0.252681 0.363807 0.255431 0.350637 0.269614 0.355413
0 0.416845 0.379816 0.406025 0.394600 0.397246 0.391670 0.397680 0.391156 0.388049 0.381891 0.389629 0.380270 0.401990 0.366889 0.416845 0.379816
1 0.454119 0.291065 0.465697 0.305393 0.456869 0.312340 0.445870 0.296420 0.454119 0.291065
0 0.827109 0.447386 0.838561 0.457730 0.818427 0.475093 0.806236 0.463087 0.827109 0.447386
0 0.739226 0.494165 0.756035 0.489547 0.760837 0.503216 0.742366 0.508573 0.735716 0.495088 0.739226 0.494165
0 0.600000 0.480863 0.624494 0.484152 0.624041 0.490389 0.629824 0.491863 0.629937 0.493564 0.636968 0.494131 0.637422 0.491750 0.648194 0.493337 0.647174 0.513069 0.635494 0.511935 0.635380 0.508986 0.630958 0.508646 0.629710 0.516584 0.609313 0.514339 0.609402 0.510873 0.597382 0.508778 0.600000 0.480863
3 0.565976 0.487584 0.566990 0.500804 0.546583 0.501624 0.546004 0.488501 0.565976 0.487584
0 0.411051 0.509626 0.444056 0.506561 0.450024 0.534075 0.441934 0.536737 0.442406 0.539330 0.444528 0.538623 0.446649 0.542630 0.436748 0.561490 0.428733 0.556304 0.433212 0.544281 0.421189 0.546638 0.420010 0.544281 0.411523 0.545695 0.407279 0.524949 0.413645 0.523535 0.411051 0.509626
0 0.325700 0.531123 0.334881 0.520231 0.363142 0.544243 0.352844 0.552226 0.325700 0.531123
0 0.347616 0.550975 0.375870 0.566655 0.368762 0.577584 0.337753 0.556348 0.344595 0.549240 0.347616 0.550975
0 0.296271 0.556346 0.305511 0.542841 0.321860 0.553147 0.323508 0.556931 0.315258 0.568509 0.296271 0.556346
0 0.317893 0.568126 0.321359 0.564395 0.325090 0.568215 0.321625 0.572924 0.317094 0.569281 0.317893 0.568126
0 0.391591 0.741508 0.411355 0.705488 0.460305 0.724883 0.458458 0.738552 0.449222 0.749820 0.424470 0.737444 0.414126 0.753883 0.391591 0.741508
0 0.545371 0.898486 0.542145 0.913202 0.544915 0.915049 0.538635 0.938323 0.559508 0.942757 0.559508 0.951808 0.560062 0.951992 0.560616 0.961598 0.558769 0.974158 0.506679 0.962152 0.507234 0.960674 0.524924 0.905190 0.527879 0.902420 0.529561 0.894785 0.545371 0.898486
0 0.583336 0.863699 0.572623 0.905075 0.547227 0.898506 0.547247 0.898427 0.529668 0.894307 0.539004 0.851877 0.583336 0.863699
0 0.633395 0.874881 0.654848 0.857908 0.669229 0.873231 0.646721 0.890788 0.633395 0.874881
0 0.705057 0.783291 0.719620 0.772143 0.725843 0.779669 0.731922 0.774169 0.721791 0.762880 0.737277 0.749854 0.748855 0.762012 0.758852 0.772642 0.747842 0.782418 0.741768 0.786152 0.740004 0.790478 0.728649 0.796914 0.720278 0.802558 0.705057 0.783291
0 0.747185 0.756023 0.759903 0.746054 0.762211 0.748094 0.769584 0.740947 0.770942 0.740081 0.785910 0.752782 0.764146 0.774601 0.747185 0.756023
0 0.735162 0.719543 0.746885 0.727214 0.742109 0.735174 0.730242 0.730543 0.735162 0.719543
0 0.777310 0.740225 0.784227 0.723668 0.789670 0.726050 0.795340 0.712215 0.814684 0.720055 0.802598 0.751791 0.777310 0.740225
0 0.805853 0.691585 0.821402 0.698249 0.814560 0.719040 0.797245 0.711610 0.805853 0.691585
0 0.830416 0.700842 0.830675 0.699632 0.870060 0.706283 0.866346 0.728480 0.859954 0.728653 0.859781 0.731158 0.824456 0.728739 0.830416 0.700842
0 0.852792 0.652556 0.885267 0.657738 0.884325 0.663458 0.883038 0.669087 0.879250 0.687082 0.869051 0.685133 0.856746 0.682887 0.847091 0.681231 0.851928 0.652383 0.852792 0.652556
0 0.889654 0.658607 0.889827 0.657916 0.905201 0.662234 0.898291 0.688145 0.895185 0.687217 0.895182 0.694796 0.908829 0.699373 0.908397 0.707665 0.893887 0.701619 0.882313 0.699632 0.881017 0.688491 0.889654 0.658607
0 0.902207 0.741462 0.927884 0.729072 0.941889 0.747926 0.916033 0.761932 0.902207 0.741462
0 0.979897 0.709879 0.987775 0.722823 0.970048 0.731967 0.962029 0.718883 0.979897 0.709879
4 0.999009 0.795670 0.994047 0.796405 0.993166 0.774469 0.999009 0.774469 0.999009 0.795670
0 0.842909 0.774626 0.847833 0.790664 0.815193 0.804452 0.817022 0.806562 0.804501 0.811346 0.809284 0.820490 0.794653 0.828791 0.779880 0.813175 0.770173 0.803045 0.842909 0.774626
0 0.824888 0.815677 0.831943 0.807850 0.846163 0.818763 0.839108 0.827582 0.824778 0.816448 0.824888 0.815677
0 0.805357 0.834480 0.821517 0.816850 0.837128 0.829907 0.828176 0.844511 0.833357 0.849472 0.828396 0.855424 0.804696 0.835693 0.805357 0.834480
0 0.843392 0.582448 0.833896 0.621340 0.797626 0.595483 0.796914 0.594980 0.797782 0.584540 0.803145 0.583408 0.803910 0.584889 0.808219 0.585249 0.809915 0.575746 0.843392 0.582448
0 0.776079 0.568729 0.779131 0.563163 0.800678 0.578605 0.802920 0.582959 0.797325 0.584137 0.796445 0.594658 0.773026 0.578246 0.759739 0.573398 0.760098 0.560290 0.776079 0.568729
0 0.759903 0.746054 0.756966 0.742836 0.763691 0.735507 0.769584 0.740947 0.762211 0.748094 0.759903 0.746054
0 0.856746 0.682887 0.869051 0.685133 0.868557 0.692811 0.856451 0.688219 0.856746 0.682887
0 0.884325 0.663458 0.887764 0.664223 0.886264 0.669627 0.883038 0.669087 0.884325 0.663458
