4 0.967789 0.000001 0.960457 0.007745 0.952319 0.000002 0.967789 0.000001
0 0.928910 0.005814 0.936115 0.000002 0.936152 0.000002 0.939674 0.000198 0.944447 0.006095 0.943605 0.007124 0.952964 0.019198 0.944166 0.026217 0.944073 0.036138 0.915433 0.035296 0.916275 0.023129 0.923482 0.023129 0.930127 0.016952 0.935556 0.012927 0.928910 0.005814
0 0.904401 0.020177 0.901032 0.036837 0.897756 0.043014 0.882032 0.045448 0.880953 0.034911 0.885779 0.033876 0.889155 0.017299 0.904401 0.020177
0 0.876765 0.031861 0.877792 0.046015 0.865179 0.047188 0.864299 0.032301 0.876765 0.031861
0 0.862797 0.039334 0.862854 0.048355 0.852741 0.048240 0.853201 0.039793 0.862797 0.039334
0 0.843013 0.050788 0.843106 0.060148 0.828506 0.060335 0.828412 0.051163 0.843013 0.050788
0 0.778019 0.144250 0.792477 0.130217 0.811763 0.150194 0.804767 0.157099 0.807583 0.160317 0.800228 0.167269 0.778019 0.144250
0 0.720370 0.054360 0.741563 0.058687 0.741270 0.060373 0.748823 0.060740 0.748897 0.073793 0.739803 0.074013 0.739803 0.076507 0.735403 0.076653 0.735330 0.073353 0.733130 0.073133 0.729023 0.088240 0.712597 0.083473 0.720370 0.054360
0 0.777314 0.074502 0.777444 0.078130 0.758692 0.083313 0.755491 0.060750 0.772471 0.058193 0.777314 0.074502
0 0.795129 0.067458 0.777637 0.073887 0.772959 0.058115 0.774700 0.057854 0.774547 0.055567 0.791927 0.052213 0.795129 0.067458
4 0.758709 0.000006 0.753754 0.010372 0.739483 0.003484 0.740674 0.000006 0.758709 0.000006
4 0.736165 0.000006 0.730645 0.014748 0.716232 0.010068 0.719880 0.000006 0.736165 0.000006
0 0.749904 0.042078 0.755936 0.042467 0.755741 0.051612 0.742647 0.051788 0.742824 0.042568 0.749904 0.040225 0.749904 0.042078
0 0.768583 0.023399 0.766443 0.032349 0.747375 0.033516 0.747569 0.039354 0.749904 0.039354 0.749904 0.039736 0.727715 0.043330 0.727917 0.032933 0.749126 0.010946 0.768583 0.023399
0 0.708013 0.005016 0.711944 0.023454 0.697250 0.026449 0.693787 0.007731 0.708013 0.005016
4 0.703946 0.000006 0.705117 0.004698 0.691551 0.007191 0.690232 0.000007 0.703946 0.000006
3 0.706010 0.037807 0.718396 0.033441 0.724914 0.051833 0.713690 0.057204 0.706010 0.037807
0 0.950411 0.030460 0.962834 0.021263 0.978841 0.042525 0.974302 0.048617 0.983141 0.048736 0.981102 0.064304 0.944322 0.061594 0.946253 0.044965 0.962259 0.045681 0.950411 0.030460
0 0.972137 0.066767 0.971490 0.078934 0.939013 0.075284 0.940230 0.062930 0.972137 0.066767
0 0.939358 0.063277 0.938142 0.074414 0.918768 0.072355 0.920265 0.061124 0.939358 0.063277
0 0.945493 0.044866 0.943733 0.060706 0.921659 0.058432 0.922979 0.043986 0.945493 0.044866
0 0.921882 0.045164 0.920759 0.056676 0.907937 0.055740 0.908779 0.044508 0.921882 0.045164
0 0.917719 0.067668 0.894033 0.064001 0.896013 0.051754 0.906059 0.052928 0.905839 0.057181 0.918819 0.058721 0.917719 0.067668
0 0.869989 0.057448 0.882795 0.055313 0.883405 0.067662 0.870751 0.068729 0.869989 0.057448
1 0.835210 0.196014 0.821973 0.185508 0.833109 0.173741 0.845085 0.185718 0.835210 0.196014
