0 0.999011 0.273325 0.966485 0.270674 0.965979 0.241309 0.970029 0.238271 0.999011 0.240454 0.999011 0.273325
0 0.941171 0.246878 0.941171 0.259029 0.936614 0.260548 0.936614 0.277256 0.923956 0.277762 0.923956 0.269155 0.913324 0.264598 0.914337 0.245359 0.941171 0.246878
1 0.899654 0.248903 0.906742 0.249409 0.908261 0.264092 0.901173 0.265104 0.899654 0.248903
0 0.738080 0.694520 0.752361 0.698091 0.746807 0.714355 0.742444 0.726653 0.744427 0.731413 0.736493 0.740537 0.730940 0.740537 0.713088 0.725066 0.738080 0.694520
0 0.767039 0.685000 0.776956 0.692140 0.769022 0.701264 0.759898 0.694917 0.767039 0.685000
0 0.782113 0.664371 0.790047 0.670719 0.784890 0.677462 0.776956 0.671512 0.782113 0.664371
0 0.720149 0.743868 0.714304 0.755071 0.703345 0.748252 0.710164 0.737292 0.719662 0.740458 0.720149 0.743868
0 0.756487 0.757489 0.769654 0.753291 0.776714 0.764168 0.768890 0.769320 0.759540 0.770274 0.756869 0.765503 0.756487 0.757489
0 0.781563 0.763674 0.803685 0.781603 0.805633 0.780872 0.818054 0.788178 0.814888 0.801086 0.809287 0.812775 0.801006 0.812532 0.789073 0.804495 0.794431 0.795484 0.772512 0.774540 0.781563 0.763674
0 0.826883 0.786982 0.843444 0.792340 0.840765 0.804516 0.838086 0.805978 0.822499 0.801838 0.822499 0.799402 0.826883 0.786982
0 0.887766 0.788739 0.899888 0.824483 0.881238 0.832875 0.869427 0.797442 0.887766 0.788739
4 0.999011 0.792550 0.984459 0.789349 0.984770 0.777848 0.999011 0.779011 0.999011 0.792550
0 0.893630 0.969158 0.890707 0.979387 0.876338 0.974516 0.867571 0.975246 0.860022 0.972568 0.865136 0.957955 0.874877 0.956494 0.884619 0.963313 0.893630 0.969158
0 0.882440 0.985627 0.871955 0.996678 0.851807 0.986159 0.857830 0.975148 0.882440 0.985627
0 0.943879 0.999002 0.948093 0.984719 0.975370 0.991781 0.974581 0.999001 0.943879 0.999002
0 0.123516 0.243176 0.138436 0.239135 0.143720 0.247527 0.129111 0.252811 0.123516 0.243176
