0 0.000007 0.651961 0.033194 0.647464 0.040354 0.658111 0.040629 0.672246 0.002354 0.675918 0.000007 0.666033 0.000007 0.651961
0 0.031440 0.744825 0.046614 0.744969 0.046614 0.748493 0.044960 0.748565 0.045536 0.763812 0.031440 0.763812 0.031440 0.744825
0 0.013307 0.763011 0.027475 0.761429 0.029057 0.778113 0.014530 0.779840 0.013307 0.763011
0 0.038628 0.815255 0.052029 0.814612 0.052396 0.809197 0.061575 0.809197 0.061667 0.814337 0.067174 0.814429 0.067541 0.835356 0.038536 0.835999 0.038628 0.815255
0 0.102979 0.871014 0.135429 0.867851 0.136483 0.887180 0.121371 0.888586 0.121488 0.902409 0.104151 0.903112 0.102979 0.871014
0 0.090665 0.124016 0.097569 0.116537 0.104113 0.112006 0.125329 0.127828 0.110730 0.141348 0.090665 0.124016
0 0.031122 0.116424 0.038222 0.108253 0.055972 0.118790 0.049830 0.127356 0.031122 0.116424
0 0.311050 0.026695 0.327786 0.018806 0.333026 0.024103 0.334717 0.030414 0.316981 0.036781 0.311050 0.026695
0 0.456486 0.108635 0.465045 0.097560 0.532599 0.122087 0.529114 0.133711 0.519140 0.129935 0.516886 0.135345 0.496882 0.126442 0.491360 0.135176 0.481136 0.130803 0.471774 0.125204 0.463972 0.118412 0.457822 0.111345 0.456486 0.108635
0 0.423525 0.111146 0.431994 0.103003 0.448814 0.115646 0.441598 0.124333 0.423525 0.111146
0 0.434908 0.102590 0.439809 0.098230 0.443754 0.101949 0.447924 0.099864 0.455080 0.108203 0.447811 0.113613 0.434908 0.102590
0 0.644342 0.193791 0.647248 0.193168 0.646937 0.189813 0.656139 0.188982 0.656208 0.187149 0.678747 0.186310 0.680628 0.204572 0.660265 0.207159 0.659983 0.204792 0.649277 0.205694 0.648713 0.199045 0.644487 0.199439 0.644342 0.193791
0 0.735565 0.172645 0.752921 0.172758 0.753033 0.183971 0.735960 0.184253 0.735565 0.172645
0 0.855849 0.043953 0.863400 0.030504 0.870304 0.019357 0.907056 0.037606 0.894298 0.064407 0.855849 0.043953
4 0.923145 0.077812 0.934375 0.069641 0.940007 0.075989 0.932097 0.082011 0.930013 0.079993 0.926139 0.082695 0.923145 0.077812
0 0.859706 0.181150 0.865931 0.180880 0.867488 0.169172 0.895505 0.171067 0.895437 0.185481 0.893339 0.196918 0.858352 0.192993 0.859706 0.181150
0 0.867022 0.168012 0.870257 0.152264 0.874393 0.152953 0.874923 0.151098 0.889558 0.152529 0.888921 0.155711 0.896875 0.156665 0.894860 0.170716 0.867022 0.168012
0 0.945109 0.186579 0.946541 0.177883 0.943677 0.177353 0.945639 0.167066 0.962448 0.169346 0.960168 0.188276 0.945109 0.186579
0 0.888472 0.220555 0.888990 0.208635 0.891495 0.208549 0.891300 0.197924 0.897928 0.197818 0.897464 0.188540 0.912016 0.185091 0.922899 0.206770 0.911152 0.228190 0.888472 0.220555
0 0.822638 0.299693 0.848212 0.299583 0.849591 0.295035 0.860434 0.294703 0.861432 0.299730 0.872903 0.299854 0.874803 0.315401 0.874199 0.330861 0.827040 0.329566 0.818835 0.330084 0.819699 0.307973 0.822638 0.299693
0 0.000007 0.269053 0.013110 0.257158 0.023329 0.265076 0.008529 0.282234 0.002704 0.276559 0.000007 0.275864 0.000007 0.269053
0 0.038200 0.266397 0.049347 0.250805 0.070190 0.265694 0.073642 0.260483 0.087921 0.270363 0.081137 0.281208 0.077266 0.279405 0.067743 0.290496 0.038200 0.266397
0 0.030955 0.381567 0.033104 0.339821 0.045627 0.340339 0.046750 0.383525 0.030955 0.381567
0 0.117479 0.338842 0.119984 0.330896 0.118343 0.329082 0.119120 0.322950 0.123525 0.315090 0.131212 0.314486 0.135271 0.307317 0.149868 0.313967 0.134839 0.347306 0.117479 0.338842
0 0.292756 0.493975 0.319763 0.474684 0.334094 0.494636 0.307086 0.514478 0.292756 0.493975
0 0.267516 0.476447 0.278421 0.468495 0.294865 0.490759 0.285120 0.498406 0.267516 0.476447
0 0.288498 0.461002 0.299985 0.453229 0.317518 0.474821 0.306031 0.483286 0.288498 0.461002
0 0.667237 0.543435 0.702622 0.553689 0.705175 0.560243 0.669993 0.564931 0.667237 0.543435
0 0.618483 0.540779 0.626515 0.530932 0.637311 0.527305 0.655535 0.547084 0.638693 0.562803 0.618483 0.540779
0 0.601260 0.525806 0.594064 0.502155 0.596269 0.501274 0.590206 0.479668 0.615796 0.473548 0.621142 0.490712 0.644215 0.482412 0.667569 0.505203 0.601260 0.525806
0 0.512732 0.497409 0.544038 0.484181 0.559251 0.499062 0.561566 0.518133 0.530700 0.531030 0.512732 0.497409
0 0.486898 0.542651 0.529133 0.535569 0.530860 0.549648 0.487416 0.556557 0.486898 0.542651
0 0.336075 0.608343 0.343925 0.601034 0.341421 0.596500 0.360708 0.581206 0.370385 0.586417 0.375257 0.593928 0.368896 0.599342 0.380690 0.614126 0.383556 0.625921 0.351919 0.645432 0.341116 0.631212 0.362061 0.616331 0.359305 0.613575 0.347400 0.623055 0.336075 0.608343
0 0.388232 0.627852 0.383871 0.616879 0.402020 0.609703 0.397799 0.594509 0.411165 0.590007 0.416370 0.601825 0.440338 0.590629 0.456236 0.621159 0.436539 0.630163 0.426551 0.611029 0.388232 0.627852
0 0.471118 0.598697 0.449370 0.606572 0.441683 0.590420 0.482863 0.571981 0.490249 0.586642 0.496856 0.605321 0.474927 0.613098 0.471118 0.598697
0 0.483517 0.570870 0.511295 0.558193 0.516587 0.567783 0.511042 0.571254 0.514713 0.579909 0.492556 0.589720 0.483517 0.570870
0 0.444561 0.581310 0.440041 0.556839 0.468540 0.553478 0.478020 0.569021 0.478791 0.571336 0.444561 0.581310
0 0.409181 0.560302 0.426455 0.559266 0.428182 0.572308 0.441052 0.570667 0.443038 0.582413 0.426714 0.585091 0.426023 0.578440 0.409008 0.579477 0.409181 0.560302
0 0.419291 0.668529 0.425059 0.652631 0.433079 0.640391 0.460513 0.652491 0.458825 0.657555 0.469798 0.664731 0.460091 0.687381 0.456714 0.685693 0.454745 0.690476 0.420135 0.673453 0.421683 0.670499 0.419291 0.668529
0 0.403767 0.701576 0.411083 0.701717 0.411224 0.695527 0.422057 0.695808 0.422198 0.706219 0.420087 0.706500 0.421353 0.736748 0.399687 0.736045 0.399969 0.722257 0.404611 0.721835 0.403767 0.701576
0 0.319472 0.945481 0.348506 0.920363 0.367217 0.942592 0.358658 0.950951 0.378048 0.971002 0.356773 0.989080 0.319472 0.945481
0 0.286197 0.979010 0.310899 0.982292 0.312718 0.999007 0.283986 0.999006 0.283434 0.988511 0.286197 0.979010
0 0.295846 0.965926 0.312822 0.958761 0.323074 0.977390 0.312381 0.982241 0.295846 0.965926
0 0.050866 0.943444 0.058361 0.914453 0.087904 0.923602 0.083715 0.941791 0.073684 0.939365 0.070046 0.950830 0.050866 0.943444
0 0.481139 0.750192 0.523579 0.769593 0.515752 0.789655 0.471328 0.770585 0.481139 0.750192
0 0.552051 0.630077 0.562413 0.618393 0.581704 0.634266 0.570570 0.650581 0.552051 0.630077
0 0.545845 0.662150 0.567092 0.669750 0.563378 0.685297 0.541959 0.678560 0.545845 0.662150
0 0.544525 0.707672 0.549871 0.685299 0.566332 0.689661 0.560404 0.712729 0.544525 0.707672
0 0.544231 0.724231 0.547944 0.708425 0.558568 0.711707 0.555631 0.727513 0.544231 0.724231
0 0.513052 0.739331 0.522201 0.717505 0.536090 0.722135 0.529366 0.745945 0.513052 0.739331
0 0.525441 0.790832 0.539771 0.760187 0.550795 0.765478 0.538338 0.798438 0.525441 0.790832
0 0.490386 0.721355 0.496780 0.708679 0.488512 0.704049 0.496229 0.689498 0.526763 0.705151 0.512213 0.734694 0.490386 0.721355
0 0.343399 0.898882 0.360155 0.887999 0.369051 0.901473 0.351508 0.912027 0.343399 0.898882
0 0.168670 0.841468 0.166413 0.818282 0.200553 0.815192 0.203088 0.823460 0.204301 0.836467 0.168670 0.841468
0 0.151674 0.809276 0.157847 0.808946 0.158067 0.799466 0.178492 0.798743 0.179195 0.810983 0.165126 0.811546 0.167377 0.835885 0.153590 0.836729 0.151674 0.809276
0 0.113073 0.794921 0.127403 0.793267 0.127183 0.788637 0.143608 0.787645 0.144710 0.805062 0.113955 0.807928 0.113073 0.794921
0 0.180639 0.792570 0.194990 0.791304 0.196678 0.814799 0.182328 0.815924 0.180639 0.792570
0 0.000007 0.690840 0.011689 0.691043 0.011553 0.697608 0.016020 0.697405 0.015884 0.703698 0.000007 0.704375 0.000007 0.690840
0 0.052978 0.100851 0.062055 0.107106 0.057073 0.114233 0.047455 0.107729 0.052978 0.100851
0 0.036837 0.724635 0.048345 0.724345 0.048595 0.728832 0.042986 0.729039 0.042986 0.728084 0.041075 0.728208 0.041033 0.731532 0.036546 0.731698 0.036837 0.724635
0 0.057414 0.977347 0.067754 0.978248 0.067383 0.986149 0.056990 0.985247 0.057414 0.977347
0 0.526129 0.705789 0.534724 0.710729 0.530325 0.719120 0.522136 0.714383 0.526129 0.705789
0 0.422704 0.658892 0.418394 0.653864 0.416599 0.637883 0.436539 0.630163 0.450715 0.622980 0.475673 0.662662 0.470825 0.675411 0.466429 0.671598 0.469798 0.664731 0.458825 0.657555 0.460513 0.652491 0.433079 0.640391 0.425059 0.652631 0.422704 0.658892
0 0.474927 0.613098 0.490089 0.607803 0.493680 0.629349 0.489909 0.631145 0.489909 0.635634 0.481470 0.641021 0.471056 0.612471 0.474927 0.613098
0 0.164017 0.799633 0.163465 0.791586 0.179670 0.790814 0.180000 0.799302 0.178492 0.798743 0.164017 0.799633
0 0.182472 0.773528 0.193445 0.772684 0.194990 0.791304 0.182190 0.792380 0.180924 0.781266 0.182894 0.780984 0.182472 0.773528
0 0.391416 0.495070 0.403335 0.484533 0.405236 0.487038 0.408345 0.484447 0.414477 0.494034 0.399967 0.506385 0.391416 0.495070
0 0.340428 0.002062 0.345609 0.013968 0.327786 0.018806 0.319373 0.023007 0.313972 0.009668 0.340428 0.002062
4 0.123415 0.823204 0.138950 0.822484 0.139813 0.835286 0.136936 0.835862 0.137080 0.841472 0.123271 0.842191 0.123415 0.823204
0 0.103617 0.740823 0.128688 0.739183 0.130796 0.756756 0.105960 0.758865 0.103617 0.740823
4 0.175444 0.673667 0.176179 0.689639 0.167550 0.689823 0.167550 0.674585 0.175444 0.673667
0 0.314826 0.049088 0.310704 0.043042 0.316981 0.036781 0.329391 0.032874 0.334338 0.038920 0.330490 0.043317 0.314826 0.049088
