0 0.292885 0.026871 0.309202 0.035586 0.301044 0.051532 0.284727 0.042446 0.292885 0.026871
0 0.281019 0.054498 0.295667 0.061359 0.290475 0.071186 0.275086 0.064140 0.281019 0.054498
0 0.414517 0.403347 0.418555 0.407498 0.429548 0.417823 0.407414 0.440712 0.390544 0.427312 0.414517 0.403347
0 0.445408 0.378239 0.467780 0.390155 0.452185 0.417572 0.429548 0.403486 0.445408 0.378239
0 0.486616 0.329435 0.496867 0.332989 0.481012 0.366203 0.471444 0.362513 0.486616 0.329435
2 0.619610 0.373234 0.629862 0.373644 0.628768 0.385672 0.617834 0.385398 0.619610 0.373234
0 0.756503 0.398560 0.753771 0.406971 0.752457 0.411460 0.710039 0.396479 0.713636 0.383623 0.756503 0.398560
0 0.756503 0.398560 0.770818 0.403619 0.767284 0.411058 0.753771 0.406971 0.756503 0.398560
0 0.948425 0.390873 0.965854 0.398846 0.958437 0.415163 0.941008 0.406819 0.927287 0.424248 0.902812 0.409415 0.923394 0.385682 0.943604 0.396065 0.948425 0.390873
0 0.890303 0.507007 0.902125 0.513295 0.893322 0.529141 0.878985 0.521847 0.890303 0.507007
0 0.129913 0.658973 0.146765 0.669537 0.142937 0.675683 0.149587 0.680016 0.141829 0.691905 0.133768 0.686968 0.131249 0.691301 0.115027 0.681426 0.129913 0.658973
0 0.094853 0.683942 0.107837 0.683669 0.108521 0.708682 0.118909 0.707999 0.128750 0.713329 0.118772 0.724811 0.108931 0.725494 0.108794 0.716473 0.095536 0.716746 0.094853 0.683942
0 0.240211 0.599235 0.256308 0.595713 0.259075 0.608541 0.243481 0.613069 0.240211 0.599235
0 0.240462 0.616841 0.266872 0.609296 0.271651 0.625896 0.247254 0.632436 0.240462 0.616841
0 0.269224 0.649192 0.299932 0.658405 0.292767 0.673418 0.265471 0.665570 0.269224 0.649192
0 0.268541 0.716750 0.292426 0.725280 0.282531 0.745411 0.259329 0.731422 0.268541 0.716750
0 0.367832 0.730740 0.385574 0.741317 0.375338 0.755306 0.357254 0.743023 0.367832 0.730740
3 0.359643 0.686724 0.403317 0.708220 0.394104 0.723916 0.352136 0.701737 0.359643 0.686724
0 0.324158 0.712997 0.347018 0.724939 0.336100 0.745411 0.312215 0.730057 0.324158 0.712997
0 0.294273 0.684681 0.301790 0.690148 0.297416 0.696299 0.289899 0.690831 0.294273 0.684681
0 0.303977 0.691105 0.313818 0.696709 0.309581 0.703269 0.299467 0.697529 0.303977 0.691105
0 0.291885 0.730095 0.302655 0.736334 0.296639 0.747847 0.285869 0.741533 0.291885 0.730095
0 0.309913 0.737730 0.341761 0.749621 0.337113 0.762879 0.305813 0.751125 0.309913 0.737730
0 0.310945 0.769997 0.325062 0.780091 0.318945 0.787017 0.304658 0.775737 0.310945 0.769997
0 0.344684 0.758493 0.356473 0.763934 0.334407 0.799602 0.324633 0.795370 0.320502 0.800408 0.311434 0.795874 0.344684 0.758493
0 0.379685 0.756828 0.385417 0.761568 0.379244 0.768843 0.372961 0.763883 0.379685 0.756828
0 0.381669 0.751206 0.388945 0.743159 0.399306 0.753411 0.391921 0.760686 0.381669 0.751206
0 0.326509 0.831354 0.332634 0.830707 0.343571 0.829386 0.350294 0.828565 0.353275 0.850195 0.328752 0.852438 0.326509 0.831354
0 0.268664 0.815175 0.308728 0.819429 0.308159 0.831618 0.270241 0.830602 0.268664 0.815175
0 0.367201 0.791861 0.388476 0.806632 0.375248 0.825151 0.352981 0.809388 0.367201 0.791861
0 0.384214 0.819078 0.390938 0.813567 0.415851 0.837597 0.442858 0.820291 0.453330 0.828558 0.421252 0.853912 0.413206 0.843881 0.405710 0.850164 0.394135 0.839912 0.399096 0.835944 0.384214 0.819078
3 0.470019 0.839956 0.485703 0.828742 0.491635 0.835893 0.476927 0.847595 0.470019 0.839956
3 0.492213 0.828026 0.498143 0.827967 0.498383 0.836652 0.492572 0.836533 0.492213 0.828026
0 0.356599 0.921389 0.371702 0.920641 0.372151 0.931408 0.357496 0.932155 0.356599 0.921389
0 0.387152 0.946939 0.407937 0.957705 0.400460 0.967425 0.381768 0.957556 0.387152 0.946939
0 0.434816 0.995174 0.439005 0.988891 0.447052 0.994072 0.443473 0.999008 0.441121 0.999008 0.434816 0.995174
0 0.438123 0.964719 0.447052 0.970781 0.429056 0.999008 0.417126 0.999007 0.438123 0.964719
4 0.527025 0.982803 0.533754 0.982504 0.533754 0.989981 0.526876 0.989981 0.527025 0.982803
0 0.204701 0.781045 0.216061 0.790173 0.206324 0.802750 0.193747 0.792404 0.204701 0.781045
0 0.192733 0.799098 0.212815 0.809241 0.205310 0.822629 0.185227 0.812487 0.192733 0.799098
0 0.151019 0.699754 0.162639 0.683398 0.176242 0.689141 0.176745 0.699620 0.186556 0.699891 0.186556 0.713286 0.177809 0.713423 0.177809 0.720394 0.169744 0.720394 0.169471 0.717933 0.150062 0.717386 0.151019 0.699754
0 0.205673 0.721835 0.232558 0.744455 0.219208 0.761143 0.191025 0.737039 0.205673 0.721835
0 0.258664 0.676452 0.274929 0.684926 0.270965 0.693537 0.254290 0.683559 0.258664 0.676452
0 0.236795 0.666201 0.254290 0.673718 0.247046 0.690120 0.238982 0.686976 0.233788 0.702148 0.219573 0.695451 0.236795 0.666201
0 0.173073 0.665226 0.184964 0.670967 0.177037 0.687232 0.164872 0.681355 0.173073 0.665226
0 0.202631 0.621482 0.229544 0.638837 0.221495 0.651665 0.190055 0.632800 0.202631 0.621482
4 0.260278 0.568543 0.274614 0.556973 0.281909 0.565776 0.266314 0.578352 0.260278 0.568543
0 0.477691 0.621408 0.492525 0.621408 0.492710 0.631606 0.478433 0.631791 0.477691 0.621408
0 0.530158 0.649161 0.527023 0.614513 0.537804 0.614412 0.537704 0.606150 0.547513 0.606150 0.547513 0.649161 0.530158 0.649161
0 0.553668 0.606745 0.570480 0.609479 0.570207 0.617680 0.581278 0.619457 0.579775 0.630802 0.551071 0.627795 0.553668 0.606745
0 0.597226 0.618230 0.607478 0.622878 0.599550 0.639963 0.587795 0.634359 0.597226 0.618230
0 0.606315 0.652103 0.629551 0.645132 0.634672 0.652478 0.641209 0.650398 0.643066 0.656266 0.614766 0.670601 0.606315 0.652103
0 0.575429 0.647092 0.585404 0.646185 0.593565 0.685884 0.581575 0.687799 0.575429 0.647092
0 0.574824 0.654145 0.577847 0.688202 0.564849 0.689713 0.561826 0.655657 0.574824 0.654145
0 0.610290 0.699699 0.619190 0.708970 0.606952 0.720465 0.599721 0.712863 0.610290 0.699699
0 0.635321 0.672072 0.644221 0.675409 0.637546 0.693024 0.627719 0.689316 0.635321 0.672072
0 0.655652 0.678583 0.680127 0.699906 0.665294 0.717706 0.654540 0.708250 0.657321 0.704542 0.648792 0.697125 0.643044 0.703615 0.635627 0.696383 0.655652 0.678583
0 0.705445 0.712649 0.719113 0.719893 0.716380 0.730008 0.701481 0.721670 0.705445 0.712649
0 0.696788 0.681121 0.710118 0.662257 0.726550 0.672578 0.734265 0.664772 0.751368 0.675336 0.734013 0.703507 0.696788 0.681121
0 0.675749 0.601266 0.687987 0.607199 0.678531 0.625555 0.673561 0.622998 0.674824 0.620472 0.667916 0.616833 0.675749 0.601266
0 0.655267 0.634385 0.665732 0.618112 0.671207 0.620357 0.669729 0.623424 0.674129 0.625228 0.668525 0.639853 0.655267 0.634385
0 0.652790 0.618779 0.660419 0.621322 0.655373 0.633270 0.648673 0.630969 0.652790 0.618779
0 0.633633 0.608481 0.650445 0.614769 0.642928 0.639508 0.626936 0.632538 0.633633 0.608481
0 0.775256 0.608062 0.795096 0.606579 0.796950 0.621968 0.774885 0.626418 0.775256 0.608062
0 0.866269 0.589080 0.883801 0.595428 0.875135 0.610743 0.859215 0.605101 0.866269 0.589080
0 0.793968 0.633682 0.823820 0.624226 0.828640 0.639059 0.834017 0.639245 0.833647 0.647032 0.819740 0.647774 0.819184 0.660938 0.794338 0.658342 0.793968 0.633682
2 0.873323 0.667416 0.893962 0.682861 0.882344 0.695163 0.859381 0.676437 0.873323 0.667416
0 0.905300 0.699159 0.917323 0.703168 0.909936 0.724746 0.897698 0.721038 0.905300 0.699159
0 0.919841 0.673050 0.906098 0.695061 0.895311 0.688764 0.908835 0.666917 0.919841 0.673050
0 0.894849 0.691720 0.903010 0.696657 0.896763 0.708042 0.887695 0.702501 0.894849 0.691720
0 0.880943 0.717587 0.885864 0.717860 0.884907 0.732622 0.878757 0.732622 0.880943 0.717587
0 0.854149 0.740205 0.865084 0.746219 0.856199 0.759067 0.843898 0.752643 0.854149 0.740205
0 0.892182 0.719417 0.914145 0.726165 0.909557 0.739204 0.887824 0.732369 0.892182 0.719417
0 0.879272 0.737045 0.900409 0.751136 0.893363 0.760963 0.873895 0.747613 0.879272 0.737045
1 0.659076 0.782730 0.671128 0.791816 0.660188 0.804424 0.647209 0.796636 0.659076 0.782730
3 0.864876 0.781170 0.871847 0.782127 0.870480 0.787731 0.864056 0.786774 0.864876 0.781170
3 0.957935 0.778226 0.964283 0.782659 0.957230 0.792836 0.950076 0.787999 0.957935 0.778226
0 0.789489 0.891294 0.804329 0.895319 0.797537 0.913428 0.784961 0.909404 0.789489 0.891294
0 0.833757 0.904122 0.852873 0.908147 0.850358 0.919465 0.832002 0.915359 0.833757 0.904122
3 0.799595 0.918174 0.830003 0.932080 0.826295 0.941351 0.795887 0.927074 0.799595 0.918174
4 0.999009 0.947912 0.984157 0.946869 0.986382 0.922579 0.999009 0.923611 0.999009 0.947912
4 0.999009 0.917304 0.987309 0.916646 0.989720 0.891615 0.999009 0.892347 0.999009 0.917304
0 0.249856 0.710420 0.264891 0.716571 0.257510 0.731469 0.241518 0.724909 0.249856 0.710420
3 0.042292 0.614990 0.054344 0.622593 0.049523 0.630195 0.033021 0.623705 0.042292 0.614990
0 0.667800 0.213536 0.675587 0.219469 0.671693 0.226701 0.663164 0.220211 0.667800 0.213536
0 0.571275 0.107210 0.580042 0.093329 0.604883 0.106236 0.595872 0.120848 0.587592 0.115978 0.584182 0.121579 0.571031 0.116708 0.575902 0.108915 0.571275 0.107210
0 0.571031 0.116708 0.584182 0.121579 0.578282 0.134364 0.566452 0.128067 0.571031 0.116708
0 0.577688 0.150475 0.585911 0.142103 0.600713 0.154362 0.591443 0.162436 0.577688 0.150475
3 0.600563 0.132982 0.613870 0.135973 0.610132 0.148382 0.596526 0.145541 0.600563 0.132982
0 0.414517 0.403347 0.418163 0.398597 0.423084 0.403283 0.418555 0.407498 0.414517 0.403347
0 0.796074 0.408567 0.817863 0.409855 0.819269 0.427662 0.810717 0.427662 0.810600 0.433284 0.804509 0.433167 0.804626 0.427193 0.796308 0.427544 0.796074 0.408567
0 0.818840 0.409855 0.836529 0.409153 0.836939 0.426277 0.836997 0.428950 0.835865 0.429044 0.829852 0.429067 0.830203 0.431410 0.820597 0.431644 0.820246 0.427662 0.818840 0.409855
0 0.835962 0.426277 0.847758 0.429270 0.840279 0.448688 0.823882 0.444157 0.827190 0.433226 0.831505 0.435024 0.834888 0.429044 0.836021 0.428950 0.835962 0.426277
0 0.805833 0.434328 0.816111 0.434587 0.815679 0.443224 0.805315 0.443137 0.805833 0.434328
0 0.795098 0.408567 0.795332 0.427544 0.780550 0.429346 0.782525 0.414801 0.789169 0.414083 0.795098 0.408567
0 0.911808 0.452509 0.932996 0.461666 0.927250 0.473158 0.907319 0.462923 0.911808 0.452509
0 0.932996 0.461666 0.949515 0.470106 0.942872 0.481059 0.927250 0.473158 0.932996 0.461666
2 0.801605 0.606600 0.808710 0.586204 0.826126 0.591704 0.821772 0.604996 0.816272 0.603621 0.813751 0.610496 0.801605 0.606600
0 0.808710 0.586204 0.818335 0.562371 0.831168 0.567871 0.826355 0.583225 0.833689 0.585975 0.830480 0.593537 0.826126 0.591704 0.808710 0.586204
0 0.791064 0.604996 0.796105 0.593767 0.803897 0.596516 0.799543 0.607746 0.791064 0.604996
0 0.850458 0.586357 0.863682 0.588608 0.862275 0.596346 0.849191 0.594095 0.850458 0.586357
0 0.884659 0.598110 0.894225 0.602330 0.890708 0.609365 0.887332 0.608098 0.877765 0.628358 0.872278 0.624840 0.884659 0.598110
0 0.868761 0.610631 0.876358 0.613726 0.871293 0.623293 0.863756 0.619967 0.868761 0.610631
0 0.850561 0.610879 0.863238 0.611650 0.861143 0.620138 0.850561 0.615839 0.850561 0.610879
0 0.855191 0.658331 0.870104 0.632585 0.880233 0.638353 0.876013 0.656361 0.869963 0.653688 0.864617 0.663255 0.855191 0.658331
0 0.847381 0.639429 0.852768 0.625783 0.864259 0.630092 0.859770 0.643918 0.847381 0.639429
0 0.853777 0.663117 0.864188 0.667337 0.856591 0.676763 0.848713 0.674090 0.853777 0.663117
2 0.920660 0.671377 0.900682 0.660544 0.903214 0.656464 0.908138 0.659419 0.913203 0.649571 0.925443 0.656324 0.922348 0.661107 0.926991 0.663217 0.920660 0.671377
0 0.895617 0.662092 0.905606 0.666594 0.901385 0.675457 0.894632 0.671518 0.895617 0.662092
0 0.898450 0.735848 0.907622 0.738775 0.902516 0.749362 0.894256 0.745232 0.898450 0.735848
0 0.827088 0.886995 0.837780 0.891215 0.833982 0.900219 0.824415 0.895858 0.827088 0.886995
0 0.824415 0.895858 0.815692 0.892903 0.818928 0.884181 0.827088 0.886995 0.824415 0.895858
0 0.332634 0.830707 0.332900 0.827567 0.343776 0.826334 0.343571 0.829386 0.332634 0.830707
0 0.066542 0.637292 0.079604 0.620563 0.087396 0.626980 0.078459 0.638896 0.075479 0.643021 0.066542 0.637292
0 0.078459 0.638896 0.087396 0.626980 0.095875 0.633855 0.086938 0.644396 0.078459 0.638896
