0 0.788550 0.021092 0.820417 0.020902 0.822134 0.047998 0.790268 0.048189 0.788550 0.021092
0 0.827859 0.053341 0.852092 0.052959 0.852474 0.064026 0.852665 0.065362 0.828049 0.066507 0.827859 0.053341
0 0.898508 0.009703 0.917486 0.009468 0.919126 0.043323 0.900383 0.044612 0.898508 0.009703
0 0.804972 0.076807 0.806027 0.094964 0.793844 0.094378 0.791735 0.077978 0.804972 0.076807
0 0.811415 0.079735 0.834025 0.082430 0.835079 0.089927 0.833322 0.099416 0.811298 0.096604 0.811415 0.079735
4 0.579933 0.000007 0.578803 0.008865 0.576327 0.009360 0.575509 0.016178 0.565758 0.013200 0.566586 0.008865 0.564275 0.007874 0.565614 0.000008 0.579933 0.000007
0 0.565758 0.013200 0.575509 0.016178 0.574612 0.020364 0.584479 0.021561 0.582087 0.033073 0.562501 0.029036 0.562950 0.025298 0.561604 0.024401 0.565758 0.013200
4 0.602218 0.001277 0.609599 0.000519 0.613103 0.010619 0.604387 0.012162 0.602218 0.001277
4 0.673352 0.000007 0.670050 0.003665 0.672744 0.006359 0.663256 0.015848 0.660913 0.013505 0.656578 0.017722 0.646855 0.007296 0.651541 0.003782 0.646074 0.000007 0.673352 0.000007
0 0.585946 0.026280 0.596087 0.030739 0.600114 0.021462 0.611549 0.025417 0.608744 0.037499 0.613203 0.038937 0.609032 0.052889 0.580049 0.041526 0.585946 0.026280
0 0.719866 0.038853 0.736020 0.045921 0.734827 0.056843 0.731523 0.056384 0.728035 0.063819 0.714818 0.055925 0.718030 0.048766 0.719866 0.038853
0 0.736571 0.060515 0.737581 0.045645 0.753827 0.053814 0.754286 0.065930 0.747953 0.068225 0.736571 0.060515
4 0.932364 0.011434 0.933276 0.001498 0.953757 0.004945 0.951121 0.016605 0.932364 0.011434
0 0.640518 0.008830 0.650343 0.018656 0.640518 0.030166 0.638552 0.028060 0.640518 0.008830
4 0.513159 0.000008 0.519295 0.003959 0.510860 0.012734 0.500473 0.005651 0.507966 0.000008 0.513159 0.000008
4 0.717113 0.000446 0.726941 0.005360 0.721510 0.013636 0.712458 0.006911 0.717113 0.000446
4 0.704014 0.000006 0.695389 0.008980 0.684373 0.000007 0.704014 0.000006
0 0.776869 0.017836 0.786626 0.016860 0.785650 0.026617 0.775405 0.025641 0.776869 0.017836
4 0.943708 0.036618 0.952245 0.038325 0.950781 0.053692 0.942244 0.051009 0.943708 0.036618
