0 0.375797 0.018065 0.392207 0.032567 0.376942 0.050123 0.359195 0.034094 0.375797 0.018065
0 0.405461 0.183202 0.441335 0.183011 0.438854 0.207818 0.431603 0.210680 0.402408 0.209917 0.405461 0.183202
0 0.289183 0.286916 0.289632 0.269573 0.290529 0.269573 0.290828 0.260303 0.301593 0.260303 0.301742 0.268826 0.305031 0.268826 0.304583 0.286019 0.289183 0.286916
0 0.054962 0.779309 0.059746 0.774525 0.068717 0.780505 0.065129 0.785888 0.054962 0.779309
0 0.088079 0.925283 0.097258 0.928565 0.105126 0.931371 0.104396 0.944766 0.089296 0.963518 0.085643 0.967902 0.065917 0.961570 0.068596 0.956212 0.061533 0.950124 0.069326 0.934537 0.075658 0.937947 0.083451 0.924552 0.088079 0.925283
0 0.935749 0.843321 0.940329 0.829773 0.959602 0.838360 0.957884 0.844085 0.967616 0.847901 0.962655 0.864121 0.943000 0.856106 0.945481 0.849237 0.935749 0.843321
0 0.903109 0.838287 0.907498 0.820732 0.932686 0.827411 0.928297 0.844584 0.903109 0.838287
0 0.088079 0.925283 0.090173 0.918341 0.096885 0.921697 0.097258 0.928565 0.088079 0.925283
4 0.244359 0.721942 0.210797 0.718865 0.210797 0.706140 0.243939 0.708098 0.244359 0.721942
3 0.209693 0.678530 0.218922 0.679089 0.221719 0.684123 0.209972 0.685102 0.209693 0.678530
4 0.134820 0.684732 0.142511 0.684732 0.142791 0.691444 0.135336 0.691444 0.134820 0.684732
0 0.393088 0.187993 0.393161 0.183177 0.403084 0.183177 0.403303 0.187482 0.393088 0.187993
0 0.379871 0.211633 0.387678 0.210903 0.388481 0.217762 0.380090 0.218418 0.379871 0.211633
3 0.630895 0.213538 0.634587 0.227335 0.619235 0.230638 0.616126 0.217230 0.630895 0.213538
