0 0.391194 0.999007 0.392035 0.989881 0.404157 0.990813 0.403520 0.999007 0.391194 0.999007
0 0.408509 0.964393 0.406333 0.983043 0.389238 0.981178 0.391413 0.962218 0.408509 0.964393
2 0.433265 0.893480 0.479824 0.908555 0.479252 0.918859 0.432883 0.902448 0.433265 0.893480
2 0.480801 0.908555 0.509996 0.920958 0.502936 0.940040 0.477557 0.934887 0.480228 0.918859 0.480801 0.908555
0 0.147858 0.935976 0.159221 0.935390 0.159221 0.953079 0.139657 0.953079 0.140477 0.942887 0.147740 0.943473 0.147858 0.935976
0 0.157581 0.930118 0.141063 0.929415 0.141532 0.917584 0.158518 0.917935 0.157581 0.930118
0 0.139204 0.861771 0.135317 0.873583 0.125599 0.870293 0.123206 0.874181 0.110797 0.867303 0.115282 0.854595 0.139204 0.861771
0 0.193198 0.881112 0.200830 0.893706 0.180985 0.905346 0.171063 0.890081 0.193198 0.881112
0 0.185374 0.872716 0.204074 0.860313 0.215142 0.854398 0.223156 0.864893 0.210944 0.867755 0.193198 0.881112 0.185374 0.872716
0 0.244627 0.887747 0.256886 0.878178 0.267053 0.886401 0.254494 0.897016 0.244627 0.887747
0 0.174150 0.837574 0.187057 0.848046 0.185353 0.851212 0.178534 0.846585 0.175124 0.851456 0.179508 0.856326 0.168792 0.868260 0.153449 0.857544 0.174150 0.837574
0 0.228459 0.803479 0.232842 0.820770 0.217012 0.828076 0.216038 0.822962 0.196555 0.841714 0.199965 0.849507 0.195825 0.853891 0.187057 0.848046 0.189493 0.843662 0.181213 0.836356 0.197042 0.825397 0.192659 0.818091 0.210193 0.808349 0.228459 0.803479
0 0.284716 0.824423 0.294701 0.842201 0.286421 0.847802 0.284716 0.844393 0.246724 0.864363 0.231381 0.843906 0.258414 0.836843 0.284716 0.824423
0 0.433425 0.866292 0.420640 0.880031 0.406520 0.869917 0.418541 0.855224 0.433425 0.866292
2 0.330765 0.751229 0.342596 0.766876 0.330765 0.775272 0.336681 0.784431 0.348320 0.778897 0.358815 0.797025 0.345267 0.803703 0.341260 0.797788 0.323705 0.809237 0.318553 0.809237 0.320270 0.813626 0.299089 0.825266 0.296418 0.807520 0.311111 0.802558 0.313973 0.788820 0.301188 0.792827 0.289167 0.775272 0.330765 0.751229
0 0.280743 0.691597 0.295973 0.690354 0.301568 0.708071 0.284784 0.709314 0.280743 0.691597
0 0.273283 0.677610 0.274216 0.699989 0.246553 0.697813 0.249972 0.675745 0.273283 0.677610
0 0.177239 0.694394 0.186253 0.690975 0.188740 0.694084 0.200862 0.682272 0.208632 0.693773 0.188118 0.709003 0.177239 0.694394
0 0.233060 0.695901 0.241142 0.706158 0.221560 0.720767 0.214100 0.710510 0.233060 0.695901
0 0.196073 0.611668 0.194829 0.624101 0.179599 0.621614 0.182086 0.611979 0.196073 0.611668
0 0.264423 0.589963 0.264666 0.608471 0.247375 0.607984 0.247862 0.589476 0.264423 0.589963
0 0.229353 0.637209 0.228866 0.652065 0.214498 0.652065 0.213280 0.636965 0.229353 0.637209
0 0.251028 0.612125 0.279035 0.615047 0.279522 0.632825 0.282201 0.633312 0.283175 0.650360 0.269293 0.650116 0.268319 0.635748 0.249811 0.636235 0.251028 0.612125
0 0.292430 0.579734 0.283662 0.605062 0.269781 0.598730 0.279007 0.581592 0.282688 0.576081 0.292430 0.579734
0 0.285309 0.508524 0.312610 0.519590 0.301397 0.543661 0.296762 0.541867 0.290931 0.555622 0.276457 0.581213 0.262284 0.574459 0.270208 0.555022 0.267816 0.546949 0.285309 0.508524
0 0.344650 0.532468 0.359153 0.530941 0.362969 0.543726 0.349993 0.548115 0.344650 0.532468
0 0.393500 0.514340 0.404567 0.529987 0.379761 0.545634 0.369075 0.530178 0.393500 0.514340
0 0.318508 0.490297 0.309540 0.503845 0.262980 0.475032 0.272903 0.460911 0.318508 0.490297
0 0.297478 0.461420 0.307944 0.451702 0.317812 0.461270 0.308841 0.471287 0.297478 0.461420
0 0.352498 0.485192 0.364010 0.478763 0.368795 0.484145 0.380756 0.477417 0.392118 0.497900 0.369991 0.511954 0.352498 0.485192
0 0.389106 0.481550 0.400308 0.471565 0.412972 0.480819 0.401770 0.493970 0.389106 0.481550
0 0.399821 0.448916 0.409076 0.457196 0.398604 0.468886 0.392272 0.462067 0.399821 0.448916
0 0.308738 0.421152 0.321646 0.410437 0.339668 0.424805 0.328952 0.439174 0.308738 0.421152
0 0.347461 0.421639 0.358907 0.434547 0.351357 0.446480 0.337232 0.432842 0.347461 0.421639
0 0.419481 0.455694 0.429022 0.445390 0.437800 0.453595 0.429022 0.464281 0.419481 0.455694
0 0.756717 0.665725 0.758422 0.680824 0.707523 0.682042 0.705818 0.666456 0.756717 0.665725
0 0.770456 0.604498 0.772632 0.620972 0.752118 0.623458 0.750564 0.619729 0.733779 0.620972 0.734090 0.609782 0.770456 0.604498
0 0.739463 0.575957 0.756267 0.571087 0.754563 0.566703 0.778186 0.561345 0.786953 0.575714 0.787440 0.589352 0.765278 0.594953 0.764548 0.591300 0.748474 0.595197 0.739463 0.575957
0 0.808628 0.564024 0.825188 0.557205 0.832495 0.567677 0.816421 0.576445 0.808628 0.564024
0 0.761538 0.541770 0.774695 0.537733 0.778881 0.545059 0.768266 0.551638 0.761538 0.541770
0 0.752567 0.526221 0.748680 0.546106 0.728346 0.541321 0.731934 0.525324 0.752567 0.526221
0 0.643656 0.473509 0.672881 0.485686 0.657538 0.510283 0.638786 0.503221 0.641465 0.497376 0.631723 0.492262 0.643656 0.473509
0 0.645118 0.452809 0.662896 0.454026 0.662652 0.464742 0.648771 0.463281 0.645118 0.452809
0 0.619790 0.488609 0.612727 0.498594 0.595680 0.489096 0.600550 0.479111 0.619790 0.488609
0 0.473314 0.438246 0.522113 0.450057 0.520870 0.469328 0.497869 0.465598 0.495693 0.476166 0.480463 0.475855 0.482949 0.464044 0.469273 0.460314 0.473314 0.438246
0 0.425758 0.404366 0.447205 0.383852 0.459016 0.393487 0.440678 0.414623 0.425758 0.404366
0 0.449381 0.430786 0.438502 0.442597 0.431353 0.434516 0.426691 0.437313 0.419853 0.432962 0.435083 0.417421 0.449381 0.430786
0 0.520870 0.408096 0.557813 0.402013 0.558544 0.413947 0.563901 0.414677 0.565119 0.427098 0.548071 0.431481 0.546046 0.416799 0.526154 0.423948 0.520870 0.408096
0 0.570550 0.472366 0.551310 0.463112 0.559591 0.447038 0.564949 0.447769 0.565679 0.440950 0.554720 0.440463 0.556181 0.430721 0.565119 0.427098 0.575421 0.427068 0.578587 0.441924 0.602940 0.453857 0.591494 0.470661 0.574934 0.464573 0.570550 0.472366
0 0.493974 0.328486 0.508583 0.329729 0.509826 0.374177 0.504231 0.412718 0.468487 0.404015 0.474703 0.393447 0.467554 0.387542 0.476257 0.377906 0.482163 0.383190 0.483095 0.379460 0.496461 0.385055 0.496461 0.373244 0.489312 0.371690 0.489001 0.366406 0.482474 0.368271 0.482784 0.353041 0.495528 0.352730 0.493974 0.328486
0 0.493399 0.343693 0.495528 0.351753 0.482784 0.352064 0.482141 0.342930 0.493399 0.343693
0 0.517119 0.368845 0.539444 0.371135 0.541734 0.396132 0.517309 0.395751 0.517119 0.368845
0 0.582048 0.370012 0.585468 0.385553 0.574589 0.387418 0.575521 0.396121 0.555007 0.399540 0.553142 0.393013 0.544439 0.393634 0.541331 0.377161 0.582048 0.370012
0 0.551325 0.323855 0.552542 0.342121 0.516742 0.340172 0.517960 0.321420 0.551325 0.323855
0 0.554491 0.325804 0.554734 0.314114 0.565937 0.314358 0.566424 0.327021 0.554491 0.325804
0 0.499484 0.292779 0.504598 0.308853 0.483410 0.315915 0.477809 0.299598 0.499484 0.292779
0 0.512391 0.295702 0.546486 0.296432 0.548922 0.315185 0.514096 0.319325 0.512391 0.295702
0 0.510199 0.249673 0.541372 0.247238 0.547461 0.288152 0.507764 0.290100 0.506303 0.273053 0.513122 0.273296 0.510199 0.249673
0 0.456185 0.247337 0.466298 0.256305 0.445499 0.274624 0.435767 0.263366 0.456185 0.247337
0 0.443713 0.278443 0.447750 0.283228 0.439826 0.291002 0.435640 0.285769 0.443713 0.278443
0 0.468075 0.261301 0.481830 0.274159 0.465085 0.294044 0.455965 0.288063 0.451479 0.293147 0.446097 0.287465 0.468075 0.261301
0 0.468907 0.229593 0.453832 0.241615 0.450207 0.237226 0.444482 0.242569 0.431316 0.225968 0.448489 0.212801 0.452496 0.218526 0.455549 0.216618 0.462072 0.223052 0.468907 0.229593
0 0.465118 0.220592 0.462072 0.223052 0.455549 0.216618 0.452496 0.218526 0.448489 0.212801 0.443221 0.216172 0.437115 0.208921 0.426429 0.212165 0.419369 0.201479 0.422613 0.199953 0.412881 0.190221 0.421086 0.184305 0.418987 0.181252 0.426811 0.174001 0.441122 0.185832 0.439405 0.187740 0.451617 0.201097 0.449709 0.203578 0.465118 0.220592
0 0.465973 0.170781 0.472701 0.199337 0.456105 0.203822 0.453414 0.195151 0.449527 0.195599 0.441122 0.185832 0.447284 0.181844 0.445789 0.174817 0.465973 0.170781
0 0.581269 0.167101 0.563491 0.183906 0.532318 0.155655 0.551071 0.139582 0.581269 0.167101
0 0.511374 0.196813 0.520872 0.195108 0.524525 0.201197 0.521115 0.202658 0.525499 0.216052 0.494570 0.237727 0.489456 0.213617 0.513322 0.205337 0.511374 0.196813
0 0.525012 0.196082 0.525012 0.187802 0.518193 0.187559 0.517462 0.176356 0.540355 0.176356 0.541329 0.197544 0.525012 0.196082
0 0.524595 0.066387 0.521025 0.108436 0.513488 0.110817 0.513091 0.067577 0.524595 0.066387
0 0.456364 0.124516 0.457094 0.132552 0.449788 0.134257 0.448327 0.125733 0.456364 0.124516
0 0.441508 0.086524 0.452224 0.113557 0.439072 0.121106 0.422999 0.090177 0.441508 0.086524
0 0.412527 0.105033 0.391096 0.132309 0.368447 0.118427 0.381841 0.099431 0.394992 0.106007 0.403273 0.096265 0.412527 0.105033
0 0.386468 0.027831 0.416667 0.018577 0.423730 0.032702 0.431523 0.030997 0.434445 0.043418 0.415449 0.047801 0.414232 0.043905 0.394262 0.047071 0.386468 0.027831
0 0.453850 0.000008 0.447307 0.008395 0.456444 0.014135 0.449884 0.023389 0.437466 0.016946 0.441918 0.009566 0.424640 0.000008 0.453850 0.000008
0 0.503810 0.000008 0.484160 0.039674 0.470612 0.034713 0.486446 0.000008 0.503810 0.000008
0 0.494448 0.035460 0.506559 0.039646 0.501027 0.051009 0.489365 0.045926 0.494448 0.035460
0 0.596561 0.061526 0.619873 0.068054 0.604021 0.101312 0.582263 0.091365 0.596561 0.061526
0 0.657255 0.083559 0.680878 0.105234 0.650436 0.129101 0.628030 0.106939 0.657255 0.083559
0 0.666267 0.056300 0.671800 0.065269 0.664549 0.072901 0.655963 0.065650 0.666267 0.056300
0 0.664258 0.000007 0.655867 0.008293 0.639121 0.003957 0.625964 0.005303 0.627905 0.000007 0.664258 0.000007
2 0.966439 0.046112 0.981358 0.069113 0.953695 0.082479 0.951830 0.076884 0.936289 0.084654 0.926343 0.059167 0.966439 0.046112
3 0.958358 0.001354 0.961777 0.016273 0.936600 0.018449 0.934735 0.003530 0.958358 0.001354
3 0.879494 0.191153 0.894172 0.174492 0.901312 0.181632 0.887031 0.197897 0.879494 0.191153
0 0.724385 0.212178 0.705344 0.237963 0.687493 0.226062 0.663691 0.222889 0.663691 0.226062 0.644253 0.224475 0.646236 0.211781 0.664484 0.213765 0.665278 0.210194 0.693840 0.212971 0.703757 0.199087 0.724385 0.212178
0 0.831850 0.276573 0.807917 0.285276 0.800146 0.262897 0.807917 0.259478 0.811025 0.265384 0.813822 0.264140 0.812890 0.261032 0.822525 0.257302 0.831850 0.276573
0 0.738705 0.242225 0.720927 0.269989 0.711916 0.262195 0.718004 0.251967 0.707532 0.244417 0.715569 0.232240 0.738705 0.242225
0 0.848858 0.214242 0.849431 0.225309 0.813939 0.223210 0.812794 0.212333 0.848858 0.214242
0 0.799581 0.218113 0.811542 0.215721 0.813635 0.225289 0.806160 0.227233 0.799581 0.218113
0 0.805861 0.239642 0.765194 0.240988 0.764596 0.237699 0.749346 0.239642 0.749495 0.219458 0.755775 0.218262 0.755476 0.214076 0.785527 0.214225 0.790461 0.213328 0.796591 0.217664 0.804814 0.228578 0.805861 0.239642
0 0.753233 0.246221 0.767501 0.251549 0.787920 0.266405 0.771174 0.280608 0.766091 0.274777 0.738581 0.294363 0.730059 0.285991 0.738731 0.280010 0.728265 0.269096 0.753233 0.246221
0 0.795440 0.212588 0.783991 0.202093 0.774832 0.207245 0.759185 0.191789 0.767581 0.183965 0.772733 0.189881 0.778267 0.184347 0.781129 0.187782 0.784945 0.184347 0.784564 0.182820 0.791242 0.179767 0.796203 0.184538 0.801356 0.180149 0.812805 0.193124 0.805744 0.197513 0.811469 0.206863 0.795440 0.212588
