0 0.999010 0.112836 0.948053 0.115580 0.947431 0.098174 0.959242 0.097552 0.958310 0.088538 0.999010 0.086718 0.999010 0.112836
0 0.686373 0.780611 0.706099 0.775253 0.709996 0.792301 0.690756 0.798632 0.686373 0.780611
0 0.848856 0.567068 0.855918 0.567311 0.857952 0.557951 0.875401 0.560979 0.867608 0.599215 0.842524 0.595318 0.848856 0.567068
0 0.863590 0.547410 0.863773 0.540342 0.871851 0.540251 0.871759 0.553009 0.863498 0.552917 0.863590 0.547410
0 0.801048 0.599402 0.803910 0.583946 0.815168 0.585472 0.818984 0.572878 0.843218 0.576504 0.836349 0.605126 0.801048 0.599402
0 0.775576 0.595639 0.776473 0.591751 0.762269 0.591751 0.763615 0.572315 0.777819 0.573660 0.777968 0.571119 0.797105 0.571866 0.795610 0.597134 0.775576 0.595639
0 0.871379 0.623659 0.867554 0.644955 0.866734 0.650294 0.859104 0.651268 0.859184 0.645180 0.853943 0.645072 0.854727 0.636807 0.858750 0.620391 0.871379 0.623659
0 0.858148 0.618264 0.858750 0.620391 0.854727 0.636807 0.843111 0.634464 0.845167 0.616578 0.858148 0.618264
4 0.763707 0.606462 0.771631 0.606312 0.771332 0.615432 0.763408 0.615432 0.763707 0.606462
0 0.781499 0.602724 0.796600 0.602275 0.796002 0.619319 0.781350 0.619469 0.781499 0.602724
0 0.802281 0.611395 0.815289 0.611545 0.814093 0.625150 0.801683 0.624104 0.802281 0.611395
0 0.797769 0.627286 0.813112 0.627773 0.810677 0.642873 0.795821 0.642386 0.797769 0.627286
0 0.272268 0.485525 0.293404 0.468430 0.303350 0.468119 0.312054 0.479309 0.287499 0.500756 0.272268 0.485525
0 0.212912 0.375017 0.229964 0.364014 0.239684 0.378856 0.222320 0.389671 0.212912 0.375017
0 0.432588 0.282187 0.420930 0.295486 0.401690 0.273095 0.414933 0.261138 0.432588 0.282187
0 0.464411 0.259520 0.437778 0.282051 0.433493 0.281759 0.419339 0.262499 0.431533 0.251970 0.429341 0.248561 0.443223 0.236140 0.464411 0.259520
0 0.450007 0.243125 0.455904 0.237084 0.463671 0.244635 0.456983 0.250460 0.450007 0.243125
4 0.461776 0.294502 0.475716 0.283725 0.479934 0.288996 0.466110 0.300125 0.461776 0.294502
0 0.495305 0.195727 0.504325 0.184130 0.508776 0.187176 0.514751 0.179561 0.521589 0.184985 0.505684 0.204215 0.495305 0.195727
0 0.484984 0.241759 0.495693 0.252305 0.482122 0.264657 0.469337 0.250155 0.480786 0.237752 0.484984 0.241759
0 0.519331 0.232982 0.501585 0.254544 0.495693 0.252305 0.484984 0.241759 0.502921 0.221723 0.519331 0.232982
0 0.851828 0.466911 0.875450 0.465046 0.877004 0.519129 0.852450 0.520683 0.851828 0.466911
0 0.823873 0.494799 0.829167 0.475074 0.848605 0.481024 0.838688 0.520297 0.800605 0.509983 0.806556 0.490148 0.823873 0.494799
0 0.756697 0.487856 0.770579 0.461554 0.775206 0.454004 0.784217 0.459605 0.779590 0.467155 0.785191 0.469347 0.771797 0.496379 0.756697 0.487856
0 0.783243 0.456683 0.773258 0.451325 0.781538 0.431355 0.792254 0.436713 0.795420 0.428189 0.807840 0.432816 0.809545 0.428189 0.820991 0.432573 0.817338 0.442558 0.811006 0.440366 0.802726 0.463502 0.783243 0.456683
0 0.735363 0.188587 0.734579 0.202167 0.717397 0.201864 0.717967 0.188092 0.721838 0.187997 0.721959 0.183526 0.729395 0.183988 0.729731 0.188501 0.735363 0.188587
0 0.717119 0.185850 0.716892 0.197080 0.708013 0.197625 0.708563 0.185693 0.717119 0.185850
0 0.577331 0.189359 0.593447 0.167476 0.602461 0.174936 0.605927 0.172784 0.624840 0.185193 0.599352 0.218762 0.591582 0.214099 0.584433 0.222802 0.553972 0.205707 0.558635 0.199180 0.555216 0.197315 0.561743 0.187679 0.575419 0.196382 0.580392 0.191409 0.577331 0.189359
0 0.724153 0.088002 0.739398 0.086778 0.740944 0.101550 0.725297 0.102695 0.724153 0.088002
0 0.807852 0.101242 0.783802 0.103693 0.782354 0.102801 0.766628 0.105667 0.766135 0.104483 0.758140 0.105568 0.757252 0.091948 0.765247 0.091060 0.765345 0.088987 0.780687 0.087749 0.781926 0.087013 0.806207 0.083749 0.807852 0.101242
0 0.729783 0.049360 0.742377 0.038102 0.756306 0.030278 0.776533 0.050123 0.761268 0.072449 0.737988 0.057375 0.739323 0.054703 0.729783 0.049360
4 0.869936 0.000004 0.870288 0.006790 0.862669 0.006056 0.863336 0.000004 0.869936 0.000004
0 0.497124 0.040540 0.515108 0.042577 0.510826 0.065997 0.493189 0.064472 0.497124 0.040540
0 0.597061 0.040693 0.603115 0.042425 0.602871 0.065318 0.598244 0.066049 0.598244 0.074329 0.581440 0.072868 0.582969 0.040049 0.597061 0.040693
0 0.597270 0.031953 0.597061 0.040693 0.582969 0.040049 0.583388 0.030979 0.597270 0.031953
4 0.560743 0.044309 0.571872 0.044309 0.571872 0.049112 0.578667 0.048643 0.578784 0.063872 0.560392 0.063287 0.560743 0.044309
0 0.287292 0.969398 0.296818 0.969814 0.297179 0.964447 0.303998 0.965178 0.303394 0.970067 0.309229 0.970526 0.307922 0.982469 0.285733 0.981008 0.287292 0.969398
0 0.345096 0.319231 0.352009 0.327751 0.297991 0.365532 0.291239 0.357011 0.345096 0.319231
0 0.416668 0.235693 0.428565 0.224922 0.436443 0.233603 0.425189 0.244696 0.416668 0.235693
4 0.990444 0.000001 0.984613 0.002142 0.976197 0.004042 0.963710 0.004585 0.950681 0.001870 0.945673 0.000002 0.990444 0.000001
0 0.829167 0.475074 0.802726 0.463502 0.811006 0.440366 0.817338 0.442558 0.826317 0.450024 0.832971 0.453155 0.838059 0.450024 0.840407 0.437108 0.851758 0.438673 0.852541 0.454329 0.851828 0.466911 0.848605 0.481024 0.829167 0.475074
