4 0.365733 0.000007 0.361986 0.012717 0.329212 0.007238 0.330364 0.000007 0.365733 0.000007
0 0.335911 0.053369 0.342167 0.043555 0.357746 0.053859 0.352226 0.062691 0.335911 0.053369
0 0.357967 0.068687 0.384709 0.070650 0.384464 0.063658 0.398080 0.064149 0.397834 0.074208 0.404213 0.074576 0.403723 0.091381 0.359685 0.087333 0.359930 0.084757 0.355882 0.084512 0.357967 0.068687
0 0.353368 0.133456 0.353981 0.117754 0.381459 0.122538 0.379128 0.138362 0.353368 0.133456
0 0.288581 0.225264 0.290840 0.206813 0.300856 0.205759 0.317198 0.211030 0.314411 0.227824 0.298295 0.225640 0.288581 0.225264
0 0.231045 0.334121 0.240752 0.316743 0.244509 0.319091 0.259226 0.292163 0.271281 0.295451 0.282866 0.295451 0.284745 0.304531 0.280048 0.312203 0.274255 0.335374 0.262983 0.349307 0.249989 0.357605 0.235115 0.350873 0.239969 0.338818 0.231045 0.334121
0 0.157858 0.413709 0.160855 0.396125 0.173244 0.397724 0.177640 0.371148 0.198420 0.372947 0.192626 0.417305 0.157858 0.413709
0 0.204386 0.371659 0.249162 0.385123 0.244465 0.399839 0.200159 0.384183 0.204386 0.371659
0 0.196303 0.394672 0.211969 0.395345 0.211489 0.401496 0.235902 0.403322 0.234268 0.419277 0.193900 0.414375 0.196303 0.394672
0 0.066057 0.360256 0.077277 0.329144 0.108900 0.338325 0.094619 0.375302 0.066057 0.360256
0 0.313162 0.279853 0.312303 0.269304 0.320154 0.258264 0.347387 0.265747 0.342357 0.286477 0.313162 0.279853
0 0.326202 0.225330 0.346443 0.224348 0.346320 0.227660 0.371590 0.226802 0.372080 0.248023 0.326816 0.246183 0.326202 0.225330
0 0.332886 0.223728 0.335339 0.203365 0.340982 0.203979 0.342822 0.189013 0.370545 0.194779 0.369441 0.208518 0.363431 0.208272 0.361222 0.226182 0.332886 0.223728
0 0.350041 0.188713 0.352233 0.165542 0.369767 0.166795 0.368672 0.193723 0.349728 0.190279 0.350041 0.188713
0 0.353251 0.156322 0.346204 0.152087 0.346940 0.146076 0.343628 0.144726 0.344732 0.133686 0.383128 0.140924 0.382024 0.152455 0.374541 0.151105 0.373207 0.159862 0.353251 0.156322
0 0.488352 0.163385 0.500742 0.153203 0.521595 0.177246 0.517547 0.182276 0.527729 0.194052 0.507586 0.207917 0.501562 0.208218 0.482885 0.186455 0.497646 0.174556 0.488352 0.163385
0 0.496254 0.288432 0.511183 0.289317 0.511065 0.303596 0.496136 0.302829 0.496254 0.288432
0 0.464343 0.388556 0.470217 0.374850 0.491680 0.386146 0.485956 0.398196 0.464343 0.388556
0 0.555433 0.259960 0.568409 0.232664 0.581769 0.237758 0.592245 0.244582 0.584075 0.260921 0.589650 0.263901 0.585325 0.273608 0.580711 0.271590 0.578212 0.276780 0.554760 0.265727 0.555433 0.259960
0 0.613305 0.236064 0.626953 0.231451 0.636565 0.249713 0.622244 0.254230 0.613305 0.236064
0 0.594578 0.240882 0.603131 0.240836 0.602715 0.238062 0.609604 0.237923 0.610297 0.248187 0.594810 0.248464 0.594578 0.240882
0 0.579441 0.206594 0.589622 0.184759 0.607164 0.192119 0.607777 0.205490 0.602502 0.217266 0.579441 0.206594
0 0.609636 0.190069 0.609828 0.184206 0.624534 0.184302 0.624726 0.208523 0.609828 0.207370 0.609636 0.190069
3 0.808628 0.261452 0.820650 0.226492 0.839541 0.232748 0.837087 0.241825 0.846165 0.246364 0.842362 0.262556 0.831690 0.259121 0.828501 0.269058 0.808628 0.261452
3 0.810911 0.318549 0.808576 0.308834 0.813321 0.304014 0.813622 0.296483 0.820099 0.296182 0.821529 0.290534 0.845628 0.289781 0.846306 0.301906 0.837344 0.301755 0.837344 0.319452 0.810911 0.318549
4 0.083946 0.328203 0.096697 0.292755 0.125769 0.302701 0.111488 0.337128 0.083946 0.328203
0 0.318393 0.176692 0.326857 0.146025 0.336180 0.146270 0.339738 0.159150 0.333482 0.182089 0.318393 0.176692
0 0.376135 0.228448 0.385409 0.228555 0.383916 0.245397 0.374536 0.244650 0.376135 0.228448
