0 0.359347 0.000007 0.370515 0.027003 0.357997 0.035143 0.351159 0.015562 0.342456 0.018670 0.334922 0.000007 0.359347 0.000007
0 0.342456 0.018670 0.351159 0.015562 0.357997 0.035143 0.348178 0.038043 0.342456 0.018670
0 0.254402 0.128392 0.268456 0.134223 0.260233 0.153659 0.246329 0.146333 0.254402 0.128392
0 0.193845 0.187684 0.200573 0.177667 0.217766 0.191572 0.203862 0.208616 0.195788 0.202486 0.202367 0.193665 0.193845 0.187684
0 0.208279 0.203114 0.215758 0.208939 0.205690 0.222172 0.198139 0.216059 0.203862 0.208616 0.208279 0.203114
0 0.184141 0.246611 0.174675 0.257209 0.166146 0.249088 0.174688 0.238096 0.184141 0.246611
0 0.198339 0.230734 0.184473 0.246250 0.174980 0.237705 0.187679 0.221363 0.198339 0.230734
0 0.226253 0.215856 0.228915 0.213102 0.235340 0.218793 0.232954 0.221271 0.237360 0.224484 0.215790 0.251194 0.202022 0.238160 0.214872 0.225035 0.213128 0.223474 0.222949 0.212643 0.226253 0.215856
0 0.185412 0.272207 0.187857 0.269403 0.179659 0.261420 0.188217 0.251280 0.205765 0.267173 0.194546 0.280334 0.193379 0.279141 0.187317 0.285707 0.181761 0.280656 0.187002 0.273711 0.185412 0.272207
0 0.070610 0.292599 0.071430 0.287327 0.078693 0.287913 0.076702 0.308765 0.062996 0.307828 0.064519 0.291896 0.070610 0.292599
0 0.077483 0.236892 0.077928 0.245689 0.081676 0.245669 0.082017 0.252773 0.085007 0.253072 0.084259 0.267873 0.077382 0.268023 0.076335 0.276694 0.067633 0.277249 0.064124 0.281009 0.050716 0.279505 0.054058 0.272963 0.040913 0.271354 0.045464 0.232799 0.057954 0.231648 0.077483 0.236892
0 0.959352 0.303002 0.973854 0.303750 0.972957 0.330512 0.958604 0.330363 0.959352 0.303002
0 0.830912 0.243884 0.877472 0.265828 0.871175 0.279949 0.872892 0.280712 0.864305 0.299221 0.851902 0.293306 0.843506 0.308953 0.807251 0.291779 0.830912 0.243884
0 0.991467 0.381203 0.999006 0.381307 0.999006 0.395867 0.992644 0.396001 0.991006 0.395838 0.991206 0.388594 0.991467 0.381203
0 0.991206 0.388594 0.991006 0.395838 0.992644 0.396001 0.992356 0.403912 0.980993 0.403552 0.981209 0.388522 0.991206 0.388594
0 0.928194 0.389078 0.939851 0.389721 0.939576 0.395595 0.939157 0.401543 0.934068 0.401102 0.927460 0.400735 0.928194 0.389078
0 0.891172 0.387674 0.909896 0.388108 0.909529 0.400867 0.890988 0.400316 0.891172 0.387674
0 0.877011 0.385951 0.887567 0.386502 0.887475 0.397975 0.876644 0.397975 0.877011 0.385951
0 0.883676 0.365674 0.882629 0.374346 0.868575 0.372701 0.869921 0.364179 0.883676 0.365674
0 0.934945 0.370734 0.933898 0.387928 0.907975 0.386776 0.908114 0.382532 0.906777 0.382441 0.907994 0.368099 0.934945 0.370734
0 0.907994 0.368099 0.906777 0.382441 0.881929 0.380809 0.882629 0.374346 0.883676 0.365674 0.907994 0.368099
0 0.780149 0.361891 0.827977 0.361592 0.827827 0.378685 0.823639 0.378410 0.779998 0.377942 0.780149 0.361891
0 0.780149 0.361891 0.779998 0.377942 0.772434 0.377978 0.765206 0.377802 0.765319 0.362142 0.780149 0.361891
0 0.772434 0.377978 0.823639 0.378410 0.822919 0.397612 0.801632 0.396605 0.801992 0.385098 0.772362 0.384163 0.772434 0.377978
0 0.696390 0.380418 0.705661 0.379409 0.707313 0.390698 0.696665 0.394829 0.696390 0.380418
0 0.711355 0.394867 0.733483 0.395465 0.733184 0.409668 0.731240 0.409668 0.731689 0.416247 0.724892 0.416305 0.724961 0.410266 0.711505 0.410266 0.711355 0.394867
0 0.724892 0.416305 0.711631 0.416581 0.711505 0.410266 0.724961 0.410266 0.724892 0.416305
0 0.616346 0.397632 0.640943 0.393736 0.647762 0.439034 0.624139 0.442687 0.619204 0.417391 0.616346 0.397632
0 0.606720 0.418820 0.619204 0.417391 0.624139 0.442687 0.612449 0.444635 0.606720 0.418820
0 0.680002 0.402843 0.696837 0.402154 0.700937 0.404614 0.702811 0.413986 0.709824 0.413676 0.710055 0.424710 0.701991 0.424529 0.701899 0.427000 0.679480 0.426114 0.679885 0.408682 0.680002 0.402843
0 0.679885 0.408682 0.679480 0.426114 0.667539 0.425438 0.667759 0.408352 0.679885 0.408682
0 0.916990 0.549469 0.929161 0.558056 0.897867 0.601671 0.887171 0.593790 0.916990 0.549469
0 0.837408 0.562679 0.880049 0.575213 0.874777 0.593488 0.831668 0.581305 0.837408 0.562679
0 0.834517 0.566089 0.832497 0.574502 0.819593 0.571684 0.821396 0.563401 0.834517 0.566089
0 0.902940 0.473575 0.914964 0.474677 0.913771 0.487435 0.901747 0.486425 0.902940 0.473575
0 0.902743 0.492119 0.912935 0.493290 0.911646 0.503365 0.901338 0.502193 0.902743 0.492119
0 0.713206 0.512823 0.757872 0.517379 0.755825 0.538638 0.711257 0.534254 0.713206 0.512823
0 0.699923 0.511822 0.708368 0.512923 0.707175 0.522561 0.698730 0.521551 0.699923 0.511822
0 0.765095 0.524724 0.770954 0.525162 0.769983 0.535858 0.761087 0.535175 0.761803 0.524458 0.765095 0.524724
0 0.594296 0.487486 0.623301 0.487934 0.623152 0.500493 0.593399 0.500045 0.594296 0.487486
0 0.628156 0.526239 0.607114 0.525940 0.607389 0.504921 0.624920 0.504921 0.624737 0.516853 0.633089 0.517281 0.632722 0.526399 0.628156 0.526239
0 0.607114 0.525940 0.628156 0.526239 0.627894 0.551626 0.606448 0.550911 0.606882 0.541077 0.607175 0.532266 0.607114 0.525940
0 0.607175 0.532266 0.606882 0.541077 0.599291 0.541024 0.599658 0.532120 0.607175 0.532266
0 0.653159 0.552760 0.654658 0.518307 0.690388 0.520712 0.689640 0.553966 0.653159 0.552760
0 0.383272 0.650920 0.388374 0.606647 0.423602 0.608839 0.423115 0.623208 0.426037 0.623208 0.426037 0.635628 0.421897 0.636115 0.420923 0.654380 0.383272 0.650920
0 0.436460 0.656925 0.468157 0.659019 0.467259 0.674119 0.435115 0.671279 0.436460 0.656925
0 0.478367 0.613190 0.483140 0.615485 0.479560 0.623562 0.472860 0.620625 0.478367 0.613190
0 0.515817 0.616404 0.516198 0.644073 0.483759 0.645027 0.484141 0.617549 0.515817 0.616404
0 0.596235 0.647150 0.596376 0.617679 0.611112 0.618146 0.611112 0.614139 0.634773 0.613375 0.636872 0.647532 0.596235 0.647150
0 0.315113 0.545170 0.322542 0.552338 0.311473 0.564865 0.303352 0.556851 0.315113 0.545170
0 0.315113 0.545170 0.327466 0.531627 0.345089 0.550351 0.332330 0.561274 0.322542 0.552338 0.315113 0.545170
0 0.331379 0.564073 0.344853 0.552235 0.364638 0.573033 0.357289 0.581620 0.346850 0.570951 0.342515 0.575051 0.331379 0.564073
0 0.370045 0.618805 0.356573 0.640477 0.306200 0.608262 0.320258 0.586473 0.338416 0.598538 0.370045 0.618805
0 0.338416 0.598538 0.343101 0.591978 0.373911 0.612713 0.370045 0.618805 0.338416 0.598538
0 0.308614 0.581345 0.318183 0.588222 0.301737 0.609901 0.292318 0.602874 0.308614 0.581345
0 0.114922 0.647214 0.136484 0.637482 0.148888 0.631758 0.154994 0.645688 0.121791 0.661716 0.114922 0.647214
0 0.114922 0.647214 0.108243 0.634239 0.129806 0.623934 0.136484 0.637482 0.114922 0.647214
0 0.161455 0.680381 0.151360 0.686821 0.140865 0.665831 0.151742 0.663160 0.153721 0.662461 0.161455 0.680381
0 0.173495 0.672700 0.161455 0.680381 0.153721 0.662461 0.167389 0.657626 0.173495 0.672700
0 0.111623 0.690434 0.119903 0.704559 0.087513 0.725016 0.067299 0.690190 0.086782 0.678744 0.098472 0.699201 0.111623 0.690434
0 0.501403 0.361831 0.513794 0.358802 0.521780 0.387164 0.509205 0.391111 0.501403 0.361831
0 0.501403 0.361831 0.509205 0.391111 0.493051 0.392946 0.488186 0.364309 0.501403 0.361831
0 0.617479 0.340733 0.623908 0.355983 0.629290 0.370037 0.599388 0.377213 0.589221 0.349255 0.617479 0.340733
0 0.617479 0.340733 0.614787 0.334005 0.638560 0.329818 0.645587 0.347760 0.623908 0.355983 0.617479 0.340733
0 0.689805 0.318345 0.703628 0.314713 0.705268 0.321391 0.711711 0.319985 0.712649 0.323851 0.718506 0.322445 0.719795 0.326311 0.731158 0.323851 0.737718 0.345054 0.698708 0.353723 0.689805 0.318345
0 0.693170 0.738138 0.705729 0.741428 0.698253 0.768639 0.684049 0.765050 0.693170 0.738138
0 0.679087 0.738930 0.687070 0.740152 0.684984 0.751012 0.676930 0.749645 0.679087 0.738930
4 0.671336 0.760502 0.675418 0.760260 0.675591 0.765588 0.671612 0.765934 0.671336 0.760502
4 0.736803 0.729369 0.754492 0.732298 0.749220 0.762990 0.730360 0.760296 0.736803 0.729369
0 0.930858 0.351306 0.943118 0.351904 0.942968 0.362370 0.930559 0.361324 0.930858 0.351306
0 0.741941 0.575223 0.766893 0.574638 0.766776 0.590101 0.741707 0.589866 0.741941 0.575223
4 0.455815 0.465155 0.482279 0.449457 0.489754 0.461418 0.462992 0.478163 0.455815 0.465155
0 0.572025 0.553632 0.574745 0.517487 0.580769 0.518264 0.579409 0.531673 0.585822 0.532256 0.584461 0.542555 0.580381 0.541972 0.579603 0.553632 0.572025 0.553632
0 0.638155 0.517080 0.643427 0.517182 0.643934 0.536243 0.633998 0.536243 0.634404 0.530971 0.639372 0.531275 0.639473 0.519615 0.637547 0.519514 0.637445 0.517080 0.638155 0.517080
4 0.663464 0.408425 0.661951 0.403613 0.655969 0.404728 0.654245 0.396616 0.659416 0.395298 0.658606 0.390742 0.692419 0.382774 0.696837 0.402154 0.688144 0.398709 0.672792 0.401041 0.672209 0.406871 0.667759 0.408352 0.663464 0.408425
0 0.924767 0.299686 0.939924 0.304155 0.935261 0.322811 0.918160 0.316981 0.923407 0.299297 0.924767 0.299686
