4 0.988609 0.000001 0.975569 0.013265 0.964883 0.006014 0.970343 0.000001 0.988609 0.000001
0 0.888353 0.017053 0.926651 0.014444 0.928084 0.033934 0.889974 0.038341 0.888353 0.017053
0 0.938815 0.013426 0.948688 0.002251 0.960381 0.010673 0.950968 0.020811 0.938815 0.013426
2 0.892474 0.068264 0.925732 0.067642 0.926463 0.097360 0.913194 0.098401 0.906683 0.097165 0.904596 0.089089 0.892163 0.089089 0.892757 0.083746 0.892568 0.073920 0.892474 0.068264
0 0.836812 0.169817 0.851110 0.172925 0.848312 0.193129 0.833393 0.189088 0.836812 0.169817
0 0.833082 0.219238 0.843650 0.204629 0.877219 0.230427 0.859502 0.256537 0.848001 0.246901 0.854839 0.236955 0.833082 0.219238
0 0.877219 0.230427 0.898960 0.244950 0.893808 0.255635 0.870910 0.240179 0.877219 0.230427
3 0.875949 0.196231 0.887395 0.202319 0.881794 0.216445 0.869861 0.209382 0.875949 0.196231
0 0.891779 0.168955 0.899572 0.172364 0.895919 0.181132 0.888613 0.178453 0.891779 0.168955
0 0.999008 0.297794 0.985822 0.312290 0.976142 0.301584 0.994470 0.283424 0.999008 0.287127 0.999008 0.297794
0 0.875876 0.312784 0.858916 0.326041 0.844541 0.306494 0.862969 0.292275 0.875876 0.312784
0 0.862969 0.292275 0.844541 0.306494 0.842580 0.303565 0.827887 0.311770 0.821590 0.300321 0.855746 0.282384 0.862969 0.292275
0 0.878958 0.313304 0.872632 0.304400 0.885869 0.294912 0.895124 0.307681 0.889149 0.312249 0.896178 0.322675 0.872983 0.336147 0.864666 0.323378 0.878958 0.313304
0 0.861386 0.338276 0.865012 0.336177 0.870545 0.344955 0.857188 0.354687 0.853181 0.348581 0.845548 0.352397 0.837139 0.336182 0.853867 0.325195 0.861386 0.338276
0 0.853623 0.324775 0.836914 0.335742 0.832000 0.326255 0.848983 0.316714 0.853623 0.324775
0 0.874362 0.349153 0.886765 0.341330 0.894779 0.353351 0.881994 0.360602 0.874362 0.349153
0 0.863676 0.360984 0.861577 0.357167 0.871118 0.350298 0.886765 0.370906 0.873217 0.380256 0.870927 0.377203 0.863676 0.380447 0.854707 0.366136 0.863676 0.360984
0 0.861297 0.386534 0.878589 0.378498 0.883459 0.385317 0.893444 0.380933 0.901481 0.391162 0.879806 0.402608 0.869334 0.398955 0.861297 0.386534
0 0.886869 0.373383 0.898072 0.368026 0.901968 0.375575 0.890522 0.381420 0.886869 0.373383
0 0.900994 0.369000 0.913902 0.360232 0.917555 0.364860 0.928027 0.356823 0.934115 0.366077 0.909761 0.383612 0.900994 0.369000
0 0.912927 0.351465 0.928514 0.340262 0.935089 0.349273 0.939960 0.346107 0.947753 0.357066 0.936550 0.365347 0.929001 0.353900 0.919746 0.360719 0.912927 0.351465
0 0.958219 0.359790 0.981841 0.352330 0.999008 0.369497 0.999008 0.369908 0.979355 0.384034 0.958219 0.359790
0 0.939569 0.374709 0.950137 0.364141 0.962570 0.375020 0.953246 0.385277 0.939569 0.374709
0 0.955421 0.388696 0.961638 0.381237 0.970962 0.389629 0.962881 0.397710 0.955421 0.388696
0 0.861156 0.415386 0.876975 0.408881 0.890674 0.434834 0.875834 0.445138 0.861156 0.415386
0 0.915900 0.464576 0.890908 0.480048 0.885381 0.467383 0.910420 0.455879 0.915900 0.464576
0 0.910156 0.455469 0.885186 0.466943 0.875834 0.445535 0.890674 0.434834 0.894875 0.431254 0.910156 0.455469
0 0.892359 0.489403 0.911355 0.481610 0.917687 0.501092 0.898935 0.510103 0.892359 0.489403
0 0.902588 0.519358 0.911355 0.514243 0.908189 0.508886 0.928403 0.494273 0.942528 0.514487 0.909651 0.535188 0.902588 0.519358
0 0.915031 0.558416 0.941774 0.547944 0.948462 0.562530 0.951097 0.566256 0.926466 0.580868 0.915031 0.558416
0 0.944474 0.575809 0.956407 0.571425 0.958112 0.578001 0.965905 0.576296 0.971993 0.604303 0.961521 0.608199 0.965174 0.620863 0.960547 0.627195 0.946665 0.620863 0.948370 0.616723 0.937411 0.604546 0.949344 0.599919 0.944474 0.575809
0 0.967122 0.617210 0.986605 0.604546 0.992937 0.615262 0.987107 0.618935 0.975890 0.626708 0.967122 0.617210
0 0.961521 0.660560 0.972724 0.642538 0.990989 0.654228 0.981491 0.673711 0.961521 0.660560
0 0.976864 0.637911 0.985875 0.622811 0.995741 0.628115 0.999008 0.629651 0.999008 0.632102 0.991476 0.647165 0.976864 0.637911
0 0.999008 0.748244 0.959934 0.722711 0.961917 0.719140 0.948429 0.707636 0.953587 0.701686 0.946446 0.695339 0.953190 0.683834 0.979768 0.702479 0.986909 0.688595 0.999008 0.696294 0.999008 0.748244
0 0.932958 0.719934 0.950810 0.725091 0.945256 0.742149 0.927405 0.734612 0.932958 0.719934
0 0.934220 0.622365 0.939815 0.620500 0.948518 0.632933 0.923870 0.651961 0.915571 0.638217 0.907800 0.642880 0.900517 0.636109 0.909354 0.628582 0.905615 0.621670 0.927080 0.610166 0.934220 0.622365
0 0.931423 0.605581 0.926760 0.609622 0.926826 0.609746 0.905381 0.621240 0.897232 0.606203 0.921787 0.591283 0.931423 0.605581
0 0.957417 0.640284 0.965499 0.644636 0.960836 0.657068 0.951823 0.653960 0.957417 0.640284
0 0.886191 0.537263 0.885770 0.533911 0.882151 0.523276 0.894584 0.519546 0.902665 0.552804 0.880597 0.562439 0.874069 0.540371 0.886191 0.537263
0 0.854488 0.547520 0.873448 0.545655 0.875934 0.570832 0.895827 0.568656 0.898313 0.582643 0.856663 0.584508 0.854488 0.547520
0 0.749383 0.577088 0.764572 0.558355 0.780774 0.573544 0.786343 0.565949 0.796469 0.577088 0.776217 0.601390 0.749383 0.577088
0 0.825834 0.598858 0.840010 0.606959 0.828366 0.632274 0.815708 0.625186 0.825834 0.598858
0 0.873536 0.594598 0.890990 0.603722 0.882263 0.623954 0.871949 0.619590 0.865205 0.629508 0.856874 0.624747 0.873536 0.594598
0 0.875878 0.639487 0.882094 0.628298 0.899584 0.637352 0.893595 0.649744 0.875878 0.639487
0 0.825525 0.638244 0.835160 0.623635 0.847904 0.631095 0.839201 0.646325 0.825525 0.638244
0 0.857562 0.494784 0.880842 0.482190 0.886757 0.495738 0.864241 0.507378 0.857562 0.494784
0 0.839816 0.498600 0.855654 0.494593 0.859089 0.506805 0.843060 0.511194 0.839816 0.498600
0 0.841915 0.466734 0.849930 0.461963 0.841525 0.443049 0.861910 0.428472 0.872338 0.447900 0.868630 0.450514 0.876262 0.466161 0.849548 0.481808 0.841915 0.466734
0 0.808935 0.450408 0.819127 0.445019 0.831193 0.459428 0.819947 0.465402 0.808935 0.450408
0 0.805538 0.410930 0.846187 0.394998 0.857433 0.413624 0.839041 0.422058 0.833770 0.414210 0.811161 0.421707 0.805538 0.410930
0 0.792350 0.416900 0.805919 0.412075 0.811623 0.428540 0.797693 0.432166 0.792350 0.416900
0 0.786244 0.401826 0.801319 0.394575 0.804563 0.402207 0.800556 0.404306 0.804011 0.411311 0.793114 0.416137 0.786244 0.401826
0 0.822500 0.379882 0.841772 0.370913 0.846924 0.385606 0.826698 0.390758 0.822500 0.379882
0 0.822118 0.377974 0.815058 0.357546 0.803733 0.360450 0.801701 0.349733 0.813722 0.347824 0.812768 0.344008 0.829369 0.341337 0.838910 0.370150 0.822118 0.377974
0 0.800915 0.385305 0.820053 0.376933 0.826482 0.395472 0.806746 0.404742 0.802859 0.394874 0.804653 0.393529 0.800915 0.385305
0 0.803349 0.303543 0.801059 0.316518 0.771482 0.312320 0.773200 0.303543 0.772939 0.303525 0.777861 0.300146 0.803349 0.303543
0 0.779497 0.287896 0.777656 0.299697 0.772168 0.303457 0.761369 0.302589 0.764804 0.286178 0.779497 0.287896
0 0.736835 0.644164 0.749429 0.630425 0.764313 0.646836 0.767176 0.643401 0.774045 0.649507 0.767176 0.659048 0.762596 0.653705 0.754772 0.661147 0.736835 0.644164
0 0.639652 0.422274 0.668539 0.419937 0.668390 0.417403 0.683002 0.415942 0.684364 0.441617 0.641600 0.447602 0.639652 0.422274
4 0.881289 0.004775 0.883359 0.007227 0.882646 0.012948 0.873487 0.012757 0.874822 0.003025 0.881289 0.004775
4 0.888943 0.005887 0.883633 0.006807 0.881914 0.004756 0.882730 0.000003 0.889379 0.000003 0.888943 0.005887
3 0.000117 0.571555 0.003703 0.571019 0.006514 0.574768 0.006865 0.581797 0.004757 0.585194 0.000008 0.584865 0.000008 0.583977 0.000117 0.571555
0 0.652659 0.098612 0.671758 0.094467 0.677384 0.117415 0.654880 0.122597 0.649698 0.103054 0.653992 0.101869 0.652659 0.098612
0 0.673239 0.095207 0.693226 0.095799 0.693078 0.104238 0.674423 0.103202 0.673239 0.095207
0 0.626258 0.101645 0.632414 0.070558 0.692433 0.089334 0.693226 0.095799 0.660115 0.091180 0.657345 0.087795 0.646572 0.092104 0.646264 0.101645 0.626258 0.101645
0 0.742542 0.145950 0.752671 0.156320 0.750018 0.166931 0.737236 0.160420 0.742542 0.145950
0 0.845093 0.127823 0.860527 0.129752 0.857633 0.160380 0.852795 0.158976 0.840993 0.156521 0.845093 0.127823
2 0.866556 0.128064 0.895255 0.128064 0.896943 0.136505 0.894531 0.143257 0.867521 0.143981 0.866556 0.128064
2 0.902194 0.096437 0.906683 0.097165 0.913194 0.098401 0.912852 0.111228 0.901016 0.110545 0.902194 0.096437
2 0.892568 0.073920 0.892757 0.083746 0.881609 0.084880 0.881231 0.074298 0.892568 0.073920
0 0.840993 0.156521 0.852795 0.158976 0.851110 0.172925 0.836812 0.169817 0.840993 0.156521
3 0.897274 0.117529 0.908230 0.118122 0.903937 0.135592 0.896943 0.136505 0.895255 0.128064 0.897274 0.117529
0 0.963616 0.296539 0.970041 0.304853 0.961160 0.310900 0.954735 0.302208 0.963616 0.296539
0 0.972875 0.313167 0.977032 0.319214 0.968718 0.322804 0.964939 0.318080 0.972875 0.313167
0 0.937662 0.343269 0.944176 0.338827 0.953652 0.353189 0.947753 0.357066 0.939960 0.346107 0.937662 0.343269
0 0.921865 0.375970 0.930839 0.369276 0.932975 0.371483 0.924856 0.379175 0.921865 0.375970
0 0.882151 0.523276 0.885770 0.533911 0.858036 0.542352 0.857795 0.547175 0.854488 0.547520 0.854177 0.551275 0.850319 0.551998 0.848872 0.545005 0.850560 0.544763 0.848872 0.532223 0.858980 0.529520 0.882151 0.523276
0 0.846543 0.521081 0.856167 0.520489 0.858980 0.529520 0.848872 0.532223 0.846543 0.521081
0 0.842440 0.528288 0.843349 0.541286 0.827988 0.541286 0.827170 0.528470 0.842440 0.528288
0 0.732987 0.624691 0.741130 0.619213 0.747349 0.630761 0.739946 0.637720 0.732987 0.624691
3 0.818782 0.770767 0.825626 0.765083 0.835719 0.776103 0.828410 0.780975 0.818782 0.770767
3 0.031689 0.648591 0.045359 0.647279 0.047990 0.659024 0.032325 0.660707 0.031689 0.648591
0 0.848876 0.424242 0.854693 0.431786 0.848149 0.435876 0.842695 0.427514 0.848876 0.424242
0 0.841763 0.428205 0.846392 0.435042 0.840552 0.439386 0.836706 0.435968 0.834641 0.437535 0.831935 0.434900 0.841763 0.428205
0 0.830926 0.440568 0.835222 0.446650 0.827187 0.452174 0.822556 0.445422 0.830926 0.440568
0 0.816342 0.431947 0.828871 0.428582 0.831423 0.435427 0.821795 0.440299 0.819474 0.435659 0.816342 0.431947
0 0.982086 0.524445 0.998286 0.524561 0.998286 0.538250 0.981158 0.536858 0.982086 0.524445
0 0.972093 0.547120 0.983925 0.543059 0.988333 0.555240 0.976385 0.559068 0.972093 0.547120
0 0.910986 0.537557 0.918250 0.534708 0.919247 0.536489 0.922309 0.534067 0.926938 0.531504 0.930000 0.534210 0.935240 0.539232 0.931710 0.543468 0.925870 0.547100 0.924517 0.547527 0.924873 0.552797 0.910487 0.550875 0.910843 0.538340 0.910986 0.537557
0 0.949585 0.525878 0.955923 0.534993 0.942321 0.542329 0.939259 0.536987 0.935240 0.539232 0.930000 0.534210 0.949585 0.525878
0 0.944190 0.542807 0.954643 0.536626 0.957824 0.541807 0.946371 0.546988 0.944190 0.542807
0 0.944785 0.549404 0.951016 0.561475 0.948462 0.562530 0.941774 0.547944 0.944785 0.549404
0 0.964823 0.555441 0.951016 0.561475 0.944785 0.549404 0.958097 0.544170 0.964823 0.555441
0 0.968768 0.586585 0.980584 0.582313 0.989128 0.599673 0.981038 0.603127 0.974676 0.592311 0.969859 0.593220 0.968768 0.586585
4 0.999008 0.585591 0.997662 0.587025 0.992748 0.578408 0.999008 0.575519 0.999008 0.585591
0 0.986605 0.604546 0.999008 0.599017 0.999008 0.602922 0.994742 0.604120 0.999008 0.609378 0.999008 0.626069 0.995741 0.628115 0.987107 0.618935 0.992937 0.615262 0.986605 0.604546
0 0.959863 0.965642 0.964271 0.962974 0.969839 0.971906 0.964967 0.974342 0.959863 0.965642
4 0.608732 0.545416 0.612138 0.549265 0.608436 0.551930 0.605475 0.547341 0.608732 0.545416
4 0.951534 0.000002 0.940956 0.005225 0.929789 0.000002 0.951534 0.000002
