0 0.000009 0.591397 0.023425 0.591514 0.023073 0.609672 0.000009 0.610257 0.000009 0.591397
0 0.027290 0.592217 0.055757 0.594091 0.054820 0.611663 0.025767 0.609672 0.027290 0.592217
0 0.055063 0.614069 0.073237 0.608745 0.076450 0.621412 0.057909 0.625726 0.055063 0.614069
0 0.026290 0.623187 0.034642 0.622637 0.035101 0.628236 0.026657 0.628970 0.026290 0.623187
0 0.285789 0.698387 0.304330 0.689667 0.315711 0.700314 0.319750 0.711971 0.299740 0.721150 0.285789 0.698387
0 0.262861 0.730294 0.271832 0.731341 0.271832 0.727752 0.286345 0.729376 0.285702 0.737086 0.289970 0.737277 0.289780 0.753687 0.286345 0.753496 0.285963 0.769716 0.263884 0.766928 0.256959 0.765900 0.257995 0.758705 0.262861 0.730294
0 0.256959 0.765900 0.263884 0.766928 0.262239 0.779786 0.244597 0.777095 0.246541 0.757659 0.257995 0.758705 0.256959 0.765900
0 0.211085 0.774534 0.230671 0.774684 0.230703 0.778644 0.237476 0.779396 0.237294 0.795167 0.240231 0.795349 0.239613 0.803572 0.209889 0.801297 0.211085 0.774534
0 0.216727 0.742487 0.223978 0.738670 0.227985 0.746875 0.221497 0.749928 0.226458 0.755844 0.211384 0.762904 0.189482 0.731953 0.203184 0.723486 0.216727 0.742487
0 0.203184 0.723486 0.189482 0.731953 0.173984 0.710048 0.190203 0.703560 0.203184 0.723486
0 0.258674 0.785536 0.273786 0.787645 0.272966 0.793385 0.277066 0.794088 0.274840 0.809668 0.263694 0.807805 0.264887 0.798902 0.257453 0.797801 0.258674 0.785536
0 0.183852 0.827746 0.200206 0.827230 0.200206 0.850641 0.203304 0.850813 0.203820 0.870093 0.180409 0.869921 0.181442 0.849436 0.183852 0.827746
0 0.063795 0.876879 0.079131 0.876751 0.087566 0.880804 0.087319 0.892630 0.082671 0.891941 0.081624 0.899569 0.062205 0.898469 0.063795 0.876879
0 0.088696 0.887638 0.100057 0.889187 0.100057 0.908467 0.089674 0.907671 0.089973 0.901152 0.087583 0.900805 0.088696 0.887638
0 0.105037 0.835750 0.116637 0.828062 0.115018 0.825904 0.113669 0.826578 0.107465 0.816867 0.116232 0.811337 0.121222 0.820374 0.118255 0.822802 0.120683 0.826578 0.123785 0.824285 0.133901 0.838987 0.115423 0.850991 0.105037 0.835750
0 0.148586 0.999004 0.148866 0.998406 0.137952 0.993323 0.141689 0.985399 0.162172 0.993921 0.160922 0.999004 0.148586 0.999004
0 0.180697 0.754166 0.185265 0.750300 0.191123 0.755923 0.186788 0.760141 0.180697 0.754166
