0 0.037948 0.497030 0.068013 0.461632 0.095748 0.482643 0.067173 0.519834 0.037948 0.497030
0 0.084151 0.456556 0.075326 0.442899 0.107474 0.420837 0.112307 0.420837 0.138782 0.402766 0.169458 0.443739 0.128906 0.468953 0.108525 0.442899 0.084151 0.456556
0 0.118654 0.555684 0.094026 0.525790 0.111994 0.513399 0.135382 0.543138 0.118654 0.555684
0 0.227682 0.548698 0.223965 0.545755 0.211884 0.553190 0.187875 0.519114 0.209250 0.504399 0.214672 0.511989 0.223500 0.506258 0.245650 0.535997 0.227682 0.548698
0 0.022287 0.533755 0.027750 0.530393 0.033633 0.539218 0.028170 0.543211 0.022287 0.533755
0 0.145806 0.664492 0.137357 0.642912 0.160079 0.630466 0.169556 0.653188 0.145806 0.664492
0 0.096304 0.643534 0.104637 0.626111 0.121808 0.631329 0.111791 0.653129 0.096304 0.643534
0 0.056551 0.737255 0.069158 0.742298 0.055501 0.780959 0.041843 0.775706 0.056551 0.737255
0 0.124265 0.763175 0.117450 0.735759 0.145640 0.729563 0.153695 0.755585 0.124265 0.763175
0 0.115918 0.881432 0.110497 0.878799 0.105695 0.853862 0.131407 0.849835 0.135279 0.859748 0.140391 0.859438 0.144263 0.874927 0.115918 0.881432
0 0.094343 0.898857 0.102907 0.888809 0.108230 0.893489 0.113411 0.897715 0.104391 0.907649 0.094343 0.898857
0 0.491264 0.958748 0.462145 0.967421 0.457343 0.954875 0.449599 0.957354 0.443558 0.928544 0.480267 0.918786 0.491264 0.958748
0 0.480230 0.999008 0.476596 0.988913 0.504430 0.981181 0.510593 0.999008 0.480230 0.999008
0 0.402009 0.788560 0.427013 0.777004 0.443192 0.806420 0.429534 0.814824 0.432266 0.819027 0.418819 0.825330 0.414406 0.817766 0.417768 0.816085 0.402009 0.788560
0 0.670132 0.950506 0.670597 0.940129 0.689649 0.944930 0.693056 0.943226 0.711024 0.949267 0.710559 0.956547 0.706222 0.965376 0.686861 0.958715 0.686706 0.956082 0.670132 0.950506
0 0.799236 0.664950 0.823728 0.681375 0.833071 0.697536 0.811271 0.715548 0.786333 0.691668 0.791243 0.687672 0.784164 0.679679 0.799236 0.664950
0 0.816632 0.668093 0.805170 0.658490 0.829643 0.637580 0.843273 0.647183 0.816632 0.668093
0 0.851262 0.651778 0.863822 0.658629 0.865877 0.657145 0.873870 0.665137 0.874783 0.668905 0.853888 0.683863 0.844753 0.676784 0.849663 0.671303 0.837332 0.660113 0.851262 0.651778
0 0.874856 0.661052 0.885818 0.653630 0.897236 0.664706 0.885018 0.672698 0.874856 0.661052
0 0.836530 0.632377 0.852943 0.618236 0.868683 0.631535 0.850670 0.644582 0.836530 0.632377
0 0.903678 0.601394 0.896553 0.577850 0.925982 0.572274 0.930009 0.585905 0.918702 0.588847 0.922419 0.598296 0.903678 0.601394
0 0.939741 0.567241 0.995462 0.575690 0.993635 0.590305 0.974567 0.587565 0.975594 0.582541 0.938257 0.576718 0.939741 0.567241
0 0.931608 0.560171 0.930352 0.547954 0.949306 0.546355 0.950677 0.557545 0.931608 0.560171
0 0.947841 0.538507 0.935889 0.537076 0.936310 0.518811 0.948262 0.520074 0.948009 0.524787 0.969725 0.527144 0.968463 0.538423 0.948262 0.536066 0.947841 0.538507
0 0.982090 0.412740 0.955449 0.398955 0.963348 0.384240 0.992003 0.397870 0.982090 0.412740
0 0.979418 0.442114 0.965942 0.443354 0.965632 0.438087 0.960986 0.438087 0.953861 0.438862 0.952467 0.418416 0.976475 0.417332 0.979418 0.442114
0 0.845643 0.492567 0.846108 0.484202 0.859893 0.485442 0.860512 0.504648 0.856021 0.505113 0.855556 0.514871 0.840996 0.514406 0.840841 0.507436 0.827676 0.505887 0.828760 0.490088 0.845643 0.492567
0 0.825547 0.374496 0.825775 0.368101 0.834453 0.347206 0.846898 0.350974 0.838563 0.378149 0.825547 0.374496
0 0.911787 0.264854 0.908069 0.301098 0.872135 0.298775 0.873684 0.262530 0.911787 0.264854
0 0.847972 0.284719 0.863616 0.289366 0.852929 0.318950 0.841312 0.314768 0.840073 0.304855 0.847972 0.284719
0 0.756727 0.084881 0.763797 0.067373 0.775160 0.071666 0.767922 0.089763 0.756727 0.084881
0 0.706413 0.132178 0.722170 0.131607 0.721599 0.143139 0.705842 0.142226 0.706413 0.132178
0 0.545109 0.642113 0.523269 0.619034 0.476337 0.653885 0.467043 0.643352 0.522494 0.597504 0.556261 0.634059 0.545109 0.642113
0 0.456376 0.616247 0.432398 0.614877 0.434453 0.584962 0.457061 0.585989 0.456376 0.616247
0 0.410324 0.527313 0.410893 0.544370 0.385697 0.559066 0.364012 0.529946 0.369588 0.525454 0.364631 0.520498 0.382444 0.507797 0.387246 0.514922 0.395300 0.509345 0.410324 0.527313
0 0.035939 0.350078 0.028632 0.319705 0.043932 0.316965 0.046444 0.324615 0.056492 0.322332 0.062886 0.346195 0.035939 0.350078
0 0.000011 0.273488 0.029728 0.262522 0.033496 0.273369 0.000011 0.285867 0.000011 0.273488
0 0.000010 0.239787 0.020023 0.236831 0.021165 0.257498 0.000011 0.259816 0.000010 0.239787
0 0.217190 0.356746 0.203869 0.344355 0.226793 0.319417 0.238255 0.328246 0.229736 0.336920 0.233608 0.340173 0.217190 0.356746
0 0.230246 0.804616 0.245435 0.799268 0.250142 0.819806 0.235166 0.823870 0.230246 0.804616
0 0.352593 0.955071 0.367782 0.951434 0.369708 0.959992 0.354946 0.964485 0.352593 0.955071
0 0.142595 0.610349 0.138338 0.599098 0.137426 0.588151 0.144876 0.586327 0.146244 0.595449 0.156431 0.592104 0.160840 0.598946 0.142595 0.610349
0 0.457425 0.516681 0.463811 0.516985 0.463202 0.526716 0.456817 0.525955 0.457425 0.516681
0 0.102907 0.888809 0.110823 0.881819 0.115361 0.887654 0.108230 0.893489 0.102907 0.888809
4 0.035932 0.000001 0.005397 0.019156 0.000010 0.011513 0.000010 0.000000 0.035932 0.000001
0 0.955060 0.452885 0.966404 0.452885 0.965967 0.469465 0.954623 0.469029 0.955060 0.452885
