0 0.164778 0.000004 0.165259 0.008513 0.120324 0.013642 0.111090 0.027390 0.100010 0.020003 0.109123 0.000003 0.164778 0.000004
0 0.228841 0.000005 0.231501 0.002201 0.211598 0.021078 0.185672 0.000005 0.228841 0.000005
0 0.184109 0.036097 0.191300 0.019098 0.208423 0.023539 0.204816 0.035910 0.200455 0.034221 0.196006 0.043010 0.184109 0.036097
0 0.301700 0.000006 0.316451 0.011365 0.299831 0.032499 0.292156 0.026465 0.274329 0.013021 0.281807 0.004341 0.277374 0.000006 0.301700 0.000006
0 0.284684 0.035801 0.292156 0.027442 0.299831 0.033475 0.329099 0.053104 0.322944 0.061721 0.284684 0.035801
4 0.000008 0.010444 0.006338 0.010695 0.005960 0.025685 0.000008 0.025685 0.000008 0.010444
4 0.009602 0.000001 0.008972 0.008285 0.000008 0.008033 0.000008 0.000000 0.009602 0.000001
0 0.090170 0.132657 0.098047 0.119957 0.107533 0.126227 0.099012 0.138767 0.090170 0.132657
0 0.077528 0.125516 0.087952 0.131577 0.084009 0.137491 0.074426 0.132318 0.077528 0.125516
3 0.549786 0.045959 0.564393 0.056915 0.545062 0.081750 0.529694 0.069783 0.549786 0.045959
0 0.031334 0.239821 0.037217 0.233943 0.040557 0.237309 0.049027 0.244442 0.042007 0.252990 0.062065 0.271628 0.046571 0.288760 0.024096 0.266847 0.031525 0.259173 0.014293 0.244355 0.024611 0.233743 0.031334 0.239821
0 0.079405 0.239272 0.073291 0.245850 0.064814 0.238254 0.055510 0.248852 0.049027 0.243465 0.040557 0.236332 0.057134 0.218845 0.079405 0.239272
0 0.059470 0.220462 0.073577 0.204249 0.086640 0.215156 0.072844 0.231469 0.059470 0.220462
0 0.106071 0.240367 0.117164 0.215609 0.142887 0.227019 0.131308 0.252272 0.106071 0.240367
2 0.102535 0.175177 0.119361 0.145015 0.137827 0.156506 0.129415 0.172510 0.121823 0.169637 0.114641 0.181743 0.102535 0.175177
0 0.114641 0.181743 0.121823 0.169637 0.129415 0.172510 0.140315 0.182506 0.137590 0.183942 0.100278 0.193439 0.100278 0.185026 0.112426 0.182445 0.114641 0.181743
0 0.129415 0.172510 0.138020 0.166013 0.135649 0.161422 0.141968 0.157229 0.153216 0.174562 0.148572 0.177226 0.140315 0.182506 0.129415 0.172510
0 0.131572 0.134274 0.160588 0.106459 0.174575 0.121893 0.144915 0.148260 0.131572 0.134274
3 0.164832 0.095462 0.184607 0.077134 0.254212 0.135839 0.239439 0.151228 0.212057 0.130385 0.197500 0.154818 0.169074 0.140265 0.180557 0.129842 0.174575 0.120916 0.160588 0.105482 0.156901 0.102190 0.164832 0.095462
3 0.605208 0.506243 0.608366 0.494005 0.631362 0.500124 0.628303 0.512659 0.605208 0.506243
3 0.564081 0.496521 0.571009 0.478004 0.581086 0.481657 0.580078 0.484681 0.596832 0.490727 0.590911 0.506095 0.564081 0.496521
0 0.438754 0.180754 0.457426 0.165160 0.471584 0.181575 0.453528 0.197990 0.438754 0.180754
0 0.465633 0.162698 0.480202 0.149976 0.503182 0.171316 0.489435 0.185063 0.465633 0.162698
0 0.530716 0.118739 0.578169 0.122463 0.577348 0.139083 0.570577 0.138877 0.569346 0.145854 0.528626 0.143819 0.530716 0.118739
0 0.582642 0.135927 0.582693 0.135304 0.606701 0.137312 0.605441 0.152806 0.596498 0.151925 0.596120 0.157215 0.583523 0.156585 0.584027 0.150161 0.581508 0.150413 0.582642 0.135927
0 0.522055 0.108029 0.501331 0.119929 0.491688 0.107003 0.494355 0.105156 0.487490 0.091611 0.506982 0.081748 0.522055 0.108029
0 0.528005 0.059244 0.530262 0.073402 0.506982 0.080771 0.487490 0.090635 0.486968 0.089611 0.482659 0.084892 0.478556 0.056782 0.524517 0.046317 0.528005 0.059244
0 0.469523 0.098595 0.478467 0.097714 0.479097 0.110814 0.470279 0.111192 0.469523 0.098595
0 0.913644 0.179586 0.941476 0.203108 0.933036 0.212445 0.917415 0.200235 0.910951 0.207059 0.899484 0.196545 0.913644 0.179586
0 0.943881 0.233001 0.957932 0.216151 0.981537 0.232880 0.968245 0.250755 0.943881 0.233001
0 0.980622 0.244647 0.991033 0.258575 0.982170 0.264906 0.972040 0.250556 0.980622 0.244647
4 0.995999 0.334670 0.999008 0.337104 0.999008 0.348001 0.995029 0.352941 0.986588 0.345766 0.995999 0.334670
0 0.955739 0.341031 0.973670 0.318286 0.994288 0.334840 0.988098 0.343000 0.981204 0.337654 0.970699 0.351301 0.955739 0.341031
0 0.945966 0.429611 0.922719 0.416239 0.940457 0.384041 0.948949 0.388498 0.954998 0.376961 0.940477 0.368363 0.950049 0.352077 0.973690 0.365269 0.968551 0.374311 0.975426 0.377654 0.945966 0.429611
0 0.918893 0.376997 0.924091 0.364898 0.918323 0.363209 0.923669 0.348437 0.941818 0.355050 0.931829 0.382030 0.918893 0.376997
3 0.930699 0.322635 0.945139 0.299597 0.968398 0.313596 0.954289 0.332777 0.944368 0.327486 0.941832 0.331234 0.929968 0.323625 0.930699 0.322635
0 0.845539 0.273738 0.865167 0.286567 0.850084 0.310373 0.830376 0.297922 0.845539 0.273738
0 0.786713 0.270986 0.811851 0.291815 0.805428 0.299209 0.807835 0.301255 0.802600 0.307031 0.800253 0.305166 0.796346 0.309529 0.770553 0.288224 0.786713 0.270986
0 0.780691 0.324160 0.789239 0.314884 0.792087 0.311920 0.819380 0.334290 0.807985 0.347796 0.780691 0.324160
0 0.746774 0.316776 0.765489 0.293666 0.789239 0.313908 0.780691 0.323183 0.769308 0.311574 0.757816 0.325759 0.746774 0.316776
0 0.717954 0.289885 0.744102 0.259440 0.756640 0.269845 0.730228 0.300027 0.717954 0.289885
0 0.872718 0.448573 0.881583 0.446447 0.880407 0.441938 0.891175 0.438812 0.892707 0.441865 0.897336 0.458947 0.898878 0.467315 0.879049 0.472912 0.872718 0.448573
0 0.901861 0.510878 0.907491 0.500096 0.918746 0.505442 0.915986 0.510750 0.901861 0.510878
0 0.874498 0.511125 0.882738 0.491688 0.898061 0.497640 0.892365 0.510964 0.874498 0.511125
0 0.889226 0.479191 0.901836 0.477896 0.903045 0.485842 0.889917 0.486792 0.889226 0.479191
0 0.148572 0.177226 0.156308 0.189260 0.140960 0.198837 0.133347 0.185821 0.137590 0.183942 0.140315 0.182506 0.148572 0.177226
0 0.090170 0.132657 0.087952 0.131577 0.077528 0.125516 0.073299 0.122905 0.082889 0.109898 0.098047 0.119957 0.090170 0.132657
0 0.099057 0.063342 0.106443 0.063452 0.106332 0.074475 0.099057 0.074585 0.099057 0.063342
0 0.172510 0.166500 0.180051 0.152853 0.194595 0.158779 0.186515 0.173682 0.172510 0.166500
0 0.829980 0.320992 0.843999 0.310892 0.860902 0.336376 0.847380 0.345477 0.829980 0.320992
0 0.898748 0.348857 0.905613 0.334010 0.926207 0.342950 0.930038 0.334010 0.945842 0.340874 0.941818 0.354073 0.923669 0.347461 0.918323 0.362233 0.908806 0.368492 0.898748 0.348857
0 0.905422 0.468399 0.905785 0.455760 0.919578 0.453752 0.919728 0.467936 0.905422 0.468399
2 0.969591 0.482679 0.979167 0.472084 0.992003 0.485531 0.983038 0.494700 0.969591 0.482679
1 0.949420 0.507128 0.968368 0.490829 0.977333 0.501423 0.966265 0.510296 0.952327 0.510422 0.949420 0.507128
0 0.913544 0.489043 0.917854 0.483296 0.926475 0.489681 0.922165 0.495269 0.913544 0.489043
3 0.046543 0.297062 0.060592 0.297700 0.059793 0.318134 0.046064 0.317496 0.046543 0.297062
0 0.966360 0.299397 0.973416 0.289401 0.982923 0.295967 0.975670 0.306160 0.966360 0.299397
0 0.906762 0.455760 0.898313 0.458947 0.893683 0.441865 0.916991 0.436118 0.920554 0.453752 0.906762 0.455760
