0 0.008129 0.073491 0.018332 0.058249 0.025693 0.058361 0.049699 0.071492 0.049289 0.080521 0.038209 0.096525 0.008868 0.077853 0.008129 0.073491
0 0.218393 0.041472 0.222894 0.034398 0.236077 0.039865 0.230450 0.048868 0.218393 0.041472
0 0.216493 0.065523 0.224905 0.053007 0.240705 0.060394 0.237832 0.071474 0.234486 0.076351 0.233053 0.076461 0.228945 0.082846 0.219734 0.077894 0.225061 0.070255 0.216493 0.065523
0 0.204276 0.150666 0.227003 0.146321 0.239370 0.177070 0.227338 0.182752 0.212297 0.182084 0.204276 0.150666
0 0.248060 0.179075 0.243346 0.166244 0.273723 0.167029 0.272676 0.180909 0.248060 0.179075
0 0.200582 0.782697 0.217034 0.772610 0.236552 0.800005 0.222244 0.811259 0.200582 0.782697
0 0.057088 0.641721 0.089241 0.629502 0.100656 0.647026 0.066734 0.663585 0.057088 0.641721
0 0.089241 0.629502 0.103067 0.624679 0.114321 0.642203 0.100656 0.647026 0.089241 0.629502
0 0.096071 0.620937 0.105760 0.595798 0.111049 0.595671 0.133781 0.600773 0.124615 0.629579 0.096071 0.620937
0 0.108379 0.580609 0.132811 0.577754 0.138494 0.579038 0.140066 0.595274 0.111049 0.595671 0.108379 0.580609
0 0.108379 0.580609 0.105522 0.559035 0.129118 0.553085 0.132811 0.577502 0.132811 0.577754 0.108379 0.580609
0 0.105462 0.556680 0.104847 0.541701 0.121672 0.542111 0.120441 0.554422 0.105462 0.556680
0 0.071025 0.566585 0.070410 0.547503 0.100572 0.546272 0.103977 0.563839 0.082670 0.565768 0.071025 0.566585
0 0.082670 0.565768 0.103977 0.563839 0.107040 0.592442 0.085132 0.592032 0.085186 0.582809 0.073723 0.582557 0.074479 0.576007 0.084052 0.574999 0.082670 0.565768
0 0.087529 0.620216 0.067400 0.607938 0.066866 0.582771 0.073723 0.582557 0.085186 0.582809 0.085132 0.592032 0.087529 0.620216
0 0.051790 0.546173 0.068670 0.546173 0.069474 0.563375 0.067223 0.563214 0.067063 0.571896 0.056130 0.572539 0.055487 0.562732 0.051147 0.562893 0.051790 0.546173
0 0.041340 0.577523 0.043590 0.567073 0.055487 0.568359 0.055648 0.578487 0.041340 0.577523
0 0.059989 0.543855 0.061758 0.530190 0.085712 0.527939 0.088284 0.541604 0.059989 0.543855
0 0.047203 0.516191 0.060008 0.514407 0.061977 0.515165 0.057873 0.542865 0.043715 0.541839 0.047203 0.516191
0 0.047203 0.516191 0.048229 0.514345 0.033866 0.513729 0.036278 0.498548 0.044321 0.500233 0.060951 0.503059 0.060008 0.514407 0.047203 0.516191
0 0.044321 0.500233 0.048285 0.480442 0.053880 0.481395 0.070150 0.485908 0.068099 0.496570 0.066452 0.504718 0.060951 0.503059 0.044321 0.500233
0 0.070150 0.485908 0.077102 0.486763 0.077906 0.478242 0.088999 0.478724 0.092054 0.498820 0.086934 0.498136 0.071314 0.496750 0.068099 0.496570 0.070150 0.485908
0 0.071314 0.496750 0.086934 0.498136 0.088067 0.512874 0.069046 0.510102 0.071314 0.496750
0 0.053880 0.481395 0.055067 0.468548 0.078539 0.472567 0.077906 0.478242 0.077102 0.486763 0.070150 0.485908 0.053880 0.481395
0 0.040122 0.465552 0.052433 0.467809 0.051407 0.479299 0.048285 0.480442 0.039096 0.479505 0.039765 0.471837 0.040122 0.465552
0 0.021409 0.500808 0.027679 0.469458 0.039765 0.471837 0.039096 0.479505 0.041487 0.479854 0.038086 0.497993 0.036278 0.498548 0.033342 0.508202 0.021442 0.504132 0.021409 0.500808
0 0.000007 0.453071 0.015447 0.455203 0.015440 0.468335 0.015037 0.492137 0.000007 0.489060 0.000007 0.453071
0 0.021409 0.500808 0.011959 0.498703 0.015037 0.492137 0.015440 0.468335 0.027679 0.469458 0.021409 0.500808
0 0.001829 0.528247 0.007134 0.510402 0.010028 0.511206 0.021442 0.504132 0.033342 0.508202 0.027493 0.531693 0.001829 0.528247
0 0.022844 0.560185 0.032533 0.546306 0.042223 0.551543 0.039342 0.565161 0.022844 0.560185
0 0.001370 0.586896 0.014464 0.567779 0.041340 0.577523 0.041961 0.597109 0.036723 0.595014 0.031748 0.598681 0.001370 0.586896
0 0.041961 0.597109 0.059754 0.601382 0.067400 0.607938 0.056471 0.628466 0.039440 0.627851 0.018717 0.620259 0.026103 0.605896 0.032259 0.607537 0.036723 0.595014 0.041961 0.597109
0 0.067400 0.607938 0.087529 0.620216 0.080758 0.630065 0.056471 0.628466 0.067400 0.607938
0 0.018717 0.620259 0.039440 0.627851 0.041773 0.642376 0.011200 0.641145 0.018717 0.620259
0 0.000007 0.636813 0.005455 0.618574 0.018717 0.620259 0.011200 0.641145 0.000007 0.636839 0.000007 0.636813
0 0.026641 0.373701 0.026900 0.393382 0.000007 0.395793 0.000007 0.373463 0.026641 0.373701
0 0.026641 0.373701 0.000007 0.373463 0.000007 0.354622 0.006514 0.353407 0.026376 0.353839 0.026641 0.373701
0 0.104554 0.434043 0.107285 0.434727 0.097648 0.448814 0.095303 0.457012 0.085222 0.469448 0.069531 0.466455 0.077920 0.444961 0.084013 0.446216 0.090283 0.430420 0.104554 0.434043
0 0.130840 0.448838 0.130864 0.448973 0.135130 0.452812 0.115508 0.466888 0.098162 0.452957 0.107109 0.435596 0.130840 0.448838
0 0.130459 0.446113 0.130840 0.448838 0.107236 0.435664 0.108184 0.434280 0.130459 0.446113
0 0.123916 0.418896 0.150568 0.437553 0.138116 0.445987 0.124411 0.438546 0.125917 0.436020 0.114126 0.429686 0.120996 0.416992 0.123916 0.418896
0 0.126172 0.330387 0.122760 0.353849 0.131717 0.361527 0.127878 0.373897 0.117641 0.373044 0.119774 0.389680 0.103991 0.396078 0.106977 0.402050 0.107461 0.401738 0.108255 0.404438 0.120996 0.416992 0.104554 0.434043 0.090283 0.430420 0.090677 0.429423 0.088461 0.426099 0.080718 0.424395 0.081367 0.416602 0.080654 0.397559 0.081573 0.397581 0.081895 0.374873 0.087187 0.365205 0.105697 0.363233 0.092900 0.359394 0.096312 0.328681 0.126172 0.330387
0 0.080654 0.397559 0.081367 0.416602 0.078383 0.415851 0.060479 0.416377 0.058232 0.400342 0.059782 0.400239 0.062841 0.397229 0.064465 0.397422 0.068336 0.397080 0.080654 0.397559
0 0.064747 0.370485 0.064883 0.368730 0.080561 0.376289 0.081573 0.397581 0.068336 0.397080 0.067313 0.391100 0.062785 0.390723 0.062841 0.397229 0.059782 0.400239 0.058232 0.400342 0.037441 0.401260 0.037183 0.399941 0.033828 0.396191 0.034034 0.396078 0.034461 0.374324 0.042139 0.371338 0.050743 0.368412 0.064747 0.370485
0 0.083942 0.361100 0.085648 0.365366 0.087187 0.365205 0.081895 0.374873 0.080561 0.376289 0.064883 0.368730 0.065600 0.359820 0.083942 0.361100
0 0.179708 0.404351 0.190439 0.414688 0.169255 0.434043 0.158164 0.424658 0.161577 0.418686 0.159199 0.417100 0.165906 0.411201 0.164604 0.407513 0.164473 0.407354 0.171738 0.401205 0.179708 0.404351
0 0.207724 0.374708 0.213618 0.382002 0.207646 0.391386 0.208926 0.397785 0.190439 0.414688 0.179708 0.404351 0.171738 0.401205 0.170547 0.402217 0.164863 0.387959 0.165371 0.387627 0.165127 0.387236 0.169594 0.380413 0.179541 0.369802 0.192243 0.368800 0.195625 0.365137 0.207724 0.374708
0 0.186318 0.356408 0.195273 0.364805 0.192014 0.368328 0.179314 0.369331 0.169208 0.380110 0.164844 0.386787 0.157461 0.374922 0.163710 0.372191 0.155605 0.365366 0.168402 0.349583 0.186318 0.356408
0 0.164473 0.407354 0.165906 0.411201 0.159199 0.417100 0.150060 0.411008 0.151339 0.407596 0.141836 0.402227 0.153779 0.395107 0.164473 0.407354
0 0.164703 0.387477 0.153779 0.395107 0.141836 0.402227 0.141528 0.402050 0.141279 0.402275 0.128203 0.388252 0.156885 0.375177 0.157012 0.375117 0.164703 0.387477
0 0.141279 0.402275 0.135430 0.407432 0.135271 0.407284 0.134580 0.408682 0.123916 0.418896 0.120996 0.416992 0.108255 0.404438 0.107461 0.401738 0.128203 0.388252 0.141279 0.402275
0 0.143661 0.415701 0.143235 0.416127 0.156032 0.425512 0.150568 0.437553 0.123916 0.418896 0.134580 0.408682 0.143661 0.415701
0 0.081367 0.416602 0.080718 0.424395 0.088461 0.426099 0.090677 0.429423 0.090283 0.430420 0.084013 0.446216 0.077920 0.444961 0.078686 0.442880 0.051943 0.438145 0.053177 0.426012 0.059452 0.425489 0.060479 0.416377 0.078383 0.415851 0.081367 0.416602
0 0.051943 0.438145 0.078686 0.442880 0.077920 0.444961 0.069531 0.466455 0.049390 0.462623 0.047490 0.462051 0.045146 0.440459 0.048809 0.438087 0.051943 0.438145
0 0.045098 0.440497 0.043584 0.459083 0.026418 0.456098 0.027916 0.439073 0.028438 0.439053 0.045098 0.440497
0 0.027304 0.448070 0.002895 0.448546 0.002468 0.428071 0.018678 0.425938 0.018678 0.424842 0.028086 0.425330 0.027916 0.439073 0.027304 0.448070
0 0.038492 0.424842 0.028086 0.425330 0.018678 0.424842 0.018678 0.420127 0.023877 0.416584 0.023818 0.416240 0.036162 0.415342 0.038492 0.424842
0 0.036729 0.400166 0.039537 0.414604 0.036162 0.415342 0.023877 0.416584 0.021016 0.403330 0.033398 0.396436 0.036729 0.400166
0 0.018678 0.420127 0.005454 0.419540 0.005881 0.403330 0.021016 0.403330 0.023877 0.416584 0.018678 0.420127
0 0.036162 0.415342 0.039537 0.414604 0.037441 0.401260 0.058232 0.400342 0.060479 0.416377 0.056820 0.417546 0.055553 0.424440 0.042188 0.423455 0.036162 0.415342
0 0.026376 0.353839 0.006514 0.353407 0.006873 0.340479 0.026119 0.338809 0.026376 0.353839
0 0.000007 0.309274 0.024212 0.306761 0.026119 0.338809 0.006873 0.340479 0.001228 0.340697 0.000007 0.309448 0.000007 0.309274
0 0.026661 0.319979 0.053056 0.318902 0.055210 0.330752 0.050003 0.331830 0.052517 0.360379 0.036536 0.361098 0.036716 0.350504 0.028286 0.349863 0.028815 0.335421 0.026355 0.335639 0.026661 0.319979
0 0.061171 0.345328 0.066671 0.326766 0.093484 0.330661 0.090963 0.346932 0.061171 0.345328
0 0.074228 0.310172 0.085927 0.285604 0.106401 0.293501 0.099089 0.319824 0.074228 0.310172
0 0.096316 0.264940 0.098363 0.237447 0.120299 0.239494 0.119129 0.269912 0.096316 0.264940
0 0.071739 0.281153 0.076126 0.262142 0.090458 0.261557 0.088995 0.282908 0.071739 0.281153
0 0.297899 0.279080 0.307065 0.264872 0.312107 0.265789 0.316919 0.259372 0.328378 0.266018 0.323336 0.280914 0.316919 0.288705 0.297899 0.279080
0 0.297899 0.279080 0.316919 0.288705 0.309594 0.297369 0.313903 0.299883 0.304925 0.312811 0.283558 0.298626 0.297899 0.279080
0 0.280650 0.321500 0.296888 0.308977 0.304925 0.312811 0.311587 0.321028 0.290863 0.336681 0.280650 0.321500
4 0.264781 0.369242 0.264961 0.348952 0.282378 0.342308 0.292972 0.357571 0.264781 0.369242
0 0.282378 0.342308 0.290863 0.336681 0.295665 0.337101 0.302668 0.345720 0.291715 0.352723 0.282378 0.342308
0 0.334953 0.343744 0.321206 0.358368 0.298977 0.337602 0.325886 0.310694 0.336533 0.323824 0.327933 0.336432 0.334953 0.343744
0 0.325886 0.310694 0.329538 0.305301 0.334579 0.301634 0.346267 0.299801 0.344433 0.314697 0.336533 0.323824 0.325886 0.310694
0 0.339850 0.275280 0.348788 0.259239 0.363330 0.261214 0.368144 0.264510 0.371704 0.270697 0.353600 0.295218 0.342829 0.291093 0.350850 0.277801 0.339850 0.275280
0 0.336533 0.323824 0.351548 0.324887 0.349486 0.341845 0.334953 0.343744 0.327933 0.336432 0.336533 0.323824
0 0.336533 0.323824 0.344433 0.314697 0.351023 0.316647 0.348329 0.324906 0.336533 0.323824
0 0.264781 0.369242 0.299060 0.363915 0.294966 0.393748 0.262793 0.394333 0.264781 0.369242
0 0.262793 0.394333 0.294966 0.393748 0.287946 0.422411 0.259283 0.419779 0.262793 0.394333
0 0.245999 0.440021 0.254480 0.424812 0.272614 0.430662 0.263547 0.446163 0.245999 0.440021
0 0.191453 0.355916 0.218265 0.338958 0.233161 0.357291 0.225140 0.364624 0.228807 0.371041 0.216661 0.378833 0.211619 0.373562 0.207724 0.374708 0.191453 0.355916
0 0.222335 0.335129 0.235789 0.323430 0.255385 0.336884 0.242223 0.350923 0.222335 0.335129
0 0.250586 0.415605 0.239145 0.430504 0.215290 0.423879 0.203184 0.440156 0.181527 0.426702 0.208926 0.397785 0.208975 0.397715 0.250586 0.415605
0 0.250684 0.390811 0.256402 0.394529 0.251722 0.414125 0.250889 0.415215 0.209277 0.397314 0.219814 0.383145 0.250684 0.390811
0 0.254939 0.374933 0.250674 0.390303 0.220127 0.382715 0.228807 0.371041 0.254939 0.374933
0 0.135130 0.452812 0.143241 0.446991 0.155157 0.458908 0.148826 0.462529 0.157625 0.468993 0.150442 0.487488 0.130871 0.478510 0.120324 0.487553 0.108407 0.476783 0.115508 0.466888 0.135130 0.452812
0 0.157625 0.468993 0.198208 0.493869 0.182625 0.527327 0.137250 0.515640 0.146417 0.494786 0.150312 0.493640 0.150442 0.487488 0.157625 0.468993
