0 0.024355 0.230627 0.038735 0.219782 0.034963 0.214360 0.043215 0.209409 0.055950 0.222074 0.054808 0.230412 0.035435 0.246186 0.021526 0.232748 0.024355 0.230627
0 0.072184 0.190082 0.093637 0.213185 0.071712 0.232045 0.048137 0.207291 0.072184 0.190082
0 0.088686 0.179001 0.105896 0.176880 0.110139 0.207998 0.093165 0.210356 0.088686 0.179001
0 0.191503 0.174080 0.202771 0.164290 0.221797 0.181099 0.210529 0.192552 0.191503 0.174080
0 0.227516 0.153825 0.257987 0.143637 0.267517 0.172301 0.238790 0.179806 0.227516 0.153825
0 0.294664 0.122050 0.300021 0.139967 0.284135 0.144215 0.273237 0.110597 0.281365 0.108750 0.280072 0.102100 0.304702 0.094035 0.311947 0.092857 0.314803 0.102462 0.303987 0.106736 0.297234 0.109579 0.300255 0.119086 0.294664 0.122050
0 0.274212 0.094401 0.304895 0.083691 0.317342 0.083112 0.318210 0.090059 0.305923 0.093482 0.305596 0.091900 0.274722 0.102373 0.274212 0.094401
0 0.313317 0.118803 0.324632 0.115031 0.329583 0.126347 0.318503 0.132005 0.313317 0.118803
0 0.375895 0.100571 0.391237 0.097243 0.396447 0.118084 0.380092 0.121123 0.375895 0.100571
0 0.416998 0.080599 0.443194 0.075099 0.461285 0.125175 0.432050 0.134148 0.414248 0.081178 0.416998 0.080599
3 0.494683 0.158457 0.504814 0.150641 0.514076 0.160917 0.503511 0.170903 0.494683 0.158457
2 0.548948 0.172024 0.570153 0.154674 0.578885 0.163065 0.577524 0.167034 0.588070 0.182230 0.569359 0.198332 0.548948 0.172024
0 0.526881 0.118572 0.535854 0.112928 0.544249 0.125375 0.535275 0.131887 0.526881 0.118572
0 0.546709 0.121033 0.563498 0.112060 0.573050 0.125954 0.553656 0.136664 0.545262 0.122335 0.546709 0.121033
0 0.601961 0.102786 0.611373 0.102672 0.611713 0.109023 0.601847 0.109476 0.601961 0.102786
0 0.624527 0.096889 0.649702 0.098137 0.649021 0.123991 0.623733 0.122631 0.624527 0.096889
0 0.182575 0.008554 0.196523 0.015471 0.190399 0.027832 0.174637 0.018420 0.182575 0.008554
0 0.147424 0.030286 0.161596 0.014564 0.169987 0.024883 0.156092 0.039107 0.147424 0.030286
4 0.521528 0.000008 0.518160 0.008192 0.510056 0.005442 0.511606 0.000008 0.521528 0.000008
4 0.527713 0.003416 0.534949 0.003561 0.535094 0.010508 0.526555 0.009639 0.527713 0.003416
0 0.888245 0.000003 0.900179 0.004463 0.889907 0.031859 0.864529 0.020164 0.842918 0.011113 0.849692 0.000004 0.888245 0.000003
0 0.967396 0.134321 0.997447 0.138517 0.996426 0.153372 0.991550 0.152238 0.990870 0.172877 0.966035 0.170268 0.969551 0.149063 0.964675 0.148723 0.966035 0.134094 0.967396 0.134321
0 0.894118 0.159592 0.894407 0.157566 0.925379 0.166539 0.925958 0.180144 0.917709 0.195485 0.885724 0.188828 0.894118 0.159592
0 0.934756 0.193617 0.958637 0.198104 0.957479 0.209248 0.931572 0.204906 0.934033 0.193328 0.934756 0.193617
0 0.897236 0.199494 0.895535 0.218772 0.876598 0.215823 0.880340 0.195298 0.897236 0.199494
0 0.916471 0.249676 0.943434 0.256734 0.943133 0.263052 0.949315 0.264235 0.951901 0.252967 0.974621 0.260171 0.971850 0.282891 0.973513 0.285292 0.972589 0.293420 0.954487 0.288802 0.949078 0.293518 0.945251 0.292311 0.940264 0.291573 0.941187 0.279936 0.910340 0.271808 0.916471 0.249676
0 0.858127 0.304110 0.854366 0.321903 0.821856 0.311744 0.824107 0.306436 0.824128 0.306452 0.832640 0.293495 0.838155 0.295202 0.858127 0.304110
0 0.861195 0.282463 0.858861 0.303472 0.841288 0.296246 0.844201 0.277106 0.861195 0.282463
0 0.833414 0.289640 0.824004 0.305332 0.804766 0.296903 0.814001 0.282680 0.833414 0.289640
0 0.535182 0.326874 0.534239 0.348092 0.516793 0.347149 0.517501 0.340784 0.513486 0.340518 0.516211 0.323975 0.535182 0.326874
0 0.515143 0.323810 0.515732 0.323896 0.512998 0.340488 0.506656 0.340076 0.506656 0.343848 0.496991 0.343377 0.497462 0.337719 0.486382 0.336304 0.486618 0.326403 0.492276 0.326639 0.492747 0.321452 0.515143 0.323810
0 0.725175 0.414638 0.742538 0.431631 0.732009 0.441421 0.713538 0.422765 0.725175 0.414638
0 0.734041 0.381389 0.739767 0.376771 0.737920 0.373077 0.748634 0.362733 0.765812 0.384529 0.760271 0.390070 0.766366 0.393580 0.772647 0.390625 0.780035 0.397090 0.778742 0.412236 0.775602 0.413345 0.773755 0.429230 0.751035 0.424058 0.749373 0.407434 0.744016 0.406325 0.745494 0.393765 0.734041 0.381389
0 0.794258 0.417408 0.809774 0.424427 0.812730 0.419625 0.848380 0.439389 0.831386 0.464880 0.796290 0.443638 0.799430 0.438281 0.785577 0.430892 0.794258 0.417408
0 0.862774 0.397178 0.857274 0.408467 0.833249 0.395586 0.838893 0.384587 0.862774 0.397178
0 0.883759 0.402388 0.893601 0.368956 0.922402 0.376916 0.914731 0.410059 0.883759 0.402388
0 0.924467 0.425773 0.927423 0.412843 0.969168 0.427435 0.966398 0.441289 0.924283 0.426142 0.924467 0.425773
0 0.909370 0.423066 0.916172 0.425961 0.922096 0.427928 0.960601 0.440520 0.957896 0.451575 0.929819 0.440380 0.926709 0.448910 0.908406 0.440913 0.911427 0.436115 0.905030 0.433894 0.909370 0.423066
0 0.964391 0.475586 0.979168 0.479465 0.978372 0.473544 0.997279 0.480204 0.997279 0.500892 0.978657 0.497838 0.978521 0.490220 0.965284 0.485826 0.964391 0.475586
0 0.844705 0.534083 0.851542 0.527246 0.864979 0.538091 0.857200 0.545399 0.844705 0.534083
0 0.897109 0.608009 0.916160 0.620710 0.908448 0.629782 0.889964 0.618328 0.897109 0.608009
0 0.858263 0.655562 0.872486 0.663320 0.866760 0.686593 0.851139 0.685113 0.839949 0.686823 0.830741 0.677174 0.833696 0.654454 0.858263 0.655562
0 0.946608 0.747141 0.939774 0.750835 0.942729 0.761364 0.928828 0.764424 0.913574 0.738496 0.939774 0.726822 0.946608 0.747141
0 0.964748 0.816199 0.985494 0.819264 0.982075 0.842475 0.961367 0.839283 0.964748 0.816199
0 0.258646 0.887229 0.279383 0.868413 0.290903 0.873789 0.295200 0.883404 0.291671 0.890301 0.292823 0.896061 0.274775 0.909886 0.255574 0.890301 0.258646 0.887229
0 0.297306 0.883640 0.306912 0.875512 0.315408 0.885671 0.304510 0.893245 0.297306 0.883640
0 0.134344 0.902244 0.164520 0.880555 0.173007 0.891635 0.169471 0.894229 0.172535 0.899651 0.146603 0.916860 0.134344 0.902244
0 0.014804 0.865439 0.018971 0.853480 0.043908 0.860868 0.037073 0.886544 0.014925 0.878976 0.014804 0.865439
0 0.633690 0.644136 0.662273 0.642030 0.665282 0.658578 0.633389 0.662189 0.633690 0.644136
0 0.652946 0.568915 0.666787 0.572526 0.661973 0.592685 0.647831 0.588473 0.652946 0.568915
0 0.165482 0.657824 0.185066 0.653984 0.188138 0.669728 0.168554 0.675104 0.165482 0.657824
0 0.362148 0.190108 0.383077 0.180210 0.395239 0.199442 0.373744 0.207644 0.362148 0.190108
0 0.345960 0.046402 0.356126 0.045057 0.358069 0.046103 0.358816 0.054624 0.346708 0.055671 0.345960 0.046402
0 0.824110 0.232655 0.837336 0.238135 0.866621 0.251549 0.860386 0.270254 0.849239 0.267042 0.851317 0.260052 0.816364 0.246826 0.824110 0.232655
