0 0.229990 0.060186 0.246608 0.061193 0.246357 0.076804 0.227976 0.074790 0.229990 0.060186
0 0.198011 0.023905 0.207131 0.025142 0.205740 0.035344 0.201566 0.054203 0.188891 0.049102 0.191518 0.042764 0.196156 0.025606 0.198011 0.023905
0 0.282290 0.022518 0.293574 0.024373 0.300994 0.031484 0.293729 0.044468 0.282908 0.040758 0.274407 0.036121 0.279971 0.022364 0.282290 0.022518
0 0.326081 0.021460 0.347388 0.031324 0.333973 0.060917 0.323122 0.060522 0.320755 0.055787 0.318190 0.055590 0.314244 0.060325 0.300632 0.056379 0.301223 0.050461 0.313652 0.020868 0.320952 0.021262 0.326081 0.021460
0 0.378866 0.000007 0.379349 0.002915 0.370076 0.004690 0.369879 0.010412 0.365933 0.012976 0.364355 0.025208 0.348375 0.026392 0.343048 0.023432 0.344011 0.000007 0.378866 0.000007
0 0.506214 0.012050 0.532429 0.014743 0.530454 0.031981 0.528838 0.034854 0.526144 0.052450 0.511062 0.049757 0.510343 0.045807 0.506932 0.044370 0.510343 0.029467 0.515910 0.029826 0.516269 0.025876 0.505316 0.022464 0.490951 0.018693 0.491490 0.011152 0.506214 0.012050
0 0.620950 0.026295 0.636392 0.032221 0.624182 0.055563 0.609458 0.050536 0.619154 0.029348 0.620950 0.026295
0 0.792410 0.115135 0.804556 0.121781 0.794931 0.139656 0.791264 0.139885 0.780035 0.133239 0.792410 0.115135
0 0.796077 0.144239 0.793098 0.155926 0.780952 0.150885 0.785994 0.141489 0.796077 0.144239
0 0.816244 0.170822 0.817160 0.187781 0.807306 0.187781 0.806389 0.171968 0.816244 0.170822
0 0.859255 0.100568 0.873081 0.101107 0.873081 0.112599 0.865360 0.114035 0.857999 0.110983 0.859255 0.100568
4 0.999010 0.058903 0.997127 0.060904 0.989406 0.052106 0.995090 0.047543 0.999010 0.040291 0.999010 0.058903
0 0.930050 0.650400 0.932417 0.658686 0.930839 0.668353 0.920777 0.669734 0.919791 0.660462 0.912097 0.660659 0.911308 0.642706 0.917029 0.642509 0.917226 0.639549 0.924131 0.639352 0.925907 0.649414 0.930050 0.650400
0 0.903811 0.617453 0.903219 0.648033 0.889212 0.647441 0.883490 0.645665 0.882899 0.637774 0.877966 0.637577 0.876783 0.633039 0.876980 0.617059 0.887633 0.616664 0.903811 0.617453
0 0.881123 0.647244 0.890420 0.649141 0.891559 0.655698 0.886670 0.656187 0.887706 0.664471 0.903359 0.665939 0.902959 0.689658 0.873232 0.688673 0.872837 0.683347 0.853898 0.681769 0.854687 0.668353 0.867313 0.668748 0.865932 0.660659 0.861000 0.657305 0.860211 0.647046 0.881123 0.647244
0 0.851929 0.596296 0.861596 0.603004 0.854099 0.610304 0.855480 0.614249 0.844037 0.625494 0.828846 0.620365 0.822928 0.619576 0.801029 0.604977 0.811288 0.591759 0.836540 0.604582 0.847194 0.594521 0.851929 0.596296
0 0.851059 0.628912 0.859739 0.630490 0.860134 0.642919 0.850861 0.646668 0.822744 0.643145 0.824756 0.626689 0.851059 0.628912
0 0.799764 0.624572 0.824268 0.626641 0.822256 0.643076 0.797397 0.639960 0.785363 0.638185 0.786152 0.631872 0.795424 0.624375 0.799764 0.624572
0 0.820677 0.646273 0.835079 0.650219 0.837041 0.654939 0.847300 0.655333 0.846709 0.667368 0.823626 0.669735 0.824218 0.660857 0.814551 0.656517 0.820677 0.646273
0 0.780527 0.642161 0.778948 0.660114 0.750342 0.657746 0.749750 0.640385 0.778159 0.638610 0.780527 0.642161
0 0.742724 0.671677 0.751789 0.679482 0.739199 0.693331 0.730135 0.684770 0.742724 0.671677
0 0.481769 0.195686 0.493804 0.190571 0.498919 0.198996 0.487185 0.204713 0.481769 0.195686
