0 0.000009 0.642038 0.012407 0.638151 0.014295 0.647995 0.000009 0.652172 0.000009 0.642038
0 0.000009 0.661931 0.013694 0.658147 0.016256 0.678510 0.022594 0.682825 0.023538 0.687680 0.027718 0.688624 0.032977 0.705615 0.018683 0.708581 0.005198 0.712762 0.000009 0.701859 0.000009 0.689970 0.003445 0.689298 0.000009 0.681536 0.000009 0.661931
0 0.048933 0.754047 0.038684 0.739348 0.051764 0.730448 0.061339 0.743664 0.048933 0.754047
0 0.079520 0.457509 0.071947 0.449937 0.081069 0.438922 0.083823 0.441675 0.083823 0.442880 0.087437 0.447355 0.079520 0.457509
0 0.238059 0.428809 0.225323 0.415557 0.223258 0.412459 0.233928 0.400584 0.238059 0.403509 0.240813 0.401272 0.247869 0.405403 0.250106 0.407296 0.253204 0.414008 0.238059 0.428809
0 0.276173 0.396140 0.258119 0.409350 0.253838 0.404226 0.250855 0.406886 0.246300 0.402510 0.249814 0.399435 0.232901 0.393504 0.239271 0.382522 0.245861 0.385157 0.252011 0.378128 0.266508 0.387134 0.276173 0.396140
0 0.256999 0.334809 0.263195 0.319148 0.283159 0.324483 0.303123 0.334637 0.301919 0.346857 0.284192 0.340833 0.282299 0.343759 0.256999 0.334809
0 0.229703 0.344063 0.205436 0.334253 0.206640 0.328574 0.196486 0.324787 0.204403 0.308437 0.243816 0.322034 0.243471 0.329606 0.238652 0.336663 0.229703 0.344063
0 0.184439 0.317387 0.176350 0.313773 0.183750 0.298799 0.197691 0.302586 0.197519 0.306028 0.190635 0.316526 0.184439 0.317387
0 0.428637 0.448191 0.413261 0.436329 0.436105 0.410410 0.448186 0.421612 0.450163 0.425786 0.433250 0.446214 0.428637 0.448191
0 0.458071 0.414583 0.443574 0.403601 0.464002 0.377901 0.478279 0.391080 0.458071 0.414583
0 0.476985 0.373970 0.460668 0.359676 0.485076 0.331493 0.500584 0.345247 0.495864 0.350911 0.501258 0.355226 0.492898 0.364261 0.488582 0.360620 0.476985 0.373970
4 0.407765 0.445469 0.414104 0.439130 0.426044 0.449696 0.419916 0.455824 0.407765 0.445469
0 0.176074 0.251335 0.158062 0.237716 0.179589 0.214213 0.187716 0.218166 0.194965 0.208721 0.212537 0.227612 0.194306 0.247820 0.185739 0.241889 0.176074 0.251335
0 0.214917 0.186029 0.225851 0.175656 0.236223 0.186029 0.242952 0.181263 0.256688 0.195000 0.242671 0.211821 0.214917 0.186029
0 0.266172 0.270131 0.269906 0.256292 0.292970 0.263761 0.292091 0.274963 0.266172 0.270131
0 0.674397 0.275787 0.668789 0.297292 0.667505 0.301851 0.664577 0.313215 0.664304 0.314474 0.658417 0.313353 0.657939 0.315303 0.637617 0.315010 0.629261 0.311110 0.633466 0.297934 0.641316 0.299055 0.642718 0.290925 0.645521 0.289804 0.648605 0.269059 0.674397 0.275787
0 0.663428 0.347186 0.661707 0.380575 0.631072 0.381091 0.632109 0.366865 0.643091 0.367223 0.642873 0.362850 0.632451 0.362188 0.633654 0.345809 0.663428 0.347186
0 0.693906 0.300018 0.699398 0.282006 0.701814 0.282665 0.706866 0.270804 0.727294 0.280249 0.721583 0.292110 0.714334 0.289694 0.707745 0.305510 0.693906 0.300018
0 0.772443 0.155832 0.770296 0.125061 0.810011 0.126135 0.813947 0.141520 0.808938 0.156190 0.772443 0.155832
0 0.831837 0.155474 0.833984 0.126493 0.876204 0.130071 0.876562 0.140804 0.871195 0.147603 0.869763 0.159410 0.831837 0.155474
0 0.933809 0.210217 0.923075 0.204135 0.934883 0.181951 0.944901 0.189107 0.933809 0.210217
0 0.890516 0.190181 0.899818 0.160841 0.926653 0.170144 0.917708 0.199841 0.890516 0.190181
0 0.723579 0.032122 0.725261 0.025114 0.720495 0.022871 0.725541 0.007452 0.753015 0.014461 0.746567 0.035486 0.723579 0.032122
0 0.000009 0.128622 0.007260 0.139811 0.009896 0.138273 0.027907 0.161776 0.019780 0.169684 0.000009 0.146411 0.000009 0.128622
4 0.443526 0.364031 0.452998 0.364031 0.453116 0.370602 0.443526 0.370898 0.443526 0.364031
0 0.689364 0.316704 0.700045 0.319375 0.687794 0.355658 0.676799 0.351574 0.689364 0.316704
0 0.673876 0.353981 0.682943 0.359950 0.667454 0.381029 0.663903 0.378385 0.668916 0.359970 0.673876 0.353981
0 0.674397 0.275787 0.689027 0.285016 0.684302 0.300830 0.676384 0.296394 0.673922 0.300702 0.668789 0.297292 0.674397 0.275787
0 0.667505 0.301851 0.679077 0.307637 0.674834 0.317954 0.664577 0.313215 0.667505 0.301851
0 0.277535 0.227726 0.285153 0.230522 0.283128 0.237368 0.275414 0.235054 0.277535 0.227726
0 0.266024 0.280708 0.291288 0.277912 0.292927 0.290255 0.288010 0.291219 0.289070 0.300091 0.290324 0.312337 0.276631 0.313880 0.274124 0.292376 0.267952 0.293051 0.266024 0.280708
4 0.406311 0.030457 0.418741 0.030826 0.419356 0.040426 0.406680 0.040795 0.406311 0.030457
