0 0.868387 0.071477 0.879343 0.065703 0.882452 0.071033 0.885709 0.070145 0.893556 0.087319 0.894741 0.089096 0.889559 0.095462 0.886746 0.098275 0.885561 0.101384 0.877418 0.104197 0.862465 0.082581 0.867055 0.080509 0.866314 0.075475 0.868387 0.071477
0 0.946946 0.136380 0.953016 0.134160 0.952720 0.132087 0.958346 0.129570 0.959827 0.130162 0.963528 0.128237 0.966045 0.129422 0.970635 0.140378 0.970635 0.141858 0.954793 0.149261 0.952720 0.148521 0.946946 0.136380
0 0.961792 0.161555 0.961792 0.159630 0.971564 0.154300 0.976154 0.155485 0.992588 0.173991 0.995253 0.176212 0.996733 0.183763 0.988294 0.191314 0.982224 0.193386 0.961940 0.164516 0.961792 0.161555
0 0.953537 0.209596 0.954129 0.206487 0.964789 0.196863 0.969971 0.197308 0.972784 0.197160 0.985813 0.211373 0.986109 0.215518 0.984776 0.221736 0.978854 0.225586 0.974561 0.227659 0.968046 0.224846 0.953537 0.209596
4 0.999011 0.249400 0.996992 0.250021 0.992790 0.247244 0.991864 0.244823 0.994143 0.240906 0.998416 0.240336 0.998345 0.239054 0.999011 0.237957 0.999011 0.249400
0 0.956042 0.242615 0.963520 0.236063 0.964944 0.235137 0.964731 0.233998 0.966938 0.232075 0.973063 0.237915 0.973063 0.239481 0.962096 0.248455 0.956042 0.242615
0 0.999011 0.234522 0.996526 0.236876 0.988435 0.229678 0.993122 0.224210 0.997251 0.221811 0.999011 0.222953 0.999011 0.234522
0 0.913997 0.901967 0.910784 0.900267 0.918343 0.872112 0.951788 0.874002 0.971440 0.890063 0.964260 0.912549 0.956134 0.912927 0.926090 0.905747 0.913997 0.901967
4 0.999011 0.961752 0.993519 0.960726 0.987466 0.958732 0.988605 0.946625 0.989460 0.946625 0.992309 0.946055 0.994018 0.931242 0.999011 0.931777 0.999011 0.961752
0 0.148170 0.410346 0.148170 0.408258 0.156522 0.405938 0.160234 0.406750 0.164874 0.418931 0.163250 0.420555 0.152926 0.423455 0.151534 0.421947 0.148170 0.410346
0 0.186362 0.544379 0.194361 0.542198 0.194725 0.539925 0.195543 0.538289 0.197906 0.538198 0.197360 0.536926 0.203905 0.534654 0.206722 0.536471 0.209176 0.548560 0.208631 0.550287 0.190453 0.555286 0.188998 0.555104 0.186453 0.547288 0.186362 0.544379
0 0.247811 0.545678 0.251639 0.540110 0.261848 0.534774 0.277740 0.550318 0.276696 0.558787 0.276348 0.562035 0.279016 0.567371 0.270664 0.573867 0.267532 0.573519 0.248391 0.549158 0.247811 0.545678
0 0.285397 0.566907 0.287833 0.563427 0.296533 0.559019 0.300593 0.560527 0.303957 0.567835 0.303493 0.576187 0.290965 0.580595 0.286905 0.575491 0.284585 0.569227 0.285397 0.566907
0 0.116188 0.623307 0.120778 0.612796 0.128032 0.614868 0.133658 0.620050 0.130697 0.630562 0.126700 0.630710 0.118409 0.626713 0.116188 0.623307
0 0.030064 0.939157 0.029368 0.937185 0.040388 0.927789 0.044216 0.928717 0.050713 0.935329 0.038068 0.947161 0.033312 0.944261 0.031572 0.941361 0.030064 0.939157
0 0.043056 0.958298 0.047464 0.954470 0.048508 0.951222 0.055701 0.946350 0.055817 0.944493 0.063705 0.938461 0.067997 0.938229 0.075421 0.945769 0.075189 0.949714 0.068925 0.952382 0.066489 0.954006 0.068577 0.956442 0.062777 0.961894 0.059297 0.963170 0.059181 0.965838 0.053149 0.970246 0.043056 0.960270 0.043056 0.958298
0 0.113364 0.947897 0.113364 0.944788 0.131574 0.932056 0.146232 0.937090 0.151118 0.948045 0.154523 0.952487 0.142678 0.962407 0.139273 0.962111 0.139273 0.964331 0.132759 0.966552 0.116177 0.951451 0.113364 0.947897
0 0.025464 0.958169 0.026646 0.956442 0.031099 0.952715 0.035553 0.953987 0.039916 0.958896 0.040098 0.961077 0.035099 0.966894 0.032281 0.967440 0.026282 0.961441 0.025464 0.958169
0 0.334259 0.882073 0.355800 0.893599 0.356178 0.900213 0.349753 0.903614 0.345596 0.912873 0.337849 0.917786 0.319709 0.906826 0.318764 0.903614 0.324811 0.893977 0.334259 0.882073
0 0.364888 0.919201 0.368484 0.916533 0.380316 0.921754 0.381824 0.924654 0.363843 0.965487 0.360943 0.966879 0.347719 0.960847 0.347603 0.956091 0.364888 0.919201
0 0.378758 0.969422 0.377870 0.962908 0.388233 0.943661 0.394452 0.945289 0.421842 0.954469 0.424211 0.958170 0.423026 0.986004 0.419325 0.987633 0.410886 0.989854 0.405112 0.988669 0.398449 0.984376 0.400522 0.980526 0.380683 0.971939 0.378758 0.969422
0 0.513345 0.999008 0.517578 0.989817 0.541563 0.998108 0.542478 0.999008 0.513345 0.999008
0 0.428324 0.860323 0.427744 0.858003 0.429252 0.848607 0.434240 0.845127 0.446653 0.848259 0.447929 0.851391 0.446073 0.864035 0.442244 0.864383 0.428324 0.860323
0 0.390080 0.873819 0.393171 0.870820 0.416166 0.875183 0.416348 0.884363 0.414076 0.891362 0.409077 0.892543 0.405896 0.893179 0.388808 0.888180 0.387354 0.886363 0.390080 0.873819
0 0.421973 0.908234 0.420581 0.901621 0.421973 0.895937 0.426033 0.895705 0.428817 0.892921 0.431949 0.877261 0.434733 0.876913 0.436241 0.869720 0.440069 0.869024 0.456658 0.874593 0.457470 0.872040 0.466518 0.874245 0.466518 0.892109 0.463850 0.894429 0.462458 0.894197 0.460718 0.900577 0.459094 0.900809 0.458514 0.907190 0.455962 0.907886 0.454106 0.921110 0.449466 0.922154 0.424293 0.909974 0.421973 0.908234
0 0.831247 0.551820 0.836538 0.532924 0.848064 0.530846 0.857512 0.536326 0.851087 0.556166 0.848442 0.557678 0.836160 0.556544 0.834459 0.554844 0.831247 0.551820
0 0.829273 0.623813 0.827761 0.621167 0.832674 0.599626 0.842122 0.600382 0.854404 0.603405 0.849491 0.627403 0.845145 0.628348 0.832863 0.626269 0.829273 0.623813
0 0.149266 0.507147 0.161939 0.503307 0.172691 0.522891 0.178067 0.521355 0.185363 0.537484 0.164627 0.549772 0.149266 0.507147
0 0.212628 0.506763 0.218772 0.476042 0.229908 0.477962 0.224148 0.509835 0.212628 0.506763
0 0.151064 0.974204 0.171033 0.956923 0.181017 0.969596 0.162201 0.985724 0.151064 0.974204
0 0.600401 0.868084 0.631277 0.869554 0.632257 0.916604 0.589618 0.914643 0.590599 0.897490 0.600401 0.898960 0.600401 0.868084
0 0.815786 0.593185 0.820901 0.579946 0.830830 0.583256 0.827520 0.593787 0.815786 0.593185
0 0.560576 0.935666 0.561172 0.935166 0.550641 0.953438 0.552266 0.959121 0.545873 0.971443 0.533130 0.961641 0.550284 0.929785 0.560576 0.935666
0 0.583611 0.940567 0.567437 0.969483 0.552734 0.958211 0.552588 0.958486 0.551167 0.953502 0.562266 0.934258 0.566457 0.930765 0.583611 0.940567
0 0.423057 0.724305 0.430076 0.709898 0.452980 0.721535 0.444484 0.737605 0.423057 0.724305
0 0.469420 0.742962 0.482904 0.743331 0.482720 0.770484 0.468866 0.770299 0.469420 0.742962
0 0.841496 0.590040 0.845740 0.576602 0.853048 0.578488 0.847862 0.593104 0.841496 0.590040
