0 0.240053 0.018122 0.266367 0.018869 0.265320 0.034717 0.244538 0.033970 0.243641 0.052360 0.238857 0.052061 0.240053 0.018122
0 0.265320 0.035694 0.264433 0.054481 0.243641 0.053336 0.244538 0.034946 0.265320 0.035694
0 0.000009 0.083891 0.023572 0.111508 0.017331 0.117015 0.000009 0.096866 0.000009 0.083891
0 0.043194 0.069183 0.061632 0.097248 0.041834 0.110134 0.023911 0.082956 0.036914 0.075693 0.035157 0.073584 0.043194 0.069183
0 0.062896 0.047631 0.078115 0.050739 0.070655 0.090524 0.058844 0.087727 0.059961 0.071899 0.056357 0.071564 0.057290 0.062550 0.061169 0.063597 0.062896 0.047631
0 0.051007 0.029066 0.060847 0.036798 0.043978 0.059524 0.034021 0.052496 0.051007 0.029066
0 0.039446 0.020452 0.051007 0.028090 0.034021 0.051519 0.022833 0.042818 0.039446 0.020452
0 0.039446 0.019475 0.022833 0.041841 0.015785 0.034794 0.018518 0.029831 0.029673 0.012779 0.039446 0.019475
0 0.119569 0.050515 0.137814 0.054278 0.134596 0.068127 0.130872 0.075004 0.120833 0.071993 0.121843 0.067862 0.116367 0.066163 0.119569 0.050515
0 0.138790 0.052325 0.182369 0.063931 0.180947 0.077412 0.135572 0.066173 0.138790 0.052325
0 0.183345 0.065884 0.196652 0.068426 0.192466 0.091600 0.181089 0.087207 0.181923 0.079365 0.183345 0.065884
0 0.135572 0.067150 0.180947 0.078389 0.180112 0.086230 0.166727 0.082864 0.146412 0.077464 0.131849 0.074028 0.135572 0.067150
0 0.164463 0.092461 0.158878 0.111292 0.126546 0.104381 0.130361 0.083965 0.164463 0.092461
0 0.166727 0.083841 0.164463 0.091484 0.130361 0.082988 0.131849 0.075004 0.149068 0.079180 0.166727 0.083841
0 0.167521 0.139808 0.173053 0.139969 0.172904 0.136979 0.185463 0.137427 0.214455 0.137210 0.214318 0.171516 0.182173 0.170170 0.182323 0.165535 0.167533 0.164566 0.167521 0.139808
0 0.169896 0.213814 0.200617 0.224309 0.191840 0.248925 0.160736 0.237285 0.169896 0.213814
0 0.734636 0.005717 0.744377 0.006237 0.744078 0.020889 0.734060 0.020590 0.734359 0.011171 0.734636 0.005717
0 0.718036 0.010819 0.734359 0.011171 0.734060 0.020590 0.717673 0.020253 0.718036 0.010819
0 0.734276 0.020734 0.734128 0.036586 0.716681 0.037207 0.717673 0.020253 0.734276 0.020734
0 0.734517 0.049389 0.731712 0.049364 0.731856 0.042407 0.740055 0.042551 0.740055 0.038164 0.750483 0.038380 0.750339 0.047153 0.743363 0.046866 0.737322 0.049886 0.734517 0.049389
0 0.750339 0.047153 0.763572 0.047225 0.763356 0.064773 0.737088 0.064559 0.737322 0.049886 0.743363 0.046866 0.750339 0.047153
0 0.731712 0.049364 0.737322 0.049886 0.737088 0.064559 0.724776 0.064784 0.724893 0.049321 0.731712 0.049364
0 0.687759 0.242933 0.703457 0.245326 0.699064 0.265958 0.684021 0.263416 0.687759 0.242933
0 0.673149 0.299201 0.686506 0.303781 0.683262 0.314848 0.669142 0.310650 0.673149 0.299201
0 0.669142 0.310650 0.683262 0.314848 0.691658 0.317710 0.683835 0.342135 0.660555 0.335456 0.669142 0.310650
0 0.703168 0.320667 0.714106 0.322047 0.712899 0.331235 0.716981 0.332003 0.714704 0.350393 0.697602 0.349278 0.698648 0.343597 0.695808 0.343264 0.697704 0.330718 0.701340 0.331188 0.703168 0.320667
0 0.674021 0.349439 0.684521 0.351453 0.680701 0.373519 0.668680 0.370847 0.674021 0.349439
0 0.754108 0.435084 0.767847 0.438328 0.763840 0.453975 0.749528 0.451304 0.754108 0.435084
0 0.754108 0.435084 0.749528 0.451304 0.730256 0.447106 0.734072 0.430696 0.754108 0.435084
0 0.734072 0.430696 0.730256 0.447106 0.709838 0.442526 0.711365 0.435848 0.707548 0.434703 0.708884 0.430314 0.712319 0.431268 0.713655 0.426689 0.734072 0.430696
0 0.589480 0.464588 0.603384 0.444105 0.626857 0.459056 0.613252 0.480735 0.589480 0.464588
0 0.603384 0.444105 0.589480 0.464588 0.553747 0.443657 0.566156 0.424071 0.603384 0.444105
0 0.746861 0.490786 0.761961 0.495421 0.753290 0.521137 0.737591 0.516652 0.746861 0.490786
0 0.738568 0.516652 0.754266 0.521137 0.744713 0.547818 0.723914 0.539804 0.732501 0.514234 0.738568 0.516652
0 0.731524 0.515211 0.722938 0.540780 0.743737 0.548795 0.740874 0.557382 0.702902 0.542498 0.715496 0.508914 0.731524 0.515211
0 0.805890 0.526421 0.807607 0.514018 0.791006 0.512110 0.792533 0.498371 0.824590 0.501615 0.820583 0.528330 0.805890 0.526421
0 0.805890 0.527398 0.820583 0.529306 0.817595 0.546505 0.811298 0.545741 0.810726 0.555855 0.768173 0.552611 0.768555 0.537727 0.774280 0.537918 0.774661 0.524561 0.805890 0.527398
0 0.851316 0.524295 0.879132 0.525821 0.878559 0.543376 0.876269 0.542995 0.875975 0.557878 0.846402 0.555177 0.847018 0.547266 0.842602 0.546811 0.844641 0.523136 0.849100 0.523561 0.848410 0.541086 0.850747 0.541173 0.851316 0.524295
0 0.958186 0.472288 0.982783 0.474236 0.979374 0.521969 0.953072 0.520265 0.958186 0.472288
0 0.910369 0.506428 0.910460 0.503950 0.923678 0.505143 0.923494 0.518085 0.910552 0.517902 0.910460 0.514873 0.903301 0.514964 0.903209 0.506153 0.910369 0.506428
0 0.902673 0.529941 0.943938 0.531436 0.943789 0.538613 0.958142 0.538762 0.956497 0.562833 0.900281 0.561039 0.902673 0.529941
0 0.580840 0.651527 0.600323 0.649091 0.602758 0.671497 0.583266 0.674797 0.580840 0.651527
0 0.575690 0.592907 0.591231 0.591353 0.600323 0.648115 0.580840 0.650550 0.575690 0.592907
0 0.575690 0.591931 0.571610 0.587701 0.568444 0.592085 0.543655 0.573499 0.548211 0.568943 0.539098 0.562867 0.556818 0.544640 0.561881 0.545653 0.567450 0.552741 0.595297 0.576537 0.592160 0.584190 0.591374 0.586196 0.591231 0.590377 0.575690 0.591931
0 0.601852 0.588943 0.628207 0.596011 0.624319 0.613355 0.598155 0.607823 0.601852 0.588943
0 0.601736 0.610240 0.624521 0.614862 0.621232 0.631473 0.598980 0.625069 0.601736 0.610240
0 0.609883 0.570381 0.601852 0.588943 0.593076 0.585479 0.595400 0.577217 0.599388 0.566183 0.609883 0.570381
0 0.503644 0.601495 0.508968 0.595804 0.517045 0.603606 0.511354 0.608838 0.503644 0.601495
0 0.202214 0.430633 0.214878 0.412124 0.236797 0.427711 0.225350 0.445002 0.202214 0.430633
0 0.161616 0.430326 0.152446 0.420909 0.161967 0.412578 0.170694 0.421702 0.217181 0.465412 0.197394 0.486645 0.151802 0.440301 0.161616 0.430326
0 0.154689 0.528882 0.161368 0.532133 0.164979 0.525942 0.193821 0.537510 0.192450 0.542231 0.211702 0.549448 0.200488 0.575511 0.183517 0.567773 0.180826 0.572997 0.148663 0.556745 0.152528 0.550408 0.145405 0.547376 0.154689 0.528882
0 0.265762 0.529603 0.270097 0.525417 0.270247 0.521380 0.272340 0.516745 0.275629 0.514802 0.281759 0.514951 0.287889 0.518540 0.291627 0.522576 0.291477 0.527809 0.289384 0.531098 0.286992 0.532893 0.284600 0.532893 0.281460 0.532743 0.275031 0.538724 0.265762 0.529603
0 0.126154 0.397451 0.135877 0.390071 0.144546 0.400263 0.135408 0.408111 0.126154 0.397451
0 0.006033 0.024055 0.017199 0.023581 0.017402 0.032717 0.006303 0.033259 0.006033 0.024055
0 0.614814 0.653810 0.625286 0.649841 0.623743 0.646534 0.631349 0.642786 0.636640 0.652928 0.618562 0.660865 0.614814 0.653810
