0 0.000008 0.884467 0.040445 0.904550 0.031439 0.921243 0.009034 0.910261 0.000008 0.905980 0.000008 0.884467
0 0.000008 0.913900 0.009693 0.922781 0.000008 0.932644 0.000008 0.913900
0 0.000008 0.932658 0.002005 0.933984 0.008815 0.928492 0.020896 0.942111 0.004202 0.953753 0.000008 0.946078 0.000008 0.932658
0 0.024850 0.924978 0.062850 0.931128 0.063949 0.941672 0.059555 0.951995 0.045937 0.957926 0.034295 0.960123 0.021335 0.936839 0.024850 0.924978
0 0.067683 0.922561 0.094610 0.928125 0.085307 0.965336 0.057757 0.966052 0.060160 0.952539 0.064827 0.944307 0.067683 0.922561
0 0.089678 0.954069 0.103519 0.956816 0.096863 0.977631 0.092953 0.981329 0.083338 0.977420 0.089678 0.954069
0 0.104470 0.932198 0.127081 0.936002 0.117255 0.963895 0.103202 0.960831 0.104576 0.956499 0.100138 0.955126 0.098130 0.950266 0.104470 0.932198
0 0.086255 0.886396 0.087116 0.885364 0.093312 0.886224 0.096410 0.875037 0.143739 0.883471 0.135822 0.909803 0.118956 0.907393 0.119816 0.904295 0.106908 0.902058 0.101745 0.916687 0.079715 0.911352 0.086255 0.886396
0 0.153233 0.897896 0.194538 0.909427 0.186277 0.934727 0.178016 0.935071 0.171993 0.944709 0.141013 0.932662 0.153233 0.897896
0 0.083331 0.813712 0.111785 0.800902 0.117583 0.814117 0.087916 0.825040 0.083331 0.813712
0 0.129180 0.790518 0.151835 0.788765 0.157094 0.792676 0.153723 0.804138 0.127562 0.807240 0.129180 0.790518
0 0.165994 0.789305 0.186222 0.794699 0.177187 0.818028 0.166534 0.818297 0.166129 0.814387 0.157364 0.811150 0.165994 0.789305
0 0.091019 0.849038 0.107713 0.860397 0.098591 0.870895 0.087232 0.856438 0.091019 0.849038
0 0.098935 0.827180 0.108746 0.829934 0.113737 0.837162 0.141618 0.843358 0.143339 0.855061 0.139381 0.863323 0.104099 0.851275 0.090502 0.842842 0.098935 0.827180
0 0.145921 0.828213 0.161754 0.827696 0.169843 0.832171 0.168639 0.849210 0.155214 0.875026 0.146437 0.870895 0.136283 0.869346 0.145232 0.855406 0.143339 0.843874 0.145921 0.828213
0 0.241037 0.816980 0.248588 0.827363 0.222697 0.839365 0.216359 0.828712 0.241037 0.816980
0 0.203644 0.770846 0.231827 0.775431 0.224950 0.804019 0.196901 0.798760 0.203644 0.770846
0 0.097721 0.638344 0.105982 0.641442 0.109252 0.637312 0.123193 0.647982 0.116653 0.657792 0.134208 0.666914 0.116653 0.691009 0.084813 0.671905 0.097721 0.652801 0.089804 0.648843 0.097721 0.638344
0 0.241678 0.705411 0.255516 0.705411 0.273088 0.690035 0.290441 0.710463 0.272649 0.725400 0.264083 0.724082 0.261447 0.735944 0.238822 0.734186 0.241678 0.705411
0 0.180352 0.616976 0.207265 0.616976 0.209788 0.639684 0.200537 0.640805 0.199415 0.648655 0.190444 0.648935 0.186239 0.655383 0.180632 0.654262 0.178109 0.649215 0.180352 0.616976
0 0.255038 0.527281 0.262327 0.527001 0.288679 0.532327 0.306061 0.544382 0.299893 0.555315 0.278026 0.549428 0.269055 0.602413 0.242703 0.599049 0.255038 0.527281
0 0.146376 0.419392 0.167838 0.398843 0.197977 0.426699 0.202544 0.416196 0.236792 0.418479 0.231313 0.450901 0.234966 0.456381 0.227659 0.470537 0.204370 0.470080 0.197521 0.473277 0.146376 0.419392
3 0.179340 0.345905 0.188592 0.352072 0.164762 0.379266 0.153549 0.371696 0.179340 0.345905
0 0.188031 0.295443 0.225317 0.294321 0.223354 0.324038 0.186910 0.324879 0.188031 0.295443
0 0.221953 0.327682 0.245501 0.327682 0.244100 0.361324 0.219429 0.359641 0.221953 0.327682
0 0.427580 0.196701 0.444401 0.203710 0.438233 0.224455 0.420011 0.219970 0.427580 0.196701
0 0.279278 0.243519 0.303388 0.247443 0.300024 0.261461 0.278437 0.258937 0.279278 0.243519
0 0.236163 0.161923 0.262649 0.162379 0.261736 0.199825 0.233880 0.202108 0.236163 0.161923
0 0.196435 0.203478 0.220637 0.202108 0.224290 0.227224 0.198718 0.232704 0.196435 0.203478
0 0.290048 0.178819 0.380921 0.198911 0.380008 0.208044 0.361742 0.208501 0.359459 0.216264 0.285482 0.205305 0.290048 0.178819
0 0.103622 0.081504 0.143161 0.056464 0.153265 0.067227 0.115264 0.095343 0.103622 0.081504
0 0.202248 0.040648 0.222676 0.051631 0.222017 0.061955 0.212353 0.062834 0.198734 0.055585 0.202248 0.040648
0 0.229486 0.030544 0.235636 0.037134 0.225752 0.046799 0.219162 0.039989 0.229486 0.030544
0 0.956248 0.131241 0.988092 0.115497 0.997752 0.134103 0.969486 0.152351 0.956248 0.131241
0 0.895065 0.185268 0.919753 0.182406 0.926909 0.192782 0.927982 0.209240 0.896138 0.213534 0.895065 0.185268
4 0.999008 0.209535 0.986425 0.216050 0.982910 0.205507 0.986645 0.204189 0.983350 0.197160 0.999008 0.186831 0.999008 0.209535
0 0.937441 0.222860 0.970829 0.216709 0.975662 0.221542 0.975003 0.225935 0.968633 0.228351 0.971928 0.244166 0.946887 0.250976 0.937441 0.222860
0 0.937661 0.254930 0.958089 0.257346 0.958748 0.268329 0.937661 0.266352 0.937661 0.254930
0 0.628287 0.290728 0.662278 0.293591 0.660131 0.308618 0.625782 0.305398 0.628287 0.290728
0 0.689470 0.249939 0.734553 0.248866 0.735268 0.263893 0.689113 0.262104 0.689470 0.249939
0 0.786076 0.275701 0.803608 0.273912 0.805755 0.294306 0.798241 0.297169 0.798241 0.308618 0.780709 0.311838 0.786076 0.275701
0 0.772837 0.221673 0.805397 0.220600 0.808617 0.237774 0.774984 0.238132 0.772837 0.221673
0 0.678244 0.391863 0.727024 0.396909 0.726463 0.410646 0.676562 0.407001 0.678244 0.391863
0 0.739359 0.406721 0.775243 0.409805 0.774402 0.432232 0.737677 0.429989 0.739359 0.406721
0 0.715822 0.513274 0.734785 0.520430 0.731565 0.530806 0.760189 0.544045 0.758042 0.552274 0.744803 0.567302 0.717969 0.564081 0.725125 0.548338 0.708666 0.540109 0.715822 0.513274
0 0.763947 0.555341 0.766701 0.542088 0.777200 0.545186 0.778060 0.555857 0.780986 0.557750 0.778576 0.564634 0.774446 0.575477 0.760333 0.573068 0.763947 0.555341
0 0.732743 0.611111 0.741714 0.611391 0.751245 0.615316 0.759375 0.624848 0.734985 0.656527 0.712558 0.639426 0.732743 0.611111
0 0.794418 0.615036 0.834788 0.621204 0.831984 0.638305 0.813201 0.637183 0.809276 0.640547 0.793297 0.641669 0.794418 0.615036
0 0.915590 0.569443 0.926243 0.577293 0.915870 0.588226 0.920916 0.592711 0.915870 0.599720 0.923440 0.606168 0.912226 0.616541 0.892882 0.598318 0.915590 0.569443
0 0.947784 0.625078 0.979628 0.646188 0.971041 0.662647 0.937051 0.638317 0.947784 0.625078
0 0.839877 0.659934 0.866510 0.660214 0.865108 0.690491 0.838195 0.688529 0.839877 0.659934
0 0.775679 0.644795 0.822496 0.652364 0.819132 0.666101 0.772875 0.658251 0.775679 0.644795
0 0.745962 0.681800 0.758017 0.678717 0.760260 0.697780 0.770632 0.700303 0.777080 0.719086 0.749607 0.725814 0.740075 0.689089 0.745962 0.681800
0 0.756663 0.726516 0.782599 0.727074 0.783039 0.752993 0.781940 0.761780 0.776888 0.774739 0.760194 0.799341 0.741524 0.809445 0.714286 0.790555 0.756663 0.750458 0.756663 0.726516
0 0.800611 0.738057 0.847398 0.747722 0.853109 0.763976 0.808080 0.799121 0.799293 0.787260 0.825872 0.767930 0.794241 0.757387 0.800611 0.738057
4 0.999008 0.977485 0.979044 0.974417 0.991567 0.942931 0.999008 0.945773 0.999008 0.977485
4 0.833459 0.999004 0.832404 0.995967 0.855755 0.988677 0.857551 0.999004 0.833459 0.999004
0 0.825790 0.959893 0.842704 0.951986 0.849074 0.965385 0.848415 0.973732 0.851490 0.987350 0.838091 0.991743 0.825790 0.959893
0 0.808876 0.869132 0.831281 0.869791 0.844241 0.944913 0.817882 0.947988 0.817443 0.918994 0.802726 0.922069 0.801188 0.906254 0.812171 0.905814 0.808876 0.869132
0 0.859077 0.880706 0.879822 0.884070 0.877299 0.913226 0.852909 0.912665 0.859077 0.880706
0 0.956917 0.882668 0.983269 0.885192 0.987474 0.893041 0.984390 0.902012 0.955515 0.903414 0.956917 0.882668
0 0.999008 0.874789 0.947976 0.847856 0.967745 0.827867 0.999008 0.844473 0.999008 0.874789
0 0.952369 0.784155 0.981363 0.806780 0.965109 0.825670 0.952369 0.820838 0.958739 0.811393 0.941166 0.797554 0.952369 0.784155
0 0.930403 0.805901 0.951929 0.817323 0.940068 0.839948 0.929964 0.834676 0.936773 0.825011 0.924692 0.818641 0.930403 0.805901
0 0.886924 0.772301 0.911314 0.787160 0.903464 0.803700 0.878233 0.787440 0.886924 0.772301
0 0.928695 0.764452 0.942713 0.772862 0.928415 0.793047 0.913557 0.783795 0.928695 0.764452
0 0.847996 0.814586 0.880285 0.819418 0.875233 0.841823 0.849094 0.839407 0.847996 0.814586
0 0.877430 0.841384 0.907083 0.845338 0.902251 0.875650 0.867325 0.871037 0.873695 0.844020 0.877430 0.841384
0 0.745377 0.819090 0.764048 0.810303 0.791285 0.808546 0.794361 0.806569 0.829066 0.815136 0.824014 0.836003 0.794800 0.832269 0.766903 0.834246 0.764927 0.826997 0.747134 0.830072 0.745377 0.819090
0 0.681727 0.784299 0.724560 0.812415 0.709623 0.823837 0.672281 0.797698 0.681727 0.784299
0 0.638889 0.738601 0.654265 0.751560 0.676450 0.770451 0.676450 0.779676 0.665687 0.795931 0.660854 0.791977 0.669860 0.775503 0.647455 0.773306 0.625709 0.755075 0.638889 0.738601
0 0.580139 0.940331 0.600324 0.948460 0.589110 0.991353 0.562477 0.986027 0.580139 0.940331
0 0.512296 0.919865 0.534723 0.940611 0.513978 0.970327 0.487345 0.947059 0.512296 0.919865
0 0.433228 0.874728 0.463283 0.864351 0.471155 0.877232 0.442531 0.895480 0.433228 0.874728
0 0.552732 0.816764 0.569191 0.831076 0.557026 0.846462 0.539852 0.832150 0.552732 0.816764
0 0.585650 0.806030 0.598173 0.816407 0.582072 0.832150 0.572769 0.825709 0.585650 0.806030
0 0.568833 0.836801 0.600677 0.859700 0.594595 0.870434 0.562393 0.851829 0.568833 0.836801
0 0.599246 0.823920 0.613916 0.831076 0.606402 0.848608 0.591375 0.844673 0.599246 0.823920
0 0.668301 0.808893 0.691200 0.817122 0.691200 0.825352 0.690485 0.831792 0.661861 0.823563 0.668301 0.808893
0 0.478430 0.781444 0.500016 0.785649 0.483196 0.829943 0.470020 0.823215 0.471702 0.817608 0.466095 0.816487 0.478430 0.781444
0 0.324881 0.561913 0.346344 0.537253 0.361870 0.551866 0.380136 0.535883 0.390182 0.547756 0.349540 0.587942 0.324881 0.561913
0 0.482426 0.571502 0.506628 0.559629 0.522154 0.600728 0.498408 0.608034 0.495669 0.600728 0.472836 0.608948 0.465073 0.588398 0.484252 0.580179 0.482426 0.571502
0 0.480484 0.741934 0.513401 0.747301 0.512328 0.764118 0.478337 0.760540 0.480484 0.741934
0 0.523062 0.691485 0.544529 0.697210 0.532007 0.724760 0.516621 0.720824 0.523062 0.691485
0 0.406777 0.771632 0.456511 0.779503 0.456153 0.795604 0.406420 0.790953 0.406777 0.771632
0 0.366704 0.711164 0.386383 0.709733 0.392465 0.757677 0.401410 0.757677 0.411786 0.768769 0.389245 0.773778 0.387098 0.763044 0.373860 0.764476 0.366704 0.711164
0 0.557613 0.713747 0.574429 0.711242 0.577649 0.721618 0.560475 0.724123 0.557613 0.713747
0 0.538292 0.665802 0.567273 0.671884 0.557971 0.692637 0.530420 0.682618 0.538292 0.665802
0 0.517540 0.628233 0.543659 0.647912 0.516466 0.679040 0.484622 0.656141 0.517540 0.628233
0 0.493209 0.669380 0.513521 0.680028 0.508595 0.693710 0.489989 0.684050 0.493209 0.669380
0 0.460396 0.623793 0.463911 0.639828 0.446558 0.649273 0.419980 0.690788 0.390546 0.687054 0.392083 0.677609 0.420858 0.630163 0.432280 0.640267 0.437552 0.634776 0.460396 0.623793
0 0.333547 0.660541 0.367154 0.673281 0.364738 0.694587 0.346507 0.691512 0.348044 0.677893 0.331060 0.673217 0.333547 0.660541
0 0.031873 0.999001 0.035723 0.990140 0.070951 0.999002 0.031873 0.999001
