0 0.525752 0.460422 0.540127 0.464170 0.537489 0.466543 0.532920 0.470110 0.524371 0.466373 0.520996 0.480996 0.503506 0.475273 0.499385 0.468508 0.513919 0.451223 0.527910 0.448701 0.525752 0.460422
0 0.545739 0.452401 0.544655 0.463292 0.541418 0.463008 0.540127 0.464170 0.525752 0.460422 0.527910 0.448701 0.542203 0.446116 0.545739 0.452401
0 0.644763 0.440986 0.675827 0.459158 0.668421 0.469057 0.637157 0.451823 0.641422 0.445196 0.644763 0.440986
0 0.738197 0.410027 0.736716 0.404105 0.773730 0.395814 0.779652 0.394481 0.782465 0.394629 0.783205 0.404401 0.778468 0.404845 0.777283 0.407066 0.768844 0.409879 0.771953 0.414469 0.771509 0.429866 0.760997 0.427645 0.760997 0.424388 0.755963 0.423352 0.743083 0.425573 0.742342 0.417430 0.738197 0.410027
0 0.685851 0.416345 0.720194 0.409629 0.730402 0.408237 0.733418 0.409977 0.733070 0.412761 0.730982 0.413457 0.733186 0.423201 0.733070 0.423317 0.733650 0.423665 0.730518 0.424361 0.731098 0.431321 0.734578 0.434222 0.721122 0.435846 0.722398 0.444314 0.710101 0.445010 0.706737 0.442922 0.687364 0.429581 0.686436 0.416821 0.685851 0.416345
0 0.862176 0.397793 0.862176 0.398548 0.859719 0.372661 0.887118 0.372283 0.891086 0.389101 0.887874 0.405729 0.889953 0.405162 0.893732 0.424058 0.891842 0.426703 0.894677 0.431427 0.889764 0.432939 0.883339 0.434451 0.881827 0.425003 0.879196 0.419663 0.877657 0.408353 0.874269 0.408941 0.873135 0.398360 0.862176 0.397793
0 0.900416 0.396908 0.901339 0.382749 0.901955 0.372900 0.931810 0.379056 0.939505 0.373207 0.949355 0.378440 0.945969 0.391675 0.941352 0.391059 0.936120 0.394445 0.927194 0.402448 0.902570 0.396908 0.900416 0.396908
0 0.883795 0.319651 0.882256 0.319036 0.881025 0.302107 0.896106 0.301799 0.897030 0.319036 0.883795 0.319651
0 0.908660 0.418295 0.908044 0.418603 0.909276 0.423220 0.903120 0.424451 0.899734 0.426605 0.895733 0.426605 0.894194 0.408138 0.908660 0.406907 0.912354 0.413986 0.908660 0.418295
0 0.970765 0.386243 0.970524 0.391548 0.968836 0.393719 0.965701 0.399748 0.960395 0.408671 0.952236 0.414238 0.941326 0.401654 0.939893 0.400107 0.945969 0.391675 0.951996 0.391687 0.955855 0.381559 0.955813 0.381178 0.970765 0.386243
0 0.929960 0.416430 0.919688 0.422031 0.916063 0.412428 0.924503 0.407604 0.924893 0.407168 0.929960 0.416430
0 0.902870 0.457951 0.901282 0.443794 0.898939 0.438214 0.907106 0.434004 0.910975 0.440692 0.913798 0.448479 0.908983 0.451718 0.905609 0.452278 0.905800 0.457413 0.902870 0.457951
0 0.902027 0.463053 0.908539 0.461365 0.908539 0.454854 0.919632 0.451236 0.921321 0.450513 0.925179 0.457265 0.918668 0.433631 0.921079 0.429772 0.923900 0.429143 0.924536 0.425871 0.921446 0.424598 0.932080 0.416963 0.936079 0.421599 0.935988 0.427779 0.925718 0.431142 0.935460 0.462846 0.928846 0.466436 0.930736 0.474750 0.928090 0.476451 0.927749 0.478501 0.906014 0.478654 0.902203 0.463413 0.902027 0.463053
0 0.949254 0.438659 0.939806 0.424298 0.966449 0.406725 0.974952 0.419763 0.949065 0.437714 0.949254 0.438659
0 0.961266 0.431981 0.961634 0.430723 0.961653 0.430684 0.973651 0.424322 0.981559 0.437410 0.967919 0.443143 0.961266 0.431981
0 0.938260 0.421876 0.938372 0.421764 0.930839 0.414901 0.926150 0.406277 0.935168 0.398784 0.941547 0.402933 0.945291 0.409433 0.947690 0.410772 0.948750 0.416017 0.938260 0.421876
0 0.931921 0.331422 0.949138 0.330048 0.950046 0.320890 0.957832 0.321799 0.956816 0.332014 0.955357 0.356739 0.941906 0.355681 0.941927 0.345656 0.934290 0.345043 0.931921 0.331422
0 0.905919 0.356821 0.905611 0.340508 0.921308 0.343278 0.922232 0.359283 0.905919 0.356821
0 0.929933 0.320609 0.928713 0.312988 0.928848 0.311631 0.928842 0.301976 0.942203 0.302794 0.942294 0.321336 0.930023 0.320518 0.929933 0.320609
0 0.910268 0.271807 0.909456 0.263687 0.911196 0.261018 0.911776 0.249302 0.927320 0.249766 0.926856 0.267747 0.924536 0.268211 0.924304 0.272619 0.910384 0.271575 0.910268 0.271807
0 0.943367 0.189772 0.934040 0.155275 0.933003 0.146392 0.958913 0.139729 0.962614 0.143283 0.963354 0.150981 0.964391 0.151574 0.966463 0.191696 0.945588 0.197174 0.942923 0.187995 0.943367 0.189772
0 0.924161 0.192176 0.927161 0.191449 0.924889 0.185995 0.934796 0.182087 0.942976 0.206355 0.931342 0.210809 0.924343 0.192176 0.924252 0.192176 0.924161 0.192176
0 0.870893 0.237013 0.870802 0.237831 0.870802 0.236377 0.880164 0.236013 0.880436 0.241921 0.888526 0.241830 0.888889 0.251647 0.877982 0.251737 0.877619 0.247193 0.874892 0.247375 0.875346 0.242648 0.870893 0.242830 0.870893 0.237013
0 0.897011 0.242149 0.897011 0.241908 0.896529 0.227921 0.913239 0.229049 0.916304 0.244561 0.897011 0.242149
0 0.931653 0.286356 0.932642 0.286324 0.932824 0.282117 0.934649 0.282026 0.934584 0.277202 0.942572 0.277118 0.942117 0.283117 0.944594 0.283175 0.944147 0.296657 0.934846 0.299205 0.932937 0.295297 0.931743 0.294537 0.931653 0.286356
0 0.925780 0.243760 0.926021 0.243278 0.925780 0.245207 0.916304 0.244561 0.913239 0.229049 0.911310 0.212168 0.928191 0.212650 0.926744 0.228808 0.928915 0.229531 0.925780 0.243760
0 0.966463 0.191696 0.980377 0.191840 0.984534 0.217161 0.970551 0.218861 0.966463 0.191696
0 0.982963 0.392600 0.982777 0.396328 0.982670 0.396328 0.982542 0.411512 0.985543 0.412340 0.986221 0.414795 0.986921 0.421619 0.980243 0.423024 0.979788 0.419116 0.977425 0.418934 0.977516 0.414026 0.972426 0.412572 0.972898 0.403574 0.972409 0.393377 0.978062 0.391303 0.978076 0.391270 0.982963 0.392600
0 0.989826 0.388679 0.989573 0.396557 0.982670 0.396328 0.982963 0.392600 0.978062 0.391303 0.979061 0.388304 0.989826 0.388679
0 0.663539 0.480357 0.660815 0.475857 0.673181 0.471090 0.678361 0.480253 0.663539 0.480357
0 0.656494 0.469302 0.659623 0.464385 0.668421 0.469057 0.665136 0.473920 0.656494 0.469302
0 0.999006 0.377616 0.986019 0.381325 0.984117 0.357746 0.999006 0.353825 0.999006 0.377616
0 0.999006 0.422200 0.995793 0.422351 0.994513 0.418143 0.989756 0.418143 0.989573 0.396557 0.989826 0.388679 0.999006 0.388547 0.999006 0.422200
