0 0.807012 0.276404 0.815334 0.262056 0.826813 0.270091 0.820499 0.284439 0.807012 0.276404
0 0.746411 0.467311 0.765351 0.458989 0.773959 0.473624 0.769655 0.478790 0.782568 0.498016 0.771377 0.504042 0.765064 0.492564 0.755594 0.496294 0.748420 0.484242 0.751863 0.481946 0.746411 0.467311
0 0.729088 0.475146 0.739132 0.475720 0.742289 0.503555 0.729375 0.502981 0.729088 0.475146
3 0.741428 0.528808 0.748315 0.519912 0.770698 0.538851 0.764958 0.550043 0.741428 0.528808
3 0.727795 0.559305 0.774113 0.559755 0.769166 0.568973 0.755226 0.568749 0.753877 0.576168 0.729594 0.575269 0.727795 0.559305
0 0.699016 0.561104 0.718352 0.548513 0.727346 0.571896 0.709134 0.578417 0.699016 0.561104
0 0.681928 0.577517 0.695643 0.583363 0.692495 0.591233 0.695193 0.592582 0.685525 0.609895 0.669561 0.601575 0.681928 0.577517
0 0.327551 0.585087 0.346225 0.576102 0.350629 0.585439 0.336183 0.594072 0.327551 0.585087
0 0.368422 0.620321 0.391676 0.606404 0.409646 0.628072 0.386391 0.643928 0.368422 0.620321
0 0.385327 0.666713 0.406238 0.641981 0.421527 0.665139 0.424899 0.682677 0.429171 0.698641 0.410959 0.704037 0.407137 0.686050 0.410285 0.684026 0.408936 0.681778 0.400167 0.686274 0.385327 0.666713
0 0.340946 0.720148 0.352221 0.710811 0.359620 0.719620 0.349050 0.727195 0.340946 0.720148
0 0.380936 0.744988 0.402077 0.734770 0.396616 0.728428 0.403838 0.722614 0.425331 0.753796 0.405248 0.767714 0.379175 0.776522 0.361910 0.763133 0.379175 0.747278 0.380936 0.744988
0 0.438383 0.779803 0.452997 0.768786 0.473458 0.789696 0.481552 0.784300 0.494143 0.802737 0.458843 0.824546 0.450299 0.824546 0.445128 0.827469 0.435684 0.819825 0.430963 0.823647 0.421519 0.811730 0.435010 0.801612 0.443554 0.809932 0.458393 0.800488 0.438383 0.779803
0 0.504443 0.806708 0.531199 0.807607 0.530075 0.825819 0.502419 0.824020 0.504443 0.806708
0 0.487805 0.872811 0.499271 0.865166 0.497473 0.861794 0.519957 0.846729 0.541766 0.861569 0.532323 0.876408 0.521894 0.868723 0.499365 0.883768 0.487805 0.872811
0 0.458431 0.843710 0.476868 0.836515 0.482264 0.848207 0.464727 0.854052 0.458431 0.843710
0 0.377536 0.815030 0.401354 0.798960 0.412832 0.816465 0.387867 0.832822 0.377536 0.815030
0 0.434690 0.886949 0.452131 0.884835 0.452835 0.898048 0.435042 0.901571 0.434690 0.886949
0 0.460818 0.751076 0.469290 0.752582 0.469666 0.764255 0.461006 0.764066 0.460818 0.751076
