0 0.412587 0.999008 0.411670 0.991872 0.414919 0.989552 0.436727 0.986768 0.438873 0.999008 0.412587 0.999008
0 0.572706 0.999008 0.566249 0.994396 0.568618 0.986401 0.576465 0.978703 0.588754 0.988030 0.578027 0.999008 0.572706 0.999008
0 0.499792 0.952753 0.494156 0.940391 0.483704 0.942664 0.478614 0.931848 0.509517 0.918486 0.515880 0.924394 0.524969 0.935302 0.532149 0.953571 0.509517 0.962569 0.504155 0.951571 0.499792 0.952753
0 0.562195 0.939097 0.552682 0.932949 0.566023 0.920884 0.573331 0.928888 0.562195 0.939097
0 0.422227 0.946158 0.414232 0.935202 0.421339 0.930909 0.417489 0.924839 0.429630 0.916992 0.441178 0.919953 0.458648 0.950008 0.439401 0.961852 0.425632 0.946158 0.422227 0.946158
0 0.765701 0.879487 0.765428 0.871943 0.761702 0.866399 0.761065 0.845766 0.750249 0.845312 0.750340 0.839222 0.763156 0.821680 0.779880 0.821680 0.780698 0.832132 0.783977 0.832696 0.782237 0.819588 0.809497 0.818428 0.813558 0.846037 0.819358 0.846037 0.819010 0.859725 0.801957 0.861233 0.802189 0.877242 0.765701 0.879487
0 0.799666 0.897806 0.799962 0.878855 0.811807 0.878855 0.811511 0.896770 0.799666 0.897806
0 0.378550 0.832570 0.372126 0.822555 0.366646 0.790999 0.376661 0.787220 0.398580 0.784952 0.403304 0.816508 0.394045 0.818398 0.394612 0.834270 0.378550 0.832570
0 0.403831 0.864287 0.371499 0.865426 0.371570 0.853747 0.403262 0.852678 0.403831 0.864287
0 0.833887 0.731943 0.831103 0.714891 0.862192 0.716747 0.863584 0.728811 0.861728 0.734495 0.856044 0.748184 0.849664 0.748184 0.845720 0.733219 0.833887 0.731943
0 0.827971 0.753868 0.816487 0.739484 0.821823 0.736004 0.836904 0.745748 0.827971 0.753868
0 0.762615 0.665737 0.763371 0.649487 0.765638 0.648542 0.765638 0.638149 0.772252 0.637960 0.773008 0.634937 0.793982 0.634559 0.807587 0.637960 0.806076 0.658179 0.794927 0.658179 0.792282 0.662525 0.788502 0.664036 0.788313 0.668005 0.762615 0.665737
0 0.786046 0.633992 0.751655 0.623033 0.758080 0.606593 0.795683 0.619253 0.795305 0.626623 0.786046 0.633992
0 0.638853 0.692835 0.611315 0.691799 0.608799 0.682767 0.600063 0.683360 0.598879 0.668702 0.634264 0.669591 0.641222 0.683656 0.638853 0.692835
0 0.548583 0.683949 0.497215 0.680090 0.496491 0.646568 0.526878 0.649221 0.524949 0.638127 0.543518 0.637886 0.544724 0.650909 0.547377 0.651150 0.548583 0.683949
0 0.481502 0.677651 0.453348 0.674439 0.453536 0.644962 0.480746 0.648363 0.481502 0.677651
0 0.453891 0.743532 0.425574 0.743840 0.421573 0.709675 0.451121 0.710290 0.453891 0.743532
0 0.328582 0.456749 0.330090 0.407680 0.352826 0.408028 0.353522 0.422064 0.356539 0.422876 0.356655 0.432156 0.344590 0.445961 0.328582 0.456749
0 0.339022 0.401763 0.330090 0.372298 0.341226 0.369398 0.347954 0.398167 0.339022 0.401763
0 0.312457 0.400023 0.308281 0.366730 0.320113 0.364410 0.325913 0.398631 0.312457 0.400023
0 0.479509 0.892618 0.494357 0.877992 0.513636 0.899487 0.499232 0.911897 0.479509 0.892618
0 0.768103 0.918770 0.781678 0.925275 0.776305 0.939133 0.761881 0.933477 0.768103 0.918770
0 0.797311 0.795268 0.810607 0.782416 0.812379 0.786183 0.826119 0.774881 0.854262 0.802581 0.817698 0.820309 0.797311 0.795268
0 0.717588 0.904984 0.724658 0.896782 0.746153 0.917428 0.738234 0.924781 0.717588 0.904984
0 0.295396 0.443161 0.304716 0.434332 0.313055 0.435803 0.315508 0.444142 0.304226 0.454443 0.295396 0.443161
0 0.527734 0.991809 0.539638 0.982577 0.547170 0.990594 0.535508 0.998854 0.527734 0.991809
0 0.534610 0.999008 0.539881 0.997882 0.547170 0.990594 0.566249 0.994396 0.572706 0.999008 0.534610 0.999008
0 0.585638 0.774867 0.587523 0.781842 0.557927 0.798618 0.553969 0.755262 0.558681 0.755451 0.559058 0.752246 0.588465 0.752058 0.588277 0.746403 0.600529 0.746403 0.602603 0.752812 0.600718 0.756393 0.596571 0.757713 0.596571 0.766007 0.567164 0.766761 0.567353 0.772039 0.569992 0.772605 0.569992 0.775809 0.584695 0.772416 0.585638 0.774867
0 0.547937 0.755262 0.549068 0.728306 0.560001 0.728683 0.559058 0.752246 0.556608 0.751681 0.556419 0.754885 0.547937 0.755262
