3 0.452261 0.331262 0.451883 0.318035 0.460386 0.317468 0.460575 0.311044 0.479093 0.312367 0.485140 0.318413 0.484195 0.331829 0.452261 0.331262
0 0.477392 0.384927 0.480605 0.373778 0.491375 0.376990 0.488352 0.387572 0.477392 0.384927
0 0.392139 0.534139 0.400075 0.505606 0.407067 0.495213 0.422372 0.500504 0.421050 0.507685 0.427096 0.509196 0.424451 0.517888 0.425396 0.519022 0.423506 0.528659 0.417270 0.527903 0.415759 0.538296 0.392139 0.534139
0 0.035397 0.500480 0.035001 0.488770 0.055615 0.488063 0.056491 0.503558 0.048365 0.504125 0.047904 0.500032 0.035397 0.500480
0 0.000012 0.532503 0.012545 0.532851 0.012429 0.548279 0.000012 0.548163 0.000012 0.532503
0 0.336262 0.714965 0.336114 0.697939 0.342480 0.697642 0.342925 0.684772 0.355509 0.685058 0.354917 0.701640 0.363313 0.701754 0.363222 0.692210 0.378946 0.692029 0.379128 0.721841 0.357336 0.722114 0.356958 0.717957 0.336739 0.717390 0.336262 0.714965
0 0.312269 0.691894 0.304973 0.658767 0.307545 0.658259 0.306034 0.648245 0.318883 0.646166 0.332110 0.685847 0.312269 0.691894
0 0.284226 0.656409 0.284110 0.650957 0.282833 0.650377 0.283065 0.644693 0.304178 0.647361 0.304178 0.664993 0.298030 0.665109 0.297914 0.661281 0.296754 0.661049 0.296058 0.657569 0.284226 0.656409
0 0.277335 0.621860 0.265194 0.602613 0.283997 0.593730 0.292436 0.616382 0.277335 0.621860
0 0.282945 0.643792 0.286283 0.625890 0.287467 0.625890 0.287615 0.619820 0.295018 0.620412 0.294722 0.627223 0.299479 0.631288 0.303588 0.631771 0.303901 0.635218 0.295622 0.635887 0.294767 0.645928 0.282945 0.643792
0 0.299052 0.646117 0.300212 0.636025 0.306012 0.635677 0.305896 0.630572 0.324457 0.631269 0.324689 0.635793 0.320165 0.635561 0.319005 0.642405 0.323761 0.642173 0.322253 0.646233 0.318175 0.645864 0.306939 0.647875 0.301430 0.646563 0.299052 0.646117
0 0.301080 0.627726 0.300439 0.615833 0.305424 0.615620 0.305495 0.600949 0.322801 0.601305 0.324297 0.630361 0.306920 0.630148 0.306848 0.627513 0.301080 0.627726
0 0.293480 0.615360 0.289117 0.594364 0.314840 0.589274 0.316476 0.600635 0.305495 0.600949 0.304751 0.614633 0.293480 0.615360
0 0.339123 0.577809 0.343417 0.577809 0.343800 0.567468 0.354503 0.568614 0.355271 0.565542 0.369611 0.567051 0.373506 0.568896 0.371098 0.568633 0.371098 0.570025 0.376202 0.572809 0.375854 0.577681 0.373302 0.579073 0.352638 0.614701 0.338892 0.610360 0.332621 0.599749 0.326592 0.599749 0.318548 0.600186 0.317156 0.589165 0.329104 0.587541 0.327248 0.572809 0.322492 0.572809 0.321602 0.561299 0.337204 0.560161 0.339123 0.577809
0 0.377263 0.596257 0.377263 0.578741 0.395555 0.578573 0.395967 0.595793 0.377263 0.596257
0 0.325678 0.645974 0.325303 0.634555 0.330146 0.634057 0.329932 0.618888 0.346692 0.618666 0.346308 0.633656 0.352793 0.633772 0.352437 0.656989 0.338303 0.656736 0.338303 0.647905 0.325678 0.645974
0 0.331972 0.679269 0.325882 0.647457 0.335698 0.648457 0.336244 0.656637 0.341516 0.657819 0.342606 0.679360 0.331972 0.679269
0 0.351532 0.682709 0.354908 0.629411 0.370574 0.630330 0.374573 0.634420 0.375118 0.639055 0.374846 0.647054 0.373237 0.652673 0.370275 0.652673 0.369831 0.656818 0.372496 0.657115 0.368943 0.672660 0.374421 0.672808 0.373681 0.683764 0.365538 0.683024 0.363761 0.687762 0.351532 0.682709
0 0.373821 0.654852 0.379385 0.635978 0.394291 0.640886 0.387801 0.659667 0.373821 0.654852
0 0.368338 0.629371 0.355068 0.628371 0.355977 0.621372 0.365248 0.621645 0.365702 0.605557 0.386789 0.606375 0.386698 0.618918 0.399151 0.620463 0.394697 0.639733 0.383335 0.636279 0.381699 0.633370 0.375388 0.633321 0.371852 0.629690 0.373359 0.625728 0.368727 0.625226 0.368338 0.629371
0 0.263438 0.830505 0.259440 0.816588 0.282093 0.810517 0.286090 0.824286 0.263438 0.830505
0 0.303245 0.741921 0.312077 0.754209 0.295949 0.759969 0.292109 0.744225 0.303245 0.741921
