0 0.088344 0.303588 0.096396 0.288465 0.119965 0.302213 0.112109 0.316944 0.088344 0.303588
2 0.049409 0.268820 0.068656 0.281390 0.054319 0.298673 0.035267 0.283747 0.049409 0.268820
3 0.031536 0.285711 0.043516 0.295531 0.017984 0.321260 0.008753 0.310458 0.031536 0.285711
3 0.052100 0.259214 0.044244 0.253126 0.049547 0.245466 0.057782 0.251465 0.052100 0.259214
0 0.051707 0.263732 0.063099 0.252733 0.076061 0.262750 0.066438 0.272963 0.051707 0.263732
0 0.070366 0.271588 0.080186 0.260589 0.090792 0.269624 0.080972 0.279444 0.070366 0.271588
2 0.065814 0.243984 0.073508 0.233289 0.083525 0.241538 0.076061 0.251751 0.065814 0.243984
0 0.000009 0.470905 0.011692 0.467069 0.015851 0.479546 0.000009 0.485301 0.000009 0.470905
0 0.064160 0.443075 0.100631 0.418760 0.111508 0.432517 0.075357 0.456191 0.064160 0.443075
0 0.013292 0.428998 0.017738 0.421966 0.032316 0.414805 0.041445 0.410442 0.055522 0.427398 0.026409 0.445634 0.013292 0.428998
0 0.288682 0.791104 0.287402 0.811904 0.268212 0.810270 0.268867 0.790342 0.288682 0.791104
0 0.466887 0.828755 0.474409 0.826950 0.477117 0.838082 0.470799 0.840189 0.466887 0.828755
3 0.029488 0.262666 0.038173 0.268184 0.022132 0.285144 0.014878 0.277992 0.029488 0.262666
3 0.042208 0.358188 0.050512 0.358534 0.050512 0.367876 0.042208 0.367184 0.042208 0.358188
