3 0.000008 0.894776 0.060389 0.938596 0.045780 0.956002 0.043293 0.953827 0.033036 0.966570 0.000008 0.933049 0.000008 0.894776
1 0.027683 0.821147 0.046602 0.837403 0.043167 0.840647 0.049273 0.845608 0.034199 0.863163 0.009675 0.842364 0.027683 0.821147
2 0.030764 0.820229 0.042976 0.807445 0.055952 0.819657 0.042976 0.832442 0.030764 0.820229
0 0.135342 0.748584 0.132419 0.760761 0.114154 0.756133 0.117216 0.743677 0.135342 0.748584
2 0.057671 0.730962 0.049773 0.747322 0.027702 0.738957 0.033475 0.725951 0.034517 0.722769 0.057671 0.730962
2 0.000008 0.810673 0.025994 0.770502 0.045233 0.781948 0.039467 0.791209 0.033787 0.786819 0.006998 0.827733 0.000008 0.822868 0.000008 0.810673
3 0.243935 0.744698 0.243553 0.773893 0.222373 0.770840 0.221991 0.752330 0.228670 0.752140 0.228479 0.744888 0.243935 0.744698
0 0.151012 0.698311 0.150701 0.715717 0.119930 0.718204 0.118686 0.700798 0.151012 0.698311
0 0.118686 0.700798 0.119930 0.718204 0.107808 0.718515 0.107497 0.702041 0.118686 0.700798
3 0.036010 0.969447 0.043228 0.959949 0.054396 0.967255 0.047610 0.977187 0.036010 0.969447
1 0.196522 0.623129 0.212996 0.614737 0.227293 0.633076 0.218279 0.640225 0.216104 0.637116 0.208022 0.642711 0.196522 0.623129
0 0.227191 0.701883 0.217693 0.706997 0.212822 0.696769 0.220859 0.692385 0.227191 0.701883
3 0.176779 0.627117 0.190660 0.633936 0.177266 0.654150 0.164358 0.646357 0.176779 0.627117
0 0.203047 0.648809 0.212267 0.661752 0.216475 0.680452 0.199915 0.683374 0.195654 0.668641 0.188712 0.656098 0.203047 0.648809
3 0.192694 0.544495 0.202612 0.522280 0.215703 0.526247 0.205389 0.548462 0.192694 0.544495
3 0.180413 0.532614 0.189124 0.539338 0.180000 0.549652 0.171679 0.542511 0.180413 0.532614
3 0.190094 0.508395 0.167703 0.533387 0.147074 0.520296 0.158192 0.506992 0.165719 0.512362 0.176033 0.499668 0.190094 0.508395
0 0.150850 0.454263 0.156729 0.444412 0.164772 0.449247 0.158678 0.458817 0.150850 0.454263
0 0.150268 0.475123 0.159590 0.483750 0.169062 0.491480 0.161532 0.500397 0.157198 0.496907 0.141497 0.513006 0.127146 0.497505 0.150268 0.475123
0 0.157000 0.468700 0.166371 0.476776 0.159590 0.483750 0.150268 0.475123 0.157000 0.468700
0 0.000008 0.462286 0.013577 0.466992 0.010498 0.478908 0.000008 0.476238 0.000008 0.462286
0 0.010498 0.478908 0.013577 0.466992 0.025267 0.469671 0.021857 0.481848 0.010498 0.478908
0 0.104906 0.444343 0.134130 0.450188 0.124145 0.479900 0.123171 0.479169 0.122684 0.480874 0.119762 0.482335 0.118788 0.483066 0.115865 0.482335 0.114647 0.481848 0.112456 0.480874 0.111481 0.478926 0.087860 0.471863 0.088460 0.468404 0.093947 0.448483 0.102471 0.450919 0.104906 0.444343
0 0.076166 0.426322 0.070808 0.452624 0.059606 0.450432 0.064720 0.423643 0.076166 0.426322
0 0.026243 0.469671 0.041099 0.471620 0.048562 0.455997 0.064235 0.459199 0.066010 0.452291 0.080728 0.455216 0.078146 0.467053 0.076480 0.480004 0.063676 0.477168 0.060423 0.487380 0.022834 0.481848 0.026243 0.469671
3 0.266416 0.395316 0.275731 0.414428 0.261281 0.420650 0.252119 0.402152 0.266416 0.395316
3 0.246799 0.387758 0.244633 0.396769 0.210269 0.393360 0.212217 0.383131 0.246799 0.387758
1 0.327100 0.396048 0.357055 0.391908 0.364848 0.400675 0.369232 0.414557 0.333188 0.422350 0.327100 0.396048
2 0.366553 0.418454 0.386036 0.410660 0.390420 0.421863 0.383601 0.425029 0.393586 0.443538 0.379704 0.449626 0.366553 0.418454
3 0.407048 0.447910 0.423649 0.465656 0.410865 0.474816 0.396935 0.455543 0.407048 0.447910
3 0.106668 0.331006 0.125006 0.333182 0.121587 0.354629 0.103249 0.352142 0.106668 0.331006
0 0.041990 0.273592 0.055666 0.265822 0.076484 0.260227 0.077424 0.261781 0.083186 0.260533 0.085516 0.270006 0.075878 0.273592 0.077424 0.280120 0.054423 0.286336 0.052869 0.279809 0.045720 0.281363 0.041990 0.273592
0 0.094208 0.253389 0.120850 0.241621 0.128220 0.259516 0.101668 0.271106 0.094208 0.253389
0 0.122480 0.239395 0.140015 0.220887 0.147564 0.227706 0.130273 0.248406 0.122480 0.239395
0 0.119544 0.264787 0.126571 0.262993 0.129113 0.272562 0.122041 0.274606 0.119544 0.264787
3 0.235620 0.111092 0.240491 0.104517 0.248771 0.109144 0.244631 0.117180 0.235620 0.111092
3 0.328905 0.576956 0.356879 0.570429 0.360920 0.581929 0.332635 0.590011 0.328905 0.576956
2 0.421841 0.578200 0.432498 0.595116 0.422773 0.599957 0.425946 0.605819 0.416246 0.611768 0.407011 0.598292 0.412516 0.594984 0.407543 0.585659 0.421841 0.578200
3 0.448261 0.606484 0.458207 0.617674 0.445463 0.626999 0.437693 0.617052 0.441734 0.613322 0.440490 0.611768 0.448261 0.606484
3 0.400344 0.655789 0.416520 0.640770 0.428295 0.653345 0.411503 0.668229 0.400344 0.655789
3 0.429250 0.610793 0.435356 0.616899 0.426196 0.625677 0.420244 0.619180 0.429250 0.610793
2 0.674908 0.663111 0.666826 0.671814 0.654704 0.660624 0.660610 0.654097 0.674908 0.663111
2 0.660610 0.654097 0.654704 0.660624 0.631393 0.645083 0.636055 0.637934 0.660610 0.654097
3 0.678412 0.658915 0.662338 0.649661 0.672567 0.634561 0.687666 0.643085 0.678412 0.658915
3 0.672567 0.634561 0.662338 0.649661 0.637498 0.634074 0.651136 0.625794 0.672567 0.634561
3 0.793525 0.615790 0.816930 0.636021 0.808203 0.648319 0.783211 0.627691 0.793525 0.615790
3 0.675316 0.568583 0.676010 0.587708 0.668027 0.587820 0.650317 0.588021 0.650411 0.568896 0.675316 0.568583
0 0.666832 0.540834 0.669628 0.562613 0.639210 0.565409 0.636840 0.542274 0.666832 0.540834
3 0.730450 0.558269 0.722120 0.580087 0.700698 0.572550 0.704665 0.561046 0.695938 0.557872 0.697524 0.547558 0.730450 0.558269
3 0.763773 0.582864 0.754252 0.600715 0.730450 0.584848 0.739971 0.566996 0.763773 0.582864
1 0.757461 0.624981 0.764885 0.645978 0.748884 0.649491 0.750589 0.654118 0.726965 0.659233 0.719765 0.640410 0.742012 0.636097 0.739422 0.629451 0.757461 0.624981
0 0.753881 0.533386 0.778967 0.543140 0.777983 0.555925 0.771411 0.562867 0.745607 0.551300 0.753881 0.533386
0 0.772117 0.564134 0.782150 0.572292 0.776100 0.579162 0.765746 0.570803 0.772117 0.564134
0 0.822474 0.501952 0.828319 0.510963 0.800427 0.524210 0.794732 0.513007 0.822474 0.501952
3 0.845516 0.492247 0.849657 0.498092 0.838941 0.503937 0.835288 0.497605 0.845516 0.492247
0 0.790825 0.513832 0.795628 0.521212 0.773371 0.532927 0.767631 0.524375 0.790825 0.513832
3 0.745194 0.612406 0.728975 0.612024 0.729547 0.601529 0.745576 0.601720 0.745194 0.612406
3 0.807951 0.581287 0.812249 0.573674 0.819493 0.577235 0.814950 0.585216 0.807951 0.581287
3 0.676010 0.587708 0.676301 0.594843 0.668219 0.595035 0.668027 0.587820 0.676010 0.587708
0 0.701867 0.617861 0.717067 0.625261 0.709867 0.638462 0.694866 0.631062 0.701867 0.617861
3 0.337945 0.622336 0.346945 0.614936 0.354946 0.624536 0.345524 0.631702 0.337945 0.622336
3 0.328050 0.516153 0.341408 0.513220 0.344014 0.527230 0.331634 0.530162 0.328050 0.516153
3 0.154197 0.737029 0.160579 0.729371 0.173087 0.739582 0.166705 0.746985 0.154197 0.737029
3 0.010647 0.708521 0.012179 0.690397 0.045874 0.693460 0.044853 0.711074 0.010647 0.708521
2 0.027702 0.738957 0.015320 0.733815 0.021075 0.721151 0.033475 0.725951 0.027702 0.738957
0 0.077169 0.467053 0.087483 0.468404 0.086884 0.471863 0.085641 0.480928 0.075503 0.480004 0.077169 0.467053
0 0.075878 0.273592 0.085516 0.270006 0.094181 0.270811 0.093398 0.278490 0.077424 0.280120 0.075878 0.273592
