0 0.179274 0.498411 0.218930 0.539369 0.205180 0.548053 0.182747 0.527212 0.165669 0.508108 0.179274 0.498411
0 0.004026 0.553197 0.014572 0.542651 0.029881 0.554331 0.020387 0.564527 0.005727 0.554331 0.004026 0.553197
0 0.032990 0.554041 0.044216 0.544515 0.036165 0.537825 0.048525 0.525805 0.057824 0.533743 0.053061 0.540320 0.068030 0.548598 0.080617 0.567535 0.086968 0.581597 0.072112 0.588628 0.063608 0.577628 0.067803 0.575360 0.064061 0.570257 0.053288 0.573432 0.045350 0.567309 0.040247 0.569577 0.028000 0.558123 0.032990 0.554041
0 0.090009 0.654883 0.074757 0.683837 0.048713 0.673863 0.057908 0.644948 0.090009 0.654883
0 0.034242 0.720387 0.079270 0.728167 0.078563 0.740897 0.074700 0.751330 0.066010 0.750626 0.063845 0.754080 0.029296 0.750708 0.028899 0.720896 0.034242 0.720387
0 0.108251 0.740181 0.120981 0.737116 0.139134 0.735937 0.145970 0.747018 0.146678 0.759041 0.126168 0.756683 0.110844 0.760220 0.108251 0.740181
0 0.000009 0.774468 0.022177 0.773420 0.025502 0.784133 0.023655 0.792630 0.000009 0.795522 0.000009 0.774468
0 0.052761 0.795358 0.054411 0.774141 0.075628 0.778856 0.075393 0.805260 0.078938 0.805540 0.079449 0.810222 0.045149 0.809499 0.046162 0.794736 0.051227 0.794881 0.052761 0.795358
0 0.048888 0.814537 0.064684 0.813888 0.064684 0.823308 0.067640 0.823308 0.069487 0.811856 0.091653 0.814073 0.091098 0.823493 0.087958 0.829589 0.065977 0.831251 0.061359 0.837531 0.061587 0.857069 0.044577 0.857409 0.048888 0.814537
0 0.047567 0.877114 0.055140 0.898356 0.047752 0.901866 0.038147 0.900942 0.033529 0.881732 0.047567 0.877114
0 0.249517 0.829605 0.247342 0.829981 0.242954 0.745459 0.275016 0.741452 0.278080 0.748053 0.281852 0.748996 0.283738 0.759840 0.283267 0.771156 0.261814 0.772570 0.260635 0.797088 0.266293 0.798738 0.268650 0.812648 0.260635 0.812883 0.262049 0.829621 0.249517 0.829605
0 0.308715 0.781392 0.307976 0.795430 0.288027 0.796354 0.288212 0.778961 0.308715 0.781392
0 0.294629 0.752689 0.312093 0.750521 0.312701 0.774471 0.295030 0.773695 0.294062 0.752803 0.294629 0.752689
0 0.494831 0.771634 0.513617 0.783202 0.499000 0.808899 0.479321 0.799014 0.494831 0.771634
0 0.055364 0.361131 0.083182 0.364668 0.082239 0.378577 0.051828 0.374333 0.055364 0.361131
0 0.407098 0.903597 0.415930 0.925101 0.395577 0.934318 0.385593 0.912045 0.407098 0.903597
