0 0.349937 0.115336 0.350198 0.100162 0.356709 0.095097 0.383719 0.094856 0.384684 0.114149 0.355503 0.116561 0.349937 0.115336
0 0.350167 0.278782 0.345725 0.276858 0.337286 0.246951 0.373855 0.232441 0.379185 0.241029 0.384683 0.254373 0.363047 0.259239 0.367637 0.273600 0.350167 0.278782
0 0.798994 0.126858 0.799290 0.102429 0.813503 0.102281 0.812911 0.127302 0.798994 0.126858
0 0.875956 0.155826 0.867369 0.145610 0.878621 0.135987 0.888541 0.146943 0.875956 0.155826
0 0.852013 0.166123 0.858971 0.151910 0.873925 0.158128 0.889322 0.149541 0.892728 0.149541 0.915528 0.184926 0.904128 0.219422 0.878070 0.205950 0.887842 0.195586 0.869779 0.178856 0.852013 0.166123
4 0.999009 0.312518 0.986017 0.303564 0.989607 0.294872 0.999009 0.299145 0.999009 0.312518
0 0.931670 0.308547 0.943674 0.287924 0.966758 0.295927 0.954447 0.319627 0.931670 0.308547
0 0.769951 0.333324 0.774775 0.322954 0.786833 0.328259 0.782492 0.337906 0.769951 0.333324
0 0.724595 0.315736 0.729885 0.302887 0.756151 0.310445 0.763331 0.316114 0.760308 0.324050 0.752371 0.322728 0.747647 0.326696 0.724595 0.315736
0 0.780027 0.306026 0.787774 0.292799 0.809694 0.306971 0.811961 0.302436 0.825755 0.309994 0.818386 0.323599 0.805348 0.317742 0.803647 0.320009 0.780027 0.306026
0 0.738445 0.291056 0.747032 0.266628 0.761985 0.270773 0.764502 0.263815 0.776939 0.266035 0.775458 0.272846 0.780196 0.274919 0.766723 0.305566 0.747920 0.298755 0.745255 0.293573 0.738445 0.291056
0 0.761579 0.241058 0.766114 0.223485 0.795025 0.229154 0.792568 0.242003 0.787844 0.248050 0.761579 0.241058
0 0.642332 0.434278 0.647155 0.420290 0.663313 0.425355 0.677783 0.424390 0.691047 0.430178 0.689359 0.437172 0.694906 0.439101 0.691047 0.451159 0.685500 0.450677 0.683330 0.454777 0.651496 0.444166 0.650532 0.439584 0.642332 0.434278
0 0.628185 0.458563 0.631964 0.444958 0.648593 0.448927 0.674291 0.461398 0.669189 0.473302 0.645569 0.463665 0.628185 0.458563
3 0.745900 0.589181 0.742346 0.583111 0.753747 0.576448 0.757448 0.582815 0.745900 0.589181
0 0.281522 0.646097 0.276636 0.638843 0.273527 0.637954 0.269826 0.632180 0.301065 0.613526 0.310836 0.627443 0.288628 0.640323 0.289665 0.642988 0.281522 0.646097
0 0.259866 0.645557 0.253950 0.648457 0.255053 0.652694 0.271141 0.650967 0.272868 0.662419 0.259598 0.668600 0.258780 0.663692 0.255690 0.664510 0.255417 0.667782 0.209880 0.679416 0.206153 0.676599 0.203833 0.657619 0.207545 0.656227 0.207422 0.655576 0.235361 0.647338 0.232500 0.639873 0.233027 0.631992 0.244189 0.627334 0.255458 0.624676 0.259866 0.645557
0 0.243027 0.627285 0.232764 0.631572 0.224514 0.633152 0.221237 0.624792 0.239102 0.618528 0.243027 0.627285
0 0.234716 0.647019 0.207334 0.655098 0.205919 0.647426 0.232295 0.640693 0.234716 0.647019
0 0.161662 0.798708 0.161924 0.790128 0.179557 0.789810 0.179746 0.798313 0.176911 0.798880 0.176452 0.802169 0.169941 0.801925 0.169967 0.799554 0.161662 0.798708
0 0.136005 0.843514 0.136449 0.815088 0.150367 0.814348 0.150367 0.842922 0.136005 0.843514
0 0.121496 0.833299 0.122384 0.816716 0.135413 0.817161 0.134821 0.833891 0.121496 0.833299
0 0.237759 0.902630 0.258922 0.898851 0.257221 0.877310 0.281471 0.874180 0.283248 0.887801 0.292723 0.886172 0.292723 0.883804 0.298349 0.882767 0.300570 0.897721 0.259855 0.910453 0.238091 0.912822 0.237759 0.902630
0 0.334925 0.888121 0.331744 0.870852 0.340833 0.869125 0.342378 0.874397 0.353558 0.872579 0.355467 0.884213 0.334925 0.888121
0 0.342400 0.913708 0.342992 0.895201 0.355577 0.895201 0.354836 0.913708 0.342400 0.913708
0 0.326615 0.953257 0.333277 0.947335 0.333277 0.937268 0.342013 0.936527 0.341716 0.950889 0.331649 0.959476 0.326615 0.953257
3 0.820499 0.560201 0.840056 0.550272 0.846374 0.558094 0.827419 0.569528 0.820499 0.560201
