0 0.396366 0.999007 0.392417 0.995609 0.385426 0.997876 0.379757 0.988995 0.403944 0.973311 0.417360 0.988995 0.412718 0.999007 0.396366 0.999007
0 0.412544 0.975676 0.410323 0.969014 0.421871 0.961611 0.422908 0.970050 0.412544 0.975676
0 0.449706 0.991962 0.444524 0.960575 0.464659 0.949619 0.473542 0.969162 0.476059 0.968274 0.482574 0.981006 0.453555 0.993295 0.449706 0.991962
0 0.476059 0.968274 0.466288 0.948731 0.469989 0.946954 0.470285 0.945029 0.475171 0.944289 0.477392 0.938071 0.497379 0.933037 0.522252 0.981006 0.500192 0.990186 0.492049 0.977453 0.488496 0.966349 0.476059 0.968274
0 0.499299 0.933396 0.492301 0.917580 0.504389 0.911218 0.510661 0.928669 0.499299 0.933396
0 0.424352 0.795074 0.413614 0.803240 0.397884 0.785295 0.408805 0.779863 0.424352 0.795074
0 0.445135 0.769690 0.422404 0.788499 0.408376 0.775966 0.355380 0.725474 0.365395 0.715837 0.358403 0.708279 0.372386 0.696185 0.445135 0.769690
0 0.266349 0.692002 0.278166 0.669091 0.308070 0.682114 0.303729 0.692726 0.330981 0.709125 0.323987 0.723112 0.266349 0.692002
0 0.513658 0.576821 0.499191 0.556814 0.513658 0.548811 0.528124 0.569741 0.513658 0.576821
0 0.960913 0.673335 0.926440 0.674258 0.923055 0.660715 0.957835 0.659176 0.960913 0.673335
4 0.999011 0.724050 0.991385 0.723505 0.991077 0.681953 0.999011 0.682227 0.999011 0.724050
4 0.999011 0.656533 0.989116 0.656533 0.988392 0.637481 0.994180 0.636516 0.994180 0.623976 0.988392 0.622288 0.987669 0.609506 0.993216 0.609265 0.991769 0.601306 0.984775 0.594313 0.982845 0.575020 0.999011 0.574565 0.999011 0.656533
0 0.897714 0.641822 0.894338 0.591178 0.898438 0.589972 0.895785 0.579119 0.905432 0.578878 0.903744 0.565614 0.929789 0.566096 0.930513 0.579361 0.937024 0.579361 0.937024 0.589489 0.945465 0.589731 0.945947 0.608300 0.973199 0.608059 0.973922 0.639169 0.897714 0.641822
0 0.858137 0.629325 0.854751 0.568998 0.883991 0.568998 0.882452 0.601008 0.877835 0.601316 0.878451 0.629325 0.858137 0.629325
0 0.947479 0.588929 0.941432 0.586283 0.939353 0.582693 0.938598 0.577213 0.941432 0.574568 0.945022 0.572867 0.951447 0.572489 0.956360 0.574568 0.958438 0.580237 0.957116 0.586094 0.954470 0.588551 0.950124 0.589307 0.947479 0.588929
0 0.246749 0.275247 0.245784 0.269700 0.250608 0.264154 0.256637 0.261019 0.272071 0.226291 0.306799 0.241002 0.315240 0.246066 0.295223 0.294299 0.283406 0.295987 0.255913 0.282482 0.246749 0.275247
4 0.317299 0.223583 0.285932 0.214324 0.288010 0.207143 0.319000 0.216213 0.317299 0.223583
0 0.402546 0.228269 0.407081 0.213153 0.413505 0.214097 0.421442 0.191800 0.438259 0.198225 0.418040 0.245086 0.403491 0.241307 0.407459 0.232048 0.402546 0.228269
0 0.489098 0.121817 0.459998 0.119738 0.461321 0.098197 0.474737 0.096874 0.475493 0.087804 0.497223 0.085725 0.497601 0.098386 0.489098 0.121817
0 0.249439 0.093677 0.234728 0.091266 0.236657 0.078725 0.255468 0.079449 0.249439 0.093677
0 0.198253 0.024011 0.169796 0.018947 0.174619 0.000859 0.205006 0.004477 0.198253 0.024011
4 0.292542 0.000006 0.287999 0.012787 0.252950 0.008291 0.252816 0.000006 0.292542 0.000006
