0 0.802030 0.036676 0.833247 0.051714 0.824469 0.069079 0.793557 0.053050 0.802030 0.036676
4 0.789971 0.000005 0.785055 0.006702 0.772062 0.000005 0.789971 0.000005
0 0.754792 0.004523 0.767691 0.006274 0.767386 0.008363 0.772657 0.009183 0.771954 0.013166 0.766683 0.012346 0.765394 0.021132 0.752742 0.019257 0.754792 0.004523
0 0.755091 0.021629 0.776194 0.025427 0.773521 0.040059 0.752699 0.036120 0.753684 0.031618 0.755091 0.021629
3 0.751723 0.035143 0.750175 0.047524 0.729916 0.044569 0.732308 0.027405 0.752708 0.030641 0.751723 0.035143
3 0.720704 0.026318 0.732308 0.028382 0.729916 0.045546 0.718098 0.043295 0.720704 0.026318
3 0.713389 0.022499 0.720704 0.025341 0.718098 0.042318 0.709924 0.038256 0.712672 0.025859 0.713389 0.022499
3 0.711696 0.026836 0.708947 0.039232 0.696342 0.033940 0.700238 0.023628 0.711696 0.026836
0 0.860107 0.084581 0.876709 0.086691 0.874598 0.113422 0.865172 0.112859 0.860389 0.101041 0.860107 0.088098 0.860107 0.084581
0 0.837292 0.088036 0.859131 0.088098 0.859412 0.101041 0.859834 0.109483 0.836204 0.109051 0.837292 0.088036
0 0.836354 0.079925 0.835097 0.090340 0.822887 0.089377 0.812473 0.088365 0.813191 0.078130 0.836354 0.079925
0 0.822887 0.089377 0.835097 0.090340 0.834558 0.098061 0.822169 0.097343 0.822887 0.089377
0 0.829794 0.128076 0.842921 0.140246 0.846678 0.143316 0.852070 0.149065 0.860263 0.155696 0.862087 0.157546 0.852239 0.168322 0.818339 0.138145 0.829794 0.128076
0 0.846790 0.126480 0.865101 0.128898 0.864496 0.138572 0.859746 0.137881 0.859659 0.139729 0.852411 0.138558 0.853009 0.134426 0.846358 0.133303 0.846790 0.126480
0 0.860636 0.140706 0.860242 0.144396 0.864065 0.144770 0.863857 0.149714 0.861904 0.149506 0.861239 0.155696 0.853046 0.149065 0.847654 0.143316 0.848319 0.138122 0.853387 0.139535 0.860636 0.140706
0 0.851860 0.208322 0.858565 0.210119 0.871217 0.213221 0.874244 0.213751 0.867228 0.240719 0.845681 0.234614 0.851860 0.208322
0 0.841014 0.237093 0.869715 0.245815 0.865354 0.258899 0.837216 0.250036 0.841014 0.237093
0 0.858565 0.209142 0.859298 0.206458 0.874835 0.210082 0.874244 0.212775 0.858565 0.209142
0 0.931811 0.288675 0.923297 0.281517 0.910144 0.263146 0.922251 0.256293 0.930348 0.264534 0.940714 0.274021 0.931811 0.288675
0 0.923228 0.256293 0.930340 0.251450 0.946519 0.265659 0.941690 0.274021 0.931325 0.264534 0.923228 0.256293
0 0.941690 0.274021 0.967765 0.289995 0.960167 0.300688 0.932788 0.288675 0.941690 0.274021
0 0.968741 0.289995 0.987802 0.302655 0.982523 0.310167 0.961144 0.300688 0.968741 0.289995
0 0.757333 0.326073 0.777803 0.335051 0.762720 0.369885 0.743866 0.360908 0.757333 0.326073
0 0.796306 0.340909 0.810752 0.348709 0.803460 0.361170 0.789471 0.353256 0.796306 0.340909
0 0.804471 0.359653 0.809327 0.351771 0.826754 0.360171 0.819672 0.374854 0.806630 0.367340 0.809394 0.361985 0.804471 0.359653
0 0.795291 0.370483 0.798524 0.365995 0.814684 0.380180 0.810554 0.384489 0.817736 0.390953 0.805885 0.404599 0.799601 0.399213 0.792239 0.406215 0.764048 0.380898 0.784159 0.359710 0.795291 0.370483
0 0.838843 0.336167 0.869513 0.343483 0.864870 0.361913 0.834481 0.354316 0.838843 0.336167
0 0.662244 0.460522 0.687171 0.469900 0.677546 0.495109 0.652337 0.484796 0.662244 0.460522
0 0.777556 0.494585 0.825391 0.510060 0.816949 0.536228 0.769397 0.520331 0.777556 0.494585
0 0.395873 0.474197 0.396601 0.451297 0.414935 0.451756 0.415164 0.476119 0.395873 0.474197
0 0.400049 0.431068 0.441271 0.444856 0.436909 0.457095 0.396532 0.442745 0.400049 0.431068
0 0.365575 0.428241 0.383456 0.431978 0.379404 0.450360 0.374426 0.449797 0.373557 0.453390 0.365845 0.451683 0.366727 0.447935 0.362701 0.447060 0.365575 0.428241
0 0.375075 0.410172 0.379599 0.403002 0.384101 0.399485 0.401296 0.409875 0.392318 0.422264 0.375075 0.410172
0 0.356113 0.382180 0.383125 0.399485 0.378623 0.403002 0.368488 0.396019 0.363991 0.402298 0.348938 0.392450 0.356113 0.382180
0 0.356113 0.381603 0.364499 0.369753 0.371031 0.373949 0.385887 0.384314 0.390385 0.387339 0.383125 0.398907 0.356113 0.381603
0 0.371031 0.373550 0.375243 0.367390 0.390435 0.377663 0.385887 0.383914 0.371031 0.373550
0 0.505321 0.629442 0.525611 0.632315 0.519865 0.671818 0.498318 0.668227 0.505321 0.629442
0 0.896346 0.551589 0.899441 0.535550 0.908164 0.538223 0.909993 0.529360 0.940663 0.537942 0.934613 0.562140 0.896346 0.551589
0 0.999008 0.612705 0.969784 0.601179 0.979180 0.576887 0.999009 0.585399 0.999008 0.612705
0 0.945034 0.588575 0.967493 0.597741 0.952368 0.637387 0.935277 0.631275 0.931055 0.629366 0.945034 0.588575
0 0.952368 0.638364 0.948232 0.653153 0.930436 0.646210 0.935277 0.632252 0.952368 0.638364
0 0.999009 0.518853 0.996680 0.522898 0.974170 0.510518 0.987817 0.485897 0.999009 0.493522 0.999009 0.518853
0 0.971844 0.511300 0.996539 0.523461 0.990855 0.534968 0.965990 0.523804 0.971844 0.511300
0 0.974250 0.437648 0.986819 0.444471 0.977303 0.460093 0.965272 0.452552 0.974250 0.437648
0 0.896268 0.424333 0.896268 0.431515 0.927152 0.421280 0.931820 0.430438 0.928229 0.433490 0.930564 0.437800 0.925757 0.440791 0.923920 0.434747 0.906144 0.440852 0.889804 0.442827 0.889983 0.424333 0.892183 0.424349 0.896268 0.424333
0 0.906144 0.440852 0.923920 0.434747 0.925757 0.440791 0.908310 0.448046 0.906144 0.440852
0 0.881069 0.403246 0.894293 0.404653 0.892935 0.415100 0.892183 0.424349 0.878536 0.422942 0.881069 0.403246
0 0.894293 0.404653 0.895567 0.394919 0.915163 0.397259 0.912238 0.418902 0.892935 0.415100 0.894293 0.404653
0 0.895567 0.394919 0.894293 0.404653 0.881069 0.403246 0.882405 0.392872 0.895567 0.394919
0 0.936924 0.342626 0.963737 0.347209 0.959841 0.369438 0.933258 0.364626 0.936924 0.342626
0 0.978528 0.382271 0.999008 0.383533 0.999008 0.396742 0.976874 0.394948 0.978528 0.382271
0 0.999008 0.371123 0.991376 0.369172 0.990274 0.374573 0.982447 0.372809 0.985313 0.359140 0.999008 0.362018 0.999008 0.371123
0 0.927272 0.109772 0.933191 0.095311 0.950476 0.101996 0.946111 0.112357 0.944106 0.117177 0.927272 0.109772
0 0.897590 0.078886 0.918910 0.082049 0.916568 0.094349 0.914967 0.100838 0.894661 0.099152 0.897590 0.078886
0 0.896613 0.078886 0.893685 0.099152 0.882204 0.098098 0.884782 0.077832 0.896613 0.078886
0 0.916685 0.095560 0.930859 0.099192 0.927272 0.110749 0.913756 0.107158 0.914967 0.101814 0.916685 0.095560
0 0.950476 0.101996 0.970546 0.109848 0.965313 0.121211 0.946111 0.112357 0.950476 0.101996
0 0.925992 0.116127 0.938850 0.117174 0.937504 0.131377 0.924197 0.130480 0.925992 0.116127
0 0.570111 0.959802 0.585578 0.961238 0.593192 0.962293 0.598575 0.962912 0.596770 0.985824 0.568012 0.983534 0.571579 0.972427 0.570111 0.959802
0 0.585578 0.960262 0.586632 0.951710 0.594364 0.952179 0.593192 0.961316 0.585578 0.960262
4 0.565159 0.999008 0.565602 0.991394 0.591422 0.992308 0.591281 0.999007 0.565159 0.999008
3 0.445967 0.914678 0.461846 0.915871 0.461112 0.936798 0.444957 0.935972 0.445967 0.914678
0 0.757863 0.924071 0.772408 0.925723 0.771528 0.935728 0.756792 0.933630 0.757863 0.924071
0 0.794290 0.942832 0.815810 0.947720 0.811282 0.965122 0.799675 0.962652 0.790880 0.960898 0.794290 0.942832
0 0.799675 0.963629 0.811282 0.966099 0.806279 0.982539 0.794468 0.980364 0.799675 0.963629
0 0.614463 0.681651 0.617326 0.672491 0.631637 0.677453 0.628393 0.686421 0.614463 0.681651
0 0.821254 0.999005 0.826052 0.986866 0.846045 0.989934 0.843629 0.999004 0.821254 0.999005
