0 0.152392 0.103764 0.179068 0.092129 0.197230 0.129021 0.178216 0.137535 0.175378 0.129021 0.168568 0.132994 0.162040 0.120508 0.152392 0.103764
0 0.162040 0.121484 0.151824 0.127728 0.142459 0.112119 0.152392 0.104741 0.162040 0.121484
0 0.200352 0.132143 0.229014 0.148603 0.222203 0.162508 0.193257 0.146616 0.200352 0.132143
0 0.247495 0.122849 0.282038 0.128726 0.282755 0.138759 0.278168 0.145926 0.273008 0.176599 0.252655 0.174162 0.256382 0.146929 0.242192 0.144493 0.245919 0.122133 0.247495 0.122849
0 0.344636 0.106390 0.386632 0.072564 0.398529 0.123590 0.382619 0.127747 0.380756 0.107250 0.377746 0.108827 0.379609 0.111264 0.363269 0.125454 0.344636 0.106390
0 0.264284 0.035069 0.288690 0.035920 0.289825 0.046137 0.287271 0.057204 0.264568 0.056637 0.265703 0.046988 0.264284 0.035069
0 0.367459 0.220990 0.407019 0.221420 0.407592 0.259690 0.386522 0.259403 0.386952 0.250373 0.372619 0.249083 0.373766 0.233316 0.366743 0.233316 0.367459 0.220990
4 0.356537 0.239654 0.369576 0.239043 0.369678 0.256767 0.374669 0.256665 0.375077 0.265629 0.357250 0.265731 0.356537 0.239654
0 0.396418 0.338302 0.421391 0.344262 0.414580 0.364978 0.422810 0.367248 0.419972 0.376613 0.414864 0.376330 0.413161 0.382857 0.410607 0.382005 0.408337 0.391938 0.382228 0.384559 0.396418 0.338302
0 0.419026 0.303490 0.419117 0.309656 0.428640 0.311742 0.428458 0.314554 0.446142 0.317184 0.446250 0.317187 0.444883 0.331484 0.432811 0.330334 0.431360 0.333689 0.425284 0.332419 0.423652 0.340309 0.411974 0.338675 0.411192 0.342060 0.395441 0.338302 0.404970 0.302945 0.419026 0.303490
0 0.480653 0.318000 0.480562 0.323169 0.494438 0.324257 0.493984 0.336047 0.480381 0.335140 0.463662 0.334629 0.465098 0.317607 0.480653 0.318000
0 0.464121 0.317607 0.462686 0.334629 0.446484 0.334142 0.445859 0.331484 0.447227 0.317187 0.464121 0.317607
0 0.336273 0.372518 0.341839 0.379162 0.345789 0.386703 0.325858 0.400708 0.323524 0.390474 0.316880 0.385805 0.336273 0.372518
0 0.595531 0.331410 0.563569 0.330871 0.563210 0.316506 0.575456 0.316506 0.575456 0.316580 0.594814 0.316250 0.595531 0.331410
0 0.594814 0.315273 0.575456 0.315530 0.575488 0.300684 0.594121 0.300547 0.594814 0.315273
0 0.593555 0.287440 0.594121 0.299570 0.575488 0.299707 0.575061 0.286363 0.593555 0.287440
0 0.534286 0.322738 0.546438 0.323010 0.546529 0.336159 0.534467 0.335887 0.534286 0.322738
0 0.546076 0.312580 0.559588 0.312671 0.559588 0.326637 0.546529 0.326184 0.546438 0.323010 0.546076 0.312580
0 0.594460 0.335155 0.595992 0.335027 0.595226 0.354551 0.568045 0.353147 0.568173 0.343577 0.559751 0.343322 0.560389 0.333496 0.594460 0.335155
0 0.624346 0.400889 0.624289 0.401733 0.618983 0.409313 0.605087 0.408050 0.602055 0.399459 0.602055 0.398623 0.624346 0.400889
0 0.627573 0.354739 0.627686 0.357511 0.627111 0.369737 0.624385 0.400400 0.602055 0.398135 0.602055 0.397691 0.604329 0.363582 0.604329 0.361561 0.612667 0.361814 0.613425 0.353981 0.627573 0.354739
0 0.615490 0.417173 0.637527 0.404658 0.651221 0.425970 0.630181 0.437941 0.628277 0.439120 0.615490 0.417173
0 0.636780 0.465470 0.647627 0.459600 0.654008 0.471213 0.643288 0.476444 0.636780 0.465470
0 0.582106 0.505763 0.576294 0.501711 0.597349 0.469171 0.598243 0.467640 0.608834 0.474530 0.609855 0.472744 0.613030 0.466647 0.631676 0.478741 0.615176 0.505465 0.599087 0.505610 0.595435 0.503497 0.594008 0.505656 0.582106 0.505763
0 0.683405 0.504850 0.665475 0.483682 0.681392 0.472060 0.682908 0.471302 0.681139 0.468017 0.695793 0.464480 0.699078 0.474334 0.691751 0.478123 0.702615 0.492525 0.684137 0.504843 0.683405 0.504850
0 0.929276 0.502630 0.922346 0.495497 0.939573 0.484522 0.955710 0.502392 0.929276 0.502630
0 0.959168 0.464368 0.917480 0.483570 0.912174 0.471442 0.957147 0.451735 0.959168 0.464368
0 0.635689 0.167696 0.663482 0.183108 0.655144 0.199025 0.645796 0.194225 0.636447 0.218480 0.617751 0.209131 0.635689 0.167696
0 0.099350 0.475580 0.122947 0.475580 0.121938 0.501597 0.098543 0.499782 0.099350 0.475580
3 0.195857 0.201628 0.200971 0.194809 0.222403 0.204794 0.218506 0.211856 0.195857 0.201628
3 0.195370 0.213074 0.200971 0.205281 0.227761 0.216971 0.222646 0.226712 0.195370 0.213074
4 0.856587 0.397510 0.832033 0.410565 0.827681 0.401862 0.823951 0.404037 0.819289 0.395334 0.841979 0.382902 0.847574 0.391915 0.853479 0.388186 0.856587 0.397510
0 0.580795 0.366965 0.589764 0.375170 0.571063 0.392725 0.562477 0.384520 0.580795 0.366965
4 0.628663 0.357511 0.645204 0.357799 0.644772 0.370600 0.628087 0.369737 0.628663 0.357511
4 0.254133 0.038353 0.254620 0.051504 0.226857 0.050773 0.227344 0.038353 0.254133 0.038353
