0 0.846548 0.634510 0.849958 0.635484 0.850201 0.655454 0.843382 0.659594 0.812697 0.651557 0.813914 0.632805 0.846548 0.634510
4 0.999008 0.693448 0.994999 0.693937 0.994352 0.678834 0.999008 0.678670 0.999008 0.693448
0 0.971417 0.694584 0.989956 0.713273 0.980089 0.724636 0.962596 0.705349 0.971417 0.694584
4 0.999007 0.799847 0.984997 0.787956 0.976002 0.777585 0.992248 0.764367 0.995644 0.763725 0.999007 0.768376 0.999007 0.799847
0 0.985824 0.756382 0.980684 0.766112 0.977288 0.767030 0.966182 0.760421 0.972148 0.749498 0.985824 0.756382
0 0.973300 0.774380 0.972403 0.780809 0.968067 0.783201 0.928596 0.767652 0.932782 0.756887 0.973300 0.774380
3 0.538426 0.975864 0.540716 0.978536 0.545105 0.976246 0.548730 0.985596 0.528504 0.994565 0.522016 0.981780 0.538426 0.975864
0 0.757354 0.892143 0.760194 0.890797 0.769016 0.897973 0.765577 0.902459 0.770959 0.906346 0.757354 0.924287 0.751523 0.928474 0.741057 0.918755 0.743300 0.915915 0.739263 0.911579 0.757354 0.892143
0 0.758233 0.926102 0.768373 0.927828 0.768733 0.923225 0.774414 0.923800 0.773264 0.942787 0.753199 0.938400 0.756219 0.925886 0.758233 0.926102
3 0.708347 0.976193 0.717453 0.968052 0.729734 0.982126 0.720627 0.989715 0.708347 0.976193
