0 0.713305 0.835517 0.740278 0.827137 0.744992 0.840754 0.718019 0.848349 0.713305 0.835517
0 0.692879 0.874798 0.701783 0.872703 0.708591 0.894962 0.697331 0.897581 0.692879 0.874798
0 0.970038 0.844860 0.969679 0.844270 0.969073 0.828783 0.980970 0.829265 0.981131 0.844538 0.970038 0.844860
0 0.943143 0.848127 0.943044 0.832435 0.969100 0.832336 0.969679 0.844270 0.950348 0.844476 0.950249 0.848226 0.943143 0.848127
3 0.352038 0.144283 0.361674 0.134336 0.380945 0.151742 0.373174 0.162000 0.352038 0.144283
0 0.266293 0.164419 0.286564 0.161067 0.288714 0.175096 0.267555 0.177483 0.266293 0.164419
0 0.330273 0.190898 0.330273 0.198398 0.317848 0.204893 0.311631 0.193393 0.325929 0.185622 0.330273 0.190898
0 0.348308 0.192460 0.334943 0.202717 0.330273 0.198398 0.330273 0.190898 0.342403 0.183757 0.348308 0.192460
0 0.223216 0.230703 0.223881 0.208226 0.244395 0.208847 0.244084 0.202942 0.236434 0.203683 0.236624 0.189887 0.257449 0.188955 0.260413 0.233238 0.235140 0.229916 0.223216 0.230703
3 0.218548 0.310116 0.238031 0.304271 0.241928 0.319614 0.222201 0.325702 0.218548 0.310116
3 0.254348 0.296721 0.260923 0.293555 0.259462 0.291120 0.274805 0.283814 0.287469 0.302566 0.265551 0.314256 0.254348 0.296721
0 0.166808 0.253879 0.162181 0.236588 0.178011 0.232935 0.187022 0.262890 0.170705 0.267273 0.166808 0.253879
0 0.233340 0.247061 0.233340 0.246973 0.237412 0.248789 0.239095 0.266195 0.239170 0.266191 0.239338 0.275903 0.219170 0.274277 0.218770 0.246992 0.221782 0.246708 0.221787 0.246523 0.233340 0.247061
0 0.233145 0.233613 0.233340 0.246085 0.221782 0.245731 0.221973 0.232374 0.233145 0.233613
0 0.209548 0.241747 0.208784 0.247853 0.217793 0.246992 0.218193 0.274277 0.205159 0.273232 0.205159 0.259302 0.193137 0.258539 0.193710 0.241556 0.209548 0.241747
0 0.267388 0.247471 0.268342 0.262355 0.267769 0.266553 0.238881 0.264271 0.237354 0.248205 0.261064 0.245957 0.267388 0.247471
