0 0.052651 0.999002 0.043404 0.983740 0.066486 0.972481 0.084933 0.999003 0.052651 0.999002
0 0.000008 0.914794 0.024827 0.895355 0.046219 0.914496 0.050160 0.928288 0.017508 0.942362 0.009908 0.933636 0.005123 0.935325 0.000008 0.928580 0.000008 0.914794
0 0.099419 0.882125 0.133760 0.873962 0.139952 0.906051 0.105049 0.909992 0.099419 0.882125
0 0.147552 0.872555 0.173730 0.870022 0.174293 0.878747 0.179641 0.878184 0.182175 0.891696 0.176545 0.892540 0.178234 0.899859 0.151775 0.901829 0.147552 0.872555
0 0.173167 0.847503 0.182175 0.837933 0.193715 0.850318 0.186397 0.859325 0.173167 0.847503
0 0.081642 0.816409 0.093738 0.810016 0.113438 0.807251 0.117758 0.830579 0.111710 0.839047 0.090455 0.840775 0.081642 0.816409
0 0.080416 0.807499 0.063654 0.775299 0.100265 0.747951 0.106661 0.752803 0.098942 0.768021 0.111513 0.796031 0.080416 0.807499
0 0.007436 0.732833 0.036428 0.716226 0.028547 0.699055 0.045154 0.688641 0.052754 0.713692 0.043184 0.719322 0.057821 0.743811 0.055851 0.760981 0.047688 0.768018 0.042340 0.756478 0.027984 0.763515 0.018977 0.746626 0.016162 0.747470 0.007436 0.732833
0 0.063451 0.707781 0.071895 0.701589 0.089628 0.711441 0.094977 0.715944 0.078932 0.728611 0.063451 0.707781
0 0.033624 0.603593 0.029477 0.603938 0.029492 0.604092 0.022673 0.604692 0.020791 0.598795 0.015381 0.599350 0.023848 0.620527 0.023947 0.627958 0.000008 0.630895 0.000008 0.594607 0.010641 0.594607 0.011505 0.586312 0.028613 0.584411 0.033624 0.603593
0 0.050845 0.611174 0.068303 0.609984 0.069295 0.604429 0.077627 0.604032 0.078421 0.620697 0.051242 0.622879 0.050845 0.611174
