0 0.999006 0.271692 0.983573 0.257560 0.988311 0.253587 0.997553 0.245719 0.999006 0.244495 0.999006 0.271692
0 0.997234 0.242849 0.988849 0.249448 0.984553 0.244636 0.971786 0.232864 0.982066 0.229050 0.997234 0.242849
0 0.997836 0.277659 0.994817 0.296764 0.979667 0.292403 0.984717 0.272203 0.997836 0.277659
0 0.997095 0.316361 0.999006 0.319279 0.999006 0.337761 0.993556 0.335206 0.980728 0.330210 0.979374 0.329334 0.979228 0.329287 0.984219 0.317441 0.985064 0.318050 0.986787 0.312946 0.997095 0.316361
0 0.982496 0.302412 0.982300 0.306118 0.984641 0.307484 0.983861 0.314702 0.984219 0.317441 0.979228 0.329287 0.954482 0.320977 0.957783 0.307617 0.957915 0.307679 0.962987 0.295779 0.982496 0.302412
0 0.927676 0.294803 0.930407 0.296364 0.930898 0.295654 0.946758 0.302529 0.946795 0.302802 0.957783 0.307617 0.954482 0.320977 0.953418 0.323242 0.923970 0.317238 0.922910 0.316816 0.926885 0.294414 0.927676 0.294803
0 0.957524 0.267491 0.952647 0.278611 0.958305 0.283293 0.952842 0.290706 0.952257 0.298705 0.946405 0.300070 0.946795 0.302802 0.930898 0.295654 0.935285 0.289341 0.940747 0.279781 0.940162 0.278221 0.951867 0.263394 0.957524 0.267491
0 0.914996 0.288560 0.926885 0.294414 0.922910 0.316816 0.905826 0.310020 0.905046 0.307679 0.892721 0.305555 0.895487 0.285634 0.914996 0.288560
0 0.927433 0.323380 0.935747 0.327607 0.934760 0.330144 0.943638 0.334935 0.947866 0.328735 0.954911 0.332398 0.946597 0.350577 0.917427 0.337894 0.922078 0.326339 0.927433 0.323380
0 0.887227 0.313723 0.898704 0.317625 0.895720 0.330479 0.903065 0.333923 0.892736 0.357565 0.879193 0.350449 0.889982 0.333693 0.880648 0.326509 0.887227 0.313723
0 0.886121 0.312377 0.881558 0.318210 0.876898 0.323593 0.865880 0.316478 0.875291 0.306148 0.886121 0.312377
0 0.939978 0.363680 0.934906 0.394504 0.909935 0.389237 0.885939 0.383579 0.890426 0.359194 0.896864 0.360754 0.898620 0.354706 0.916958 0.357828 0.916763 0.359584 0.939978 0.363680
1 0.993701 0.420332 0.991689 0.448125 0.974593 0.448914 0.974593 0.451645 0.967765 0.452036 0.967375 0.440526 0.972643 0.439940 0.973423 0.419846 0.993701 0.420332
4 0.999006 0.438979 0.992881 0.438974 0.994678 0.420667 0.999006 0.420834 0.999006 0.438979
3 0.928603 0.428337 0.933675 0.418583 0.942259 0.422095 0.940893 0.430678 0.937967 0.432629 0.928603 0.428337
3 0.937934 0.454149 0.943787 0.460002 0.947689 0.460197 0.952371 0.462928 0.957053 0.464294 0.958809 0.466050 0.949835 0.477950 0.936764 0.465269 0.931887 0.465269 0.929741 0.459612 0.937934 0.454149
0 0.736006 0.486119 0.766306 0.490250 0.765617 0.507695 0.733482 0.502646 0.736006 0.486119
0 0.778699 0.515040 0.785129 0.505397 0.796378 0.511140 0.790407 0.521238 0.778699 0.515040
0 0.778271 0.517652 0.792449 0.524822 0.785968 0.537516 0.771383 0.529954 0.778271 0.517652
0 0.745460 0.508851 0.768481 0.513338 0.764774 0.530896 0.740778 0.525824 0.745460 0.508851
0 0.729176 0.503039 0.725665 0.517670 0.718837 0.524303 0.710058 0.529571 0.701445 0.523242 0.706904 0.510742 0.713467 0.495732 0.729176 0.503039
0 0.706904 0.510742 0.701445 0.523242 0.698938 0.523913 0.679775 0.510010 0.686643 0.499511 0.686621 0.499492 0.688799 0.497105 0.706904 0.510742
0 0.700490 0.487927 0.713467 0.495732 0.706904 0.510742 0.688799 0.497105 0.699521 0.487002 0.700490 0.487927
0 0.683910 0.471983 0.699521 0.487002 0.688799 0.497105 0.686621 0.499492 0.670423 0.484036 0.682432 0.470947 0.683910 0.471983
0 0.671748 0.467510 0.663047 0.475654 0.662499 0.475795 0.649824 0.487549 0.648774 0.486338 0.648774 0.472336 0.647396 0.472106 0.647396 0.460629 0.659332 0.454432 0.671748 0.467510
0 0.682432 0.470947 0.670423 0.484036 0.663047 0.475654 0.671748 0.467510 0.672187 0.467974 0.674941 0.465679 0.682432 0.470947
0 0.686643 0.499511 0.679775 0.510010 0.671163 0.517496 0.655166 0.498962 0.657726 0.496667 0.649824 0.487549 0.662499 0.475795 0.663047 0.475654 0.670423 0.484036 0.686643 0.499511
3 0.615902 0.454990 0.634240 0.448943 0.635801 0.451674 0.639117 0.450113 0.642044 0.454210 0.644775 0.466500 0.623510 0.475474 0.615902 0.454990
0 0.715017 0.535828 0.725942 0.544997 0.721260 0.551045 0.723991 0.552996 0.716459 0.570131 0.699714 0.560138 0.705656 0.549335 0.699984 0.544473 0.702955 0.539072 0.708626 0.542853 0.715017 0.535828
3 0.676487 0.523677 0.692692 0.535020 0.680538 0.553386 0.662173 0.540152 0.676487 0.523677
2 0.740525 0.564128 0.764946 0.573835 0.768442 0.584640 0.777975 0.590042 0.773526 0.604024 0.766217 0.599575 0.761133 0.605931 0.751282 0.601164 0.756684 0.590360 0.743973 0.584958 0.738253 0.597351 0.727166 0.586617 0.732170 0.573373 0.724144 0.568825 0.729276 0.559102 0.740525 0.564128
0 0.629562 0.382165 0.649625 0.377025 0.649790 0.374538 0.664547 0.373212 0.670350 0.374041 0.671064 0.380111 0.683689 0.383784 0.694936 0.387686 0.700904 0.394113 0.699527 0.413624 0.683230 0.414083 0.666014 0.409263 0.667621 0.395720 0.658669 0.397786 0.657521 0.394343 0.634567 0.400311 0.629562 0.382165
0 0.660011 0.403476 0.658214 0.420722 0.646493 0.422504 0.647079 0.433819 0.632837 0.434209 0.632642 0.410214 0.641031 0.410019 0.640836 0.399094 0.659954 0.399484 0.660011 0.403476
0 0.669281 0.421169 0.683053 0.418185 0.685119 0.429203 0.680758 0.430810 0.684201 0.436549 0.684660 0.447107 0.678692 0.449173 0.670887 0.443664 0.668133 0.430810 0.670887 0.430351 0.669281 0.421169
0 0.785488 0.373864 0.770904 0.378455 0.771984 0.382776 0.763071 0.384667 0.773914 0.397005 0.761950 0.401866 0.759706 0.389527 0.752976 0.392145 0.756341 0.397753 0.739516 0.406727 0.721195 0.399623 0.739890 0.386910 0.734281 0.371954 0.742133 0.367841 0.778401 0.357372 0.785488 0.373864
0 0.714157 0.346499 0.727535 0.372797 0.713327 0.379153 0.700614 0.388126 0.692060 0.378470 0.684910 0.372049 0.703979 0.362701 0.699866 0.351484 0.714157 0.346499
0 0.682553 0.310111 0.698442 0.306616 0.702255 0.319645 0.695264 0.322505 0.701620 0.346656 0.674927 0.352058 0.669524 0.332673 0.682235 0.330767 0.680646 0.322505 0.684778 0.321551 0.682553 0.310111
0 0.896469 0.227244 0.914834 0.234537 0.914834 0.241018 0.925097 0.252632 0.918885 0.259114 0.906191 0.248581 0.906191 0.245610 0.891877 0.239398 0.896469 0.227244
0 0.888122 0.241168 0.896386 0.249202 0.885368 0.260220 0.877105 0.251497 0.888122 0.241168
0 0.864480 0.248743 0.883302 0.261597 0.876222 0.271525 0.872878 0.268136 0.868070 0.274105 0.858785 0.267638 0.860111 0.265649 0.853645 0.261006 0.864480 0.248743
0 0.850214 0.264370 0.878069 0.284598 0.878567 0.292889 0.870940 0.299687 0.852370 0.288080 0.853920 0.285130 0.840556 0.275217 0.844577 0.270339 0.850214 0.264370
0 0.870940 0.299687 0.857731 0.318225 0.836394 0.303640 0.849898 0.285545 0.870940 0.299687
0 0.833450 0.212808 0.851813 0.230482 0.844468 0.239434 0.829547 0.226350 0.823579 0.231630 0.818070 0.225891 0.833450 0.212808
0 0.950963 0.207584 0.963386 0.220548 0.953933 0.230001 0.941510 0.215417 0.950963 0.207584
0 0.618358 0.197182 0.667295 0.196546 0.665389 0.217202 0.630116 0.218155 0.629798 0.213071 0.617722 0.213071 0.618358 0.197182
0 0.741315 0.129048 0.765082 0.129588 0.762381 0.169019 0.744015 0.167669 0.721329 0.164428 0.721059 0.158756 0.711336 0.157946 0.712416 0.148763 0.733212 0.151194 0.734022 0.141471 0.739964 0.142012 0.741315 0.129048
0 0.623831 0.154705 0.636524 0.162808 0.637064 0.161187 0.648138 0.166048 0.643546 0.180093 0.631933 0.176311 0.630853 0.173881 0.616538 0.166048 0.623831 0.154705
0 0.617774 0.247880 0.635777 0.249369 0.634876 0.267312 0.617089 0.266145 0.617774 0.247880
0 0.512783 0.135256 0.523316 0.132825 0.528987 0.151190 0.509002 0.157402 0.506031 0.143898 0.514133 0.142008 0.512783 0.135256
3 0.930704 0.433311 0.942640 0.442493 0.940804 0.446625 0.937361 0.444329 0.932541 0.448691 0.924277 0.441804 0.930704 0.433311
0 0.128386 0.038539 0.139403 0.039916 0.138715 0.052541 0.126549 0.051393 0.128386 0.038539
0 0.615825 0.220991 0.616143 0.216224 0.627265 0.221309 0.652369 0.226711 0.651734 0.238468 0.636798 0.236880 0.623452 0.231795 0.615825 0.220991
0 0.666306 0.243984 0.669794 0.229827 0.691133 0.234751 0.690723 0.246447 0.680053 0.244805 0.680053 0.246241 0.666306 0.243984
0 0.690723 0.246447 0.691133 0.234751 0.711447 0.241932 0.708369 0.251576 0.690723 0.246447
0 0.682062 0.227662 0.681741 0.226376 0.682223 0.224929 0.682866 0.223000 0.684313 0.221553 0.686885 0.221231 0.688815 0.221714 0.689940 0.223000 0.690744 0.224929 0.690904 0.226376 0.691065 0.227341 0.690744 0.228466 0.689297 0.230556 0.688654 0.230877 0.687207 0.230877 0.686403 0.230877 0.685117 0.230556 0.684474 0.230234 0.683670 0.229591 0.682062 0.227662
4 0.711456 0.237710 0.711866 0.232375 0.722331 0.232786 0.721715 0.237915 0.711456 0.237710
0 0.932887 0.360005 0.936375 0.348104 0.957509 0.355696 0.952995 0.374983 0.941299 0.373957 0.943146 0.362467 0.932887 0.360005
0 0.987189 0.342435 0.999006 0.349438 0.999006 0.355782 0.996422 0.370750 0.979802 0.364800 0.987189 0.342435
0 0.996084 0.370885 0.988612 0.396332 0.986473 0.400979 0.970552 0.396642 0.980005 0.365476 0.996084 0.370885
0 0.959282 0.380235 0.971593 0.383108 0.965848 0.407320 0.951280 0.402601 0.959282 0.380235
0 0.903844 0.405757 0.900963 0.428540 0.874414 0.422988 0.880439 0.398291 0.903844 0.405757
0 0.879228 0.397901 0.880439 0.398291 0.874414 0.422988 0.872157 0.422517 0.860745 0.419497 0.841256 0.415185 0.844398 0.392402 0.879228 0.397901
0 0.850070 0.430616 0.867720 0.430745 0.866485 0.444569 0.849455 0.443338 0.850070 0.430616
0 0.819482 0.421465 0.816433 0.421925 0.813218 0.427994 0.811935 0.427895 0.800004 0.429817 0.797382 0.430281 0.794709 0.427607 0.789416 0.427483 0.788291 0.435200 0.775430 0.436486 0.770310 0.429612 0.759949 0.409225 0.811086 0.399198 0.815156 0.398496 0.819482 0.421465
0 0.839495 0.402540 0.838492 0.418583 0.819482 0.421465 0.815156 0.398496 0.836153 0.394853 0.839495 0.402540
0 0.800458 0.441300 0.800004 0.429817 0.811935 0.427895 0.811380 0.442274 0.800458 0.441300
0 0.785563 0.451336 0.786206 0.449085 0.787653 0.447477 0.791351 0.446834 0.794566 0.447799 0.796174 0.450371 0.796335 0.452622 0.795370 0.454872 0.793280 0.456802 0.791512 0.456962 0.790225 0.456962 0.788296 0.456159 0.786528 0.454872 0.786528 0.453586 0.785563 0.451336
0 0.689324 0.449592 0.705533 0.432766 0.720307 0.444462 0.707996 0.460467 0.701635 0.458620 0.689324 0.449592
0 0.714507 0.438850 0.720777 0.430007 0.728976 0.435474 0.723028 0.443351 0.714507 0.438850
0 0.718520 0.449906 0.723028 0.443351 0.737766 0.452275 0.733029 0.460368 0.718520 0.449906
0 0.729873 0.418746 0.755609 0.412061 0.772988 0.434789 0.762323 0.441837 0.756696 0.445856 0.751598 0.449160 0.729873 0.418746
0 0.766824 0.462093 0.759197 0.449980 0.756696 0.445856 0.762323 0.441837 0.774220 0.458235 0.766824 0.462093
0 0.737187 0.462712 0.759197 0.449980 0.766824 0.462093 0.758900 0.467844 0.740345 0.468634 0.737187 0.462712
0 0.775497 0.446590 0.782884 0.445769 0.784115 0.460542 0.777549 0.461363 0.775497 0.446590
0 0.760970 0.475889 0.770616 0.463671 0.777529 0.465600 0.777549 0.461363 0.785889 0.460938 0.786371 0.478944 0.760970 0.475889
0 0.762972 0.540915 0.768179 0.532835 0.778414 0.538042 0.774823 0.545404 0.762972 0.540915
1 0.952491 0.438017 0.953178 0.426100 0.970824 0.423809 0.970595 0.438475 0.952491 0.438017
0 0.837995 0.428036 0.838492 0.418583 0.841256 0.415185 0.860745 0.419497 0.857636 0.430371 0.850070 0.430616 0.837995 0.428036
0 0.655824 0.274709 0.667360 0.274850 0.667642 0.295390 0.654839 0.294687 0.655824 0.274709
