0 0.952165 0.031444 0.954116 0.020129 0.967187 0.022665 0.966212 0.033200 0.952165 0.031444
0 0.999007 0.028863 0.992743 0.027347 0.991963 0.032029 0.983292 0.030995 0.984989 0.020519 0.999007 0.021612 0.999007 0.028863
0 0.930868 0.136102 0.938893 0.136102 0.940450 0.142569 0.946797 0.142210 0.953614 0.160604 0.952619 0.167568 0.936038 0.170220 0.936204 0.161764 0.934380 0.150821 0.930868 0.136102
0 0.953505 0.204016 0.971330 0.197804 0.974571 0.200235 0.978892 0.212658 0.959987 0.218330 0.957286 0.215089 0.953505 0.204016
0 0.999007 0.213136 0.992575 0.231152 0.979342 0.226020 0.987714 0.204144 0.999007 0.209854 0.999007 0.213136
0 0.971025 0.265671 0.981828 0.269452 0.968324 0.302402 0.956171 0.297000 0.971025 0.265671
0 0.957889 0.229384 0.970055 0.232139 0.964776 0.256241 0.952151 0.252109 0.957889 0.229384
0 0.953563 0.346640 0.963748 0.350520 0.967568 0.354043 0.965380 0.353719 0.966425 0.363933 0.964601 0.364596 0.963938 0.371726 0.960622 0.381343 0.958964 0.393280 0.942549 0.391291 0.940062 0.387809 0.939896 0.347353 0.941720 0.346358 0.941768 0.345928 0.953563 0.346640
0 0.976654 0.325677 0.980459 0.317926 0.995396 0.324127 0.991732 0.334555 0.999007 0.338151 0.999007 0.359334 0.993705 0.356961 0.990746 0.364852 0.977077 0.358652 0.978768 0.347942 0.968903 0.344842 0.968633 0.348447 0.961536 0.344710 0.951285 0.340805 0.943008 0.335166 0.943212 0.333425 0.943212 0.327953 0.948752 0.317785 0.956080 0.316940 0.976654 0.325677
0 0.999007 0.387018 0.982390 0.379474 0.987745 0.363550 0.999007 0.368334 0.999007 0.387018
0 0.897409 0.387594 0.898736 0.385605 0.913990 0.373335 0.922446 0.375656 0.926094 0.381459 0.910508 0.399201 0.897409 0.387594
0 0.928008 0.391343 0.939258 0.397775 0.933201 0.408515 0.922255 0.402083 0.928008 0.391343
0 0.975159 0.404726 0.994724 0.412519 0.996051 0.420146 0.999007 0.417061 0.999007 0.432040 0.994227 0.429431 0.993696 0.437887 0.988424 0.439877 0.963387 0.431089 0.965874 0.421638 0.976154 0.424954 0.977978 0.416996 0.970683 0.413514 0.975159 0.404726
0 0.977179 0.437910 0.999007 0.444239 0.999007 0.472908 0.989364 0.468279 0.993309 0.461656 0.984432 0.458556 0.984009 0.471097 0.979218 0.473493 0.968790 0.489557 0.953712 0.479411 0.952443 0.474902 0.946666 0.471520 0.952020 0.458837 0.960053 0.461797 0.964367 0.449635 0.978413 0.455292 0.978608 0.451391 0.971975 0.447489 0.977179 0.437910
0 0.999007 0.518022 0.997992 0.519206 0.986872 0.512768 0.999007 0.495878 0.999007 0.518022
0 0.976981 0.551450 0.986443 0.541270 0.994587 0.545701 0.999007 0.544175 0.999007 0.565036 0.987281 0.559474 0.987161 0.558037 0.976981 0.551450
0 0.983928 0.541030 0.976981 0.548456 0.963687 0.541509 0.963208 0.536958 0.968238 0.530491 0.983928 0.541030
0 0.953785 0.489353 0.969205 0.499799 0.967547 0.509249 0.964396 0.509415 0.957101 0.524835 0.937536 0.511239 0.949474 0.491011 0.953785 0.489353
0 0.945293 0.491412 0.937190 0.503835 0.915854 0.493032 0.920716 0.484120 0.936110 0.486551 0.936920 0.490602 0.938541 0.488171 0.945293 0.491412
0 0.918015 0.483039 0.911533 0.494653 0.893438 0.487091 0.902620 0.476828 0.918015 0.483039
0 0.947811 0.455724 0.947122 0.467660 0.942072 0.465824 0.939318 0.478678 0.921643 0.472021 0.929447 0.459167 0.934727 0.451363 0.947811 0.455724
0 0.896528 0.452308 0.895839 0.450471 0.904332 0.441060 0.902037 0.438306 0.908923 0.431649 0.914662 0.436470 0.931188 0.449783 0.926827 0.455062 0.929447 0.459167 0.927745 0.460801 0.921777 0.457128 0.917416 0.462408 0.910989 0.458276 0.908005 0.460342 0.896528 0.452308
0 0.932617 0.416515 0.945241 0.425238 0.946389 0.435567 0.956030 0.441535 0.952357 0.454848 0.931239 0.446585 0.917926 0.434649 0.921599 0.429829 0.921140 0.426156 0.929633 0.416286 0.932617 0.416515
0 0.887935 0.456741 0.891837 0.450314 0.910889 0.464086 0.899642 0.474874 0.892067 0.481761 0.878524 0.468447 0.887935 0.456741
0 0.917348 0.508815 0.924004 0.505601 0.931120 0.507437 0.931120 0.510651 0.935252 0.509962 0.940072 0.516160 0.932727 0.530621 0.929054 0.528785 0.926070 0.534064 0.910003 0.527178 0.917348 0.508815
0 0.900591 0.525571 0.885901 0.518455 0.882458 0.515930 0.892787 0.494124 0.900591 0.497797 0.899673 0.503535 0.906100 0.506978 0.902657 0.513865 0.905182 0.515242 0.900591 0.525571
0 0.889091 0.490231 0.882610 0.501844 0.880179 0.513187 0.871806 0.511837 0.872887 0.519939 0.861543 0.518589 0.860463 0.523450 0.846689 0.521560 0.851280 0.511297 0.852631 0.505085 0.857762 0.496983 0.864244 0.489151 0.872887 0.479698 0.884770 0.487260 0.888551 0.487530 0.889091 0.490231
0 0.843456 0.447363 0.850284 0.452435 0.856527 0.457508 0.849308 0.467262 0.835652 0.456532 0.843456 0.447363
0 0.786981 0.443288 0.803368 0.424170 0.811562 0.425145 0.822682 0.431388 0.827949 0.438021 0.820146 0.447190 0.813513 0.439582 0.801807 0.453823 0.786981 0.443288
0 0.844124 0.400923 0.851147 0.392534 0.858755 0.396241 0.874948 0.409312 0.866949 0.419651 0.857195 0.411458 0.853878 0.416140 0.844124 0.408531 0.847245 0.404044 0.844124 0.400923
0 0.831053 0.396241 0.836515 0.400728 0.839832 0.407556 0.836320 0.411067 0.837686 0.413994 0.827151 0.426869 0.822469 0.423943 0.812520 0.415945 0.824030 0.403459 0.831053 0.396241
0 0.807075 0.360433 0.812537 0.343656 0.818585 0.344436 0.819170 0.340730 0.823657 0.341315 0.824047 0.343071 0.836533 0.345217 0.835557 0.353605 0.831851 0.354776 0.831266 0.365311 0.807075 0.360433
0 0.862482 0.356269 0.861942 0.380035 0.838445 0.372473 0.843847 0.350597 0.862482 0.356269
0 0.773086 0.371132 0.793741 0.363824 0.808677 0.382255 0.808677 0.392106 0.792470 0.401639 0.784844 0.390517 0.773086 0.371132
0 0.736745 0.277668 0.745329 0.270450 0.744938 0.265573 0.756839 0.274937 0.758009 0.283911 0.770807 0.294417 0.770103 0.301892 0.763081 0.304005 0.749230 0.295421 0.725040 0.317466 0.719772 0.317271 0.707677 0.303030 0.711383 0.298348 0.736745 0.277668
0 0.761764 0.306217 0.767732 0.305299 0.773012 0.306676 0.773471 0.317005 0.760387 0.317005 0.761764 0.306217
0 0.963382 0.544180 0.971672 0.552471 0.969517 0.555787 0.972170 0.567061 0.962222 0.573196 0.958242 0.565072 0.950449 0.555952 0.963382 0.544180
0 0.975193 0.567753 0.987887 0.580987 0.973843 0.591790 0.963310 0.576126 0.975193 0.567753
0 0.952555 0.577751 0.957529 0.582560 0.961342 0.587534 0.942606 0.603783 0.937135 0.605606 0.941280 0.610494 0.932697 0.615566 0.919041 0.600544 0.915334 0.596642 0.906945 0.602690 0.896410 0.588449 0.904799 0.581816 0.906555 0.583767 0.923137 0.566989 0.934452 0.572647 0.942256 0.583767 0.952555 0.577751
0 0.893787 0.611621 0.910415 0.600207 0.921266 0.607816 0.927467 0.617399 0.910697 0.630927 0.907879 0.627826 0.904920 0.628997 0.897897 0.619048 0.900823 0.616121 0.893787 0.611621
0 0.866077 0.618176 0.858862 0.615338 0.862644 0.606156 0.892622 0.618039 0.889921 0.623170 0.895323 0.625061 0.884210 0.656280 0.878013 0.653755 0.874111 0.664544 0.855977 0.659264 0.859420 0.646869 0.855747 0.645492 0.866077 0.618176
0 0.839393 0.560473 0.845065 0.548860 0.874503 0.561823 0.868292 0.575868 0.864241 0.573707 0.860730 0.583970 0.852627 0.601795 0.850196 0.610978 0.833182 0.606116 0.818057 0.598014 0.831021 0.574787 0.848036 0.578028 0.851547 0.567765 0.839393 0.560473
0 0.837719 0.558677 0.828078 0.552938 0.834506 0.543298 0.845065 0.548860 0.837719 0.558677
0 0.816080 0.607027 0.829151 0.609953 0.830126 0.610734 0.843197 0.613465 0.840856 0.623414 0.835979 0.626926 0.809057 0.622049 0.811983 0.606247 0.816080 0.607027
0 0.824078 0.626340 0.839685 0.630437 0.833442 0.644484 0.831297 0.645264 0.831297 0.648775 0.840270 0.650726 0.838515 0.661066 0.819201 0.653848 0.822713 0.642338 0.818811 0.640582 0.824078 0.626340
0 0.804236 0.634534 0.807909 0.630631 0.818009 0.637518 0.814107 0.642568 0.815101 0.643397 0.818811 0.640582 0.822713 0.642338 0.820075 0.649366 0.819081 0.658319 0.812780 0.668267 0.775971 0.649200 0.784925 0.631459 0.792718 0.629137 0.804236 0.634534
0 0.781277 0.586188 0.785116 0.590002 0.788101 0.590002 0.791085 0.594313 0.792246 0.593484 0.794070 0.594313 0.792080 0.600447 0.787769 0.606085 0.785282 0.607577 0.786111 0.611059 0.779976 0.614707 0.780308 0.631950 0.775334 0.632613 0.770360 0.631453 0.763893 0.643557 0.738857 0.630955 0.747644 0.618023 0.763893 0.627474 0.766546 0.617359 0.753282 0.612551 0.758588 0.602769 0.767707 0.604593 0.775334 0.587183 0.781277 0.586188
0 0.720678 0.636134 0.771205 0.655836 0.772793 0.665369 0.766756 0.677763 0.710071 0.656139 0.720678 0.636134
0 0.698075 0.653173 0.690767 0.670969 0.687589 0.670969 0.665027 0.660800 0.672971 0.643958 0.681869 0.646182 0.691084 0.649360 0.698075 0.653173
0 0.691053 0.677992 0.696725 0.677992 0.697805 0.675561 0.728054 0.689065 0.711309 0.726876 0.701857 0.730927 0.671878 0.716073 0.691053 0.677992
0 0.847004 0.700520 0.847004 0.705397 0.871000 0.707934 0.871975 0.726857 0.872755 0.755925 0.847784 0.757095 0.848174 0.751438 0.847910 0.751416 0.851748 0.727899 0.844876 0.727370 0.843906 0.751055 0.843882 0.751048 0.843687 0.754754 0.827300 0.753584 0.824981 0.780072 0.814447 0.779097 0.812105 0.777731 0.803689 0.777679 0.789228 0.778368 0.789280 0.758613 0.799815 0.758418 0.800010 0.751395 0.805668 0.749834 0.820104 0.749054 0.821275 0.727399 0.827188 0.722528 0.831686 0.710033 0.827885 0.700527 0.827885 0.698569 0.847004 0.700520
0 0.811125 0.708564 0.806271 0.720700 0.806426 0.720762 0.792987 0.722522 0.792792 0.725173 0.776265 0.723566 0.772822 0.727927 0.768231 0.727927 0.767313 0.718057 0.762493 0.718057 0.762033 0.720353 0.757213 0.718746 0.756984 0.722189 0.748032 0.720123 0.748491 0.715991 0.745736 0.715991 0.744129 0.724714 0.731046 0.723796 0.730127 0.710023 0.734948 0.704973 0.734634 0.693692 0.740877 0.691741 0.769945 0.694668 0.771115 0.698374 0.780479 0.699350 0.784771 0.695838 0.807986 0.696618 0.808418 0.699785 0.808221 0.699851 0.808574 0.700898 0.808577 0.700910 0.811125 0.708564
0 0.827511 0.700910 0.831163 0.710042 0.826864 0.721985 0.818348 0.720713 0.818348 0.720571 0.809374 0.720376 0.806787 0.720713 0.811645 0.708579 0.809087 0.700910 0.827511 0.700910
0 0.719918 0.757368 0.723969 0.739813 0.736663 0.742243 0.732612 0.757368 0.719918 0.757368
0 0.824295 0.783331 0.827611 0.784491 0.838720 0.784989 0.839217 0.780844 0.843528 0.781175 0.843860 0.780181 0.863093 0.779849 0.865249 0.790626 0.864254 0.801404 0.865388 0.819014 0.859879 0.819932 0.857814 0.817178 0.847025 0.817407 0.846337 0.814653 0.835778 0.814194 0.827744 0.814882 0.823842 0.811439 0.824295 0.783331
0 0.808500 0.816464 0.827744 0.814882 0.829391 0.824921 0.829391 0.835035 0.817951 0.835366 0.817428 0.842495 0.808538 0.842164 0.808500 0.831221 0.809992 0.831055 0.808500 0.816464
0 0.824641 0.846622 0.855660 0.849158 0.855074 0.861448 0.859366 0.866326 0.857415 0.889346 0.825421 0.889151 0.826592 0.863009 0.824056 0.862619 0.824641 0.846622
0 0.836994 0.936996 0.843476 0.922412 0.859141 0.902156 0.871024 0.906747 0.874535 0.915390 0.861571 0.933215 0.859681 0.931864 0.858060 0.939156 0.836994 0.936996
0 0.876025 0.824101 0.882755 0.809893 0.908928 0.818492 0.917153 0.828961 0.912666 0.839056 0.876025 0.824101
0 0.649381 0.686732 0.665856 0.695104 0.657754 0.708608 0.641819 0.699426 0.649381 0.686732
0 0.930841 0.965583 0.948745 0.964665 0.947733 0.991390 0.931070 0.987160 0.930841 0.965583
0 0.917899 0.986433 0.917509 0.993651 0.916924 0.998918 0.916909 0.999002 0.836356 0.999004 0.836405 0.982737 0.837783 0.971719 0.855457 0.972866 0.865327 0.974473 0.877723 0.984114 0.894709 0.984573 0.917899 0.986433
0 0.833260 0.966211 0.836806 0.971719 0.835429 0.982737 0.820384 0.979672 0.818043 0.989231 0.800095 0.986305 0.802436 0.976941 0.806200 0.975976 0.809264 0.963675 0.833260 0.966211
0 0.805559 0.952360 0.804583 0.958993 0.801072 0.961529 0.799901 0.968162 0.788001 0.966796 0.788391 0.961919 0.780783 0.960358 0.773760 0.974990 0.751520 0.964260 0.747618 0.964650 0.745277 0.962309 0.732011 0.954896 0.736888 0.946117 0.749569 0.951579 0.754251 0.944946 0.749959 0.945336 0.752495 0.935777 0.761274 0.936558 0.761079 0.943581 0.762055 0.946507 0.772784 0.952945 0.776881 0.943191 0.788001 0.947482 0.787806 0.948848 0.805559 0.952360
0 0.733576 0.960581 0.745131 0.965936 0.746399 0.968613 0.753163 0.971150 0.764905 0.973616 0.763825 0.989010 0.768702 0.990766 0.765917 0.999006 0.748697 0.999006 0.748999 0.993888 0.743341 0.992717 0.745487 0.987450 0.722662 0.977305 0.733576 0.960581
0 0.709657 0.994412 0.711812 0.982142 0.723087 0.982971 0.720600 0.994743 0.709657 0.994412
0 0.638113 0.919060 0.646606 0.899090 0.655328 0.903681 0.657165 0.908960 0.666805 0.909878 0.673003 0.913780 0.669789 0.926176 0.653951 0.923192 0.638113 0.919060
0 0.804828 0.894569 0.825483 0.894569 0.824530 0.912682 0.803239 0.912364 0.804828 0.894569
0 0.965452 0.993672 0.968122 0.968045 0.983517 0.971285 0.980816 0.994512 0.965452 0.993672
0 0.836845 0.943565 0.847788 0.943399 0.847456 0.958321 0.850109 0.958984 0.849612 0.964290 0.859726 0.963959 0.860720 0.965782 0.855457 0.971890 0.837783 0.970742 0.836679 0.967606 0.836845 0.943565
0 0.789228 0.778368 0.803689 0.777679 0.803230 0.805224 0.788769 0.805224 0.789228 0.778368
0 0.799251 0.739755 0.799815 0.758418 0.789280 0.758613 0.789692 0.738975 0.799251 0.739755
0 0.893385 0.666574 0.898847 0.664819 0.910552 0.668915 0.911528 0.671256 0.917770 0.674963 0.917966 0.678475 0.925379 0.682181 0.917770 0.696033 0.913283 0.694472 0.907431 0.706177 0.903724 0.708908 0.887337 0.700520 0.880314 0.690765 0.880704 0.683157 0.891434 0.666965 0.893385 0.666574
0 0.873487 0.670945 0.876012 0.679667 0.855813 0.680815 0.856272 0.669338 0.873487 0.670945
0 0.999007 0.706377 0.987712 0.724748 0.971237 0.715565 0.973128 0.710974 0.959084 0.704492 0.963135 0.695040 0.977449 0.701251 0.985821 0.688288 0.999007 0.692557 0.999007 0.706377
0 0.911286 0.711704 0.921772 0.698040 0.946877 0.712339 0.936072 0.726957 0.911286 0.711704
