0 0.402820 0.000007 0.385984 0.007918 0.382837 0.002971 0.370920 0.009491 0.366964 0.000007 0.402820 0.000007
0 0.416118 0.000007 0.430953 0.025680 0.422634 0.030851 0.412516 0.030402 0.385085 0.040969 0.373843 0.017136 0.391156 0.010391 0.402827 0.000007 0.416118 0.000007
0 0.360488 0.090405 0.385896 0.075790 0.391292 0.087032 0.397138 0.086133 0.403658 0.100298 0.390617 0.107268 0.383422 0.096475 0.369257 0.103895 0.360488 0.090405
0 0.450155 0.057650 0.488378 0.050680 0.500520 0.082157 0.460498 0.090926 0.450155 0.057650
0 0.516235 0.088350 0.537146 0.082729 0.542092 0.100491 0.520507 0.104988 0.516235 0.088350
0 0.316631 0.145682 0.332819 0.144782 0.331695 0.137363 0.342488 0.136913 0.345410 0.142984 0.350807 0.143209 0.349008 0.136014 0.406342 0.129493 0.410165 0.151528 0.320228 0.163894 0.316631 0.145682
0 0.575249 0.209031 0.590171 0.205013 0.593898 0.231567 0.578459 0.235533 0.575249 0.209031
0 0.711236 0.116626 0.734675 0.115894 0.733577 0.144095 0.708672 0.145193 0.711236 0.116626
0 0.746395 0.118458 0.789978 0.123585 0.787414 0.138235 0.744930 0.133474 0.746395 0.118458
0 0.792886 0.096476 0.817278 0.085571 0.823591 0.101354 0.798625 0.110250 0.792886 0.096476
0 0.795756 0.120007 0.800060 0.116563 0.798625 0.114267 0.823591 0.104798 0.838226 0.115128 0.849130 0.128615 0.819860 0.144398 0.811539 0.133494 0.805225 0.137224 0.795756 0.120007
0 0.920392 0.055190 0.950970 0.043498 0.963336 0.068230 0.942926 0.080385 0.939403 0.074571 0.930066 0.078447 0.920392 0.055190
0 0.953400 0.095519 0.970038 0.090348 0.976109 0.117329 0.961044 0.120926 0.953400 0.095519
0 0.942960 0.000002 0.946622 0.018528 0.933437 0.021458 0.930141 0.001681 0.942946 0.000002 0.942960 0.000002
0 0.952201 0.281519 0.979407 0.278596 0.980081 0.286016 0.987726 0.286016 0.989075 0.302879 0.953100 0.307151 0.952201 0.281519
0 0.999006 0.372036 0.993187 0.372393 0.990896 0.342621 0.999006 0.340893 0.999006 0.372036
0 0.951604 0.342095 0.977430 0.340086 0.978578 0.372513 0.954760 0.374521 0.951604 0.342095
0 0.999006 0.440847 0.988021 0.440268 0.990030 0.418713 0.996657 0.419287 0.998665 0.406948 0.990918 0.407235 0.992352 0.397478 0.978865 0.397478 0.980013 0.386287 0.975135 0.385713 0.974848 0.380835 0.999006 0.380977 0.999006 0.440847
0 0.972265 0.373374 0.978578 0.372513 0.978640 0.368913 0.988622 0.369356 0.990057 0.380548 0.971978 0.380548 0.972265 0.373374
0 0.974383 0.399455 0.991379 0.403070 0.987761 0.440236 0.971906 0.435430 0.974383 0.399455
0 0.932106 0.385519 0.953348 0.391013 0.961772 0.399070 0.952982 0.424707 0.948953 0.422876 0.945291 0.435328 0.929908 0.430567 0.935036 0.418847 0.921119 0.412987 0.932106 0.385519
0 0.956312 0.425213 0.972094 0.427221 0.966929 0.481744 0.949712 0.479735 0.956312 0.425213
0 0.904019 0.437942 0.934402 0.441214 0.933935 0.466455 0.903084 0.468793 0.904019 0.437942
0 0.894940 0.602442 0.921054 0.593547 0.938271 0.629704 0.910436 0.638599 0.894940 0.602442
0 0.858087 0.558680 0.878323 0.555307 0.882820 0.578241 0.861685 0.582288 0.858087 0.558680
0 0.878772 0.580939 0.878548 0.579365 0.882820 0.578241 0.881621 0.570962 0.886642 0.570371 0.895636 0.598027 0.886867 0.602074 0.878772 0.580939
0 0.896476 0.539172 0.901067 0.538598 0.904510 0.549216 0.917711 0.547207 0.919432 0.564712 0.906714 0.565704 0.881841 0.567294 0.877764 0.541064 0.896104 0.538037 0.896476 0.539172
0 0.893917 0.537704 0.877686 0.540586 0.875240 0.524824 0.890162 0.519946 0.893917 0.537704
0 0.893606 0.513920 0.907093 0.512198 0.907954 0.520233 0.948415 0.516215 0.949850 0.536590 0.902966 0.543816 0.901067 0.538598 0.896476 0.539172 0.893606 0.513920
0 0.863726 0.679841 0.895866 0.670658 0.897875 0.679841 0.865448 0.689598 0.863726 0.679841
0 0.906484 0.697059 0.921406 0.697059 0.920258 0.708824 0.904188 0.708250 0.906484 0.697059
0 0.883240 0.731207 0.899310 0.727763 0.901605 0.746990 0.887257 0.748999 0.883240 0.731207
0 0.830091 0.701259 0.848743 0.694372 0.849891 0.715320 0.836978 0.717616 0.832387 0.713885 0.830091 0.701259
0 0.802791 0.736370 0.829893 0.722086 0.836119 0.731609 0.835021 0.744794 0.829161 0.748090 0.829161 0.751386 0.822568 0.753583 0.821470 0.751386 0.809017 0.755415 0.802791 0.736370
0 0.786310 0.722819 0.813412 0.709268 0.820371 0.722453 0.793635 0.736736 0.786310 0.722819
0 0.792496 0.759789 0.804187 0.752595 0.808909 0.763162 0.796768 0.769233 0.792496 0.759789
0 0.780868 0.744625 0.792496 0.759789 0.764387 0.785644 0.749005 0.768064 0.780868 0.744625
0 0.754132 0.696281 0.788559 0.675771 0.798448 0.691520 0.788925 0.701774 0.793686 0.706169 0.780135 0.711663 0.775008 0.704338 0.751202 0.718255 0.743877 0.705071 0.754132 0.696281
0 0.736457 0.629973 0.757333 0.624846 0.766489 0.660737 0.744148 0.667330 0.736457 0.629973
0 0.674859 0.770896 0.702408 0.751670 0.715608 0.770322 0.685190 0.786679 0.674859 0.770896
3 0.617118 0.829364 0.639787 0.825920 0.640074 0.843712 0.619987 0.846868 0.617118 0.829364
0 0.585504 0.783504 0.592678 0.768295 0.608461 0.774608 0.599852 0.787809 0.585504 0.783504
0 0.447040 0.879430 0.467276 0.849301 0.477618 0.855596 0.460306 0.885275 0.447040 0.879430
0 0.486387 0.820971 0.516291 0.784546 0.529107 0.795564 0.501452 0.830639 0.486387 0.820971
0 0.536127 0.751414 0.555688 0.735675 0.572326 0.757035 0.552990 0.772324 0.536127 0.751414
0 0.500152 0.729379 0.525559 0.704872 0.550292 0.734551 0.530955 0.753662 0.500152 0.729379
0 0.486275 0.752334 0.498327 0.742577 0.510093 0.760656 0.496318 0.771561 0.486275 0.752334
0 0.362811 0.877016 0.374863 0.866398 0.390933 0.888781 0.379454 0.898538 0.362811 0.877016
0 0.301581 0.840764 0.310575 0.832220 0.309901 0.829297 0.324740 0.815582 0.344301 0.838740 0.327438 0.853130 0.321817 0.845711 0.311924 0.852681 0.301581 0.840764
0 0.097314 0.878374 0.110021 0.876985 0.112563 0.903424 0.102479 0.904610 0.097314 0.878374
0 0.081532 0.799188 0.097496 0.799188 0.097721 0.819424 0.080633 0.820098 0.081532 0.799188
0 0.105167 0.769207 0.122255 0.766509 0.124054 0.780000 0.111913 0.781349 0.111688 0.779100 0.103144 0.780225 0.105167 0.769207
0 0.060649 0.690513 0.086281 0.694335 0.079760 0.722665 0.054578 0.717044 0.060649 0.690513
0 0.072116 0.681069 0.085157 0.672526 0.091677 0.683543 0.079985 0.691187 0.072116 0.681069
0 0.126093 0.666628 0.144063 0.668566 0.143710 0.677903 0.140187 0.677375 0.138601 0.697458 0.122922 0.697106 0.126093 0.666628
0 0.347157 0.456350 0.360070 0.454915 0.366096 0.483037 0.375566 0.510299 0.372409 0.512594 0.374418 0.522638 0.364375 0.522638 0.362366 0.514316 0.358348 0.516325 0.352322 0.504273 0.357487 0.501977 0.348879 0.485907 0.347157 0.456350
0 0.386320 0.421393 0.422520 0.413973 0.422520 0.425440 0.404982 0.427913 0.392616 0.434659 0.386320 0.421393
0 0.389243 0.383620 0.422520 0.375750 0.426792 0.388791 0.427241 0.407453 0.411727 0.409701 0.411503 0.407228 0.390817 0.409476 0.389243 0.383620
0 0.393024 0.351902 0.408089 0.353027 0.407189 0.369440 0.392799 0.369215 0.393024 0.351902
1 0.133403 0.203277 0.153180 0.196685 0.162336 0.216828 0.144024 0.224520 0.133403 0.203277
4 0.046560 0.000002 0.047126 0.002996 0.048025 0.007718 0.030263 0.015588 0.015648 0.004795 0.016133 0.000001 0.046560 0.000002
4 0.054627 0.000002 0.055713 0.006533 0.049364 0.008190 0.047458 0.000002 0.054627 0.000002
0 0.441384 0.409240 0.457063 0.405893 0.471685 0.399551 0.481022 0.428619 0.460411 0.428090 0.439447 0.425448 0.441384 0.409240
0 0.477323 0.399199 0.493002 0.399022 0.492121 0.410297 0.479085 0.411002 0.477323 0.399199
0 0.494059 0.405893 0.525655 0.402631 0.529959 0.414396 0.537457 0.409841 0.544635 0.417433 0.541450 0.420591 0.543474 0.430259 0.538527 0.431384 0.538527 0.435656 0.526161 0.437679 0.522114 0.424189 0.494009 0.427786 0.494059 0.405893
0 0.539732 0.433288 0.551874 0.430365 0.562216 0.473760 0.544454 0.478931 0.539732 0.433288
0 0.553705 0.365024 0.571209 0.370190 0.561166 0.407781 0.542800 0.401468 0.553705 0.365024
0 0.570587 0.382676 0.594018 0.385143 0.591551 0.403112 0.567768 0.400998 0.570587 0.382676
0 0.557979 0.422309 0.576199 0.424104 0.576199 0.438045 0.557427 0.436251 0.557979 0.422309
0 0.582294 0.439147 0.599735 0.438971 0.600087 0.457292 0.581590 0.457116 0.582294 0.439147
0 0.658300 0.497095 0.664994 0.482121 0.677326 0.489873 0.679440 0.484764 0.698819 0.497624 0.691420 0.506432 0.678207 0.499033 0.672746 0.506785 0.658300 0.497095
0 0.675388 0.517003 0.700052 0.502909 0.713088 0.524754 0.690891 0.538848 0.675388 0.517003
0 0.648453 0.512598 0.656733 0.504495 0.671179 0.517003 0.681221 0.529863 0.669593 0.537967 0.658319 0.526164 0.662371 0.522640 0.648453 0.512598
0 0.707024 0.505171 0.722806 0.494267 0.733137 0.509189 0.716493 0.518085 0.707024 0.505171
0 0.723004 0.524114 0.735864 0.515306 0.745377 0.527814 0.743087 0.529928 0.749077 0.536622 0.739916 0.541907 0.723004 0.524114
0 0.695251 0.547652 0.721078 0.531008 0.740304 0.552817 0.730834 0.559417 0.739156 0.568026 0.722225 0.578930 0.695251 0.547652
0 0.799107 0.534692 0.812672 0.540682 0.800516 0.570630 0.784661 0.564288 0.799107 0.534692
0 0.671918 0.584355 0.672593 0.562995 0.703621 0.564344 0.701822 0.580533 0.692829 0.581432 0.693053 0.587503 0.671918 0.584355
0 0.639766 0.556700 0.671019 0.568841 0.660002 0.603242 0.624927 0.588852 0.639766 0.556700
0 0.600326 0.555520 0.624430 0.553511 0.627013 0.581346 0.601187 0.582494 0.600326 0.555520
3 0.192761 0.414550 0.189832 0.409161 0.196392 0.406818 0.198266 0.412441 0.192761 0.414550
0 0.890615 0.030356 0.928834 0.005504 0.930528 0.013412 0.893063 0.039016 0.890615 0.030356
0 0.699113 0.685301 0.714935 0.694429 0.705401 0.707817 0.690796 0.698486 0.699113 0.685301
0 0.149636 0.604317 0.164242 0.586669 0.181687 0.596609 0.169516 0.615271 0.149636 0.604317
0 0.158765 0.629876 0.171544 0.615880 0.187367 0.631296 0.177224 0.642453 0.158765 0.629876
