0 0.311846 0.513086 0.343763 0.512368 0.344121 0.539271 0.311838 0.541782 0.311846 0.513086
0 0.329773 0.577293 0.358111 0.579087 0.357752 0.585543 0.366819 0.586037 0.364926 0.600609 0.361245 0.600697 0.360622 0.607783 0.364926 0.607783 0.361811 0.625863 0.347938 0.625202 0.347718 0.631589 0.324375 0.630708 0.326577 0.622780 0.312037 0.621525 0.314401 0.599057 0.328213 0.599882 0.328078 0.595286 0.330646 0.595556 0.330782 0.591230 0.326456 0.590960 0.326591 0.586634 0.329970 0.586498 0.329773 0.577293
0 0.243765 0.661122 0.273494 0.645487 0.287730 0.661151 0.277205 0.670468 0.275480 0.668570 0.273237 0.670986 0.274790 0.673919 0.260814 0.682374 0.243765 0.661122
0 0.297543 0.637211 0.304617 0.632553 0.308068 0.636694 0.310311 0.635486 0.318765 0.647391 0.303754 0.662747 0.308460 0.669697 0.285779 0.684010 0.277205 0.670468 0.287730 0.661151 0.304276 0.645473 0.297543 0.637211
0 0.367480 0.668946 0.375997 0.668675 0.375997 0.685980 0.366867 0.686312 0.367480 0.668946
0 0.306923 0.663945 0.326962 0.647429 0.332467 0.654256 0.337532 0.650072 0.365499 0.681562 0.341937 0.701602 0.327843 0.690136 0.328944 0.688169 0.306923 0.663945
0 0.290912 0.741386 0.304785 0.719144 0.320420 0.728393 0.321962 0.726631 0.326146 0.728613 0.327467 0.725310 0.338478 0.730155 0.322627 0.760540 0.312058 0.755784 0.313569 0.752969 0.290912 0.741386
0 0.253249 0.718568 0.258545 0.711153 0.267443 0.716873 0.267867 0.715814 0.272951 0.719203 0.274858 0.716873 0.290853 0.725983 0.281849 0.739223 0.261299 0.727889 0.262465 0.725135 0.253249 0.718568
0 0.197674 0.714824 0.204501 0.704033 0.206703 0.704694 0.211327 0.697207 0.213529 0.699189 0.219255 0.692582 0.242818 0.705134 0.241056 0.707336 0.248983 0.714383 0.240615 0.726275 0.244799 0.729578 0.235991 0.743011 0.197674 0.714824
0 0.255466 0.853898 0.263385 0.824106 0.290695 0.829793 0.290414 0.835695 0.294349 0.835976 0.287042 0.861271 0.255466 0.853898
0 0.215654 0.848342 0.218184 0.838787 0.212282 0.837381 0.216217 0.819113 0.253034 0.825577 0.248819 0.853120 0.215654 0.848342
0 0.262548 0.755566 0.271354 0.758193 0.270207 0.762080 0.290232 0.765571 0.289506 0.774471 0.257747 0.769505 0.262548 0.755566
0 0.209785 0.919781 0.216429 0.893002 0.237113 0.896280 0.237803 0.893347 0.260061 0.899041 0.253505 0.931651 0.209785 0.919781
0 0.391272 0.994741 0.407048 0.965527 0.428082 0.974876 0.429835 0.968449 0.442689 0.973707 0.426947 0.999008 0.399289 0.999007 0.391272 0.994741
0 0.287643 0.999006 0.294567 0.986787 0.301507 0.974499 0.333187 0.988072 0.324430 0.999007 0.287643 0.999006
0 0.000011 0.254694 0.014189 0.264523 0.006656 0.276718 0.023874 0.287121 0.009526 0.310795 0.000011 0.305938 0.000011 0.254694
0 0.000011 0.348039 0.014193 0.355316 0.009513 0.382767 0.000011 0.381387 0.000011 0.348039
0 0.208320 0.475354 0.221752 0.464784 0.235185 0.477997 0.239810 0.473813 0.247077 0.481960 0.224175 0.506404 0.211843 0.493632 0.218009 0.486365 0.208320 0.475354
0 0.148007 0.379392 0.169403 0.368867 0.174579 0.375941 0.152493 0.386466 0.148007 0.379392
0 0.259622 0.808327 0.259311 0.791543 0.276096 0.790921 0.275785 0.779421 0.292880 0.779421 0.294124 0.808327 0.259622 0.808327
0 0.345321 0.825940 0.358139 0.822904 0.359489 0.828976 0.345996 0.831000 0.345321 0.825940
0 0.750997 0.999006 0.782755 0.978416 0.798105 0.999005 0.750997 0.999006
