0 0.740213 0.335844 0.770363 0.331837 0.772462 0.341950 0.770744 0.349392 0.741931 0.353209 0.739259 0.346721 0.740213 0.335844
0 0.835626 0.482939 0.852228 0.470345 0.860623 0.480840 0.868829 0.494197 0.851273 0.507173 0.835626 0.482939
0 0.661942 0.667288 0.679285 0.661906 0.684070 0.679847 0.668520 0.683884 0.661942 0.667288
0 0.661942 0.667288 0.668520 0.683884 0.663736 0.686724 0.656859 0.670278 0.661942 0.667288
0 0.780539 0.663647 0.755508 0.710488 0.735494 0.700583 0.765684 0.654189 0.780539 0.663647
0 0.681080 0.727641 0.701862 0.710747 0.725036 0.735864 0.703507 0.752311 0.681080 0.727641
0 0.681080 0.727641 0.703507 0.752311 0.698722 0.755301 0.687210 0.742592 0.677043 0.731080 0.681080 0.727641
0 0.866533 0.275277 0.908131 0.267072 0.912138 0.291497 0.908322 0.292642 0.911566 0.310388 0.871494 0.320119 0.865769 0.298175 0.871494 0.297031 0.866533 0.275277
0 0.659233 0.495865 0.650265 0.496819 0.648357 0.479455 0.680796 0.476211 0.685375 0.518382 0.660378 0.520099 0.659233 0.495865
0 0.873742 0.173038 0.897664 0.164665 0.906036 0.188138 0.883012 0.197109 0.873742 0.173038
0 0.873742 0.173038 0.883012 0.197109 0.878227 0.198604 0.869257 0.175579 0.873742 0.173038
0 0.936795 0.302664 0.951488 0.299802 0.953396 0.311060 0.938894 0.313159 0.936795 0.302664
0 0.953396 0.311060 0.951488 0.299802 0.957594 0.299420 0.959311 0.310297 0.953396 0.311060
0 0.521405 0.362844 0.546002 0.358704 0.550386 0.372829 0.552578 0.372099 0.557448 0.385006 0.559397 0.385006 0.564267 0.403759 0.532607 0.411065 0.521405 0.362844
3 0.570426 0.391288 0.588349 0.389882 0.589169 0.403002 0.570543 0.405462 0.568903 0.391991 0.570426 0.391288
0 0.678133 0.545683 0.709869 0.538542 0.727323 0.615501 0.732084 0.615501 0.738828 0.654378 0.713439 0.656361 0.708679 0.632163 0.694794 0.632956 0.675356 0.546873 0.678133 0.545683
0 0.674717 0.718690 0.667879 0.709987 0.667879 0.692891 0.680311 0.691337 0.690879 0.695689 0.695853 0.701905 0.695853 0.708743 0.674717 0.718690
0 0.671260 0.444474 0.670529 0.426939 0.689038 0.427426 0.690012 0.444230 0.671260 0.444474
0 0.708034 0.440577 0.708277 0.430105 0.720454 0.432540 0.720210 0.439846 0.708034 0.440577
0 0.722162 0.411134 0.729756 0.385313 0.775323 0.411134 0.752033 0.456700 0.734819 0.448093 0.743426 0.428348 0.721655 0.416703 0.722162 0.411134
0 0.717605 0.404552 0.704948 0.398476 0.716086 0.380250 0.724187 0.385819 0.717605 0.404552
0 0.777161 0.442311 0.770323 0.436405 0.776229 0.424283 0.781202 0.414959 0.832488 0.439203 0.820987 0.462515 0.793324 0.451014 0.794257 0.449771 0.777161 0.442311
0 0.708053 0.328874 0.739450 0.325435 0.740497 0.334256 0.739301 0.343376 0.732573 0.344871 0.734517 0.355636 0.710146 0.357729 0.708053 0.328874
0 0.681725 0.344220 0.694145 0.335939 0.704130 0.350795 0.688544 0.360780 0.678559 0.347873 0.681725 0.344220
0 0.675363 0.301114 0.692919 0.296343 0.696353 0.317333 0.680134 0.322294 0.675363 0.301114
0 0.675363 0.301114 0.680134 0.322294 0.674600 0.323058 0.670020 0.301495 0.675363 0.301114
1 0.666048 0.269937 0.665285 0.261350 0.679406 0.259633 0.683413 0.284821 0.668529 0.288255 0.666048 0.269937
1 0.666048 0.269937 0.668529 0.288255 0.663758 0.289019 0.661087 0.271463 0.666048 0.269937
0 0.640007 0.802865 0.648785 0.795423 0.656608 0.801720 0.647640 0.810689 0.639435 0.804010 0.640007 0.802865
0 0.693894 0.357602 0.705499 0.350077 0.709279 0.356646 0.698962 0.364185 0.693894 0.357602
