0 0.205314 0.965081 0.221533 0.962791 0.220579 0.959356 0.230693 0.958402 0.234318 0.979392 0.225547 0.980479 0.224447 0.982764 0.209898 0.982823 0.205127 0.978816 0.203028 0.969848 0.205314 0.965081
0 0.246926 0.973208 0.248899 0.969848 0.266761 0.967558 0.279737 0.969848 0.282790 0.980724 0.280882 0.993891 0.281223 0.999006 0.266882 0.999006 0.267112 0.995846 0.265501 0.995082 0.251190 0.994701 0.250646 0.999006 0.234588 0.999006 0.232299 0.994128 0.241575 0.988549 0.238189 0.975345 0.246926 0.973208
0 0.284220 0.999006 0.284774 0.994892 0.297749 0.990694 0.301711 0.999006 0.284220 0.999006
0 0.322839 0.999007 0.322756 0.998221 0.326621 0.997545 0.323033 0.983807 0.335436 0.981326 0.342150 0.999007 0.322839 0.999007
0 0.342257 0.999007 0.338489 0.985142 0.341733 0.982089 0.348984 0.980944 0.352037 0.982853 0.353564 0.986860 0.359018 0.999007 0.342257 0.999007
0 0.236704 0.936990 0.261701 0.945386 0.257313 0.954355 0.232315 0.946531 0.236704 0.936990
0 0.267617 0.909703 0.281546 0.910467 0.284218 0.963323 0.270288 0.961033 0.265709 0.956454 0.262274 0.911993 0.267617 0.909703
0 0.304826 0.896728 0.325244 0.895392 0.331350 0.901307 0.331159 0.911612 0.328297 0.915810 0.318756 0.916000 0.318947 0.932220 0.322954 0.937372 0.322763 0.953019 0.304254 0.952828 0.304063 0.949394 0.299292 0.949203 0.299292 0.936609 0.305971 0.937181 0.304826 0.896728
0 0.225353 0.831012 0.240414 0.828430 0.250842 0.835356 0.250786 0.868827 0.225464 0.870085 0.222792 0.864360 0.225353 0.831012
0 0.148567 0.801644 0.157535 0.799545 0.156772 0.791722 0.172037 0.789814 0.177189 0.813093 0.172991 0.817291 0.150475 0.820726 0.148567 0.801644
0 0.163069 0.821489 0.175281 0.817482 0.176235 0.811185 0.180051 0.808132 0.187303 0.809277 0.189974 0.820535 0.185204 0.823398 0.187493 0.835992 0.172419 0.838091 0.167648 0.836182 0.163069 0.821489
0 0.192086 0.776110 0.210977 0.765042 0.221663 0.782407 0.203535 0.794237 0.199528 0.791757 0.192086 0.776110
0 0.186013 0.740264 0.195480 0.732088 0.203656 0.739834 0.194619 0.751882 0.186013 0.740264
0 0.251918 0.751906 0.268201 0.750576 0.269595 0.771994 0.278996 0.772125 0.279388 0.783223 0.270640 0.785182 0.255007 0.786769 0.251918 0.751906
0 0.234637 0.766082 0.246256 0.765652 0.249268 0.793191 0.236359 0.794482 0.234637 0.766082
0 0.264328 0.815997 0.280250 0.807821 0.289286 0.837512 0.274656 0.840955 0.264328 0.815997
0 0.313383 0.768234 0.321128 0.750591 0.337049 0.756185 0.324140 0.788028 0.300474 0.778131 0.307359 0.762640 0.313383 0.768234
0 0.331228 0.791227 0.348440 0.789076 0.350591 0.834258 0.352312 0.835979 0.359197 0.896221 0.338973 0.896651 0.330367 0.842003 0.326494 0.805858 0.331228 0.791227
0 0.334683 0.736352 0.342125 0.728528 0.351093 0.730055 0.353192 0.735398 0.350712 0.742840 0.342697 0.747992 0.334683 0.736352
0 0.196670 0.536445 0.196670 0.536014 0.216464 0.531281 0.221197 0.558821 0.203125 0.561833 0.196670 0.536445
0 0.240131 0.548924 0.259925 0.545051 0.262506 0.567857 0.255191 0.568287 0.256482 0.579905 0.245294 0.581196 0.240131 0.548924
3 0.376967 0.607445 0.395900 0.603142 0.403215 0.647463 0.384712 0.648754 0.376967 0.607445
0 0.252392 0.526082 0.264414 0.525700 0.265177 0.534287 0.252774 0.535050 0.252392 0.526082
0 0.227017 0.617669 0.232607 0.627123 0.222466 0.632129 0.218260 0.622673 0.227017 0.617669
0 0.258532 0.839704 0.269277 0.839704 0.273992 0.851256 0.273521 0.871294 0.256075 0.871294 0.253011 0.865636 0.253718 0.856914 0.255840 0.856442 0.258532 0.839704
0 0.234387 0.870587 0.246174 0.867994 0.253482 0.870587 0.254425 0.894869 0.234622 0.896755 0.235330 0.881196 0.234387 0.870587
0 0.258669 0.883789 0.285544 0.883789 0.284601 0.897934 0.259376 0.898641 0.258669 0.895576 0.258669 0.883789
0 0.347625 0.775924 0.358332 0.775663 0.359508 0.788721 0.348440 0.789076 0.347625 0.775924
0 0.357214 0.937405 0.367907 0.937827 0.367907 0.946972 0.357214 0.946690 0.357214 0.937405
0 0.330765 0.955272 0.340350 0.953732 0.351013 0.958651 0.351446 0.967794 0.330202 0.966668 0.330765 0.955272
0 0.334593 0.945243 0.349327 0.946121 0.354791 0.950316 0.353892 0.958502 0.344542 0.955329 0.340841 0.953221 0.333910 0.953829 0.334593 0.945243
0 0.334805 0.944136 0.336313 0.928127 0.337634 0.928023 0.338478 0.900448 0.343965 0.900870 0.344008 0.922075 0.351994 0.923360 0.351385 0.930128 0.344550 0.929451 0.344550 0.944813 0.334805 0.944136
