0 0.000010 0.278834 0.025287 0.276877 0.029426 0.291401 0.033377 0.289420 0.036831 0.295328 0.034568 0.296857 0.037705 0.303554 0.007760 0.313858 0.003473 0.297237 0.000010 0.297690 0.000010 0.278834
0 0.061783 0.270545 0.018096 0.271325 0.016522 0.254024 0.020753 0.253670 0.019967 0.244335 0.046120 0.242256 0.047064 0.248983 0.060090 0.247992 0.061783 0.270545
0 0.090130 0.252711 0.089039 0.240192 0.085787 0.240420 0.085287 0.233374 0.071104 0.234143 0.070252 0.223213 0.097694 0.220593 0.096701 0.212675 0.119824 0.208010 0.125509 0.229553 0.102153 0.232627 0.104473 0.251188 0.090130 0.252711
0 0.192305 0.317050 0.182213 0.310554 0.193001 0.294429 0.202282 0.299533 0.192305 0.317050
0 0.199357 0.322149 0.204687 0.309120 0.213718 0.313858 0.217864 0.304382 0.231929 0.309416 0.223045 0.331180 0.209128 0.327035 0.199357 0.322149
0 0.263289 0.300736 0.213971 0.274093 0.230977 0.246694 0.270091 0.241781 0.266690 0.269747 0.279350 0.275605 0.263289 0.300736
0 0.419635 0.281667 0.410263 0.232409 0.436988 0.227098 0.442582 0.250261 0.434668 0.251926 0.436792 0.261709 0.444086 0.260247 0.448113 0.275883 0.419635 0.281667
1 0.381868 0.235888 0.365240 0.242313 0.359004 0.230030 0.372987 0.222472 0.381868 0.235888
0 0.492102 0.220257 0.488407 0.193308 0.530026 0.189355 0.535525 0.216026 0.492102 0.220257
0 0.542627 0.246729 0.539350 0.215091 0.555047 0.214783 0.558433 0.246794 0.542627 0.246729
0 0.565726 0.200148 0.562220 0.173411 0.593059 0.170237 0.597616 0.197727 0.565726 0.200148
0 0.678217 0.221812 0.644651 0.219954 0.645419 0.203398 0.679018 0.205356 0.678217 0.221812
0 0.689771 0.217784 0.693503 0.197020 0.713655 0.199998 0.708302 0.229808 0.683111 0.226635 0.684018 0.217197 0.689771 0.217784
0 0.644253 0.167465 0.633023 0.167880 0.631942 0.152998 0.643323 0.152397 0.644253 0.167465
0 0.782404 0.188252 0.752384 0.181410 0.757262 0.159521 0.786299 0.165714 0.782404 0.188252
0 0.737503 0.163336 0.712061 0.162462 0.712422 0.135361 0.737695 0.135903 0.737503 0.163336
0 0.784428 0.141908 0.784183 0.124456 0.809689 0.123408 0.810193 0.140639 0.784428 0.141908
0 0.858997 0.041702 0.830299 0.056895 0.818000 0.034226 0.847663 0.020238 0.863097 0.005045 0.856456 0.001568 0.838195 0.006611 0.829821 0.000004 0.871450 0.000004 0.879979 0.007457 0.885767 0.019515 0.858997 0.041702
0 0.538754 0.121385 0.530854 0.092167 0.578780 0.080775 0.588256 0.107957 0.538754 0.121385
0 0.608210 0.096677 0.595167 0.037464 0.605064 0.035155 0.603553 0.029482 0.608900 0.028483 0.610472 0.033983 0.619507 0.032805 0.629720 0.077980 0.631326 0.091090 0.608210 0.096677
0 0.634434 0.092908 0.630899 0.082301 0.656040 0.078373 0.662325 0.093301 0.663111 0.108621 0.638496 0.113731 0.628542 0.112156 0.623435 0.096836 0.634434 0.092908
4 0.999010 0.000821 0.982926 0.014165 0.969175 0.000001 0.999010 0.000000 0.999010 0.000821
3 0.067407 0.250799 0.078499 0.250381 0.079205 0.261872 0.070935 0.262000 0.071449 0.268082 0.062975 0.268517 0.062344 0.255906 0.067644 0.255729 0.067407 0.250799
4 0.620779 0.000007 0.638779 0.004791 0.639171 0.013805 0.603899 0.005183 0.605465 0.000007 0.620779 0.000007
0 0.158970 0.292506 0.176071 0.304366 0.166417 0.312364 0.164211 0.312640 0.163107 0.322845 0.153454 0.322845 0.156212 0.307676 0.150696 0.302711 0.158970 0.292506
