4 0.534252 0.000008 0.531077 0.008294 0.517247 0.009911 0.511420 0.029387 0.487102 0.022608 0.490787 0.004272 0.499684 0.003575 0.501546 0.000008 0.534252 0.000008
0 0.515020 0.035462 0.535128 0.037309 0.534102 0.048799 0.514199 0.046542 0.515020 0.035462
0 0.542965 0.050083 0.557468 0.049230 0.558321 0.059467 0.566852 0.059041 0.570265 0.086767 0.557895 0.087194 0.559174 0.091886 0.529315 0.093592 0.526329 0.062453 0.544244 0.059894 0.542965 0.050083
0 0.614930 0.000007 0.639294 0.013590 0.621465 0.040129 0.606766 0.032917 0.608944 0.028561 0.587711 0.017129 0.595333 0.006785 0.597758 0.008462 0.602131 0.000007 0.614930 0.000007
0 0.682175 0.107049 0.696678 0.083161 0.713314 0.093825 0.700090 0.116006 0.682175 0.107049
0 0.785438 0.053975 0.799810 0.054978 0.795461 0.093497 0.776080 0.089069 0.785438 0.053975
0 0.874839 0.085298 0.874315 0.070372 0.885838 0.068015 0.885576 0.085037 0.874839 0.085298
0 0.902556 0.048050 0.932302 0.058411 0.923278 0.083812 0.889187 0.071445 0.892529 0.061753 0.897877 0.063758 0.902556 0.048050
4 0.953669 0.000002 0.948252 0.011709 0.916038 0.000003 0.953669 0.000002
0 0.906364 0.267588 0.912856 0.247192 0.935295 0.257739 0.928319 0.277026 0.906364 0.267588
0 0.946761 0.125789 0.988932 0.145035 0.945148 0.256852 0.902080 0.239628 0.946761 0.125789
0 0.877660 0.341303 0.901921 0.350331 0.894641 0.372212 0.888280 0.370981 0.887870 0.377137 0.869198 0.370160 0.869608 0.364826 0.852898 0.360451 0.858873 0.341820 0.871209 0.344832 0.877660 0.341303
0 0.869134 0.399868 0.892775 0.408861 0.882604 0.433467 0.852126 0.422226 0.857211 0.407292 0.860849 0.397980 0.869134 0.399868
0 0.849117 0.433763 0.881203 0.444124 0.877527 0.457158 0.875521 0.456490 0.872847 0.466182 0.868837 0.465848 0.865995 0.479302 0.861149 0.477880 0.858810 0.486570 0.834412 0.479886 0.835414 0.474872 0.830401 0.471864 0.843101 0.434765 0.849117 0.436771 0.849117 0.433763
0 0.746217 0.566980 0.798745 0.586268 0.787254 0.614378 0.731444 0.595091 0.746217 0.566980
0 0.715504 0.560373 0.730482 0.564682 0.721044 0.592792 0.705244 0.589920 0.715504 0.560373
0 0.723114 0.592454 0.732561 0.564742 0.744402 0.567135 0.730797 0.593588 0.723114 0.592454
0 0.727444 0.450838 0.754155 0.385107 0.772500 0.391185 0.773929 0.380225 0.791083 0.384752 0.787271 0.397141 0.794484 0.400558 0.785842 0.420722 0.764630 0.413128 0.749704 0.460003 0.727444 0.450838
0 0.714070 0.258464 0.723759 0.240657 0.734496 0.247465 0.725068 0.264487 0.714070 0.258464
0 0.720355 0.227039 0.731091 0.207399 0.746804 0.218659 0.737376 0.238038 0.720355 0.227039
0 0.661412 0.171821 0.682624 0.149300 0.698337 0.167631 0.678958 0.189367 0.661412 0.171821
0 0.655673 0.147039 0.669660 0.136428 0.679467 0.148646 0.666766 0.160865 0.655673 0.147039
0 0.999011 0.786826 0.994213 0.790985 0.991894 0.789643 0.983617 0.789705 0.961951 0.794079 0.957879 0.789075 0.957910 0.775612 0.961288 0.759386 0.964334 0.744676 0.999011 0.745504 0.999011 0.786826
0 0.999010 0.872435 0.977273 0.874673 0.972313 0.876840 0.959876 0.880723 0.955913 0.866806 0.954231 0.847389 0.957014 0.833391 0.956816 0.824004 0.960032 0.806666 0.960513 0.795411 0.981254 0.790143 0.999011 0.791830 0.999010 0.872435
0 0.956353 0.991956 0.950068 0.993789 0.927023 0.967602 0.917511 0.971905 0.896321 0.950704 0.912881 0.931201 0.917636 0.933558 0.928876 0.922338 0.970917 0.979406 0.956353 0.991956
0 0.732289 0.877252 0.745529 0.842621 0.754888 0.845629 0.756224 0.841284 0.773604 0.847969 0.759567 0.888744 0.732289 0.877252
0 0.816818 0.743476 0.835149 0.755261 0.829911 0.761022 0.838815 0.767307 0.828340 0.786424 0.820484 0.783019 0.822579 0.780401 0.816032 0.775687 0.817603 0.772282 0.802938 0.763902 0.816818 0.743476
0 0.773973 0.750286 0.779989 0.739591 0.805056 0.752960 0.802938 0.763902 0.773973 0.750286
0 0.797413 0.705357 0.802426 0.694662 0.798415 0.693659 0.800755 0.683966 0.805100 0.683298 0.807105 0.674942 0.835848 0.683966 0.825822 0.707696 0.830167 0.711373 0.825153 0.718726 0.797413 0.705357
4 0.999011 0.603743 0.988159 0.595639 0.999011 0.581790 0.999011 0.603743
4 0.999011 0.645331 0.986663 0.637667 0.984894 0.623037 0.987788 0.603423 0.993897 0.606960 0.999011 0.612214 0.999011 0.645331
0 0.355922 0.780622 0.371297 0.768590 0.390348 0.793991 0.359265 0.817721 0.333195 0.789646 0.341217 0.782627 0.343222 0.785301 0.351578 0.779285 0.355922 0.780622
0 0.696589 0.631605 0.712040 0.617463 0.724348 0.628986 0.710206 0.643389 0.696589 0.631605
0 0.680353 0.647317 0.696589 0.631605 0.710206 0.643389 0.696065 0.659625 0.680353 0.647317
0 0.618557 0.123672 0.638721 0.103508 0.643697 0.107960 0.646316 0.106650 0.657046 0.120463 0.654958 0.126553 0.657053 0.128386 0.640031 0.145408 0.618557 0.123672
0 0.575680 0.117518 0.582750 0.106782 0.586416 0.108091 0.589297 0.105734 0.602129 0.114376 0.599772 0.120399 0.606057 0.124589 0.598201 0.133755 0.575680 0.117518
0 0.720737 0.061202 0.730311 0.065989 0.723257 0.078585 0.712676 0.072791 0.720737 0.061202
0 0.731648 0.985290 0.736319 0.973587 0.748412 0.978886 0.742259 0.991560 0.731648 0.985290
0 0.709084 0.980706 0.711592 0.961203 0.736517 0.971766 0.731365 0.984948 0.709084 0.980706
4 0.595271 0.000007 0.583470 0.013784 0.568687 0.000008 0.595271 0.000007
0 0.931877 0.487931 0.948281 0.488779 0.946584 0.514799 0.949695 0.514799 0.945452 0.578717 0.930180 0.588050 0.922544 0.588616 0.928766 0.513102 0.931594 0.513385 0.931877 0.487931
0 0.755209 0.999006 0.744483 0.994198 0.751838 0.975757 0.774862 0.986843 0.770132 0.999005 0.755209 0.999006
0 0.710808 0.913908 0.734076 0.916124 0.732747 0.937841 0.709479 0.937841 0.710808 0.913908
0 0.762065 0.887917 0.777171 0.851282 0.790888 0.857185 0.775261 0.894515 0.762065 0.887917
0 0.023007 0.857376 0.038889 0.845464 0.064879 0.880478 0.049718 0.891668 0.023007 0.857376
0 0.199536 0.407800 0.228413 0.411049 0.225164 0.424765 0.197731 0.420795 0.199536 0.407800
0 0.273533 0.381089 0.290137 0.382533 0.287972 0.391918 0.294830 0.391918 0.292303 0.408522 0.272089 0.406717 0.273533 0.381089
0 0.520558 0.123618 0.532437 0.124183 0.529043 0.138890 0.516316 0.135779 0.520558 0.123618
0 0.710675 0.999006 0.709084 0.980706 0.728014 0.985576 0.744483 0.994198 0.755209 0.999006 0.710675 0.999006
0 0.270485 0.992678 0.272480 0.979825 0.283781 0.979825 0.281565 0.968745 0.292645 0.967415 0.294640 0.978052 0.297299 0.977830 0.298185 0.988246 0.270485 0.992678
0 0.448897 0.372780 0.458513 0.356093 0.468695 0.372780 0.468978 0.382961 0.468695 0.399365 0.454271 0.402759 0.450029 0.392012 0.448897 0.372780
0 0.489058 0.385507 0.497260 0.373628 0.531765 0.398517 0.522714 0.411244 0.489058 0.385507
0 0.767145 0.358524 0.777729 0.342061 0.800660 0.356761 0.790076 0.374988 0.767145 0.358524
0 0.764510 0.671466 0.777237 0.640921 0.800994 0.649972 0.798449 0.655628 0.801843 0.657325 0.794772 0.674294 0.786287 0.669769 0.781196 0.677123 0.764510 0.671466
0 0.732551 0.771869 0.741318 0.748960 0.757439 0.754899 0.747257 0.777808 0.732551 0.771869
0 0.736510 0.731991 0.743298 0.714738 0.760550 0.721243 0.752914 0.739910 0.736510 0.731991
0 0.764491 0.807437 0.769582 0.799235 0.787117 0.805174 0.781743 0.814224 0.764491 0.807437
0 0.773973 0.750286 0.802938 0.763902 0.795602 0.784811 0.765905 0.772083 0.773973 0.750286
0 0.531940 0.264648 0.542404 0.247962 0.555132 0.258709 0.544950 0.272850 0.531940 0.264648
0 0.752453 0.502163 0.795442 0.504425 0.795159 0.524223 0.799119 0.523940 0.796573 0.542889 0.800816 0.543455 0.795725 0.576828 0.764614 0.573717 0.749342 0.565798 0.752453 0.502163
0 0.013199 0.841774 0.014397 0.821010 0.021984 0.817417 0.029171 0.821809 0.028772 0.842572 0.013199 0.841774
0 0.436887 0.335372 0.446050 0.327082 0.453031 0.332754 0.446486 0.342353 0.436887 0.335372
0 0.157807 0.941729 0.162572 0.931972 0.177774 0.936510 0.182085 0.926980 0.193431 0.930837 0.187985 0.949217 0.157807 0.941729
