0 0.692353 0.187827 0.683395 0.143077 0.736815 0.130817 0.738445 0.141756 0.767362 0.134656 0.777559 0.171851 0.755783 0.177651 0.759663 0.195424 0.755514 0.198705 0.758652 0.216374 0.725937 0.228079 0.715862 0.230288 0.718381 0.235117 0.702241 0.237799 0.688722 0.189955 0.692353 0.187827
0 0.696716 0.309926 0.736805 0.299949 0.748019 0.297511 0.758739 0.343772 0.699362 0.359573 0.686567 0.312326 0.696716 0.309926
0 0.753909 0.436243 0.747882 0.414928 0.774103 0.407361 0.780287 0.431891 0.782924 0.441990 0.780132 0.448167 0.769714 0.449345 0.753909 0.436243
0 0.617278 0.442619 0.619572 0.435885 0.635266 0.428186 0.637190 0.423152 0.644001 0.426113 0.643705 0.429667 0.662804 0.438106 0.659398 0.450838 0.654069 0.457501 0.653328 0.463719 0.647417 0.464823 0.641048 0.464874 0.630084 0.456316 0.632305 0.453059 0.617647 0.442696 0.617278 0.442619
0 0.605891 0.422977 0.609434 0.417595 0.608097 0.411615 0.608974 0.405164 0.615141 0.405969 0.621678 0.412781 0.621042 0.416417 0.619315 0.417417 0.618433 0.422408 0.617861 0.430778 0.608327 0.433952 0.602663 0.428952 0.605891 0.422977
0 0.829755 0.152100 0.819929 0.133204 0.830103 0.128104 0.828181 0.120478 0.837691 0.112796 0.861663 0.133341 0.862554 0.139412 0.846572 0.151911 0.844682 0.152100 0.839392 0.153989 0.829377 0.151344 0.829755 0.152100
0 0.874233 0.076027 0.905170 0.106314 0.897745 0.111931 0.888975 0.112083 0.879478 0.116595 0.874422 0.117489 0.869322 0.115708 0.864677 0.109879 0.858440 0.103750 0.866053 0.097933 0.856849 0.092089 0.862706 0.086987 0.863651 0.080751 0.874044 0.076594 0.874233 0.076027
0 0.900500 0.067495 0.912221 0.058993 0.918627 0.054855 0.930899 0.062505 0.940538 0.073639 0.936692 0.079205 0.928516 0.085290 0.922406 0.092532 0.910124 0.087997 0.910313 0.087619 0.905433 0.080055 0.897546 0.073058 0.900500 0.067495
0 0.936614 0.041979 0.945899 0.027678 0.952450 0.028016 0.958336 0.035579 0.962089 0.037074 0.968134 0.043301 0.961543 0.047796 0.960757 0.053137 0.956079 0.060106 0.936614 0.041979
0 0.929937 0.014756 0.934573 0.009721 0.938020 0.008897 0.944642 0.013804 0.947307 0.017548 0.940875 0.022792 0.935947 0.021081 0.929937 0.014756
0 0.901481 0.164227 0.919568 0.144210 0.930903 0.145416 0.942479 0.153133 0.954537 0.169532 0.931385 0.187620 0.928250 0.189308 0.901481 0.164709 0.901481 0.164227
0 0.999006 0.212241 0.982753 0.216559 0.975257 0.194933 0.999006 0.186586 0.999006 0.212241
0 0.956548 0.288884 0.979168 0.364771 0.926829 0.376729 0.905285 0.300966 0.956548 0.288884
0 0.999006 0.329933 0.977222 0.334751 0.975297 0.329273 0.971004 0.329273 0.968191 0.319354 0.969967 0.318909 0.969819 0.317873 0.999006 0.310431 0.999006 0.329933
0 0.915522 0.462525 0.957481 0.449201 0.975947 0.462186 0.930474 0.462551 0.915522 0.462525
0 0.243277 0.450564 0.240168 0.450860 0.233949 0.432946 0.228600 0.425421 0.232073 0.421026 0.229951 0.416956 0.229212 0.412070 0.231961 0.411181 0.235874 0.412811 0.237080 0.419004 0.242092 0.417400 0.255269 0.444198 0.242685 0.450564 0.243277 0.450564
0 0.182758 0.361922 0.179057 0.353631 0.189377 0.349465 0.193057 0.357776 0.182758 0.361922
0 0.333773 0.427954 0.339991 0.425437 0.360832 0.467118 0.325896 0.467397 0.307272 0.467040 0.307124 0.461118 0.301201 0.451346 0.298536 0.447793 0.296908 0.446312 0.301201 0.440982 0.333773 0.427954
0 0.365640 0.454072 0.350211 0.419602 0.374074 0.415702 0.372650 0.405150 0.383963 0.404857 0.391305 0.449462 0.365640 0.454072
0 0.407060 0.460081 0.389441 0.414037 0.419941 0.403081 0.423642 0.406930 0.435486 0.437577 0.429860 0.447793 0.407356 0.459193 0.407060 0.460081
0 0.280585 0.424942 0.322200 0.407468 0.333773 0.427954 0.301201 0.440982 0.290381 0.445965 0.280585 0.424942
0 0.814847 0.091563 0.818977 0.095763 0.821466 0.113351 0.809491 0.119509 0.795897 0.091944 0.814847 0.091563
0 0.877528 0.046509 0.882191 0.040603 0.895867 0.021021 0.916070 0.040914 0.906746 0.048685 0.898664 0.045576 0.888096 0.052725 0.877528 0.046509
0 0.864479 0.000004 0.871901 0.005722 0.849244 0.016670 0.839608 0.002683 0.849865 0.000004 0.864479 0.000004
4 0.999006 0.303276 0.996498 0.304561 0.980951 0.253284 0.999006 0.249028 0.999006 0.303276
0 0.195687 0.365820 0.198827 0.374342 0.188660 0.378229 0.184623 0.370455 0.195687 0.365820
0 0.213030 0.365371 0.216890 0.373703 0.207784 0.376884 0.203910 0.368810 0.213030 0.365371
0 0.590595 0.428338 0.596406 0.422229 0.602663 0.428952 0.597747 0.433702 0.590595 0.428338
