0 0.868435 0.718780 0.915937 0.730870 0.894444 0.777888 0.851456 0.764454 0.868435 0.718780
0 0.551888 0.419212 0.610996 0.433989 0.605622 0.462199 0.537500 0.451161 0.551888 0.419212
0 0.728632 0.400618 0.753373 0.412675 0.729050 0.416799 0.728632 0.400618
0 0.810960 0.397461 0.854309 0.392347 0.857962 0.412804 0.813639 0.415970 0.810960 0.397461
0 0.774833 0.417716 0.808466 0.416043 0.897714 0.429262 0.902662 0.383078 0.965340 0.383903 0.952145 0.428437 0.919704 0.428077 0.910693 0.482386 0.905823 0.481168 0.905092 0.493102 0.877307 0.487257 0.879495 0.454529 0.769885 0.436684 0.774833 0.417716
0 0.913417 0.481448 0.936696 0.480494 0.937651 0.503964 0.910936 0.503201 0.913417 0.481448
0 0.290811 0.188409 0.307139 0.186641 0.310419 0.199176 0.293785 0.201636 0.290811 0.188409
0 0.271530 0.201488 0.291081 0.194695 0.290622 0.204425 0.273733 0.209840 0.271530 0.201488
0 0.715844 0.856437 0.727489 0.841754 0.757867 0.863525 0.749766 0.875170 0.715844 0.856437
4 0.999010 0.463480 0.989370 0.463134 0.989752 0.423443 0.999010 0.422754 0.999010 0.463480
0 0.972185 0.914152 0.957387 0.929127 0.946641 0.917675 0.943646 0.914681 0.949459 0.908162 0.955449 0.913800 0.964434 0.904815 0.972185 0.914152
0 0.038522 0.973801 0.041912 0.969903 0.051318 0.966429 0.056403 0.971089 0.062180 0.976398 0.063560 0.987855 0.048101 0.989649 0.038522 0.973801
