0 0.229755 0.724559 0.267918 0.701280 0.285664 0.726849 0.247310 0.750320 0.229755 0.724559
0 0.357603 0.733719 0.340620 0.713110 0.344818 0.710820 0.332987 0.694219 0.354168 0.682579 0.377639 0.717881 0.357603 0.733719
0 0.684589 0.893841 0.694511 0.884491 0.704243 0.894604 0.693939 0.904526 0.684589 0.893841
0 0.815439 0.843225 0.830127 0.828967 0.847685 0.844875 0.834320 0.857308 0.815439 0.843225
0 0.778547 0.830442 0.810937 0.803165 0.826037 0.818265 0.793890 0.845784 0.778547 0.830442
0 0.757590 0.762731 0.772242 0.750770 0.779568 0.759143 0.764767 0.771702 0.757590 0.762731
0 0.576711 0.745202 0.591363 0.731298 0.598988 0.738923 0.585383 0.752379 0.576711 0.745202
0 0.614395 0.720517 0.637675 0.700672 0.632905 0.696284 0.650078 0.680064 0.659619 0.695520 0.650842 0.702008 0.658474 0.714984 0.629470 0.741507 0.619738 0.731394 0.624890 0.727387 0.614395 0.720517
0 0.585391 0.621711 0.608392 0.598399 0.628409 0.625364 0.632947 0.631035 0.644758 0.626373 0.666205 0.669577 0.654394 0.678280 0.639474 0.649685 0.617717 0.669266 0.625798 0.680456 0.618028 0.687294 0.598135 0.665226 0.623622 0.641603 0.607770 0.626684 0.600621 0.633211 0.585391 0.621711
0 0.608392 0.598399 0.623312 0.589696 0.639785 0.619535 0.628409 0.625364 0.608392 0.598399
0 0.756414 0.630727 0.775897 0.627561 0.779063 0.653863 0.760554 0.655811 0.756414 0.630727
0 0.760554 0.655811 0.779063 0.653863 0.778819 0.668475 0.765668 0.668962 0.765668 0.663604 0.760798 0.663117 0.760554 0.655811
0 0.792884 0.669434 0.833658 0.671700 0.833209 0.686317 0.814072 0.684857 0.813773 0.689193 0.792094 0.688146 0.792884 0.669434
0 0.479918 0.532439 0.533496 0.510764 0.539585 0.527081 0.488929 0.547781 0.479918 0.532439
0 0.513770 0.547051 0.542020 0.531708 0.552249 0.541206 0.557607 0.552896 0.529600 0.567995 0.513770 0.547051
0 0.521182 0.475874 0.538473 0.472221 0.544075 0.493895 0.526540 0.496574 0.521182 0.475874
0 0.547771 0.461942 0.568104 0.460746 0.568702 0.470763 0.547472 0.472258 0.547771 0.461942
0 0.553946 0.437765 0.586494 0.435927 0.587401 0.459268 0.555731 0.459577 0.553946 0.437765
0 0.628081 0.436371 0.656937 0.426653 0.663665 0.447884 0.654096 0.451472 0.656937 0.459845 0.641388 0.465227 0.628081 0.436371
0 0.656937 0.426653 0.666805 0.423663 0.672187 0.444295 0.663665 0.447884 0.656937 0.426653
0 0.750283 0.505309 0.756371 0.519191 0.733024 0.527868 0.729338 0.529420 0.722763 0.520652 0.750283 0.505309
0 0.756371 0.519191 0.758419 0.540245 0.745569 0.541439 0.745293 0.538777 0.733361 0.538502 0.733024 0.527868 0.756371 0.519191
0 0.699477 0.485291 0.731624 0.468730 0.744775 0.491379 0.718229 0.506722 0.699477 0.485291
0 0.813601 0.438467 0.831641 0.440341 0.830353 0.448893 0.822855 0.448190 0.820981 0.464825 0.811024 0.462364 0.813601 0.438467
0 0.766767 0.447910 0.778280 0.447611 0.778579 0.463309 0.766020 0.463608 0.766767 0.447910
0 0.766767 0.447910 0.767066 0.435052 0.777981 0.434902 0.778280 0.447611 0.766767 0.447910
0 0.776417 0.395416 0.806757 0.394462 0.806375 0.424420 0.777562 0.425184 0.776417 0.395416
0 0.809264 0.323677 0.836297 0.321973 0.837758 0.345839 0.810238 0.347300 0.809264 0.323677
0 0.723523 0.414562 0.735353 0.411127 0.740696 0.429827 0.729629 0.434025 0.723523 0.414562
0 0.729629 0.434025 0.720661 0.437460 0.714364 0.418378 0.723523 0.414562 0.729629 0.434025
0 0.737452 0.397961 0.754435 0.395671 0.757488 0.415325 0.743507 0.418587 0.740696 0.419332 0.737452 0.397961
0 0.757488 0.415325 0.757298 0.423149 0.744322 0.429827 0.743507 0.418587 0.757488 0.415325
0 0.715481 0.231481 0.728838 0.222703 0.738761 0.234534 0.726167 0.243121 0.715481 0.231481
0 0.738761 0.234534 0.749256 0.228046 0.759560 0.241022 0.748302 0.248273 0.738761 0.234534
0 0.702311 0.216937 0.715318 0.209462 0.721747 0.217685 0.709338 0.226058 0.702311 0.216937
0 0.690073 0.176117 0.710109 0.163905 0.723466 0.182796 0.704766 0.195008 0.690073 0.176117
0 0.717766 0.106017 0.730923 0.107213 0.729428 0.120370 0.716271 0.118576 0.717766 0.106017
0 0.616307 0.193317 0.627186 0.187100 0.637754 0.177776 0.651430 0.194560 0.632781 0.210412 0.616307 0.193317
0 0.592327 0.193053 0.596513 0.190063 0.593523 0.185578 0.604437 0.177354 0.612511 0.186923 0.611464 0.196193 0.600998 0.204416 0.592327 0.193053
0 0.518631 0.260460 0.544582 0.233746 0.553742 0.241951 0.524356 0.273054 0.518631 0.260460
0 0.559388 0.174675 0.548702 0.167234 0.539733 0.160173 0.551373 0.140137 0.562822 0.142236 0.574271 0.150442 0.559388 0.174675
0 0.411030 0.181595 0.433165 0.174726 0.436218 0.183503 0.416182 0.191136 0.411030 0.181595
0 0.543273 0.087271 0.555084 0.075161 0.563606 0.083534 0.551197 0.096392 0.543273 0.087271
0 0.486997 0.070089 0.495277 0.052068 0.504045 0.056233 0.501869 0.060184 0.520857 0.068108 0.514876 0.079770 0.493347 0.069902 0.491403 0.073042 0.486997 0.070089
0 0.524595 0.067659 0.543732 0.076480 0.537154 0.090534 0.532220 0.087245 0.529678 0.091581 0.521006 0.086498 0.523100 0.082610 0.517867 0.080069 0.524595 0.067659
0 0.520558 0.065267 0.526389 0.056446 0.533565 0.060483 0.532369 0.062426 0.542835 0.067958 0.538757 0.073232 0.520558 0.065267
0 0.573949 0.041035 0.582919 0.027131 0.589946 0.038194 0.581574 0.047015 0.573949 0.041035
0 0.924983 0.161487 0.951316 0.154999 0.957613 0.179615 0.937577 0.184767 0.934143 0.171791 0.926892 0.172936 0.924983 0.161487
0 0.922884 0.142978 0.940249 0.143359 0.940058 0.154236 0.922694 0.154427 0.922884 0.142978
4 0.999008 0.119081 0.991986 0.119133 0.992558 0.113374 0.987024 0.113374 0.987406 0.106123 0.999008 0.105771 0.999008 0.119081
4 0.999008 0.093955 0.987788 0.095055 0.986070 0.077500 0.991032 0.077309 0.988933 0.068531 0.995420 0.058227 0.999008 0.055698 0.999008 0.093955
0 0.959007 0.063424 0.956815 0.045646 0.981169 0.043454 0.982630 0.060258 0.959007 0.063424
4 0.999008 0.029210 0.985608 0.019971 0.992096 0.009285 0.999008 0.014291 0.999008 0.029210
0 0.307996 0.724209 0.315145 0.720479 0.324159 0.730114 0.318875 0.735398 0.307996 0.724209
0 0.265882 0.465451 0.265639 0.481038 0.259550 0.480551 0.260281 0.465695 0.265882 0.465451
0 0.247380 0.383513 0.248426 0.395623 0.239904 0.396969 0.236465 0.384560 0.247380 0.383513
0 0.420419 0.356639 0.418865 0.371869 0.410783 0.372801 0.410783 0.358814 0.420419 0.356639
0 0.434717 0.364098 0.457096 0.361301 0.458028 0.365963 0.476367 0.363788 0.481961 0.393316 0.461447 0.395802 0.462691 0.400775 0.440311 0.402329 0.434717 0.364098
0 0.358097 0.384078 0.338934 0.382552 0.339271 0.365543 0.400799 0.360116 0.401563 0.385593 0.395300 0.387256 0.394871 0.401369 0.360045 0.405996 0.358097 0.384078
0 0.641060 0.824130 0.664530 0.841112 0.659951 0.848364 0.654989 0.845120 0.652890 0.848745 0.633045 0.836533 0.641060 0.824130
0 0.704243 0.894604 0.694511 0.884491 0.697043 0.882351 0.706968 0.891341 0.704243 0.894604
0 0.547251 0.442936 0.553644 0.442444 0.555731 0.459577 0.547771 0.461942 0.547251 0.442936
