0 0.000347 0.999000 0.006450 0.981395 0.017136 0.977579 0.041942 0.988074 0.039145 0.999001 0.000347 0.999000
0 0.105726 0.836598 0.117748 0.847475 0.102864 0.864267 0.094659 0.868655 0.079203 0.859687 0.083401 0.853199 0.105726 0.836598
0 0.181012 0.419139 0.185883 0.431072 0.152518 0.449581 0.144725 0.435212 0.181012 0.419139
0 0.133763 0.492788 0.164705 0.463036 0.176606 0.472556 0.182556 0.479300 0.143098 0.512595 0.130504 0.496185 0.133763 0.492788
0 0.217914 0.377815 0.218401 0.390723 0.197700 0.392671 0.197213 0.380007 0.217914 0.377815
0 0.854254 0.842369 0.855564 0.841387 0.863909 0.841332 0.867018 0.842860 0.866909 0.851587 0.864836 0.853714 0.855018 0.853823 0.853436 0.851696 0.854254 0.842369
0 0.141703 0.714819 0.150532 0.710477 0.154439 0.708451 0.160518 0.721477 0.154439 0.726253 0.145611 0.725385 0.141703 0.714819
0 0.875965 0.842022 0.885905 0.841767 0.886669 0.852981 0.875710 0.852472 0.875965 0.842022
0 0.000012 0.604012 0.018826 0.596627 0.019834 0.613925 0.000012 0.613589 0.000012 0.604012
0 0.089320 0.894567 0.102535 0.900551 0.097299 0.909277 0.086328 0.906535 0.089320 0.894567
2 0.422727 0.960093 0.427804 0.975922 0.418545 0.978013 0.413767 0.962781 0.422727 0.960093
