0 0.000008 0.102197 0.065528 0.096971 0.073256 0.156343 0.000008 0.163089 0.000008 0.102197
0 0.289292 0.751830 0.313705 0.750003 0.316204 0.785469 0.291599 0.786815 0.289292 0.751830
0 0.337086 0.763716 0.358691 0.761525 0.374503 0.762151 0.375237 0.775303 0.375912 0.788609 0.364596 0.788536 0.365349 0.797799 0.336431 0.798326 0.337086 0.763716
0 0.332536 0.736546 0.342948 0.736543 0.343483 0.762619 0.332782 0.764023 0.331923 0.751388 0.332536 0.736546
0 0.338266 0.977156 0.356716 0.955166 0.368615 0.960363 0.373209 0.968044 0.355210 0.988980 0.338266 0.977156
0 0.383890 0.886285 0.403460 0.881588 0.425848 0.935758 0.502562 0.949535 0.511956 0.974115 0.410662 0.961277 0.383890 0.886285
0 0.730260 0.989564 0.741178 0.966747 0.771722 0.979014 0.761556 0.999006 0.758117 0.999006 0.730260 0.989564
3 0.612209 0.618616 0.637061 0.601069 0.649261 0.611989 0.620345 0.630956 0.612209 0.618616
0 0.668455 0.937413 0.674931 0.936961 0.674329 0.930711 0.691122 0.929280 0.693833 0.946601 0.669810 0.950291 0.668455 0.937413
3 0.714359 0.586558 0.714602 0.602144 0.699503 0.601901 0.700720 0.585827 0.714359 0.586558
3 0.986766 0.541052 0.971125 0.551058 0.959144 0.531361 0.973415 0.521100 0.986766 0.541052
0 0.374503 0.762151 0.384873 0.761005 0.384873 0.775303 0.375237 0.775303 0.374503 0.762151
