0 0.000011 0.720861 0.015594 0.703022 0.033240 0.715538 0.016004 0.736262 0.000011 0.722729 0.000011 0.720861
0 0.550100 0.901941 0.575502 0.897301 0.578383 0.909871 0.557975 0.912453 0.551633 0.904488 0.550100 0.901941
0 0.532345 0.917210 0.537885 0.914337 0.537475 0.912285 0.551633 0.904488 0.557975 0.912453 0.567432 0.927879 0.547941 0.940588 0.541426 0.931064 0.535974 0.934252 0.532659 0.928142 0.537286 0.924976 0.532345 0.917210
0 0.573290 0.823511 0.577875 0.791390 0.608147 0.794227 0.602631 0.829127 0.573290 0.823511
0 0.373921 0.821731 0.395835 0.803302 0.417319 0.829468 0.394309 0.848134 0.373921 0.821731
0 0.000010 0.976184 0.011786 0.959012 0.026535 0.967667 0.016053 0.985388 0.000010 0.976205 0.000010 0.976184
0 0.000010 0.911774 0.026199 0.923816 0.011696 0.944718 0.017103 0.951661 0.008778 0.959481 0.000010 0.952121 0.000010 0.911774
0 0.016731 0.945900 0.030100 0.921836 0.039459 0.926849 0.026090 0.955259 0.016731 0.945900
0 0.015088 0.877033 0.028443 0.875723 0.025563 0.910553 0.003303 0.908981 0.003565 0.899554 0.014302 0.900078 0.015088 0.877033
0 0.022777 0.838005 0.032104 0.838134 0.031134 0.861845 0.021188 0.859772 0.022777 0.838005
0 0.093490 0.854792 0.117701 0.858896 0.114829 0.873669 0.092464 0.867924 0.093490 0.854792
0 0.059269 0.863088 0.071988 0.857345 0.082658 0.871708 0.091891 0.869451 0.094148 0.883609 0.074040 0.885250 0.059269 0.863088
0 0.036436 0.860492 0.042385 0.850685 0.053852 0.855152 0.051066 0.864993 0.036436 0.860492
0 0.042385 0.850685 0.046546 0.845704 0.057128 0.848098 0.061536 0.848979 0.071988 0.857345 0.059269 0.863088 0.053852 0.855152 0.042385 0.850685
0 0.030032 0.896053 0.036436 0.860492 0.051066 0.864993 0.060576 0.870137 0.057812 0.900427 0.030032 0.896053
0 0.334451 0.739338 0.342883 0.731749 0.353844 0.743272 0.344569 0.751142 0.334451 0.739338
0 0.328265 0.959224 0.331866 0.951809 0.353687 0.958800 0.352620 0.961240 0.360730 0.964615 0.359301 0.968651 0.328265 0.959224
0 0.445922 0.413086 0.456602 0.403530 0.466720 0.411681 0.456321 0.420674 0.445922 0.413086
0 0.360449 0.959269 0.363502 0.926640 0.382965 0.928548 0.381820 0.938661 0.388308 0.939424 0.387163 0.962323 0.360449 0.959269
0 0.000010 0.821736 0.005171 0.821619 0.004585 0.835208 0.018994 0.836731 0.018291 0.849617 0.005288 0.848094 0.004610 0.855377 0.000010 0.855640 0.000010 0.821736
0 0.063526 0.814554 0.074538 0.808345 0.080044 0.821348 0.068095 0.827205 0.063526 0.814554
0 0.138175 0.789903 0.138457 0.792891 0.130000 0.800156 0.128756 0.798575 0.113954 0.810835 0.101695 0.795884 0.127111 0.777195 0.138175 0.789903
0 0.146099 0.799771 0.135933 0.807695 0.130000 0.800156 0.138457 0.792891 0.146099 0.799771
0 0.115980 0.835904 0.130836 0.836148 0.129619 0.848568 0.114276 0.847594 0.115980 0.835904
0 0.092078 0.689504 0.099233 0.675194 0.111572 0.680232 0.110294 0.693738 0.092078 0.689504
