0 0.999012 0.683993 0.968694 0.685274 0.968695 0.685359 0.968355 0.685359 0.967867 0.692914 0.961680 0.693115 0.961088 0.679321 0.956348 0.679542 0.955025 0.655842 0.959324 0.654960 0.959104 0.648676 0.999012 0.648249 0.999012 0.683993
0 0.999012 0.716681 0.964622 0.716895 0.965070 0.694813 0.968495 0.694611 0.969219 0.687064 0.999012 0.686842 0.999012 0.716681
0 0.942446 0.723895 0.971095 0.722951 0.971882 0.749080 0.941817 0.747979 0.942446 0.723895
0 0.964622 0.716895 0.995834 0.716566 0.995236 0.721527 0.999012 0.721595 0.999012 0.751501 0.971882 0.749080 0.971095 0.722951 0.964640 0.723203 0.964622 0.716895
0 0.920101 0.751639 0.969370 0.753843 0.969351 0.770063 0.969405 0.775239 0.915064 0.772417 0.915694 0.756362 0.920416 0.756047 0.920101 0.751639
0 0.999012 0.754196 0.997237 0.758879 0.991955 0.758879 0.991468 0.768386 0.995043 0.768955 0.995124 0.773181 0.978168 0.772147 0.978467 0.763325 0.984448 0.763624 0.985483 0.750476 0.999012 0.751513 0.999012 0.754196
0 0.999012 0.769372 0.995043 0.768955 0.991468 0.768386 0.991955 0.758879 0.997237 0.758879 0.999012 0.754196 0.999012 0.769372
0 0.989730 0.780816 0.990830 0.801179 0.966890 0.800629 0.963588 0.827046 0.928641 0.823744 0.930017 0.780816 0.989730 0.780816
0 0.933705 0.874963 0.961369 0.869281 0.966303 0.889319 0.938490 0.894403 0.933705 0.874963
0 0.907731 0.864821 0.925771 0.854582 0.936010 0.867340 0.919433 0.879285 0.907731 0.864821
0 0.875305 0.900144 0.883152 0.884869 0.902081 0.893734 0.896068 0.907413 0.875305 0.900144
0 0.896068 0.907413 0.890305 0.923924 0.871344 0.914554 0.875305 0.900144 0.896068 0.907413
0 0.870002 0.918760 0.889740 0.927732 0.883908 0.941489 0.864768 0.933115 0.870002 0.918760
0 0.815172 0.888268 0.820649 0.860071 0.864668 0.868794 0.862031 0.883399 0.857973 0.882385 0.855336 0.899424 0.815172 0.888268
0 0.852951 0.769445 0.882273 0.769885 0.883154 0.792483 0.851738 0.789727 0.852951 0.769445
0 0.829787 0.735336 0.863460 0.733917 0.863663 0.756636 0.832221 0.756636 0.829787 0.735336
0 0.810538 0.699921 0.835083 0.687141 0.849486 0.709455 0.822506 0.723451 0.810538 0.699921
0 0.846830 0.815798 0.878847 0.817098 0.877465 0.830425 0.844636 0.828231 0.846830 0.815798
0 0.999012 0.496289 0.985836 0.510505 0.970812 0.496748 0.988370 0.483533 0.999012 0.495033 0.999012 0.496289
0 0.959226 0.465069 0.973527 0.453665 0.976242 0.451131 0.997602 0.474301 0.978233 0.488421 0.959226 0.465069
0 0.952375 0.460062 0.960442 0.467735 0.954920 0.472944 0.973033 0.490065 0.967005 0.497803 0.947066 0.479801 0.944780 0.481614 0.937030 0.473637 0.952375 0.460062
0 0.910352 0.422731 0.924146 0.438756 0.903861 0.454781 0.913192 0.465329 0.897987 0.478091 0.874245 0.450927 0.910352 0.422731
0 0.926374 0.412891 0.937888 0.403321 0.952543 0.419620 0.939533 0.428892 0.926374 0.412891
0 0.908488 0.395415 0.923196 0.393953 0.926567 0.409397 0.911739 0.412074 0.908488 0.395415
0 0.999012 0.397861 0.994823 0.401182 0.977935 0.383543 0.999012 0.363877 0.999012 0.397861
0 0.974808 0.347907 0.991407 0.364057 0.971219 0.381852 0.956415 0.363608 0.974808 0.347907
0 0.936954 0.362467 0.947536 0.355632 0.953929 0.363790 0.942906 0.371285 0.936954 0.362467
0 0.939479 0.327664 0.954251 0.318294 0.965053 0.332184 0.949621 0.341443 0.939479 0.327664
0 0.911465 0.341395 0.937335 0.325096 0.946905 0.339750 0.922830 0.354255 0.911465 0.341395
0 0.899502 0.354854 0.915802 0.348124 0.927765 0.369358 0.904437 0.378929 0.900998 0.371751 0.907727 0.368760 0.899502 0.354854
0 0.870044 0.363377 0.896063 0.350667 0.899502 0.354854 0.907727 0.368760 0.900998 0.371751 0.878119 0.379975 0.870044 0.363377
0 0.877573 0.304664 0.900089 0.288436 0.918143 0.308924 0.911652 0.313793 0.916520 0.320284 0.897858 0.332455 0.889338 0.320487 0.883861 0.324341 0.872299 0.309736 0.877573 0.304664
0 0.972259 0.286642 0.974353 0.284658 0.990888 0.299539 0.966306 0.323460 0.950102 0.307035 0.972259 0.286642
0 0.930203 0.284257 0.944668 0.271824 0.960757 0.287507 0.945561 0.299209 0.930203 0.284257
0 0.925815 0.274749 0.937354 0.262317 0.945155 0.268736 0.931097 0.282957 0.924352 0.275887 0.925815 0.274749
0 0.904409 0.262479 0.917736 0.251103 0.933175 0.266705 0.924352 0.275887 0.920255 0.279463 0.904409 0.262479
0 0.835971 0.272037 0.839388 0.267738 0.854270 0.262116 0.867277 0.285154 0.863860 0.287139 0.867939 0.294304 0.852065 0.300146 0.835971 0.272037
0 0.869072 0.287375 0.856362 0.262403 0.865184 0.256870 0.880736 0.280347 0.869072 0.287375
0 0.839052 0.238354 0.850373 0.232483 0.857322 0.243865 0.846120 0.249136 0.839052 0.238354
0 0.832413 0.206493 0.859778 0.190792 0.873685 0.212175 0.848413 0.226830 0.832413 0.206493
0 0.883643 0.179796 0.896871 0.157308 0.917154 0.167229 0.903926 0.190158 0.883643 0.179796
0 0.929500 0.175497 0.930602 0.173733 0.953641 0.186740 0.937327 0.216724 0.914068 0.198866 0.929500 0.175497
0 0.968619 0.189785 0.969432 0.188973 0.981621 0.198399 0.943835 0.228872 0.936522 0.218389 0.949036 0.209775 0.946110 0.207175 0.968619 0.189785
0 0.863367 0.148993 0.886626 0.136978 0.895996 0.153623 0.886185 0.158142 0.884532 0.154505 0.879780 0.157024 0.869209 0.162442 0.862120 0.149593 0.863367 0.148993
0 0.823443 0.176046 0.824340 0.175000 0.837200 0.198028 0.825791 0.204347 0.822097 0.199075 0.810284 0.203860 0.799218 0.185916 0.823443 0.176046
0 0.816481 0.130932 0.818056 0.129601 0.833378 0.157600 0.835914 0.156608 0.841977 0.165537 0.824340 0.175000 0.823443 0.176046 0.815920 0.179082 0.812733 0.173482 0.803032 0.178222 0.783301 0.145042 0.800166 0.134900 0.802040 0.137656 0.816481 0.130932
0 0.773589 0.130220 0.784640 0.125100 0.789191 0.130464 0.787728 0.131195 0.792929 0.136964 0.781877 0.142815 0.773589 0.130220
0 0.785101 0.073041 0.796014 0.054632 0.823241 0.067198 0.812438 0.085056 0.785101 0.073041
0 0.724491 0.102045 0.740110 0.071618 0.757353 0.078514 0.742747 0.108942 0.724491 0.102045
0 0.683088 0.103069 0.706254 0.078280 0.720859 0.086800 0.699965 0.115605 0.683088 0.103069
0 0.702322 0.037911 0.722810 0.037911 0.721998 0.049271 0.703133 0.041563 0.702322 0.037911
0 0.700293 0.040549 0.700336 0.039733 0.703133 0.041563 0.721998 0.049271 0.706254 0.078280 0.699289 0.086239 0.678994 0.075642 0.700293 0.040549
0 0.664138 0.100634 0.629415 0.106587 0.638656 0.104952 0.637821 0.098375 0.629926 0.098954 0.625833 0.080911 0.628313 0.077816 0.659068 0.073296 0.664138 0.100634
0 0.637881 0.132591 0.629415 0.106587 0.653283 0.102684 0.662704 0.124217 0.637881 0.132591
0 0.678994 0.075642 0.699289 0.086239 0.683088 0.103069 0.662704 0.124217 0.653283 0.102684 0.664138 0.100634 0.663152 0.095655 0.678994 0.075642
0 0.718545 0.110974 0.740377 0.119498 0.732302 0.136844 0.709273 0.124881 0.718545 0.110974
0 0.724491 0.102045 0.742747 0.108942 0.739021 0.118795 0.718545 0.110974 0.724491 0.102045
0 0.746450 0.055649 0.746704 0.058736 0.747272 0.071332 0.740110 0.071618 0.709941 0.071345 0.721998 0.049271 0.746450 0.055649
0 0.659812 0.059662 0.659244 0.038616 0.688416 0.038047 0.688741 0.039591 0.688172 0.060231 0.659812 0.059662
4 0.653819 0.039301 0.653087 0.053277 0.636917 0.052790 0.635860 0.047508 0.620827 0.046858 0.620827 0.039138 0.653819 0.039301
0 0.675949 0.117658 0.692039 0.140736 0.654505 0.163725 0.642841 0.140847 0.656898 0.133669 0.653608 0.129781 0.675949 0.117658
0 0.654505 0.163725 0.690095 0.141893 0.698768 0.157146 0.664823 0.180473 0.654505 0.163725
0 0.735060 0.228776 0.744331 0.207243 0.753603 0.210383 0.755696 0.202458 0.771397 0.209935 0.765416 0.221449 0.763920 0.221748 0.755247 0.238346 0.735060 0.228776
0 0.726387 0.221897 0.738649 0.209935 0.741789 0.212327 0.735060 0.228776 0.726387 0.221897
0 0.693058 0.197528 0.709207 0.181977 0.740610 0.206201 0.726387 0.221897 0.693058 0.197528
0 0.625469 0.156574 0.649609 0.153531 0.654505 0.163725 0.664823 0.180473 0.665431 0.194710 0.627092 0.198970 0.625469 0.156574
0 0.662199 0.195137 0.667284 0.209044 0.640666 0.213231 0.638274 0.197978 0.662199 0.195137
0 0.619489 0.198577 0.638274 0.197978 0.635489 0.220858 0.632797 0.215475 0.624124 0.214129 0.624423 0.224148 0.616946 0.226690 0.619489 0.198577
0 0.667284 0.209044 0.672358 0.208432 0.672043 0.217323 0.670530 0.217575 0.670341 0.221547 0.646568 0.222998 0.646695 0.219530 0.651865 0.219025 0.652087 0.211422 0.667284 0.209044
0 0.670341 0.221547 0.673364 0.230677 0.645212 0.232441 0.646568 0.222998 0.670341 0.221547
0 0.634409 0.232110 0.635489 0.220858 0.636503 0.213701 0.640666 0.213231 0.652087 0.211422 0.651865 0.219025 0.646695 0.219530 0.645212 0.232441 0.634409 0.232110
0 0.676783 0.213193 0.688752 0.211570 0.709645 0.220293 0.714521 0.240510 0.713702 0.240578 0.681043 0.241998 0.680435 0.231652 0.676986 0.230841 0.676783 0.213193
0 0.714521 0.240510 0.718976 0.262891 0.692772 0.264877 0.686926 0.241795 0.714521 0.240510
0 0.785715 0.195477 0.798229 0.193770 0.800505 0.202628 0.802211 0.202628 0.803268 0.215711 0.783196 0.226356 0.782709 0.215711 0.786122 0.215386 0.785878 0.199784 0.785715 0.195477
0 0.709585 0.264509 0.723806 0.263940 0.727200 0.265678 0.727971 0.282323 0.725546 0.282433 0.725215 0.293567 0.707027 0.293898 0.696114 0.287504 0.694571 0.271190 0.709342 0.270638 0.709585 0.264509
0 0.811956 0.220407 0.820928 0.233118 0.808816 0.241791 0.820479 0.257193 0.812666 0.263996 0.798451 0.271657 0.785189 0.258090 0.785338 0.258090 0.773675 0.242539 0.801787 0.219809 0.811956 0.220407
0 0.749117 0.259764 0.766613 0.245708 0.777828 0.255427 0.761977 0.268736 0.749117 0.259764
0 0.749565 0.262605 0.765267 0.272325 0.751061 0.291017 0.735509 0.278904 0.749565 0.262605
0 0.773923 0.269430 0.786783 0.259860 0.798451 0.271657 0.784391 0.281692 0.773923 0.269430
0 0.798451 0.271657 0.812666 0.263996 0.817239 0.276572 0.804121 0.282745 0.790232 0.288587 0.784391 0.281692 0.798451 0.271657
0 0.773750 0.296377 0.787507 0.285611 0.790232 0.288587 0.807844 0.281125 0.813676 0.300714 0.791096 0.316265 0.773750 0.296377
0 0.821560 0.283266 0.825149 0.291042 0.812710 0.297523 0.811812 0.294169 0.807844 0.281125 0.817239 0.276572 0.821560 0.283266
0 0.833116 0.290020 0.842686 0.301235 0.829975 0.308562 0.822648 0.297198 0.833116 0.290020
0 0.820231 0.312057 0.829203 0.307123 0.829975 0.308562 0.842686 0.301235 0.846849 0.298450 0.855970 0.310412 0.848194 0.315048 0.850288 0.318039 0.841764 0.323273 0.838923 0.323123 0.837512 0.320336 0.834288 0.321927 0.836979 0.328805 0.823521 0.334189 0.819633 0.325216 0.824568 0.323123 0.820231 0.312057
0 0.820231 0.312057 0.824568 0.323123 0.819633 0.325216 0.823521 0.334189 0.808088 0.340565 0.797770 0.324266 0.820231 0.312057
0 0.831714 0.351481 0.825434 0.334734 0.836979 0.328805 0.834288 0.321927 0.837512 0.320336 0.838923 0.323123 0.841764 0.323273 0.850288 0.318039 0.854444 0.326060 0.843976 0.330547 0.848163 0.338472 0.836200 0.348939 0.831714 0.351481
0 0.764823 0.350508 0.770996 0.342130 0.762508 0.336508 0.769232 0.325816 0.798774 0.347311 0.784885 0.363956 0.764823 0.350508
0 0.745392 0.363187 0.758850 0.351075 0.778739 0.366776 0.761692 0.379935 0.745392 0.363187
0 0.707129 0.324739 0.716719 0.309196 0.745490 0.323416 0.743947 0.325511 0.747584 0.327495 0.731160 0.351415 0.719806 0.345242 0.722892 0.337636 0.704153 0.328928 0.707129 0.324739
0 0.789037 0.368752 0.807666 0.354422 0.826957 0.372390 0.809099 0.387492 0.789037 0.371508 0.787163 0.370406 0.789037 0.368752
0 0.780072 0.379060 0.787163 0.370406 0.809099 0.387492 0.800154 0.396505 0.780072 0.379060
0 0.751061 0.291017 0.760694 0.300519 0.755737 0.305720 0.754275 0.304257 0.752975 0.305720 0.755169 0.309214 0.748668 0.313602 0.734935 0.301494 0.751061 0.291017
0 0.647358 0.337799 0.655385 0.327616 0.656344 0.318630 0.676171 0.327795 0.666707 0.348941 0.647358 0.337799
0 0.638613 0.333546 0.651731 0.315875 0.656344 0.318630 0.655385 0.327616 0.647358 0.337799 0.638613 0.333546
0 0.692677 0.302908 0.711501 0.312237 0.699538 0.334817 0.712697 0.341845 0.719127 0.353957 0.717482 0.359939 0.672954 0.334893 0.676171 0.327795 0.692677 0.302908
0 0.684645 0.364600 0.692692 0.346192 0.726423 0.365041 0.716281 0.383891 0.684645 0.364600
0 0.672884 0.357386 0.682879 0.342191 0.691899 0.347879 0.687024 0.359580 0.679385 0.362831 0.671747 0.359743 0.672884 0.357386
0 0.737726 0.316830 0.769232 0.325816 0.762508 0.336508 0.747584 0.327495 0.745490 0.323416 0.737521 0.319523 0.737726 0.316830
0 0.746146 0.329569 0.756397 0.338388 0.745131 0.350913 0.736425 0.343587 0.746146 0.329569
0 0.756920 0.377703 0.758704 0.379339 0.751401 0.389684 0.740041 0.383193 0.735376 0.389887 0.745113 0.396987 0.733347 0.410983 0.712508 0.391759 0.722228 0.380843 0.728209 0.374264 0.736134 0.364992 0.756920 0.377703
0 0.736647 0.414119 0.770769 0.379171 0.783977 0.391004 0.746003 0.426226 0.734720 0.416045 0.736647 0.414119
0 0.778327 0.423092 0.762453 0.437753 0.747462 0.425186 0.763776 0.409974 0.778327 0.423092
0 0.788478 0.386472 0.800154 0.396505 0.805375 0.401875 0.791618 0.414136 0.784739 0.405762 0.791319 0.399931 0.786102 0.396421 0.779506 0.402772 0.773091 0.408864 0.769343 0.404565 0.783977 0.391004 0.781689 0.388802 0.786429 0.384393 0.788478 0.386472
0 0.823013 0.390714 0.839462 0.381443 0.855014 0.382639 0.865332 0.398939 0.840060 0.412845 0.823013 0.390714
0 0.807970 0.401000 0.820381 0.392028 0.827260 0.401000 0.816045 0.409224 0.807970 0.401000
0 0.807970 0.401000 0.812306 0.406234 0.795558 0.420739 0.791222 0.415654 0.807970 0.401000
0 0.830924 0.431360 0.839370 0.424831 0.847098 0.430941 0.849614 0.428785 0.853807 0.434895 0.838891 0.445677 0.837214 0.443820 0.839969 0.442023 0.840089 0.438848 0.830924 0.431360
0 0.830924 0.431360 0.840089 0.438848 0.839969 0.442023 0.837214 0.443820 0.841856 0.449222 0.823613 0.462980 0.810454 0.447129 0.830924 0.431360
0 0.776611 0.485046 0.795154 0.458728 0.797098 0.456484 0.827005 0.474578 0.804575 0.501644 0.776611 0.485046
0 0.862840 0.504488 0.829979 0.532482 0.800565 0.504691 0.827005 0.474578 0.862840 0.504488
0 0.848215 0.489618 0.861972 0.481393 0.855542 0.469879 0.840730 0.482136 0.833025 0.473055 0.844583 0.466175 0.838005 0.454904 0.841856 0.449222 0.863970 0.452875 0.878981 0.482086 0.876344 0.495271 0.865593 0.502980 0.848215 0.489618
0 0.855073 0.417903 0.873938 0.406543 0.876981 0.411412 0.885298 0.410600 0.896828 0.423086 0.895440 0.430074 0.866433 0.450359 0.853450 0.431900 0.859941 0.426220 0.853247 0.419120 0.855073 0.417903
0 0.889286 0.280665 0.899006 0.275432 0.903342 0.281862 0.893024 0.287544 0.888239 0.280815 0.889286 0.280665
0 0.645212 0.232441 0.673364 0.230677 0.676986 0.230841 0.680435 0.231652 0.680057 0.246796 0.669144 0.251425 0.645224 0.251756 0.645212 0.232441
0 0.619548 0.233591 0.637737 0.233481 0.637627 0.260157 0.618997 0.258945 0.619548 0.233591
0 0.668512 0.253217 0.677613 0.248992 0.686714 0.253136 0.692077 0.272395 0.687933 0.275645 0.672087 0.276295 0.668512 0.253217
0 0.670541 0.284599 0.691028 0.286425 0.690014 0.303262 0.665064 0.302044 0.666686 0.284599 0.670541 0.284599
0 0.664204 0.416429 0.679637 0.412240 0.679637 0.404083 0.697054 0.410476 0.692093 0.417531 0.667401 0.430759 0.663322 0.430869 0.663653 0.416649 0.664204 0.416429
0 0.640284 0.404414 0.661338 0.403642 0.661228 0.420728 0.661779 0.431862 0.649323 0.432082 0.634992 0.427122 0.640284 0.404414
0 0.663210 0.404272 0.677319 0.404493 0.677319 0.412650 0.663210 0.415626 0.663210 0.404272
0 0.688861 0.395470 0.695475 0.398226 0.702073 0.388714 0.709254 0.393927 0.697054 0.410476 0.679637 0.404083 0.688861 0.395470
0 0.657666 0.361276 0.685459 0.374485 0.677203 0.396499 0.648310 0.381914 0.657666 0.361276
0 0.685459 0.374485 0.700348 0.386794 0.702073 0.388714 0.695475 0.398226 0.688861 0.395470 0.679637 0.404083 0.677319 0.404493 0.677203 0.396499 0.685459 0.374485
0 0.639577 0.353121 0.657666 0.361276 0.650711 0.377151 0.649057 0.378033 0.635719 0.371860 0.636270 0.363923 0.639577 0.362380 0.639577 0.353121
0 0.613815 0.339320 0.639984 0.349339 0.639577 0.353121 0.633703 0.376405 0.604245 0.362498 0.613815 0.339320
0 0.589975 0.341057 0.596768 0.327657 0.615609 0.336330 0.604245 0.362498 0.594375 0.358012 0.599908 0.346050 0.589975 0.341057
0 0.597910 0.348092 0.593170 0.357351 0.586226 0.352722 0.577627 0.369808 0.561021 0.357357 0.576856 0.335525 0.597910 0.348092
0 0.589243 0.358783 0.600156 0.363634 0.590897 0.376310 0.580866 0.371240 0.589243 0.358783
0 0.633703 0.376405 0.635958 0.371860 0.649297 0.378033 0.648550 0.381914 0.648996 0.393764 0.644958 0.393614 0.645257 0.402287 0.625818 0.397502 0.629855 0.386586 0.626266 0.380455 0.628210 0.373427 0.633703 0.376405
0 0.561409 0.421400 0.583114 0.406592 0.598531 0.424848 0.577434 0.440265 0.561409 0.421400
0 0.615315 0.464635 0.625184 0.448934 0.641932 0.457756 0.631315 0.474804 0.615315 0.464635
0 0.610779 0.477509 0.634994 0.483013 0.631417 0.496497 0.606376 0.490993 0.610779 0.477509
0 0.606376 0.490993 0.631417 0.496497 0.625656 0.512982 0.586506 0.509331 0.588128 0.497971 0.601719 0.495537 0.601922 0.491277 0.606376 0.490993
0 0.579554 0.473658 0.604026 0.465721 0.607223 0.473989 0.586058 0.486776 0.579554 0.473658
0 0.549020 0.482477 0.575255 0.472446 0.583964 0.486225 0.559161 0.495043 0.549020 0.482477
0 0.501207 0.496298 0.524535 0.495251 0.527376 0.520971 0.503899 0.520822 0.501207 0.496298
0 0.472795 0.498691 0.501207 0.496298 0.503899 0.520822 0.505992 0.524560 0.494329 0.532486 0.477880 0.529944 0.472795 0.498691
0 0.435364 0.500210 0.468023 0.485402 0.473500 0.494125 0.438204 0.510962 0.432930 0.502442 0.435364 0.500210
0 0.476519 0.484473 0.485337 0.487560 0.485888 0.496268 0.473763 0.495937 0.476519 0.484473
0 0.398471 0.536959 0.433746 0.538282 0.433305 0.556234 0.399023 0.553053 0.398471 0.536959
0 0.408302 0.559425 0.446032 0.559222 0.441772 0.590259 0.420270 0.590056 0.422704 0.579710 0.405868 0.578493 0.408302 0.559425
0 0.366685 0.573636 0.377157 0.559085 0.391488 0.561290 0.399865 0.572423 0.381677 0.591053 0.364701 0.575841 0.366685 0.573636
0 0.463029 0.556263 0.478462 0.555160 0.476808 0.569050 0.460383 0.567947 0.463029 0.556263
0 0.484055 0.436745 0.506186 0.436745 0.507083 0.463661 0.484055 0.461418 0.484055 0.436745
0 0.508728 0.428521 0.522635 0.427623 0.522934 0.450951 0.509625 0.449755 0.508728 0.428521
0 0.528111 0.424019 0.539081 0.421256 0.542169 0.437752 0.530386 0.438727 0.528111 0.424019
0 0.552795 0.372426 0.572878 0.377294 0.580992 0.393725 0.559692 0.406302 0.558678 0.417865 0.550158 0.413605 0.551578 0.405896 0.544073 0.400217 0.555027 0.390277 0.546507 0.376280 0.552795 0.372426
0 0.519122 0.387640 0.531293 0.374252 0.537987 0.377092 0.544073 0.400217 0.526019 0.406708 0.519122 0.387640
0 0.531868 0.405389 0.544073 0.400217 0.550158 0.413605 0.533064 0.417502 0.531868 0.405389
0 0.547884 0.364498 0.549101 0.374032 0.546507 0.376280 0.544435 0.379712 0.544435 0.385392 0.539972 0.386203 0.537987 0.377092 0.531293 0.374252 0.530236 0.365512 0.547884 0.364498
0 0.447178 0.422060 0.474295 0.427241 0.469334 0.451603 0.443981 0.440690 0.447178 0.422060
0 0.433312 0.423952 0.444527 0.423055 0.441835 0.441298 0.430770 0.438906 0.433312 0.423952
0 0.441801 0.384676 0.460004 0.388901 0.458216 0.398734 0.455534 0.399384 0.454153 0.405966 0.441476 0.404909 0.443020 0.398409 0.439364 0.397271 0.441801 0.384676
0 0.382438 0.397685 0.396435 0.380037 0.419154 0.395657 0.399884 0.415333 0.382438 0.397685
0 0.419154 0.395657 0.426457 0.402959 0.423211 0.419188 0.414083 0.426490 0.399884 0.415333 0.419154 0.395657
0 0.354873 0.374128 0.371770 0.357530 0.393603 0.376671 0.374612 0.391774 0.354873 0.374128
0 0.386275 0.347661 0.407958 0.364259 0.393603 0.376671 0.374013 0.360371 0.386275 0.347661
0 0.429613 0.328192 0.456380 0.333126 0.451446 0.354211 0.424081 0.347930 0.429613 0.328192
0 0.453223 0.346482 0.463365 0.349128 0.462813 0.356624 0.456705 0.370863 0.445639 0.367573 0.442947 0.361143 0.444144 0.353367 0.451446 0.354211 0.453223 0.346482
0 0.468850 0.344828 0.488289 0.351258 0.483504 0.366062 0.463317 0.359482 0.467055 0.344977 0.468850 0.344828
0 0.447185 0.315448 0.471730 0.323562 0.467470 0.335124 0.443128 0.327822 0.447185 0.315448
0 0.461290 0.294175 0.473851 0.297315 0.468617 0.314511 0.456654 0.309577 0.461290 0.294175
0 0.451743 0.303250 0.458163 0.304225 0.456654 0.309577 0.458922 0.310549 0.458406 0.313001 0.450687 0.311619 0.451743 0.303250
0 0.473851 0.297315 0.487700 0.300199 0.482078 0.318497 0.468617 0.314511 0.473851 0.297315
0 0.484635 0.272337 0.502382 0.280384 0.495769 0.295596 0.477801 0.289202 0.484635 0.272337
0 0.462864 0.265838 0.483649 0.269876 0.475873 0.289166 0.456284 0.285726 0.462864 0.265838
0 0.499140 0.297261 0.512123 0.297666 0.523482 0.282453 0.539102 0.291581 0.510703 0.315112 0.498937 0.307606 0.499140 0.297261
0 0.539102 0.291537 0.558373 0.302694 0.541333 0.320386 0.532478 0.313452 0.522979 0.305000 0.539102 0.291537
0 0.558373 0.302738 0.570950 0.308620 0.549042 0.331340 0.539378 0.322423 0.558373 0.302738
0 0.567592 0.312198 0.584938 0.320721 0.561461 0.344049 0.547106 0.333282 0.549042 0.331340 0.567592 0.312198
0 0.547236 0.333249 0.559797 0.342820 0.559475 0.346963 0.538114 0.364801 0.532133 0.359269 0.535454 0.354988 0.530039 0.349698 0.547236 0.333249
0 0.487533 0.341174 0.495458 0.328762 0.514150 0.339678 0.506524 0.351342 0.487533 0.341174
0 0.479159 0.333398 0.477813 0.326220 0.492019 0.304537 0.498937 0.307606 0.510703 0.315112 0.495458 0.328762 0.489626 0.337286 0.479159 0.333398
0 0.507987 0.317029 0.522979 0.305000 0.532478 0.313452 0.517343 0.326660 0.507987 0.317029
0 0.532478 0.313452 0.541333 0.320386 0.539378 0.322423 0.527299 0.335872 0.517343 0.326660 0.532478 0.313452
0 0.507987 0.317029 0.527299 0.335872 0.514150 0.339678 0.495458 0.328762 0.507987 0.317029
0 0.501892 0.382807 0.511313 0.359928 0.530236 0.365512 0.531293 0.374252 0.519122 0.387640 0.501892 0.382807
0 0.488289 0.351258 0.509261 0.358269 0.501635 0.375017 0.482345 0.369185 0.488289 0.351258
0 0.539378 0.322423 0.549042 0.331340 0.530039 0.349698 0.526382 0.341417 0.518877 0.338172 0.527299 0.335872 0.539378 0.322423
0 0.506524 0.351342 0.514150 0.339678 0.518877 0.338172 0.526382 0.341417 0.530039 0.349698 0.521952 0.360927 0.506524 0.351342
0 0.574961 0.291451 0.592606 0.302218 0.585279 0.314181 0.566736 0.302816 0.574961 0.291451
0 0.566126 0.275823 0.575660 0.280082 0.567343 0.298948 0.545435 0.286371 0.549492 0.276228 0.562069 0.282517 0.566126 0.275823
0 0.551926 0.257566 0.585802 0.267709 0.581948 0.281300 0.575660 0.280082 0.546246 0.270346 0.551926 0.257566
0 0.595038 0.206517 0.617602 0.207617 0.617602 0.211745 0.616946 0.226690 0.601642 0.224128 0.599441 0.238712 0.571648 0.236786 0.573574 0.220000 0.586232 0.220551 0.586232 0.217799 0.590910 0.217524 0.591186 0.207617 0.595038 0.206517
0 0.613475 0.244216 0.598615 0.244216 0.601642 0.224128 0.614025 0.226054 0.613475 0.244216
0 0.613475 0.244216 0.608363 0.271502 0.599111 0.278224 0.581948 0.281300 0.585802 0.267709 0.569288 0.262972 0.572315 0.249213 0.582771 0.249488 0.584033 0.240843 0.584671 0.237375 0.599441 0.238712 0.598615 0.244216 0.613475 0.244216
0 0.543741 0.216147 0.569504 0.224464 0.563418 0.240084 0.537859 0.229941 0.543741 0.216147
0 0.554854 0.185084 0.576680 0.191257 0.572160 0.205037 0.551767 0.197430 0.554854 0.185084
0 0.599080 0.196032 0.598033 0.206649 0.595038 0.206517 0.591186 0.207617 0.590910 0.217524 0.586232 0.217799 0.586232 0.220551 0.573574 0.220000 0.565434 0.220556 0.567378 0.203509 0.572160 0.205037 0.576680 0.191257 0.599080 0.196032
0 0.547277 0.233596 0.556399 0.237185 0.555203 0.240175 0.560287 0.243465 0.552063 0.253035 0.537558 0.246157 0.539053 0.243166 0.530829 0.238381 0.535763 0.228960 0.547277 0.233596
0 0.512423 0.236216 0.516161 0.245786 0.513021 0.247730 0.514217 0.249973 0.530367 0.245188 0.540087 0.257151 0.528423 0.264030 0.527077 0.258796 0.499712 0.269114 0.487600 0.246385 0.512423 0.236216
0 0.483722 0.200127 0.518613 0.190593 0.528147 0.224875 0.497313 0.235220 0.483722 0.200127
0 0.471230 0.164785 0.486633 0.163140 0.488439 0.178880 0.486225 0.179042 0.472576 0.180486 0.471230 0.164785
4 0.460739 0.152614 0.470660 0.149417 0.473856 0.158346 0.463825 0.161874 0.460739 0.153937 0.460739 0.152614
0 0.445105 0.235194 0.463647 0.244764 0.457815 0.259867 0.437329 0.249699 0.445105 0.235194
0 0.460015 0.234895 0.467382 0.235064 0.465557 0.225935 0.477930 0.224718 0.491116 0.266100 0.474935 0.263460 0.457815 0.259867 0.463647 0.244764 0.459243 0.242611 0.460015 0.234895
0 0.372113 0.181737 0.401655 0.181957 0.400002 0.212051 0.372113 0.209185 0.372113 0.181737
0 0.354112 0.191129 0.368109 0.193969 0.367298 0.210603 0.379672 0.221962 0.363646 0.238191 0.346607 0.228859 0.326119 0.219934 0.327133 0.214254 0.319222 0.210400 0.334233 0.190723 0.353098 0.201677 0.354112 0.191129
0 0.323473 0.237625 0.349598 0.241153 0.343535 0.270695 0.319394 0.265184 0.323473 0.237625
0 0.290124 0.243251 0.315395 0.246391 0.313152 0.267476 0.289974 0.262691 0.290124 0.243251
0 0.291261 0.178639 0.309804 0.191948 0.306514 0.200770 0.285878 0.187013 0.291261 0.178639
0 0.230376 0.243570 0.229970 0.242150 0.269729 0.253510 0.267294 0.267913 0.261615 0.267304 0.259992 0.276635 0.222667 0.262436 0.230376 0.243570
0 0.307742 0.275557 0.330560 0.278093 0.330230 0.297163 0.306640 0.292313 0.307742 0.275557
0 0.228137 0.306876 0.244885 0.297456 0.263428 0.306577 0.238455 0.323774 0.228137 0.306876
0 0.266794 0.306072 0.275282 0.312466 0.278368 0.319300 0.285644 0.315001 0.295093 0.325243 0.303815 0.337211 0.297324 0.342891 0.305032 0.351005 0.298135 0.354251 0.300367 0.358105 0.286573 0.366625 0.274402 0.352222 0.268113 0.354859 0.247220 0.320375 0.245800 0.318346 0.266794 0.306072
0 0.312664 0.325101 0.324772 0.316406 0.341999 0.332902 0.328266 0.344116 0.312664 0.325101
0 0.380413 0.252763 0.408204 0.260877 0.399278 0.289073 0.371285 0.280148 0.380413 0.252763
0 0.337885 0.406038 0.310520 0.385552 0.326521 0.364018 0.351942 0.383159 0.337885 0.406038
0 0.354006 0.405607 0.361943 0.395576 0.376383 0.406930 0.368446 0.417181 0.354006 0.405607
0 0.369315 0.491158 0.385949 0.480001 0.405423 0.504546 0.386152 0.513066 0.369315 0.491158
0 0.273545 0.542101 0.300442 0.546510 0.299009 0.564148 0.272222 0.559077 0.273545 0.542101
0 0.333609 0.502408 0.348045 0.496107 0.353446 0.496658 0.360501 0.507681 0.359619 0.526421 0.332832 0.524657 0.333609 0.502408
0 0.246807 0.489131 0.269096 0.489956 0.266895 0.520226 0.275425 0.522702 0.273774 0.537287 0.264143 0.536186 0.262767 0.540864 0.241303 0.536461 0.246807 0.489131
0 0.190123 0.547238 0.204119 0.545006 0.202699 0.540543 0.218522 0.537704 0.221565 0.554946 0.214668 0.556163 0.215885 0.563060 0.193165 0.567928 0.190123 0.547238
0 0.379673 0.079275 0.389094 0.062677 0.411674 0.074341 0.402851 0.095724 0.381318 0.086453 0.376832 0.084659 0.379673 0.079275
0 0.225268 0.082777 0.250827 0.071417 0.258739 0.085617 0.246162 0.092311 0.250016 0.100222 0.237845 0.104888 0.225268 0.082777
0 0.261541 0.083680 0.273336 0.079932 0.278737 0.091507 0.267163 0.096137 0.261541 0.083680
0 0.390439 0.041314 0.384211 0.058901 0.369855 0.056060 0.375538 0.042153 0.390439 0.041314
0 0.501424 0.914875 0.529216 0.906619 0.539673 0.923405 0.541599 0.937989 0.509129 0.943768 0.501424 0.914875
0 0.415706 0.891556 0.436192 0.882584 0.439931 0.887968 0.448155 0.884080 0.460267 0.905613 0.442174 0.912491 0.440977 0.908304 0.427220 0.913239 0.415706 0.891556
0 0.399706 0.899332 0.415706 0.891556 0.424828 0.908753 0.427220 0.913239 0.417500 0.918473 0.413612 0.911744 0.407930 0.914884 0.399706 0.899332
0 0.346471 0.919669 0.372490 0.905762 0.374285 0.904865 0.384752 0.924155 0.359780 0.936866 0.346471 0.919669
0 0.424604 0.937804 0.434525 0.931080 0.441029 0.940119 0.429124 0.948387 0.423722 0.938796 0.424604 0.937804
0 0.361657 0.855915 0.385434 0.841858 0.398144 0.860999 0.376611 0.874008 0.370779 0.871915 0.361657 0.855915
0 0.339825 0.841559 0.366143 0.821671 0.375415 0.832288 0.361657 0.843952 0.367788 0.850232 0.358368 0.858606 0.339825 0.841559
0 0.343959 0.876624 0.355864 0.864498 0.372840 0.877616 0.361817 0.890072 0.343959 0.876624
0 0.514873 0.825766 0.547069 0.828242 0.540465 0.852733 0.510195 0.845854 0.514873 0.825766
0 0.428460 0.831041 0.454831 0.825767 0.457265 0.841995 0.431098 0.846457 0.428460 0.831041
0 0.677203 0.396499 0.677319 0.404493 0.663210 0.404272 0.661338 0.403642 0.645658 0.404264 0.645257 0.402287 0.644958 0.393614 0.648996 0.393764 0.648550 0.381914 0.677203 0.396499
0 0.625418 0.315582 0.645703 0.325116 0.638613 0.333546 0.631300 0.339925 0.625823 0.334853 0.623795 0.337490 0.614667 0.330188 0.625418 0.315582
0 0.604930 0.296109 0.629069 0.309294 0.625418 0.315582 0.614667 0.330188 0.613449 0.331810 0.605741 0.327753 0.592353 0.312945 0.604930 0.296109
0 0.635251 0.291652 0.636794 0.304880 0.621912 0.305762 0.616732 0.302565 0.615960 0.292864 0.635251 0.291652
0 0.288502 0.193457 0.301477 0.201090 0.295180 0.212348 0.283540 0.206242 0.288502 0.193457
0 0.885376 0.233636 0.894344 0.223904 0.916479 0.243940 0.910564 0.255198 0.885376 0.233636
0 0.967473 0.498857 0.975405 0.505686 0.969197 0.511660 0.961465 0.503929 0.967473 0.498857
0 0.972893 0.890550 0.979379 0.882247 0.987812 0.889252 0.980936 0.897815 0.972893 0.890550
0 0.859307 0.978160 0.861902 0.961683 0.883438 0.965316 0.880325 0.983220 0.859307 0.978160
0 0.904555 0.947596 0.916880 0.948115 0.917399 0.954212 0.904555 0.953823 0.904555 0.947596
0 0.814155 0.983865 0.817467 0.962173 0.833528 0.964657 0.833528 0.966810 0.837006 0.966975 0.835681 0.986680 0.814155 0.983865
0 0.808029 0.981547 0.796107 0.978235 0.801737 0.958365 0.813162 0.961842 0.808029 0.981547
0 0.742382 0.898566 0.762362 0.900772 0.760545 0.922179 0.740696 0.919454 0.742382 0.898566
0 0.347764 0.902565 0.337644 0.909571 0.332500 0.903730 0.342100 0.896162 0.347764 0.902565
0 0.342100 0.896162 0.332500 0.903730 0.324281 0.894391 0.333882 0.886867 0.342100 0.896162
0 0.477368 0.895371 0.487723 0.897696 0.483074 0.924112 0.471240 0.921999 0.477368 0.895371
0 0.476199 0.886686 0.474931 0.895139 0.458960 0.892930 0.458960 0.884248 0.476199 0.886686
0 0.458960 0.884248 0.458960 0.892930 0.453587 0.892180 0.453798 0.883516 0.458960 0.884248
0 0.501554 0.950950 0.511414 0.950080 0.511703 0.957620 0.502424 0.958780 0.501554 0.950950
0 0.970466 0.838906 0.980433 0.842465 0.981145 0.847093 0.977229 0.851008 0.966195 0.846737 0.970466 0.838906
0 0.806705 0.545337 0.814417 0.541052 0.810990 0.538053 0.823415 0.531626 0.831127 0.541480 0.812275 0.552620 0.806705 0.545337
0 0.999012 0.351006 0.966306 0.323460 0.981094 0.310301 0.999012 0.325353 0.999012 0.351006
0 0.000012 0.165115 0.013381 0.156125 0.025078 0.170971 0.009782 0.181768 0.000012 0.165143 0.000012 0.165115
