0 0.318515 0.100851 0.315860 0.111062 0.306466 0.121273 0.282367 0.108611 0.289311 0.098400 0.294212 0.086964 0.318515 0.100851
0 0.115323 0.027819 0.138046 0.043020 0.115163 0.078864 0.103162 0.072623 0.099162 0.051661 0.115323 0.027819
0 0.101608 0.102270 0.126307 0.102145 0.126056 0.117566 0.100605 0.116437 0.101357 0.110294 0.101608 0.102270
0 0.038530 0.130324 0.055072 0.144824 0.040981 0.159732 0.028728 0.151767 0.027911 0.143803 0.038530 0.130324
0 0.077552 0.062227 0.087332 0.066615 0.086329 0.069875 0.095481 0.075642 0.095857 0.084293 0.094102 0.091314 0.069403 0.073762 0.077552 0.062227
3 0.082522 0.087807 0.099881 0.094138 0.091917 0.116807 0.074762 0.109455 0.082522 0.087807
3 0.124425 0.130119 0.134636 0.133591 0.139742 0.137063 0.134432 0.150746 0.128714 0.149316 0.121362 0.158098 0.105841 0.148500 0.111967 0.139105 0.116052 0.133795 0.122179 0.136246 0.124425 0.130119
3 0.104411 0.151563 0.118911 0.162795 0.111150 0.173415 0.095221 0.162591 0.104411 0.151563
3 0.095425 0.166267 0.111150 0.173415 0.106249 0.186689 0.090320 0.179746 0.095425 0.166267
3 0.165396 0.103140 0.180509 0.104569 0.177854 0.123562 0.170910 0.123562 0.162741 0.122337 0.165396 0.103140
3 0.180713 0.075161 0.196642 0.084555 0.189290 0.097422 0.180713 0.092112 0.175403 0.101098 0.155593 0.089865 0.153847 0.092394 0.135206 0.082296 0.148854 0.059640 0.152121 0.062295 0.156206 0.057598 0.181121 0.073119 0.180713 0.075161
0 0.076592 0.187685 0.090667 0.196287 0.081805 0.210362 0.067209 0.199936 0.076592 0.187685
2 0.405713 0.058280 0.418320 0.064373 0.412857 0.073408 0.400250 0.067105 0.405713 0.058280
