0 0.857346 0.981369 0.892658 0.972846 0.896555 0.989893 0.862703 0.997443 0.857346 0.981369
0 0.857589 0.938020 0.887057 0.934854 0.891441 0.968218 0.861729 0.972359 0.857589 0.938020
0 0.952812 0.954337 0.922857 0.960182 0.922370 0.954093 0.895337 0.959208 0.893389 0.947031 0.921807 0.941465 0.950928 0.939814 0.952812 0.954337
0 0.950928 0.939814 0.921807 0.941465 0.920422 0.933636 0.949646 0.929983 0.950928 0.939814
0 0.908155 0.867639 0.919623 0.865913 0.919866 0.870784 0.938619 0.869323 0.938375 0.866887 0.952910 0.866887 0.952633 0.875467 0.963643 0.877364 0.962989 0.888374 0.953175 0.886714 0.953103 0.893649 0.948254 0.893256 0.948221 0.898171 0.941657 0.898299 0.941569 0.904193 0.916944 0.906340 0.916944 0.885153 0.908664 0.886370 0.907933 0.877359 0.908155 0.867639
0 0.943191 0.852988 0.949470 0.839980 0.952311 0.841176 0.955899 0.835046 0.960534 0.837588 0.962627 0.832206 0.974737 0.839233 0.968907 0.849250 0.968907 0.853287 0.963823 0.863902 0.943191 0.852988
4 0.999011 0.869903 0.992674 0.870291 0.993272 0.852948 0.999011 0.853713 0.999011 0.869903
0 0.839688 0.779803 0.875561 0.784383 0.874607 0.809952 0.837970 0.804609 0.839688 0.779803
0 0.914473 0.754525 0.942523 0.765020 0.931455 0.795169 0.903405 0.782194 0.914473 0.754525
0 0.999011 0.750814 0.976072 0.769368 0.955655 0.749523 0.985710 0.719231 0.999011 0.735076 0.999011 0.750814
0 0.927832 0.723413 0.931457 0.708148 0.952829 0.715208 0.948440 0.731428 0.927832 0.723413
0 0.957086 0.609787 0.985093 0.616119 0.984362 0.626104 0.955625 0.619772 0.957086 0.609787
0 0.915684 0.554747 0.935167 0.557670 0.933950 0.569603 0.913736 0.567655 0.915684 0.554747
0 0.790903 0.591405 0.795151 0.596883 0.791580 0.620238 0.786952 0.619994 0.785735 0.629492 0.757972 0.625839 0.764547 0.596858 0.770879 0.598319 0.772340 0.590039 0.790903 0.591405
0 0.823224 0.587009 0.821846 0.600408 0.792841 0.592739 0.793926 0.580521 0.823224 0.587009
0 0.839760 0.750208 0.859000 0.750786 0.858846 0.776716 0.838734 0.775843 0.839760 0.750208
0 0.794149 0.684478 0.806326 0.684478 0.806082 0.703474 0.793905 0.703718 0.794149 0.684478
0 0.727420 0.714190 0.740814 0.711511 0.744467 0.721983 0.730099 0.725392 0.727420 0.714190
0 0.697353 0.707222 0.699834 0.687377 0.702696 0.687568 0.703841 0.674211 0.729029 0.676691 0.725022 0.709703 0.697353 0.707222
0 0.728060 0.789340 0.746082 0.792262 0.741211 0.814181 0.723433 0.808823 0.728060 0.789340
0 0.740237 0.761333 0.754966 0.766503 0.746925 0.787681 0.731043 0.783646 0.740237 0.761333
0 0.752044 0.755189 0.758989 0.754758 0.759476 0.761577 0.752901 0.762307 0.752044 0.755189
0 0.681735 0.789942 0.694155 0.755847 0.724841 0.765101 0.710472 0.800658 0.681735 0.789942
0 0.727901 0.834594 0.730579 0.824366 0.736911 0.825827 0.738373 0.821200 0.746653 0.822661 0.740077 0.850668 0.724004 0.848963 0.727901 0.834594
0 0.655681 0.818293 0.671710 0.795395 0.692509 0.809325 0.685067 0.820201 0.678579 0.815622 0.670183 0.828406 0.655681 0.818293
0 0.676632 0.839521 0.683311 0.841239 0.683501 0.836087 0.706972 0.840094 0.705827 0.862801 0.673770 0.858985 0.676632 0.839521
0 0.695469 0.963861 0.720138 0.961469 0.721035 0.973729 0.695020 0.975672 0.695469 0.963861
0 0.716545 0.926021 0.723852 0.926264 0.725800 0.955732 0.691461 0.956950 0.692334 0.925381 0.716545 0.925254 0.716545 0.926021
0 0.709427 0.888798 0.708996 0.896309 0.716545 0.896553 0.716545 0.924766 0.692353 0.924893 0.692922 0.904346 0.694682 0.904551 0.695734 0.888460 0.709427 0.888798
0 0.498124 0.999008 0.507142 0.981874 0.532712 0.993705 0.530462 0.999008 0.498124 0.999008
0 0.523934 0.943948 0.551412 0.945856 0.549122 0.972380 0.521644 0.971235 0.523934 0.943948
0 0.602687 0.960723 0.633038 0.960448 0.634446 0.990691 0.587432 0.990356 0.589679 0.961662 0.602687 0.960723
0 0.586250 0.959824 0.585498 0.990361 0.551984 0.990270 0.555362 0.957901 0.586250 0.959824
0 0.599588 0.932722 0.600019 0.959903 0.587422 0.959815 0.587315 0.952682 0.585081 0.952523 0.586136 0.934009 0.599588 0.932722
0 0.514464 0.929141 0.521924 0.882518 0.537154 0.884383 0.530005 0.930695 0.514464 0.929141
0 0.431164 0.962546 0.442664 0.934572 0.459759 0.941721 0.458827 0.945762 0.465665 0.948248 0.457796 0.972720 0.431164 0.962546
0 0.663660 0.927390 0.672438 0.925864 0.670148 0.902584 0.686558 0.902393 0.687703 0.930634 0.679880 0.931397 0.682169 0.947999 0.667095 0.951624 0.663660 0.927390
0 0.688162 0.891084 0.686165 0.900659 0.670838 0.899155 0.673220 0.887817 0.688162 0.891084
0 0.655241 0.882854 0.670781 0.887139 0.668366 0.900519 0.649087 0.899274 0.652525 0.883127 0.655241 0.882854
0 0.690225 0.880165 0.688162 0.891084 0.673220 0.887817 0.676025 0.877461 0.690225 0.880165
0 0.655241 0.882854 0.658118 0.871995 0.676025 0.877461 0.673220 0.887817 0.655241 0.882854
0 0.635686 0.845502 0.643769 0.834256 0.662630 0.849251 0.654664 0.860497 0.635686 0.845502
0 0.604534 0.889287 0.605808 0.880888 0.614586 0.882033 0.613193 0.890627 0.604534 0.889287
0 0.609492 0.839608 0.614276 0.831385 0.626985 0.839608 0.622649 0.847981 0.609492 0.839608
0 0.618463 0.824358 0.630125 0.805670 0.648365 0.817780 0.637002 0.835422 0.618463 0.824358
0 0.628779 0.793260 0.638946 0.781299 0.655093 0.795503 0.642833 0.810304 0.631321 0.801035 0.634161 0.798194 0.628779 0.793260
0 0.658426 0.677159 0.652337 0.674237 0.657452 0.661573 0.687894 0.675942 0.673769 0.703218 0.651607 0.691285 0.658426 0.677159
0 0.498498 0.785385 0.504191 0.767363 0.530158 0.774182 0.525908 0.792204 0.498498 0.785385
0 0.603941 0.775174 0.609665 0.767732 0.626267 0.782616 0.620542 0.790249 0.603941 0.775174
0 0.664268 0.533961 0.674326 0.511054 0.700963 0.524121 0.694747 0.541838 0.688841 0.539662 0.686976 0.549919 0.677030 0.545878 0.678273 0.539351 0.664268 0.533961
0 0.730423 0.446238 0.740895 0.425294 0.755507 0.432600 0.745522 0.453788 0.730423 0.446238
0 0.769277 0.305937 0.761869 0.328819 0.748307 0.324754 0.757325 0.302729 0.769277 0.305937
0 0.772437 0.296182 0.769277 0.305937 0.757325 0.302729 0.748008 0.300274 0.750680 0.288723 0.772437 0.296182
0 0.691387 0.345180 0.702003 0.348171 0.698713 0.362524 0.687799 0.359533 0.691387 0.345180
0 0.666120 0.369551 0.674044 0.357590 0.684958 0.365215 0.677931 0.377624 0.666120 0.369551
0 0.654757 0.402742 0.666569 0.375531 0.684659 0.386744 0.675390 0.413955 0.654757 0.402742
0 0.380557 0.949135 0.398092 0.948161 0.398719 0.956168 0.408743 0.955921 0.409708 0.964750 0.397532 0.965209 0.380801 0.965452 0.380557 0.949135
0 0.287770 0.969836 0.322352 0.963504 0.325274 0.982987 0.290205 0.990293 0.287770 0.969836
0 0.291179 0.943576 0.322108 0.940368 0.323570 0.952301 0.292028 0.955870 0.291179 0.943576
0 0.236137 0.999006 0.232243 0.983318 0.267069 0.976779 0.270966 0.994033 0.251481 0.999006 0.236137 0.999006
0 0.000010 0.958326 0.027776 0.957016 0.026559 0.981613 0.000010 0.982709 0.000010 0.958326
0 0.401711 0.551207 0.409414 0.531097 0.423296 0.535968 0.415016 0.555207 0.401711 0.551207
0 0.287730 0.455801 0.298727 0.443257 0.315200 0.460663 0.306684 0.473220 0.287730 0.455801
0 0.272242 0.439045 0.281019 0.429504 0.289606 0.436756 0.281592 0.446869 0.272242 0.439045
0 0.325224 0.221863 0.338390 0.216329 0.344687 0.228541 0.332485 0.235054 0.325224 0.221863
0 0.357346 0.280417 0.345134 0.265533 0.339791 0.270303 0.330823 0.253893 0.347042 0.244734 0.366506 0.269922 0.357346 0.280417
0 0.343460 0.289146 0.353764 0.279223 0.361397 0.288001 0.351283 0.297351 0.343460 0.289146
0 0.354527 0.299641 0.363305 0.287810 0.379715 0.300404 0.370365 0.312807 0.366167 0.309945 0.363686 0.313952 0.354909 0.307846 0.357771 0.302694 0.354527 0.299641
0 0.719563 0.898465 0.718743 0.889231 0.745827 0.890873 0.745417 0.898875 0.719563 0.898465
0 0.697134 0.736609 0.701400 0.721253 0.715050 0.724665 0.712064 0.740021 0.697134 0.736609
