0 0.192926 0.999005 0.197457 0.988144 0.219332 0.999005 0.192926 0.999005
0 0.135615 0.999004 0.147501 0.990204 0.157452 0.992561 0.168975 0.983396 0.180759 0.992038 0.178804 0.999005 0.135615 0.999004
0 0.190985 0.834306 0.213555 0.834921 0.215197 0.843334 0.228123 0.842923 0.228739 0.866315 0.189959 0.865494 0.190985 0.862416 0.178674 0.861390 0.179084 0.842308 0.190780 0.842308 0.190985 0.834306
0 0.175317 0.900400 0.177585 0.887551 0.206809 0.893849 0.205549 0.902919 0.185143 0.897628 0.185143 0.902037 0.175317 0.900400
0 0.381411 0.943181 0.399417 0.923246 0.416941 0.937554 0.406973 0.955721 0.401668 0.957489 0.381411 0.943181
0 0.444566 0.866922 0.468630 0.843860 0.507929 0.874570 0.495368 0.888646 0.486678 0.880625 0.475649 0.891989 0.444566 0.866922
0 0.950859 0.898142 0.956358 0.887405 0.969976 0.893690 0.972071 0.889239 0.993020 0.899975 0.982527 0.918809 0.950859 0.898142
4 0.999010 0.925212 0.987445 0.917215 0.993393 0.904997 0.999010 0.908550 0.999010 0.925212
0 0.943737 0.868046 0.949687 0.856146 0.965281 0.866200 0.959947 0.877485 0.943737 0.868046
0 0.917678 0.864558 0.923218 0.851426 0.944147 0.857787 0.938813 0.874202 0.917678 0.864558
0 0.890184 0.845886 0.897776 0.834396 0.918704 0.847733 0.918089 0.856556 0.913164 0.862917 0.890184 0.845886
0 0.829971 0.828420 0.841062 0.807945 0.876040 0.825008 0.868362 0.841644 0.859830 0.839511 0.859830 0.845056 0.829971 0.828420
0 0.822352 0.919771 0.860960 0.875618 0.886789 0.893434 0.844107 0.943232 0.829177 0.929155 0.833016 0.926596 0.822352 0.919771
0 0.813384 0.901579 0.799307 0.885369 0.818076 0.873852 0.813810 0.869160 0.821062 0.862761 0.824901 0.867454 0.831726 0.861482 0.850068 0.878544 0.833432 0.893901 0.828740 0.890062 0.813384 0.901579
0 0.769697 0.854736 0.794320 0.852479 0.796987 0.863764 0.772160 0.868278 0.769697 0.854736
0 0.782009 0.845297 0.799039 0.838731 0.802527 0.848785 0.786523 0.852274 0.782009 0.845297
0 0.755684 0.820547 0.779075 0.816033 0.783179 0.836756 0.775792 0.839629 0.777434 0.848247 0.762455 0.851119 0.755684 0.820547
0 0.760212 0.787984 0.770425 0.784842 0.774091 0.797150 0.764664 0.801078 0.760212 0.787984
0 0.741687 0.718115 0.756461 0.709497 0.763437 0.720782 0.766925 0.719757 0.771849 0.730426 0.756461 0.737813 0.741687 0.718115
0 0.653784 0.584874 0.670815 0.569279 0.698925 0.591645 0.684767 0.607034 0.653784 0.584874
0 0.376878 0.805793 0.395209 0.789556 0.415635 0.809982 0.396780 0.827790 0.384210 0.817315 0.387877 0.814958 0.376878 0.805793
0 0.464130 0.753820 0.471912 0.746887 0.478795 0.754082 0.471201 0.760891 0.464130 0.753820
0 0.728598 0.704361 0.741137 0.698413 0.749658 0.710631 0.739047 0.716580 0.728598 0.704361
0 0.717160 0.722963 0.725778 0.722963 0.727214 0.736916 0.715724 0.737121 0.717160 0.722963
4 0.978626 0.946314 0.987792 0.930863 0.999010 0.933270 0.999010 0.948651 0.995386 0.947623 0.992767 0.950504 0.980197 0.946576 0.978626 0.946314
0 0.802527 0.848785 0.813181 0.835869 0.826477 0.843625 0.814511 0.858472 0.802527 0.848785
0 0.718959 0.867062 0.739568 0.864403 0.740898 0.870164 0.738017 0.870607 0.738682 0.879028 0.721618 0.881023 0.718959 0.867062
0 0.641497 0.860322 0.645664 0.854766 0.654519 0.848863 0.663895 0.860322 0.656429 0.866226 0.654172 0.868309 0.641497 0.860322
4 0.999010 0.896843 0.993121 0.895678 0.989448 0.892277 0.999010 0.876621 0.999010 0.896843
0 0.471912 0.746887 0.483111 0.736041 0.499723 0.747013 0.496288 0.750398 0.498219 0.753510 0.484542 0.760642 0.471912 0.746887
0 0.953678 0.580065 0.984259 0.577627 0.985367 0.595355 0.968303 0.596020 0.966974 0.590037 0.953678 0.591810 0.953678 0.580065
0 0.684418 0.625372 0.695862 0.640275 0.680161 0.654113 0.668052 0.640009 0.684418 0.625372
