4 0.563616 0.000008 0.564796 0.003543 0.556587 0.007106 0.558756 0.011907 0.538775 0.021820 0.527622 0.002924 0.532790 0.000008 0.563616 0.000008
0 0.669786 0.008679 0.677140 0.047971 0.589942 0.062259 0.585739 0.036204 0.602549 0.034103 0.603809 0.045449 0.645412 0.039776 0.637638 0.018975 0.642261 0.017294 0.642471 0.012671 0.669786 0.008679
4 0.712132 0.000006 0.713398 0.014814 0.697429 0.015864 0.696804 0.000007 0.712132 0.000006
4 0.739388 0.000006 0.739854 0.004445 0.727397 0.004193 0.727455 0.000006 0.739388 0.000006
4 0.800482 0.000005 0.800640 0.007206 0.799042 0.006749 0.799384 0.012344 0.788423 0.012116 0.788537 0.008005 0.785454 0.007320 0.785226 0.012915 0.768441 0.012915 0.768555 0.009147 0.759192 0.009946 0.758884 0.000006 0.800482 0.000005
4 0.836111 0.000004 0.832268 0.007548 0.824846 0.004351 0.826974 0.000004 0.836111 0.000004
4 0.825669 0.000005 0.824276 0.006635 0.806463 0.004694 0.806398 0.000005 0.825669 0.000005
4 0.890680 0.000003 0.873185 0.013165 0.861384 0.000004 0.890680 0.000003
0 0.934260 0.047207 0.919546 0.060063 0.915983 0.058050 0.912885 0.060528 0.897861 0.046433 0.892595 0.050460 0.885470 0.042561 0.910097 0.021960 0.934260 0.047207
0 0.865798 0.064865 0.843649 0.040702 0.859758 0.032028 0.867037 0.024284 0.887483 0.047053 0.879739 0.055107 0.865798 0.064865
0 0.987013 0.050948 0.973356 0.060614 0.961799 0.045485 0.952764 0.049898 0.933434 0.024263 0.963060 0.010396 0.976508 0.028256 0.987013 0.050948
0 0.999008 0.392196 0.978432 0.382775 0.974860 0.387607 0.959101 0.378782 0.969817 0.362814 0.969817 0.351257 0.999008 0.363653 0.999008 0.392196
0 0.970291 0.479318 0.957046 0.467101 0.969491 0.449517 0.983421 0.459336 0.970291 0.479318
0 0.957046 0.467101 0.962983 0.472581 0.957046 0.480117 0.946541 0.473951 0.953278 0.463903 0.957046 0.467101
0 0.955131 0.358597 0.939487 0.351782 0.943514 0.342024 0.945837 0.338152 0.961326 0.345277 0.955131 0.358597
0 0.930968 0.361850 0.922913 0.374861 0.911297 0.369750 0.919816 0.359527 0.907734 0.351627 0.921055 0.331646 0.943514 0.342024 0.939487 0.351782 0.930968 0.361850
0 0.891935 0.359217 0.875362 0.347290 0.888683 0.339701 0.900454 0.352247 0.891935 0.359217
0 0.918731 0.330252 0.899525 0.319100 0.909903 0.302372 0.929109 0.313059 0.918731 0.330252
0 0.873796 0.325406 0.850407 0.310382 0.859701 0.295822 0.884638 0.311311 0.873796 0.325406
0 0.955485 0.273135 0.921408 0.261828 0.929463 0.238904 0.963849 0.249437 0.955485 0.273135
0 0.925281 0.267095 0.914903 0.292652 0.897865 0.285836 0.911341 0.260434 0.925281 0.267095
0 0.964364 0.298805 0.975326 0.299490 0.974869 0.308510 0.964022 0.307368 0.964364 0.298805
4 0.999008 0.177661 0.991326 0.182874 0.985905 0.173426 0.999008 0.165938 0.999008 0.177661
0 0.841194 0.160611 0.855289 0.143573 0.876509 0.159062 0.864118 0.177339 0.841194 0.160611
0 0.881634 0.136035 0.881789 0.122560 0.884887 0.122405 0.884577 0.116364 0.893870 0.117294 0.894025 0.139288 0.881634 0.136035
0 0.831189 0.066779 0.820811 0.043855 0.827936 0.038899 0.824683 0.033013 0.832893 0.029915 0.848692 0.060428 0.831189 0.066779
0 0.802394 0.026824 0.804075 0.010645 0.819834 0.012536 0.818153 0.026403 0.802394 0.026824
0 0.794745 0.023089 0.791957 0.046013 0.781424 0.041366 0.768723 0.039507 0.771202 0.018442 0.786226 0.018597 0.794745 0.023089
0 0.763480 0.061846 0.763789 0.050693 0.786558 0.054876 0.778194 0.080897 0.745202 0.083066 0.743344 0.062001 0.763480 0.061846
0 0.912885 0.060528 0.922629 0.058697 0.935330 0.072792 0.919531 0.085493 0.916278 0.080382 0.908998 0.085029 0.897691 0.073722 0.912885 0.060528
0 0.895943 0.087481 0.900590 0.084228 0.906321 0.087171 0.916698 0.092592 0.918092 0.103899 0.901829 0.110095 0.895943 0.087481
0 0.811555 0.037258 0.808693 0.051314 0.795226 0.050641 0.798003 0.033134 0.811555 0.037258
0 0.763018 0.090802 0.773180 0.084065 0.783685 0.098109 0.773865 0.104732 0.763018 0.090802
0 0.752605 0.111851 0.748423 0.090630 0.761743 0.088772 0.765925 0.108908 0.752605 0.111851
0 0.807568 0.153306 0.796264 0.146569 0.800146 0.139947 0.793524 0.135722 0.800032 0.125902 0.816931 0.136978 0.807568 0.153306
0 0.867242 0.128285 0.859962 0.146097 0.855289 0.143573 0.848655 0.149815 0.836264 0.139282 0.839207 0.135255 0.823872 0.125187 0.833011 0.112331 0.840601 0.117907 0.843079 0.116358 0.852063 0.123019 0.854386 0.119611 0.867242 0.128285
0 0.819076 0.094991 0.827440 0.088486 0.840450 0.100877 0.833326 0.108312 0.819076 0.094991
0 0.834443 0.070995 0.844976 0.063715 0.855818 0.076571 0.845905 0.085245 0.834443 0.070995
0 0.799834 0.082457 0.812225 0.072544 0.826475 0.085710 0.815942 0.097637 0.799834 0.082457
0 0.447909 0.980566 0.436947 0.980909 0.437176 0.985133 0.421761 0.985133 0.422218 0.960470 0.441629 0.960584 0.441058 0.970061 0.447909 0.970975 0.447909 0.980566
0 0.381189 0.984167 0.382199 0.974572 0.398528 0.977855 0.397013 0.986945 0.381189 0.984167
0 0.381392 0.971194 0.379109 0.972336 0.371687 0.973934 0.364151 0.973249 0.359241 0.971536 0.355131 0.967426 0.353418 0.962744 0.353076 0.957492 0.353875 0.952925 0.355359 0.949157 0.359013 0.946302 0.364037 0.945046 0.369061 0.944704 0.374656 0.945732 0.380022 0.948129 0.384133 0.950641 0.386531 0.954409 0.386531 0.957378 0.386531 0.961488 0.386416 0.965485 0.384133 0.968910 0.381392 0.971194
0 0.352249 0.999007 0.350564 0.994487 0.349536 0.988549 0.352505 0.982726 0.355588 0.979986 0.361525 0.978730 0.370431 0.979186 0.379680 0.983640 0.383219 0.987864 0.384704 0.994258 0.383570 0.999007 0.352249 0.999007
0 0.748423 0.090630 0.752605 0.111851 0.744275 0.112722 0.733559 0.093602 0.748423 0.090630
0 0.986413 0.137821 0.992918 0.147579 0.977584 0.156873 0.972008 0.147579 0.986413 0.137821
0 0.928275 0.231043 0.935090 0.218032 0.945003 0.222834 0.938807 0.236464 0.928275 0.231043
0 0.898690 0.199291 0.903957 0.191856 0.913095 0.199136 0.908139 0.205641 0.898690 0.199291
0 0.863481 0.091354 0.854188 0.099563 0.842261 0.089186 0.845905 0.085245 0.852484 0.080512 0.863481 0.091354
