0 0.135220 0.191614 0.153959 0.183803 0.157760 0.192875 0.167268 0.192367 0.171100 0.202191 0.166223 0.204776 0.169147 0.216383 0.151432 0.223846 0.135220 0.191614
0 0.126064 0.171662 0.143191 0.164873 0.148966 0.177734 0.131989 0.184110 0.126064 0.171662
0 0.831344 0.467441 0.842900 0.457296 0.863306 0.474361 0.851196 0.485797 0.831344 0.467441
0 0.862692 0.534999 0.889728 0.529553 0.891056 0.534514 0.893448 0.533982 0.895902 0.541916 0.892979 0.542714 0.895510 0.549724 0.879219 0.552707 0.879800 0.555619 0.868369 0.557194 0.862692 0.534999
0 0.822773 0.564158 0.834857 0.564433 0.834959 0.573844 0.822924 0.573827 0.822773 0.564158
0 0.877565 0.501866 0.888911 0.491896 0.910611 0.505226 0.896105 0.522401 0.880375 0.511083 0.884344 0.507321 0.877565 0.501866
0 0.900402 0.542620 0.918009 0.512637 0.936286 0.521953 0.919817 0.552042 0.900402 0.542620
0 0.885961 0.474406 0.933165 0.463415 0.935010 0.484235 0.931763 0.485895 0.913724 0.493184 0.910172 0.494537 0.897043 0.493312 0.889433 0.488108 0.883774 0.480124 0.885961 0.474406
0 0.902798 0.434941 0.879134 0.448703 0.866667 0.429216 0.882598 0.420386 0.879054 0.413507 0.908536 0.398542 0.922001 0.423343 0.902798 0.434941
0 0.861624 0.393958 0.874567 0.386254 0.881774 0.397568 0.869942 0.404382 0.861624 0.393958
0 0.891580 0.367680 0.896777 0.359450 0.903784 0.363727 0.899070 0.371658 0.891580 0.367680
0 0.914464 0.364712 0.917429 0.352318 0.937595 0.356687 0.934830 0.369946 0.914464 0.364712
4 0.999007 0.379424 0.987826 0.372801 0.999007 0.355490 0.999007 0.379424
0 0.931763 0.485895 0.938782 0.505880 0.917451 0.503347 0.913724 0.493184 0.931763 0.485895
0 0.952018 0.514238 0.970724 0.503132 0.970133 0.500434 0.984470 0.490747 0.993843 0.504394 0.999007 0.511296 0.999007 0.531048 0.981103 0.529430 0.976628 0.523694 0.965156 0.530692 0.952018 0.514238
0 0.962362 0.526040 0.965578 0.529794 0.977051 0.522796 0.981525 0.528532 0.991788 0.541439 0.988521 0.545283 0.984092 0.543245 0.979849 0.547668 0.977797 0.547190 0.970129 0.552789 0.956664 0.538176 0.951238 0.533584 0.962362 0.526040
0 0.943710 0.554769 0.950848 0.544148 0.973927 0.554211 0.978954 0.548566 0.983669 0.544143 0.988099 0.546181 0.994712 0.549725 0.977568 0.571781 0.943710 0.554769
0 0.941648 0.591010 0.960213 0.589156 0.960874 0.593889 0.970424 0.593369 0.972010 0.605485 0.942723 0.607622 0.941648 0.591010
0 0.947112 0.572721 0.960441 0.571397 0.963207 0.587745 0.949463 0.589283 0.947112 0.572721
0 0.937622 0.574760 0.947364 0.574724 0.949463 0.589283 0.938283 0.589309 0.937622 0.574760
0 0.875789 0.565441 0.891199 0.564391 0.893104 0.588425 0.876472 0.589499 0.875789 0.565441
4 0.903660 0.574578 0.924754 0.573521 0.925033 0.590082 0.904479 0.590735 0.903660 0.574578
4 0.999007 0.619842 0.993245 0.619823 0.992741 0.606818 0.999007 0.606660 0.999007 0.619842
0 0.963370 0.586390 0.961179 0.572407 0.970643 0.572183 0.974039 0.584669 0.963370 0.586390
0 0.865076 0.508144 0.876479 0.501320 0.882787 0.507811 0.880375 0.511083 0.887646 0.528758 0.877849 0.531571 0.865076 0.508144
