0 0.541058 0.314735 0.554437 0.290494 0.568447 0.296633 0.564039 0.306392 0.573047 0.310915 0.571002 0.316260 0.564894 0.326078 0.541058 0.314735
0 0.591041 0.303252 0.622703 0.313741 0.619469 0.324270 0.586500 0.314059 0.591041 0.303252
0 0.555267 0.323235 0.584607 0.336579 0.576139 0.355740 0.545174 0.342481 0.555267 0.323235
0 0.583749 0.331550 0.586117 0.333874 0.594007 0.337819 0.579039 0.365435 0.564186 0.359634 0.566623 0.351743 0.570963 0.353603 0.576139 0.355740 0.584607 0.336579 0.581891 0.335320 0.583749 0.331550
0 0.633966 0.317771 0.645882 0.321716 0.638300 0.345165 0.615565 0.338186 0.620225 0.325348 0.630745 0.328992 0.633966 0.317771
0 0.670407 0.383007 0.705639 0.390267 0.705639 0.392402 0.701796 0.412474 0.665068 0.402438 0.670407 0.383007
0 0.715707 0.411865 0.715707 0.408559 0.717910 0.408874 0.725151 0.409031 0.724049 0.431068 0.699336 0.426504 0.700281 0.416744 0.716179 0.419263 0.715707 0.411865
0 0.734861 0.417240 0.768344 0.418123 0.767272 0.433509 0.734861 0.431491 0.734861 0.417240
0 0.773452 0.385715 0.785171 0.386399 0.784059 0.406158 0.772768 0.404875 0.773452 0.385715
0 0.800821 0.423300 0.783506 0.409606 0.796256 0.392921 0.814515 0.404884 0.800821 0.423300
0 0.901630 0.569783 0.929667 0.589576 0.913701 0.610748 0.882972 0.589582 0.901630 0.569783
0 0.872079 0.552471 0.881688 0.538805 0.903873 0.554243 0.894286 0.566778 0.872079 0.552471
0 0.811985 0.505458 0.819947 0.497478 0.855846 0.520775 0.858631 0.523908 0.851596 0.533177 0.846099 0.528317 0.811985 0.505458
0 0.066105 0.674378 0.068372 0.636283 0.099211 0.638097 0.096944 0.675739 0.066105 0.674378
3 0.366114 0.431050 0.395688 0.426368 0.397660 0.437951 0.367593 0.442633 0.366114 0.431050
0 0.480286 0.414734 0.513393 0.384349 0.543778 0.417002 0.509765 0.446934 0.480286 0.414734
0 0.514695 0.447713 0.526397 0.436346 0.547793 0.455068 0.536092 0.467104 0.514695 0.447713
0 0.520671 0.355191 0.529936 0.345562 0.546650 0.363003 0.536476 0.372814 0.520671 0.355191
0 0.645711 0.337309 0.648524 0.314408 0.667005 0.315882 0.667273 0.313471 0.689773 0.315480 0.688835 0.328069 0.662988 0.325926 0.662050 0.338783 0.645711 0.337309
0 0.630118 0.441656 0.633927 0.411160 0.649346 0.412730 0.648431 0.420602 0.652079 0.421045 0.649861 0.443472 0.630118 0.441656
0 0.611130 0.402292 0.615951 0.395194 0.636843 0.406176 0.632424 0.413542 0.611130 0.402292
0 0.675192 0.451056 0.675374 0.439247 0.688999 0.439792 0.688636 0.451782 0.675192 0.451056
0 0.921825 0.560844 0.898571 0.544493 0.904929 0.528324 0.912015 0.531231 0.909108 0.535228 0.910561 0.540496 0.927094 0.552305 0.921825 0.560844
0 0.912015 0.531231 0.904929 0.528324 0.908381 0.513822 0.916879 0.515472 0.935087 0.519059 0.933717 0.524742 0.938176 0.525781 0.936327 0.534947 0.912015 0.531231
0 0.908381 0.513822 0.910450 0.504356 0.919022 0.506365 0.916879 0.515472 0.908381 0.513822
0 0.993909 0.351167 0.988418 0.351569 0.988150 0.343667 0.993373 0.343534 0.993909 0.351167
0 0.993346 0.676917 0.973876 0.675438 0.975848 0.650300 0.994578 0.652025 0.993346 0.676917
0 0.954150 0.713350 0.953388 0.723020 0.946558 0.722351 0.946692 0.720342 0.940665 0.719806 0.941260 0.710342 0.954150 0.713350
0 0.945195 0.700234 0.945251 0.702729 0.955179 0.704271 0.954150 0.713350 0.941260 0.710342 0.941871 0.703333 0.943210 0.699985 0.945195 0.700234
0 0.959147 0.696235 0.958879 0.704271 0.955179 0.704271 0.945251 0.702729 0.945195 0.700234 0.945754 0.695164 0.959147 0.696235
0 0.910227 0.712536 0.920275 0.723943 0.911842 0.729078 0.893675 0.711790 0.902568 0.705422 0.910227 0.712536
0 0.936302 0.721639 0.929953 0.726268 0.924951 0.728351 0.920275 0.723943 0.910227 0.712536 0.921280 0.704877 0.936302 0.721639
0 0.941169 0.739507 0.925692 0.751830 0.918594 0.741116 0.918996 0.732813 0.924951 0.728351 0.929953 0.726268 0.941169 0.739507
0 0.948189 0.734417 0.941169 0.739507 0.929953 0.726268 0.936302 0.721639 0.948189 0.734417
0 0.880085 0.745166 0.887617 0.737978 0.895717 0.745006 0.893441 0.747422 0.899532 0.752926 0.893784 0.758855 0.880085 0.745166
0 0.918594 0.741116 0.910575 0.747114 0.898568 0.732516 0.906959 0.726222 0.909964 0.730326 0.918594 0.741116
0 0.909964 0.730326 0.911842 0.729078 0.914703 0.727266 0.918996 0.732813 0.918594 0.741116 0.909964 0.730326
3 0.871901 0.748411 0.862273 0.739327 0.877170 0.726247 0.885709 0.735694 0.871901 0.748411
0 0.953386 0.758783 0.981909 0.757874 0.982818 0.773680 0.969753 0.774164 0.957511 0.774559 0.953568 0.774588 0.953386 0.758783
0 0.976960 0.798746 0.957511 0.796871 0.957511 0.774559 0.969753 0.774164 0.972462 0.789269 0.977947 0.792329 0.976960 0.798746
0 0.974852 0.777485 0.992531 0.780256 0.991149 0.792097 0.977947 0.792329 0.972462 0.789269 0.974852 0.777485
0 0.999010 0.855528 0.992043 0.854733 0.984594 0.862000 0.982232 0.861636 0.982414 0.854551 0.969697 0.852916 0.970787 0.830570 0.973875 0.817853 0.999010 0.821589 0.999010 0.855528
0 0.968636 0.917438 0.973565 0.901172 0.971840 0.880963 0.988598 0.875788 0.998949 0.877513 0.999010 0.879124 0.999010 0.903350 0.994267 0.903144 0.988105 0.922120 0.968636 0.917438
0 0.999010 0.951474 0.976029 0.936661 0.999010 0.912797 0.999010 0.951474
0 0.959541 0.960224 0.971863 0.940755 0.988375 0.950366 0.983939 0.956528 0.999010 0.965024 0.999010 0.971691 0.996437 0.971849 0.989927 0.989872 0.977392 0.983332 0.981934 0.974430 0.959541 0.960224
0 0.937096 0.999002 0.949565 0.986228 0.958649 0.987136 0.963191 0.992949 0.957559 0.997310 0.959792 0.999001 0.937096 0.999002
0 0.928407 0.991651 0.921790 0.999002 0.905658 0.999003 0.916615 0.984511 0.928407 0.991651
0 0.933379 0.980420 0.928741 0.987159 0.928626 0.991796 0.916615 0.984511 0.924570 0.973252 0.933379 0.980420
0 0.945781 0.963578 0.933379 0.980420 0.924570 0.973252 0.936879 0.956492 0.945781 0.963578
0 0.964160 0.934853 0.956962 0.946434 0.931331 0.930414 0.939502 0.919160 0.964160 0.934853
0 0.967313 0.920064 0.964160 0.934853 0.939502 0.919160 0.948336 0.907729 0.967313 0.920064
0 0.965578 0.888410 0.947252 0.901104 0.939386 0.889255 0.958079 0.878379 0.965578 0.888410
0 0.931711 0.858428 0.944850 0.851035 0.960622 0.876419 0.947314 0.883813 0.931711 0.858428
0 0.933677 0.832785 0.937184 0.832203 0.946745 0.837423 0.931772 0.855229 0.919580 0.846455 0.933677 0.832785
0 0.933677 0.832785 0.919580 0.846455 0.911558 0.841206 0.925391 0.827500 0.933677 0.832785
0 0.958909 0.825460 0.946745 0.837423 0.937184 0.832203 0.933677 0.832785 0.925391 0.827500 0.921782 0.824614 0.929739 0.816912 0.936329 0.811610 0.958909 0.825460
0 0.894688 0.793561 0.903679 0.781955 0.922179 0.794570 0.912422 0.804355 0.894688 0.793561
0 0.912422 0.804355 0.922179 0.794570 0.927060 0.787828 0.945711 0.802987 0.936329 0.811610 0.929739 0.816912 0.912422 0.804355
0 0.831295 0.819608 0.846617 0.805278 0.858963 0.816521 0.844082 0.831954 0.831295 0.819608
0 0.885323 0.827665 0.864763 0.813559 0.881273 0.793746 0.901636 0.808055 0.885323 0.827665
0 0.900435 0.816757 0.910026 0.806836 0.924135 0.818080 0.915096 0.827670 0.900435 0.816757
0 0.815102 0.797419 0.801544 0.816049 0.784886 0.802744 0.797796 0.790364 0.801764 0.787278 0.815102 0.797419
0 0.792394 0.786396 0.797796 0.790364 0.784886 0.802744 0.776572 0.796006 0.786865 0.785352 0.792394 0.786396
0 0.786865 0.785352 0.776572 0.796006 0.770238 0.790916 0.777182 0.783530 0.786865 0.785352
3 0.789142 0.772808 0.800518 0.781990 0.796374 0.786947 0.784754 0.777521 0.789142 0.772808
0 0.714457 0.999006 0.702568 0.986841 0.722456 0.971289 0.735167 0.985196 0.716753 0.999006 0.714457 0.999006
0 0.615625 0.971291 0.641792 0.973928 0.640426 0.988523 0.614151 0.985780 0.615625 0.971291
3 0.611361 0.966795 0.608495 0.979582 0.597432 0.977246 0.600342 0.964414 0.611361 0.966795
3 0.600342 0.964414 0.597432 0.977246 0.587110 0.975062 0.589976 0.962165 0.600342 0.964414
0 0.471035 0.954411 0.484044 0.949925 0.493764 0.973701 0.481353 0.978636 0.471035 0.954411
0 0.497011 0.930346 0.505727 0.918971 0.533989 0.938112 0.526961 0.949476 0.497011 0.930346
0 0.563623 0.779609 0.556290 0.780943 0.555165 0.770211 0.562252 0.768917 0.563623 0.779609
0 0.589913 0.775067 0.563623 0.779609 0.562252 0.768917 0.588047 0.765205 0.589913 0.775067
0 0.588047 0.765205 0.562252 0.768917 0.561546 0.762534 0.586886 0.759107 0.588047 0.765205
0 0.618412 0.733346 0.598972 0.759216 0.593711 0.755498 0.613154 0.729434 0.618412 0.733346
0 0.613154 0.729434 0.593711 0.755498 0.583740 0.748438 0.603848 0.722520 0.613154 0.729434
0 0.603848 0.722520 0.583740 0.748438 0.575944 0.742916 0.595683 0.716448 0.603848 0.722520
0 0.541749 0.755493 0.536272 0.769692 0.528291 0.767070 0.533984 0.752744 0.541749 0.755493
0 0.533984 0.752744 0.528291 0.767070 0.516885 0.763320 0.522393 0.748643 0.533984 0.752744
0 0.522393 0.748643 0.516885 0.763320 0.506047 0.759752 0.511930 0.744944 0.522393 0.748643
0 0.556479 0.690592 0.552478 0.703991 0.540735 0.741090 0.515732 0.734180 0.532285 0.682705 0.556479 0.690592
0 0.567714 0.676786 0.559084 0.705944 0.552478 0.703991 0.556479 0.690592 0.532285 0.682705 0.530156 0.681318 0.534649 0.666847 0.567714 0.676786
0 0.530156 0.681318 0.532285 0.682705 0.515732 0.734180 0.500367 0.729933 0.518218 0.678409 0.530156 0.681318
0 0.568346 0.695821 0.572809 0.683041 0.625347 0.701704 0.620682 0.714280 0.568346 0.695821
0 0.619608 0.698713 0.621923 0.693863 0.628868 0.696509 0.626883 0.701579 0.619608 0.698713
0 0.543919 0.640116 0.545762 0.629312 0.564001 0.632814 0.562175 0.643362 0.543919 0.640116
0 0.545762 0.629312 0.547570 0.618411 0.565214 0.621913 0.564001 0.632814 0.545762 0.629312
2 0.563750 0.612031 0.561939 0.621164 0.549079 0.618772 0.550771 0.609453 0.563750 0.612031
2 0.566777 0.596719 0.563750 0.612031 0.550771 0.609453 0.553584 0.593945 0.566777 0.596719
2 0.568219 0.589463 0.566777 0.596719 0.553584 0.593945 0.554911 0.586622 0.556964 0.587061 0.565342 0.588714 0.568219 0.589463
2 0.556964 0.587061 0.556302 0.575927 0.561924 0.575596 0.561483 0.564683 0.576144 0.564573 0.576255 0.588163 0.565342 0.588714 0.556964 0.587061
0 0.578501 0.530179 0.598583 0.540321 0.587832 0.562635 0.567547 0.552898 0.578501 0.530179
0 0.590441 0.611425 0.606952 0.592988 0.598349 0.585834 0.613006 0.570974 0.639423 0.592713 0.631718 0.600693 0.640267 0.608372 0.630953 0.618267 0.633508 0.620403 0.620336 0.634866 0.590441 0.611425
2 0.613390 0.678833 0.578698 0.660291 0.583782 0.651618 0.613390 0.651468 0.626400 0.657450 0.613390 0.678833
3 0.775031 0.299570 0.779450 0.293543 0.787218 0.298900 0.782396 0.305195 0.775031 0.299570
0 0.571498 0.294684 0.564534 0.293747 0.566141 0.268837 0.572569 0.269373 0.571498 0.294684
0 0.966819 0.902372 0.954176 0.910801 0.947252 0.901104 0.965578 0.888410 0.966819 0.902372
