4 0.468492 0.000008 0.447182 0.018133 0.436515 0.009279 0.440701 0.005574 0.433161 0.000008 0.468492 0.000008
3 0.426084 0.024532 0.447613 0.025878 0.446567 0.038736 0.424787 0.037592 0.426084 0.024532
3 0.616417 0.000007 0.633249 0.013593 0.622519 0.026145 0.600606 0.007916 0.607278 0.000007 0.616417 0.000007
0 0.029421 0.000001 0.052964 0.008913 0.045815 0.020413 0.011425 0.005039 0.013800 0.000001 0.029421 0.000001
0 0.049236 0.021377 0.058237 0.019237 0.072253 0.021851 0.083712 0.028703 0.066368 0.057858 0.050969 0.049186 0.053959 0.043056 0.042054 0.038264 0.049236 0.021377
0 0.057922 0.056755 0.070576 0.062978 0.066828 0.070377 0.054111 0.063875 0.057922 0.056755
3 0.034432 0.091367 0.041193 0.095873 0.036390 0.102667 0.029479 0.097747 0.034432 0.091367
3 0.133013 0.101461 0.147134 0.097645 0.149614 0.106232 0.158201 0.104323 0.160873 0.119589 0.137784 0.125886 0.133013 0.101461
3 0.122866 0.075210 0.141158 0.091482 0.130346 0.102247 0.112582 0.086458 0.122866 0.075210
3 0.143770 0.166033 0.159160 0.164441 0.160239 0.174160 0.144682 0.175935 0.143770 0.166033
0 0.151251 0.177168 0.156484 0.176687 0.156634 0.180574 0.167696 0.179720 0.170848 0.202060 0.158289 0.203876 0.157979 0.199413 0.150055 0.200310 0.147909 0.182006 0.151700 0.181322 0.151251 0.177168
3 0.182752 0.223111 0.202979 0.224829 0.202597 0.238377 0.181989 0.237232 0.182752 0.223111
3 0.172959 0.306592 0.174051 0.314679 0.174073 0.316794 0.175299 0.328762 0.165532 0.329394 0.164452 0.306730 0.172959 0.306592
0 0.174709 0.334123 0.174322 0.328762 0.173097 0.316794 0.190790 0.315505 0.192822 0.332222 0.194385 0.348794 0.176073 0.350940 0.170251 0.351294 0.169310 0.334647 0.174709 0.334123
0 0.193798 0.332222 0.202520 0.330307 0.201397 0.325064 0.206300 0.323857 0.207721 0.328894 0.210344 0.328369 0.213899 0.344765 0.198764 0.348283 0.195361 0.348794 0.193798 0.332222
0 0.210589 0.326457 0.219951 0.323795 0.224908 0.341143 0.215362 0.344080 0.210589 0.326457
0 0.169958 0.355028 0.177177 0.354262 0.177050 0.351917 0.195361 0.349771 0.198764 0.349259 0.202459 0.372473 0.182073 0.374613 0.181518 0.367824 0.170352 0.368576 0.169958 0.355028
0 0.177962 0.385988 0.193986 0.384613 0.194424 0.401530 0.194661 0.406739 0.187161 0.406740 0.187396 0.410606 0.175413 0.411191 0.175067 0.401234 0.179396 0.401240 0.177962 0.385988
0 0.194962 0.383637 0.209518 0.382548 0.209866 0.399269 0.195401 0.400553 0.194962 0.383637
0 0.194157 0.376141 0.204818 0.375664 0.205180 0.382626 0.194730 0.383571 0.194157 0.376141
0 0.195873 0.409130 0.195637 0.406739 0.195401 0.401530 0.209866 0.400245 0.210101 0.408418 0.195873 0.409130
0 0.135635 0.419898 0.149619 0.426025 0.140164 0.445979 0.126140 0.439455 0.127811 0.435947 0.131014 0.428774 0.135635 0.419898
0 0.124322 0.425453 0.131014 0.428774 0.127811 0.435947 0.120942 0.432894 0.124322 0.425453
0 0.126140 0.439455 0.140164 0.445979 0.131022 0.464606 0.117547 0.458081 0.126140 0.439455
3 0.102666 0.435141 0.121643 0.444395 0.115435 0.459390 0.105126 0.454938 0.106532 0.452244 0.097043 0.448261 0.102666 0.435141
3 0.162725 0.290941 0.184663 0.288477 0.188604 0.312346 0.174051 0.313702 0.172959 0.305616 0.164452 0.305753 0.162725 0.290941
3 0.051703 0.079183 0.061534 0.074412 0.068976 0.089487 0.077181 0.085861 0.083096 0.096547 0.071647 0.102081 0.068022 0.095402 0.061725 0.098455 0.051703 0.079183
3 0.312183 0.047184 0.334011 0.062135 0.326835 0.072750 0.305006 0.058098 0.312183 0.047184
3 0.195582 0.414890 0.207493 0.414031 0.208229 0.426187 0.195705 0.427292 0.195582 0.414890
