0 0.721421 0.820987 0.744732 0.807965 0.757915 0.838350 0.732996 0.849764 0.721421 0.820987
2 0.702982 0.814411 0.713856 0.809692 0.721421 0.820987 0.726168 0.841085 0.712830 0.844984 0.702982 0.814411
0 0.784466 0.888574 0.791442 0.870928 0.800265 0.874211 0.800470 0.871954 0.811756 0.876878 0.801701 0.896576 0.792673 0.893703 0.793494 0.891652 0.784466 0.888574
0 0.796171 0.904536 0.810279 0.903024 0.810531 0.910330 0.797682 0.911968 0.796171 0.904536
0 0.806861 0.893010 0.810860 0.885992 0.812781 0.878146 0.820591 0.880792 0.819079 0.888224 0.814544 0.895530 0.806861 0.893010
0 0.921266 0.773261 0.928698 0.772757 0.928824 0.770742 0.939153 0.770616 0.938901 0.782457 0.930461 0.782205 0.930713 0.783968 0.922525 0.783842 0.921266 0.773261
0 0.870953 0.806579 0.882238 0.793037 0.890240 0.784214 0.903577 0.778674 0.905834 0.786882 0.898858 0.792627 0.895165 0.805143 0.884700 0.816018 0.870953 0.806579
0 0.900000 0.742684 0.904515 0.726269 0.917236 0.731604 0.912722 0.748224 0.900000 0.742684
0 0.707146 0.635228 0.714217 0.630776 0.717883 0.640204 0.710812 0.644132 0.707146 0.635228
0 0.530327 0.553329 0.544638 0.554037 0.544437 0.548950 0.553474 0.549147 0.554103 0.565270 0.530816 0.565305 0.530327 0.553329
0 0.434746 0.552498 0.445839 0.552659 0.446161 0.565842 0.441659 0.566967 0.441498 0.583526 0.433942 0.584008 0.434746 0.552498
0 0.462387 0.557706 0.470827 0.557328 0.471583 0.588063 0.463143 0.588315 0.462387 0.557706
0 0.482197 0.557948 0.489173 0.557537 0.489173 0.555280 0.501279 0.554254 0.501279 0.563282 0.483428 0.563488 0.482197 0.557948
0 0.488725 0.565669 0.503782 0.566112 0.508709 0.568960 0.509956 0.586854 0.489341 0.583110 0.488725 0.565669
0 0.511817 0.569377 0.520498 0.570664 0.521302 0.585133 0.511334 0.585454 0.511817 0.569377
0 0.578097 0.616092 0.585655 0.605888 0.600897 0.617225 0.593087 0.627303 0.578097 0.616092
0 0.392554 0.676092 0.404455 0.660703 0.424563 0.673630 0.416561 0.684505 0.406712 0.676708 0.403018 0.683479 0.392554 0.676092
0 0.395264 0.635178 0.404470 0.628758 0.413506 0.639844 0.403847 0.646778 0.395264 0.635178
0 0.505395 0.616578 0.501270 0.613885 0.497735 0.618599 0.488392 0.612538 0.496809 0.600081 0.505731 0.598734 0.513728 0.604037 0.505395 0.616578
0 0.466268 0.627677 0.445830 0.618428 0.452566 0.603471 0.471292 0.610436 0.471749 0.616830 0.466268 0.627677
0 0.393347 0.638439 0.383279 0.624189 0.394586 0.616755 0.403570 0.628836 0.395264 0.635178 0.393347 0.638439
0 0.874883 0.768223 0.859701 0.778343 0.847155 0.759447 0.859004 0.752520 0.859023 0.752555 0.860781 0.751484 0.860940 0.751392 0.860937 0.751387 0.862260 0.750585 0.874883 0.768223
0 0.886689 0.747520 0.893157 0.756039 0.877637 0.766377 0.869403 0.756285 0.884153 0.746938 0.886689 0.747520
0 0.864414 0.817641 0.849699 0.810826 0.860077 0.789296 0.873397 0.796266 0.864414 0.817641
0 0.842411 0.829227 0.838643 0.829912 0.836588 0.833680 0.823685 0.828770 0.821972 0.831739 0.808613 0.826715 0.821173 0.804792 0.834761 0.809245 0.834190 0.810387 0.846521 0.814384 0.845494 0.821234 0.842411 0.829227
0 0.838636 0.886560 0.844116 0.876170 0.863984 0.883249 0.860216 0.894096 0.838636 0.886560
0 0.419914 0.619694 0.406700 0.607826 0.413181 0.602102 0.418063 0.606816 0.418904 0.606142 0.426059 0.614307 0.419914 0.619694
0 0.472171 0.606480 0.476127 0.600756 0.488248 0.609341 0.483871 0.615149 0.472171 0.606480
0 0.611860 0.606437 0.617901 0.597763 0.622083 0.601171 0.627194 0.594510 0.636488 0.601945 0.624561 0.617899 0.611860 0.606437
3 0.692481 0.811776 0.703785 0.835068 0.679921 0.846030 0.674326 0.834498 0.676267 0.833698 0.671015 0.821024 0.692481 0.811776
0 0.774393 0.808933 0.776161 0.807334 0.773467 0.803294 0.780117 0.798665 0.783652 0.803210 0.786177 0.800937 0.790638 0.806745 0.779191 0.814994 0.774393 0.808933
0 0.784698 0.838541 0.778890 0.831555 0.789664 0.823895 0.788149 0.822801 0.797660 0.816236 0.803047 0.822969 0.784698 0.838541
0 0.750727 0.899529 0.751526 0.888568 0.764885 0.889025 0.763972 0.899073 0.750727 0.899529
0 0.409424 0.634591 0.417293 0.628392 0.421645 0.634174 0.413506 0.639844 0.409424 0.634591
4 0.712759 0.796194 0.716831 0.791183 0.723721 0.791496 0.727793 0.797134 0.723721 0.803398 0.712759 0.796194
0 0.746365 0.794989 0.757910 0.796714 0.757910 0.805340 0.745569 0.804411 0.746365 0.794989
