0 0.009838 0.313939 0.000009 0.317332 0.000009 0.299842 0.007559 0.298369 0.009838 0.313939
0 0.015466 0.336033 0.025888 0.337075 0.028494 0.356878 0.035790 0.355308 0.039111 0.375674 0.027827 0.381652 0.028945 0.384990 0.023764 0.385820 0.024406 0.392885 0.012643 0.394124 0.011576 0.388579 0.000009 0.387969 0.000009 0.319050 0.012008 0.314542 0.015466 0.336033
0 0.002714 0.463976 0.001757 0.456955 0.028468 0.454402 0.029505 0.463735 0.002714 0.463976
0 0.031217 0.450277 0.014327 0.451849 0.013737 0.439475 0.031217 0.437118 0.031217 0.450277
0 0.169756 0.420342 0.172270 0.432684 0.187845 0.432684 0.188027 0.421260 0.226508 0.423186 0.227010 0.446248 0.224503 0.447000 0.222230 0.462003 0.173578 0.462441 0.172364 0.451512 0.160833 0.451011 0.156572 0.419677 0.169756 0.420342
0 0.285255 0.461437 0.281812 0.450249 0.324682 0.440651 0.329999 0.461034 0.285255 0.461437
0 0.355437 0.460805 0.341958 0.456007 0.340038 0.445770 0.340358 0.433932 0.356994 0.437132 0.356354 0.446090 0.365632 0.448969 0.361522 0.460750 0.355437 0.460805
0 0.128229 0.325401 0.145525 0.323646 0.147280 0.365759 0.130485 0.368265 0.128229 0.325401
0 0.342304 0.376375 0.381975 0.374776 0.381015 0.395251 0.368858 0.397810 0.368218 0.408688 0.341664 0.409008 0.342304 0.376375
0 0.362059 0.355674 0.367165 0.355674 0.366772 0.340354 0.380717 0.340944 0.379932 0.373743 0.360880 0.373940 0.362059 0.355674
0 0.342744 0.310132 0.337945 0.337965 0.318430 0.334766 0.322269 0.307573 0.342744 0.310132
0 0.680392 0.247324 0.696708 0.269079 0.676233 0.282836 0.658317 0.261401 0.680392 0.247324
0 0.758773 0.309069 0.738298 0.320907 0.721022 0.290514 0.719580 0.287881 0.732998 0.262451 0.758773 0.309069
0 0.769995 0.329661 0.792709 0.362614 0.780552 0.371251 0.756238 0.340539 0.769995 0.329661
0 0.509567 0.459417 0.510488 0.438933 0.542322 0.438181 0.541624 0.459128 0.509567 0.459417
0 0.575024 0.458827 0.574157 0.452469 0.592456 0.448207 0.594712 0.435423 0.614515 0.436426 0.611256 0.452970 0.624542 0.456229 0.624388 0.458382 0.575024 0.458827
0 0.569896 0.437930 0.565133 0.431663 0.565133 0.421386 0.592707 0.426149 0.591203 0.440186 0.569896 0.437930
0 0.625199 0.396317 0.603765 0.393758 0.606324 0.376482 0.627759 0.379361 0.625199 0.396317
0 0.642475 0.363045 0.657832 0.364325 0.665510 0.347049 0.676707 0.352488 0.661991 0.375522 0.640876 0.375202 0.642475 0.363045
0 0.886070 0.131095 0.880054 0.157666 0.864763 0.154909 0.872032 0.127837 0.886070 0.131095
0 0.891822 0.120451 0.945111 0.134154 0.965724 0.142845 0.961885 0.165880 0.950688 0.185395 0.879985 0.166520 0.891822 0.120451
0 0.607420 0.315557 0.617712 0.316047 0.617222 0.324379 0.616241 0.325359 0.605949 0.325359 0.607420 0.315557
0 0.620987 0.330047 0.611660 0.339675 0.606545 0.336666 0.612262 0.326436 0.620987 0.330047
0 0.327697 0.273014 0.342213 0.274422 0.340047 0.297388 0.330947 0.296630 0.331922 0.286230 0.326289 0.285905 0.327697 0.273014
0 0.262850 0.449966 0.275383 0.447837 0.277276 0.461508 0.263714 0.461630 0.262850 0.449966
0 0.280350 0.439561 0.298559 0.436486 0.300214 0.445709 0.281812 0.450249 0.280350 0.439561
