0 0.049558 0.687820 0.065825 0.668253 0.090814 0.686406 0.070540 0.710924 0.046729 0.691357 0.049558 0.687820
0 0.293538 0.757650 0.301665 0.763931 0.294277 0.773536 0.285965 0.767255 0.293538 0.757650
0 0.307435 0.768558 0.327119 0.783610 0.320316 0.793741 0.299620 0.779702 0.307435 0.768558
0 0.195930 0.763428 0.220443 0.769286 0.217538 0.786679 0.191249 0.779441 0.195930 0.763428
0 0.189255 0.774900 0.187437 0.786709 0.182528 0.793222 0.155183 0.783728 0.163647 0.765322 0.189255 0.774900
0 0.147025 0.730799 0.163575 0.730818 0.163535 0.740742 0.145885 0.739890 0.147025 0.730799
0 0.115486 0.699085 0.131657 0.700773 0.131657 0.707792 0.150760 0.708592 0.166131 0.710547 0.164088 0.729739 0.147292 0.729999 0.147028 0.723341 0.113976 0.721120 0.115486 0.699085
0 0.000008 0.762689 0.004520 0.760382 0.013927 0.771816 0.014216 0.775000 0.020440 0.776592 0.020874 0.773118 0.025795 0.773697 0.026663 0.767908 0.033176 0.768921 0.032452 0.773987 0.036215 0.774276 0.035926 0.778329 0.042728 0.778618 0.043452 0.773553 0.050688 0.768053 0.069358 0.786868 0.042294 0.806695 0.009730 0.801919 0.000008 0.794566 0.000008 0.762689
0 0.328958 0.916416 0.340536 0.892970 0.360509 0.903969 0.353128 0.919889 0.345602 0.916561 0.341984 0.924376 0.328235 0.917284 0.328958 0.916416
0 0.319285 0.939925 0.326769 0.924843 0.337769 0.929739 0.339892 0.926361 0.344573 0.923936 0.368758 0.934446 0.358067 0.958976 0.334764 0.950800 0.336646 0.946603 0.319285 0.939925
0 0.272138 0.915920 0.281437 0.918415 0.283478 0.916147 0.295385 0.920796 0.293003 0.925105 0.304570 0.930775 0.296292 0.950960 0.281096 0.945857 0.285632 0.936105 0.266014 0.928507 0.272138 0.915920
0 0.251925 0.963585 0.260608 0.940284 0.277542 0.946218 0.277542 0.950994 0.283765 0.953599 0.284489 0.956638 0.291725 0.959388 0.285068 0.976756 0.251925 0.963585
0 0.000008 0.987698 0.026332 0.990652 0.024781 0.999001 0.000008 0.999000 0.000008 0.987698
0 0.531358 0.961870 0.551636 0.936037 0.575913 0.952146 0.555243 0.978366 0.531358 0.961870
0 0.556510 0.978813 0.569807 0.961966 0.584635 0.973104 0.570225 0.990439 0.556510 0.978813
0 0.581181 0.999007 0.571310 0.990861 0.590381 0.968873 0.604548 0.980742 0.590820 0.999007 0.581181 0.999007
0 0.593436 0.968060 0.612372 0.948010 0.623719 0.957896 0.618011 0.964858 0.611536 0.959636 0.599214 0.973072 0.593436 0.968060
0 0.592935 0.999007 0.609209 0.980203 0.631821 0.997974 0.630788 0.999007 0.592935 0.999007
0 0.744283 0.999006 0.730212 0.987901 0.754594 0.965181 0.780639 0.990302 0.772848 0.999005 0.744283 0.999006
4 0.999009 0.856583 0.991380 0.855946 0.991091 0.844367 0.999009 0.843865 0.999009 0.856583
0 0.974137 0.842006 0.984992 0.843019 0.984702 0.855176 0.973703 0.854453 0.974137 0.842006
0 0.837713 0.728444 0.854936 0.737417 0.845239 0.757245 0.826569 0.747693 0.837713 0.728444
0 0.782520 0.723232 0.765070 0.759709 0.746552 0.751424 0.765029 0.717686 0.782520 0.723232
0 0.785955 0.716059 0.782734 0.722783 0.765273 0.717246 0.769316 0.709863 0.785955 0.716059
0 0.719620 0.693606 0.729751 0.685501 0.756919 0.694751 0.751646 0.704531 0.725843 0.729354 0.701095 0.709960 0.719620 0.693606
2 0.700033 0.705881 0.670776 0.678099 0.678941 0.670161 0.687106 0.679573 0.691982 0.675150 0.702528 0.686490 0.710353 0.680026 0.719992 0.690005 0.700033 0.705881
0 0.999009 0.843750 0.984992 0.843019 0.985606 0.827362 0.996339 0.827477 0.996453 0.825878 0.999009 0.826043 0.999009 0.843750
0 0.622259 0.950065 0.612966 0.942011 0.621790 0.932084 0.631458 0.940946 0.622259 0.950065
0 0.277342 0.996381 0.249616 0.987553 0.252095 0.980737 0.246983 0.979034 0.251925 0.963585 0.285068 0.976756 0.277342 0.996381
