0 0.227392 0.388927 0.207557 0.420663 0.180978 0.408365 0.200813 0.376629 0.227392 0.388927
0 0.401338 0.297061 0.404326 0.303681 0.411835 0.320675 0.377861 0.336314 0.358006 0.296665 0.394004 0.280232 0.401338 0.297061
0 0.180185 0.368695 0.177805 0.381786 0.166697 0.390117 0.132185 0.372266 0.146069 0.352034 0.180185 0.368695
2 0.078856 0.439211 0.092022 0.423563 0.104807 0.432150 0.091259 0.446652 0.078856 0.439211
1 0.158538 0.408079 0.163205 0.411422 0.163148 0.415868 0.160406 0.418611 0.155183 0.419786 0.151282 0.416139 0.151986 0.410141 0.158538 0.408079
0 0.000008 0.070314 0.030932 0.077729 0.020617 0.106688 0.000008 0.099153 0.000008 0.070314
0 0.490618 0.080025 0.504387 0.092669 0.485275 0.109029 0.470019 0.094015 0.490618 0.080025
4 0.773079 0.060636 0.765406 0.069242 0.755160 0.068921 0.748388 0.060839 0.773079 0.060636
1 0.767597 0.160568 0.759317 0.169823 0.744218 0.154480 0.753472 0.145225 0.767597 0.160568
0 0.783184 0.150827 0.795511 0.141307 0.802180 0.148391 0.790490 0.158863 0.783184 0.150827
0 0.761982 0.136332 0.774194 0.126600 0.786025 0.136904 0.775339 0.148163 0.761982 0.136332
2 0.821049 0.195145 0.810037 0.208383 0.797151 0.196434 0.807929 0.184134 0.821049 0.195145
0 0.946889 0.246684 0.966352 0.259850 0.964444 0.262331 0.972458 0.267101 0.955285 0.292671 0.943263 0.287328 0.952041 0.271490 0.936394 0.259659 0.946889 0.246684
3 0.914352 0.278189 0.926612 0.259351 0.941264 0.265331 0.929752 0.287908 0.918838 0.282824 0.919286 0.280731 0.914352 0.278189
3 0.782413 0.188752 0.792784 0.179298 0.801780 0.186916 0.791224 0.196921 0.782413 0.188752
4 0.495593 0.072478 0.506358 0.064105 0.513684 0.072627 0.509498 0.083392 0.495593 0.072478
1 0.088231 0.370075 0.092898 0.373418 0.092841 0.377865 0.090099 0.380607 0.084876 0.381782 0.080975 0.378135 0.081679 0.372138 0.088231 0.370075
