0 0.429247 0.772517 0.449777 0.748966 0.466500 0.762427 0.443499 0.785816 0.429247 0.772517
0 0.471997 0.722359 0.490772 0.701276 0.517173 0.722193 0.499027 0.742623 0.471997 0.722359
0 0.496532 0.622447 0.508408 0.587152 0.522131 0.592054 0.510535 0.626954 0.496532 0.622447
0 0.522617 0.554740 0.541584 0.522114 0.569474 0.539345 0.551030 0.570628 0.522617 0.554740
0 0.552702 0.511874 0.565883 0.492421 0.588356 0.506757 0.574791 0.527478 0.552702 0.511874
0 0.483980 0.488401 0.499395 0.469938 0.522037 0.488992 0.507721 0.506731 0.483980 0.488401
0 0.503781 0.558771 0.507629 0.550047 0.516056 0.553834 0.512812 0.562443 0.503781 0.558771
0 0.565044 0.394985 0.590065 0.412661 0.575501 0.431596 0.550597 0.412793 0.565044 0.394985
0 0.519932 0.363187 0.535880 0.342804 0.531310 0.340062 0.537846 0.330944 0.551668 0.339989 0.548147 0.344670 0.549856 0.345967 0.558245 0.334890 0.568066 0.341893 0.539528 0.378139 0.519932 0.363187
0 0.552606 0.364057 0.564056 0.347556 0.574918 0.354671 0.564039 0.371536 0.552606 0.364057
0 0.613984 0.376966 0.573725 0.356949 0.574918 0.354671 0.564056 0.347556 0.568066 0.341893 0.620738 0.364810 0.613984 0.376966
3 0.580370 0.304799 0.588082 0.293913 0.613959 0.311661 0.606846 0.324204 0.580370 0.304799
3 0.537143 0.274220 0.546901 0.223669 0.559644 0.225555 0.550222 0.275514 0.537143 0.274220
3 0.345731 0.129119 0.354311 0.115846 0.373938 0.126724 0.366052 0.140590 0.345731 0.129119
0 0.331042 0.109621 0.340251 0.093661 0.352759 0.101264 0.344306 0.116070 0.331042 0.109621
0 0.302193 0.102491 0.309527 0.071900 0.322476 0.075025 0.315284 0.106482 0.302193 0.102491
0 0.316217 0.070567 0.325856 0.048244 0.338805 0.052549 0.335300 0.062629 0.349018 0.066769 0.342194 0.081671 0.316217 0.070567
0 0.035689 0.198859 0.040552 0.183018 0.057638 0.187746 0.053631 0.202749 0.035689 0.198859
0 0.001374 0.200166 0.009942 0.184518 0.028130 0.192680 0.020111 0.209114 0.001374 0.200166
0 0.009942 0.184518 0.014763 0.175514 0.039327 0.184400 0.035892 0.194732 0.028130 0.192680 0.009942 0.184518
0 0.000009 0.203986 0.003457 0.200953 0.017540 0.207930 0.024544 0.216892 0.011154 0.234840 0.000009 0.226654 0.000009 0.203986
0 0.000009 0.307886 0.020582 0.297369 0.034521 0.321712 0.017768 0.331041 0.023587 0.342825 0.004279 0.351345 0.000009 0.342030 0.000009 0.307886
0 0.163926 0.285238 0.182070 0.286611 0.181886 0.291218 0.209305 0.293558 0.208739 0.299484 0.223336 0.305545 0.207274 0.332655 0.195439 0.325036 0.199280 0.316493 0.161582 0.314486 0.163926 0.285238
1 0.212166 0.277238 0.243422 0.277370 0.242808 0.298613 0.212023 0.298624 0.212166 0.277238
0 0.215322 0.354320 0.226507 0.324617 0.257868 0.336933 0.244081 0.365501 0.215322 0.354320
0 0.186772 0.389012 0.202753 0.370255 0.231205 0.388683 0.220799 0.403929 0.206830 0.395340 0.202399 0.400487 0.186772 0.389012
0 0.180175 0.401846 0.188218 0.391008 0.202971 0.401837 0.196272 0.411368 0.180175 0.401846
0 0.233646 0.383210 0.238922 0.371513 0.256731 0.378624 0.269170 0.384167 0.264710 0.395236 0.233646 0.383210
0 0.235553 0.410375 0.243570 0.392130 0.271044 0.404247 0.262728 0.422167 0.235553 0.410375
0 0.209459 0.461589 0.213867 0.434958 0.225882 0.436287 0.221432 0.463377 0.209459 0.461589
0 0.272094 0.350663 0.278683 0.331236 0.291653 0.335723 0.284240 0.354741 0.272094 0.350663
0 0.266162 0.380442 0.275562 0.357944 0.289237 0.363649 0.280547 0.384685 0.266162 0.380442
0 0.032547 0.819352 0.037513 0.811581 0.050425 0.819662 0.046052 0.826487 0.032547 0.819352
4 0.999009 0.752280 0.980078 0.745580 0.990568 0.716366 0.999009 0.719433 0.999009 0.752280
0 0.356256 0.088712 0.345960 0.084089 0.353314 0.067910 0.364661 0.072533 0.356256 0.088712
3 0.188001 0.999005 0.208248 0.986985 0.216012 0.996462 0.212647 0.999005 0.188001 0.999005
3 0.592240 0.289955 0.597810 0.279110 0.634156 0.298162 0.616569 0.333043 0.606846 0.324204 0.613959 0.311661 0.617155 0.301387 0.592240 0.289955
0 0.539528 0.378139 0.550459 0.385537 0.536905 0.401721 0.528206 0.395247 0.539528 0.378139
0 0.008093 0.286543 0.013886 0.283037 0.017544 0.288982 0.011752 0.292793 0.008093 0.286543
