0 0.116184 0.108794 0.122015 0.073958 0.148478 0.078144 0.143395 0.113279 0.116184 0.108794
0 0.000006 0.188572 0.004181 0.173722 0.042196 0.187459 0.040496 0.202774 0.032647 0.216597 0.000006 0.203412 0.000006 0.188572
0 0.000006 0.207612 0.020893 0.218664 0.015018 0.233739 0.000006 0.226598 0.000006 0.207612
0 0.083551 0.206666 0.097007 0.164952 0.110887 0.171207 0.106251 0.187920 0.114265 0.191927 0.106442 0.214825 0.083551 0.206666
0 0.078208 0.224926 0.083110 0.215403 0.097817 0.222503 0.093760 0.232139 0.078208 0.224926
3 0.703742 0.063503 0.735840 0.051905 0.741580 0.065963 0.709951 0.078615 0.703742 0.063503
4 0.999007 0.219721 0.983103 0.220023 0.983331 0.200065 0.999006 0.200247 0.999007 0.219721
0 0.096646 0.782310 0.133425 0.779918 0.136864 0.814305 0.109653 0.816996 0.098141 0.818342 0.096646 0.782310
0 0.151027 0.775758 0.158462 0.775574 0.180950 0.774473 0.182051 0.797419 0.158370 0.799714 0.151853 0.800356 0.151027 0.775758
3 0.165808 0.893443 0.178634 0.861962 0.241012 0.879258 0.237903 0.891889 0.216527 0.890917 0.190293 0.888974 0.182520 0.891500 0.166391 0.895387 0.165808 0.893443
0 0.176302 0.898107 0.216333 0.895775 0.224689 0.896358 0.225855 0.894026 0.228964 0.894804 0.227409 0.909378 0.200981 0.906852 0.180771 0.904520 0.182714 0.901605 0.176885 0.902577 0.176302 0.898107
0 0.130133 0.892512 0.134991 0.882018 0.155590 0.890763 0.149954 0.902617 0.130133 0.892512
0 0.000006 0.029419 0.004656 0.028811 0.010097 0.046494 0.014567 0.069036 0.008737 0.070785 0.000006 0.070443 0.000006 0.029419
