4 0.975950 0.000001 0.984181 0.008306 0.972735 0.018047 0.969082 0.017804 0.955918 0.000002 0.975950 0.000001
0 0.961401 0.016609 0.976857 0.029585 0.974567 0.034546 0.972087 0.033210 0.969415 0.037981 0.964836 0.036836 0.958920 0.041415 0.954150 0.040080 0.951860 0.041606 0.941556 0.033592 0.956249 0.015273 0.961401 0.016609
0 0.912019 0.045975 0.920299 0.051820 0.924926 0.058883 0.914211 0.066919 0.911775 0.065458 0.899355 0.073251 0.896189 0.071060 0.890101 0.060831 0.909827 0.047436 0.912019 0.045975
0 0.888133 0.064529 0.891273 0.071257 0.879013 0.077087 0.874827 0.073649 0.873631 0.069761 0.885741 0.064230 0.888133 0.064529
0 0.999011 0.061161 0.978247 0.060068 0.976339 0.052245 0.981491 0.047475 0.999011 0.047475 0.999011 0.061161
0 0.986834 0.069228 0.990268 0.074189 0.990841 0.080104 0.980727 0.081249 0.979773 0.079532 0.975003 0.080104 0.975194 0.083539 0.971568 0.085066 0.959356 0.085638 0.949242 0.054726 0.965653 0.050146 0.967752 0.052627 0.972331 0.061404 0.974240 0.070182 0.978438 0.069800 0.986834 0.069228
0 0.947626 0.093598 0.960029 0.091690 0.962891 0.105619 0.950870 0.108482 0.947626 0.093598
0 0.914614 0.074516 0.925682 0.071272 0.928926 0.076997 0.936177 0.088827 0.940756 0.100086 0.925300 0.103902 0.920721 0.094361 0.911370 0.096842 0.907173 0.084820 0.916713 0.081958 0.914614 0.074516
0 0.883484 0.083493 0.894551 0.084256 0.895314 0.099712 0.895314 0.101430 0.882720 0.100094 0.881957 0.086546 0.883484 0.083493
0 0.859710 0.100031 0.870182 0.096865 0.879437 0.102223 0.878463 0.114643 0.881872 0.115374 0.880411 0.129499 0.867260 0.127551 0.857275 0.123411 0.854840 0.114400 0.859710 0.100031
0 0.848600 0.059152 0.853562 0.056098 0.861194 0.062586 0.862912 0.066975 0.860813 0.069456 0.860049 0.074417 0.854325 0.078806 0.848791 0.080905 0.837342 0.068311 0.848600 0.059152
0 0.856805 0.080141 0.861003 0.082431 0.861767 0.086248 0.855470 0.087965 0.853180 0.085675 0.851272 0.082240 0.856805 0.080141
0 0.875752 0.132423 0.885007 0.131936 0.885250 0.139242 0.885737 0.149714 0.883279 0.151430 0.883429 0.156214 0.881036 0.157111 0.882325 0.165084 0.870899 0.165755 0.869375 0.150981 0.873860 0.149935 0.873860 0.142160 0.873262 0.141712 0.872963 0.138721 0.874159 0.137974 0.874009 0.132293 0.875752 0.132423
0 0.865642 0.159025 0.865044 0.179956 0.847551 0.180554 0.846355 0.178611 0.848747 0.157530 0.862951 0.157679 0.865642 0.159025
0 0.852496 0.185191 0.852496 0.195907 0.841780 0.197125 0.841537 0.184461 0.852496 0.185191
0 0.823028 0.178616 0.826437 0.158889 0.823271 0.156697 0.826924 0.142329 0.839588 0.143059 0.843972 0.140868 0.851278 0.141355 0.842998 0.181538 0.836666 0.184461 0.827412 0.184461 0.823028 0.178616
0 0.829116 0.188844 0.828873 0.206866 0.808659 0.208084 0.809633 0.188114 0.813286 0.183974 0.824489 0.185678 0.829116 0.188844
0 0.804881 0.193063 0.804394 0.205239 0.798305 0.208405 0.777361 0.206944 0.779309 0.188679 0.802932 0.189897 0.804881 0.193063
0 0.802445 0.178937 0.801228 0.186974 0.789294 0.185026 0.791730 0.173580 0.794409 0.172605 0.800741 0.153366 0.815596 0.155071 0.812430 0.176989 0.807073 0.178450 0.802445 0.178937
0 0.784345 0.219876 0.784536 0.231897 0.770797 0.232279 0.770797 0.220448 0.784345 0.219876
0 0.773900 0.189453 0.772683 0.213076 0.762941 0.213563 0.746624 0.211615 0.750521 0.189209 0.773900 0.189453
0 0.787370 0.144507 0.793459 0.149864 0.783717 0.157171 0.782013 0.160093 0.782256 0.164720 0.776655 0.168130 0.774219 0.165207 0.768131 0.168617 0.759120 0.156927 0.783474 0.143045 0.787370 0.144507
0 0.744591 0.132717 0.768701 0.124924 0.775764 0.130038 0.778199 0.137101 0.751410 0.147086 0.744591 0.132717
0 0.805848 0.122373 0.798298 0.133333 0.795132 0.133333 0.774919 0.125296 0.772240 0.115554 0.802925 0.122130 0.805848 0.122373
0 0.476038 0.309001 0.494065 0.307136 0.494687 0.321434 0.488160 0.322366 0.489403 0.338840 0.482876 0.338840 0.481011 0.323610 0.477281 0.322366 0.476038 0.309001
0 0.689207 0.054616 0.704811 0.070221 0.690507 0.083225 0.673602 0.071521 0.689207 0.054616
