0 0.383841 0.981061 0.389566 0.975929 0.399633 0.985601 0.394106 0.990635 0.383841 0.981061
0 0.390633 0.975167 0.400980 0.967317 0.419472 0.986390 0.413649 0.991621 0.406608 0.989415 0.404766 0.989943 0.399578 0.986052 0.400400 0.985232 0.390633 0.975167
0 0.422209 0.945709 0.441610 0.934813 0.451421 0.952421 0.431059 0.962375 0.422209 0.945709
0 0.560412 0.866568 0.573133 0.845023 0.585444 0.854872 0.587291 0.852410 0.604732 0.864721 0.586470 0.888112 0.560412 0.866568
0 0.574305 0.839217 0.585359 0.830531 0.588616 0.833986 0.587728 0.834973 0.596314 0.843164 0.590392 0.851455 0.574305 0.839217
0 0.592255 0.852849 0.596972 0.843955 0.613908 0.849059 0.607953 0.862128 0.592255 0.852849
0 0.313213 0.738529 0.328397 0.727039 0.335988 0.732784 0.321010 0.746326 0.313213 0.738529
0 0.391778 0.722389 0.418751 0.700654 0.433940 0.715581 0.404610 0.737316 0.391778 0.722389
0 0.377113 0.734959 0.387850 0.727365 0.400682 0.756695 0.390207 0.761670 0.377113 0.734959
0 0.454364 0.699938 0.465363 0.692605 0.479504 0.713294 0.468767 0.721150 0.454364 0.699938
0 0.518254 0.659344 0.527449 0.653495 0.533704 0.649654 0.548369 0.672699 0.534228 0.682127 0.518254 0.659344
0 0.542854 0.642350 0.561987 0.620063 0.574295 0.628966 0.564646 0.639891 0.570273 0.645941 0.559043 0.658093 0.542854 0.642350
0 0.341282 0.697053 0.361390 0.685358 0.383550 0.721470 0.371855 0.731114 0.365289 0.720649 0.362622 0.722086 0.352978 0.706697 0.346002 0.710390 0.339846 0.697669 0.341282 0.697053
0 0.327031 0.703680 0.336983 0.698389 0.341895 0.707459 0.332196 0.712875 0.327031 0.703680
0 0.336503 0.738606 0.342707 0.732856 0.353162 0.744319 0.335401 0.758427 0.328347 0.748728 0.338676 0.741296 0.336503 0.738606
0 0.422759 0.669283 0.436796 0.656248 0.446489 0.665941 0.433454 0.679310 0.422759 0.669283
0 0.494837 0.616123 0.521181 0.594468 0.526443 0.595373 0.533028 0.601658 0.522173 0.609901 0.484142 0.639853 0.476455 0.630160 0.482805 0.624813 0.479463 0.619799 0.489490 0.611778 0.494837 0.616123
0 0.522173 0.609901 0.533028 0.601658 0.541856 0.611533 0.531932 0.620039 0.522173 0.609901
0 0.516020 0.588170 0.538393 0.571991 0.544959 0.580826 0.526443 0.595373 0.521181 0.594468 0.516020 0.588170
0 0.533028 0.601658 0.526443 0.595373 0.544959 0.580826 0.538393 0.571991 0.551320 0.561949 0.563426 0.576927 0.558715 0.580525 0.550453 0.587516 0.533028 0.601658
0 0.533028 0.601658 0.550453 0.587516 0.560070 0.599667 0.543916 0.613822 0.541856 0.611533 0.533028 0.601658
0 0.579586 0.601534 0.586133 0.592893 0.597393 0.601796 0.590846 0.609129 0.579586 0.601534
0 0.564373 0.561061 0.568824 0.552158 0.587679 0.563156 0.582442 0.571274 0.564373 0.561061
0 0.498319 0.594394 0.510014 0.585366 0.518222 0.594189 0.506731 0.604038 0.498319 0.594394
0 0.610844 0.545604 0.624510 0.510396 0.640747 0.517631 0.635763 0.526312 0.632548 0.524061 0.621455 0.549463 0.610844 0.545604
0 0.514579 0.676396 0.521492 0.671251 0.531621 0.683309 0.524547 0.688614 0.514579 0.676396
0 0.545286 0.664017 0.553807 0.655014 0.561524 0.662891 0.553485 0.670769 0.545286 0.664017
0 0.862917 0.663781 0.877690 0.649418 0.890822 0.662140 0.876664 0.677939 0.862917 0.663781
0 0.870787 0.597815 0.879690 0.591269 0.891475 0.605148 0.882833 0.612218 0.870787 0.597815
0 0.859264 0.604100 0.870787 0.597815 0.879952 0.611695 0.870263 0.619813 0.859264 0.604100
0 0.866597 0.564295 0.883618 0.557487 0.891475 0.573461 0.875762 0.581841 0.866597 0.564295
0 0.927090 0.543607 0.950658 0.547012 0.948039 0.563772 0.924471 0.560629 0.927090 0.543607
0 0.999008 0.631039 0.983101 0.633334 0.975077 0.610018 0.979419 0.601939 0.983571 0.598207 0.999008 0.594824 0.999008 0.631039
0 0.602779 0.457552 0.619399 0.437033 0.621762 0.439019 0.635495 0.449556 0.637045 0.451191 0.633352 0.460219 0.628838 0.457962 0.620835 0.474582 0.602779 0.457552
0 0.650542 0.462922 0.665207 0.442233 0.681705 0.451923 0.668611 0.474706 0.650542 0.462922
0 0.717770 0.370509 0.724201 0.360060 0.736419 0.367776 0.730150 0.377744 0.717770 0.370509
0 0.755890 0.324857 0.767412 0.305478 0.779194 0.309684 0.785292 0.319469 0.773436 0.336117 0.755890 0.324857
0 0.746993 0.344029 0.747809 0.342687 0.752942 0.334061 0.773199 0.345476 0.767250 0.355443 0.746993 0.344029
0 0.728296 0.360255 0.734027 0.351714 0.735683 0.349175 0.739984 0.352299 0.744711 0.355536 0.738556 0.367231 0.728296 0.360255
0 0.824372 0.235287 0.841394 0.191292 0.858154 0.197839 0.856321 0.203862 0.868629 0.209623 0.867067 0.213564 0.862851 0.225048 0.860249 0.232668 0.858678 0.231621 0.852655 0.245500 0.824372 0.235287
0 0.765803 0.103120 0.793550 0.080314 0.799443 0.081237 0.804630 0.095589 0.778227 0.117716 0.765803 0.103120
0 0.741932 0.033124 0.763668 0.032338 0.764191 0.051717 0.742718 0.051979 0.741932 0.033124
0 0.643450 0.032589 0.672527 0.037603 0.670522 0.051974 0.640776 0.048966 0.643450 0.032589
0 0.511056 0.089116 0.529833 0.082819 0.538547 0.079953 0.543501 0.093272 0.515879 0.102621 0.511056 0.089116
0 0.307749 0.400625 0.314019 0.392104 0.333472 0.403197 0.327202 0.412361 0.307749 0.400625
0 0.253852 0.505444 0.285245 0.511394 0.282988 0.527193 0.251390 0.521653 0.253852 0.505444
0 0.296530 0.508521 0.317665 0.515908 0.315202 0.526988 0.292632 0.518986 0.296530 0.508521
0 0.572413 0.209666 0.581054 0.198667 0.586030 0.202333 0.596767 0.187144 0.617455 0.199976 0.604623 0.218569 0.611956 0.224331 0.601743 0.240829 0.611170 0.248161 0.603052 0.258636 0.572675 0.234282 0.580007 0.227473 0.585244 0.231139 0.590744 0.221974 0.572413 0.209666
0 0.193638 0.866232 0.202753 0.858987 0.222219 0.878625 0.210818 0.886450 0.193638 0.866232
0 0.199993 0.854448 0.207500 0.848480 0.218170 0.859003 0.211731 0.865763 0.199993 0.854448
0 0.188336 0.827661 0.215742 0.808945 0.222427 0.812621 0.225411 0.831038 0.202269 0.848625 0.188336 0.827661
0 0.222427 0.812621 0.253844 0.810033 0.255987 0.816492 0.254846 0.826658 0.247828 0.827327 0.247494 0.831338 0.224098 0.834680 0.225411 0.831038 0.222427 0.812621
0 0.255367 0.432979 0.283477 0.439545 0.279168 0.456780 0.252084 0.451240 0.255367 0.432979
0 0.401784 0.354343 0.410224 0.346785 0.431260 0.366436 0.424206 0.373742 0.410098 0.360011 0.408209 0.362027 0.401784 0.354343
0 0.426399 0.334873 0.440352 0.323588 0.456561 0.341029 0.438094 0.357238 0.432965 0.351493 0.435427 0.349852 0.429272 0.343901 0.432554 0.341849 0.426399 0.334873
0 0.546541 0.301041 0.565257 0.292017 0.568599 0.298701 0.553225 0.307391 0.546541 0.301041
0 0.642703 0.349715 0.659323 0.331864 0.673071 0.342739 0.662401 0.356691 0.655630 0.350741 0.651321 0.356281 0.642703 0.349715
0 0.724153 0.240834 0.742484 0.245286 0.736199 0.272259 0.717344 0.264927 0.724153 0.240834
0 0.543111 0.239139 0.558500 0.232368 0.569375 0.250425 0.556448 0.256785 0.556243 0.253297 0.546805 0.267250 0.533262 0.257811 0.543111 0.239139
0 0.746567 0.120264 0.752107 0.120469 0.754570 0.119238 0.768933 0.106927 0.776319 0.116160 0.766881 0.126214 0.765239 0.147348 0.755185 0.148785 0.754570 0.136063 0.745747 0.135448 0.746567 0.120264
0 0.508383 0.081323 0.527465 0.075988 0.529833 0.082819 0.511056 0.089116 0.508383 0.081323
0 0.415602 0.316175 0.427386 0.307010 0.439171 0.319842 0.427910 0.329269 0.418483 0.321675 0.419530 0.320365 0.415602 0.316175
0 0.336392 0.723149 0.343627 0.716718 0.355845 0.729740 0.350379 0.735206 0.336392 0.723149
0 0.350379 0.735206 0.367163 0.723826 0.371855 0.731114 0.357935 0.743245 0.350379 0.735206
0 0.914612 0.213031 0.925280 0.217855 0.922683 0.223282 0.911968 0.218458 0.914612 0.213031
0 0.895366 0.244105 0.900428 0.234736 0.912215 0.240705 0.906850 0.250225 0.895366 0.244105
0 0.867067 0.213564 0.880696 0.218053 0.876767 0.229160 0.862851 0.225048 0.867067 0.213564
0 0.670302 0.312911 0.678129 0.303053 0.689164 0.313533 0.681937 0.321599 0.670302 0.312911
0 0.669201 0.391344 0.678651 0.393561 0.676337 0.400986 0.666790 0.398190 0.669201 0.391344
0 0.395985 0.957703 0.405104 0.946537 0.412952 0.953222 0.403599 0.963929 0.395985 0.957703
0 0.470711 0.670192 0.476786 0.664406 0.487008 0.674242 0.481029 0.680317 0.470711 0.670192
0 0.460277 0.683626 0.469534 0.673983 0.478888 0.681312 0.470209 0.691726 0.460277 0.683626
0 0.391127 0.734018 0.395811 0.731525 0.402536 0.738929 0.404610 0.737316 0.412736 0.731298 0.419687 0.741196 0.405331 0.749960 0.403593 0.746863 0.397625 0.749054 0.391127 0.734018
0 0.704337 0.324964 0.718127 0.332004 0.715427 0.337693 0.718416 0.339139 0.708869 0.358329 0.691319 0.350036 0.704337 0.324964
0 0.734027 0.351714 0.725130 0.345149 0.726037 0.342732 0.721579 0.339407 0.729361 0.328603 0.739561 0.336007 0.739939 0.328301 0.747419 0.328829 0.746739 0.341598 0.747809 0.342687 0.746993 0.344029 0.739984 0.352299 0.735683 0.349175 0.734027 0.351714
0 0.773436 0.336117 0.769433 0.341939 0.750552 0.329217 0.754409 0.324074 0.755890 0.324857 0.773436 0.336117
0 0.645546 0.301865 0.647508 0.292374 0.655196 0.295715 0.652280 0.304729 0.645546 0.301865
0 0.586913 0.437107 0.597337 0.426421 0.606269 0.433933 0.606743 0.438941 0.599264 0.447644 0.586913 0.437107
0 0.635237 0.493799 0.639977 0.481012 0.653535 0.487847 0.648024 0.499752 0.635237 0.493799
0 0.641659 0.516399 0.641659 0.511323 0.659389 0.483577 0.663923 0.482088 0.676916 0.492781 0.676827 0.500938 0.666906 0.515378 0.686197 0.531472 0.683772 0.537205 0.676386 0.541945 0.641659 0.516399
0 0.530213 0.569355 0.535834 0.564394 0.522386 0.549954 0.530874 0.542458 0.549393 0.560867 0.534181 0.573434 0.530213 0.569355
0 0.522585 0.524439 0.535262 0.512534 0.539671 0.517164 0.535042 0.521904 0.539671 0.526644 0.531735 0.533699 0.522585 0.524439
0 0.538959 0.534553 0.543537 0.525830 0.557356 0.532999 0.552260 0.542931 0.538959 0.534553
0 0.556959 0.542763 0.563994 0.529398 0.575639 0.535529 0.571340 0.543796 0.591733 0.554819 0.587679 0.563156 0.568824 0.552158 0.556349 0.545229 0.556959 0.542763
0 0.551320 0.561949 0.557725 0.557230 0.580984 0.573654 0.567425 0.593386 0.562024 0.588866 0.565220 0.585119 0.558715 0.580525 0.563426 0.576927 0.551320 0.561949
0 0.244294 0.539091 0.269970 0.550044 0.264225 0.562254 0.243037 0.551660 0.244294 0.539091
0 0.267444 0.540641 0.267554 0.533917 0.274940 0.535130 0.274830 0.541413 0.267444 0.540641
3 0.281323 0.560960 0.289269 0.553532 0.296870 0.561305 0.289356 0.568906 0.281323 0.560960
0 0.539762 0.824217 0.549610 0.819293 0.561287 0.835050 0.552565 0.839552 0.539762 0.824217
0 0.508106 0.650712 0.519201 0.642457 0.527449 0.653495 0.518254 0.659344 0.516179 0.660876 0.508106 0.650712
0 0.572045 0.649551 0.575846 0.643246 0.581892 0.647910 0.577659 0.653869 0.572045 0.649551
0 0.608698 0.552838 0.621705 0.561216 0.619831 0.570255 0.613438 0.569814 0.602745 0.563090 0.608698 0.552838
0 0.621762 0.439019 0.627894 0.431073 0.638777 0.440746 0.635495 0.449556 0.621762 0.439019
0 0.728851 0.050675 0.738258 0.051081 0.738190 0.056021 0.728581 0.055276 0.728851 0.050675
4 0.682067 0.426634 0.690334 0.430823 0.687909 0.436004 0.679090 0.431595 0.682067 0.426634
0 0.584667 0.589565 0.590758 0.580091 0.599758 0.586520 0.593126 0.595520 0.584667 0.589565
0 0.426399 0.334873 0.432554 0.341849 0.429272 0.343901 0.426584 0.345925 0.420852 0.341074 0.426399 0.334873
0 0.581275 0.278127 0.593233 0.266309 0.598861 0.271796 0.586480 0.284036 0.581275 0.278127
0 0.875762 0.581841 0.891475 0.573461 0.891619 0.579864 0.876987 0.587320 0.875762 0.581841
0 0.886917 0.593868 0.896617 0.584718 0.904003 0.594639 0.893421 0.602355 0.886917 0.593868
0 0.173401 0.891140 0.189070 0.903122 0.182465 0.911571 0.166796 0.899435 0.173401 0.891140
0 0.576783 0.631698 0.582753 0.637783 0.578311 0.642830 0.571545 0.637810 0.576783 0.631698
0 0.374102 0.348738 0.395612 0.331463 0.406451 0.348400 0.387482 0.362287 0.374102 0.348738
0 0.467930 0.365505 0.474197 0.372111 0.468608 0.378208 0.462172 0.371772 0.467930 0.365505
0 0.587147 0.026711 0.601900 0.032448 0.591245 0.055944 0.615287 0.065233 0.611462 0.079166 0.573214 0.060862 0.587147 0.026711
