0 0.608521 0.944833 0.593072 0.954489 0.581694 0.938133 0.608307 0.921073 0.608521 0.944833
0 0.566911 0.133146 0.591197 0.107833 0.601022 0.112439 0.601142 0.125652 0.585724 0.142381 0.580251 0.147512 0.566911 0.133146
0 0.118507 0.230727 0.132040 0.207538 0.143041 0.212444 0.129824 0.237217 0.117874 0.231756 0.118665 0.230489 0.118507 0.230727
0 0.427963 0.099306 0.427963 0.099013 0.440248 0.104278 0.438493 0.106910 0.425331 0.128554 0.415094 0.122412 0.427963 0.099306
0 0.265709 0.161371 0.276506 0.163184 0.277974 0.165344 0.276333 0.174240 0.269164 0.175794 0.265709 0.173549 0.263896 0.172426 0.264759 0.161975 0.265709 0.161371
0 0.239155 0.154713 0.239414 0.151258 0.243646 0.144953 0.248915 0.143225 0.261352 0.148667 0.263857 0.150740 0.262302 0.157131 0.257466 0.162831 0.251679 0.162572 0.240192 0.156699 0.239155 0.154713
0 0.470914 0.097556 0.471135 0.093919 0.476316 0.090281 0.492189 0.088407 0.496047 0.090060 0.485686 0.108249 0.481827 0.108469 0.477969 0.113209 0.478410 0.114642 0.473891 0.120595 0.468710 0.122138 0.462537 0.122138 0.458568 0.118831 0.459009 0.113650 0.465954 0.105713 0.466505 0.102627 0.467938 0.100643 0.470914 0.097556
0 0.392610 0.040622 0.398227 0.041096 0.405265 0.041840 0.411288 0.041840 0.411626 0.052397 0.411288 0.055781 0.409934 0.056796 0.393219 0.055781 0.393151 0.051788 0.392610 0.050299 0.392610 0.040622
0 0.477886 0.128636 0.478988 0.123014 0.486374 0.114416 0.490783 0.111440 0.511617 0.124447 0.509302 0.132494 0.499271 0.141423 0.496405 0.142195 0.482846 0.133596 0.482406 0.132494 0.477886 0.128636
0 0.543121 0.999001 0.541998 0.998067 0.547553 0.993824 0.547351 0.991198 0.554119 0.986653 0.554826 0.984026 0.557553 0.980390 0.571796 0.972006 0.580079 0.978370 0.584624 0.993117 0.574826 0.998168 0.573146 0.999001 0.543121 0.999001
0 0.466635 0.125918 0.483430 0.139955 0.475910 0.153492 0.454352 0.141209 0.466635 0.125918
0 0.559257 0.103033 0.569957 0.109647 0.569957 0.114511 0.566066 0.118791 0.555755 0.111398 0.559257 0.103033
0 0.576183 0.074822 0.585911 0.078324 0.579491 0.092138 0.564121 0.084355 0.567817 0.077741 0.573459 0.079492 0.576183 0.074822
0 0.564121 0.084355 0.579491 0.092138 0.569957 0.109647 0.559257 0.103033 0.561781 0.093586 0.564121 0.084355
0 0.415423 0.096602 0.422987 0.098894 0.415882 0.112875 0.417715 0.115396 0.412902 0.123188 0.403505 0.116771 0.415423 0.096602
