0 0.921816 0.017617 0.910313 0.022781 0.907467 0.018489 0.901502 0.021396 0.893263 0.006229 0.887286 0.000003 0.908487 0.000003 0.921816 0.017617
0 0.937176 0.010731 0.922275 0.017412 0.909101 0.000003 0.933034 0.000002 0.937176 0.010731
0 0.921311 0.020043 0.929456 0.029893 0.921777 0.035429 0.913363 0.024701 0.921311 0.020043
0 0.935836 0.049065 0.952176 0.040805 0.958461 0.051938 0.943198 0.060377 0.935836 0.049065
3 0.958952 0.000001 0.965001 0.008626 0.951630 0.016380 0.940887 0.000002 0.958952 0.000001
3 0.991241 0.041443 0.973207 0.051387 0.965508 0.038955 0.983242 0.029453 0.991241 0.041443
3 0.982979 0.029043 0.965254 0.038545 0.954524 0.021215 0.971130 0.011277 0.982979 0.029043
3 0.999007 0.069064 0.984326 0.074287 0.974761 0.057144 0.997834 0.046874 0.999007 0.048973 0.999007 0.069064
0 0.995051 0.117735 0.984298 0.121802 0.982252 0.118389 0.975418 0.121806 0.976004 0.123950 0.964669 0.126321 0.963623 0.121475 0.960673 0.121365 0.959015 0.107848 0.966269 0.106704 0.965859 0.104395 0.987051 0.098369 0.995051 0.117735
0 0.970740 0.084901 0.977060 0.084608 0.983108 0.098840 0.985508 0.098311 0.965771 0.103916 0.964836 0.098657 0.954842 0.100322 0.951254 0.072646 0.966946 0.070548 0.970740 0.084901
0 0.999007 0.150169 0.995870 0.151533 0.984752 0.122942 0.996265 0.118628 0.998564 0.125856 0.999007 0.125657 0.999007 0.150169
4 0.999007 0.168729 0.990415 0.155411 0.999007 0.151927 0.999007 0.168729
