0 0.962559 0.000001 0.952970 0.020202 0.959820 0.022942 0.950687 0.035728 0.928768 0.023855 0.942923 0.000002 0.962559 0.000001
0 0.897715 0.040751 0.917808 0.042578 0.927398 0.051254 0.918265 0.085046 0.889039 0.077740 0.890866 0.065410 0.884473 0.064497 0.889039 0.052624 0.895432 0.053537 0.897715 0.040751
0 0.880611 0.107370 0.906683 0.111575 0.911729 0.116061 0.901917 0.143254 0.868276 0.135685 0.872201 0.125312 0.876406 0.125873 0.880611 0.107370
0 0.999007 0.112007 0.977330 0.127555 0.956024 0.089428 0.962191 0.082980 0.968079 0.089148 0.983217 0.075411 0.969761 0.059432 0.974527 0.055787 0.999007 0.076263 0.999007 0.112007
4 0.999008 0.588376 0.981939 0.587320 0.982500 0.578629 0.990350 0.576386 0.993994 0.564892 0.999008 0.566764 0.999008 0.588376
0 0.847547 0.633157 0.866479 0.631781 0.880764 0.636944 0.883345 0.648303 0.848752 0.650540 0.847547 0.633157
0 0.895061 0.724531 0.911344 0.724718 0.917573 0.728086 0.926359 0.731381 0.922186 0.749393 0.902417 0.747636 0.899342 0.759278 0.887041 0.758179 0.895061 0.724531
0 0.945030 0.704583 0.959967 0.715346 0.955354 0.724572 0.938880 0.713369 0.945030 0.704583
0 0.937589 0.822668 0.963070 0.822668 0.952087 0.858472 0.925289 0.857154 0.937589 0.822668
0 0.321592 0.000844 0.329720 0.005017 0.320055 0.020393 0.311049 0.015780 0.321592 0.000844
0 0.379578 0.000007 0.354321 0.044555 0.333234 0.031815 0.351462 0.000007 0.379578 0.000007
0 0.424189 0.000007 0.455803 0.013803 0.443063 0.041260 0.384854 0.012705 0.385850 0.000007 0.424189 0.000007
0 0.386172 0.024566 0.394079 0.025665 0.423513 0.032035 0.424611 0.043457 0.413189 0.043896 0.411212 0.054659 0.380021 0.054220 0.381559 0.037307 0.386611 0.034890 0.386172 0.024566
0 0.364205 0.051628 0.378196 0.051463 0.378941 0.064212 0.363625 0.064709 0.364205 0.051628
0 0.181883 0.068770 0.213074 0.087660 0.206045 0.099961 0.175074 0.081729 0.181883 0.068770
0 0.226034 0.081290 0.242948 0.079753 0.253711 0.083926 0.255029 0.099302 0.248878 0.101499 0.248439 0.108747 0.239433 0.111603 0.238555 0.122805 0.217687 0.125441 0.215930 0.116435 0.212196 0.116216 0.212415 0.090076 0.226034 0.081290
0 0.286328 0.100825 0.310710 0.114005 0.296652 0.144537 0.303681 0.148491 0.299947 0.161451 0.282155 0.153982 0.284791 0.147173 0.267658 0.138167 0.286328 0.100825
0 0.051787 0.146973 0.047803 0.193447 0.015821 0.197441 0.028344 0.143771 0.051787 0.146973
0 0.067377 0.149787 0.062592 0.181338 0.051210 0.181379 0.051951 0.147680 0.067377 0.149787
0 0.300644 0.182144 0.323706 0.187479 0.336958 0.198322 0.322674 0.239972 0.296341 0.231194 0.301504 0.214672 0.291694 0.212090 0.300644 0.182144
0 0.179829 0.220583 0.203939 0.220863 0.214592 0.236002 0.207583 0.252822 0.180110 0.253103 0.179829 0.220583
0 0.000007 0.250440 0.018740 0.250123 0.020983 0.278437 0.000007 0.279064 0.000007 0.250440
0 0.043154 0.394307 0.061937 0.397110 0.056890 0.421220 0.038388 0.418977 0.043154 0.394307
0 0.104524 0.512955 0.101688 0.547566 0.083799 0.546135 0.089733 0.508894 0.104524 0.512955
0 0.111707 0.460979 0.108844 0.485667 0.107334 0.498711 0.088750 0.496025 0.089523 0.488172 0.087665 0.488057 0.087665 0.467275 0.088808 0.467419 0.090954 0.460621 0.111707 0.460979
0 0.087177 0.467207 0.087177 0.488027 0.059826 0.486383 0.060899 0.463841 0.087177 0.467207
0 0.113770 0.526714 0.148019 0.536760 0.139343 0.571465 0.110574 0.564159 0.116510 0.541783 0.111031 0.539500 0.113770 0.526714
0 0.000007 0.732105 0.010086 0.723751 0.019057 0.736647 0.000007 0.760877 0.000007 0.732105
4 0.000007 0.716303 0.006722 0.722349 0.000007 0.725737 0.000007 0.716303
0 0.031953 0.752129 0.032081 0.755182 0.045077 0.767122 0.031870 0.780646 0.009364 0.760677 0.018232 0.745508 0.031953 0.752129
0 0.059024 0.736798 0.061243 0.746307 0.058496 0.753492 0.031870 0.750111 0.031934 0.751572 0.018486 0.745088 0.019191 0.743877 0.020458 0.734685 0.059024 0.736798
0 0.118471 0.759220 0.127257 0.754607 0.132968 0.767348 0.124182 0.771521 0.118471 0.759220
0 0.081569 0.785359 0.098702 0.796123 0.107268 0.787336 0.110124 0.788435 0.110783 0.809522 0.111881 0.815233 0.097603 0.836979 0.063776 0.810620 0.081569 0.785359
0 0.113858 0.786018 0.141096 0.777891 0.150980 0.822921 0.121985 0.829950 0.115615 0.805788 0.117373 0.806227 0.113858 0.786018
0 0.168053 0.816589 0.192741 0.806928 0.200970 0.821240 0.174135 0.832690 0.168053 0.816589
0 0.130126 0.867396 0.159033 0.852933 0.167908 0.868042 0.163259 0.873325 0.165901 0.878502 0.137998 0.892084 0.129053 0.873837 0.130126 0.867396
0 0.160090 0.851665 0.200103 0.832469 0.204039 0.846781 0.166112 0.861808 0.160090 0.851665
0 0.204039 0.835689 0.224075 0.826744 0.227653 0.848212 0.210479 0.861808 0.204039 0.835689
0 0.227296 0.824955 0.242323 0.821019 0.247690 0.846065 0.233020 0.849643 0.227296 0.824955
0 0.135971 0.937875 0.158899 0.934388 0.161434 0.944743 0.137661 0.949603 0.135971 0.937875
0 0.152219 0.703490 0.152219 0.694519 0.148294 0.693117 0.148014 0.666765 0.199036 0.663401 0.199877 0.685268 0.183617 0.686950 0.183617 0.702649 0.152219 0.703490
0 0.116335 0.635366 0.145771 0.637049 0.150537 0.664803 0.129511 0.666204 0.129231 0.648262 0.116054 0.643497 0.116335 0.635366
0 0.149643 0.589889 0.170984 0.602453 0.172877 0.615533 0.164788 0.626203 0.138628 0.608304 0.149643 0.589889
0 0.163067 0.584554 0.180794 0.583349 0.181482 0.602281 0.173565 0.603141 0.172877 0.593159 0.163411 0.592987 0.163067 0.584554
0 0.174770 0.610886 0.197316 0.608993 0.201102 0.631195 0.178729 0.634292 0.174770 0.610886
0 0.168601 0.536599 0.187922 0.540177 0.185059 0.556278 0.163949 0.552700 0.168601 0.536599
0 0.234414 0.621396 0.206527 0.626048 0.204023 0.606011 0.231289 0.602842 0.234414 0.621396
0 0.274151 0.604222 0.268784 0.615672 0.234893 0.621318 0.231768 0.602783 0.271646 0.598140 0.274151 0.604222
0 0.273872 0.608392 0.282008 0.611562 0.289616 0.626460 0.270914 0.631637 0.269963 0.617373 0.273872 0.608392
0 0.232661 0.639689 0.254846 0.636175 0.260337 0.670880 0.237713 0.674615 0.232661 0.639689
0 0.337607 0.851494 0.334501 0.873511 0.322639 0.874170 0.329443 0.849727 0.337607 0.851494
0 0.323518 0.825406 0.318246 0.836608 0.339333 0.839244 0.337676 0.851006 0.329570 0.849248 0.329668 0.848909 0.301772 0.842100 0.313194 0.820573 0.323518 0.825406
0 0.379678 0.778838 0.341494 0.805169 0.329618 0.786926 0.368232 0.763574 0.379678 0.778838
0 0.414123 0.755086 0.380078 0.778564 0.368652 0.763320 0.402764 0.742694 0.414123 0.755086
0 0.365245 0.801383 0.387102 0.784861 0.404829 0.809472 0.386586 0.824445 0.365245 0.801383
0 0.388823 0.783312 0.415844 0.764380 0.424277 0.768511 0.429612 0.784344 0.401387 0.800178 0.388823 0.783312
0 0.424621 0.762659 0.447339 0.748202 0.459387 0.752333 0.459903 0.764896 0.435120 0.779697 0.424621 0.762659
0 0.465066 0.740113 0.495357 0.728926 0.503274 0.738220 0.505167 0.750267 0.486752 0.756807 0.482277 0.749235 0.472983 0.753537 0.465066 0.740113
0 0.453994 0.737490 0.432339 0.749172 0.423929 0.731510 0.433741 0.723381 0.438857 0.719023 0.453994 0.737490
0 0.478596 0.724222 0.460918 0.733760 0.446719 0.715713 0.459252 0.710765 0.474391 0.705999 0.478596 0.724222
0 0.437133 0.701709 0.452910 0.694966 0.460732 0.708451 0.443336 0.714789 0.437133 0.701709
0 0.455338 0.693078 0.470306 0.686336 0.477184 0.704945 0.465721 0.707912 0.460732 0.705350 0.455338 0.693078
0 0.509817 0.680942 0.533955 0.685527 0.531258 0.699416 0.528427 0.699686 0.522628 0.713576 0.517369 0.718565 0.502805 0.716138 0.503884 0.711418 0.494849 0.707912 0.498220 0.696450 0.506041 0.699147 0.509817 0.680942
0 0.525019 0.596770 0.542681 0.593967 0.546326 0.609386 0.529505 0.613871 0.530626 0.620319 0.519413 0.623964 0.517170 0.617516 0.525300 0.615554 0.523898 0.606583 0.527262 0.604620 0.525019 0.596770
0 0.517730 0.637140 0.531467 0.637701 0.534551 0.656484 0.518852 0.657325 0.517730 0.637140
0 0.491659 0.665455 0.505676 0.661530 0.511843 0.671622 0.498947 0.680033 0.491659 0.665455
0 0.430273 0.583760 0.431787 0.591965 0.456611 0.599063 0.455568 0.603264 0.436120 0.603264 0.435948 0.627703 0.415467 0.627187 0.420114 0.607050 0.424589 0.582095 0.430273 0.583760
0 0.462625 0.574866 0.456729 0.598584 0.432212 0.591579 0.430801 0.583916 0.431645 0.584160 0.437497 0.566949 0.462625 0.574866
0 0.441972 0.604641 0.459355 0.604985 0.460559 0.613762 0.472091 0.614451 0.472951 0.628736 0.449545 0.629768 0.448168 0.619958 0.442488 0.619614 0.441972 0.604641
0 0.481040 0.562302 0.496702 0.562130 0.499111 0.595519 0.481556 0.595691 0.481040 0.562302
0 0.474844 0.597240 0.495153 0.596035 0.497907 0.609288 0.508405 0.609115 0.511675 0.639922 0.480524 0.645774 0.474844 0.597240
0 0.482388 0.482408 0.502157 0.481749 0.503694 0.499102 0.483047 0.499541 0.482388 0.482408
0 0.437959 0.535127 0.434502 0.536443 0.415612 0.535565 0.384640 0.533368 0.385519 0.518871 0.433594 0.515596 0.437959 0.535127
0 0.483706 0.531391 0.466353 0.535125 0.465035 0.524802 0.463350 0.525449 0.459844 0.507920 0.462179 0.507229 0.458884 0.496686 0.473382 0.493171 0.483706 0.531391
0 0.462881 0.525625 0.438418 0.534951 0.434072 0.515508 0.459365 0.508057 0.462881 0.525625
0 0.413166 0.540580 0.436010 0.541458 0.437328 0.551343 0.432495 0.559909 0.413825 0.558591 0.413166 0.540580
0 0.306724 0.483364 0.317938 0.483645 0.317097 0.505231 0.305603 0.506072 0.306724 0.483364
0 0.264112 0.507754 0.301397 0.513922 0.295791 0.540835 0.258505 0.537751 0.264112 0.507754
0 0.237402 0.561086 0.247212 0.558504 0.252031 0.563840 0.252375 0.572961 0.241532 0.575027 0.237402 0.561086
0 0.263218 0.563151 0.286280 0.563151 0.292304 0.565217 0.291099 0.575371 0.288173 0.583460 0.262185 0.584320 0.263218 0.563151
4 0.313341 0.000007 0.304953 0.012087 0.282275 0.000006 0.313341 0.000007
0 0.820462 0.176530 0.823185 0.168359 0.844294 0.177211 0.841570 0.181297 0.820462 0.176530
0 0.200561 0.550849 0.212253 0.552225 0.210877 0.560134 0.202624 0.560134 0.200561 0.550849
0 0.224633 0.571139 0.235981 0.569075 0.238045 0.577672 0.228760 0.579392 0.224633 0.571139
0 0.019330 0.827337 0.033430 0.815301 0.050968 0.833527 0.037900 0.842812 0.019330 0.827337
