0 0.346276 0.004440 0.363447 0.019590 0.350737 0.035583 0.336260 0.023294 0.341226 0.017149 0.335502 0.011763 0.346276 0.004440
0 0.216332 0.048189 0.238711 0.054241 0.241680 0.026723 0.272623 0.031633 0.272052 0.062233 0.266457 0.060635 0.263602 0.070568 0.243278 0.064174 0.241451 0.068171 0.212792 0.058579 0.216332 0.048189
0 0.282277 0.122511 0.289699 0.123996 0.290270 0.135756 0.287644 0.145347 0.267776 0.142607 0.269385 0.120459 0.282277 0.122511
0 0.283190 0.112920 0.282344 0.121797 0.269414 0.119971 0.270060 0.111093 0.283190 0.112920
0 0.031979 0.010910 0.060410 0.007027 0.061552 0.019131 0.033692 0.023355 0.031979 0.010910
0 0.011055 0.558522 0.040970 0.542079 0.046223 0.552127 0.016079 0.568227 0.011055 0.558522
0 0.000007 0.646838 0.029049 0.628680 0.033231 0.631158 0.066068 0.610093 0.082951 0.625427 0.089456 0.641071 0.060492 0.659813 0.005350 0.688778 0.000007 0.684039 0.000007 0.646838
0 0.188458 0.623867 0.110548 0.659182 0.096608 0.630527 0.122320 0.618601 0.124488 0.621389 0.132698 0.617052 0.135486 0.622008 0.180094 0.606829 0.188458 0.613799 0.188458 0.623867
0 0.172040 0.569500 0.182418 0.555405 0.212931 0.574766 0.203173 0.589636 0.172040 0.569500
0 0.043008 0.715864 0.069805 0.705177 0.080492 0.725932 0.052921 0.737085 0.043008 0.715864
0 0.000007 0.802797 0.003981 0.800186 0.001968 0.795694 0.041620 0.769053 0.060362 0.789808 0.050139 0.797862 0.052927 0.801425 0.029693 0.817998 0.026131 0.814436 0.000574 0.830854 0.000007 0.827027 0.000007 0.802797
0 0.241149 0.731707 0.225506 0.739357 0.223223 0.733990 0.197303 0.743924 0.188854 0.722572 0.219455 0.712867 0.217742 0.709327 0.229502 0.705331 0.241149 0.731707
0 0.133786 0.768280 0.130378 0.767816 0.126971 0.757128 0.120620 0.741639 0.164609 0.724756 0.173128 0.736992 0.177310 0.752791 0.133786 0.768280
0 0.078335 0.789345 0.071210 0.779278 0.064550 0.763943 0.109623 0.746441 0.116748 0.760226 0.118142 0.773701 0.078335 0.789345
0 0.200616 0.814505 0.193724 0.802972 0.185773 0.805027 0.179378 0.791212 0.218657 0.776140 0.228590 0.785731 0.232016 0.800803 0.200616 0.814505
4 0.000007 0.890678 0.006587 0.895010 0.013093 0.905543 0.000007 0.914584 0.000007 0.890678
0 0.062601 0.905531 0.035031 0.872539 0.043704 0.865879 0.036270 0.855966 0.070656 0.831493 0.085680 0.852248 0.070191 0.862161 0.089397 0.885860 0.062601 0.905531
0 0.194264 0.839366 0.178775 0.845252 0.176142 0.839986 0.152908 0.848195 0.134166 0.804671 0.159259 0.794293 0.162821 0.801263 0.168707 0.799250 0.178465 0.822173 0.186210 0.819385 0.191476 0.830538 0.194264 0.839366
0 0.134751 0.918018 0.128868 0.907932 0.105335 0.915496 0.099871 0.899527 0.128027 0.888601 0.124035 0.874523 0.142525 0.868430 0.147148 0.877885 0.197786 0.858555 0.208712 0.873893 0.211653 0.889442 0.134751 0.918018
4 0.000007 0.952985 0.020353 0.936572 0.039404 0.959496 0.000006 0.989695 0.000007 0.952985
0 0.220212 0.885143 0.205504 0.851945 0.242064 0.837867 0.257612 0.854886 0.259503 0.867914 0.220212 0.885143
0 0.259503 0.867914 0.258092 0.848780 0.248217 0.839324 0.287508 0.825667 0.299065 0.837644 0.300536 0.853402 0.259503 0.867914
0 0.305276 0.847903 0.302334 0.830401 0.290252 0.818319 0.333467 0.802830 0.344309 0.815067 0.347097 0.832569 0.305276 0.847903
0 0.462741 0.751349 0.482492 0.782236 0.458538 0.796524 0.450134 0.786858 0.437317 0.774461 0.442570 0.770889 0.439208 0.763745 0.462741 0.751349
0 0.403604 0.728063 0.438145 0.710250 0.446044 0.724965 0.412278 0.743552 0.403604 0.728063
0 0.340253 0.750522 0.327707 0.728527 0.346139 0.719544 0.343196 0.713348 0.360079 0.705913 0.363487 0.712728 0.389973 0.701111 0.400041 0.723261 0.340253 0.750522
0 0.344480 0.785938 0.335806 0.772307 0.401325 0.738696 0.408760 0.751707 0.344480 0.785938
0 0.235801 0.799565 0.227238 0.776615 0.263433 0.762571 0.273938 0.773418 0.276564 0.788033 0.257153 0.796368 0.260236 0.806074 0.249960 0.809499 0.246420 0.799337 0.235801 0.799565
0 0.459833 0.582995 0.453947 0.567661 0.479349 0.557903 0.486010 0.572617 0.459833 0.582995
0 0.430404 0.541639 0.448526 0.580052 0.451934 0.578968 0.469901 0.613199 0.442485 0.626520 0.422969 0.589036 0.430868 0.585318 0.422969 0.565183 0.411352 0.570139 0.402678 0.550933 0.430404 0.541639
0 0.483907 0.619756 0.475697 0.619136 0.463926 0.594973 0.469657 0.591876 0.499551 0.581033 0.512097 0.607365 0.483907 0.619756
0 0.576300 0.579405 0.556939 0.589783 0.549504 0.576617 0.544547 0.579251 0.545786 0.582658 0.511246 0.597218 0.500403 0.576308 0.504276 0.572590 0.537887 0.562058 0.540210 0.566549 0.564838 0.556172 0.576300 0.579405
0 0.607012 0.627515 0.551962 0.657142 0.536413 0.630037 0.593145 0.605663 0.607012 0.627515
0 0.682773 0.664768 0.666952 0.653749 0.639869 0.676850 0.616790 0.652532 0.642966 0.632241 0.651021 0.637353 0.652879 0.635339 0.670072 0.619695 0.699502 0.648195 0.682773 0.664768
0 0.583746 0.722037 0.573240 0.708800 0.557061 0.694722 0.574290 0.684847 0.573870 0.679384 0.608539 0.654800 0.629551 0.670559 0.634594 0.683796 0.617574 0.701446 0.607909 0.707119 0.583746 0.722037
0 0.543900 0.748404 0.537085 0.736787 0.527637 0.727184 0.550716 0.709836 0.562797 0.720988 0.568373 0.731056 0.543900 0.748404
0 0.359164 0.838156 0.351179 0.826179 0.359164 0.821557 0.347607 0.796133 0.399926 0.768818 0.397615 0.765246 0.418416 0.754740 0.427031 0.771129 0.419257 0.775331 0.428292 0.791720 0.424090 0.794242 0.428502 0.801806 0.359164 0.838156
0 0.721277 0.730279 0.705406 0.747292 0.700725 0.743639 0.693874 0.751974 0.685653 0.746379 0.678231 0.752430 0.664073 0.740556 0.675491 0.724114 0.679716 0.726626 0.692846 0.712125 0.702323 0.719889 0.704835 0.717263 0.721277 0.730279
0 0.582719 0.926558 0.569554 0.911844 0.591238 0.897904 0.599603 0.905338 0.603475 0.912773 0.582719 0.926558
0 0.778687 0.896875 0.780081 0.924291 0.772182 0.924600 0.769858 0.963323 0.755763 0.962704 0.760100 0.918405 0.758087 0.918095 0.758396 0.897494 0.778687 0.896875
0 0.787051 0.999005 0.782209 0.981132 0.815355 0.970134 0.824959 0.982371 0.820548 0.999005 0.787051 0.999005
0 0.956775 0.999001 0.949268 0.990650 0.988560 0.960813 0.992972 0.964806 0.998225 0.962074 0.999007 0.962444 0.999007 0.983393 0.980290 0.999001 0.956775 0.999001
0 0.569680 0.096529 0.558064 0.091882 0.564259 0.066015 0.579284 0.071126 0.569680 0.096529
0 0.628229 0.079336 0.618471 0.093431 0.573553 0.064776 0.582381 0.050836 0.628229 0.079336
0 0.525410 0.172405 0.506250 0.161851 0.529483 0.122044 0.551323 0.133970 0.525410 0.172405
0 0.547219 0.212530 0.519273 0.215472 0.515281 0.194880 0.531880 0.191939 0.531040 0.186056 0.540075 0.184375 0.547219 0.212530
0 0.705689 0.147360 0.715737 0.142564 0.714138 0.140167 0.721103 0.136627 0.726241 0.145419 0.729210 0.153069 0.712882 0.160605 0.705689 0.147360
0 0.834066 0.317050 0.808033 0.309400 0.809746 0.290789 0.840004 0.296041 0.841488 0.311113 0.834066 0.317050
0 0.888457 0.303865 0.896906 0.285825 0.912892 0.294959 0.910608 0.300097 0.920085 0.305121 0.913805 0.315740 0.903985 0.311630 0.902729 0.312886 0.888457 0.303865
0 0.999007 0.379462 0.994341 0.381250 0.987216 0.380940 0.974206 0.356003 0.996975 0.345161 0.997439 0.337106 0.999007 0.336537 0.999007 0.379462
0 0.906145 0.368586 0.876096 0.349379 0.889417 0.328159 0.917762 0.345507 0.918226 0.350618 0.934800 0.329863 0.950289 0.342254 0.936968 0.359447 0.946881 0.365952 0.934645 0.391355 0.923183 0.384384 0.921789 0.386398 0.907694 0.378808 0.911721 0.372458 0.906145 0.368586
0 0.897921 0.455026 0.882279 0.445777 0.889700 0.433788 0.905343 0.441324 0.904315 0.446234 0.897921 0.455026
0 0.937697 0.477444 0.936098 0.448910 0.945946 0.448405 0.946451 0.459347 0.951165 0.459095 0.951922 0.476855 0.937697 0.477444
0 0.948718 0.489115 0.949403 0.479524 0.956711 0.479524 0.957053 0.470047 0.959794 0.470275 0.960022 0.456688 0.964475 0.456802 0.964589 0.450864 0.980574 0.451207 0.979661 0.470618 0.975094 0.470504 0.974751 0.474386 0.981145 0.474500 0.980917 0.489458 0.948718 0.489115
0 0.623277 0.769225 0.616654 0.773792 0.613571 0.768997 0.603409 0.774477 0.596330 0.762374 0.611745 0.752098 0.623277 0.769225
4 0.290613 0.398425 0.297893 0.386653 0.319113 0.398580 0.312762 0.410816 0.290613 0.398425
0 0.554034 0.305343 0.551978 0.317104 0.526744 0.312194 0.528571 0.303859 0.534052 0.305686 0.534851 0.302260 0.554034 0.305343
0 0.080567 0.111538 0.075885 0.103540 0.090907 0.100809 0.091492 0.110758 0.085054 0.111538 0.080567 0.111538
0 0.068844 0.777170 0.058699 0.780682 0.049140 0.759612 0.061235 0.756296 0.064550 0.763943 0.068844 0.777170
0 0.656173 0.378389 0.644471 0.363450 0.656422 0.357973 0.649451 0.348760 0.666631 0.339797 0.682068 0.365442 0.656173 0.378389
0 0.478294 0.737567 0.472567 0.728355 0.492735 0.716155 0.499458 0.726861 0.478294 0.737567
4 0.312825 0.000007 0.311705 0.006954 0.284888 0.008432 0.284039 0.000006 0.312825 0.000007
0 0.133658 0.091703 0.143811 0.088970 0.144982 0.097951 0.134829 0.100685 0.133658 0.091703
0 0.754947 0.301732 0.773312 0.290978 0.779102 0.298754 0.754616 0.316623 0.754947 0.301732
4 0.535153 0.933256 0.542215 0.949145 0.507788 0.962386 0.500726 0.945614 0.535153 0.933256
