0 0.462223 0.838535 0.475852 0.842871 0.469966 0.863934 0.456338 0.878491 0.443638 0.868580 0.454789 0.857429 0.462223 0.838535
0 0.274578 0.708403 0.291304 0.707783 0.291304 0.722341 0.274026 0.722735 0.274578 0.708403
0 0.264461 0.717690 0.274075 0.724592 0.269070 0.731886 0.259207 0.725276 0.264461 0.717690
4 0.999006 0.051816 0.990292 0.050944 0.991991 0.039052 0.998114 0.039792 0.999006 0.032017 0.999006 0.051816
0 0.897074 0.043387 0.906156 0.049441 0.898588 0.059027 0.890011 0.051459 0.897074 0.043387
0 0.911574 0.032966 0.926786 0.032776 0.927357 0.041143 0.911384 0.041713 0.911574 0.032966
0 0.979650 0.012430 0.987446 0.013000 0.985164 0.030494 0.976987 0.029544 0.979650 0.012430
4 0.881087 0.005635 0.880342 0.021280 0.868423 0.021280 0.868869 0.005486 0.881087 0.005635
0 0.930226 0.027113 0.911553 0.026413 0.911928 0.010552 0.929807 0.010701 0.930226 0.027113
0 0.398248 0.870349 0.424917 0.873031 0.422533 0.882417 0.396907 0.881076 0.398248 0.870349
0 0.250835 0.720916 0.249286 0.728969 0.236587 0.726492 0.239994 0.719058 0.250835 0.720916
