3 0.725125 0.167461 0.732922 0.168467 0.730658 0.185319 0.722676 0.184804 0.725125 0.167461
0 0.691729 0.316529 0.699888 0.289458 0.712681 0.293537 0.705636 0.320052 0.691729 0.316529
3 0.833657 0.292270 0.843855 0.296905 0.841815 0.309328 0.829207 0.304137 0.833657 0.292270
0 0.469923 0.266825 0.460861 0.270761 0.451787 0.250010 0.461563 0.246133 0.469923 0.266825
0 0.461377 0.245674 0.451592 0.249570 0.446377 0.237634 0.456776 0.234292 0.461377 0.245674
0 0.440286 0.260957 0.452616 0.255981 0.458113 0.269127 0.446897 0.273807 0.440286 0.260957
0 0.439100 0.189430 0.449077 0.208155 0.440466 0.212529 0.446207 0.224011 0.423928 0.232348 0.409688 0.201020 0.439100 0.189430
0 0.439762 0.187939 0.447016 0.184917 0.453566 0.197612 0.447016 0.200736 0.439762 0.187939
0 0.788402 0.097588 0.794270 0.098479 0.793824 0.106353 0.788105 0.105387 0.788402 0.097588
0 0.575652 0.376226 0.589187 0.381417 0.579916 0.401257 0.565639 0.395509 0.575652 0.376226
0 0.086741 0.182535 0.074040 0.192562 0.063567 0.181272 0.062314 0.182139 0.061406 0.176475 0.061784 0.176964 0.073594 0.168199 0.086741 0.182535
0 0.060791 0.175664 0.061865 0.182451 0.051237 0.189814 0.043810 0.180603 0.057328 0.171170 0.060791 0.175664
0 0.106695 0.183335 0.120298 0.172050 0.131583 0.184544 0.118585 0.195426 0.106695 0.183335
0 0.115159 0.195224 0.120802 0.200464 0.102262 0.218701 0.096922 0.213663 0.115159 0.195224
0 0.079390 0.203285 0.090776 0.197038 0.099138 0.208524 0.091481 0.214872 0.079390 0.203285
0 0.121448 0.793618 0.131761 0.785317 0.150625 0.803679 0.141570 0.810973 0.121448 0.793618
0 0.128491 0.819273 0.149116 0.833862 0.141822 0.844174 0.121448 0.829334 0.128491 0.819273
0 0.097050 0.806194 0.115663 0.814243 0.107614 0.832352 0.090762 0.824555 0.097050 0.806194
0 0.069574 0.897665 0.094995 0.898124 0.094355 0.909257 0.068699 0.909005 0.069574 0.897665
0 0.072774 0.868189 0.109748 0.875735 0.105975 0.893844 0.067743 0.885796 0.072774 0.868189
0 0.036210 0.912269 0.049879 0.922520 0.043728 0.931951 0.039217 0.928807 0.034844 0.933591 0.022679 0.925117 0.036210 0.912269
0 0.000009 0.892426 0.020129 0.895491 0.018352 0.912713 0.009057 0.911619 0.008101 0.919137 0.000009 0.917362 0.000009 0.892426
0 0.000009 0.927441 0.006167 0.927843 0.005563 0.939330 0.000009 0.939028 0.000009 0.927441
3 0.413472 0.326017 0.425797 0.326017 0.425546 0.341109 0.414479 0.341360 0.413472 0.326017
3 0.696816 0.210965 0.719594 0.210490 0.719594 0.228997 0.698714 0.229472 0.696816 0.210965
