0 0.112530 0.015108 0.125756 0.004400 0.130795 0.010069 0.127394 0.013218 0.145911 0.034758 0.137093 0.041938 0.131425 0.036900 0.132054 0.036018 0.123741 0.027956 0.124874 0.026822 0.112530 0.015108
0 0.337036 0.105156 0.361914 0.080802 0.366366 0.084992 0.368985 0.083420 0.393339 0.108560 0.390459 0.111441 0.396482 0.116940 0.388364 0.126368 0.383388 0.121130 0.365842 0.138938 0.359557 0.131343 0.348821 0.126892 0.343845 0.113536 0.337036 0.105156
0 0.355567 0.363772 0.371161 0.356216 0.380807 0.376473 0.371483 0.381135 0.369071 0.378241 0.363927 0.380814 0.355567 0.363772
0 0.505727 0.477427 0.512961 0.467138 0.524054 0.474373 0.530324 0.463440 0.545115 0.472765 0.537398 0.485144 0.534826 0.483054 0.528074 0.494308 0.505727 0.477427
0 0.710220 0.380837 0.718338 0.363291 0.733003 0.372195 0.722528 0.389217 0.710220 0.380837
0 0.614704 0.426775 0.615892 0.424516 0.623420 0.412253 0.651218 0.427064 0.639531 0.442779 0.618200 0.428956 0.614704 0.426775
0 0.639531 0.442779 0.651218 0.427064 0.693343 0.450623 0.682790 0.467907 0.639531 0.442779
0 0.621229 0.463745 0.630873 0.449177 0.653649 0.461693 0.649955 0.467849 0.655085 0.471747 0.645646 0.486931 0.619588 0.472773 0.624307 0.465230 0.621229 0.463745
0 0.550460 0.518194 0.558992 0.506250 0.572642 0.516488 0.562831 0.528858 0.550460 0.518194
0 0.576495 0.500160 0.583471 0.491337 0.594346 0.501186 0.588190 0.510419 0.576495 0.500160
0 0.592202 0.509973 0.598153 0.502382 0.614991 0.514933 0.608731 0.522447 0.592202 0.509973
0 0.501785 0.523059 0.505000 0.517593 0.519309 0.525471 0.516897 0.529811 0.514968 0.528525 0.513682 0.531580 0.507412 0.527882 0.508216 0.526596 0.501785 0.523059
0 0.512410 0.539773 0.521643 0.528692 0.547702 0.548595 0.541546 0.555367 0.532928 0.548801 0.529645 0.553110 0.512410 0.539773
0 0.591364 0.547076 0.597956 0.539199 0.619659 0.562028 0.615158 0.566529 0.591364 0.547076
0 0.687956 0.500508 0.711786 0.489510 0.716238 0.497366 0.713281 0.501861 0.714143 0.509674 0.701049 0.515697 0.698692 0.509150 0.692931 0.512031 0.687956 0.500508
0 0.433290 0.836240 0.459025 0.831227 0.463564 0.837819 0.462367 0.846601 0.433958 0.850946 0.433290 0.836240
0 0.446572 0.871861 0.471652 0.872825 0.470337 0.889325 0.445966 0.886563 0.446572 0.871861
0 0.132509 0.933895 0.155554 0.930491 0.154768 0.928396 0.161053 0.927872 0.160791 0.923420 0.176242 0.920278 0.181741 0.937038 0.177551 0.937561 0.179646 0.944108 0.136437 0.950917 0.132509 0.933895
0 0.120786 0.943558 0.132522 0.941146 0.133326 0.951436 0.119660 0.953365 0.120786 0.943558
0 0.534199 0.873002 0.542407 0.862538 0.556975 0.871155 0.552461 0.878132 0.566012 0.887032 0.560668 0.892289 0.534199 0.873002
0 0.552461 0.878132 0.556975 0.871155 0.575889 0.876541 0.566012 0.887032 0.552461 0.878132
0 0.566012 0.887032 0.575889 0.876541 0.581279 0.886686 0.575550 0.893822 0.566012 0.887032
0 0.605681 0.892611 0.627334 0.893925 0.627798 0.903282 0.605604 0.903205 0.605681 0.892611
0 0.588416 0.887974 0.603615 0.889849 0.603121 0.909194 0.585060 0.907121 0.588416 0.887974
0 0.653699 0.875068 0.670036 0.877282 0.672342 0.877587 0.671083 0.889932 0.651936 0.887287 0.653699 0.875068
0 0.558046 0.850788 0.563176 0.839503 0.573640 0.845043 0.567485 0.857149 0.558046 0.850788
0 0.544271 0.788492 0.563885 0.780454 0.574656 0.804247 0.557454 0.811643 0.544271 0.788492
0 0.536715 0.791868 0.544271 0.788492 0.557454 0.811643 0.550219 0.815662 0.546522 0.807784 0.540252 0.811321 0.535429 0.801193 0.540413 0.799103 0.536715 0.791868
0 0.622630 0.801838 0.637608 0.796914 0.652176 0.826871 0.628785 0.836720 0.617910 0.815175 0.625297 0.809635 0.622630 0.801838
0 0.724515 0.871451 0.744623 0.870630 0.748521 0.891354 0.730260 0.891559 0.728824 0.883557 0.724104 0.884172 0.724515 0.871451
0 0.709640 0.845531 0.720733 0.844728 0.720573 0.847782 0.729093 0.847621 0.728450 0.857750 0.721055 0.857589 0.721376 0.862251 0.709319 0.861930 0.709640 0.845531
0 0.671266 0.852334 0.683324 0.854584 0.680109 0.870179 0.669659 0.867446 0.671266 0.852334
0 0.696256 0.812504 0.713802 0.818266 0.704898 0.854404 0.684734 0.848643 0.696256 0.812504
0 0.669480 0.802956 0.676570 0.797482 0.684539 0.800034 0.684546 0.817739 0.673107 0.820433 0.669480 0.802956
0 0.574069 0.721061 0.596416 0.712380 0.600435 0.720097 0.603651 0.718007 0.614583 0.739710 0.588056 0.748713 0.574069 0.721061
0 0.632657 0.686080 0.638402 0.683207 0.637786 0.681771 0.651123 0.672127 0.659741 0.683412 0.640043 0.696544 0.632657 0.686080
0 0.682280 0.671543 0.702217 0.678057 0.699750 0.687433 0.679122 0.680130 0.682280 0.671543
0 0.616775 0.723077 0.632646 0.703300 0.647510 0.714889 0.642094 0.723833 0.646754 0.728242 0.630706 0.738684 0.629623 0.736681 0.629868 0.732564 0.616775 0.723077
0 0.646754 0.728242 0.661547 0.735463 0.660251 0.762294 0.657390 0.761916 0.654745 0.774386 0.630434 0.768088 0.630653 0.741494 0.630706 0.738684 0.646754 0.728242
0 0.672234 0.730696 0.676337 0.717564 0.688443 0.721462 0.684340 0.736646 0.672234 0.730696
0 0.664408 0.684210 0.684106 0.688930 0.682259 0.700420 0.660920 0.695701 0.664408 0.684210
0 0.657696 0.707299 0.660971 0.697096 0.675331 0.700623 0.672560 0.709314 0.671426 0.712715 0.657696 0.707299
0 0.682936 0.872875 0.692608 0.873073 0.694582 0.873468 0.694483 0.875402 0.694780 0.890542 0.681751 0.890049 0.682936 0.872875
0 0.420773 0.909432 0.424632 0.891105 0.427453 0.877484 0.437493 0.878082 0.444406 0.880011 0.437975 0.908307 0.420773 0.909432
3 0.380190 0.059347 0.388539 0.065052 0.382370 0.071824 0.374856 0.065098 0.380190 0.059347
0 0.374419 0.398287 0.385903 0.392771 0.390738 0.403651 0.379707 0.408789 0.374419 0.398287
0 0.618200 0.428956 0.612399 0.435231 0.600618 0.425226 0.606893 0.418477 0.615892 0.424516 0.614704 0.426775 0.618200 0.428956
4 0.454888 0.552411 0.460384 0.545468 0.468099 0.551350 0.462795 0.558582 0.454888 0.552411
0 0.419851 0.492504 0.425829 0.489032 0.429976 0.495300 0.423804 0.499061 0.419851 0.492504
0 0.672262 0.393374 0.715720 0.422421 0.703000 0.445204 0.679344 0.429568 0.679144 0.420547 0.662505 0.411125 0.672262 0.393374
0 0.678122 0.397224 0.694997 0.371212 0.710220 0.380837 0.706812 0.386349 0.704350 0.385119 0.691775 0.406424 0.678122 0.397224
0 0.613153 0.683604 0.622892 0.691029 0.610453 0.704336 0.601581 0.695754 0.613153 0.683604
0 0.575982 0.709109 0.583990 0.701402 0.592150 0.709109 0.583613 0.715984 0.575982 0.709109
0 0.523255 0.700301 0.528642 0.696276 0.533733 0.701308 0.533970 0.703143 0.528169 0.707938 0.523551 0.704090 0.523255 0.700301
0 0.489176 0.820414 0.502194 0.809711 0.508076 0.815882 0.495637 0.827164 0.489176 0.820414
0 0.520494 0.837677 0.532309 0.821063 0.562338 0.835585 0.553846 0.850353 0.536124 0.842600 0.529232 0.843092 0.520494 0.837677
0 0.521875 0.817920 0.530035 0.817995 0.529732 0.823360 0.522026 0.822831 0.521875 0.817920
0 0.651515 0.840815 0.653880 0.842903 0.658797 0.837569 0.655504 0.834739 0.658287 0.831492 0.667285 0.831631 0.667239 0.834739 0.656472 0.845404 0.656908 0.848058 0.652292 0.852818 0.645133 0.845877 0.651515 0.840815
0 0.681751 0.890049 0.694780 0.890542 0.694829 0.892849 0.694839 0.898418 0.701396 0.898225 0.701686 0.905264 0.698214 0.910375 0.689632 0.909796 0.689728 0.915679 0.683364 0.915389 0.683171 0.910182 0.676132 0.906518 0.676614 0.899961 0.681725 0.899575 0.681751 0.890049
0 0.754278 0.835688 0.767293 0.829865 0.779969 0.854233 0.784646 0.851894 0.793876 0.870109 0.790676 0.871586 0.793753 0.876016 0.779231 0.883031 0.772473 0.870567 0.769451 0.871927 0.759855 0.851754 0.761820 0.850771 0.754278 0.835688
0 0.720462 0.812126 0.716401 0.812003 0.716647 0.807203 0.707048 0.806957 0.707294 0.792189 0.718862 0.791820 0.718862 0.780620 0.731908 0.781236 0.730923 0.826649 0.720462 0.826156 0.720462 0.812126
0 0.660694 0.776068 0.666663 0.763107 0.688025 0.774102 0.698392 0.774574 0.702633 0.797663 0.696036 0.798606 0.696384 0.802282 0.676570 0.797482 0.678416 0.785421 0.660694 0.776068
0 0.855216 0.999004 0.855386 0.993170 0.840371 0.992308 0.840741 0.980986 0.884923 0.982586 0.884559 0.994989 0.874339 0.995385 0.873998 0.999003 0.855216 0.999004
0 0.880613 0.999003 0.886048 0.993821 0.885181 0.980189 0.905233 0.980380 0.905229 0.985539 0.904947 0.999003 0.880613 0.999003
4 0.790571 0.787032 0.802508 0.781063 0.808634 0.798969 0.796539 0.803838 0.790571 0.787032
0 0.690362 0.771884 0.691423 0.764170 0.697691 0.765713 0.699330 0.760023 0.713119 0.763688 0.711384 0.769956 0.714373 0.771113 0.710998 0.783456 0.700391 0.779502 0.701066 0.774681 0.690362 0.771884
0 0.666663 0.763107 0.661322 0.761496 0.663217 0.752083 0.669527 0.753943 0.669141 0.739672 0.684280 0.743240 0.688234 0.758186 0.688025 0.774102 0.666663 0.763107
0 0.658640 0.708648 0.671316 0.715540 0.665285 0.726124 0.652486 0.715540 0.658640 0.708648
0 0.670341 0.869464 0.679105 0.870220 0.678728 0.878304 0.672342 0.877587 0.670036 0.877282 0.670031 0.876388 0.670341 0.869464
0 0.728455 0.895899 0.739553 0.894884 0.740162 0.900907 0.749975 0.900230 0.750652 0.908622 0.729665 0.910246 0.728455 0.895899
0 0.694483 0.875402 0.705798 0.877216 0.702861 0.892590 0.694829 0.892849 0.694780 0.890542 0.694483 0.875402
0 0.685203 0.853561 0.696880 0.854827 0.692608 0.873073 0.681404 0.869599 0.685203 0.853561
0 0.668799 0.926988 0.679422 0.926988 0.679250 0.937352 0.668626 0.937611 0.668799 0.926988
0 0.737724 0.326390 0.753018 0.333631 0.747740 0.342496 0.733122 0.333698 0.737724 0.326390
4 0.564774 0.703178 0.570053 0.698914 0.576617 0.706561 0.572015 0.710486 0.564774 0.703178
0 0.624662 0.733222 0.630706 0.738684 0.630653 0.741494 0.628055 0.743721 0.620897 0.737411 0.624662 0.733222
0 0.649710 0.804183 0.661098 0.799566 0.665714 0.811569 0.654942 0.815878 0.649710 0.804183
0 0.658636 0.818340 0.665714 0.818032 0.667285 0.831631 0.658287 0.831492 0.654942 0.822033 0.658636 0.818340
