0 0.643822 0.947323 0.654757 0.952244 0.643549 0.972883 0.630290 0.965776 0.643822 0.947323
0 0.730949 0.373406 0.745789 0.363345 0.762641 0.382713 0.750065 0.391516 0.730949 0.373406
0 0.888917 0.480232 0.905046 0.474218 0.908599 0.483103 0.893838 0.488160 0.888917 0.480232
0 0.821840 0.783020 0.841962 0.768934 0.854287 0.788302 0.837434 0.802639 0.821840 0.783020
0 0.903206 0.982778 0.915507 0.976080 0.932302 0.999002 0.908758 0.999003 0.903206 0.982778
0 0.910139 0.967214 0.914768 0.975684 0.904938 0.980632 0.899492 0.972578 0.910139 0.967214
0 0.903928 0.956470 0.907642 0.956990 0.911758 0.965547 0.899219 0.972178 0.878499 0.941523 0.891347 0.935099 0.903928 0.956470
0 0.878707 0.962431 0.887329 0.955993 0.902424 0.978509 0.893242 0.984035 0.878707 0.962431
0 0.875830 0.983762 0.885971 0.977589 0.892144 0.987840 0.882554 0.993683 0.875830 0.983762
0 0.873242 0.970064 0.880070 0.966649 0.885162 0.974497 0.878094 0.978330 0.873242 0.970064
0 0.877446 0.945392 0.885165 0.955712 0.876633 0.961969 0.869807 0.952137 0.877446 0.945392
0 0.852499 0.946534 0.864689 0.942878 0.867370 0.953685 0.856237 0.957179 0.852499 0.946534
0 0.867226 0.916700 0.881777 0.911409 0.889824 0.931140 0.867667 0.940731 0.863147 0.928825 0.870313 0.926290 0.867226 0.916700
0 0.840600 0.938562 0.848317 0.934704 0.852947 0.943964 0.846443 0.947491 0.840600 0.938562
0 0.850852 0.934814 0.859561 0.928531 0.866285 0.939885 0.858017 0.944074 0.850852 0.934814
0 0.866226 0.943324 0.872645 0.939830 0.875815 0.945518 0.869720 0.951287 0.866226 0.943324
0 0.864610 0.966218 0.872206 0.961449 0.877505 0.966616 0.868673 0.972224 0.864610 0.966218
0 0.911900 0.930435 0.927751 0.945389 0.913545 0.957053 0.901582 0.940305 0.911900 0.930435
0 0.942052 0.970444 0.959469 0.994034 0.953442 0.999002 0.940182 0.999002 0.928825 0.982901 0.942052 0.970444
0 0.943584 0.970157 0.952513 0.964425 0.956481 0.969716 0.963536 0.965417 0.972465 0.978534 0.957914 0.989888 0.943584 0.970157
0 0.834882 0.922444 0.847008 0.916491 0.853071 0.926081 0.839732 0.932144 0.834882 0.922444
0 0.843640 0.845064 0.874676 0.864943 0.859868 0.878534 0.831469 0.860886 0.843640 0.845064
0 0.847291 0.888271 0.867982 0.874072 0.876907 0.884620 0.860273 0.900240 0.847291 0.888271
0 0.847494 0.891923 0.860679 0.911194 0.848711 0.915048 0.839177 0.899225 0.847494 0.891923
0 0.819703 0.873057 0.826803 0.865349 0.831469 0.869609 0.824572 0.877723 0.819703 0.873057
0 0.837122 0.867118 0.853988 0.878141 0.845390 0.888062 0.829626 0.875826 0.837122 0.867118
0 0.793382 0.883278 0.806610 0.875121 0.812562 0.882727 0.798232 0.890333 0.798232 0.890113 0.793382 0.883278
0 0.799620 0.890930 0.807827 0.886055 0.813434 0.894262 0.806039 0.898488 0.799620 0.890930
0 0.806795 0.900353 0.814621 0.896054 0.817818 0.902007 0.809551 0.906416 0.806795 0.900353
0 0.810578 0.908816 0.821344 0.902087 0.826616 0.909156 0.818589 0.915326 0.810578 0.908816
0 0.823522 0.900218 0.831973 0.894449 0.839692 0.902087 0.839936 0.910457 0.843024 0.912813 0.832218 0.919866 0.822384 0.917689 0.822546 0.914114 0.829291 0.909157 0.823522 0.900218
0 0.892820 0.880388 0.916147 0.865434 0.938428 0.887117 0.913755 0.906706 0.892820 0.880388
0 0.908518 0.926561 0.913453 0.923122 0.916892 0.928356 0.913242 0.930989 0.908518 0.926561
0 0.897374 0.827209 0.923842 0.833640 0.921449 0.844257 0.916963 0.843060 0.914272 0.861752 0.889000 0.855920 0.897374 0.827209
0 0.921215 0.792726 0.937963 0.799455 0.923757 0.821138 0.903719 0.813063 0.921215 0.792726
0 0.865279 0.793085 0.885616 0.801010 0.882027 0.807889 0.897878 0.814319 0.887260 0.838842 0.864531 0.830468 0.865578 0.827926 0.851073 0.821197 0.865279 0.793085
0 0.884987 0.763554 0.918483 0.782395 0.902333 0.805424 0.866893 0.784040 0.884987 0.763554
0 0.905322 0.748439 0.917117 0.741053 0.923841 0.749210 0.910613 0.757809 0.905322 0.748439
0 0.873322 0.756933 0.888126 0.744970 0.897248 0.753643 0.880620 0.766590 0.873322 0.756933
0 0.909928 0.698451 0.919959 0.714545 0.898463 0.727773 0.901881 0.737474 0.916101 0.729647 0.919959 0.739017 0.897251 0.750481 0.876747 0.720608 0.909928 0.698451
0 0.861453 0.643673 0.891211 0.642477 0.891870 0.657098 0.880594 0.662964 0.881192 0.682104 0.862799 0.682702 0.861453 0.643673
0 0.842911 0.671338 0.858164 0.670739 0.859061 0.682702 0.844705 0.683450 0.842911 0.671338
0 0.899084 0.665965 0.899702 0.675596 0.892187 0.675347 0.893117 0.666986 0.899084 0.665965
0 0.887537 0.660009 0.890923 0.658675 0.893625 0.666161 0.890174 0.667626 0.887537 0.660009
3 0.716697 0.692678 0.727667 0.683821 0.737743 0.697473 0.727911 0.705111 0.716697 0.692678
0 0.999007 0.806131 0.993332 0.811745 0.981868 0.798847 0.999007 0.784273 0.999007 0.806131
3 0.935057 0.769913 0.956428 0.759349 0.966586 0.774707 0.936845 0.790715 0.929775 0.777633 0.934976 0.774788 0.935057 0.769913
0 0.936110 0.742417 0.946913 0.735913 0.953197 0.745724 0.947685 0.749251 0.953748 0.757298 0.929056 0.772180 0.928835 0.756857 0.936110 0.742417
0 0.929125 0.835350 0.951641 0.842855 0.946367 0.852795 0.927502 0.843666 0.929125 0.835350
0 0.934270 0.852250 0.940994 0.852471 0.940884 0.861069 0.934049 0.860959 0.934270 0.852250
0 0.933529 0.820147 0.940694 0.812872 0.956567 0.822573 0.948851 0.828966 0.933529 0.820147
0 0.953701 0.806368 0.959764 0.812652 0.952599 0.817061 0.945985 0.810447 0.953701 0.806368
0 0.920121 0.706983 0.932012 0.703566 0.934063 0.711767 0.921488 0.715047 0.920121 0.706983
0 0.826699 0.606736 0.850432 0.592644 0.857849 0.604511 0.832076 0.622126 0.831705 0.621384 0.826699 0.606736
0 0.951661 0.578206 0.964919 0.586134 0.940863 0.617844 0.924734 0.607183 0.951661 0.578206
0 0.860696 0.560398 0.888808 0.549717 0.893644 0.557778 0.866137 0.568660 0.860696 0.560398
0 0.903370 0.525074 0.925638 0.523260 0.926343 0.536258 0.906091 0.537568 0.903370 0.525074
0 0.866023 0.555219 0.858505 0.538544 0.881058 0.530070 0.870533 0.515308 0.885979 0.508064 0.898963 0.540594 0.866023 0.555219
0 0.928793 0.545816 0.951766 0.554682 0.948844 0.573222 0.922445 0.564557 0.913982 0.549342 0.920833 0.545715 0.925267 0.553675 0.928793 0.545816
0 0.804651 0.548568 0.839139 0.531695 0.849893 0.578790 0.826901 0.589915 0.810399 0.567109 0.814293 0.564143 0.804651 0.548568
0 0.824265 0.491511 0.837264 0.503767 0.820997 0.523301 0.804359 0.525158 0.798714 0.515131 0.824265 0.491511
0 0.788737 0.480807 0.812656 0.470146 0.821404 0.490375 0.797348 0.501310 0.788737 0.480807
0 0.802286 0.466175 0.833824 0.453983 0.836040 0.461439 0.804495 0.472901 0.802286 0.466175
2 0.780023 0.425326 0.789760 0.414372 0.827991 0.452098 0.817196 0.458641 0.780023 0.425326
2 0.752412 0.407673 0.762465 0.416269 0.759383 0.419621 0.774424 0.431746 0.770361 0.436703 0.794008 0.455149 0.787263 0.461812 0.738486 0.419628 0.752412 0.407673
0 0.871062 0.466460 0.909498 0.454433 0.916649 0.465891 0.878538 0.477592 0.871062 0.466460
2 0.842866 0.434766 0.875315 0.423999 0.881446 0.446130 0.849595 0.456000 0.842866 0.434766
0 0.700049 0.608234 0.716050 0.616458 0.710966 0.622589 0.696161 0.615112 0.700049 0.608234
0 0.656983 0.625131 0.677170 0.603000 0.693769 0.618252 0.682554 0.629767 0.695713 0.641430 0.685844 0.652795 0.656983 0.625131
0 0.643909 0.617049 0.655703 0.604593 0.663971 0.611758 0.652507 0.624545 0.643909 0.617049
0 0.657247 0.603381 0.664522 0.595223 0.673231 0.602829 0.665845 0.611538 0.657247 0.603381
0 0.669507 0.597315 0.672143 0.595159 0.677833 0.600131 0.674838 0.602767 0.669507 0.597315
0 0.617606 0.595934 0.637046 0.574400 0.649158 0.582176 0.635550 0.596233 0.646915 0.610738 0.641532 0.616121 0.617606 0.595934
1 0.639267 0.642337 0.648801 0.634832 0.660972 0.647814 0.651844 0.654508 0.639267 0.642337
3 0.362603 0.380554 0.377436 0.370171 0.385223 0.381296 0.370976 0.391461 0.362603 0.380554
4 0.433830 0.482710 0.439251 0.478063 0.445292 0.484259 0.440335 0.489060 0.433830 0.482710
