4 0.160656 0.000003 0.153652 0.010873 0.142439 0.003248 0.144747 0.000002 0.160656 0.000003
0 0.104544 0.053554 0.126488 0.028176 0.138319 0.034854 0.115230 0.061378 0.104544 0.053554
0 0.104544 0.053554 0.115230 0.061378 0.114276 0.065957 0.103017 0.058325 0.104544 0.053554
0 0.114276 0.065957 0.115230 0.061378 0.138319 0.034854 0.139464 0.038861 0.114276 0.065957
0 0.202393 0.034812 0.204779 0.026643 0.212765 0.028938 0.211204 0.038208 0.202393 0.034812
0 0.014442 0.173801 0.007558 0.165356 0.013432 0.161134 0.020408 0.170496 0.014442 0.173801
0 0.015910 0.176554 0.021785 0.172149 0.026191 0.179216 0.020224 0.183255 0.015910 0.176554
0 0.253235 0.145192 0.287747 0.125753 0.302425 0.147968 0.279417 0.162646 0.272673 0.153919 0.260375 0.160266 0.253235 0.145192
0 0.076802 0.261848 0.091304 0.253261 0.099700 0.266618 0.081954 0.276732 0.073749 0.263756 0.076802 0.261848
0 0.290176 0.162279 0.299717 0.155792 0.309640 0.171057 0.299717 0.176972 0.290176 0.162279
0 0.284833 0.201206 0.278727 0.187467 0.298763 0.178690 0.299908 0.182124 0.314028 0.178117 0.322043 0.196054 0.287314 0.208457 0.284833 0.201206
0 0.296855 0.205213 0.331584 0.193383 0.340743 0.220670 0.321089 0.225822 0.316509 0.217426 0.301816 0.222578 0.296855 0.205213
0 0.524631 0.417730 0.508557 0.411642 0.510992 0.399952 0.530719 0.407014 0.527797 0.418670 0.524631 0.417730
0 0.539051 0.432931 0.534731 0.422130 0.557247 0.421176 0.561978 0.432757 0.539051 0.432931
0 0.643480 0.411785 0.641615 0.403082 0.650318 0.400907 0.652494 0.410231 0.643480 0.411785
0 0.575562 0.268701 0.589549 0.260620 0.597165 0.270531 0.595026 0.277591 0.597941 0.296053 0.587684 0.301337 0.575562 0.268701
0 0.575562 0.268701 0.587684 0.301337 0.582400 0.303513 0.570278 0.273674 0.575562 0.268701
0 0.626311 0.204489 0.634392 0.189880 0.647447 0.196097 0.654596 0.207908 0.646203 0.222517 0.626311 0.204489
0 0.291991 0.118267 0.330222 0.102726 0.347939 0.130078 0.333331 0.138471 0.327114 0.127903 0.304424 0.138781 0.291991 0.118267
0 0.375526 0.113941 0.389074 0.093333 0.397851 0.095431 0.383731 0.118520 0.375526 0.113941
0 0.384685 0.120238 0.383731 0.118520 0.397851 0.095431 0.432389 0.109552 0.434488 0.106499 0.464828 0.118902 0.453952 0.154967 0.428191 0.142945 0.401095 0.132069 0.401668 0.128825 0.384685 0.120238
0 0.360870 0.162746 0.366465 0.146894 0.397858 0.159327 0.391331 0.173936 0.360870 0.162746
0 0.389155 0.154354 0.396926 0.131975 0.409980 0.139435 0.403142 0.160260 0.389155 0.154354
0 0.434274 0.172174 0.437629 0.159752 0.455407 0.166327 0.451863 0.178147 0.434274 0.172174
0 0.458246 0.149751 0.461058 0.137334 0.467501 0.134991 0.485893 0.143425 0.481441 0.158068 0.470078 0.152563 0.458246 0.149751
0 0.465500 0.150567 0.481441 0.158068 0.478630 0.161583 0.464924 0.156077 0.465500 0.150567
0 0.444256 0.003128 0.453065 0.004262 0.461895 0.009068 0.468189 0.012452 0.444256 0.040115 0.438350 0.034210 0.427160 0.031885 0.444256 0.003128
0 0.427160 0.031885 0.438350 0.034210 0.444256 0.040115 0.440355 0.046579 0.426450 0.039253 0.427160 0.031885
0 0.523282 0.103486 0.539356 0.064277 0.566875 0.081568 0.560300 0.094719 0.549097 0.088144 0.543252 0.099346 0.579783 0.117368 0.568337 0.139774 0.523282 0.103486
0 0.613541 0.063374 0.646488 0.076428 0.626596 0.111862 0.619757 0.108132 0.626285 0.092280 0.604216 0.079847 0.610433 0.062130 0.613541 0.063374
0 0.638641 0.000001 0.647295 0.006808 0.657056 0.019237 0.634117 0.045824 0.620379 0.036643 0.606081 0.027007 0.612713 0.020202 0.604920 0.014844 0.618974 0.000001 0.638641 0.000001
0 0.554239 0.043494 0.560536 0.028991 0.575038 0.036815 0.568551 0.049981 0.554239 0.043494
0 0.619844 0.366264 0.624805 0.332298 0.637590 0.335351 0.633201 0.367027 0.619844 0.366264
0 0.085760 0.181843 0.087471 0.180774 0.091536 0.198958 0.072923 0.210724 0.064366 0.195749 0.085760 0.181843
0 0.073351 0.214789 0.096028 0.202809 0.125123 0.191898 0.128546 0.212008 0.108651 0.220137 0.115069 0.231904 0.092819 0.244740 0.073351 0.214789
0 0.498412 0.027656 0.506014 0.033130 0.500085 0.044533 0.491723 0.039211 0.498412 0.027656
0 0.658612 0.065361 0.649579 0.074567 0.643589 0.067293 0.632678 0.061517 0.648296 0.047611 0.657281 0.053602 0.658514 0.054835 0.658612 0.065361
0 0.581063 0.161580 0.592803 0.170008 0.568420 0.213356 0.555777 0.206132 0.581063 0.161580
0 0.455836 0.195596 0.457040 0.193790 0.450795 0.189953 0.456424 0.181684 0.479617 0.191983 0.466071 0.215765 0.448611 0.206433 0.455836 0.195596
0 0.643770 0.376436 0.637147 0.396605 0.642566 0.397809 0.639856 0.411355 0.622698 0.411355 0.603432 0.394799 0.609152 0.377038 0.614871 0.378844 0.617279 0.369814 0.628718 0.372824 0.643770 0.376436
0 0.650318 0.400907 0.647684 0.392894 0.658381 0.389652 0.661749 0.404119 0.661807 0.410473 0.653086 0.413099 0.650318 0.400907
0 0.661443 0.371085 0.647069 0.367292 0.653273 0.342262 0.661192 0.343958 0.661443 0.371085
0 0.000007 0.052294 0.003702 0.049522 0.015643 0.055492 0.015856 0.067646 0.001996 0.077668 0.000007 0.076656 0.000007 0.052294
0 0.459856 0.082286 0.472184 0.080200 0.474081 0.088735 0.462511 0.090821 0.459856 0.082286
