0 0.024595 0.000001 0.017270 0.023024 0.000008 0.022099 0.000008 0.000000 0.024595 0.000001
0 0.101700 0.015900 0.105085 0.004204 0.118320 0.006358 0.124784 0.004204 0.146945 0.009436 0.146637 0.022056 0.140174 0.027596 0.114011 0.022672 0.114319 0.020517 0.101700 0.015900
0 0.146514 0.046035 0.125404 0.076571 0.114319 0.070687 0.129375 0.041836 0.146514 0.046035
0 0.168491 0.034983 0.164489 0.046987 0.147561 0.044525 0.146816 0.045605 0.129609 0.041387 0.136480 0.028212 0.168491 0.034983
0 0.150821 0.023756 0.151786 0.014592 0.160950 0.016280 0.159503 0.024962 0.150821 0.023756
0 0.268849 0.043925 0.275621 0.024534 0.288240 0.028227 0.283008 0.047926 0.268849 0.043925
0 0.210676 0.058699 0.218371 0.029151 0.250689 0.037769 0.242379 0.066701 0.210676 0.058699
0 0.485692 0.056602 0.486616 0.051062 0.515241 0.021821 0.530322 0.033209 0.499578 0.068091 0.485692 0.056602
0 0.540598 0.075772 0.551209 0.055755 0.585695 0.071190 0.567849 0.092894 0.554826 0.087348 0.556273 0.083007 0.540598 0.075772
0 0.629792 0.000007 0.627674 0.004940 0.635984 0.016328 0.622593 0.029950 0.610776 0.018857 0.608606 0.020545 0.588830 0.004869 0.592071 0.000007 0.629792 0.000007
0 0.700998 0.000006 0.698133 0.003656 0.704747 0.005923 0.696622 0.017450 0.692465 0.015371 0.690953 0.018206 0.674325 0.010836 0.671301 0.012726 0.666766 0.009136 0.673644 0.000007 0.700998 0.000006
0 0.660342 0.030677 0.659775 0.023686 0.669529 0.012754 0.671452 0.013466 0.674586 0.011543 0.698728 0.022083 0.696838 0.030817 0.685123 0.043099 0.660342 0.030677
0 0.701387 0.075825 0.720042 0.042216 0.734403 0.032741 0.744026 0.043697 0.733366 0.053320 0.726408 0.060575 0.721226 0.069606 0.717821 0.074196 0.713379 0.082635 0.701387 0.075825
0 0.715008 0.082191 0.727444 0.061463 0.739533 0.067917 0.727444 0.089276 0.715008 0.082191
0 0.737909 0.105648 0.747450 0.086565 0.764687 0.092105 0.766226 0.086565 0.781000 0.090566 0.777922 0.112112 0.771766 0.118883 0.737909 0.105648
0 0.749102 0.073158 0.755679 0.065292 0.747563 0.057371 0.756809 0.044841 0.764379 0.051476 0.760993 0.056093 0.766841 0.058863 0.773613 0.052400 0.782231 0.057632 0.780076 0.063480 0.785001 0.068405 0.777922 0.075176 0.770227 0.071791 0.760993 0.082563 0.749102 0.073158
0 0.805185 0.104776 0.818728 0.076459 0.861203 0.098313 0.847660 0.125398 0.842428 0.122936 0.840889 0.124783 0.821806 0.114933 0.805185 0.104776
0 0.749623 0.166062 0.729848 0.149422 0.749865 0.117829 0.767470 0.127476 0.766987 0.137846 0.757099 0.153763 0.761682 0.157380 0.753482 0.168956 0.749623 0.166062
0 0.685615 0.139502 0.692984 0.131943 0.702810 0.141202 0.695818 0.148194 0.685615 0.139502
0 0.726895 0.210186 0.716415 0.220754 0.708479 0.211495 0.717109 0.202949 0.726895 0.210186
0 0.746569 0.190763 0.727667 0.209834 0.717891 0.202598 0.728183 0.192410 0.726925 0.190967 0.739049 0.181955 0.746569 0.190763
0 0.727246 0.148691 0.716123 0.161016 0.712258 0.157642 0.705077 0.151406 0.711124 0.144037 0.714714 0.145926 0.718493 0.141013 0.727246 0.148691
0 0.752128 0.171814 0.757986 0.178805 0.746768 0.190127 0.740929 0.183162 0.752197 0.171377 0.752128 0.171814
0 0.863173 0.207852 0.856370 0.198593 0.865251 0.190468 0.878667 0.205963 0.865440 0.216922 0.860149 0.210876 0.863173 0.207852
0 0.869093 0.251959 0.871746 0.237730 0.903338 0.243036 0.901650 0.256782 0.869093 0.251959
0 0.748845 0.244953 0.756971 0.234938 0.766985 0.243441 0.758482 0.252700 0.748845 0.244953
0 0.838567 0.247444 0.793228 0.288924 0.774900 0.267702 0.785511 0.257332 0.784424 0.256240 0.796533 0.248252 0.801910 0.253956 0.816380 0.242862 0.813727 0.238521 0.821686 0.231769 0.838567 0.247444
0 0.796191 0.247891 0.784072 0.255889 0.782135 0.253956 0.780908 0.254961 0.774004 0.246123 0.785401 0.236467 0.796191 0.247891
3 0.632502 0.355491 0.631368 0.333950 0.640480 0.333383 0.641005 0.337918 0.644028 0.337729 0.644118 0.335384 0.649886 0.335273 0.650453 0.350767 0.639115 0.351712 0.638926 0.354547 0.632502 0.355491
0 0.702394 0.354487 0.702162 0.345090 0.725015 0.344510 0.725595 0.351239 0.738588 0.350427 0.739052 0.352167 0.743692 0.352167 0.743924 0.361331 0.739052 0.362027 0.739284 0.364231 0.713763 0.365507 0.713183 0.354487 0.702394 0.354487
0 0.881893 0.441889 0.850903 0.418080 0.854872 0.409199 0.863753 0.400318 0.889829 0.419025 0.881893 0.441889
0 0.705957 0.323978 0.706713 0.314341 0.717106 0.315286 0.716728 0.325868 0.705957 0.323978
0 0.720199 0.326357 0.720643 0.318510 0.722864 0.318510 0.723160 0.314661 0.729526 0.314809 0.729823 0.318510 0.733820 0.318954 0.733295 0.329422 0.720199 0.326357
0 0.738321 0.331213 0.738887 0.325923 0.735053 0.325552 0.735599 0.321189 0.751687 0.322007 0.751777 0.331096 0.738321 0.331213
0 0.776264 0.375550 0.768706 0.366669 0.770784 0.364212 0.767194 0.359677 0.769839 0.356843 0.762848 0.349284 0.779665 0.332845 0.810277 0.359488 0.801584 0.368936 0.800262 0.373471 0.802529 0.377061 0.794782 0.382163 0.791003 0.377250 0.784389 0.381974 0.776264 0.375550
0 0.999009 0.314493 0.995685 0.313675 0.995496 0.317266 0.987560 0.317832 0.987371 0.310841 0.972821 0.309518 0.973955 0.296669 0.999009 0.297760 0.999009 0.314493
0 0.850891 0.307902 0.852519 0.298279 0.864363 0.300352 0.862439 0.310567 0.850891 0.307902
0 0.887164 0.304941 0.888200 0.290136 0.893086 0.289692 0.893974 0.272222 0.911741 0.271777 0.911741 0.270297 0.943424 0.272073 0.945349 0.284806 0.948014 0.285546 0.947126 0.295466 0.911148 0.295614 0.909520 0.303461 0.902265 0.303313 0.901229 0.306866 0.887164 0.304941
0 0.956768 0.305137 0.955861 0.319191 0.953405 0.319191 0.952082 0.335442 0.940933 0.334875 0.943271 0.304150 0.956768 0.305137
0 0.897922 0.230171 0.884506 0.211276 0.884128 0.192758 0.896411 0.192758 0.896411 0.209953 0.905670 0.223369 0.897922 0.230171
0 0.843499 0.218088 0.839502 0.214535 0.839650 0.210537 0.834468 0.206688 0.841871 0.197805 0.854307 0.210537 0.851938 0.213943 0.861266 0.222382 0.855936 0.228008 0.846460 0.219717 0.843499 0.218088
0 0.508125 0.155352 0.510096 0.159827 0.493810 0.172560 0.481077 0.158050 0.493574 0.148076 0.508125 0.155352
0 0.454463 0.271568 0.439157 0.258152 0.439157 0.250594 0.451440 0.241524 0.469769 0.260986 0.457297 0.271568 0.454463 0.271568
0 0.430921 0.321713 0.449490 0.298561 0.446114 0.295909 0.451179 0.288191 0.468784 0.299285 0.445149 0.331360 0.430921 0.321713
0 0.189095 0.375364 0.172217 0.365000 0.182581 0.348270 0.204049 0.358486 0.193241 0.376400 0.189095 0.375364
0 0.196942 0.353452 0.199163 0.349159 0.198127 0.347678 0.201680 0.341756 0.238249 0.362779 0.232623 0.373143 0.196942 0.353452
0 0.699962 0.125709 0.707438 0.118715 0.714190 0.125950 0.706714 0.132462 0.699962 0.125709
0 0.951167 0.742771 0.961055 0.722995 0.975525 0.729266 0.964672 0.748559 0.951167 0.742771
0 0.980830 0.740842 0.983001 0.730471 0.993371 0.732401 0.991200 0.743494 0.980830 0.740842
0 0.974946 0.790673 0.989899 0.763579 0.998931 0.768021 0.998339 0.772759 0.995377 0.777496 0.997154 0.780457 0.987827 0.797039 0.974946 0.790673
0 0.964434 0.807995 0.973021 0.792302 0.985162 0.798224 0.976130 0.814362 0.964434 0.807995
0 0.955630 0.825212 0.964217 0.809963 0.975025 0.816329 0.966290 0.830246 0.955630 0.825212
0 0.891079 0.855860 0.897889 0.843867 0.908697 0.849789 0.910622 0.846532 0.918913 0.850382 0.911362 0.866519 0.891079 0.855860
0 0.915063 0.863706 0.925871 0.838685 0.945266 0.845792 0.955630 0.826841 0.968215 0.832171 0.947931 0.876143 0.915063 0.863706
0 0.696348 0.974735 0.689357 0.960941 0.695781 0.957540 0.702773 0.970767 0.696348 0.974735
0 0.720913 0.977758 0.712976 0.960563 0.726204 0.953382 0.724503 0.951304 0.734707 0.944690 0.740375 0.955083 0.728660 0.960185 0.735085 0.973223 0.720913 0.977758
0 0.736525 0.973064 0.731304 0.960535 0.741745 0.955663 0.739309 0.949399 0.749285 0.945107 0.756825 0.963899 0.736525 0.973064
0 0.815442 0.942557 0.826102 0.927307 0.839427 0.936931 0.828915 0.952181 0.815442 0.942557
0 0.834541 0.983568 0.820145 0.960224 0.839845 0.947754 0.854094 0.971065 0.834541 0.983568
0 0.802872 0.999005 0.819585 0.986680 0.828347 0.999004 0.802872 0.999005
0 0.802559 0.996748 0.794268 0.987717 0.806556 0.974540 0.817956 0.984756 0.806112 0.995712 0.802559 0.996748
0 0.777093 0.976465 0.777389 0.964916 0.792195 0.966841 0.795304 0.964324 0.803595 0.970690 0.802855 0.976613 0.796340 0.981498 0.791899 0.981350 0.790122 0.985200 0.784348 0.983571 0.784792 0.980314 0.777093 0.976465
4 0.771946 0.000005 0.759755 0.005677 0.745558 0.000006 0.771946 0.000005
