0 0.907542 0.619058 0.916321 0.618863 0.916711 0.629788 0.906762 0.629788 0.906957 0.632519 0.886083 0.633104 0.886083 0.604426 0.907542 0.604174 0.907542 0.619058
0 0.902665 0.583162 0.914565 0.582577 0.914760 0.601500 0.885016 0.601925 0.885107 0.581016 0.902665 0.581016 0.902665 0.583162
0 0.580227 0.654883 0.586850 0.647414 0.596292 0.656010 0.590091 0.662915 0.580227 0.654883
0 0.529223 0.575060 0.533600 0.580658 0.532277 0.581676 0.538690 0.586562 0.540827 0.593992 0.542659 0.601525 0.532684 0.605495 0.529630 0.601830 0.520008 0.604431 0.516029 0.607083 0.511018 0.596498 0.509065 0.592659 0.518350 0.587684 0.515200 0.580057 0.529223 0.575060
0 0.378081 0.459143 0.389396 0.472019 0.374765 0.482944 0.365401 0.471629 0.366181 0.468312 0.378081 0.459143
0 0.392128 0.478847 0.400126 0.489772 0.397590 0.491528 0.401882 0.495624 0.395444 0.503233 0.391347 0.501477 0.383349 0.509281 0.369888 0.497380 0.373789 0.493869 0.375740 0.487626 0.382958 0.482554 0.384909 0.482749 0.392128 0.478847
0 0.405770 0.496686 0.418463 0.511810 0.404959 0.523154 0.408470 0.525584 0.398478 0.533147 0.382813 0.519102 0.385244 0.512080 0.405770 0.496686
0 0.410474 0.524772 0.422311 0.516739 0.436687 0.535577 0.435517 0.538698 0.444491 0.549623 0.445856 0.554890 0.433761 0.576545 0.427518 0.571863 0.430054 0.565230 0.427128 0.561914 0.430249 0.554695 0.424007 0.547087 0.420105 0.549038 0.413667 0.541820 0.407424 0.546892 0.399621 0.537528 0.409375 0.530895 0.410474 0.524772
3 0.313888 0.466933 0.325771 0.439655 0.335224 0.439114 0.341976 0.443976 0.330363 0.472334 0.313888 0.466933
0 0.322077 0.522414 0.325600 0.513395 0.329123 0.507336 0.344060 0.514100 0.342228 0.526219 0.338142 0.531714 0.322077 0.522414
0 0.322792 0.528806 0.340036 0.535273 0.337383 0.542900 0.319476 0.536433 0.322792 0.528806
0 0.447745 0.559837 0.465350 0.573012 0.453134 0.588222 0.450260 0.588102 0.443074 0.594809 0.430139 0.583671 0.435648 0.578760 0.435768 0.574928 0.443912 0.559957 0.447745 0.559837
0 0.467942 0.586317 0.481207 0.600411 0.462471 0.618815 0.456833 0.619147 0.447383 0.605716 0.467942 0.586317
0 0.547646 0.601556 0.551625 0.611338 0.548972 0.613825 0.543335 0.613991 0.543335 0.615815 0.530900 0.615483 0.529630 0.601830 0.532684 0.605495 0.542659 0.601525 0.547646 0.601556
1 0.387171 0.841224 0.390682 0.833449 0.399380 0.834306 0.395965 0.841929 0.387171 0.841224
0 0.490963 0.942061 0.497161 0.925305 0.516901 0.932191 0.519885 0.941373 0.511163 0.951013 0.490963 0.942061
1 0.015536 0.694587 0.022558 0.684594 0.041463 0.695937 0.034711 0.706471 0.015536 0.694587
3 0.332313 0.361733 0.339336 0.354319 0.349285 0.363684 0.342848 0.371097 0.332313 0.361733
0 0.044100 0.567061 0.063487 0.576166 0.055344 0.594645 0.032372 0.586495 0.038408 0.568338 0.044100 0.567061
0 0.063487 0.576166 0.078208 0.581819 0.071059 0.600013 0.055344 0.594645 0.063487 0.576166
0 0.000007 0.628143 0.003348 0.627316 0.010551 0.633439 0.010114 0.640806 0.000007 0.645387 0.000007 0.628143
0 0.368301 0.860253 0.373984 0.855279 0.393257 0.863866 0.390258 0.876493 0.384651 0.884029 0.363802 0.874838 0.368301 0.860253
0 0.363078 0.890073 0.367071 0.883264 0.375636 0.887089 0.371204 0.894327 0.363078 0.890073
0 0.365016 0.900243 0.372071 0.903974 0.362555 0.921329 0.355527 0.916761 0.365016 0.900243
0 0.372396 0.904881 0.378000 0.908245 0.371503 0.919920 0.365880 0.916352 0.372396 0.904881
0 0.310532 0.836114 0.326370 0.849090 0.317211 0.862447 0.299083 0.848518 0.310532 0.836114
0 0.319501 0.863020 0.326760 0.853741 0.340682 0.864165 0.332667 0.873706 0.319501 0.863020
0 0.443338 0.531891 0.455550 0.522731 0.467404 0.535007 0.456718 0.543340 0.443338 0.531891
0 0.464709 0.530746 0.471961 0.524639 0.484364 0.537615 0.473296 0.546583 0.480357 0.553262 0.473264 0.560406 0.464980 0.567414 0.446582 0.547156 0.454237 0.541681 0.456718 0.543340 0.460511 0.547538 0.465473 0.543912 0.462610 0.540859 0.469862 0.535516 0.464709 0.530746
0 0.418845 0.503529 0.434394 0.488429 0.444262 0.497399 0.450841 0.490223 0.456821 0.496502 0.444113 0.513696 0.448149 0.517583 0.438730 0.527002 0.418845 0.503529
0 0.424981 0.495574 0.402052 0.479326 0.414089 0.466745 0.437218 0.482999 0.424981 0.495574
0 0.401495 0.477240 0.367911 0.443656 0.379169 0.433543 0.411799 0.466745 0.401495 0.477240
0 0.813704 0.670439 0.835003 0.672455 0.833786 0.688529 0.808798 0.689055 0.808214 0.672216 0.813704 0.670439
0 0.854730 0.668802 0.872021 0.670020 0.890530 0.672455 0.888582 0.692669 0.871802 0.692333 0.871139 0.700823 0.844004 0.699398 0.849290 0.673726 0.854730 0.668802
0 0.002165 0.619985 0.005790 0.614397 0.010622 0.615605 0.010773 0.619531 0.007602 0.623156 0.002165 0.619985
0 0.464980 0.567414 0.473264 0.560406 0.511018 0.596498 0.500900 0.601331 0.464980 0.567414
