0 0.302954 0.996251 0.328433 0.936111 0.343583 0.941161 0.320169 0.993267 0.327515 0.993496 0.326153 0.999007 0.305578 0.999007 0.305708 0.996939 0.302954 0.996251
0 0.221461 0.999005 0.225789 0.986698 0.238006 0.989094 0.239682 0.986339 0.249024 0.991489 0.246269 0.997477 0.243036 0.996519 0.245240 0.999006 0.221461 0.999005
0 0.155941 0.999004 0.159378 0.991239 0.166988 0.991944 0.168115 0.981939 0.192212 0.987435 0.192494 0.997581 0.184461 0.997299 0.183459 0.999005 0.155941 0.999004
0 0.258306 0.974476 0.267426 0.967513 0.270576 0.960051 0.281851 0.963865 0.279198 0.974642 0.277871 0.975140 0.277208 0.985088 0.272400 0.983761 0.273726 0.975637 0.272400 0.975305 0.271073 0.980445 0.265104 0.977627 0.262451 0.980280 0.258306 0.974476
0 0.354509 0.948136 0.356425 0.939992 0.364449 0.942507 0.363012 0.949693 0.354509 0.948136
0 0.464297 0.999008 0.466317 0.994147 0.471457 0.983204 0.483063 0.986188 0.497323 0.990996 0.496991 0.995805 0.502382 0.999008 0.464297 0.999008
0 0.458244 0.895879 0.476836 0.853185 0.482805 0.852037 0.486248 0.853185 0.491527 0.849512 0.499102 0.858464 0.509202 0.860989 0.504638 0.868024 0.507784 0.869982 0.490609 0.908733 0.458244 0.895879
0 0.540867 0.847580 0.550426 0.833143 0.556864 0.838411 0.560180 0.837240 0.563497 0.839776 0.567789 0.838996 0.568959 0.843093 0.572861 0.844653 0.568569 0.852847 0.580665 0.859870 0.568569 0.883476 0.562521 0.885231 0.539696 0.872551 0.549646 0.852457 0.540867 0.847580
0 0.537160 0.840752 0.537355 0.844458 0.534039 0.844849 0.520188 0.860260 0.511994 0.851091 0.527991 0.832948 0.537160 0.840752
0 0.594666 0.875305 0.612419 0.879597 0.619637 0.883889 0.608712 0.907884 0.600128 0.903007 0.586667 0.896765 0.594666 0.875305
0 0.625630 0.826610 0.641439 0.837061 0.648250 0.843872 0.651937 0.852996 0.649823 0.856671 0.648146 0.858109 0.648266 0.859785 0.641319 0.866612 0.637487 0.866612 0.625630 0.858468 0.623594 0.857390 0.617007 0.860624 0.610180 0.851162 0.603952 0.850324 0.604192 0.844096 0.602994 0.843377 0.603593 0.838706 0.607305 0.839185 0.608862 0.834515 0.606946 0.833676 0.613653 0.826850 0.611138 0.825652 0.612575 0.822538 0.625630 0.826610
0 0.675170 0.787579 0.666590 0.783310 0.660813 0.794019 0.659403 0.793033 0.656585 0.792046 0.654330 0.792892 0.627408 0.780016 0.636577 0.760312 0.664865 0.771628 0.669937 0.762458 0.682618 0.768896 0.681447 0.771042 0.697640 0.777870 0.696274 0.782162 0.701541 0.786259 0.698030 0.795038 0.689251 0.792892 0.688470 0.790551 0.675170 0.787579
0 0.636577 0.760312 0.642802 0.748284 0.647592 0.745530 0.647832 0.745051 0.652503 0.735110 0.653341 0.730439 0.656695 0.726607 0.656215 0.720978 0.659928 0.720618 0.660048 0.718103 0.682444 0.726726 0.676336 0.743374 0.687834 0.767806 0.685558 0.770202 0.667833 0.760261 0.663042 0.771160 0.636577 0.760312
0 0.674542 0.721690 0.658624 0.715389 0.660780 0.712073 0.673215 0.687036 0.686148 0.690187 0.686645 0.679244 0.696594 0.678746 0.698489 0.647195 0.717563 0.646340 0.731999 0.652778 0.733170 0.678529 0.758819 0.681087 0.759014 0.693183 0.730336 0.691817 0.726630 0.687720 0.726825 0.680307 0.716095 0.679722 0.716680 0.688891 0.714924 0.695133 0.703219 0.694353 0.699708 0.698255 0.700098 0.710155 0.711160 0.711108 0.706884 0.724720 0.692440 0.722576 0.681760 0.723421 0.674542 0.721690
0 0.643048 0.721287 0.634325 0.721057 0.610683 0.707514 0.620553 0.686856 0.624685 0.686626 0.630194 0.678592 0.639146 0.682953 0.642359 0.676985 0.657968 0.685249 0.656361 0.691676 0.643048 0.721287
0 0.574280 0.711476 0.583002 0.702524 0.587363 0.707344 0.591036 0.703672 0.596316 0.708492 0.593332 0.712165 0.611006 0.729839 0.602054 0.739250 0.574280 0.711476
0 0.516757 0.679318 0.516562 0.676001 0.529438 0.654737 0.532559 0.654737 0.537632 0.652396 0.553824 0.662540 0.535290 0.692779 0.516757 0.679318
0 0.608924 0.613174 0.604242 0.608687 0.617703 0.595031 0.616923 0.592495 0.621605 0.587228 0.639358 0.601274 0.645405 0.600689 0.651648 0.605566 0.644430 0.612784 0.645210 0.615710 0.638577 0.622928 0.639943 0.628196 0.634480 0.634048 0.619849 0.622148 0.611655 0.628391 0.603072 0.620587 0.608924 0.613174
0 0.531391 0.563731 0.531977 0.571339 0.526514 0.575436 0.502624 0.550025 0.523184 0.530791 0.539764 0.544719 0.525837 0.556988 0.531391 0.563731
0 0.492141 0.538934 0.502624 0.550025 0.503214 0.568912 0.481608 0.544335 0.485889 0.534356 0.492141 0.538934
0 0.507870 0.471516 0.524663 0.484002 0.514714 0.493171 0.513933 0.498829 0.509056 0.498048 0.505935 0.498243 0.490133 0.520678 0.482915 0.512485 0.498326 0.492196 0.494230 0.488489 0.494815 0.484977 0.507870 0.471516
0 0.507936 0.468945 0.499386 0.476172 0.492668 0.487166 0.476280 0.477292 0.475546 0.463125 0.478365 0.458317 0.486655 0.457820 0.507936 0.468945
0 0.386028 0.823066 0.417488 0.836413 0.394608 0.879631 0.363148 0.863742 0.386028 0.823066
0 0.582672 0.965375 0.594572 0.972398 0.584428 0.986250 0.573698 0.978446 0.582672 0.965375
0 0.551806 0.997669 0.533236 0.989710 0.550314 0.950249 0.555122 0.951575 0.556283 0.949420 0.577340 0.959036 0.561921 0.994187 0.553630 0.991036 0.551806 0.997669
0 0.657045 0.999007 0.641643 0.986153 0.651313 0.977806 0.667498 0.992973 0.659544 0.999007 0.657045 0.999007
0 0.589941 0.944212 0.605353 0.924703 0.617644 0.933482 0.615107 0.937579 0.626032 0.946163 0.617253 0.955917 0.606329 0.948504 0.602622 0.953381 0.589941 0.944212
0 0.704833 0.752247 0.757498 0.733611 0.765060 0.755218 0.718067 0.772773 0.711585 0.772233 0.704833 0.752247
0 0.736686 0.731720 0.739387 0.720377 0.761534 0.720647 0.762344 0.732261 0.736686 0.731720
0 0.781874 0.722731 0.799669 0.723049 0.798716 0.732582 0.781890 0.733289 0.781874 0.722731
3 0.886766 0.654079 0.904714 0.657590 0.901788 0.672027 0.884230 0.668125 0.886766 0.654079
3 0.897083 0.640616 0.900324 0.625762 0.910046 0.629003 0.906265 0.642237 0.897083 0.640616
0 0.704751 0.622492 0.704996 0.621255 0.706267 0.610133 0.719931 0.580898 0.740587 0.549438 0.759018 0.559607 0.738680 0.590113 0.753298 0.600917 0.748849 0.609497 0.743765 0.606637 0.734794 0.619761 0.722894 0.633222 0.704751 0.622492
0 0.757978 0.591896 0.772439 0.564580 0.780473 0.563892 0.789654 0.570548 0.774734 0.600159 0.771061 0.601766 0.757289 0.593502 0.757978 0.591896
0 0.822509 0.586504 0.827641 0.573540 0.842765 0.580292 0.837634 0.593256 0.822509 0.586504
0 0.795981 0.540155 0.816075 0.518305 0.831877 0.531181 0.813149 0.554591 0.795981 0.540155
0 0.752917 0.472786 0.780465 0.443077 0.785326 0.446048 0.789108 0.441457 0.802882 0.456041 0.779655 0.477917 0.773713 0.471165 0.762100 0.481428 0.752917 0.472786
0 0.916801 0.773905 0.922604 0.771086 0.922770 0.769262 0.933879 0.763127 0.934045 0.761635 0.941008 0.758153 0.943330 0.760474 0.952449 0.754837 0.967703 0.772412 0.962748 0.776106 0.973770 0.790584 0.920280 0.827577 0.899601 0.799095 0.918134 0.781537 0.915208 0.776660 0.916801 0.773905
4 0.965100 0.342890 0.975269 0.354330 0.955567 0.369901 0.947305 0.357508 0.965100 0.342890
4 0.967007 0.339077 0.984484 0.323506 0.993382 0.333993 0.975269 0.349564 0.967007 0.339077
0 0.681008 0.520110 0.664263 0.511197 0.660212 0.516329 0.658322 0.514708 0.661563 0.508226 0.650760 0.504445 0.655621 0.492832 0.665074 0.496613 0.668315 0.491751 0.698563 0.500934 0.693162 0.511467 0.700184 0.514708 0.699374 0.520920 0.708826 0.528752 0.700454 0.573315 0.666424 0.551979 0.673446 0.537665 0.676687 0.537665 0.681008 0.520110
0 0.605434 0.505508 0.613393 0.510317 0.609579 0.516452 0.600958 0.509985 0.605434 0.505508
0 0.553702 0.527555 0.564260 0.516537 0.571606 0.522735 0.560129 0.533064 0.553702 0.527555
0 0.584339 0.499600 0.592601 0.492291 0.607536 0.501824 0.600958 0.509985 0.584339 0.499600
0 0.731783 0.358580 0.739358 0.353531 0.742572 0.355826 0.743719 0.354678 0.751983 0.365926 0.757951 0.365926 0.773789 0.383600 0.783430 0.386584 0.788709 0.388191 0.788480 0.396455 0.775855 0.406325 0.763230 0.419179 0.759328 0.414359 0.752212 0.407243 0.743490 0.402193 0.750146 0.396684 0.743949 0.389339 0.737522 0.394159 0.721683 0.376714 0.726045 0.372582 0.725586 0.368451 0.727192 0.367303 0.727422 0.365237 0.732242 0.361564 0.731783 0.358580
0 0.730575 0.332332 0.739097 0.340012 0.716216 0.364551 0.706931 0.356095 0.730575 0.332332
0 0.715222 0.315638 0.717377 0.306353 0.728320 0.311162 0.748880 0.328571 0.748714 0.336530 0.741087 0.338188 0.733626 0.330229 0.724838 0.323265 0.723843 0.321110 0.715222 0.315638
0 0.658419 0.363219 0.667830 0.393059 0.652451 0.400175 0.650615 0.394895 0.635924 0.400175 0.626513 0.373778 0.658419 0.363219
0 0.608609 0.346003 0.627292 0.377580 0.607369 0.391368 0.596836 0.407303 0.573879 0.393799 0.589543 0.374624 0.578740 0.361120 0.590624 0.355718 0.590354 0.353017 0.608609 0.346003
0 0.570638 0.391368 0.550652 0.422157 0.532017 0.413515 0.553893 0.380025 0.570638 0.391368
0 0.547951 0.383266 0.537688 0.377054 0.541740 0.368952 0.554973 0.375974 0.547951 0.383266
0 0.495914 0.389248 0.520761 0.371152 0.539937 0.391948 0.526163 0.404642 0.518061 0.407343 0.495914 0.389248
0 0.644378 0.165206 0.647197 0.167460 0.650297 0.164501 0.672280 0.179016 0.674112 0.183807 0.657484 0.206354 0.653961 0.203817 0.646774 0.212413 0.634937 0.203958 0.642264 0.196771 0.638319 0.193671 0.642405 0.187471 0.631977 0.179579 0.644378 0.165206
0 0.630053 0.156542 0.636112 0.161756 0.626107 0.172184 0.620611 0.166970 0.630053 0.156542
0 0.588138 0.257031 0.572221 0.282565 0.557962 0.288368 0.552324 0.284223 0.545526 0.278088 0.553485 0.261342 0.557796 0.264327 0.566749 0.249073 0.566749 0.246917 0.585983 0.216243 0.604719 0.228844 0.599579 0.236803 0.589962 0.231000 0.577858 0.250731 0.588138 0.257031
0 0.612511 0.240948 0.637050 0.249570 0.625278 0.273612 0.617817 0.275933 0.598418 0.267477 0.597423 0.260181 0.588138 0.257031 0.597423 0.242606 0.609858 0.246254 0.612511 0.240948
4 0.542582 0.254973 0.542864 0.273292 0.530041 0.273433 0.529618 0.255536 0.542582 0.254973
0 0.508385 0.254869 0.528030 0.263826 0.512515 0.289410 0.505800 0.286542 0.499318 0.297392 0.488749 0.289783 0.494808 0.278368 0.508385 0.254869
0 0.573493 0.290124 0.618866 0.307409 0.608603 0.331717 0.588888 0.322264 0.591588 0.316862 0.580245 0.312271 0.581596 0.307680 0.565391 0.300658 0.573493 0.290124
0 0.562690 0.304709 0.574844 0.311461 0.570792 0.319293 0.586997 0.326585 0.582676 0.333337 0.591048 0.336038 0.604822 0.344140 0.591183 0.351346 0.590852 0.346206 0.583888 0.345708 0.581567 0.338744 0.565815 0.332278 0.557691 0.346869 0.542934 0.338413 0.550893 0.324154 0.562690 0.304709
0 0.486305 0.403923 0.484928 0.400250 0.495028 0.393364 0.500996 0.402775 0.492273 0.408284 0.498471 0.417466 0.484699 0.425270 0.475058 0.410350 0.486305 0.403923
0 0.494004 0.428259 0.505711 0.427800 0.506400 0.418159 0.516499 0.418159 0.516729 0.429636 0.511909 0.430324 0.510990 0.445015 0.491480 0.444556 0.494004 0.428259
0 0.516499 0.418159 0.505309 0.419754 0.501330 0.410469 0.504646 0.409640 0.502159 0.400023 0.508459 0.398863 0.518061 0.407343 0.515423 0.407816 0.516499 0.418159
0 0.501833 0.382510 0.479398 0.402018 0.456183 0.420942 0.444736 0.431592 0.425020 0.412686 0.434473 0.399722 0.441765 0.405664 0.477145 0.374605 0.481196 0.371364 0.487948 0.372714 0.492269 0.372444 0.501833 0.382510
0 0.475121 0.431412 0.478047 0.439410 0.472780 0.453456 0.454246 0.453066 0.440785 0.451506 0.426739 0.444287 0.391624 0.433558 0.392599 0.423998 0.387722 0.430631 0.370749 0.439020 0.353777 0.436289 0.356313 0.430631 0.368994 0.427705 0.379723 0.425169 0.370749 0.410147 0.344998 0.421072 0.338170 0.404490 0.360215 0.395126 0.376602 0.389663 0.387137 0.380884 0.411913 0.403514 0.417570 0.406831 0.418936 0.413074 0.425020 0.413663 0.444736 0.432568 0.459709 0.431412 0.461660 0.434338 0.463806 0.431217 0.475121 0.431412
0 0.446429 0.392035 0.433575 0.403512 0.415671 0.392264 0.421639 0.388821 0.406030 0.369999 0.420950 0.361276 0.431738 0.373442 0.428066 0.375967 0.446429 0.392035
0 0.405888 0.354760 0.411384 0.358424 0.410397 0.366738 0.396024 0.368570 0.392923 0.356592 0.405888 0.354760
0 0.329539 0.355309 0.356897 0.346190 0.372316 0.359289 0.372316 0.368905 0.360710 0.370232 0.360710 0.378356 0.339985 0.384491 0.329539 0.355309
0 0.318081 0.342053 0.324508 0.348021 0.323130 0.351694 0.326115 0.360187 0.316015 0.364318 0.307751 0.348021 0.318081 0.342053
0 0.442548 0.361135 0.452271 0.350872 0.463885 0.361945 0.471447 0.375179 0.457943 0.384092 0.450111 0.370318 0.442548 0.361135
0 0.522134 0.284447 0.538609 0.293630 0.533748 0.303083 0.527806 0.317127 0.521324 0.331981 0.519163 0.332521 0.515922 0.339813 0.518083 0.342244 0.517273 0.345215 0.523755 0.350346 0.530237 0.354127 0.517273 0.370332 0.512952 0.374653 0.508630 0.374383 0.504579 0.380595 0.486484 0.368171 0.486754 0.366551 0.481622 0.362770 0.476221 0.362230 0.468119 0.356288 0.473520 0.350076 0.477571 0.350076 0.461097 0.337653 0.461637 0.326039 0.472170 0.314966 0.485404 0.329280 0.494856 0.340894 0.502689 0.327930 0.495396 0.326039 0.499718 0.315506 0.506740 0.316316 0.509711 0.303083 0.522134 0.284447
0 0.383532 0.440764 0.392320 0.439657 0.402879 0.440346 0.401961 0.443559 0.408158 0.444707 0.414356 0.447461 0.414356 0.455725 0.416651 0.456873 0.420553 0.448839 0.435014 0.454577 0.430194 0.469497 0.439146 0.472481 0.440753 0.476843 0.436392 0.486254 0.417867 0.482902 0.410454 0.480951 0.405187 0.483683 0.402456 0.479391 0.402651 0.472758 0.379630 0.470222 0.370071 0.466905 0.364999 0.465930 0.366950 0.457151 0.371632 0.458126 0.372607 0.445056 0.383532 0.440764
0 0.348661 0.466832 0.358384 0.471424 0.351092 0.486008 0.342449 0.480876 0.341099 0.478446 0.338128 0.480066 0.329755 0.474935 0.336507 0.464672 0.344880 0.470073 0.348661 0.466832
0 0.267459 0.474542 0.278247 0.465819 0.288576 0.474771 0.278247 0.484642 0.267459 0.474542
0 0.391279 0.500667 0.399473 0.494619 0.408252 0.504178 0.406886 0.505934 0.410202 0.509056 0.397522 0.519785 0.389523 0.510226 0.395766 0.505154 0.391279 0.500667
0 0.446904 0.457764 0.470087 0.461666 0.469858 0.470159 0.468021 0.472914 0.464808 0.472684 0.464349 0.490588 0.460906 0.490588 0.459987 0.495638 0.467333 0.496556 0.465267 0.513313 0.449658 0.511706 0.447822 0.508951 0.445067 0.507115 0.445067 0.502295 0.440018 0.501147 0.441854 0.484620 0.445986 0.485309 0.447133 0.469930 0.444379 0.469700 0.446215 0.457075 0.446904 0.457764
0 0.279374 0.390765 0.286666 0.381852 0.295849 0.388334 0.289637 0.397787 0.279374 0.390765
0 0.188993 0.414671 0.194456 0.418572 0.202649 0.409989 0.216891 0.416036 0.230742 0.427742 0.231132 0.434179 0.210843 0.454273 0.201089 0.444909 0.195041 0.445494 0.175337 0.427937 0.188993 0.414671
0 0.199528 0.394772 0.207527 0.387554 0.226060 0.401600 0.218842 0.410574 0.199528 0.394772
0 0.232083 0.326746 0.220606 0.345797 0.215327 0.346945 0.202932 0.340977 0.204309 0.334779 0.214409 0.319400 0.228640 0.322155 0.232083 0.326746
0 0.231624 0.294191 0.240455 0.296797 0.238929 0.301064 0.249353 0.305371 0.245626 0.314580 0.251365 0.317091 0.244019 0.328352 0.239232 0.332092 0.232083 0.326746 0.228640 0.322155 0.214409 0.319400 0.223361 0.294380 0.208211 0.292085 0.206604 0.287035 0.194506 0.284402 0.197423 0.268672 0.211654 0.271656 0.211654 0.275329 0.233460 0.280378 0.231624 0.294191
0 0.270709 0.311875 0.300550 0.303153 0.309502 0.321745 0.274841 0.332075 0.270709 0.311875
0 0.235984 0.341409 0.241455 0.332289 0.254720 0.338258 0.249911 0.347212 0.235984 0.341409
0 0.286299 0.226517 0.291349 0.235239 0.288595 0.237535 0.295251 0.246028 0.299383 0.243732 0.304663 0.249700 0.304433 0.257505 0.305581 0.259341 0.316828 0.274032 0.305581 0.280459 0.304663 0.282754 0.294104 0.282984 0.286758 0.282295 0.279872 0.274491 0.267477 0.254750 0.266100 0.246716 0.266329 0.235469 0.271838 0.230189 0.275511 0.229271 0.286299 0.226517
0 0.259615 0.192798 0.260006 0.211916 0.247130 0.212111 0.247910 0.227523 0.236010 0.227133 0.235620 0.222256 0.227231 0.222256 0.227231 0.194944 0.232410 0.194944 0.232908 0.192622 0.259615 0.192798
0 0.267464 0.171162 0.283000 0.171400 0.284296 0.149453 0.304991 0.151196 0.303899 0.177541 0.298710 0.178333 0.298544 0.195079 0.294068 0.194914 0.293736 0.197235 0.265742 0.194902 0.267464 0.171162
0 0.163865 0.167669 0.164570 0.184028 0.152059 0.184047 0.151415 0.168092 0.163865 0.167669
0 0.274466 0.209277 0.286402 0.203997 0.293059 0.202850 0.296731 0.211343 0.279516 0.218229 0.274466 0.209277
0 0.216577 0.226254 0.214146 0.239218 0.197942 0.235977 0.200642 0.221933 0.216577 0.226254
0 0.640043 0.404841 0.652451 0.400175 0.657211 0.411279 0.645701 0.417132 0.640043 0.404841
0 0.526045 0.463378 0.534688 0.452035 0.528206 0.446633 0.540629 0.432589 0.565476 0.449874 0.554133 0.463918 0.546571 0.459327 0.536308 0.471750 0.526045 0.463378
0 0.524124 0.431688 0.522954 0.448271 0.509493 0.447685 0.511909 0.430324 0.524124 0.431688
0 0.518737 0.417160 0.529077 0.423208 0.524124 0.431688 0.516729 0.429636 0.516499 0.418159 0.518737 0.417160
4 0.545509 0.123465 0.561984 0.126976 0.561984 0.135619 0.540108 0.134539 0.540378 0.124276 0.545509 0.123465
4 0.999008 0.099080 0.984079 0.098014 0.989736 0.067191 0.999008 0.070010 0.999008 0.099080
0 0.907483 0.082496 0.903432 0.107073 0.876154 0.102752 0.880205 0.078985 0.898242 0.079595 0.907483 0.082496
0 0.572563 0.596251 0.570807 0.592350 0.587779 0.576353 0.580561 0.569915 0.588755 0.560551 0.596558 0.568354 0.600850 0.561721 0.612750 0.574012 0.607678 0.577718 0.606703 0.585327 0.612750 0.589033 0.612360 0.592545 0.609239 0.591374 0.597339 0.606786 0.601240 0.611468 0.604167 0.614199 0.599875 0.619857 0.593242 0.612834 0.583682 0.607371 0.572563 0.596251
0 0.553702 0.527555 0.560129 0.533064 0.554451 0.537869 0.536896 0.521840 0.543193 0.516879 0.553702 0.527555
