0 0.000006 0.310177 0.013533 0.307482 0.028418 0.304241 0.082318 0.290121 0.090949 0.297422 0.090315 0.309102 0.000006 0.329712 0.000006 0.310177
0 0.000006 0.186234 0.016985 0.178474 0.025968 0.199708 0.000006 0.211974 0.000006 0.186234
0 0.228336 0.357052 0.262582 0.342341 0.273675 0.352952 0.269334 0.359222 0.240877 0.372968 0.229060 0.357775 0.228336 0.357052
0 0.337101 0.352470 0.363871 0.340170 0.380270 0.353675 0.385093 0.368145 0.349642 0.379962 0.338066 0.352470 0.337101 0.352470
0 0.408486 0.323048 0.435979 0.316295 0.444661 0.328594 0.445625 0.349093 0.412827 0.351023 0.408727 0.323530 0.408486 0.323048
0 0.449484 0.303272 0.449243 0.302066 0.460577 0.296519 0.460818 0.290490 0.474083 0.290490 0.471671 0.297966 0.473118 0.304719 0.469500 0.321118 0.470947 0.344993 0.452860 0.345958 0.449484 0.303272
0 0.422473 0.373692 0.437426 0.369351 0.443937 0.372004 0.441525 0.377309 0.427056 0.379480 0.423679 0.373933 0.422473 0.373692
0 0.658157 0.285192 0.658913 0.295584 0.647575 0.299175 0.648709 0.306355 0.646064 0.307489 0.642662 0.308622 0.642095 0.304276 0.639639 0.302198 0.636049 0.302576 0.634316 0.294609 0.658906 0.282207 0.658157 0.285192
0 0.657590 0.264028 0.658877 0.281670 0.646841 0.285758 0.648709 0.268185 0.649843 0.263650 0.657590 0.264028
0 0.724971 0.303339 0.751072 0.330831 0.731583 0.347188 0.705251 0.318187 0.698754 0.321435 0.676714 0.293246 0.663257 0.297770 0.660473 0.286750 0.666389 0.262505 0.667085 0.259953 0.700842 0.271553 0.708151 0.273641 0.711979 0.280138 0.727639 0.299742 0.724971 0.301946 0.724507 0.302759 0.726131 0.304267 0.724971 0.303339
0 0.726136 0.292386 0.741262 0.271421 0.764504 0.275579 0.766394 0.278602 0.805886 0.296175 0.805508 0.299387 0.834419 0.315638 0.784912 0.359854 0.726759 0.293052 0.727468 0.293341 0.727163 0.291262 0.726931 0.292422 0.726136 0.292386
0 0.643030 0.242124 0.644534 0.240119 0.650550 0.219061 0.662583 0.214048 0.661079 0.218560 0.711215 0.241623 0.714724 0.234604 0.730267 0.247138 0.724250 0.262680 0.712218 0.268696 0.643030 0.242124
0 0.605929 0.226582 0.604926 0.224576 0.587880 0.189982 0.599912 0.186473 0.606931 0.192990 0.621972 0.177448 0.642027 0.199007 0.605929 0.226582
0 0.727822 0.241214 0.697574 0.180325 0.707002 0.178361 0.759248 0.196039 0.729393 0.241607 0.727822 0.241214
0 0.794076 0.280068 0.817710 0.239070 0.821328 0.236900 0.834110 0.241000 0.844480 0.252817 0.831698 0.265357 0.828804 0.275727 0.852679 0.289233 0.842309 0.313108 0.793594 0.279827 0.794076 0.280068
0 0.762433 0.000006 0.766742 0.026616 0.768896 0.074324 0.763356 0.074632 0.766126 0.082942 0.766434 0.089406 0.741503 0.099871 0.732577 0.054010 0.733808 0.056780 0.730422 0.000006 0.762433 0.000006
0 0.725497 0.024770 0.725497 0.027232 0.727344 0.024770 0.729806 0.026001 0.738117 0.099563 0.699027 0.098948 0.702105 0.076171 0.725497 0.024770
0 0.706420 0.020138 0.705932 0.019918 0.712150 0.020807 0.714963 0.025396 0.715019 0.030070 0.673804 0.031318 0.670991 0.030134 0.668254 0.021061 0.706420 0.020138
0 0.884174 0.140686 0.884064 0.141127 0.886820 0.123269 0.913827 0.125033 0.913716 0.152591 0.889686 0.151819 0.883623 0.150276 0.884174 0.140686
0 0.431668 0.249565 0.432546 0.248980 0.433716 0.228799 0.471446 0.227629 0.474370 0.233771 0.475833 0.239036 0.473493 0.241083 0.474663 0.246640 0.467936 0.246932 0.461794 0.251320 0.431668 0.249565
0 0.356501 0.259509 0.381362 0.251027 0.403298 0.272378 0.369955 0.284663 0.353868 0.261264 0.355916 0.258924 0.356501 0.259509
0 0.389551 0.242253 0.410025 0.226751 0.417044 0.238158 0.409732 0.243423 0.409440 0.252197 0.413827 0.255707 0.415289 0.253952 0.430206 0.244885 0.434593 0.254245 0.437225 0.257169 0.416459 0.266236 0.411487 0.263019 0.400373 0.266821 0.382239 0.245470 0.389551 0.240790 0.389551 0.242253
0 0.576123 0.222828 0.575704 0.222851 0.560778 0.220155 0.562607 0.212558 0.582444 0.214528 0.592714 0.228597 0.598342 0.231551 0.603125 0.235068 0.600030 0.242806 0.595247 0.239992 0.583570 0.239008 0.576123 0.222828
0 0.688556 0.034209 0.711900 0.034685 0.706660 0.044214 0.685221 0.042308 0.688556 0.030874 0.688556 0.034209
0 0.691491 0.044720 0.700719 0.042270 0.710989 0.047898 0.702267 0.070408 0.684783 0.071898 0.681726 0.052540 0.692137 0.043818 0.691491 0.044720
0 0.707330 0.103076 0.732768 0.102389 0.734830 0.157847 0.705955 0.158993 0.709622 0.103993 0.712372 0.104680 0.707330 0.103076
0 0.807476 0.124159 0.836809 0.125076 0.840934 0.138138 0.838872 0.144555 0.805413 0.138368 0.807018 0.124618 0.807476 0.124159
0 0.848880 0.175526 0.847505 0.158110 0.875005 0.158339 0.878443 0.163610 0.885776 0.170026 0.879359 0.178964 0.870651 0.177360 0.866984 0.185839 0.849338 0.175756 0.848880 0.175526
0 0.817026 0.172089 0.817943 0.171860 0.817713 0.156277 0.828713 0.157881 0.844526 0.176672 0.838338 0.183318 0.824359 0.178276 0.817026 0.172089
0 0.854151 0.214943 0.864234 0.216776 0.877068 0.218839 0.875005 0.232131 0.868359 0.236256 0.851859 0.233276 0.851281 0.239886 0.840166 0.240308 0.833695 0.237494 0.832288 0.233274 0.837493 0.226521 0.839322 0.217094 0.852406 0.213859 0.854151 0.214943
0 0.819485 0.233977 0.819204 0.233414 0.815686 0.240167 0.775731 0.232711 0.785720 0.200634 0.825113 0.212733 0.825675 0.217798 0.819485 0.233977
0 0.742972 0.225001 0.800883 0.262731 0.793594 0.279827 0.732443 0.241965 0.743850 0.226171 0.742972 0.225001
0 0.684783 0.071898 0.697599 0.070974 0.695085 0.106347 0.695085 0.129510 0.690596 0.150698 0.668331 0.156623 0.662585 0.138667 0.671025 0.137051 0.669229 0.129151 0.673179 0.112272 0.665638 0.111375 0.662944 0.108502 0.668511 0.093778 0.666536 0.079413 0.678386 0.077977 0.684783 0.071898
0 0.839425 0.084916 0.856681 0.077896 0.863408 0.104219 0.856974 0.121768 0.865163 0.125278 0.868088 0.144874 0.843520 0.147507 0.843227 0.144289 0.840302 0.112409 0.832405 0.088718 0.841180 0.084916 0.839425 0.084916
0 0.692039 0.167079 0.690596 0.150698 0.740683 0.170727 0.730954 0.184712 0.695687 0.170727 0.692039 0.167079
0 0.746763 0.142757 0.807568 0.147622 0.808784 0.202346 0.730954 0.184712 0.738251 0.142757 0.755884 0.145797 0.746763 0.142757
0 0.891905 0.417675 0.893818 0.424219 0.873222 0.439946 0.862695 0.429336 0.883593 0.410711 0.891905 0.417675
0 0.964769 0.370043 0.911709 0.410557 0.896492 0.397846 0.883193 0.409978 0.883408 0.410215 0.862344 0.428994 0.791328 0.357466 0.841634 0.319736 0.834419 0.315638 0.964769 0.370043
0 0.911309 0.410869 0.894229 0.423906 0.892332 0.417396 0.883711 0.410166 0.896506 0.398494 0.911309 0.410869
0 0.961844 0.382912 0.998697 0.398998 0.997819 0.451937 0.876732 0.451937 0.961551 0.382034 0.961844 0.382912
0 0.927039 0.116754 0.970618 0.094233 0.994309 0.112660 0.944588 0.154777 0.926454 0.117632 0.927039 0.116754
0 0.000006 0.248793 0.039699 0.242622 0.055394 0.290720 0.000006 0.302766 0.000006 0.248793
0 0.082318 0.290121 0.079438 0.274182 0.137829 0.260253 0.152712 0.308720 0.093368 0.322268 0.090315 0.309102 0.093077 0.307003 0.088788 0.292310 0.082318 0.290121
0 0.062805 0.320687 0.065198 0.326368 0.079252 0.366138 0.021241 0.382584 0.005692 0.333246 0.062805 0.320687
0 0.058996 0.461470 0.056832 0.452272 0.028209 0.457997 0.023248 0.440823 0.068853 0.431282 0.066754 0.426703 0.092705 0.420978 0.094995 0.422505 0.108925 0.419833 0.115031 0.436816 0.079348 0.446166 0.083546 0.456470 0.061580 0.461447 0.058996 0.461470
0 0.442602 0.458020 0.436810 0.448175 0.538365 0.411282 0.547092 0.442225 0.510596 0.453729 0.513337 0.457383 0.442602 0.458020
0 0.514548 0.268016 0.539389 0.266555 0.543529 0.296023 0.517714 0.300163 0.514548 0.268016
0 0.539389 0.266555 0.559846 0.262902 0.572023 0.280680 0.545721 0.284577 0.544747 0.277514 0.539389 0.266555
0 0.563256 0.222231 0.574215 0.238548 0.560090 0.245854 0.551809 0.228076 0.563256 0.222231
0 0.036996 0.054093 0.045392 0.053521 0.066764 0.072221 0.045392 0.095119 0.018105 0.072412 0.036996 0.054093
0 0.088899 0.073557 0.091761 0.072030 0.102637 0.060581 0.112751 0.073366 0.101493 0.086342 0.088899 0.073557
0 0.117318 0.077141 0.136589 0.060978 0.157725 0.081492 0.140941 0.097033 0.117318 0.077141
0 0.282006 0.296478 0.305330 0.292590 0.309367 0.306943 0.283502 0.314269 0.282006 0.296478
0 0.663507 0.426747 0.691297 0.407969 0.693550 0.411349 0.707445 0.398956 0.737864 0.418485 0.720965 0.436886 0.710825 0.429751 0.702188 0.433882 0.704817 0.437637 0.680406 0.454161 0.663507 0.426747
0 0.776471 0.455010 0.774292 0.450030 0.784432 0.448904 0.754764 0.429000 0.764904 0.417358 0.770912 0.417733 0.784432 0.425995 0.809218 0.441017 0.809594 0.444773 0.817104 0.446650 0.830249 0.447401 0.841139 0.453035 0.840674 0.454431 0.776471 0.455010
0 0.699614 0.360822 0.718979 0.342378 0.736731 0.356902 0.719440 0.376038 0.699614 0.360822
0 0.846471 0.416844 0.829871 0.433674 0.813193 0.416084 0.827988 0.399922 0.846471 0.416844
0 0.812811 0.384568 0.827335 0.399323 0.827627 0.399590 0.812021 0.416650 0.804973 0.421685 0.798287 0.415461 0.793215 0.419841 0.786990 0.415000 0.780996 0.417075 0.757250 0.401398 0.739728 0.388256 0.777077 0.356211 0.812811 0.384568
0 0.894713 0.187597 0.922642 0.188927 0.917766 0.216855 0.887620 0.209319 0.894713 0.187597
4 0.999006 0.248834 0.993381 0.251027 0.979530 0.228519 0.999006 0.214818 0.999006 0.248834
0 0.962793 0.215246 0.969142 0.199086 0.948366 0.192450 0.952983 0.185524 0.950674 0.178887 0.987609 0.189853 0.980395 0.218131 0.969142 0.213226 0.962793 0.215246
0 0.999006 0.363495 0.988187 0.362121 0.986744 0.359236 0.975490 0.361833 0.969719 0.350868 0.979530 0.345674 0.977510 0.342211 0.982993 0.340480 0.957311 0.296907 0.989052 0.273246 0.999006 0.291390 0.999006 0.363495
0 0.929898 0.344519 0.951540 0.317684 0.962216 0.325475 0.961351 0.336151 0.968565 0.340768 0.950963 0.360102 0.929898 0.344519
0 0.965102 0.329226 0.970873 0.328072 0.974047 0.337594 0.965968 0.337883 0.965102 0.329226
0 0.928744 0.317106 0.923261 0.294022 0.940286 0.289405 0.949231 0.308161 0.928744 0.317106
0 0.962216 0.278728 0.947211 0.247853 0.956445 0.242081 0.977510 0.244101 0.988475 0.259683 0.962216 0.278728
0 0.904505 0.248141 0.878823 0.247564 0.882286 0.232848 0.886326 0.223614 0.906525 0.228231 0.922107 0.230251 0.921241 0.247564 0.904505 0.248141
0 0.877380 0.264878 0.902773 0.260838 0.905659 0.276420 0.881420 0.279594 0.877380 0.264878
0 0.902773 0.260838 0.920087 0.260838 0.921530 0.269494 0.904505 0.269783 0.902773 0.260838
0 0.890077 0.301524 0.886326 0.278440 0.905659 0.276420 0.909987 0.299793 0.890077 0.301524
0 0.858047 0.322589 0.862953 0.299216 0.890077 0.301524 0.894117 0.321435 0.858047 0.322589
0 0.887480 0.329514 0.894117 0.321435 0.892963 0.313355 0.903351 0.311912 0.903928 0.316818 0.908833 0.316241 0.907102 0.308161 0.921241 0.307873 0.923550 0.318838 0.935669 0.322300 0.934803 0.334708 0.929609 0.341345 0.887480 0.329514
0 0.758079 0.125896 0.764752 0.108185 0.784516 0.116399 0.777585 0.133596 0.758079 0.125896
0 0.999006 0.112098 0.994309 0.112660 0.970618 0.094233 0.978416 0.084170 0.992616 0.090875 0.999006 0.077197 0.999006 0.112098
0 0.971514 0.082986 0.975655 0.066420 0.985911 0.069970 0.980980 0.083578 0.971514 0.082986
0 0.944857 0.167558 0.949676 0.152138 0.965739 0.143785 0.972164 0.155993 0.960920 0.158563 0.958992 0.169486 0.944857 0.167558
0 0.832224 0.202676 0.835267 0.188764 0.848744 0.192677 0.845701 0.205284 0.832224 0.202676
0 0.815269 0.191807 0.821355 0.185286 0.827007 0.182678 0.835267 0.188764 0.832224 0.202676 0.815269 0.191807
0 0.808313 0.172679 0.807443 0.163549 0.807443 0.153115 0.817713 0.156277 0.818312 0.164418 0.817026 0.172089 0.808313 0.172679
0 0.683426 0.204831 0.682960 0.198080 0.676675 0.189000 0.695299 0.182482 0.700654 0.198080 0.683426 0.204831
0 0.671320 0.205064 0.669458 0.201339 0.663637 0.193656 0.676675 0.189000 0.682029 0.201339 0.671320 0.205064
0 0.662583 0.214048 0.654791 0.208090 0.645479 0.203201 0.663637 0.193656 0.669458 0.201339 0.672717 0.207625 0.662583 0.214048
0 0.661077 0.189466 0.649902 0.175265 0.668294 0.165021 0.679468 0.181085 0.661077 0.189466
