0 0.072189 0.111687 0.089750 0.104663 0.086876 0.086783 0.101084 0.088858 0.102042 0.099554 0.116889 0.096521 0.120880 0.116955 0.081289 0.131802 0.072189 0.111687
0 0.116889 0.096521 0.165420 0.110889 0.163664 0.101949 0.176275 0.099714 0.176594 0.112805 0.168134 0.133398 0.120880 0.116955 0.116889 0.096521
3 0.173506 0.060394 0.141360 0.061895 0.141235 0.047510 0.150991 0.047760 0.150616 0.042757 0.158997 0.042882 0.158872 0.038754 0.173131 0.038629 0.173506 0.060394
4 0.078061 0.000002 0.077263 0.013140 0.072474 0.013140 0.072314 0.023516 0.067525 0.023357 0.067365 0.028146 0.045335 0.027188 0.045495 0.022558 0.039748 0.022399 0.040705 0.000001 0.078061 0.000002
0 0.000008 0.144424 0.010765 0.155598 0.013625 0.152477 0.032868 0.173540 0.030528 0.176141 0.034948 0.182902 0.009022 0.200767 0.000008 0.189987 0.000008 0.144424
0 0.009386 0.232159 0.026029 0.222278 0.019528 0.212396 0.030969 0.205895 0.025508 0.197314 0.053073 0.182232 0.065294 0.199134 0.073299 0.214399 0.017187 0.243341 0.009386 0.232159
0 0.066271 0.199134 0.089674 0.187173 0.097216 0.202775 0.074276 0.214399 0.066271 0.199134
0 0.117615 0.242036 0.088683 0.246518 0.087461 0.234905 0.086172 0.235078 0.084209 0.221348 0.113744 0.216160 0.117615 0.242036
0 0.085693 0.235146 0.055065 0.239387 0.053435 0.226755 0.083730 0.221436 0.085693 0.235146
0 0.054046 0.245703 0.067901 0.241425 0.071161 0.252834 0.058121 0.256909 0.054046 0.245703
3 0.048953 0.272598 0.074217 0.267300 0.076662 0.283193 0.051398 0.288694 0.048953 0.272598
0 0.262334 0.169860 0.269198 0.135378 0.301127 0.141604 0.293943 0.176246 0.262334 0.169860
0 0.417397 0.605797 0.426153 0.614678 0.417522 0.621682 0.424277 0.623934 0.424027 0.635191 0.391005 0.624809 0.417397 0.605797
0 0.459496 0.627612 0.464865 0.609176 0.519877 0.623642 0.519266 0.626699 0.550040 0.634166 0.547166 0.648055 0.516675 0.639913 0.514440 0.647895 0.486662 0.639913 0.482991 0.654600 0.467186 0.649811 0.471177 0.636880 0.467665 0.636082 0.469740 0.630495 0.459496 0.627612
2 0.439541 0.686248 0.444852 0.673636 0.477708 0.684920 0.473062 0.697532 0.439541 0.686248
0 0.553454 0.705120 0.560789 0.685967 0.569957 0.689635 0.562622 0.709398 0.553454 0.705120
0 0.560789 0.685967 0.576885 0.637272 0.620487 0.650515 0.610591 0.680983 0.592067 0.675614 0.598278 0.658869 0.590739 0.656424 0.586053 0.670483 0.581978 0.668649 0.575255 0.691061 0.569957 0.689635 0.560789 0.685967
0 0.505510 0.604595 0.526750 0.576717 0.537039 0.585346 0.527414 0.597294 0.531397 0.601276 0.520444 0.615879 0.505510 0.604595
1 0.550314 0.618534 0.559938 0.601276 0.574209 0.609241 0.565580 0.625880 0.550314 0.618534
0 0.605506 0.946922 0.614347 0.932100 0.620848 0.936001 0.626049 0.928200 0.619028 0.923779 0.634630 0.900115 0.659334 0.914157 0.661674 0.909737 0.688458 0.922479 0.674676 0.947182 0.647632 0.932360 0.641651 0.943022 0.668175 0.957324 0.653613 0.981507 0.614347 0.959144 0.617988 0.952903 0.605506 0.946922
0 0.684936 0.999007 0.726339 0.966769 0.735963 0.978717 0.710943 0.999006 0.684936 0.999007
0 0.742465 0.942771 0.755207 0.933409 0.785111 0.969555 0.771589 0.979956 0.742465 0.942771
0 0.754907 0.930913 0.763528 0.924847 0.771829 0.936501 0.763847 0.942248 0.754907 0.930913
0 0.736655 0.895626 0.767188 0.885006 0.776149 0.905915 0.745616 0.918526 0.736655 0.895626
0 0.643936 0.895363 0.650252 0.885787 0.659828 0.891288 0.668997 0.896585 0.681018 0.895363 0.681426 0.904328 0.666348 0.905143 0.654327 0.904328 0.643936 0.895363
0 0.650252 0.885787 0.659014 0.869283 0.669812 0.875192 0.659828 0.891288 0.650252 0.885787
3 0.667428 0.882413 0.673654 0.872994 0.681636 0.877943 0.687064 0.869322 0.699197 0.876346 0.688341 0.894865 0.667428 0.882413
0 0.745067 0.851160 0.758107 0.848919 0.758922 0.853197 0.769313 0.852179 0.769313 0.847085 0.795393 0.844029 0.798041 0.863996 0.777870 0.866441 0.778482 0.870516 0.757903 0.873368 0.757496 0.867256 0.748362 0.869090 0.745067 0.851160
3 0.814813 0.868517 0.844347 0.865164 0.845305 0.877297 0.815292 0.880171 0.814813 0.868517
3 0.818964 0.882246 0.845145 0.879053 0.845624 0.889749 0.819922 0.892303 0.818964 0.882246
3 0.815664 0.829397 0.844878 0.823171 0.855893 0.817584 0.872017 0.840253 0.861002 0.846319 0.863716 0.851906 0.850944 0.856536 0.839291 0.838496 0.817100 0.842966 0.815664 0.829397
3 0.865049 0.861595 0.881171 0.862895 0.897034 0.870957 0.890533 0.883438 0.877126 0.877938 0.862188 0.875377 0.865049 0.861595
3 0.855839 0.890473 0.862188 0.875377 0.877126 0.877938 0.875200 0.887896 0.869571 0.898653 0.855839 0.890473
3 0.872573 0.900904 0.874074 0.892649 0.893712 0.892149 0.893962 0.900654 0.872573 0.900904
