4 0.000009 0.413209 0.003887 0.413209 0.004183 0.422092 0.000009 0.422092 0.000009 0.413209
0 0.027918 0.438458 0.038977 0.430957 0.046555 0.440546 0.034569 0.447815 0.027918 0.438458
3 0.012091 0.572947 0.020520 0.580912 0.011704 0.589883 0.002811 0.581376 0.011336 0.572298 0.012091 0.572947
3 0.061909 0.581276 0.063820 0.578119 0.067850 0.576042 0.073334 0.575502 0.076740 0.576416 0.080808 0.580889 0.082017 0.584257 0.082190 0.587194 0.081931 0.589353 0.080549 0.592031 0.077526 0.594967 0.072517 0.596522 0.068025 0.596695 0.065607 0.595745 0.062325 0.593326 0.060079 0.588749 0.059993 0.584344 0.060684 0.582616 0.061909 0.581276
0 0.333618 0.499658 0.346205 0.496003 0.349115 0.502703 0.336324 0.506425 0.333618 0.499658
0 0.327271 0.486908 0.351412 0.479302 0.355491 0.487790 0.331350 0.496057 0.327271 0.486908
1 0.366135 0.546217 0.388402 0.545004 0.388292 0.562200 0.366245 0.562200 0.366135 0.546217
3 0.380456 0.536547 0.391488 0.526888 0.386824 0.521597 0.395100 0.514920 0.406485 0.527625 0.387970 0.544147 0.380456 0.536547
0 0.369297 0.535341 0.374037 0.523215 0.381864 0.527294 0.377124 0.538207 0.369297 0.535341
0 0.342391 0.515202 0.346891 0.513646 0.353855 0.512115 0.353524 0.510572 0.360799 0.509910 0.363004 0.522257 0.368405 0.524902 0.364768 0.536807 0.346028 0.533170 0.342391 0.515202
3 0.339403 0.523527 0.338539 0.532941 0.327743 0.532250 0.328866 0.523095 0.339403 0.523527
