0 0.999008 0.076145 0.986502 0.080578 0.975786 0.064992 0.984240 0.060304 0.999008 0.052144 0.999008 0.076145
0 0.978593 0.009964 0.985287 0.019188 0.964505 0.033541 0.984240 0.060304 0.975786 0.064992 0.947311 0.029803 0.978593 0.009964
1 0.869572 0.000004 0.872096 0.034693 0.849072 0.035739 0.846778 0.000004 0.869572 0.000004
0 0.892792 0.074969 0.906722 0.061802 0.931528 0.091761 0.925231 0.098058 0.932100 0.106454 0.922178 0.114277 0.892792 0.074969
0 0.808474 0.113972 0.796886 0.120157 0.790574 0.123978 0.773337 0.089735 0.791658 0.082330 0.808474 0.113972
0 0.790574 0.123978 0.796886 0.120157 0.801617 0.127424 0.795019 0.131302 0.790574 0.123978
2 0.820593 0.162573 0.810826 0.169021 0.805327 0.160665 0.814296 0.152651 0.820593 0.162573
2 0.810826 0.169021 0.820593 0.162573 0.828446 0.157892 0.848498 0.186185 0.833078 0.198344 0.810826 0.169021
0 0.859217 0.104024 0.866480 0.099807 0.876459 0.094096 0.897640 0.131496 0.879827 0.140996 0.859217 0.104024
1 0.859217 0.104024 0.854414 0.095121 0.862145 0.091255 0.866480 0.099807 0.859217 0.104024
4 0.999008 0.139337 0.994622 0.139654 0.993428 0.123316 0.999008 0.122712 0.999008 0.139337
1 0.910390 0.162062 0.919110 0.162612 0.918743 0.171424 0.909931 0.170690 0.910390 0.162062
0 0.957401 0.246284 0.984264 0.263845 0.975009 0.278020 0.948183 0.260448 0.957401 0.246284
0 0.757942 0.309931 0.770895 0.294522 0.792216 0.312211 0.779371 0.326498 0.757942 0.309931
0 0.786401 0.331706 0.794836 0.311206 0.837125 0.325029 0.828925 0.346584 0.786401 0.331706
0 0.746335 0.293161 0.757249 0.282246 0.764277 0.288526 0.754857 0.300038 0.746335 0.293161
0 0.746335 0.293161 0.754857 0.300038 0.747681 0.308710 0.739308 0.301384 0.746335 0.293161
0 0.245961 0.477985 0.268770 0.489252 0.262796 0.501435 0.246395 0.493235 0.247684 0.490189 0.241241 0.487377 0.245961 0.477985
4 0.672614 0.224291 0.681804 0.231437 0.678589 0.236240 0.685266 0.240340 0.679643 0.247954 0.670037 0.240809 0.673772 0.235906 0.667577 0.231554 0.672614 0.224291
4 0.648839 0.223048 0.657390 0.227148 0.652672 0.236221 0.644529 0.231248 0.648839 0.223048
4 0.615299 0.255251 0.611890 0.259905 0.605861 0.254833 0.609736 0.250635 0.615299 0.255251
4 0.619159 0.249987 0.615586 0.254863 0.610068 0.250273 0.613806 0.246212 0.619159 0.249987
0 0.925548 0.155155 0.971299 0.159491 0.969654 0.177731 0.923754 0.172946 0.925548 0.155155
