0 0.015667 0.343944 0.026320 0.320677 0.047501 0.329645 0.036170 0.354545 0.015667 0.343944
0 0.030124 0.320219 0.030855 0.311452 0.043519 0.312669 0.048633 0.313887 0.048146 0.323141 0.030124 0.320219
0 0.030855 0.311452 0.030368 0.301467 0.044006 0.301223 0.043519 0.312669 0.030855 0.311452
0 0.051799 0.339215 0.069577 0.337023 0.071526 0.349931 0.054965 0.352122 0.051799 0.339215
0 0.071526 0.339235 0.093931 0.337287 0.094662 0.356770 0.083757 0.358144 0.073230 0.358961 0.071526 0.339235
0 0.047710 0.350347 0.067112 0.359805 0.046813 0.404470 0.025582 0.394154 0.047710 0.350347
0 0.067836 0.367208 0.086226 0.374385 0.081292 0.390831 0.077853 0.389635 0.062902 0.384103 0.067836 0.367208
0 0.062902 0.384103 0.077853 0.389635 0.076508 0.405932 0.064995 0.408772 0.064995 0.405034 0.065593 0.398905 0.062603 0.396363 0.062902 0.384103
0 0.073230 0.358961 0.083757 0.358144 0.080322 0.369211 0.070591 0.366731 0.073230 0.358961
0 0.111141 0.367134 0.117570 0.352182 0.140594 0.361153 0.129680 0.384626 0.117271 0.378795 0.121009 0.371021 0.111141 0.367134
0 0.102147 0.358098 0.109673 0.357914 0.109214 0.366175 0.102238 0.366175 0.102147 0.358098
0 0.108615 0.390963 0.114672 0.380775 0.130827 0.388852 0.127523 0.395185 0.135508 0.399224 0.132846 0.405374 0.108615 0.390963
0 0.107255 0.393021 0.117260 0.397885 0.111386 0.407890 0.113130 0.408716 0.112212 0.413122 0.099454 0.411378 0.101198 0.406605 0.098811 0.405595 0.107255 0.393021
0 0.111386 0.407890 0.117260 0.397885 0.129284 0.406605 0.122584 0.414223 0.113130 0.408716 0.111386 0.407890
0 0.135652 0.411954 0.147250 0.395437 0.157675 0.401060 0.153341 0.407620 0.156270 0.409611 0.148655 0.419686 0.135652 0.411954
0 0.154864 0.413828 0.164118 0.398482 0.173959 0.403871 0.164470 0.420037 0.154864 0.413828
0 0.018135 0.409326 0.024032 0.401703 0.032519 0.407312 0.027988 0.415798 0.018135 0.409326
0 0.030217 0.415511 0.033669 0.407384 0.041868 0.410333 0.038991 0.419538 0.030217 0.415511
0 0.026366 0.422289 0.037564 0.419628 0.047569 0.452304 0.028386 0.459188 0.023704 0.441656 0.031506 0.439821 0.026366 0.422289
0 0.050375 0.427223 0.067579 0.421890 0.080137 0.462258 0.065635 0.469136 0.059206 0.451045 0.051132 0.453437 0.046946 0.442822 0.054123 0.440280 0.050375 0.427223
0 0.084417 0.428631 0.090398 0.413082 0.105349 0.421305 0.099219 0.435060 0.084417 0.428631
0 0.099219 0.435060 0.105349 0.421305 0.115910 0.425037 0.116207 0.430458 0.125832 0.435042 0.116873 0.451909 0.097019 0.442783 0.099219 0.435060
0 0.093272 0.453382 0.108728 0.447466 0.116170 0.455862 0.099950 0.464258 0.093272 0.453382
0 0.102622 0.465022 0.120559 0.453382 0.124947 0.459106 0.133534 0.458725 0.134297 0.470937 0.123421 0.467121 0.113308 0.479142 0.102622 0.465022
0 0.126661 0.486368 0.139668 0.467380 0.149237 0.475603 0.153274 0.484274 0.151480 0.486667 0.142958 0.499225 0.126661 0.486368
0 0.145798 0.496983 0.152078 0.500422 0.157311 0.491152 0.163291 0.494740 0.154619 0.509392 0.141612 0.502963 0.145798 0.496983
0 0.153274 0.484274 0.154021 0.469323 0.157759 0.468875 0.158058 0.464988 0.154619 0.462745 0.164936 0.453625 0.171066 0.465586 0.161497 0.477397 0.159703 0.487564 0.151480 0.486667 0.153274 0.484274
0 0.059326 0.519563 0.072483 0.507602 0.082500 0.517919 0.069642 0.529880 0.059326 0.519563
0 0.046992 0.534770 0.059761 0.522002 0.068079 0.530202 0.055427 0.543088 0.046992 0.534770
0 0.104180 0.500826 0.113898 0.490360 0.124065 0.499779 0.115693 0.509497 0.104180 0.500826
3 0.121760 0.530145 0.134814 0.508387 0.161545 0.525172 0.156572 0.538537 0.152842 0.537605 0.149734 0.545064 0.121760 0.530145
0 0.164964 0.527348 0.177086 0.535118 0.171181 0.550348 0.156883 0.546619 0.164964 0.527348
0 0.000007 0.588426 0.004780 0.587987 0.007943 0.615985 0.000007 0.616833 0.000007 0.588426
0 0.006440 0.588534 0.018954 0.587312 0.020035 0.598050 0.021778 0.610166 0.022262 0.613489 0.009748 0.615287 0.006440 0.588534
0 0.020035 0.598050 0.031691 0.592818 0.046836 0.614480 0.029580 0.621364 0.021778 0.610166 0.020035 0.598050
0 0.000007 0.630886 0.009904 0.628297 0.015370 0.639516 0.000007 0.643594 0.000007 0.630886
0 0.013708 0.627195 0.026360 0.624617 0.028234 0.637152 0.016637 0.638675 0.013708 0.627195
0 0.172184 0.677967 0.178648 0.677787 0.178468 0.682815 0.187985 0.682096 0.188164 0.693049 0.172004 0.694127 0.172184 0.677967
0 0.197576 0.581444 0.228076 0.581295 0.228226 0.608505 0.198025 0.607907 0.197576 0.581444
0 0.252473 0.589492 0.262019 0.587106 0.262661 0.589951 0.265598 0.599222 0.255961 0.601424 0.252473 0.589492
0 0.265598 0.599222 0.262661 0.589951 0.270647 0.587106 0.273767 0.596927 0.265598 0.599222
0 0.204964 0.523490 0.231509 0.521055 0.239302 0.546139 0.220550 0.551010 0.218115 0.544191 0.211783 0.544678 0.204964 0.523490
0 0.224724 0.551823 0.241007 0.547606 0.243233 0.556978 0.226013 0.560726 0.224724 0.551823
0 0.238758 0.512339 0.284543 0.487986 0.296963 0.511852 0.287952 0.517941 0.280159 0.502842 0.269200 0.509174 0.273827 0.519159 0.265791 0.521837 0.268957 0.531335 0.249717 0.539129 0.238758 0.512339
0 0.232426 0.493587 0.234374 0.480680 0.258241 0.483359 0.257023 0.495779 0.232426 0.493587
0 0.196605 0.494442 0.199650 0.475231 0.219331 0.477222 0.218042 0.483665 0.222142 0.484485 0.221674 0.499480 0.213005 0.498894 0.213473 0.495848 0.196605 0.494442
0 0.177357 0.431241 0.181365 0.423990 0.183464 0.424753 0.186135 0.417120 0.195294 0.420746 0.193195 0.428569 0.201591 0.433149 0.194340 0.448987 0.194340 0.453185 0.200256 0.458146 0.197012 0.467496 0.174686 0.456620 0.177548 0.448796 0.174114 0.447270 0.175449 0.444026 0.172205 0.442499 0.177357 0.431241
0 0.197012 0.454521 0.202355 0.441354 0.215712 0.448415 0.210941 0.460627 0.197012 0.454521
0 0.207125 0.460627 0.231931 0.458337 0.232695 0.475129 0.206553 0.471885 0.207125 0.460627
0 0.205075 0.463996 0.206032 0.468560 0.204511 0.468842 0.204680 0.470983 0.200510 0.471039 0.200510 0.469011 0.198538 0.469011 0.198707 0.463770 0.205075 0.463996
0 0.218693 0.441458 0.225839 0.441224 0.231930 0.440989 0.232282 0.456452 0.218576 0.456570 0.218107 0.448252 0.221739 0.448487 0.222090 0.446612 0.218576 0.446495 0.218693 0.441458
0 0.216233 0.437475 0.221856 0.425877 0.223701 0.426742 0.236733 0.431383 0.231930 0.440989 0.225839 0.441224 0.216233 0.437475
0 0.223701 0.426742 0.223701 0.424723 0.227281 0.419675 0.229007 0.420160 0.242609 0.424906 0.242701 0.428211 0.240223 0.433259 0.236733 0.431383 0.223701 0.426742
0 0.237346 0.402410 0.247264 0.406016 0.247320 0.415877 0.242609 0.424906 0.229007 0.420160 0.228218 0.416835 0.237346 0.402410
0 0.260681 0.431630 0.273801 0.436316 0.266421 0.452717 0.258221 0.447914 0.255878 0.449671 0.253418 0.448031 0.260681 0.431630
0 0.237167 0.463199 0.245367 0.464136 0.245133 0.475030 0.236932 0.474445 0.237167 0.463199
0 0.235509 0.458260 0.237882 0.446897 0.250252 0.448120 0.248814 0.460202 0.235509 0.458260
0 0.276952 0.445429 0.282706 0.432196 0.304353 0.440682 0.299966 0.453915 0.276952 0.445429
0 0.289927 0.432703 0.293964 0.422451 0.308167 0.426638 0.311756 0.419013 0.322222 0.424395 0.316690 0.440243 0.312354 0.438000 0.310560 0.442635 0.289927 0.432703
0 0.277381 0.250452 0.290239 0.255984 0.284856 0.269290 0.271998 0.263310 0.277381 0.250452
0 0.290687 0.261665 0.302349 0.265851 0.298462 0.279307 0.286202 0.275420 0.290687 0.261665
0 0.314310 0.267944 0.324626 0.272280 0.319842 0.285138 0.308628 0.280503 0.314310 0.267944
0 0.347997 0.266230 0.348446 0.260998 0.357416 0.251728 0.374526 0.264039 0.383730 0.270267 0.376703 0.281331 0.370274 0.277743 0.368779 0.280284 0.347997 0.266230
0 0.374526 0.264039 0.388430 0.248041 0.408913 0.260152 0.403531 0.270767 0.392168 0.262544 0.383730 0.270267 0.374526 0.264039
0 0.403531 0.270767 0.408913 0.260152 0.445543 0.280485 0.437470 0.293343 0.403531 0.270767
0 0.445543 0.280485 0.461391 0.291399 0.453467 0.305902 0.435652 0.295976 0.437470 0.293343 0.445543 0.280485
0 0.422439 0.320022 0.433652 0.304174 0.446360 0.314341 0.435446 0.329591 0.422439 0.320022
0 0.437297 0.329765 0.449246 0.311373 0.457915 0.317113 0.455572 0.321565 0.477595 0.337145 0.471972 0.348860 0.448777 0.333748 0.445849 0.337848 0.437297 0.329765
0 0.433548 0.332811 0.440577 0.337145 0.436009 0.343939 0.428628 0.338902 0.433548 0.332811
0 0.442217 0.352491 0.452409 0.338902 0.463421 0.348625 0.452292 0.363386 0.442217 0.352491
0 0.463421 0.348625 0.471972 0.348860 0.472539 0.369348 0.456391 0.365312 0.463421 0.348625
0 0.490035 0.310374 0.506780 0.316355 0.505434 0.320690 0.512461 0.320840 0.512013 0.334296 0.505434 0.333698 0.506631 0.326970 0.505434 0.326521 0.499454 0.340276 0.491978 0.337137 0.493324 0.333100 0.482410 0.327717 0.490035 0.310374
0 0.512461 0.320840 0.512461 0.318298 0.515900 0.313663 0.529506 0.324279 0.525170 0.343416 0.513209 0.338034 0.510817 0.340874 0.508425 0.338183 0.512013 0.334296 0.512461 0.320840
4 0.479029 0.402613 0.476936 0.391699 0.490990 0.390652 0.491438 0.402164 0.479029 0.402613
0 0.485058 0.416797 0.499370 0.411836 0.507193 0.428437 0.492118 0.433589 0.485058 0.416797
0 0.499370 0.411836 0.517497 0.407829 0.524939 0.422521 0.507193 0.428437 0.499370 0.411836
0 0.525262 0.407491 0.555464 0.396577 0.560696 0.407192 0.529598 0.416910 0.525262 0.407491
0 0.410838 0.449385 0.411198 0.459526 0.394945 0.459742 0.395232 0.446868 0.408393 0.446221 0.408537 0.449745 0.410838 0.449385
0 0.025451 0.382809 0.022163 0.390285 0.016861 0.388164 0.020891 0.379892 0.025451 0.382809
0 0.144486 0.359902 0.172342 0.354696 0.173186 0.367077 0.156022 0.370875 0.149691 0.381708 0.148144 0.388039 0.142798 0.394230 0.141953 0.399857 0.135508 0.399224 0.131543 0.394792 0.131965 0.386773 0.144486 0.359902
4 0.324435 0.300661 0.330827 0.292542 0.339205 0.298501 0.334454 0.306188 0.324435 0.300661
0 0.381659 0.286468 0.384768 0.285518 0.391850 0.290009 0.382868 0.300114 0.376044 0.293032 0.381659 0.286468
0 0.379499 0.283272 0.393146 0.265480 0.400746 0.270403 0.396514 0.277572 0.393319 0.276535 0.390036 0.281631 0.388223 0.281026 0.384768 0.285518 0.381659 0.286468 0.379499 0.283272
0 0.132587 0.457529 0.138637 0.445993 0.153972 0.455841 0.150736 0.462031 0.154535 0.464423 0.153269 0.466393 0.151018 0.465549 0.149611 0.468362 0.132587 0.457529
0 0.223315 0.496049 0.234024 0.494926 0.235925 0.502700 0.221846 0.506154 0.220896 0.501231 0.224956 0.500281 0.223315 0.496049
0 0.540879 0.424202 0.549986 0.427771 0.546171 0.437739 0.537187 0.434540 0.540879 0.424202
0 0.284856 0.269290 0.287010 0.270105 0.282455 0.281257 0.266120 0.273404 0.270204 0.262723 0.271998 0.263310 0.284856 0.269290
