0 0.396527 0.946096 0.428116 0.937855 0.435898 0.968528 0.400083 0.979443 0.396710 0.967920 0.402612 0.966233 0.396527 0.946096
0 0.504328 0.977156 0.522970 0.966616 0.538774 0.993487 0.528068 0.999008 0.519425 0.999008 0.504328 0.977156
0 0.824414 0.756934 0.852826 0.753048 0.851584 0.785239 0.825003 0.787167 0.824414 0.756934
0 0.481583 0.739831 0.501200 0.744812 0.499294 0.753603 0.479313 0.748899 0.481583 0.739831
0 0.426762 0.732684 0.462436 0.737088 0.461115 0.767918 0.428083 0.765275 0.429625 0.745897 0.426542 0.746337 0.426762 0.732684
0 0.282044 0.592109 0.296517 0.597051 0.293310 0.614802 0.285302 0.612701 0.283394 0.619319 0.276828 0.617939 0.282044 0.592109
0 0.278787 0.648241 0.283701 0.623183 0.299170 0.621878 0.309733 0.627588 0.305989 0.652031 0.278787 0.648241
0 0.453964 0.791224 0.454546 0.776962 0.462755 0.777339 0.461968 0.791775 0.453964 0.791224
0 0.935312 0.391432 0.956190 0.396953 0.952394 0.410756 0.956190 0.411619 0.951876 0.428356 0.929963 0.423007 0.930654 0.418003 0.923579 0.416278 0.926858 0.404200 0.935312 0.391432
0 0.999007 0.455565 0.987481 0.449888 0.974488 0.443282 0.991004 0.421261 0.999007 0.425963 0.999007 0.455565
0 0.893041 0.473412 0.911625 0.447235 0.932847 0.457415 0.924221 0.474829 0.912316 0.468702 0.904068 0.479012 0.893041 0.473412
0 0.858630 0.321104 0.860372 0.308023 0.892408 0.311265 0.894445 0.320599 0.892785 0.329260 0.876549 0.327853 0.876290 0.322858 0.858630 0.321104
0 0.834608 0.357414 0.839439 0.347406 0.875328 0.363625 0.865838 0.385883 0.835643 0.371044 0.840474 0.360864 0.834608 0.357414
0 0.757180 0.358965 0.747517 0.375184 0.743376 0.374149 0.730781 0.395544 0.721291 0.390885 0.728235 0.375097 0.743809 0.351963 0.757180 0.358965
0 0.743809 0.351963 0.728235 0.375097 0.699419 0.359088 0.716632 0.337743 0.743809 0.351963
0 0.611981 0.309853 0.623402 0.288653 0.645203 0.299664 0.632431 0.323226 0.622331 0.318400 0.623700 0.315537 0.611981 0.309853
0 0.582657 0.271614 0.595597 0.270061 0.600083 0.305778 0.584727 0.305950 0.582657 0.271614
0 0.509316 0.266676 0.522448 0.241819 0.532662 0.242133 0.544658 0.245029 0.548225 0.251455 0.538356 0.275665 0.529353 0.277915 0.509316 0.266676
0 0.584793 0.210365 0.608120 0.213737 0.605029 0.244091 0.581702 0.241281 0.584793 0.210365
0 0.888407 0.502944 0.894871 0.496761 0.906395 0.505192 0.898525 0.512781 0.888407 0.502944
0 0.935782 0.557524 0.937183 0.556338 0.947404 0.550263 0.953174 0.547260 0.960560 0.555726 0.942640 0.566425 0.935782 0.557524
0 0.655090 0.238222 0.674724 0.241206 0.667656 0.268066 0.648336 0.262725 0.655090 0.238222
0 0.921867 0.362069 0.936100 0.363071 0.936301 0.386125 0.922268 0.386727 0.921867 0.362069
0 0.867166 0.469282 0.876789 0.463669 0.894831 0.494341 0.886612 0.501357 0.867166 0.469282
0 0.869853 0.455254 0.869756 0.459300 0.868658 0.463744 0.864711 0.463730 0.859419 0.463730 0.860273 0.453926 0.869853 0.455254
0 0.817423 0.698806 0.831822 0.697821 0.832192 0.704221 0.838099 0.704221 0.838714 0.721573 0.831084 0.721573 0.831453 0.733142 0.820377 0.733019 0.820377 0.725758 0.819515 0.725881 0.819638 0.716774 0.817669 0.716774 0.817423 0.698806
0 0.552114 0.999008 0.549767 0.984959 0.560919 0.983546 0.562985 0.999008 0.552114 0.999008
0 0.738169 0.585655 0.749395 0.586657 0.751200 0.580242 0.773452 0.586457 0.766235 0.604699 0.744883 0.599219 0.734561 0.597081 0.738169 0.585655
0 0.744883 0.599219 0.766235 0.604699 0.761677 0.625018 0.756373 0.629164 0.732164 0.622724 0.739425 0.603525 0.743240 0.604756 0.744883 0.599219
0 0.681707 0.360354 0.688746 0.364790 0.680164 0.374143 0.673703 0.368647 0.681707 0.360354
0 0.257495 0.770556 0.274637 0.769908 0.276428 0.796261 0.259640 0.799450 0.257495 0.770556
0 0.314686 0.770779 0.345001 0.764810 0.351127 0.786643 0.321598 0.794811 0.320027 0.786486 0.316257 0.787115 0.312802 0.771407 0.314686 0.770779
4 0.799598 0.999005 0.799223 0.995148 0.806237 0.994530 0.806623 0.999005 0.799598 0.999005
0 0.717745 0.376165 0.723033 0.379783 0.717745 0.386833 0.712597 0.383169 0.717745 0.376165
0 0.675703 0.314835 0.709002 0.333369 0.698793 0.348919 0.672090 0.335254 0.670049 0.338552 0.663294 0.334626 0.675703 0.314835
0 0.670049 0.338552 0.672090 0.335254 0.698793 0.348919 0.687227 0.362888 0.677005 0.357874 0.680380 0.351220 0.666687 0.343506 0.670049 0.338552
0 0.663294 0.334626 0.658015 0.332358 0.656504 0.324198 0.663984 0.309314 0.675703 0.314835 0.663294 0.334626
0 0.947404 0.550263 0.937183 0.556338 0.932265 0.550938 0.943836 0.544091 0.947404 0.550263
0 0.483694 0.760879 0.490606 0.760694 0.490884 0.768394 0.483973 0.768440 0.483694 0.760879
0 0.816231 0.741688 0.830559 0.741688 0.827830 0.755562 0.824414 0.756934 0.817141 0.756926 0.816231 0.741688
0 0.705495 0.363454 0.713988 0.368938 0.705849 0.382739 0.721291 0.390885 0.712572 0.402910 0.688155 0.391232 0.705495 0.363454
0 0.595597 0.270061 0.582657 0.271614 0.584727 0.305950 0.572065 0.306739 0.565715 0.303257 0.564691 0.296293 0.569811 0.296293 0.569197 0.276630 0.544823 0.265160 0.551172 0.254918 0.578209 0.263111 0.577800 0.260858 0.595597 0.270061
3 0.000007 0.401156 0.000189 0.397355 0.004829 0.395465 0.011874 0.386701 0.016513 0.387045 0.030431 0.393574 0.024589 0.404228 0.023558 0.409383 0.016685 0.412304 0.004657 0.411616 0.000007 0.407670 0.000007 0.401156
