0 0.216763 0.133330 0.237695 0.136523 0.230955 0.162422 0.211442 0.157455 0.216763 0.133330
0 0.215699 0.189740 0.223504 0.168099 0.236276 0.171647 0.227762 0.193998 0.215699 0.189740
0 0.231309 0.256084 0.236276 0.248279 0.246210 0.253601 0.240534 0.261406 0.231309 0.256084
0 0.111836 0.853623 0.108736 0.856601 0.112220 0.860084 0.102204 0.870536 0.091753 0.861391 0.096978 0.856601 0.086963 0.843972 0.094092 0.837441 0.111836 0.853623
0 0.119707 0.821367 0.118752 0.822634 0.130509 0.835698 0.112197 0.853281 0.094453 0.837109 0.112207 0.820840 0.119707 0.821367
0 0.129203 0.808699 0.120049 0.820898 0.112695 0.820381 0.113091 0.820022 0.106994 0.815667 0.119623 0.801297 0.129203 0.808699
0 0.163169 0.864875 0.178846 0.849633 0.196265 0.869229 0.178846 0.884471 0.163169 0.864875
0 0.228489 0.881422 0.241118 0.873584 0.247650 0.891874 0.233715 0.897099 0.228489 0.881422
0 0.186249 0.928888 0.220651 0.915389 0.231537 0.943259 0.195829 0.958500 0.186249 0.928888
0 0.156202 0.960242 0.162734 0.925404 0.175798 0.928017 0.170572 0.962419 0.156202 0.960242
0 0.534803 0.899944 0.545208 0.886937 0.567754 0.901389 0.555036 0.916130 0.534803 0.899944
0 0.570355 0.888093 0.576425 0.879132 0.587120 0.886358 0.581339 0.894741 0.570355 0.888093
0 0.641171 0.924223 0.647819 0.902545 0.676145 0.908904 0.670365 0.929715 0.661693 0.934918 0.641171 0.924223
0 0.648397 0.971916 0.659670 0.955440 0.681348 0.970470 0.669497 0.986368 0.648397 0.971916
