0 0.085388 0.085456 0.095617 0.080585 0.092208 0.075471 0.115831 0.062807 0.124111 0.072549 0.128008 0.085700 0.096104 0.103721 0.085388 0.085456
0 0.113879 0.096070 0.128382 0.093230 0.130625 0.111021 0.116122 0.113264 0.113879 0.096070
0 0.000009 0.190141 0.018153 0.177483 0.033009 0.172369 0.044942 0.199889 0.029843 0.210117 0.024729 0.196479 0.000009 0.212297 0.000009 0.190141
0 0.065332 0.146977 0.085302 0.139671 0.091878 0.150386 0.074343 0.164755 0.065332 0.146977
0 0.080195 0.216982 0.080054 0.217027 0.081698 0.222260 0.062112 0.227194 0.058691 0.214854 0.076674 0.207014 0.080195 0.216982
0 0.070830 0.209023 0.055635 0.215654 0.051347 0.216878 0.046862 0.198040 0.061514 0.193554 0.061367 0.192900 0.067302 0.191590 0.070830 0.209023
0 0.093027 0.201289 0.092014 0.201777 0.095603 0.211495 0.080654 0.216816 0.077080 0.206689 0.087076 0.200510 0.093027 0.201289
0 0.088426 0.190564 0.093958 0.189069 0.096649 0.199535 0.093330 0.201143 0.093372 0.200839 0.086967 0.200003 0.076629 0.206393 0.076680 0.206475 0.071289 0.208828 0.067682 0.191006 0.061270 0.192422 0.060169 0.187424 0.066149 0.185481 0.064803 0.180397 0.083492 0.175314 0.088426 0.190564
0 0.011187 0.224247 0.027406 0.220240 0.030078 0.230163 0.052212 0.222912 0.058891 0.241993 0.045343 0.248100 0.042672 0.243138 0.019392 0.250008 0.011187 0.224247
0 0.042143 0.251223 0.062942 0.243400 0.069048 0.254658 0.061416 0.258474 0.063705 0.263245 0.053783 0.267061 0.050539 0.258474 0.045578 0.260955 0.042143 0.251223
0 0.000009 0.303117 0.009980 0.315987 0.002538 0.327436 0.000009 0.324518 0.000009 0.303117
0 0.026806 0.308759 0.022588 0.311922 0.024228 0.314148 0.032663 0.308525 0.040512 0.318951 0.028563 0.327034 0.023408 0.319419 0.020480 0.321528 0.018137 0.318599 0.015091 0.321294 0.006539 0.309931 0.011342 0.306651 0.009658 0.305703 0.020273 0.300986 0.026806 0.308759
0 0.024346 0.295873 0.019425 0.299973 0.019951 0.300596 0.009121 0.305400 0.005622 0.303432 0.004612 0.297833 0.000009 0.292603 0.000009 0.292587 0.014388 0.282519 0.024346 0.295873
0 0.098466 0.328909 0.117706 0.319898 0.123551 0.333293 0.083038 0.349682 0.080366 0.342622 0.077313 0.343958 0.074070 0.335943 0.076741 0.334799 0.070273 0.318154 0.089111 0.311064 0.089212 0.311374 0.092134 0.310400 0.098466 0.328909
0 0.088955 0.310605 0.070098 0.317705 0.062910 0.299197 0.082636 0.291891 0.088955 0.310605
0 0.103925 0.248537 0.124138 0.238065 0.140699 0.270455 0.119998 0.281415 0.103925 0.248537
0 0.134858 0.243171 0.148912 0.234051 0.157583 0.247207 0.142782 0.256328 0.134858 0.243171
0 0.132316 0.216408 0.160275 0.199215 0.189878 0.224930 0.174329 0.234649 0.167152 0.222090 0.150855 0.232555 0.146819 0.226126 0.141436 0.229864 0.132316 0.216408
0 0.019910 0.419468 0.031038 0.399787 0.044627 0.406347 0.059271 0.415953 0.051539 0.428956 0.033733 0.417945 0.032210 0.420873 0.029281 0.419233 0.026821 0.423216 0.019910 0.419468
0 0.090852 0.248112 0.101044 0.244949 0.103621 0.251626 0.092727 0.255024 0.090852 0.248112
3 0.092623 0.687415 0.104395 0.684007 0.107648 0.696708 0.095411 0.699341 0.092623 0.687415
4 0.037878 0.173101 0.049705 0.169553 0.056013 0.187688 0.046551 0.193601 0.037878 0.173101
