2 0.451636 0.724817 0.446982 0.715221 0.445682 0.701683 0.443156 0.699170 0.471818 0.691035 0.489241 0.689628 0.490885 0.705177 0.477280 0.707419 0.478143 0.714134 0.464838 0.715716 0.465557 0.722477 0.451636 0.724817
0 0.646919 0.664974 0.665185 0.665157 0.665919 0.681037 0.646185 0.681495 0.646919 0.664974
0 0.646774 0.682298 0.670291 0.681435 0.672161 0.688339 0.671881 0.697734 0.647275 0.697503 0.646774 0.682298
0 0.499720 0.689335 0.511340 0.689703 0.511156 0.707417 0.497480 0.707417 0.497572 0.699432 0.499878 0.699248 0.499720 0.689335
0 0.678636 0.672348 0.720072 0.670033 0.721357 0.680772 0.714381 0.681140 0.714381 0.686922 0.680787 0.688666 0.678636 0.672348
3 0.798344 0.663054 0.805870 0.662962 0.805778 0.658373 0.815324 0.658740 0.815141 0.681044 0.789165 0.681870 0.789348 0.672416 0.797976 0.672049 0.798344 0.663054
0 0.724389 0.674811 0.738978 0.674606 0.739913 0.685250 0.745882 0.685609 0.745738 0.696181 0.737036 0.695966 0.736677 0.688918 0.725242 0.689133 0.724389 0.674811
0 0.729150 0.697524 0.746619 0.697636 0.746957 0.711780 0.728981 0.711949 0.729150 0.697524
0 0.633766 0.702887 0.653688 0.702455 0.653975 0.715472 0.634126 0.715328 0.633766 0.702887
0 0.543348 0.696457 0.557128 0.699159 0.551988 0.713845 0.536747 0.708146 0.543348 0.696457
0 0.685029 0.692115 0.716420 0.693859 0.716420 0.711023 0.684570 0.709004 0.685029 0.692115
0 0.972780 0.786796 0.973858 0.775793 0.983064 0.777088 0.982273 0.788594 0.972780 0.786796
0 0.919778 0.727913 0.927219 0.717663 0.938274 0.724748 0.937575 0.734204 0.929117 0.737738 0.919843 0.731851 0.919778 0.727913
0 0.607285 0.745791 0.609837 0.747308 0.598624 0.771593 0.588770 0.766836 0.600292 0.742930 0.607285 0.745791
0 0.599893 0.742637 0.588330 0.766621 0.572480 0.758972 0.582002 0.739301 0.585312 0.737061 0.599893 0.742637
0 0.618324 0.717110 0.606855 0.745088 0.600566 0.742520 0.600618 0.742388 0.585811 0.736728 0.586327 0.736379 0.598511 0.708115 0.618324 0.717110
0 0.577646 0.704271 0.574250 0.713358 0.579665 0.715469 0.583612 0.704455 0.588804 0.706567 0.589390 0.704107 0.598511 0.708115 0.586327 0.736379 0.556270 0.725957 0.566724 0.699773 0.577646 0.704271
0 0.610963 0.745976 0.617691 0.729829 0.635333 0.738800 0.631894 0.749265 0.626213 0.756442 0.610963 0.745976
0 0.608077 0.778349 0.609834 0.768626 0.615808 0.763238 0.628109 0.770384 0.622134 0.784441 0.608077 0.778349
0 0.870699 0.735428 0.873480 0.728546 0.874447 0.721136 0.893776 0.727579 0.890379 0.741168 0.870699 0.735428
0 0.922652 0.772613 0.939908 0.784270 0.933115 0.792255 0.931395 0.790901 0.917053 0.780966 0.922652 0.772613
0 0.921542 0.803491 0.931395 0.790901 0.933115 0.792255 0.940691 0.797239 0.930566 0.810060 0.921542 0.803491
0 0.667836 0.763826 0.673342 0.746372 0.695131 0.755275 0.690094 0.770269 0.667836 0.763826
0 0.651474 0.753037 0.662252 0.718947 0.674083 0.722345 0.674669 0.719767 0.692078 0.720263 0.691404 0.726321 0.687349 0.725077 0.684588 0.737366 0.684010 0.740034 0.673263 0.738394 0.666352 0.756434 0.651474 0.753037
0 0.684588 0.737366 0.687349 0.725077 0.691404 0.726321 0.702395 0.729750 0.699734 0.741976 0.687806 0.738558 0.684588 0.737366
0 0.717418 0.782079 0.729901 0.759132 0.743118 0.764548 0.729442 0.787861 0.717418 0.782079
0 0.738696 0.733007 0.757205 0.735935 0.757439 0.733827 0.779814 0.738513 0.776768 0.767916 0.732487 0.759013 0.738696 0.733007
0 0.783935 0.756180 0.786755 0.738257 0.804888 0.740650 0.803144 0.758824 0.783935 0.756180
0 0.761420 0.796544 0.764125 0.787359 0.777931 0.791134 0.776353 0.800038 0.761420 0.796544
0 0.742761 0.793509 0.747148 0.778766 0.763402 0.784376 0.759590 0.797249 0.756713 0.796817 0.754588 0.802328 0.744991 0.800629 0.746070 0.795307 0.742761 0.793509
0 0.843924 0.728984 0.843914 0.719302 0.845969 0.712226 0.867992 0.718317 0.865415 0.734483 0.843924 0.728984
0 0.838419 0.717882 0.843914 0.719302 0.843924 0.728984 0.844189 0.738486 0.825030 0.736638 0.825006 0.725727 0.824063 0.725684 0.824299 0.717120 0.838419 0.717882
0 0.838281 0.705840 0.838315 0.706819 0.838419 0.717882 0.824299 0.717120 0.824063 0.725684 0.814083 0.725268 0.814817 0.705351 0.822356 0.705523 0.838281 0.705840
0 0.838281 0.705840 0.821349 0.705735 0.820967 0.692868 0.837856 0.692868 0.838281 0.705840
0 0.786467 0.716085 0.785806 0.729110 0.778098 0.729510 0.777869 0.726000 0.771034 0.725229 0.771586 0.698883 0.808955 0.701859 0.807742 0.732614 0.793852 0.730401 0.794752 0.715601 0.786467 0.716085
0 0.867571 0.750177 0.865898 0.762186 0.859989 0.762072 0.857862 0.775482 0.827646 0.770049 0.834727 0.744395 0.867571 0.750177
0 0.834727 0.744395 0.827646 0.770049 0.813398 0.767651 0.820042 0.742154 0.834727 0.744395
0 0.876880 0.763541 0.880534 0.752984 0.899212 0.761105 0.894542 0.771662 0.876880 0.763541
0 0.868138 0.780727 0.869681 0.764964 0.882022 0.766559 0.879271 0.783483 0.868138 0.780727
2 0.412304 0.723685 0.428196 0.704338 0.445682 0.701683 0.446982 0.715221 0.434329 0.721612 0.422582 0.733617 0.412304 0.723685
4 0.432920 0.745164 0.452734 0.752425 0.448180 0.765347 0.438827 0.762147 0.436612 0.767070 0.423566 0.762024 0.432920 0.745164
0 0.840570 0.778187 0.848862 0.777320 0.849441 0.784262 0.840666 0.784937 0.840570 0.778187
0 0.866610 0.786804 0.874845 0.790355 0.868347 0.803123 0.860188 0.799421 0.866610 0.786804
0 0.917053 0.780966 0.931395 0.790901 0.921542 0.803491 0.920086 0.802121 0.916535 0.807334 0.904068 0.799325 0.902557 0.801667 0.893348 0.795065 0.908308 0.774816 0.917053 0.780966
0 0.960161 0.757419 0.973232 0.757858 0.972826 0.768551 0.970964 0.768332 0.970964 0.782663 0.962807 0.794678 0.961043 0.793796 0.952445 0.787072 0.958728 0.777151 0.960161 0.757419
0 0.909439 0.746003 0.923380 0.754259 0.919929 0.762109 0.906394 0.754259 0.909439 0.746003
3 0.928149 0.747157 0.935944 0.746733 0.935202 0.758928 0.927301 0.758345 0.928149 0.747157
0 0.917114 0.736234 0.913573 0.744525 0.906145 0.740811 0.908650 0.735024 0.895176 0.729238 0.901653 0.714130 0.905948 0.715933 0.906001 0.714660 0.919151 0.720440 0.916712 0.725876 0.918581 0.726832 0.917467 0.729508 0.918456 0.732108 0.917114 0.736234
3 0.973432 0.815536 0.980953 0.819682 0.978253 0.824022 0.970539 0.819972 0.973432 0.815536
0 0.940691 0.797239 0.933115 0.792255 0.939908 0.784270 0.941705 0.795001 0.940691 0.797239
0 0.702395 0.729750 0.694660 0.726066 0.694660 0.719878 0.712764 0.721941 0.716201 0.728816 0.723391 0.730563 0.732070 0.732491 0.727248 0.750041 0.699734 0.741976 0.702395 0.729750
0 0.699734 0.741976 0.697704 0.747776 0.686371 0.743923 0.687806 0.738558 0.699734 0.741976
0 0.609150 0.751578 0.616630 0.755129 0.612323 0.764271 0.604692 0.760871 0.609150 0.751578
