0 0.671418 0.053244 0.666087 0.070059 0.655833 0.071700 0.640658 0.066368 0.625893 0.062677 0.629584 0.048732 0.639837 0.049962 0.645579 0.044631 0.666907 0.049962 0.671418 0.053244
0 0.697650 0.067066 0.703945 0.072858 0.703441 0.077390 0.689341 0.088217 0.680276 0.078397 0.689341 0.069081 0.689844 0.064297 0.695887 0.063038 0.697650 0.067066
0 0.658874 0.094008 0.631932 0.115662 0.621357 0.104584 0.632436 0.097030 0.632939 0.093253 0.640745 0.085196 0.640241 0.083685 0.646536 0.079404 0.658370 0.089224 0.658874 0.094008
0 0.681535 0.111130 0.685815 0.118180 0.677758 0.121454 0.674988 0.113396 0.681535 0.111130
0 0.586773 0.136047 0.598366 0.135892 0.605322 0.134037 0.616761 0.134037 0.622171 0.135120 0.620780 0.154751 0.616297 0.155524 0.614443 0.171291 0.596357 0.170982 0.597284 0.153205 0.584300 0.152278 0.586155 0.137438 0.586773 0.136047
0 0.623933 0.143903 0.639082 0.141893 0.641246 0.146685 0.641555 0.153332 0.631044 0.154723 0.624242 0.154723 0.623933 0.143903
0 0.719215 0.127079 0.720063 0.137132 0.703470 0.139554 0.702380 0.128291 0.719215 0.127079
0 0.732816 0.151334 0.728333 0.149634 0.725087 0.136340 0.726015 0.130466 0.753684 0.125056 0.757858 0.132939 0.760022 0.140823 0.758785 0.145460 0.732816 0.151334
0 0.799141 0.150427 0.800996 0.159856 0.799295 0.167740 0.791721 0.171449 0.768534 0.168358 0.768380 0.162175 0.771316 0.147644 0.775645 0.146871 0.799141 0.150427
0 0.373713 0.350876 0.375883 0.360741 0.373910 0.373959 0.354181 0.376918 0.333466 0.378299 0.327350 0.381258 0.301703 0.381850 0.298744 0.374353 0.297955 0.347325 0.310581 0.346339 0.331099 0.348114 0.360494 0.350087 0.373713 0.350876
0 0.128771 0.350670 0.179373 0.352952 0.186432 0.365022 0.202043 0.367792 0.198518 0.390453 0.185424 0.389446 0.136203 0.388179 0.123873 0.385149 0.125498 0.352432 0.128771 0.350670
0 0.289620 0.379084 0.284490 0.383029 0.277979 0.375478 0.277737 0.372450 0.282824 0.369664 0.289727 0.377174 0.289620 0.379084
0 0.264655 0.348426 0.267592 0.359092 0.257545 0.360174 0.253835 0.350590 0.264655 0.348426
0 0.074817 0.526709 0.074817 0.523355 0.080736 0.513096 0.093954 0.516450 0.097308 0.510729 0.101451 0.510334 0.105791 0.502443 0.123942 0.508559 0.122363 0.515464 0.123547 0.518423 0.119009 0.528879 0.116445 0.533417 0.112499 0.533614 0.100465 0.555710 0.083893 0.549002 0.090403 0.533811 0.074817 0.526709
0 0.118615 0.541111 0.135187 0.550186 0.125520 0.564588 0.108356 0.554921 0.112499 0.544859 0.118615 0.541111
0 0.053446 0.495923 0.057001 0.500715 0.049890 0.503806 0.047262 0.499787 0.053446 0.495923
0 0.069712 0.575281 0.080842 0.598467 0.062138 0.604187 0.049153 0.608051 0.047143 0.601095 0.043743 0.596458 0.043588 0.582082 0.067857 0.573889 0.069712 0.575281
0 0.050818 0.616536 0.053846 0.615083 0.074557 0.612660 0.081097 0.621744 0.080249 0.630828 0.088606 0.631918 0.088970 0.641607 0.071529 0.642213 0.067532 0.633371 0.052756 0.633735 0.050818 0.616536
0 0.000011 0.648590 0.013167 0.641109 0.031871 0.635390 0.036045 0.639409 0.042796 0.638970 0.047075 0.653208 0.020896 0.661823 0.012428 0.666411 0.000011 0.669605 0.000011 0.648590
0 0.113094 0.675385 0.116649 0.673221 0.143082 0.679559 0.148338 0.682651 0.146483 0.691771 0.134735 0.693471 0.110775 0.688215 0.113094 0.675385
0 0.151491 0.696571 0.143434 0.721498 0.136887 0.720491 0.136635 0.714448 0.135125 0.710923 0.142175 0.695060 0.151491 0.696571
0 0.151545 0.724255 0.161410 0.723269 0.168315 0.709853 0.185281 0.712615 0.179757 0.734317 0.169301 0.733133 0.162988 0.751875 0.148389 0.751678 0.151545 0.724255
0 0.131574 0.741917 0.146933 0.748464 0.145926 0.760550 0.142652 0.763068 0.125782 0.755262 0.131574 0.741917
0 0.156363 0.762325 0.171554 0.763904 0.170568 0.781265 0.159125 0.781265 0.159125 0.777911 0.153404 0.777714 0.156363 0.762325
0 0.210346 0.685436 0.197001 0.699033 0.179376 0.682666 0.183404 0.676372 0.175599 0.665796 0.185167 0.659753 0.207073 0.679897 0.210346 0.685436
0 0.154436 0.635290 0.164300 0.649297 0.158579 0.655808 0.140034 0.662910 0.138850 0.658175 0.135102 0.643379 0.154436 0.635290
0 0.161810 0.589504 0.168321 0.599171 0.159640 0.609233 0.167926 0.617321 0.165559 0.621070 0.152932 0.623437 0.142082 0.611008 0.145436 0.605681 0.144646 0.597987 0.135769 0.589307 0.141293 0.584375 0.155103 0.590688 0.161810 0.589504
0 0.214662 0.582424 0.204842 0.595518 0.192756 0.588467 0.200310 0.575374 0.214662 0.582424
0 0.203583 0.606848 0.193512 0.617675 0.178152 0.607352 0.185958 0.596525 0.201569 0.603575 0.203583 0.606848
0 0.190490 0.576885 0.181426 0.588971 0.173368 0.581669 0.173872 0.578899 0.169843 0.573864 0.175383 0.566562 0.190490 0.576885
0 0.192638 0.626699 0.206738 0.646843 0.196163 0.653641 0.184329 0.653389 0.170480 0.633498 0.187099 0.624433 0.192638 0.626699
0 0.192782 0.655768 0.206738 0.646843 0.234880 0.671193 0.242271 0.680512 0.235844 0.697865 0.229095 0.702686 0.221383 0.698829 0.225239 0.691760 0.216884 0.682440 0.195353 0.662195 0.192782 0.655768
0 0.287819 0.569138 0.295625 0.578958 0.285903 0.585093 0.278503 0.573671 0.287819 0.569138
0 0.293107 0.605145 0.299402 0.610432 0.279762 0.624784 0.271957 0.610684 0.281776 0.602123 0.287064 0.607411 0.293107 0.605145
0 0.292352 0.630324 0.304689 0.623525 0.309474 0.626547 0.322315 0.617986 0.336667 0.641403 0.342207 0.654999 0.329365 0.657265 0.325336 0.645683 0.317783 0.633597 0.299402 0.642913 0.291848 0.633597 0.292352 0.630324
0 0.173669 0.824891 0.179193 0.836137 0.170118 0.837715 0.165186 0.829034 0.173669 0.824891
0 0.064322 0.664525 0.078530 0.664525 0.078146 0.672973 0.072770 0.673357 0.069698 0.676045 0.064706 0.674893 0.064322 0.664525
0 0.186335 0.439368 0.209479 0.448750 0.205100 0.461886 0.181957 0.455005 0.186335 0.439368
