0 0.246572 0.195126 0.277231 0.199116 0.275131 0.214026 0.262322 0.215075 0.259382 0.215075 0.258122 0.224735 0.250772 0.225575 0.250142 0.234395 0.239012 0.232925 0.239222 0.197016 0.246572 0.195126
0 0.338724 0.192862 0.361614 0.197482 0.356574 0.213652 0.351114 0.213652 0.346284 0.236331 0.332845 0.236961 0.311845 0.244521 0.303236 0.220792 0.319615 0.216592 0.322345 0.227301 0.335155 0.222051 0.336625 0.194332 0.338724 0.192862
0 0.437486 0.363919 0.452623 0.364577 0.453281 0.365729 0.458711 0.367374 0.459369 0.380866 0.449661 0.385967 0.449332 0.388270 0.436499 0.387612 0.435182 0.379056 0.435840 0.364577 0.437486 0.363919
0 0.400717 0.587818 0.406597 0.585508 0.426756 0.590758 0.426336 0.582778 0.435576 0.580678 0.439146 0.595378 0.452585 0.602097 0.448596 0.615537 0.437676 0.612807 0.440196 0.603987 0.433476 0.602097 0.427806 0.616377 0.423396 0.619317 0.396517 0.613857 0.400717 0.587818
0 0.462307 0.611566 0.465762 0.612224 0.487152 0.625222 0.479090 0.638549 0.458687 0.628842 0.453422 0.636575 0.448157 0.635752 0.451119 0.620286 0.457864 0.620780 0.462307 0.611566
0 0.541855 0.717338 0.541855 0.715791 0.554489 0.710763 0.555778 0.709216 0.569959 0.702899 0.574213 0.710505 0.568154 0.714115 0.567123 0.716049 0.571764 0.726878 0.556036 0.734226 0.550621 0.734999 0.541855 0.717338
0 0.694971 0.661193 0.700730 0.665471 0.702540 0.681431 0.671607 0.689657 0.662558 0.668268 0.670620 0.664977 0.690693 0.661193 0.694971 0.661193
0 0.644680 0.727319 0.646989 0.726899 0.650559 0.733199 0.651609 0.741388 0.641110 0.747268 0.639220 0.751468 0.635020 0.753988 0.638590 0.758188 0.624520 0.765958 0.616960 0.757768 0.614860 0.757348 0.607511 0.760918 0.606041 0.759028 0.602471 0.751258 0.644680 0.727319
0 0.581879 0.807935 0.587759 0.801426 0.592799 0.803946 0.593639 0.812135 0.598679 0.814445 0.599099 0.824525 0.610438 0.831245 0.605818 0.839854 0.603718 0.841534 0.576839 0.826625 0.571589 0.822635 0.581879 0.807935
0 0.586350 0.774432 0.589030 0.772824 0.598946 0.783813 0.593050 0.791049 0.588494 0.794533 0.577505 0.783545 0.586350 0.774432
0 0.658933 0.740693 0.664408 0.737002 0.681026 0.744900 0.682535 0.755059 0.672273 0.771820 0.655512 0.769768 0.644224 0.765663 0.658933 0.740693
0 0.646621 0.786943 0.647989 0.769840 0.668171 0.772576 0.662698 0.784890 0.655515 0.790021 0.646621 0.786943
0 0.705589 0.769228 0.720981 0.770254 0.712430 0.789067 0.696695 0.785647 0.705589 0.769228
0 0.703786 0.730444 0.708826 0.731284 0.715756 0.726454 0.726676 0.732334 0.731085 0.736323 0.720376 0.750603 0.715546 0.755853 0.694757 0.741153 0.703786 0.730444
0 0.736482 0.697026 0.757378 0.674155 0.760339 0.671523 0.765604 0.667080 0.780083 0.676952 0.774489 0.682876 0.774983 0.686989 0.753758 0.710518 0.738950 0.699823 0.736482 0.697026
0 0.877755 0.678644 0.889766 0.689832 0.871338 0.713360 0.864757 0.716322 0.853897 0.699046 0.854062 0.696578 0.875451 0.678973 0.877755 0.678644
0 0.895471 0.687471 0.899040 0.684951 0.912900 0.692301 0.915000 0.698391 0.910800 0.705950 0.917940 0.711830 0.910170 0.724850 0.904290 0.726320 0.886021 0.709730 0.882661 0.703641 0.895471 0.687471
0 0.908971 0.773054 0.904364 0.775028 0.896960 0.767460 0.897125 0.764498 0.908313 0.756436 0.914236 0.755777 0.928880 0.769598 0.933652 0.766637 0.936942 0.769269 0.946321 0.778812 0.939575 0.790988 0.935955 0.794443 0.929703 0.797899 0.908971 0.773054
0 0.920536 0.644095 0.933936 0.649992 0.930452 0.658032 0.931792 0.665000 0.943317 0.667144 0.945729 0.669288 0.941441 0.682153 0.934740 0.686173 0.949213 0.692337 0.947069 0.700646 0.936348 0.700378 0.930452 0.696357 0.925628 0.696625 0.903651 0.684833 0.899899 0.674649 0.910619 0.657496 0.920536 0.644095
0 0.931256 0.629067 0.943317 0.615935 0.957789 0.602266 0.971726 0.593422 0.981910 0.602534 0.963953 0.634964 0.955645 0.631479 0.945729 0.642736 0.929380 0.633088 0.931256 0.629067
0 0.999011 0.676993 0.990569 0.680112 0.990301 0.683328 0.993249 0.686008 0.994321 0.690564 0.991641 0.692708 0.992981 0.704769 0.977972 0.706913 0.976632 0.698605 0.972344 0.695120 0.968242 0.682670 0.966634 0.660425 0.966738 0.657402 0.999011 0.654588 0.999011 0.676993
0 0.999011 0.654090 0.966758 0.656904 0.967354 0.639307 0.999011 0.641002 0.999011 0.654090
0 0.999011 0.640513 0.967373 0.638818 0.967438 0.636840 0.979150 0.611289 0.999011 0.615243 0.999011 0.640513
0 0.999011 0.614744 0.979365 0.610830 0.989682 0.588330 0.999011 0.589436 0.999011 0.614744
0 0.960915 0.543168 0.977295 0.554928 0.973095 0.561858 0.987164 0.575507 0.974985 0.583067 0.958815 0.572778 0.955666 0.569628 0.944116 0.559128 0.958605 0.542328 0.960915 0.543168
0 0.916265 0.553432 0.930317 0.565550 0.915363 0.579731 0.902858 0.565421 0.916265 0.553432
0 0.848813 0.551300 0.875272 0.530510 0.897321 0.553820 0.869182 0.579439 0.847133 0.553820 0.848813 0.551300
0 0.821176 0.602667 0.832364 0.593946 0.837136 0.596908 0.845692 0.608755 0.831871 0.616652 0.821176 0.602667
0 0.864855 0.604018 0.862880 0.602208 0.866335 0.598094 0.864690 0.596120 0.866006 0.593487 0.872094 0.594145 0.872752 0.598752 0.877524 0.606157 0.872423 0.609776 0.864855 0.604018
0 0.925689 0.509134 0.929943 0.514290 0.923368 0.519318 0.919759 0.514032 0.925689 0.509134
0 0.892805 0.453584 0.890666 0.458355 0.885401 0.455887 0.887869 0.450787 0.892970 0.452268 0.892805 0.453584
0 0.836930 0.999004 0.831367 0.995378 0.838200 0.984678 0.844775 0.981584 0.851865 0.987385 0.861792 0.997698 0.861252 0.999004 0.836930 0.999004
0 0.878164 0.985838 0.877133 0.984162 0.880356 0.977072 0.884352 0.974751 0.903948 0.987256 0.897502 0.997827 0.878164 0.985838
0 0.736565 0.857370 0.755465 0.857580 0.756515 0.887819 0.747485 0.888659 0.736775 0.887819 0.736565 0.857370
0 0.210652 0.458588 0.215062 0.466778 0.199522 0.474338 0.195112 0.465938 0.210652 0.458588
0 0.190913 0.429819 0.215692 0.429609 0.217582 0.446829 0.209602 0.452709 0.195322 0.453759 0.190913 0.429819
0 0.252747 0.393235 0.256737 0.411085 0.241198 0.414655 0.237838 0.408565 0.238258 0.395755 0.252747 0.393235
0 0.268664 0.217847 0.279293 0.213641 0.283493 0.228341 0.272574 0.232331 0.268664 0.217847
0 0.734578 0.805772 0.744586 0.805772 0.747088 0.825163 0.730200 0.825163 0.734578 0.805772
