0 0.959108 0.000001 0.967015 0.012169 0.932309 0.033037 0.927696 0.019857 0.918910 0.022713 0.908806 0.002944 0.921755 0.000002 0.959108 0.000001
0 0.999008 0.064983 0.963942 0.031067 0.973822 0.020085 0.999008 0.048385 0.999008 0.064983
4 0.880471 0.000003 0.881999 0.009314 0.865094 0.010632 0.862898 0.000004 0.880471 0.000003
0 0.861580 0.072575 0.898702 0.075431 0.898482 0.089928 0.862458 0.085755 0.861580 0.072575
4 0.999008 0.904936 0.989331 0.894789 0.999008 0.885423 0.999008 0.904936
0 0.999008 0.932078 0.997500 0.931206 0.990652 0.925029 0.982327 0.931474 0.973447 0.919071 0.983670 0.910393 0.993290 0.905804 0.999008 0.912697 0.999008 0.932078
4 0.999008 0.944978 0.991414 0.936666 0.997500 0.931206 0.999008 0.932078 0.999008 0.944978
0 0.957889 0.909856 0.966886 0.917510 0.960575 0.923686 0.955741 0.920061 0.956010 0.911736 0.957889 0.909856
0 0.877722 0.771550 0.889090 0.776054 0.882226 0.797075 0.870858 0.793429 0.877722 0.771550
0 0.886981 0.563885 0.944180 0.590442 0.944589 0.596366 0.935804 0.600452 0.880036 0.575529 0.885960 0.563681 0.886981 0.563885
