4 0.000008 0.486074 0.009660 0.497636 0.001300 0.505514 0.000008 0.503830 0.000008 0.486074
0 0.014784 0.499831 0.023854 0.508019 0.015162 0.513562 0.023728 0.524647 0.006597 0.541778 0.000008 0.537786 0.000008 0.509589 0.012391 0.497816 0.014784 0.499831
0 0.000008 0.817565 0.005588 0.814998 0.024465 0.840851 0.001073 0.857266 0.000008 0.855212 0.000008 0.817565
0 0.030332 0.819150 0.016368 0.829331 0.004084 0.810945 0.017168 0.801357 0.030332 0.819150
0 0.040654 0.812334 0.031309 0.819150 0.018145 0.801357 0.027881 0.794219 0.040654 0.812334
0 0.059375 0.799814 0.051182 0.805631 0.040654 0.813311 0.027881 0.795195 0.045273 0.782451 0.059375 0.799814
0 0.055356 0.778059 0.066886 0.793493 0.059375 0.798838 0.045273 0.781475 0.052230 0.776372 0.055356 0.778059
0 0.086464 0.780300 0.067734 0.793604 0.067863 0.793493 0.056333 0.778059 0.077299 0.765112 0.086464 0.780300
0 0.000008 0.884444 0.024278 0.873948 0.031297 0.891327 0.000008 0.904595 0.000008 0.884444
0 0.040783 0.999001 0.041768 0.986355 0.051664 0.986892 0.051916 0.985632 0.074842 0.987773 0.078495 0.988025 0.078097 0.999002 0.040783 0.999001
2 0.132119 0.786807 0.099649 0.797172 0.094109 0.781168 0.126689 0.771289 0.132119 0.786807
3 0.151207 0.763951 0.161816 0.759932 0.164154 0.766277 0.167616 0.776821 0.176441 0.773932 0.179365 0.780996 0.137970 0.794094 0.134687 0.786297 0.133096 0.786807 0.127666 0.771289 0.141219 0.767185 0.138551 0.757746 0.146554 0.753027 0.147100 0.752666 0.151207 0.763951
0 0.186890 0.767848 0.182538 0.769241 0.185137 0.779482 0.180342 0.780996 0.177418 0.773932 0.168592 0.776821 0.165130 0.766277 0.162793 0.759932 0.152183 0.763951 0.148076 0.752666 0.165381 0.741126 0.176051 0.737228 0.186890 0.767848
3 0.199803 0.778060 0.188723 0.782984 0.187676 0.780183 0.186113 0.779482 0.183514 0.769241 0.187866 0.767848 0.195289 0.764107 0.199803 0.778060
2 0.107486 0.765098 0.121342 0.761697 0.123484 0.770011 0.109502 0.773412 0.107486 0.765098
0 0.049986 0.759804 0.073772 0.743322 0.081964 0.754870 0.056796 0.771648 0.049986 0.759804
0 0.041269 0.881063 0.053937 0.872282 0.051291 0.868251 0.062124 0.860819 0.067719 0.868117 0.075926 0.862167 0.095214 0.891303 0.097266 0.927005 0.082903 0.928852 0.080318 0.898447 0.074776 0.888117 0.059660 0.898950 0.048323 0.884590 0.045678 0.886984 0.041269 0.881063
0 0.040375 0.836540 0.072301 0.811428 0.067960 0.804354 0.082750 0.794387 0.093200 0.805640 0.095933 0.803229 0.117114 0.832231 0.090030 0.853570 0.074641 0.835104 0.067870 0.841464 0.065407 0.838181 0.050429 0.849262 0.040375 0.836540
0 0.098252 0.853393 0.118940 0.837157 0.126534 0.875914 0.106894 0.888222 0.099823 0.877747 0.109513 0.871462 0.098252 0.853393
0 0.118940 0.837157 0.163982 0.830872 0.165554 0.848417 0.147746 0.849727 0.149056 0.856274 0.136991 0.856981 0.137956 0.864216 0.130239 0.865341 0.129757 0.860036 0.123326 0.859875 0.118940 0.837157
0 0.150387 0.874193 0.167770 0.874193 0.167896 0.883389 0.150639 0.883514 0.150387 0.874193
0 0.170779 0.827732 0.197775 0.823161 0.201554 0.840418 0.175227 0.845709 0.170779 0.827732
0 0.207421 0.813968 0.206192 0.811239 0.232689 0.799917 0.241458 0.817503 0.213852 0.828598 0.207421 0.813968
0 0.115949 0.809621 0.115744 0.808428 0.127585 0.806027 0.127207 0.804012 0.190554 0.790250 0.193222 0.802561 0.185425 0.804408 0.188978 0.819135 0.133595 0.829934 0.133184 0.824394 0.119437 0.827267 0.115949 0.809621
3 0.244731 0.715975 0.255619 0.726388 0.234075 0.745676 0.242693 0.754704 0.228535 0.766605 0.221969 0.759628 0.208837 0.770093 0.196116 0.756551 0.220761 0.737318 0.244731 0.715975
0 0.277670 0.658937 0.280299 0.656839 0.298885 0.683680 0.282371 0.697944 0.277209 0.691568 0.288319 0.683187 0.282853 0.674827 0.272564 0.683026 0.263239 0.670647 0.277670 0.658937
0 0.316937 0.902024 0.327606 0.884993 0.348125 0.898330 0.336224 0.916592 0.316937 0.902024
0 0.388120 0.919013 0.388100 0.918314 0.404702 0.920439 0.403095 0.930085 0.431711 0.933622 0.473901 0.942893 0.471234 0.970798 0.454409 0.967926 0.450715 0.981263 0.429368 0.978390 0.431145 0.966645 0.427394 0.966349 0.429496 0.953842 0.384978 0.945462 0.388120 0.919013
0 0.429586 0.856993 0.441894 0.861969 0.450536 0.871396 0.457868 0.888418 0.456035 0.899417 0.445036 0.896798 0.443989 0.904130 0.420420 0.900726 0.424429 0.855529 0.429586 0.856993
0 0.452705 0.905108 0.465427 0.906955 0.463375 0.926448 0.450653 0.924601 0.452705 0.905108
3 0.764433 0.744013 0.786826 0.733986 0.795850 0.753371 0.772455 0.763398 0.764433 0.744013
3 0.503546 0.060447 0.517499 0.039108 0.538222 0.051830 0.524065 0.073579 0.503546 0.060447
3 0.251411 0.035607 0.245871 0.052637 0.206681 0.042173 0.204218 0.047097 0.171807 0.037363 0.170879 0.037510 0.157715 0.032246 0.158257 0.030888 0.166875 0.010164 0.251411 0.035607
3 0.170879 0.037510 0.165438 0.052022 0.151896 0.046687 0.157715 0.032246 0.170879 0.037510
3 0.325845 0.586619 0.352348 0.551904 0.371013 0.564595 0.343763 0.598938 0.325845 0.586619
3 0.362427 0.543318 0.373252 0.528760 0.402742 0.552650 0.391544 0.566835 0.362427 0.543318
3 0.288190 0.651616 0.271800 0.639429 0.281046 0.627662 0.297645 0.639429 0.288190 0.651616
0 0.234853 0.780008 0.236557 0.786823 0.228503 0.788837 0.228813 0.791005 0.217505 0.794258 0.216576 0.792399 0.212394 0.792709 0.210380 0.787288 0.234853 0.780008
