0 0.727376 0.104274 0.753372 0.108379 0.753714 0.117614 0.757477 0.121719 0.753030 0.125482 0.749952 0.125140 0.744137 0.125140 0.742768 0.125824 0.746189 0.127192 0.745847 0.129929 0.741400 0.132665 0.741058 0.134033 0.737980 0.134717 0.733875 0.133349 0.726350 0.131297 0.719851 0.128902 0.718824 0.128218 0.720193 0.126850 0.723613 0.120351 0.723955 0.118983 0.726350 0.115904 0.727034 0.108379 0.727376 0.104274
0 0.769791 0.148400 0.770817 0.147715 0.793051 0.137112 0.803997 0.152846 0.808101 0.163792 0.802970 0.166529 0.785183 0.173370 0.769791 0.148400
0 0.875829 0.114536 0.909008 0.117957 0.913455 0.120009 0.910034 0.135401 0.880275 0.132665 0.873092 0.131639 0.874460 0.115220 0.875829 0.114536
0 0.749548 0.148712 0.757415 0.159316 0.757073 0.160684 0.754336 0.162395 0.750916 0.165473 0.750916 0.167526 0.750574 0.174709 0.743391 0.175393 0.730879 0.158643 0.748340 0.147734 0.749548 0.148712
0 0.744075 0.144266 0.747939 0.147402 0.730586 0.158252 0.721157 0.145634 0.723893 0.147002 0.741338 0.135714 0.744075 0.144266
0 0.823064 0.207302 0.849694 0.208175 0.848821 0.239607 0.821754 0.237425 0.823064 0.207302
0 0.603474 0.239607 0.608713 0.232622 0.608713 0.232186 0.608713 0.228693 0.644511 0.208175 0.651496 0.209485 0.655861 0.212104 0.659790 0.223018 0.658044 0.229130 0.652369 0.233059 0.649313 0.234369 0.640145 0.240917 0.623119 0.248339 0.609149 0.239607 0.603474 0.239607
0 0.651317 0.242743 0.652190 0.241433 0.653063 0.234448 0.663104 0.232702 0.667033 0.229209 0.669216 0.230082 0.669216 0.238377 0.667906 0.239250 0.651317 0.242743
0 0.691109 0.587579 0.687478 0.582133 0.713798 0.558536 0.732857 0.572150 0.731042 0.574872 0.728319 0.579410 0.727412 0.580318 0.706538 0.601192 0.691109 0.587579
0 0.642988 0.599287 0.642979 0.599291 0.645373 0.609210 0.642979 0.615025 0.638532 0.619472 0.624850 0.619472 0.623424 0.613131 0.619852 0.594055 0.637549 0.587490 0.642988 0.599287
0 0.620498 0.592500 0.615781 0.594033 0.615614 0.593476 0.608773 0.593134 0.606036 0.575005 0.607063 0.574321 0.607412 0.573623 0.613262 0.573096 0.620498 0.592500
0 0.627536 0.568365 0.637344 0.587041 0.620967 0.592354 0.615096 0.575303 0.619572 0.572559 0.627536 0.568365
0 0.652556 0.592450 0.649820 0.597923 0.643477 0.599189 0.636660 0.584395 0.648330 0.583496 0.652556 0.592450
0 0.643663 0.567479 0.646741 0.573979 0.642294 0.578083 0.646741 0.580136 0.648105 0.583027 0.636445 0.583926 0.628945 0.567656 0.640742 0.566016 0.643663 0.567479
0 0.838964 0.514580 0.860855 0.516291 0.859829 0.536472 0.844095 0.536472 0.839990 0.536472 0.838964 0.514580
0 0.089934 0.782351 0.116614 0.764564 0.127624 0.769229 0.141243 0.778246 0.145347 0.787482 0.138506 0.792613 0.130297 0.792613 0.124140 0.799454 0.114220 0.810742 0.104985 0.814504 0.100196 0.810058 0.096433 0.801164 0.090618 0.793639 0.087882 0.783377 0.089934 0.782351
0 0.120163 0.761629 0.121066 0.760856 0.120679 0.760211 0.120679 0.756859 0.122613 0.754410 0.125578 0.752734 0.128801 0.751831 0.129832 0.751058 0.134215 0.749253 0.137567 0.750156 0.139888 0.750929 0.140274 0.754023 0.142853 0.756215 0.143239 0.759566 0.141563 0.763821 0.140661 0.764594 0.132539 0.767173 0.126609 0.766915 0.120163 0.761629
0 0.732959 0.755439 0.728053 0.796787 0.728053 0.796700 0.726572 0.797194 0.719991 0.795055 0.715713 0.794890 0.705676 0.793245 0.706334 0.761654 0.718675 0.761983 0.717029 0.755731 0.718181 0.755237 0.717949 0.754971 0.732959 0.755439
0 0.729633 0.883002 0.761102 0.896000 0.746736 0.918234 0.740237 0.925075 0.738869 0.927470 0.722450 0.922681 0.720398 0.920286 0.723818 0.913103 0.723134 0.907630 0.722792 0.904894 0.722792 0.900789 0.726213 0.894290 0.729633 0.883002
0 0.601555 0.739252 0.604291 0.745067 0.603607 0.746435 0.603265 0.750198 0.590267 0.751908 0.587873 0.763196 0.584794 0.762170 0.576992 0.752578 0.590130 0.746010 0.580178 0.733042 0.577822 0.721865 0.582400 0.715650 0.601555 0.739252
0 0.579946 0.733600 0.579971 0.733574 0.589383 0.745838 0.576670 0.752197 0.560850 0.732753 0.563929 0.731385 0.572061 0.725898 0.579946 0.733600
0 0.791387 0.656309 0.787674 0.661875 0.797148 0.668193 0.785252 0.680697 0.766793 0.671034 0.764367 0.665277 0.767084 0.660630 0.779307 0.650098 0.791387 0.656309
0 0.798135 0.646172 0.791650 0.655898 0.779707 0.649756 0.781494 0.648218 0.786797 0.639043 0.798135 0.646172
0 0.715317 0.433507 0.730710 0.432823 0.732420 0.453346 0.723185 0.455398 0.719764 0.454030 0.715659 0.435901 0.715317 0.434533 0.715317 0.433507
0 0.959122 0.060633 0.963439 0.074452 0.944804 0.074452 0.943662 0.087461 0.919395 0.087700 0.912847 0.086826 0.915030 0.065435 0.915030 0.059760 0.909354 0.058013 0.959122 0.060633
0 0.953313 0.105214 0.961293 0.100567 0.967454 0.102991 0.969374 0.106123 0.971091 0.111779 0.961899 0.115719 0.960586 0.115719 0.953414 0.106931 0.953313 0.105214
0 0.786032 0.438705 0.784322 0.438705 0.799031 0.417839 0.809634 0.417839 0.819896 0.426391 0.819896 0.434258 0.822291 0.442810 0.816133 0.452045 0.809292 0.453413 0.786032 0.438705
0 0.784664 0.450677 0.784322 0.448967 0.791505 0.452387 0.791163 0.457176 0.801425 0.471542 0.793216 0.473595 0.791163 0.492408 0.787059 0.492066 0.778849 0.490698 0.778849 0.486935 0.780217 0.457518 0.783638 0.455466 0.784664 0.450677
0 0.821338 0.297142 0.837674 0.303495 0.839489 0.314386 0.839489 0.318924 0.831321 0.319832 0.814985 0.325277 0.809539 0.315294 0.813170 0.310756 0.814077 0.309848 0.815892 0.298050 0.821338 0.297142
0 0.972204 0.087864 0.981170 0.078898 0.989575 0.089265 0.982571 0.097109 0.972204 0.087864
0 0.747991 0.754350 0.758617 0.755530 0.758111 0.766494 0.747653 0.765651 0.747991 0.754350
