0 0.000010 0.619274 0.016684 0.630095 0.017786 0.633950 0.012554 0.640191 0.004293 0.648360 0.000010 0.645866 0.000010 0.619274
0 0.003911 0.677558 0.014676 0.666643 0.011386 0.664401 0.027235 0.649151 0.032019 0.649001 0.047120 0.656178 0.054745 0.664102 0.046222 0.675166 0.043980 0.675016 0.042186 0.677408 0.034860 0.688771 0.037102 0.690416 0.023646 0.702676 0.005107 0.690117 0.010938 0.682193 0.003911 0.677558
4 0.000010 0.709304 0.010151 0.715755 0.000010 0.729702 0.000010 0.709304
0 0.035712 0.929249 0.049832 0.911884 0.054794 0.910358 0.082653 0.927340 0.068723 0.947376 0.035712 0.929249
0 0.084967 0.869583 0.097227 0.881544 0.102161 0.877657 0.106347 0.884833 0.105002 0.888571 0.116963 0.899934 0.111879 0.909203 0.106497 0.905615 0.105151 0.906662 0.096181 0.897841 0.094985 0.898738 0.089004 0.893953 0.082127 0.899037 0.069717 0.885431 0.075847 0.878853 0.084967 0.869583
0 0.091562 0.847252 0.111711 0.851587 0.108783 0.862481 0.088165 0.860490 0.091562 0.847252
0 0.099906 0.946408 0.112500 0.936868 0.135207 0.960529 0.122804 0.968543 0.099906 0.946408
0 0.139304 0.937997 0.153615 0.930746 0.169644 0.956316 0.153806 0.964139 0.139304 0.937997
4 0.120174 0.999002 0.140478 0.989028 0.153835 0.999002 0.120174 0.999002
0 0.315362 0.941834 0.328269 0.922108 0.326077 0.919672 0.335575 0.905547 0.351405 0.911392 0.359929 0.918942 0.336062 0.951332 0.315362 0.941834
0 0.356853 0.951914 0.370442 0.951680 0.369622 0.964097 0.363062 0.967260 0.356385 0.964566 0.356853 0.951914
0 0.436139 0.937113 0.452943 0.938088 0.467743 0.943023 0.463644 0.950519 0.453688 0.945014 0.454161 0.947342 0.460736 0.956109 0.450264 0.964146 0.437357 0.947098 0.436139 0.937113
0 0.470234 0.942715 0.496049 0.952213 0.489474 0.963172 0.463172 0.953187 0.470234 0.942715
0 0.498332 0.953669 0.521057 0.964882 0.514479 0.977291 0.492351 0.964134 0.498332 0.953669
0 0.472510 0.964364 0.483054 0.973619 0.475205 0.980530 0.465482 0.972096 0.471339 0.967293 0.472510 0.964364
0 0.485045 0.974907 0.493479 0.982756 0.483991 0.990253 0.476376 0.981702 0.485045 0.974907
0 0.590802 0.978291 0.562439 0.983541 0.538822 0.968749 0.546763 0.959054 0.553060 0.961916 0.561837 0.938636 0.577484 0.941117 0.578438 0.937492 0.590423 0.940411 0.590802 0.978291
0 0.362011 0.788053 0.366053 0.807314 0.354239 0.812186 0.357544 0.819890 0.343324 0.827822 0.328576 0.802328 0.362011 0.788053
3 0.589075 0.805697 0.578070 0.823231 0.559749 0.810998 0.588783 0.776529 0.589075 0.805697
0 0.085618 0.358643 0.100474 0.333559 0.138953 0.355234 0.133839 0.363758 0.125232 0.358847 0.111190 0.351581 0.102659 0.363780 0.100717 0.366437 0.085618 0.358643
0 0.034368 0.215515 0.039997 0.219864 0.036521 0.224124 0.030891 0.219736 0.034368 0.215515
0 0.085618 0.358643 0.100717 0.366437 0.102659 0.363780 0.118206 0.370208 0.125232 0.358847 0.133839 0.363758 0.117757 0.389342 0.091896 0.374842 0.086215 0.382017 0.074107 0.374693 0.085618 0.358643
0 0.146802 0.903372 0.161536 0.904057 0.161878 0.913652 0.147830 0.914680 0.146802 0.903372
0 0.339713 0.952028 0.356508 0.958711 0.356385 0.964566 0.337828 0.956826 0.339713 0.952028
0 0.523065 0.965663 0.532887 0.971966 0.525704 0.984721 0.515881 0.979150 0.523065 0.965663
