3 0.000008 0.378564 0.013660 0.405426 0.004980 0.414502 0.000008 0.405469 0.000008 0.378564
0 0.167119 0.262056 0.168817 0.253705 0.187806 0.254274 0.186478 0.262341 0.167119 0.262056
0 0.012971 0.126843 0.028738 0.113240 0.039713 0.122051 0.047442 0.116487 0.056425 0.124006 0.031922 0.144682 0.012971 0.126843
0 0.342653 0.152059 0.345435 0.150668 0.362903 0.149276 0.365067 0.154532 0.364758 0.165043 0.345077 0.168400 0.342653 0.152059
0 0.362064 0.243304 0.363919 0.261390 0.345370 0.264481 0.346017 0.273703 0.331840 0.275378 0.331843 0.282953 0.321565 0.285349 0.317700 0.265873 0.309044 0.266336 0.307189 0.252270 0.299305 0.252115 0.297141 0.232020 0.310281 0.230938 0.318164 0.227537 0.338080 0.226146 0.341815 0.243768 0.361137 0.242377 0.362064 0.243304
3 0.363013 0.317746 0.386965 0.311275 0.396184 0.330162 0.393710 0.332635 0.395874 0.335417 0.398811 0.341446 0.401748 0.356904 0.395874 0.359377 0.395256 0.363396 0.383136 0.366108 0.376088 0.364324 0.369498 0.365199 0.361375 0.339507 0.371170 0.336844 0.363013 0.317746
3 0.383136 0.366108 0.391845 0.397731 0.366705 0.404401 0.363746 0.390986 0.375189 0.388026 0.369498 0.365199 0.376088 0.364324 0.383136 0.366108
0 0.447332 0.387381 0.454906 0.396655 0.445167 0.403920 0.436975 0.394337 0.447332 0.387381
0 0.460168 0.380856 0.461985 0.379161 0.505465 0.352273 0.517093 0.368866 0.502801 0.377465 0.501348 0.377465 0.497351 0.372499 0.466466 0.390788 0.460168 0.380856
0 0.485195 0.286128 0.500978 0.286720 0.501767 0.310592 0.503543 0.314143 0.503937 0.327953 0.494270 0.329728 0.484801 0.314340 0.485195 0.286128
0 0.443326 0.169690 0.536993 0.113288 0.552856 0.131417 0.554115 0.134691 0.565445 0.140230 0.566956 0.153827 0.546057 0.163647 0.497461 0.194114 0.456419 0.197135 0.441815 0.172963 0.443326 0.169690
0 0.461133 0.089711 0.456173 0.134635 0.424470 0.132105 0.434616 0.090509 0.455392 0.089764 0.461133 0.089711
3 0.537753 0.443808 0.560047 0.426447 0.568333 0.431971 0.573659 0.439468 0.548407 0.459197 0.537753 0.443808
0 0.652782 0.442831 0.672905 0.434150 0.680007 0.447368 0.682967 0.454865 0.685137 0.460192 0.671721 0.466702 0.669157 0.462165 0.659292 0.465716 0.651204 0.445198 0.652782 0.442831
0 0.668202 0.478549 0.687678 0.467264 0.691388 0.472365 0.695098 0.481176 0.683814 0.488132 0.681804 0.484732 0.672993 0.488442 0.668202 0.478549
0 0.999008 0.270267 0.989195 0.263115 0.996284 0.252524 0.999008 0.253985 0.999008 0.270267
0 0.995049 0.254027 0.993150 0.256751 0.986677 0.265751 0.983733 0.263734 0.989345 0.254865 0.987142 0.253940 0.983524 0.261486 0.974649 0.257063 0.983550 0.243199 0.995049 0.254027
0 0.968597 0.315802 0.945103 0.315380 0.945629 0.311378 0.951820 0.311659 0.951960 0.305047 0.941023 0.304265 0.944962 0.272892 0.960578 0.273877 0.959453 0.289634 0.969723 0.290197 0.968597 0.315802
0 0.999008 0.466442 0.980021 0.468544 0.978037 0.456198 0.999008 0.452852 0.999008 0.466442
0 0.203358 0.624570 0.201812 0.622251 0.228400 0.592418 0.254987 0.613286 0.228554 0.644820 0.203358 0.624570
0 0.174069 0.615346 0.181821 0.619707 0.177703 0.625884 0.171041 0.621766 0.174069 0.615346
4 0.432171 0.089981 0.431654 0.094511 0.416814 0.095593 0.371523 0.098221 0.372102 0.090540 0.432171 0.089981
0 0.398162 0.301284 0.405347 0.293300 0.410137 0.286115 0.419717 0.281325 0.435684 0.280527 0.476398 0.280527 0.474003 0.297292 0.454045 0.301284 0.414927 0.322838 0.398162 0.301284
0 0.073843 0.244027 0.099666 0.245228 0.100067 0.288668 0.071841 0.289268 0.073843 0.244027
2 0.313905 0.332632 0.321994 0.333335 0.322697 0.352327 0.314609 0.352327 0.313905 0.332632
2 0.310970 0.360071 0.323875 0.359927 0.324348 0.383627 0.310962 0.384331 0.310970 0.360071
3 0.531584 0.431360 0.541923 0.426369 0.547270 0.434212 0.536219 0.440807 0.531584 0.431360
4 0.232595 0.584236 0.241917 0.589674 0.238356 0.595728 0.228695 0.589789 0.232595 0.584236
