0 0.221769 0.013143 0.251356 0.013370 0.251056 0.027873 0.221226 0.027574 0.221769 0.013143
0 0.099954 0.039073 0.110380 0.032278 0.117175 0.043524 0.106163 0.048796 0.099954 0.039073
0 0.087456 0.027026 0.096710 0.022691 0.104090 0.033586 0.094133 0.038272 0.087456 0.027026
0 0.157551 0.175583 0.174916 0.176347 0.173389 0.205542 0.156216 0.204397 0.156788 0.191612 0.157551 0.175583
0 0.156788 0.191612 0.156216 0.204397 0.149155 0.203824 0.150109 0.191421 0.156788 0.191612
0 0.140569 0.120093 0.152024 0.128121 0.146629 0.136808 0.135192 0.127474 0.140569 0.120093
0 0.175536 0.052805 0.185411 0.052580 0.185319 0.067174 0.175498 0.066898 0.175536 0.052805
0 0.175183 0.069495 0.176553 0.076000 0.176350 0.083048 0.178262 0.083076 0.178917 0.086592 0.179044 0.089837 0.176103 0.093959 0.173032 0.093565 0.172905 0.095677 0.166157 0.095537 0.166157 0.092719 0.158400 0.092133 0.159396 0.072603 0.165164 0.072849 0.165206 0.068930 0.175183 0.069495
0 0.135737 0.082660 0.144944 0.091821 0.132409 0.105410 0.122335 0.094984 0.135737 0.082660
0 0.152733 0.129000 0.165216 0.132396 0.157161 0.162447 0.141652 0.156631 0.152733 0.129000
0 0.204418 0.126183 0.204418 0.136678 0.213810 0.136652 0.213800 0.150751 0.190443 0.151123 0.190561 0.126606 0.204418 0.126183
0 0.193035 0.097685 0.193660 0.112890 0.193228 0.116633 0.177309 0.110846 0.179001 0.096029 0.193035 0.097685
0 0.207134 0.096064 0.206686 0.116846 0.206279 0.116777 0.205254 0.096035 0.207134 0.096064
0 0.207134 0.096064 0.221936 0.096961 0.222086 0.092027 0.230010 0.092176 0.229711 0.098456 0.239578 0.098755 0.238831 0.109819 0.234046 0.109370 0.233299 0.117145 0.223730 0.116995 0.223730 0.109370 0.219693 0.109370 0.219095 0.116547 0.206686 0.116846 0.207134 0.096064
0 0.247171 0.118809 0.258369 0.118533 0.258736 0.132393 0.247354 0.132760 0.247171 0.118809
0 0.237205 0.137537 0.246475 0.136939 0.247671 0.160562 0.238102 0.161608 0.237205 0.137537
0 0.198064 0.168881 0.216001 0.169263 0.215810 0.184528 0.197492 0.183574 0.198064 0.168881
0 0.217146 0.179567 0.218100 0.169263 0.229549 0.170217 0.236609 0.170789 0.235083 0.189871 0.228404 0.189871 0.228976 0.180712 0.217146 0.179567
0 0.198814 0.191654 0.222829 0.192474 0.222712 0.200439 0.198931 0.200088 0.198814 0.191654
0 0.213810 0.136652 0.228288 0.136193 0.227989 0.150397 0.213800 0.150751 0.213810 0.136652
0 0.106163 0.048796 0.117175 0.043524 0.129085 0.061752 0.115934 0.068084 0.106163 0.048796
0 0.312908 0.237797 0.323787 0.250229 0.298626 0.273038 0.289343 0.262377 0.312908 0.237797
4 0.860430 0.277498 0.867890 0.263822 0.876904 0.268485 0.869133 0.282782 0.860430 0.277498
