0 0.018968 0.573508 0.038444 0.556905 0.047544 0.563450 0.053291 0.571752 0.031101 0.592026 0.020565 0.582128 0.024396 0.578457 0.018968 0.573508
0 0.039562 0.593782 0.054728 0.580851 0.062710 0.589472 0.047544 0.602882 0.039562 0.593782
0 0.019411 0.528752 0.047029 0.512948 0.061875 0.531786 0.050700 0.539608 0.046071 0.534978 0.041761 0.538331 0.047987 0.545036 0.039366 0.550464 0.028191 0.541045 0.019411 0.528752
0 0.047987 0.545036 0.055072 0.552939 0.047317 0.559693 0.039366 0.550464 0.047987 0.545036
3 0.060737 0.553306 0.067461 0.551065 0.078463 0.553917 0.081723 0.558807 0.069295 0.575107 0.060737 0.553306
3 0.069155 0.583256 0.090569 0.564451 0.112059 0.586640 0.099629 0.597349 0.091194 0.587288 0.081254 0.595417 0.069155 0.583256
3 0.069962 0.603092 0.076826 0.595589 0.099176 0.618578 0.092631 0.625283 0.069962 0.603092
3 0.096143 0.612352 0.115779 0.600858 0.123601 0.611713 0.109393 0.620972 0.107797 0.618099 0.101890 0.622090 0.096143 0.612352
0 0.000008 0.699477 0.008282 0.710737 0.006223 0.712207 0.016220 0.723380 0.005341 0.731318 0.006812 0.733376 0.000008 0.739152 0.000008 0.699477
0 0.000008 0.761100 0.001971 0.759441 0.014386 0.772910 0.009633 0.776912 0.015512 0.783667 0.002628 0.793799 0.000008 0.790556 0.000008 0.761100
0 0.000771 0.796647 0.002628 0.794775 0.015512 0.784643 0.018467 0.782425 0.027473 0.788179 0.013927 0.802026 0.009837 0.806191 0.000771 0.796647
0 0.026497 0.787202 0.030124 0.789829 0.033376 0.785701 0.042007 0.791580 0.024746 0.811343 0.012951 0.801049 0.026497 0.787202
0 0.022353 0.814057 0.025722 0.811343 0.042984 0.791580 0.055750 0.776782 0.068133 0.785288 0.075138 0.795170 0.064631 0.804801 0.070760 0.811806 0.051497 0.827941 0.043241 0.818560 0.036237 0.825315 0.022353 0.814057
0 0.046720 0.832194 0.052473 0.827941 0.071736 0.811806 0.074988 0.809179 0.090999 0.826815 0.070485 0.846203 0.046720 0.832194
3 0.000008 0.822513 0.011721 0.836527 0.023620 0.848685 0.009412 0.860977 0.000008 0.849492 0.000008 0.822513
2 0.011721 0.835550 0.020352 0.823417 0.042241 0.836801 0.023620 0.847708 0.011721 0.835550
0 0.022459 0.851289 0.048743 0.837655 0.062252 0.850539 0.055562 0.854238 0.031857 0.865549 0.022459 0.851289
0 0.030880 0.865549 0.035432 0.877720 0.020840 0.883059 0.022117 0.887209 0.006632 0.893435 0.001044 0.878269 0.011421 0.874598 0.010463 0.872522 0.030880 0.865549
0 0.055562 0.854238 0.059487 0.879843 0.041296 0.887973 0.036408 0.877720 0.031857 0.865549 0.055562 0.854238
3 0.122214 0.706209 0.132591 0.698227 0.140094 0.708125 0.129398 0.716426 0.122214 0.706209
0 0.115829 0.685296 0.126365 0.668055 0.151269 0.683381 0.140892 0.700143 0.115829 0.685296
3 0.153025 0.679709 0.175854 0.665182 0.182239 0.675558 0.160148 0.689899 0.153025 0.679709
3 0.214427 0.718627 0.229096 0.710681 0.234801 0.721683 0.220335 0.729426 0.214427 0.718627
0 0.254056 0.641642 0.277683 0.633181 0.283110 0.647230 0.259164 0.656010 0.254056 0.641642
0 0.276040 0.594952 0.287853 0.590961 0.287853 0.580744 0.304616 0.584256 0.304456 0.590163 0.309405 0.604052 0.296474 0.608203 0.295037 0.603892 0.280510 0.608682 0.276040 0.594952
0 0.314276 0.620875 0.336384 0.613311 0.347559 0.641408 0.326486 0.648273 0.324411 0.642047 0.318025 0.644601 0.312598 0.629275 0.316110 0.627519 0.314276 0.620875
3 0.406470 0.626986 0.410621 0.617886 0.433609 0.628901 0.434998 0.644020 0.424829 0.645823 0.422594 0.636085 0.406470 0.626986
0 0.434998 0.644020 0.454522 0.649814 0.453085 0.656839 0.468730 0.660830 0.465218 0.688128 0.429299 0.681583 0.434998 0.644020
0 0.352696 0.742764 0.369338 0.740944 0.371418 0.767728 0.353996 0.768508 0.352696 0.742764
0 0.426747 0.812247 0.425629 0.846570 0.412858 0.845612 0.414295 0.807617 0.418126 0.807617 0.418924 0.790695 0.431696 0.791493 0.431855 0.786225 0.443828 0.786864 0.443509 0.808256 0.452609 0.808894 0.451810 0.849922 0.437762 0.848805 0.438879 0.820867 0.436325 0.821346 0.436644 0.812885 0.426747 0.812247
3 0.347426 0.904259 0.345174 0.904259 0.345174 0.892126 0.359059 0.893127 0.359184 0.914141 0.347577 0.913516 0.347426 0.904259
3 0.392914 0.960141 0.392506 0.965439 0.380689 0.964012 0.381912 0.945879 0.390061 0.946898 0.390265 0.944249 0.412677 0.945675 0.412677 0.948731 0.444869 0.954232 0.437127 0.989073 0.425106 0.986425 0.413085 0.986832 0.413696 0.974607 0.420420 0.974403 0.420012 0.970736 0.426125 0.971143 0.427755 0.963809 0.417975 0.962790 0.418994 0.957492 0.407991 0.955455 0.407584 0.961160 0.392914 0.960141
2 0.412720 0.974607 0.412108 0.986832 0.424129 0.986425 0.423722 0.997351 0.391326 0.995314 0.392141 0.972902 0.412720 0.974607
