0 0.954677 0.008201 0.972094 0.013507 0.973248 0.011776 0.988705 0.018813 0.983398 0.034731 0.969903 0.029194 0.971056 0.025042 0.962751 0.021696 0.957560 0.034962 0.943949 0.028963 0.950178 0.007162 0.954677 0.008201
0 0.999009 0.039436 0.986029 0.033894 0.991632 0.018349 0.999009 0.021456 0.999009 0.039436
0 0.563015 0.206800 0.579270 0.190065 0.591979 0.205212 0.575984 0.219672 0.563015 0.206800
0 0.776701 0.221821 0.785196 0.213416 0.797849 0.227876 0.789354 0.236191 0.776701 0.221821
0 0.059104 0.768653 0.073062 0.768076 0.074446 0.783302 0.059450 0.783648 0.059104 0.768653
0 0.140656 0.732779 0.167186 0.732433 0.168109 0.742930 0.170877 0.743276 0.170877 0.754580 0.138580 0.752735 0.140656 0.732779
0 0.186947 0.758187 0.188574 0.770297 0.172125 0.772286 0.172486 0.761079 0.186947 0.758187
4 0.835388 0.660307 0.852447 0.660129 0.852713 0.667148 0.835565 0.667148 0.835388 0.660307
4 0.787985 0.479486 0.785334 0.474979 0.795229 0.468718 0.796522 0.471002 0.796681 0.466760 0.800111 0.466842 0.799997 0.472919 0.798060 0.472858 0.787985 0.479486
2 0.182037 0.705016 0.179273 0.705794 0.177545 0.698970 0.172190 0.700352 0.169945 0.690852 0.187823 0.686706 0.190155 0.695688 0.184714 0.697329 0.186441 0.703721 0.207689 0.699057 0.211575 0.714258 0.185923 0.720563 0.182037 0.705016
