0 0.241751 0.999006 0.242443 0.996843 0.274169 0.987527 0.276002 0.999006 0.241751 0.999006
0 0.310394 0.976448 0.314273 0.999007 0.279801 0.999006 0.277394 0.985497 0.309521 0.974082 0.310394 0.976448
0 0.359533 0.978495 0.355233 0.986942 0.354453 0.988896 0.319761 0.999007 0.316472 0.999007 0.312709 0.975970 0.311334 0.972908 0.319594 0.970503 0.357666 0.961699 0.359533 0.978495
0 0.392246 0.963083 0.391937 0.971276 0.385444 0.974985 0.387145 0.983024 0.356538 0.993999 0.355010 0.988809 0.355679 0.987144 0.360035 0.978586 0.358145 0.961582 0.365040 0.959991 0.387145 0.953190 0.392246 0.963083
0 0.354065 0.947316 0.371378 0.938969 0.380034 0.940205 0.384208 0.948398 0.375706 0.955509 0.359011 0.958909 0.354065 0.947316
0 0.321802 0.924821 0.323966 0.937651 0.323657 0.951099 0.295833 0.962847 0.285167 0.961302 0.273728 0.944607 0.274965 0.939506 0.278057 0.933478 0.284692 0.927547 0.308040 0.922250 0.310307 0.925812 0.315123 0.925233 0.321802 0.924821
0 0.310139 0.917631 0.282385 0.921111 0.283311 0.912926 0.305572 0.908745 0.314251 0.909746 0.314840 0.914317 0.309983 0.914479 0.310139 0.917631
0 0.328760 0.893540 0.349080 0.887818 0.362101 0.887424 0.366836 0.892356 0.368020 0.899853 0.362101 0.903798 0.363557 0.916393 0.341396 0.923079 0.335073 0.924908 0.329746 0.907547 0.325801 0.903009 0.315936 0.900642 0.316331 0.890778 0.326195 0.889791 0.328760 0.893540
0 0.393408 0.879933 0.399451 0.880437 0.395925 0.897559 0.372005 0.896048 0.371045 0.882178 0.393447 0.878887 0.393408 0.879933
4 0.393467 0.878389 0.371016 0.881689 0.370998 0.881444 0.363192 0.881444 0.360423 0.844431 0.394918 0.840906 0.393467 0.878389
0 0.389492 0.757576 0.388485 0.788043 0.364565 0.788547 0.363054 0.758583 0.360788 0.756065 0.361544 0.751029 0.376399 0.752037 0.378665 0.756317 0.389492 0.757576
0 0.447153 0.788295 0.452440 0.800884 0.430031 0.816244 0.422477 0.804913 0.440354 0.787539 0.447153 0.788295
0 0.403170 0.710413 0.407955 0.718973 0.404681 0.730808 0.390581 0.735088 0.369430 0.735088 0.363387 0.712930 0.396624 0.709909 0.403170 0.710413
0 0.360869 0.717966 0.361121 0.739620 0.348783 0.742894 0.321590 0.746671 0.315547 0.741886 0.316302 0.714189 0.325115 0.710916 0.347524 0.711923 0.350798 0.715952 0.360869 0.717966
0 0.425527 0.684869 0.425921 0.699074 0.412900 0.700652 0.406587 0.684672 0.420594 0.681713 0.425527 0.684869
0 0.495820 0.666179 0.500605 0.683553 0.470893 0.698912 0.457045 0.674237 0.462584 0.670208 0.463591 0.664669 0.488015 0.658374 0.495820 0.666179
0 0.506899 0.681790 0.519489 0.682798 0.526287 0.696142 0.507403 0.721322 0.486756 0.706214 0.506899 0.681790
0 0.311383 0.793306 0.304083 0.793701 0.278831 0.793109 0.279620 0.770421 0.277113 0.740778 0.228084 0.743445 0.223788 0.715576 0.305743 0.714205 0.309015 0.739447 0.311383 0.793306
0 0.110451 0.999003 0.109864 0.992132 0.120122 0.987792 0.128803 0.988187 0.147348 0.988384 0.149799 0.999004 0.110451 0.999003
0 0.118150 0.966485 0.119531 0.981084 0.115585 0.987003 0.104142 0.995092 0.094824 0.994199 0.093921 0.975754 0.088135 0.974551 0.087768 0.959777 0.116769 0.959777 0.118150 0.966485
0 0.093452 0.976156 0.094336 0.994150 0.078089 0.997169 0.077706 0.976152 0.088162 0.975758 0.088145 0.975059 0.093452 0.976156
0 0.049258 0.972588 0.055967 0.976104 0.055167 0.980280 0.055954 0.992863 0.052382 0.999002 0.044212 0.999002 0.024941 0.982109 0.036364 0.972060 0.049258 0.972588
0 0.035487 0.948927 0.043970 0.955240 0.041603 0.961750 0.052453 0.967274 0.049111 0.972100 0.036188 0.971564 0.024570 0.981787 0.024439 0.981676 0.013391 0.973193 0.011567 0.958238 0.000012 0.952735 0.000012 0.939429 0.006683 0.933341 0.022485 0.939825 0.035487 0.948927
0 0.022861 0.895660 0.017928 0.913218 0.030357 0.920123 0.022485 0.939825 0.006553 0.933447 0.006683 0.933341 0.000012 0.927836 0.000012 0.897356 0.010037 0.889346 0.022861 0.895660
0 0.060937 0.978717 0.069420 0.979506 0.070209 0.994302 0.069062 0.999002 0.052950 0.999002 0.056450 0.992980 0.055658 0.980311 0.056416 0.976348 0.060937 0.978717
0 0.000012 0.868197 0.009196 0.849677 0.014523 0.850466 0.022020 0.856779 0.014720 0.886964 0.004067 0.891304 0.000012 0.889337 0.000012 0.868197
0 0.043919 0.872562 0.062661 0.874929 0.060490 0.893474 0.044313 0.896828 0.032871 0.900379 0.028594 0.897217 0.037963 0.882613 0.040283 0.872197 0.043919 0.872562
0 0.039785 0.872148 0.037506 0.882422 0.028203 0.896924 0.014720 0.886964 0.022414 0.870392 0.039785 0.872148
0 0.048638 0.927642 0.037507 0.947155 0.022485 0.939825 0.030357 0.920123 0.030811 0.918271 0.048638 0.927642
0 0.073511 0.898801 0.066606 0.920108 0.049640 0.918135 0.046377 0.924717 0.030928 0.917783 0.032081 0.913005 0.040367 0.898209 0.060490 0.893474 0.073511 0.898801
0 0.083178 0.913005 0.099158 0.932931 0.077852 0.944176 0.068382 0.937863 0.061280 0.923461 0.075090 0.914386 0.083178 0.913005
0 0.109812 0.940428 0.109615 0.950095 0.108036 0.952265 0.084165 0.951871 0.085348 0.943190 0.101131 0.939639 0.109812 0.940428
0 0.176991 0.996522 0.163490 0.997866 0.134031 0.962111 0.153922 0.949773 0.160469 0.953047 0.167267 0.952291 0.173310 0.963622 0.172051 0.968910 0.186403 0.985780 0.176991 0.996522
0 0.166006 0.917422 0.164795 0.919301 0.169122 0.934247 0.165010 0.937627 0.159537 0.938082 0.127491 0.943561 0.118896 0.917762 0.137046 0.912435 0.137441 0.909673 0.161115 0.909081 0.166006 0.917422
0 0.200572 0.929401 0.200572 0.943409 0.166836 0.946960 0.166639 0.937490 0.165859 0.937559 0.169680 0.934420 0.165326 0.919379 0.166289 0.917891 0.166442 0.918156 0.195048 0.915591 0.200572 0.929401
0 0.096816 0.919390 0.095237 0.918798 0.099972 0.892164 0.117333 0.893151 0.111218 0.920573 0.096816 0.919390
0 0.109837 0.858428 0.155804 0.860204 0.157382 0.869674 0.162906 0.875198 0.160736 0.890389 0.159355 0.898872 0.129762 0.896504 0.124238 0.895518 0.127000 0.882103 0.114571 0.880524 0.108857 0.883086 0.109068 0.870064 0.108623 0.858408 0.109837 0.858428
0 0.108135 0.858408 0.108580 0.870070 0.108369 0.883311 0.104904 0.884865 0.090108 0.885851 0.067617 0.879341 0.066828 0.857836 0.108135 0.858408
0 0.219527 0.873028 0.227024 0.875000 0.226432 0.897886 0.220119 0.900450 0.188159 0.900450 0.185200 0.894137 0.184844 0.874893 0.219521 0.872647 0.219527 0.873028
0 0.218344 0.829822 0.219502 0.872158 0.184834 0.874404 0.184411 0.851523 0.196445 0.850537 0.196445 0.829230 0.218344 0.829822
0 0.102743 0.761089 0.101615 0.776959 0.104530 0.778708 0.103947 0.796487 0.099866 0.796487 0.101197 0.801434 0.091304 0.801279 0.089604 0.811945 0.065953 0.809163 0.066108 0.798188 0.059152 0.797260 0.063016 0.757070 0.070745 0.757843 0.073837 0.747795 0.091149 0.748568 0.092077 0.756915 0.102743 0.761089
0 0.000699 0.795201 0.013550 0.795183 0.012880 0.805028 0.022660 0.805960 0.021632 0.826274 0.000012 0.822490 0.000012 0.822009 0.000699 0.795201
0 0.553339 0.820047 0.560166 0.834541 0.542564 0.841075 0.533444 0.822371 0.548154 0.811514 0.553339 0.820047
0 0.570071 0.805413 0.579932 0.816973 0.578110 0.819972 0.565905 0.832419 0.560635 0.834375 0.553770 0.819815 0.548545 0.811221 0.549984 0.810160 0.558795 0.802431 0.558701 0.802197 0.564925 0.800419 0.570071 0.805413
0 0.585822 0.793621 0.588072 0.803583 0.580205 0.816533 0.570427 0.805079 0.565062 0.799872 0.558525 0.801738 0.556785 0.797175 0.568224 0.785427 0.573932 0.782373 0.585822 0.793621
0 0.530719 0.793563 0.541660 0.801533 0.531620 0.815681 0.529648 0.821402 0.534580 0.834225 0.532607 0.839749 0.515048 0.835409 0.505381 0.826531 0.510511 0.809170 0.522900 0.790957 0.530719 0.793563
0 0.546614 0.770699 0.546846 0.770518 0.548688 0.775497 0.553740 0.789160 0.547826 0.792852 0.541943 0.801133 0.530945 0.793124 0.523184 0.790537 0.523532 0.790033 0.519783 0.784904 0.535763 0.765965 0.546614 0.770699
0 0.575440 0.754458 0.586462 0.766812 0.563571 0.783041 0.554170 0.788897 0.549146 0.775328 0.547246 0.770195 0.568118 0.753536 0.575440 0.754458
0 0.507347 0.832963 0.518592 0.842433 0.510701 0.860583 0.496694 0.872223 0.478741 0.849733 0.497878 0.833555 0.503007 0.835331 0.507347 0.832963
0 0.460971 0.854481 0.475373 0.863754 0.477543 0.881510 0.461958 0.888217 0.453571 0.880175 0.440206 0.873537 0.442032 0.863557 0.454658 0.854284 0.460971 0.854481
0 0.539413 0.844911 0.548093 0.856551 0.537440 0.861089 0.530337 0.849449 0.539413 0.844911
0 0.584788 0.834652 0.587945 0.853592 0.567035 0.855209 0.559733 0.840176 0.584788 0.834652
0 0.686530 0.825790 0.687319 0.836246 0.678639 0.844729 0.665234 0.843848 0.670004 0.832944 0.670117 0.824395 0.670155 0.824409 0.680020 0.823817 0.686530 0.825790
0 0.669629 0.824170 0.669517 0.832839 0.664717 0.843809 0.660686 0.843545 0.637800 0.835654 0.641154 0.825000 0.647467 0.814150 0.669629 0.824170
0 0.503473 0.813438 0.503627 0.831369 0.496101 0.826478 0.491057 0.816114 0.503473 0.813438
0 0.735912 0.826522 0.759562 0.838579 0.752452 0.862075 0.724628 0.845535 0.735912 0.826522
0 0.764045 0.838888 0.783677 0.848163 0.779812 0.863003 0.774557 0.870886 0.755389 0.859757 0.764045 0.838888
0 0.785532 0.850636 0.791872 0.852952 0.791452 0.857565 0.810840 0.864923 0.813201 0.872123 0.809800 0.883253 0.779812 0.869804 0.783058 0.862230 0.785532 0.850636
0 0.819732 0.862846 0.836568 0.869386 0.833782 0.890582 0.813434 0.882830 0.818400 0.864178 0.819732 0.862846
0 0.861396 0.882709 0.854493 0.896637 0.839232 0.889492 0.840080 0.871930 0.844561 0.868175 0.845130 0.862807 0.853727 0.865323 0.854356 0.871194 0.861518 0.877380 0.861396 0.882709
0 0.729050 0.810288 0.720764 0.820547 0.710111 0.816207 0.719581 0.802791 0.729050 0.810288
0 0.715438 0.793519 0.706362 0.815812 0.689593 0.805750 0.702219 0.784444 0.715438 0.793519
0 0.755010 0.727980 0.763099 0.757770 0.761304 0.767040 0.748458 0.765887 0.743567 0.760927 0.740213 0.746525 0.739819 0.729559 0.755010 0.727980
0 0.724825 0.738436 0.722063 0.753430 0.700164 0.746328 0.704702 0.733504 0.724825 0.738436
0 0.721471 0.756389 0.724628 0.764478 0.720879 0.775329 0.692076 0.770989 0.690103 0.760927 0.693457 0.750865 0.721471 0.756389
0 0.658340 0.725218 0.679055 0.738436 0.661496 0.757179 0.645911 0.745539 0.658340 0.725218
0 0.746869 0.684877 0.757523 0.700857 0.749039 0.708157 0.735624 0.691979 0.739767 0.687442 0.746869 0.684877
2 0.785064 0.737707 0.784473 0.753096 0.771846 0.755660 0.766914 0.739680 0.778949 0.736129 0.785064 0.737707
0 0.038811 0.503546 0.044335 0.502363 0.075703 0.499206 0.079057 0.500982 0.098391 0.502363 0.104704 0.507492 0.108255 0.519527 0.108255 0.525248 0.043743 0.528996 0.038811 0.503546
0 0.164354 0.547991 0.183293 0.547991 0.182898 0.558447 0.164748 0.558052 0.164354 0.547991
0 0.186055 0.547793 0.195130 0.547202 0.198681 0.556671 0.198287 0.561209 0.187831 0.561998 0.186055 0.547793
0 0.164458 0.623401 0.170573 0.637211 0.161104 0.657729 0.137506 0.657781 0.139884 0.623637 0.164458 0.623401
0 0.278838 0.626425 0.277579 0.656136 0.259450 0.654373 0.258191 0.664697 0.217154 0.664001 0.218066 0.636589 0.254645 0.637656 0.255968 0.626830 0.278838 0.626425
0 0.385329 0.623561 0.397219 0.636736 0.399740 0.653269 0.364051 0.662149 0.360282 0.647996 0.358223 0.633857 0.364831 0.628640 0.385329 0.623561
0 0.396049 0.622480 0.426555 0.614591 0.435630 0.624653 0.435630 0.637082 0.417282 0.647735 0.405445 0.650694 0.397751 0.630374 0.396049 0.622480
0 0.516129 0.569818 0.529222 0.591976 0.525949 0.599530 0.509834 0.605069 0.509079 0.601544 0.493972 0.605069 0.483648 0.582408 0.510590 0.569818 0.516129 0.569818
0 0.554905 0.557228 0.560948 0.568811 0.546093 0.578631 0.539546 0.563523 0.554905 0.557228
0 0.561876 0.497906 0.589891 0.521383 0.560692 0.549398 0.532678 0.525329 0.555760 0.498498 0.561876 0.497906
0 0.518276 0.464959 0.531494 0.473837 0.535637 0.484885 0.515514 0.498498 0.502296 0.486661 0.495391 0.486661 0.486609 0.476647 0.505650 0.468510 0.508521 0.472314 0.518276 0.464959
0 0.493474 0.492865 0.509652 0.500164 0.512611 0.512001 0.492882 0.526995 0.470984 0.509634 0.490712 0.493654 0.493474 0.492865
0 0.388792 0.536271 0.402799 0.535679 0.403915 0.539274 0.408402 0.541011 0.409559 0.546076 0.404060 0.548536 0.404970 0.561918 0.390765 0.564483 0.388792 0.536271
4 0.000012 0.580842 0.003331 0.581422 0.005001 0.601682 0.002393 0.625120 0.000012 0.636332 0.000012 0.580842
0 0.127350 0.687632 0.143465 0.689646 0.142458 0.711049 0.131883 0.711049 0.129617 0.704250 0.126343 0.700977 0.127350 0.687632
0 0.178278 0.810762 0.178475 0.829899 0.166441 0.829899 0.167427 0.810565 0.178278 0.810762
0 0.798380 0.944757 0.809034 0.950676 0.804693 0.961329 0.793053 0.955608 0.798380 0.944757
0 0.798577 0.927396 0.801142 0.933118 0.795815 0.942390 0.784570 0.939628 0.784453 0.939668 0.782457 0.932137 0.785547 0.922480 0.798577 0.927396
0 0.768787 0.916151 0.785088 0.922305 0.781948 0.932125 0.783994 0.939834 0.778652 0.941798 0.764052 0.933709 0.762604 0.931571 0.761339 0.926614 0.762920 0.914961 0.768787 0.916151
0 0.762441 0.914863 0.760848 0.926601 0.761719 0.937207 0.759712 0.940220 0.742351 0.935485 0.744126 0.917729 0.753004 0.917926 0.754188 0.913192 0.762441 0.914863
0 0.000012 0.960426 0.011239 0.974862 0.041144 0.999002 0.014375 0.999001 0.000012 0.988719 0.000012 0.960426
0 0.084165 0.951871 0.083755 0.961265 0.058576 0.965546 0.056813 0.954467 0.084165 0.951871
0 0.101715 0.833529 0.099545 0.857401 0.071136 0.855231 0.068177 0.846747 0.077844 0.831753 0.101715 0.833529
1 0.214695 0.321597 0.219674 0.333605 0.206494 0.340049 0.200929 0.325697 0.214695 0.321597
4 0.213801 0.662484 0.216135 0.676618 0.208355 0.676877 0.207447 0.662614 0.213801 0.662484
0 0.431090 0.595279 0.434149 0.607007 0.422804 0.608792 0.419617 0.597574 0.431090 0.595279
0 0.163946 0.692427 0.171071 0.693185 0.170464 0.699552 0.162885 0.699249 0.163946 0.692427
0 0.784533 0.782920 0.808436 0.779565 0.799630 0.799694 0.784533 0.782920
