0 0.325082 0.999007 0.323373 0.983825 0.352614 0.978992 0.354288 0.999007 0.325082 0.999007
0 0.696879 0.879449 0.696879 0.872909 0.704624 0.873254 0.704968 0.879449 0.696879 0.879449
0 0.661942 0.880482 0.661770 0.869639 0.681046 0.870500 0.680357 0.877728 0.673817 0.877556 0.674161 0.880826 0.661942 0.880482
0 0.598778 0.876179 0.599811 0.862927 0.653508 0.867230 0.650927 0.884441 0.635609 0.882547 0.635781 0.880310 0.598778 0.876179
0 0.686500 0.529387 0.691827 0.476121 0.722384 0.480887 0.721823 0.488737 0.729953 0.489858 0.731916 0.515930 0.728552 0.534994 0.686500 0.529387
0 0.800498 0.459224 0.801014 0.430138 0.812717 0.429622 0.812717 0.459224 0.800498 0.459224
0 0.738875 0.372465 0.742811 0.342052 0.762847 0.343125 0.760343 0.374254 0.738875 0.372465
0 0.657606 0.299597 0.632375 0.293149 0.615274 0.289504 0.618077 0.274086 0.629011 0.276328 0.629852 0.274366 0.664614 0.281935 0.667698 0.289785 0.666016 0.293710 0.657606 0.299597
0 0.537058 0.300158 0.549393 0.288383 0.563691 0.302961 0.563130 0.305204 0.567896 0.310811 0.558925 0.320342 0.537058 0.300158
0 0.942083 0.589540 0.954964 0.581668 0.966055 0.598843 0.956753 0.604925 0.942083 0.589540
0 0.903799 0.553044 0.913459 0.544457 0.932422 0.563063 0.923120 0.569503 0.903799 0.553044
0 0.809869 0.538582 0.808796 0.513179 0.848869 0.513536 0.849227 0.528564 0.832768 0.529637 0.833841 0.537151 0.809869 0.538582
4 0.694151 0.052657 0.694151 0.043409 0.708492 0.043272 0.712756 0.043354 0.712399 0.052299 0.694151 0.052657
4 0.786089 0.042533 0.785389 0.053372 0.761417 0.053015 0.761087 0.042771 0.786089 0.042533
4 0.758409 0.042797 0.758670 0.051388 0.748826 0.051792 0.748556 0.047477 0.736015 0.047072 0.735776 0.043012 0.758409 0.042797
0 0.848601 0.041938 0.848814 0.059351 0.836952 0.058692 0.820258 0.058912 0.819160 0.042877 0.834577 0.042072 0.848601 0.041938
0 0.989626 0.041000 0.990023 0.047869 0.984089 0.048004 0.985707 0.077132 0.966019 0.078615 0.964806 0.051645 0.961704 0.051375 0.960785 0.041000 0.989626 0.041000
4 0.959700 0.041000 0.960195 0.055777 0.944879 0.054949 0.945539 0.041014 0.947009 0.041000 0.959700 0.041000
0 0.702439 0.064965 0.717757 0.075636 0.707430 0.092675 0.702095 0.093535 0.698309 0.097666 0.686261 0.089060 0.702439 0.064965
0 0.827656 0.063290 0.836347 0.062168 0.836347 0.066654 0.866904 0.063570 0.868587 0.077587 0.856251 0.079550 0.858494 0.093006 0.853448 0.094127 0.855410 0.107584 0.832983 0.109546 0.827656 0.063290
0 0.768784 0.107864 0.765140 0.133095 0.768504 0.136740 0.767663 0.147393 0.740469 0.142907 0.742151 0.131133 0.736825 0.129170 0.740189 0.100856 0.768784 0.107864
0 0.758525 0.168195 0.759042 0.159245 0.761796 0.157524 0.763344 0.149779 0.767991 0.149779 0.768222 0.148109 0.773406 0.148414 0.773610 0.143891 0.793109 0.146128 0.792936 0.164027 0.800509 0.164716 0.798788 0.176419 0.783126 0.174526 0.782438 0.178484 0.758525 0.168195
0 0.780151 0.064659 0.799920 0.063561 0.809805 0.064878 0.810903 0.089260 0.805631 0.089260 0.804928 0.096542 0.782824 0.095548 0.780151 0.064659
0 0.789282 0.096023 0.813787 0.097679 0.813337 0.115374 0.808518 0.115201 0.807830 0.125012 0.772376 0.124323 0.772720 0.112103 0.789587 0.111759 0.789282 0.096023
0 0.185788 0.659291 0.209533 0.658378 0.208620 0.678927 0.186244 0.678927 0.185788 0.659291
0 0.182169 0.682245 0.209923 0.691777 0.197869 0.731025 0.206840 0.734389 0.192822 0.772796 0.156097 0.759620 0.182169 0.682245
0 0.166669 0.805374 0.175256 0.781759 0.200302 0.789273 0.202449 0.784622 0.226064 0.792851 0.214614 0.825768 0.166669 0.805374
0 0.091920 0.821515 0.099168 0.788786 0.103342 0.788786 0.104440 0.786589 0.107296 0.786150 0.109932 0.782416 0.131897 0.787248 0.130579 0.797572 0.134753 0.800208 0.128163 0.828104 0.122891 0.830521 0.091920 0.821515
0 0.071729 0.844717 0.059338 0.836112 0.086531 0.798937 0.094964 0.805649 0.071729 0.844717
0 0.275284 0.770334 0.253598 0.763966 0.259966 0.741420 0.253426 0.737289 0.258589 0.721111 0.277349 0.727135 0.274595 0.737289 0.287503 0.741936 0.279931 0.768096 0.277349 0.767408 0.275284 0.770334
0 0.090614 0.768629 0.092189 0.759787 0.105511 0.759545 0.103937 0.768265 0.090614 0.768629
0 0.541946 0.731196 0.550429 0.733366 0.547865 0.740468 0.539973 0.738495 0.541946 0.731196
0 0.779857 0.298170 0.797231 0.298422 0.793958 0.329644 0.776836 0.328637 0.779857 0.298170
0 0.142007 0.726558 0.157578 0.730316 0.155699 0.741592 0.139591 0.736759 0.142007 0.726558
0 0.822663 0.961963 0.831145 0.958800 0.833589 0.965557 0.826257 0.969151 0.822663 0.961963
0 0.908491 0.942123 0.918698 0.940685 0.919848 0.948880 0.909497 0.950605 0.908491 0.942123
