0 0.000006 0.720743 0.007210 0.720854 0.007061 0.732815 0.000006 0.732675 0.000006 0.720743
0 0.261643 0.517632 0.274383 0.513939 0.278121 0.526199 0.265413 0.529787 0.261643 0.517632
0 0.270646 0.553410 0.261525 0.531529 0.265413 0.529787 0.278121 0.526199 0.280630 0.525439 0.288437 0.546233 0.270646 0.553410
3 0.193980 0.915160 0.193284 0.903240 0.193083 0.894677 0.207436 0.894378 0.207735 0.915010 0.193980 0.915160
3 0.201456 0.890490 0.200559 0.876137 0.225677 0.875390 0.226723 0.889145 0.201456 0.890490
0 0.196223 0.862382 0.198914 0.845936 0.212071 0.847132 0.210726 0.863728 0.196223 0.862382
3 0.163575 0.888039 0.179604 0.889566 0.178649 0.896244 0.162827 0.894676 0.163575 0.888039
0 0.224518 0.843036 0.225620 0.838474 0.227962 0.825879 0.252908 0.829303 0.250087 0.847234 0.224518 0.843036
0 0.215005 0.824434 0.214218 0.812223 0.225932 0.811872 0.226785 0.824095 0.215005 0.824434
0 0.257433 0.775523 0.285840 0.777018 0.285690 0.795856 0.256685 0.793464 0.257433 0.775523
3 0.239781 0.736152 0.247414 0.717452 0.264778 0.724322 0.257718 0.743022 0.239781 0.736152
0 0.248865 0.686242 0.260555 0.666272 0.278820 0.677231 0.266156 0.697932 0.248865 0.686242
3 0.341567 0.687099 0.344109 0.677231 0.353229 0.679025 0.354575 0.672746 0.368629 0.675437 0.365040 0.692780 0.341567 0.687099
0 0.319737 0.652912 0.327197 0.637992 0.352063 0.641411 0.344603 0.665034 0.331859 0.656020 0.319737 0.652912
3 0.226349 0.894362 0.233445 0.884316 0.245348 0.891758 0.238479 0.901871 0.226349 0.894362
3 0.136721 0.868103 0.141682 0.854663 0.163734 0.863714 0.160398 0.876541 0.136721 0.868103
0 0.173597 0.842854 0.177949 0.827934 0.192557 0.832907 0.187584 0.847516 0.173597 0.842854
3 0.238557 0.821373 0.238800 0.811388 0.251708 0.811876 0.250734 0.822835 0.238557 0.821373
0 0.445290 0.507904 0.431386 0.520463 0.425854 0.514632 0.432881 0.507904 0.431685 0.501924 0.437366 0.496990 0.445290 0.507904
3 0.304440 0.624858 0.314744 0.616462 0.323522 0.626957 0.313790 0.635926 0.304440 0.624858
3 0.224776 0.779538 0.242567 0.777744 0.243464 0.791798 0.225673 0.792844 0.224776 0.779538
0 0.209612 0.824683 0.215005 0.824434 0.226785 0.824095 0.227962 0.825879 0.225620 0.838474 0.209846 0.837920 0.209612 0.824683
0 0.275709 0.723381 0.284452 0.711867 0.301084 0.724447 0.291915 0.733403 0.275709 0.723381
