0 0.180205 0.000005 0.184853 0.010940 0.177261 0.015454 0.181776 0.022841 0.169875 0.028791 0.160795 0.015566 0.164052 0.013592 0.157406 0.000004 0.180205 0.000005
0 0.227576 0.000005 0.200768 0.026851 0.189171 0.014991 0.204650 0.000005 0.227576 0.000005
0 0.146791 0.118835 0.118174 0.102597 0.142772 0.066907 0.169781 0.083466 0.146791 0.118835
0 0.172042 0.081764 0.151625 0.068421 0.171881 0.038357 0.194550 0.053469 0.187637 0.064241 0.184904 0.062151 0.172042 0.081764
0 0.192483 0.051183 0.193491 0.036319 0.213015 0.041484 0.210874 0.056096 0.192483 0.051183
0 0.215486 0.049743 0.218383 0.038910 0.238412 0.045964 0.235263 0.056293 0.215486 0.049743
0 0.256863 0.035635 0.266058 0.042059 0.255729 0.054656 0.246911 0.048106 0.256863 0.035635
0 0.259081 0.062914 0.266262 0.054097 0.274071 0.060143 0.267395 0.068835 0.259081 0.062914
0 0.246103 0.108249 0.231995 0.129789 0.216249 0.115303 0.219147 0.112280 0.210833 0.102958 0.212219 0.097794 0.197858 0.083056 0.208518 0.075797 0.246103 0.108249
0 0.228851 0.066749 0.243648 0.079047 0.229720 0.092694 0.217653 0.082050 0.222322 0.077313 0.221510 0.073252 0.228851 0.066749
0 0.245261 0.083395 0.261685 0.094198 0.252426 0.110623 0.236883 0.098938 0.245261 0.083395
0 0.268432 0.108977 0.298740 0.125344 0.285678 0.149406 0.269865 0.141385 0.271078 0.139511 0.265566 0.136425 0.267661 0.131134 0.257960 0.125071 0.268432 0.108977
0 0.318300 0.178610 0.321352 0.164425 0.351518 0.171068 0.347568 0.185253 0.318300 0.178610
0 0.195925 0.097418 0.198792 0.130874 0.186974 0.131437 0.185383 0.121639 0.176051 0.122386 0.174378 0.098316 0.195925 0.097418
0 0.194430 0.149726 0.184301 0.153103 0.181768 0.145646 0.169106 0.149304 0.166011 0.137064 0.190210 0.132000 0.194430 0.149726
0 0.238344 0.169251 0.253185 0.186645 0.232504 0.200292 0.247758 0.217930 0.228454 0.231384 0.213745 0.217373 0.190043 0.233353 0.175499 0.213782 0.216618 0.187746 0.214284 0.184514 0.238344 0.169251
0 0.179768 0.252898 0.208766 0.221592 0.239279 0.240799 0.228868 0.255993 0.211141 0.244457 0.196791 0.264294 0.179768 0.252898
0 0.171825 0.159149 0.189833 0.170686 0.182658 0.180534 0.194476 0.178142 0.195179 0.187568 0.185612 0.191085 0.182658 0.197838 0.156068 0.193618 0.160851 0.172374 0.171825 0.159149
0 0.229921 0.162571 0.233338 0.154965 0.247228 0.161579 0.243700 0.168965 0.229921 0.162571
0 0.144781 0.231614 0.135636 0.219515 0.154770 0.204883 0.163633 0.215435 0.144781 0.231614
0 0.131667 0.243446 0.139405 0.258218 0.109016 0.275664 0.101982 0.259625 0.131667 0.243446
0 0.096440 0.262194 0.102630 0.275419 0.077728 0.283860 0.073086 0.270073 0.096440 0.262194
0 0.045147 0.287834 0.053697 0.305886 0.030646 0.317015 0.026836 0.318755 0.022259 0.307441 0.027959 0.305109 0.024331 0.296299 0.045147 0.287834
0 0.000009 0.326052 0.030819 0.325739 0.037197 0.325594 0.037124 0.327984 0.037885 0.349886 0.026885 0.350115 0.027114 0.365011 0.000009 0.364324 0.000009 0.326052
0 0.072942 0.320853 0.073505 0.307488 0.093483 0.308472 0.093342 0.321979 0.072942 0.320853
0 0.346011 0.274478 0.345497 0.262434 0.359748 0.263038 0.359230 0.274957 0.346011 0.274478
0 0.374011 0.265168 0.373839 0.292202 0.360451 0.291856 0.361056 0.264909 0.374011 0.265168
0 0.399292 0.259677 0.409140 0.243357 0.441358 0.262772 0.431931 0.279514 0.399292 0.259677
0 0.388792 0.168615 0.402299 0.181839 0.406519 0.176915 0.421573 0.190140 0.413835 0.198159 0.405394 0.189859 0.400188 0.196893 0.396530 0.193939 0.390762 0.201395 0.374161 0.189296 0.388792 0.168615
0 0.469441 0.222785 0.476092 0.215271 0.485765 0.223908 0.479288 0.230645 0.469441 0.222785
0 0.563369 0.144993 0.579794 0.149623 0.574613 0.167481 0.558188 0.162630 0.563369 0.144993
0 0.571251 0.081817 0.605579 0.079285 0.608112 0.111784 0.592354 0.113050 0.593058 0.120507 0.580959 0.121351 0.579187 0.098031 0.571328 0.098204 0.571251 0.081817
0 0.476380 0.300381 0.481422 0.275860 0.495172 0.278610 0.488984 0.302673 0.476380 0.300381
0 0.333757 0.272476 0.335190 0.260902 0.342796 0.262004 0.341804 0.273248 0.333757 0.272476
0 0.373257 0.234078 0.378769 0.219968 0.388249 0.223385 0.382517 0.237385 0.373257 0.234078
0 0.030646 0.317015 0.044984 0.316411 0.045243 0.328416 0.037124 0.327984 0.037197 0.325594 0.030819 0.325739 0.030646 0.317015
0 0.431818 0.072878 0.438322 0.061965 0.454636 0.070563 0.449014 0.081807 0.431818 0.072878
0 0.290503 0.073303 0.291940 0.064505 0.303970 0.066480 0.302354 0.075458 0.290503 0.073303
0 0.584704 0.068913 0.594662 0.065047 0.597590 0.074653 0.587516 0.077816 0.584704 0.068913
4 0.411806 0.270626 0.418966 0.275583 0.411072 0.284486 0.404647 0.279805 0.411806 0.270626
0 0.374011 0.265168 0.389442 0.265025 0.389677 0.272171 0.397057 0.272171 0.397057 0.284237 0.373988 0.284358 0.374011 0.265168
0 0.051020 0.125852 0.073596 0.127347 0.074045 0.139457 0.051020 0.139308 0.051020 0.125852
0 0.077838 0.138164 0.092013 0.123052 0.105250 0.129261 0.095878 0.143318 0.085804 0.142967 0.077838 0.138164
0 0.113814 0.117358 0.121591 0.122838 0.111935 0.135427 0.105678 0.131831 0.105102 0.127012 0.113814 0.117358
0 0.135936 0.156924 0.146714 0.158564 0.144839 0.169810 0.133710 0.167701 0.135936 0.156924
0 0.140112 0.178030 0.154706 0.178214 0.152871 0.193175 0.138368 0.190972 0.140112 0.178030
0 0.232181 0.037455 0.236750 0.031012 0.246239 0.038158 0.240850 0.044484 0.232181 0.037455
4 0.268879 0.000006 0.259321 0.007322 0.244492 0.000006 0.268879 0.000006
4 0.299119 0.000007 0.286512 0.018197 0.265561 0.005232 0.268883 0.000006 0.299119 0.000007
0 0.235263 0.056293 0.238412 0.045964 0.253102 0.052863 0.250441 0.061349 0.235263 0.056293
0 0.171274 0.028010 0.181776 0.022841 0.184417 0.035828 0.182682 0.038633 0.171881 0.038357 0.171274 0.028010
0 0.061109 0.108649 0.067167 0.109016 0.067167 0.114432 0.061109 0.114340 0.061109 0.108649
