0 0.000012 0.017189 0.010248 0.033038 0.004298 0.048509 0.000012 0.050092 0.000012 0.017189
0 0.000012 0.059240 0.005885 0.068741 0.000012 0.082573 0.000012 0.059240
0 0.016199 0.066361 0.043174 0.065964 0.052695 0.058030 0.068959 0.062394 0.066182 0.090559 0.044761 0.088576 0.032067 0.092939 0.009058 0.087782 0.016199 0.066361
0 0.042382 0.000002 0.049125 0.008443 0.032463 0.019550 0.019372 0.006856 0.018182 0.002096 0.015772 0.000001 0.042382 0.000002
0 0.049125 0.008443 0.069753 0.031055 0.044761 0.060410 0.029290 0.049699 0.040794 0.027881 0.036827 0.020741 0.049125 0.008443
0 0.074129 0.032680 0.098648 0.039782 0.092288 0.076548 0.070251 0.074961 0.072171 0.059182 0.054226 0.053790 0.057379 0.045691 0.074129 0.032680
0 0.108706 0.060564 0.117930 0.060264 0.119203 0.069424 0.119203 0.072659 0.098067 0.076078 0.099311 0.060227 0.104561 0.058652 0.108706 0.060564
0 0.123866 0.055253 0.123945 0.055264 0.117707 0.058648 0.117861 0.059775 0.108805 0.060072 0.105264 0.058438 0.108635 0.057429 0.105838 0.039091 0.119514 0.038158 0.123866 0.055253
0 0.135055 0.060227 0.132880 0.066754 0.119580 0.068564 0.118237 0.058916 0.124746 0.055391 0.135055 0.060227
0 0.145297 0.040929 0.146162 0.057744 0.135055 0.060227 0.124746 0.055391 0.123555 0.035050 0.129771 0.032563 0.137231 0.032253 0.140869 0.031719 0.145297 0.040929
0 0.156577 0.032350 0.158945 0.056260 0.146641 0.057686 0.145779 0.040806 0.141377 0.031650 0.154326 0.029766 0.154375 0.029678 0.156577 0.032350
0 0.189668 0.045830 0.159610 0.056186 0.159424 0.056211 0.157049 0.032155 0.154629 0.029219 0.155880 0.026969 0.176395 0.021063 0.180830 0.019492 0.189668 0.045830
0 0.206650 0.038887 0.196598 0.043442 0.190127 0.045674 0.181289 0.019336 0.198818 0.013125 0.206650 0.038887
0 0.215176 0.035020 0.207100 0.038682 0.199277 0.012959 0.209102 0.009482 0.215176 0.035020
0 0.235451 0.020752 0.223329 0.031320 0.215635 0.034814 0.209561 0.009326 0.211518 0.008630 0.232653 0.003657 0.235451 0.020752
4 0.276163 0.000006 0.279978 0.016377 0.279596 0.024200 0.270818 0.025918 0.267765 0.019048 0.261468 0.019048 0.259369 0.010461 0.244676 0.015613 0.241434 0.000006 0.276163 0.000006
4 0.314423 0.000007 0.287419 0.008935 0.281695 0.010271 0.279979 0.000006 0.314423 0.000007
0 0.024483 0.111347 0.030016 0.112110 0.029635 0.119552 0.023910 0.119743 0.024483 0.111347
0 0.468814 0.194714 0.481112 0.214549 0.465641 0.225260 0.452153 0.205028 0.468814 0.194714
4 0.068818 0.000002 0.066514 0.007709 0.062290 0.009629 0.052371 0.000002 0.068818 0.000002
0 0.160213 0.020381 0.145236 0.024221 0.126036 0.027293 0.106835 0.029981 0.108755 0.012701 0.105299 0.012701 0.102227 0.029597 0.094547 0.029981 0.078419 0.025757 0.065746 0.016157 0.073043 0.005789 0.081871 0.000003 0.099059 0.000003 0.104857 0.006081 0.111346 0.003242 0.110537 0.000003 0.157141 0.000004 0.160213 0.020381
0 0.160206 0.745968 0.168388 0.746224 0.168133 0.754661 0.159695 0.754661 0.160206 0.745968
