0 0.796208 0.268474 0.801740 0.273407 0.800395 0.275501 0.809814 0.282229 0.797554 0.297180 0.782752 0.284920 0.796208 0.268474
0 0.739466 0.257195 0.754417 0.243739 0.767125 0.252709 0.774900 0.243739 0.791346 0.261830 0.754891 0.293897 0.738120 0.279173 0.750081 0.268408 0.739466 0.257195
0 0.738270 0.261232 0.746642 0.267362 0.734233 0.280817 0.724664 0.273192 0.738270 0.261232
0 0.754716 0.294423 0.771145 0.307983 0.763894 0.315616 0.748247 0.302068 0.754716 0.294423
0 0.724585 0.276117 0.749010 0.293481 0.739278 0.302641 0.725158 0.292146 0.719624 0.297488 0.710274 0.289665 0.724585 0.276117
0 0.708795 0.267997 0.712939 0.270986 0.718252 0.276523 0.718722 0.277499 0.719290 0.279637 0.706506 0.289178 0.702308 0.281927 0.695629 0.276011 0.699064 0.272958 0.695057 0.268951 0.704216 0.263036 0.708795 0.267997
0 0.578330 0.292446 0.599042 0.294172 0.598466 0.307405 0.577754 0.305679 0.578330 0.292446
0 0.481060 0.375054 0.491823 0.371166 0.496725 0.384296 0.485681 0.388296 0.481060 0.375054
0 0.496725 0.384296 0.491823 0.371166 0.509629 0.363108 0.515377 0.374040 0.496725 0.384296
0 0.772983 0.194264 0.785099 0.194540 0.785190 0.196008 0.790330 0.196008 0.790422 0.205462 0.771790 0.204911 0.772983 0.194264
3 0.762080 0.221885 0.761509 0.225655 0.757104 0.225472 0.754075 0.222993 0.757305 0.218643 0.762080 0.221885
3 0.762886 0.211428 0.767200 0.214549 0.762197 0.221367 0.757598 0.218252 0.762794 0.211245 0.762886 0.211428
0 0.558719 0.332688 0.577462 0.328119 0.579922 0.338545 0.571019 0.341357 0.571371 0.343700 0.561648 0.345808 0.558719 0.332688
0 0.578985 0.326831 0.587420 0.320622 0.592223 0.328939 0.583320 0.334914 0.578985 0.326831
4 0.588035 0.312101 0.601042 0.309260 0.605378 0.316736 0.599547 0.318380 0.601939 0.323314 0.594763 0.324361 0.588035 0.312101
0 0.515268 0.333013 0.525456 0.334665 0.524630 0.344211 0.520225 0.343660 0.519215 0.347515 0.512331 0.346322 0.515268 0.333013
0 0.553129 0.304570 0.555073 0.292161 0.566735 0.293806 0.564791 0.306215 0.553129 0.304570
3 0.207842 0.257717 0.227812 0.261613 0.225133 0.277200 0.206625 0.273303 0.207842 0.257717
2 0.265025 0.173952 0.278497 0.175123 0.278614 0.183323 0.265025 0.182152 0.265025 0.173952
2 0.265025 0.182152 0.278614 0.183323 0.277743 0.193396 0.263540 0.191154 0.265025 0.182152
0 0.286953 0.049952 0.302651 0.046962 0.304296 0.054138 0.311771 0.052793 0.314164 0.064604 0.304894 0.066248 0.306240 0.075518 0.293083 0.077910 0.286953 0.049952
4 0.285607 0.058474 0.286504 0.070883 0.274095 0.070883 0.273796 0.059371 0.285607 0.058474
