0 0.309452 0.474360 0.321987 0.474126 0.322221 0.486543 0.310624 0.487363 0.309452 0.474360
0 0.327610 0.490175 0.329250 0.508684 0.315192 0.509270 0.316364 0.490058 0.327610 0.490175
0 0.122077 0.525104 0.138672 0.534374 0.127908 0.549026 0.125216 0.548727 0.122376 0.554558 0.123572 0.555306 0.119087 0.564426 0.103836 0.554110 0.107574 0.547980 0.108621 0.548727 0.113106 0.542597 0.111461 0.541700 0.111910 0.540953 0.122077 0.525104
0 0.087831 0.533105 0.086660 0.555479 0.078694 0.554425 0.078460 0.557354 0.062528 0.555831 0.063934 0.542359 0.061591 0.542359 0.063465 0.529239 0.087831 0.533105
0 0.066576 0.718524 0.117353 0.745293 0.107176 0.764574 0.055987 0.738874 0.066576 0.718524
0 0.115514 0.835125 0.147987 0.842972 0.149132 0.856520 0.140736 0.871213 0.109181 0.859848 0.112927 0.846383 0.115514 0.835125
0 0.134478 0.919664 0.145489 0.920132 0.145958 0.934517 0.134712 0.934190 0.134478 0.919664
0 0.232809 0.980050 0.237348 0.967914 0.225446 0.964379 0.229710 0.948842 0.230701 0.949123 0.234684 0.936003 0.257878 0.945257 0.252607 0.957909 0.247218 0.955800 0.244992 0.963181 0.256355 0.969975 0.250147 0.988601 0.232809 0.980050
0 0.000007 0.543839 0.015478 0.557714 0.004519 0.569404 0.000007 0.565514 0.000007 0.543839
0 0.001573 0.599841 0.028863 0.574995 0.045434 0.578631 0.054688 0.595949 0.026920 0.624210 0.010320 0.618627 0.001573 0.599841
0 0.054643 0.586611 0.062268 0.578986 0.066305 0.582723 0.069594 0.580630 0.076920 0.588255 0.076173 0.589152 0.093217 0.608738 0.083200 0.619952 0.064959 0.600964 0.065408 0.599469 0.059129 0.592890 0.059129 0.591096 0.054643 0.586611
0 0.333810 0.725574 0.351937 0.726337 0.363005 0.729391 0.359379 0.765073 0.348312 0.761830 0.332474 0.762020 0.333810 0.725574
0 0.272366 0.770226 0.277709 0.740076 0.288395 0.738741 0.296219 0.741030 0.293356 0.773470 0.286296 0.769844 0.272366 0.770226
0 0.255078 0.787083 0.272720 0.786335 0.272570 0.803529 0.255377 0.805024 0.255078 0.787083
4 0.000007 0.368761 0.012424 0.377003 0.003902 0.391206 0.000007 0.387476 0.000007 0.368761
0 0.024359 0.388814 0.037650 0.398249 0.036320 0.400925 0.047384 0.409297 0.040656 0.419165 0.028695 0.410942 0.027948 0.412287 0.015090 0.402420 0.024359 0.388814
0 0.066122 0.463896 0.057726 0.477444 0.043605 0.469048 0.052574 0.455309 0.066122 0.463896
0 0.000007 0.494475 0.004991 0.480185 0.022928 0.483429 0.020257 0.491062 0.011861 0.504610 0.023691 0.513578 0.020638 0.519493 0.055940 0.549070 0.042582 0.567770 0.023310 0.551551 0.026172 0.548116 0.008808 0.532469 0.010907 0.529798 0.000007 0.516873 0.000007 0.494475
0 0.195875 0.812593 0.215845 0.823065 0.208295 0.841818 0.188081 0.832563 0.195875 0.812593
0 0.269423 0.846689 0.271128 0.835242 0.284035 0.837921 0.282817 0.849367 0.269423 0.846689
0 0.316567 0.814944 0.320304 0.804927 0.327032 0.807020 0.330471 0.797750 0.345123 0.803731 0.336900 0.825111 0.316567 0.814944
0 0.300611 0.718690 0.300038 0.731284 0.296985 0.738726 0.281911 0.735864 0.280957 0.739680 0.277709 0.740076 0.276949 0.743687 0.258440 0.742161 0.258058 0.740634 0.243175 0.737581 0.248136 0.700944 0.273705 0.705715 0.273515 0.710103 0.300420 0.717736 0.300611 0.718690
0 0.220880 0.816780 0.201607 0.807430 0.208858 0.794645 0.227749 0.803422 0.220880 0.816780
0 0.035663 0.484339 0.054173 0.483957 0.068102 0.487010 0.070774 0.477851 0.073827 0.478424 0.076117 0.471363 0.087566 0.478805 0.084704 0.484911 0.079933 0.483194 0.076880 0.490636 0.072873 0.489491 0.068866 0.499986 0.048448 0.496170 0.032992 0.491972 0.035663 0.484339
0 0.000007 0.444532 0.017596 0.458541 0.012482 0.475589 0.000007 0.471696 0.000007 0.444532
0 0.709331 0.634693 0.720844 0.632899 0.722638 0.637384 0.723086 0.643365 0.712022 0.645009 0.709331 0.634693
0 0.713966 0.649046 0.729216 0.647850 0.729964 0.654129 0.733253 0.653830 0.734150 0.667436 0.729964 0.667585 0.730711 0.676108 0.729515 0.676257 0.717853 0.677304 0.718003 0.669380 0.712919 0.669978 0.712022 0.657120 0.714265 0.656821 0.713966 0.649046
0 0.767708 0.343128 0.798508 0.347614 0.797012 0.357930 0.765914 0.354342 0.767708 0.343128
0 0.757301 0.317907 0.756715 0.321656 0.743477 0.318844 0.744532 0.311230 0.747929 0.311347 0.750272 0.298812 0.759761 0.299984 0.761635 0.293306 0.771475 0.295766 0.783658 0.263200 0.793147 0.265426 0.790921 0.273860 0.798067 0.275617 0.795724 0.285106 0.803807 0.287566 0.795959 0.312050 0.781901 0.307832 0.780730 0.313573 0.776630 0.313573 0.775692 0.321070 0.757301 0.317907
0 0.800392 0.317891 0.802873 0.307778 0.818901 0.311976 0.817184 0.321326 0.800392 0.317891
0 0.088507 0.789420 0.095701 0.775947 0.108946 0.782113 0.102095 0.796271 0.088507 0.789420
0 0.266683 0.954412 0.272414 0.941866 0.278145 0.937374 0.284030 0.949611 0.279229 0.959059 0.266683 0.954412
4 0.289868 0.999006 0.293021 0.990897 0.301356 0.995008 0.299161 0.999006 0.289868 0.999006
4 0.000007 0.418099 0.007491 0.422494 0.000007 0.432571 0.000007 0.418099
4 0.000007 0.692882 0.007491 0.696200 0.000007 0.704754 0.000007 0.692882
0 0.085693 0.632661 0.099378 0.641459 0.085204 0.657588 0.073963 0.649279 0.085693 0.632661
