0 0.035391 0.000001 0.042869 0.008795 0.022302 0.031232 0.010525 0.022715 0.016737 0.011258 0.030539 0.000001 0.035391 0.000001
0 0.017754 0.044305 0.043161 0.016200 0.071716 0.042956 0.086106 0.058695 0.100495 0.085451 0.087904 0.096018 0.068793 0.087249 0.040912 0.072635 0.019103 0.053298 0.017754 0.044305
0 0.229253 0.000005 0.236947 0.011978 0.182761 0.043681 0.173767 0.045929 0.157803 0.011529 0.180702 0.000005 0.229253 0.000005
0 0.161621 0.000004 0.155632 0.006223 0.157803 0.011529 0.128658 0.031476 0.120910 0.022293 0.147635 0.000004 0.161621 0.000004
0 0.101240 0.057676 0.107230 0.054329 0.119385 0.047106 0.117448 0.043407 0.136826 0.032132 0.138588 0.035127 0.154972 0.027375 0.167656 0.046754 0.163075 0.050630 0.165366 0.057853 0.120266 0.081988 0.101240 0.057676
4 0.000006 0.122401 0.013359 0.115659 0.021678 0.146013 0.005040 0.149160 0.000006 0.139954 0.000006 0.122401
0 0.063178 0.146435 0.091379 0.143505 0.094675 0.156324 0.097971 0.156324 0.102732 0.180862 0.086984 0.183059 0.086984 0.191117 0.070137 0.192215 0.068672 0.179397 0.057684 0.180862 0.051824 0.153760 0.059882 0.152661 0.063178 0.146435
0 0.106335 0.250468 0.138188 0.244442 0.151962 0.282607 0.115231 0.289781 0.106335 0.250468
0 0.173061 0.084872 0.188126 0.074979 0.193522 0.086895 0.178008 0.095439 0.173061 0.084872
0 0.193972 0.077677 0.201391 0.072730 0.200267 0.071157 0.214432 0.064636 0.216681 0.068908 0.226798 0.062613 0.245235 0.091842 0.213308 0.110054 0.193972 0.077677
0 0.237527 0.052609 0.261135 0.037994 0.278448 0.058680 0.262934 0.068573 0.264058 0.073070 0.252366 0.079140 0.237527 0.052609
0 0.277998 0.071271 0.286542 0.067898 0.296435 0.085436 0.287666 0.089033 0.277998 0.071271
0 0.272377 0.032373 0.303405 0.017084 0.310600 0.028776 0.315547 0.042716 0.285643 0.055757 0.272377 0.032373
0 0.311362 0.011390 0.333759 0.001120 0.347858 0.019376 0.325767 0.031111 0.311362 0.011390
4 0.379994 0.000007 0.376943 0.001576 0.380076 0.009215 0.362089 0.017309 0.352739 0.000007 0.379994 0.000007
4 0.418511 0.013454 0.414494 0.006536 0.410748 0.000007 0.444669 0.000008 0.418511 0.013454
4 0.413086 0.008223 0.403635 0.013688 0.396909 0.000007 0.408844 0.000007 0.413086 0.008223
0 0.157324 0.160173 0.186587 0.149544 0.194455 0.168593 0.167814 0.179221 0.157324 0.160173
0 0.202595 0.157126 0.191353 0.124524 0.214962 0.117329 0.228227 0.148807 0.202595 0.157126
0 0.240594 0.150381 0.231150 0.127222 0.225304 0.129695 0.213388 0.113507 0.254759 0.098217 0.268474 0.110808 0.277917 0.137340 0.240594 0.150381
0 0.370951 0.128971 0.385045 0.118401 0.395615 0.129852 0.381345 0.141479 0.370951 0.128971
0 0.224401 0.292417 0.299585 0.189398 0.352099 0.226416 0.253671 0.348087 0.213210 0.316234 0.206036 0.306765 0.201445 0.299017 0.208619 0.286964 0.217801 0.289260 0.224401 0.292417
0 0.442862 0.044693 0.451558 0.038620 0.456803 0.046764 0.448521 0.052147 0.442862 0.044693
0 0.575209 0.112936 0.586113 0.093611 0.604334 0.102860 0.592049 0.122046 0.575209 0.112936
0 0.564559 0.106127 0.572663 0.093795 0.581471 0.099432 0.574424 0.111235 0.564559 0.106127
0 0.640938 0.045080 0.649260 0.018105 0.682261 0.026714 0.678530 0.041349 0.663034 0.038767 0.658156 0.051680 0.640938 0.045080
0 0.707800 0.024419 0.717557 0.026427 0.716983 0.032167 0.759740 0.042784 0.751131 0.064880 0.700052 0.050819 0.707800 0.024419
0 0.762844 0.043943 0.772737 0.044168 0.795670 0.051138 0.791174 0.076545 0.756998 0.067327 0.762844 0.043943
0 0.619971 0.110091 0.636159 0.087832 0.652798 0.099524 0.639082 0.118410 0.619971 0.110091
0 0.654821 0.131226 0.667188 0.104920 0.687423 0.114813 0.684051 0.120434 0.697766 0.126954 0.683601 0.147190 0.654821 0.131226
0 0.705186 0.168325 0.718676 0.146291 0.731492 0.152586 0.740711 0.139995 0.763195 0.153711 0.756674 0.165852 0.766343 0.171923 0.745657 0.198454 0.732841 0.190360 0.718373 0.182482 0.720663 0.179135 0.705186 0.168325
0 0.677443 0.185499 0.687487 0.172873 0.716757 0.194395 0.744018 0.213621 0.732253 0.224239 0.677443 0.185499
0 0.808046 0.295103 0.819145 0.278367 0.838876 0.292813 0.837643 0.297922 0.858783 0.325756 0.850503 0.333332 0.830772 0.305849 0.827249 0.307963 0.808046 0.295103
0 0.846980 0.288232 0.859135 0.279071 0.866006 0.288408 0.874991 0.281538 0.887499 0.291756 0.893665 0.306378 0.866358 0.323290 0.849446 0.299683 0.846980 0.288232
0 0.719361 0.348081 0.738387 0.335749 0.743496 0.344733 0.725527 0.355304 0.719361 0.348081
0 0.635317 0.445799 0.655777 0.431185 0.675563 0.459964 0.655327 0.474354 0.635317 0.445799
0 0.646783 0.421292 0.668368 0.407352 0.684107 0.424439 0.690178 0.437480 0.672865 0.449172 0.646783 0.421292
0 0.670392 0.404878 0.683433 0.395435 0.681859 0.393187 0.687705 0.389139 0.700071 0.407801 0.707491 0.423765 0.689728 0.431410 0.670392 0.404878
0 0.691302 0.392737 0.703668 0.382619 0.700296 0.378797 0.707041 0.375199 0.721881 0.394086 0.728851 0.408925 0.708615 0.420392 0.691302 0.392737
0 0.714011 0.382844 0.728176 0.371827 0.725253 0.368904 0.730200 0.365306 0.742791 0.382619 0.749311 0.397908 0.731774 0.409825 0.714011 0.382844
0 0.736046 0.370927 0.750435 0.362158 0.747288 0.356762 0.751560 0.354289 0.767299 0.372726 0.774269 0.388465 0.752684 0.398808 0.736046 0.370927
0 0.759714 0.360251 0.781074 0.346760 0.796363 0.376889 0.775678 0.387232 0.759714 0.360251
0 0.393756 0.231961 0.399394 0.208707 0.425291 0.214696 0.418949 0.238655 0.393756 0.231961
0 0.445406 0.238845 0.442235 0.218938 0.466194 0.210130 0.487159 0.250825 0.438536 0.270732 0.424442 0.246949 0.445406 0.238845
0 0.463730 0.327316 0.488462 0.327091 0.488013 0.349576 0.464854 0.348901 0.463730 0.327316
0 0.514868 0.306983 0.525262 0.300993 0.529843 0.306807 0.588507 0.269635 0.605419 0.294828 0.565781 0.323719 0.556092 0.319315 0.528609 0.336051 0.514868 0.306983
0 0.668225 0.296999 0.686887 0.283958 0.696330 0.294975 0.676319 0.309365 0.668225 0.296999
0 0.484972 0.383428 0.496070 0.378495 0.494661 0.374443 0.503822 0.370039 0.505407 0.374091 0.512806 0.371448 0.510516 0.363168 0.535532 0.353303 0.544693 0.380609 0.492018 0.398402 0.484972 0.383428
0 0.449385 0.366163 0.470350 0.365106 0.468588 0.388713 0.448152 0.387656 0.449385 0.366163
0 0.432649 0.403863 0.450090 0.394350 0.451147 0.396640 0.475987 0.387479 0.483738 0.400340 0.439520 0.418309 0.432649 0.403863
0 0.408645 0.506289 0.392530 0.510684 0.384107 0.422419 0.397292 0.420222 0.399123 0.429011 0.418900 0.428279 0.421464 0.449521 0.410110 0.452085 0.410110 0.465636 0.405349 0.467833 0.408645 0.506289
0 0.364919 0.456750 0.383277 0.453161 0.385900 0.477869 0.368369 0.481734 0.364919 0.456750
0 0.288738 0.468857 0.298814 0.458781 0.303369 0.461680 0.308339 0.457677 0.324627 0.476173 0.311651 0.486802 0.302541 0.477139 0.299090 0.479900 0.288738 0.468857
0 0.256015 0.499123 0.285020 0.474840 0.309303 0.497998 0.282546 0.521607 0.256015 0.499123
0 0.308287 0.501840 0.321262 0.492040 0.335203 0.507637 0.323194 0.516609 0.308287 0.501840
0 0.278152 0.533262 0.307044 0.509832 0.328889 0.532029 0.308101 0.549470 0.298059 0.540133 0.291013 0.544713 0.278152 0.533262
0 0.350910 0.517231 0.364651 0.504547 0.369232 0.512474 0.356724 0.522868 0.350910 0.517231
0 0.327832 0.538900 0.346330 0.521459 0.371698 0.545770 0.351086 0.563739 0.327832 0.538900
0 0.395044 0.526298 0.417079 0.524724 0.416854 0.549007 0.397293 0.551930 0.395044 0.526298
0 0.430120 0.507636 0.445859 0.505388 0.449906 0.525399 0.433267 0.528547 0.430120 0.507636
4 0.178457 0.399152 0.196403 0.397321 0.196770 0.412703 0.181754 0.410139 0.178457 0.399152
0 0.147693 0.461779 0.173696 0.436509 0.186515 0.449327 0.191276 0.465808 0.172231 0.487050 0.147693 0.461779
3 0.196176 0.486781 0.210094 0.487310 0.210094 0.515849 0.193710 0.515144 0.196176 0.486781
0 0.219091 0.572974 0.230718 0.568746 0.234594 0.559057 0.240936 0.557295 0.258553 0.596933 0.255206 0.598871 0.258553 0.604332 0.241817 0.617369 0.237941 0.605741 0.228781 0.609793 0.219444 0.589710 0.227019 0.586010 0.219091 0.572974
0 0.225671 0.640220 0.269065 0.622007 0.291100 0.670573 0.246806 0.686537 0.225671 0.640220
0 0.000135 0.587438 0.018304 0.575433 0.027930 0.591223 0.011383 0.602688 0.000135 0.587438
0 0.023448 0.556659 0.053579 0.547763 0.059605 0.560102 0.058170 0.569859 0.028900 0.576459 0.023448 0.556659
0 0.051204 0.666596 0.052789 0.660254 0.068821 0.652150 0.085204 0.678752 0.064417 0.688089 0.051204 0.666596
0 0.126282 0.627705 0.146943 0.606183 0.156987 0.615365 0.138048 0.636600 0.126282 0.627705
0 0.159857 0.631435 0.193431 0.632009 0.193431 0.660131 0.169613 0.660131 0.169613 0.648653 0.152109 0.647792 0.153831 0.640044 0.158709 0.639757 0.159857 0.631435
0 0.080358 0.705034 0.096547 0.696715 0.127350 0.739435 0.090251 0.763718 0.083506 0.753825 0.104866 0.736512 0.080358 0.705034
0 0.052739 0.768494 0.077472 0.757027 0.084891 0.770293 0.062857 0.781085 0.052739 0.768494
0 0.109741 0.762614 0.135373 0.743727 0.155384 0.768685 0.139959 0.783128 0.133439 0.774359 0.095215 0.796843 0.083524 0.777957 0.109741 0.762614
0 0.108063 0.792523 0.133439 0.774359 0.157893 0.799148 0.129044 0.818335 0.108063 0.792523
0 0.130562 0.819301 0.170178 0.791005 0.186052 0.815436 0.149059 0.839454 0.130562 0.819301
0 0.130643 0.853549 0.163694 0.833313 0.171789 0.843431 0.139861 0.863667 0.130643 0.853549
0 0.170215 0.837136 0.195622 0.816675 0.216532 0.841633 0.191575 0.862993 0.170215 0.837136
0 0.183844 0.876251 0.204304 0.861637 0.210825 0.874452 0.193062 0.886594 0.183844 0.876251
0 0.212399 0.871979 0.215996 0.869506 0.209925 0.859163 0.229487 0.850619 0.243427 0.880523 0.217345 0.888393 0.212399 0.871979
0 0.126984 0.719909 0.152881 0.697359 0.160985 0.707224 0.137378 0.727660 0.126984 0.719909
0 0.152352 0.748448 0.173845 0.728541 0.188643 0.744220 0.168736 0.762542 0.152352 0.748448
0 0.230823 0.686155 0.239519 0.680909 0.246835 0.693609 0.239243 0.698302 0.230823 0.686155
0 0.244968 0.763059 0.267166 0.738747 0.289892 0.757950 0.277207 0.774333 0.271394 0.770986 0.266285 0.776447 0.244968 0.763059
0 0.298876 0.757597 0.311384 0.749670 0.318959 0.760592 0.307508 0.766582 0.298876 0.757597
0 0.292534 0.776095 0.314731 0.764820 0.320193 0.775214 0.299757 0.785256 0.292534 0.776095
0 0.231004 0.843172 0.247074 0.834851 0.245065 0.829398 0.275770 0.813615 0.286962 0.836572 0.243631 0.859816 0.231004 0.843172
0 0.282370 0.813328 0.303892 0.800415 0.316806 0.821650 0.335745 0.815624 0.349806 0.848625 0.312214 0.859816 0.298153 0.829111 0.288397 0.830259 0.282370 0.813328
0 0.257808 0.881132 0.288799 0.867071 0.305443 0.900933 0.273878 0.915568 0.257808 0.881132
0 0.272443 0.936229 0.288799 0.935942 0.287365 0.924177 0.306878 0.925898 0.303721 0.959760 0.270721 0.952012 0.272443 0.936229
0 0.308517 0.590534 0.316247 0.587360 0.309069 0.574108 0.335571 0.563480 0.360970 0.616623 0.332673 0.628079 0.323424 0.608341 0.320250 0.609307 0.308517 0.590534
0 0.412493 0.605526 0.422611 0.604177 0.419913 0.591586 0.443521 0.587314 0.449817 0.621940 0.415641 0.626436 0.412493 0.605526
0 0.489125 0.617848 0.515198 0.606925 0.521893 0.624366 0.496700 0.633175 0.489125 0.617848
0 0.351263 0.707981 0.387013 0.693591 0.399154 0.732264 0.365653 0.745305 0.351263 0.707981
0 0.432242 0.754041 0.464170 0.740326 0.477885 0.770230 0.453602 0.781697 0.448656 0.780348 0.441236 0.767757 0.435615 0.768881 0.432242 0.754041
0 0.490356 0.727628 0.520260 0.710091 0.524532 0.717510 0.530603 0.714138 0.542969 0.732125 0.533076 0.737296 0.542520 0.755059 0.517112 0.769224 0.490356 0.727628
0 0.557050 0.687025 0.594929 0.665216 0.610425 0.682146 0.571398 0.707399 0.557050 0.687025
0 0.610028 0.677680 0.625884 0.667990 0.642267 0.693182 0.625707 0.701815 0.610028 0.677680
0 0.573282 0.724099 0.586098 0.717129 0.595991 0.731744 0.583400 0.737590 0.573282 0.724099
0 0.508527 0.782783 0.534834 0.780310 0.536408 0.796049 0.524041 0.798072 0.524266 0.806841 0.514598 0.807516 0.513924 0.817409 0.499534 0.818982 0.496611 0.800545 0.508977 0.798297 0.508527 0.782783
4 0.535720 0.819509 0.552985 0.813343 0.563731 0.843644 0.548757 0.847344 0.535720 0.819509
0 0.458019 0.980568 0.463994 0.972401 0.479000 0.983622 0.472759 0.991922 0.458019 0.980568
0 0.508816 0.965962 0.521515 0.954505 0.535870 0.963891 0.548017 0.955471 0.564857 0.970103 0.564167 0.975900 0.557956 0.982112 0.559750 0.987633 0.546674 0.999008 0.526338 0.999008 0.507298 0.981421 0.515304 0.972587 0.508816 0.965962
0 0.587664 0.972948 0.597425 0.969429 0.603068 0.984236 0.591781 0.987622 0.587664 0.972948
0 0.585301 0.950881 0.594493 0.947312 0.600009 0.961589 0.589194 0.965374 0.585301 0.950881
0 0.589661 0.917932 0.617848 0.902077 0.632646 0.927974 0.604987 0.943477 0.589661 0.917932
0 0.538101 0.914353 0.552723 0.905721 0.570692 0.899203 0.586547 0.930208 0.556422 0.945535 0.538101 0.914353
0 0.546909 0.886694 0.561003 0.880881 0.569107 0.893741 0.555894 0.900964 0.546909 0.886694
0 0.440536 0.972840 0.457624 0.954518 0.469780 0.966850 0.454629 0.981120 0.440536 0.972840
0 0.724484 0.942498 0.745619 0.922038 0.758435 0.929458 0.762033 0.924736 0.782493 0.950818 0.746744 0.974201 0.738424 0.963634 0.741797 0.960486 0.724484 0.942498
0 0.719516 0.836480 0.753242 0.818717 0.764259 0.838728 0.760437 0.841876 0.763360 0.849521 0.735704 0.864360 0.719516 0.836480
0 0.605730 0.703935 0.612925 0.698988 0.619220 0.707982 0.612250 0.712704 0.605730 0.703935
0 0.900423 0.481628 0.917512 0.470706 0.923678 0.480923 0.922621 0.484094 0.933719 0.502768 0.911346 0.514572 0.903418 0.503473 0.909232 0.500126 0.903947 0.491493 0.906413 0.490436 0.900423 0.481628
0 0.999007 0.461545 0.969124 0.463932 0.969571 0.442480 0.999007 0.443660 0.999007 0.461545
0 0.961732 0.360463 0.972075 0.351469 0.992536 0.377326 0.979720 0.385420 0.961732 0.360463
0 0.464601 0.049541 0.476518 0.036050 0.483263 0.040772 0.493830 0.029530 0.523734 0.044594 0.521261 0.060558 0.506197 0.074723 0.464601 0.049541
0 0.961150 0.363101 0.953525 0.368185 0.948591 0.361457 0.959206 0.354729 0.962047 0.362802 0.961150 0.363101
4 0.966702 0.495725 0.965955 0.489595 0.982700 0.488399 0.983448 0.494379 0.966702 0.495725
4 0.208097 0.939130 0.205174 0.939374 0.198842 0.925979 0.220030 0.914533 0.226362 0.932068 0.208097 0.939130
4 0.999007 0.439127 0.973613 0.427652 0.979450 0.417862 0.999007 0.425028 0.999007 0.439127
0 0.000006 0.085950 0.019838 0.068039 0.028796 0.075912 0.000006 0.101694 0.000006 0.085950
0 0.137505 0.508016 0.154449 0.489754 0.167063 0.501427 0.152190 0.517806 0.137505 0.508016
0 0.045167 0.636451 0.052768 0.632107 0.068006 0.651336 0.059283 0.656538 0.045167 0.636451
