0 0.000010 0.958854 0.014704 0.951625 0.026521 0.977670 0.000010 0.992376 0.000010 0.958854
0 0.050155 0.968265 0.036409 0.935225 0.070172 0.920032 0.067519 0.907974 0.082712 0.902668 0.112858 0.959824 0.118887 0.957895 0.130222 0.979841 0.105864 0.992140 0.099111 0.981529 0.083436 0.985870 0.070895 0.958618 0.050155 0.968265
0 0.114787 0.955724 0.095735 0.919791 0.096700 0.916415 0.091876 0.907974 0.133116 0.884581 0.140109 0.897604 0.136009 0.900015 0.156750 0.936431 0.114787 0.955724
0 0.174729 0.943948 0.140872 0.880235 0.190427 0.854996 0.213511 0.898395 0.239366 0.889469 0.236904 0.884236 0.251678 0.878696 0.255371 0.882390 0.271377 0.875618 0.280610 0.894701 0.225515 0.914708 0.224900 0.922403 0.183348 0.944564 0.174729 0.943948
0 0.213358 0.872294 0.201965 0.846760 0.244784 0.823583 0.260497 0.851081 0.224750 0.870723 0.213358 0.872294
4 0.556869 0.999008 0.572925 0.978080 0.584641 0.982237 0.594467 0.991685 0.585481 0.999007 0.556869 0.999008
0 0.729965 0.301226 0.697890 0.308461 0.691620 0.303156 0.683662 0.265052 0.704643 0.259264 0.713807 0.264328 0.721283 0.264087 0.727554 0.288686 0.729965 0.301226
0 0.711333 0.354638 0.696406 0.355016 0.684879 0.323082 0.675620 0.297006 0.685446 0.294172 0.691493 0.318547 0.696406 0.316469 0.710577 0.348592 0.711333 0.354638
0 0.667086 0.067909 0.608509 0.074522 0.600762 0.049769 0.600384 0.031440 0.615879 0.030684 0.616680 0.036398 0.625893 0.036164 0.627131 0.043475 0.666519 0.039376 0.667086 0.067909
4 0.669241 0.000007 0.670378 0.015254 0.643127 0.015496 0.641508 0.000007 0.669241 0.000007
4 0.612319 0.000007 0.597547 0.016460 0.585488 0.012602 0.594233 0.000007 0.612319 0.000007
0 0.000010 0.843170 0.014341 0.834708 0.041138 0.878790 0.000010 0.902217 0.000010 0.843170
0 0.043984 0.873065 0.022960 0.835015 0.023700 0.828649 0.063083 0.805997 0.072558 0.821690 0.090029 0.853966 0.048277 0.875434 0.043984 0.873065
0 0.012880 0.806425 0.000010 0.782200 0.000010 0.781898 0.000351 0.772552 0.024132 0.761647 0.041533 0.754339 0.058585 0.785080 0.012880 0.806425
0 0.139754 0.819747 0.122632 0.785502 0.097792 0.790566 0.093933 0.781884 0.103097 0.778267 0.095380 0.764520 0.121185 0.753427 0.128661 0.765244 0.180029 0.737751 0.191122 0.754874 0.202457 0.748604 0.207280 0.754150 0.221750 0.777543 0.188228 0.797801 0.191605 0.807207 0.172312 0.816612 0.169418 0.812030 0.151089 0.818782 0.139754 0.819747
0 0.126934 0.753817 0.109088 0.722224 0.169379 0.691114 0.180713 0.707272 0.188431 0.724153 0.126934 0.753817
0 0.198896 0.742431 0.193590 0.733990 0.224218 0.715903 0.232417 0.726755 0.198896 0.742431
0 0.000010 0.596011 0.005787 0.590715 0.031592 0.632195 0.000010 0.656545 0.000010 0.596011
0 0.053817 0.674920 0.083899 0.572140 0.124008 0.585677 0.093926 0.686953 0.053817 0.674920
0 0.042066 0.404603 0.016985 0.337800 0.012885 0.320195 0.054607 0.313925 0.058707 0.335388 0.081858 0.332977 0.084270 0.356370 0.090540 0.377833 0.085235 0.399056 0.059671 0.401950 0.042066 0.404603
0 0.042066 0.404603 0.029320 0.400575 0.029320 0.395068 0.015765 0.394221 0.016985 0.337800 0.042066 0.404603
