0 0.056133 0.072664 0.059635 0.085973 0.038734 0.090676 0.036063 0.076746 0.056133 0.072664
0 0.077580 0.055292 0.089601 0.046705 0.106775 0.065215 0.095135 0.074947 0.077580 0.055292
0 0.079377 0.061070 0.089268 0.071967 0.081947 0.078586 0.071140 0.067769 0.079377 0.061070
0 0.171416 0.012305 0.159388 0.033117 0.150118 0.026239 0.154005 0.021305 0.149619 0.016445 0.161680 0.004287 0.171416 0.012305
4 0.161309 0.003975 0.149287 0.016084 0.148473 0.015175 0.134273 0.000004 0.156908 0.000004 0.161309 0.003975
4 0.171660 0.011875 0.157545 0.000004 0.178522 0.000005 0.171660 0.011875
0 0.221343 0.000005 0.228155 0.005275 0.211468 0.036257 0.207282 0.039098 0.199208 0.035210 0.198012 0.033715 0.203992 0.021455 0.186500 0.011438 0.192509 0.000005 0.221343 0.000005
0 0.242680 0.019636 0.247069 0.013174 0.264378 0.022848 0.252258 0.041917 0.243374 0.036574 0.237842 0.045103 0.222144 0.036903 0.234699 0.015676 0.242680 0.019636
0 0.541759 0.015624 0.552782 0.024965 0.546720 0.031271 0.560268 0.044056 0.542904 0.057031 0.538133 0.052261 0.528402 0.061229 0.515999 0.048826 0.528402 0.037949 0.523631 0.032607 0.541759 0.015624
0 0.546157 0.056205 0.551311 0.061126 0.542877 0.069443 0.537827 0.063731 0.546157 0.056205
0 0.913019 0.004069 0.936642 0.024894 0.924098 0.034327 0.913429 0.023958 0.881465 0.045245 0.871680 0.036705 0.913019 0.004069
0 0.915095 0.048471 0.938530 0.047896 0.938773 0.072545 0.908331 0.073032 0.907984 0.061829 0.915015 0.061610 0.915095 0.048471
0 0.934390 0.076928 0.955821 0.076685 0.955218 0.098823 0.923431 0.098116 0.923431 0.089836 0.916612 0.089925 0.916855 0.081312 0.922900 0.081370 0.922789 0.074589 0.934478 0.074725 0.934390 0.076928
0 0.848765 0.099978 0.854367 0.123358 0.826604 0.127985 0.824412 0.113860 0.829526 0.112642 0.828308 0.101927 0.848765 0.099978
0 0.849740 0.134804 0.863378 0.172796 0.841459 0.178884 0.832936 0.178154 0.829039 0.165003 0.803955 0.168656 0.801276 0.155261 0.828552 0.149416 0.826360 0.141136 0.849740 0.134804
0 0.966388 0.122600 0.963887 0.144623 0.933792 0.142329 0.935637 0.120513 0.966388 0.122600
0 0.999010 0.178656 0.986362 0.185293 0.967610 0.153390 0.986118 0.143405 0.976864 0.124166 0.999010 0.125098 0.999010 0.178656
0 0.773577 0.203147 0.778150 0.213140 0.759012 0.220266 0.754872 0.210281 0.773577 0.203147
0 0.262516 0.504080 0.271354 0.535113 0.249180 0.541902 0.241111 0.510059 0.262516 0.504080
0 0.220097 0.389679 0.230082 0.419634 0.213522 0.424749 0.204061 0.393788 0.220097 0.389679
0 0.305801 0.359794 0.340441 0.355942 0.346264 0.405018 0.312941 0.407795 0.314925 0.444291 0.332380 0.443497 0.331983 0.462142 0.317305 0.460159 0.299057 0.451431 0.285966 0.453018 0.286759 0.456985 0.262561 0.461349 0.255024 0.455001 0.253834 0.424456 0.272875 0.421679 0.269305 0.378439 0.251057 0.379629 0.248677 0.366141 0.305801 0.359794
0 0.577779 0.083835 0.585085 0.096499 0.568768 0.103562 0.562260 0.090797 0.577779 0.083835
