0 0.777577 0.524436 0.766239 0.510264 0.774931 0.503083 0.786269 0.517255 0.777577 0.524436
0 0.797984 0.542953 0.793638 0.518389 0.828974 0.510453 0.835209 0.537285 0.801953 0.546544 0.797984 0.542953
0 0.819740 0.572746 0.808887 0.555141 0.820705 0.549595 0.830833 0.567682 0.819740 0.572746
0 0.829628 0.581669 0.845786 0.573229 0.855673 0.615915 0.846750 0.620497 0.842409 0.612297 0.845062 0.610127 0.829628 0.581669
0 0.897948 0.701841 0.881942 0.671369 0.892099 0.666752 0.908413 0.696916 0.897948 0.701841
0 0.912106 0.685220 0.901025 0.656595 0.934883 0.642129 0.947810 0.674139 0.921955 0.685528 0.912106 0.685220
0 0.875828 0.507215 0.876751 0.474897 0.902606 0.474897 0.902606 0.469665 0.921689 0.469972 0.919842 0.518912 0.896142 0.517065 0.896142 0.511525 0.875828 0.507215
0 0.961655 0.329086 0.966478 0.270001 0.987459 0.269037 0.988906 0.240579 0.999009 0.242215 0.999009 0.338762 0.971784 0.332945 0.961655 0.329086
0 0.957568 0.834081 0.961677 0.820164 0.974496 0.823924 0.976343 0.820230 0.993272 0.825155 0.985577 0.850702 0.965969 0.846765 0.967725 0.840545 0.957568 0.834081
0 0.986251 0.929780 0.979016 0.911211 0.993003 0.906146 0.998230 0.920250 0.999009 0.922882 0.999009 0.924442 0.986251 0.929780
0 0.765133 0.087227 0.743428 0.066487 0.756209 0.054911 0.777432 0.075410 0.765133 0.087227
4 0.999009 0.506371 0.984703 0.512476 0.988543 0.424154 0.987391 0.417626 0.999009 0.417980 0.999009 0.506371
0 0.981361 0.255429 0.980456 0.267200 0.965666 0.266596 0.967175 0.253316 0.981361 0.255429
4 0.999009 0.902313 0.992951 0.896108 0.990240 0.889601 0.999009 0.886121 0.999009 0.902313
0 0.954854 0.980150 0.964187 0.978284 0.966427 0.992097 0.957467 0.994337 0.954854 0.980150
