0 0.673133 0.154013 0.705039 0.154473 0.704810 0.175590 0.672904 0.175820 0.673133 0.154013
0 0.672215 0.127157 0.689431 0.116828 0.697543 0.129912 0.681856 0.142307 0.672215 0.127157
0 0.652300 0.021276 0.668506 0.015357 0.677806 0.030013 0.666392 0.036072 0.663151 0.037763 0.664419 0.045514 0.654555 0.044950 0.652864 0.037622 0.661178 0.034804 0.652300 0.021276
4 0.443764 0.000008 0.443958 0.007962 0.431503 0.008202 0.431623 0.000058 0.442175 0.000008 0.443764 0.000008
4 0.425035 0.000008 0.424796 0.002932 0.412819 0.002693 0.413297 0.000007 0.425035 0.000008
0 0.371064 0.015068 0.372256 0.035188 0.386124 0.036448 0.385532 0.051188 0.351060 0.051172 0.348824 0.017214 0.371064 0.015068
0 0.273641 0.036340 0.275936 0.043226 0.280068 0.041849 0.283281 0.068246 0.261934 0.069624 0.256884 0.042308 0.273641 0.036340
0 0.856853 0.900322 0.887382 0.873236 0.896104 0.879434 0.902761 0.888386 0.888759 0.901470 0.887382 0.900781 0.884398 0.903535 0.898170 0.918685 0.888759 0.928096 0.856853 0.900322
0 0.953328 0.961548 0.945000 0.968340 0.934494 0.969235 0.911228 0.984088 0.902959 0.973086 0.910957 0.968403 0.907139 0.961287 0.923344 0.950436 0.922217 0.948886 0.926867 0.945786 0.932645 0.951986 0.942311 0.945710 0.953328 0.961548
3 0.592638 0.091474 0.608476 0.094458 0.603197 0.124757 0.586211 0.121085 0.592638 0.091474
3 0.861433 0.044968 0.867871 0.038725 0.878210 0.046919 0.873138 0.053161 0.861433 0.044968
0 0.846420 0.167770 0.849633 0.158818 0.859963 0.161802 0.856290 0.169147 0.846420 0.167770
