0 0.999012 0.050252 0.992806 0.051229 0.965434 0.037741 0.976145 0.011956 0.999012 0.016954 0.999012 0.050252
0 0.999012 0.084028 0.992425 0.093538 0.951550 0.067890 0.964641 0.044485 0.999012 0.058808 0.999012 0.084028
0 0.986096 0.000001 0.967452 0.011864 0.953964 0.030509 0.935319 0.019401 0.925005 0.005517 0.924609 0.000002 0.986096 0.000001
0 0.809279 0.041146 0.836401 0.042579 0.836320 0.075990 0.833523 0.097437 0.814563 0.096815 0.811144 0.106762 0.799022 0.101789 0.799332 0.089045 0.806171 0.087802 0.809279 0.041146
0 0.816833 0.099705 0.837515 0.099669 0.834869 0.120126 0.825470 0.135353 0.809602 0.132576 0.816833 0.099705
0 0.793480 0.162117 0.815298 0.164100 0.813711 0.175605 0.820852 0.181555 0.815298 0.197423 0.791893 0.192266 0.793480 0.162117
0 0.823232 0.149423 0.829579 0.136728 0.843463 0.136728 0.845843 0.143472 0.854968 0.149423 0.850604 0.173621 0.821645 0.172034 0.823232 0.149423
0 0.788254 0.225721 0.798965 0.231672 0.802932 0.241986 0.773576 0.272531 0.757708 0.255077 0.788254 0.225721
0 0.824843 0.256267 0.840074 0.262484 0.830127 0.283309 0.813654 0.278025 0.824843 0.256267
0 0.861189 0.246604 0.872143 0.265014 0.878497 0.275399 0.838519 0.322783 0.825776 0.310972 0.861189 0.246604
0 0.897739 0.220134 0.899293 0.238161 0.880022 0.236607 0.882820 0.218891 0.897739 0.220134
0 0.563555 0.752569 0.573296 0.782524 0.563068 0.785934 0.552352 0.754517 0.563555 0.752569
0 0.886352 0.196953 0.897864 0.188444 0.907040 0.197621 0.912546 0.211635 0.898531 0.221813 0.895695 0.208966 0.886352 0.196953
0 0.805386 0.298857 0.821382 0.309140 0.811099 0.325952 0.794451 0.316975 0.805386 0.298857
