0 0.209845 0.043965 0.218678 0.043197 0.271671 0.061629 0.257462 0.090814 0.223286 0.079294 0.202933 0.069310 0.209845 0.043965
0 0.000010 0.115258 0.016430 0.122933 0.027566 0.130998 0.032558 0.141750 0.027182 0.159030 0.000010 0.149817 0.000010 0.115258
0 0.019502 0.164790 0.035246 0.170166 0.022574 0.188215 0.009134 0.181303 0.019502 0.164790
0 0.123568 0.173239 0.156209 0.189751 0.147761 0.200887 0.116656 0.182839 0.123568 0.173239
0 0.193458 0.167094 0.215346 0.172855 0.215730 0.172855 0.211890 0.184759 0.216114 0.186679 0.213042 0.195895 0.206898 0.194743 0.194610 0.218552 0.165041 0.204727 0.170801 0.193975 0.166193 0.191287 0.174257 0.177463 0.186546 0.178615 0.193458 0.167094
0 0.249907 0.194743 0.277172 0.196663 0.273332 0.236216 0.254899 0.233528 0.252595 0.247736 0.231475 0.246584 0.222642 0.282681 0.206898 0.281145 0.229939 0.201655 0.244147 0.207031 0.249907 0.194743
0 0.411959 0.240824 0.431543 0.249656 0.425399 0.262329 0.405047 0.250424 0.411959 0.240824
0 0.436788 0.279159 0.451896 0.270009 0.463800 0.296889 0.449592 0.304186 0.443766 0.291857 0.436788 0.279159
0 0.516837 0.312729 0.552615 0.336254 0.526639 0.372522 0.507035 0.358309 0.514387 0.349977 0.501154 0.339195 0.516837 0.312729
0 0.475061 0.594837 0.506166 0.570645 0.530358 0.594837 0.498485 0.620182 0.475061 0.594837
0 0.452788 0.593685 0.460468 0.598677 0.466997 0.594069 0.474293 0.602901 0.470453 0.606357 0.452404 0.620566 0.437428 0.605973 0.452788 0.593685
0 0.560695 0.446610 0.567991 0.449298 0.571447 0.442002 0.593719 0.451602 0.579511 0.483859 0.566071 0.480403 0.559927 0.491155 0.549942 0.486163 0.545334 0.482707 0.560695 0.446610
0 0.595256 0.474642 0.615992 0.492307 0.620600 0.493459 0.638649 0.514195 0.609464 0.538388 0.586039 0.514579 0.569527 0.528788 0.552631 0.510355 0.567607 0.496531 0.567607 0.493459 0.595256 0.474642
0 0.431098 0.376975 0.447044 0.372161 0.452460 0.382993 0.453664 0.385400 0.436213 0.391417 0.431098 0.376975
0 0.678204 0.314043 0.698789 0.333157 0.681145 0.347370 0.678694 0.350311 0.657620 0.331197 0.678204 0.314043
0 0.738981 0.360109 0.750743 0.366971 0.746822 0.374322 0.766917 0.394416 0.746822 0.412060 0.743392 0.407649 0.733099 0.412550 0.708104 0.387555 0.738981 0.360109
0 0.744398 0.348077 0.756305 0.350345 0.766737 0.355334 0.770479 0.360891 0.762428 0.372457 0.754944 0.367468 0.753356 0.364406 0.738501 0.356922 0.744398 0.348077
0 0.819411 0.364263 0.832951 0.377200 0.832048 0.381112 0.834756 0.385023 0.811588 0.401873 0.800756 0.404581 0.795340 0.405483 0.783004 0.384121 0.819411 0.364263
0 0.888143 0.335083 0.896732 0.352138 0.866649 0.368475 0.854915 0.353130 0.888143 0.335083
0 0.844884 0.316821 0.822619 0.355936 0.808176 0.348414 0.818707 0.330060 0.797946 0.317724 0.786212 0.305990 0.799150 0.291247 0.844884 0.316821
0 0.767167 0.269477 0.775615 0.283686 0.746431 0.301734 0.736446 0.289062 0.767167 0.269477
0 0.778303 0.258725 0.795968 0.282534 0.785215 0.290214 0.768703 0.262565 0.778303 0.258725
0 0.897730 0.240677 0.920003 0.258725 0.903490 0.274854 0.883138 0.253733 0.897730 0.240677
0 0.014368 0.417762 0.019766 0.412676 0.032187 0.424199 0.024899 0.432806 0.027908 0.434010 0.019784 0.442434 0.000010 0.419880 0.000010 0.403029 0.014368 0.417762
0 0.040158 0.414776 0.032187 0.424199 0.019766 0.412676 0.028376 0.404567 0.040158 0.414776
0 0.045056 0.417506 0.056694 0.419908 0.056139 0.428035 0.043579 0.427112 0.045056 0.417506
