0 0.378983 0.463722 0.424768 0.466645 0.424768 0.475168 0.378983 0.472977 0.378008 0.472733 0.378983 0.463722
0 0.325194 0.496231 0.342940 0.497376 0.344657 0.508252 0.342558 0.515694 0.322713 0.515312 0.322904 0.504436 0.323286 0.496421 0.325194 0.496231
0 0.345802 0.500047 0.365266 0.501192 0.366983 0.509588 0.365266 0.519892 0.344848 0.518747 0.344848 0.511687 0.345802 0.505199 0.345802 0.500047
4 0.446244 0.456050 0.454168 0.456349 0.454168 0.479523 0.446095 0.479074 0.446244 0.456050
0 0.380370 0.529727 0.389939 0.529278 0.390537 0.539146 0.379174 0.539594 0.378875 0.530474 0.380370 0.529727
0 0.709042 0.781938 0.774553 0.798986 0.771387 0.809945 0.769439 0.820173 0.702710 0.802882 0.709042 0.781938
0 0.736531 0.732825 0.807324 0.747518 0.806943 0.759158 0.799112 0.772459 0.730425 0.758776 0.730997 0.755533 0.731379 0.752861 0.736531 0.732825
0 0.707756 0.725573 0.734518 0.732301 0.732574 0.740225 0.705363 0.733945 0.705513 0.730806 0.704018 0.729460 0.704167 0.725573 0.707756 0.725573
0 0.722109 0.700903 0.759935 0.714359 0.761579 0.721087 0.756347 0.725423 0.715530 0.710323 0.718670 0.702249 0.722109 0.700903
0 0.731907 0.672773 0.747935 0.650448 0.802891 0.689756 0.787435 0.710937 0.765109 0.693382 0.759766 0.694908 0.731907 0.675445 0.731907 0.672773
0 0.794151 0.777773 0.829286 0.741591 0.838706 0.749665 0.801776 0.788388 0.792357 0.779716 0.794151 0.777773
0 0.682682 0.987181 0.687168 0.977612 0.718689 0.986158 0.717823 0.999006 0.710928 0.999006 0.682682 0.987181
0 0.763273 0.999006 0.762938 0.996157 0.760373 0.996007 0.760546 0.990326 0.763594 0.990350 0.763093 0.978836 0.775392 0.978609 0.776073 0.999005 0.763273 0.999006
0 0.725166 0.896329 0.725283 0.895626 0.750627 0.913831 0.744716 0.924718 0.717552 0.904412 0.725166 0.896329
0 0.728329 0.892580 0.740864 0.893283 0.740981 0.899960 0.728681 0.899609 0.728329 0.892580
0 0.831134 0.925281 0.834297 0.922586 0.858780 0.930552 0.850580 0.959370 0.832188 0.952576 0.831954 0.955504 0.822699 0.952458 0.831134 0.925281
0 0.805697 0.935372 0.806339 0.917290 0.820383 0.920595 0.825523 0.919034 0.831134 0.925281 0.824789 0.945285 0.813774 0.939778 0.805697 0.935372
0 0.766557 0.651639 0.772282 0.644197 0.825520 0.681979 0.820177 0.691902 0.764077 0.655074 0.766557 0.651639
0 0.770946 0.628359 0.781632 0.615384 0.838877 0.659081 0.829146 0.673011 0.770946 0.628359
0 0.819540 0.701597 0.834396 0.680409 0.876528 0.708416 0.859481 0.732282 0.818323 0.702814 0.819540 0.701597
0 0.892013 0.682515 0.880945 0.702551 0.872803 0.696797 0.885391 0.678096 0.892013 0.682515
0 0.884980 0.677822 0.872402 0.696514 0.865117 0.691367 0.865219 0.690774 0.864717 0.690900 0.877187 0.672627 0.884980 0.677822
0 0.876787 0.672363 0.864228 0.690742 0.856602 0.685352 0.869404 0.667441 0.876787 0.672363
0 0.869004 0.667178 0.856201 0.685068 0.849079 0.680034 0.860719 0.662097 0.861100 0.661906 0.869004 0.667178
0 0.901636 0.653394 0.906298 0.652772 0.917798 0.661786 0.918731 0.669868 0.915933 0.677016 0.895730 0.662408 0.901636 0.653394
0 0.903175 0.613777 0.904393 0.613290 0.908776 0.616700 0.911455 0.615238 0.930208 0.630825 0.928503 0.633017 0.921197 0.642515 0.909507 0.654935 0.885640 0.633991 0.903175 0.613777
0 0.831370 0.640949 0.831751 0.639613 0.839575 0.630644 0.856939 0.644765 0.847589 0.655642 0.831370 0.640949
0 0.807899 0.622630 0.808090 0.619577 0.814005 0.612326 0.815723 0.610609 0.836522 0.627401 0.827553 0.639040 0.807899 0.622630
0 0.814572 0.598131 0.822968 0.588208 0.869718 0.630379 0.861895 0.642019 0.813618 0.598894 0.814572 0.598131
0 0.880238 0.588295 0.904758 0.608927 0.901020 0.613712 0.898478 0.612516 0.890106 0.621486 0.879042 0.612964 0.868576 0.603246 0.867231 0.601452 0.880238 0.588295
0 0.791953 0.600158 0.800349 0.592525 0.813516 0.605500 0.809318 0.609889 0.808364 0.612942 0.804929 0.615995 0.801113 0.614851 0.801113 0.610653 0.791572 0.603211 0.790618 0.601684 0.791953 0.600158
0 0.871585 0.595793 0.850504 0.577553 0.858129 0.569329 0.878911 0.587420 0.871585 0.595793
0 0.738693 0.579881 0.747713 0.572736 0.754859 0.574493 0.767159 0.586559 0.756499 0.600031 0.737990 0.582224 0.738693 0.579881
0 0.755993 0.550518 0.761076 0.544836 0.759133 0.543192 0.782008 0.520466 0.809219 0.542594 0.785148 0.570702 0.771094 0.558143 0.770047 0.557395 0.766309 0.561881 0.754647 0.551415 0.755993 0.550518
0 0.707630 0.499876 0.721560 0.499494 0.721560 0.501212 0.726140 0.501212 0.725376 0.507318 0.707058 0.507127 0.707630 0.499876
0 0.767738 0.521057 0.741214 0.552732 0.733350 0.545156 0.761494 0.515303 0.767738 0.521057
0 0.761133 0.514971 0.732998 0.544814 0.727002 0.539033 0.754853 0.509180 0.761133 0.514971
0 0.754492 0.508848 0.726650 0.538701 0.720033 0.532315 0.719652 0.531361 0.745794 0.500830 0.754492 0.508848
4 0.311860 0.441880 0.319631 0.440948 0.324293 0.463638 0.319942 0.470476 0.317144 0.467678 0.311860 0.441880
