3 0.575510 0.999008 0.580347 0.985141 0.570962 0.981302 0.574801 0.965519 0.577361 0.965519 0.586745 0.947603 0.605941 0.945470 0.608074 0.954428 0.596983 0.954855 0.593144 0.964666 0.614472 0.971491 0.609780 0.988553 0.595703 0.985141 0.587772 0.999007 0.575510 0.999008
0 0.562985 0.958869 0.576688 0.960541 0.574801 0.965519 0.569670 0.977920 0.557303 0.973241 0.562985 0.958869
0 0.546007 0.971251 0.557791 0.977012 0.549411 0.991939 0.537365 0.986702 0.546007 0.971251
0 0.739216 0.957289 0.748119 0.957289 0.749167 0.969336 0.738168 0.969336 0.739216 0.957289
0 0.708838 0.903867 0.716433 0.904391 0.717480 0.910938 0.709100 0.910938 0.708838 0.903867
0 0.842134 0.838757 0.844139 0.832741 0.909647 0.850789 0.902963 0.875856 0.858845 0.859813 0.863858 0.847447 0.842134 0.838757
0 0.802557 0.901537 0.798718 0.886181 0.812368 0.882769 0.818340 0.897272 0.802557 0.901537
3 0.828328 0.828223 0.833447 0.812440 0.847950 0.817132 0.844139 0.832741 0.828328 0.828223
3 0.869705 0.759973 0.865013 0.780874 0.873971 0.784713 0.866293 0.808601 0.856482 0.807748 0.854775 0.817985 0.847950 0.817132 0.833447 0.812440 0.836860 0.795377 0.844538 0.755280 0.869705 0.759973
0 0.874824 0.741630 0.914495 0.742483 0.915774 0.755707 0.907243 0.771916 0.905537 0.786846 0.891033 0.779595 0.890180 0.775756 0.871838 0.772343 0.875677 0.745043 0.874824 0.741630
3 0.999008 0.807448 0.976914 0.795609 0.988858 0.767882 0.999008 0.771768 0.999008 0.807448
0 0.889718 0.701979 0.890242 0.701717 0.901503 0.709311 0.915644 0.716382 0.931356 0.721881 0.922453 0.741260 0.900193 0.733928 0.885267 0.727643 0.886052 0.724762 0.890242 0.717168 0.882386 0.713501 0.889718 0.701979
0 0.856571 0.726828 0.874285 0.727830 0.874619 0.734180 0.871277 0.740197 0.867600 0.745210 0.857239 0.748218 0.856571 0.726828
0 0.856237 0.730838 0.857239 0.748218 0.840528 0.752563 0.832841 0.752229 0.831504 0.732844 0.856237 0.730838
0 0.796708 0.814850 0.818098 0.821200 0.812416 0.837243 0.792697 0.831227 0.796708 0.814850
0 0.790692 0.801147 0.793031 0.794128 0.789021 0.793794 0.767965 0.792457 0.772309 0.771401 0.808406 0.774409 0.804729 0.804155 0.790692 0.801147
0 0.766934 0.769757 0.765597 0.784797 0.744875 0.783795 0.742870 0.793153 0.737857 0.807525 0.717469 0.799503 0.719140 0.786803 0.724822 0.786134 0.725490 0.779116 0.729167 0.778447 0.729835 0.771428 0.738525 0.772431 0.739194 0.767752 0.766934 0.769757
1 0.752614 0.845002 0.756804 0.847359 0.758899 0.844740 0.770159 0.851810 0.768588 0.854167 0.772254 0.856786 0.753399 0.884545 0.738734 0.874070 0.747114 0.862024 0.741877 0.858095 0.752614 0.845002
0 0.653061 0.789545 0.655193 0.780588 0.684200 0.784000 0.694437 0.786560 0.703395 0.791252 0.711927 0.800210 0.706381 0.807461 0.694864 0.800210 0.685480 0.794664 0.670550 0.792958 0.670123 0.796797 0.658179 0.795091 0.658606 0.790399 0.653061 0.789545
0 0.679514 0.773477 0.689875 0.758102 0.702575 0.766792 0.688204 0.778824 0.679514 0.773477
0 0.593394 0.738985 0.604089 0.720937 0.609771 0.722942 0.615453 0.712915 0.628822 0.718263 0.624811 0.726953 0.630493 0.729961 0.627485 0.738651 0.622137 0.735977 0.613448 0.752354 0.593394 0.742661 0.593394 0.738985
0 0.628067 0.671224 0.635319 0.659706 0.645983 0.665252 0.639584 0.678475 0.642997 0.682741 0.629773 0.711321 0.622522 0.708335 0.621242 0.710468 0.614843 0.708335 0.599060 0.694685 0.616550 0.662692 0.628067 0.671224
0 0.625928 0.633196 0.637872 0.619546 0.638299 0.613147 0.645124 0.608455 0.659200 0.621252 0.675837 0.639167 0.656215 0.657083 0.645983 0.664275 0.635319 0.658730 0.646404 0.645566 0.639578 0.639167 0.637019 0.643433 0.625928 0.645139 0.624649 0.641727 0.627208 0.639167 0.625928 0.633196
0 0.568550 0.693343 0.573669 0.696329 0.575375 0.692916 0.574095 0.689504 0.580921 0.681399 0.594144 0.688224 0.581347 0.712538 0.561299 0.702301 0.568550 0.693343
2 0.557632 0.758646 0.539717 0.747982 0.546542 0.736465 0.565737 0.745423 0.557632 0.758646
3 0.561621 0.758668 0.567838 0.747156 0.580672 0.751315 0.595044 0.762011 0.589027 0.776048 0.570645 0.767358 0.572316 0.763348 0.561621 0.758668
0 0.568109 0.933991 0.568777 0.915943 0.587494 0.916946 0.585823 0.935662 0.568109 0.933991
0 0.562093 0.877173 0.564098 0.876839 0.597855 0.882186 0.629606 0.889539 0.625930 0.903242 0.613229 0.901237 0.611224 0.903911 0.590502 0.899900 0.591839 0.891210 0.560756 0.886865 0.562093 0.877173
0 0.391533 0.943293 0.398342 0.932032 0.408293 0.938317 0.400699 0.948792 0.391533 0.943293
2 0.847483 0.642074 0.848006 0.636051 0.861362 0.634480 0.860576 0.642859 0.875503 0.645216 0.875241 0.663024 0.859267 0.661453 0.858743 0.668523 0.843816 0.667214 0.844602 0.659881 0.833080 0.658572 0.834913 0.641288 0.847221 0.643383 0.847483 0.642074
2 0.860667 0.622454 0.871028 0.612762 0.882726 0.617441 0.889744 0.606746 0.913140 0.619781 0.900774 0.637495 0.901108 0.647187 0.895426 0.653203 0.884063 0.654540 0.876375 0.640503 0.863341 0.625462 0.860667 0.622454
3 0.866611 0.609484 0.872961 0.597452 0.875635 0.596783 0.886999 0.572719 0.899699 0.575727 0.891678 0.600125 0.887791 0.606746 0.880773 0.617441 0.869075 0.612762 0.866611 0.609484
0 0.829610 0.567974 0.854351 0.569254 0.854777 0.580771 0.831316 0.579918 0.829610 0.567974
0 0.828284 0.581107 0.803847 0.580225 0.805107 0.567124 0.829544 0.569266 0.828284 0.581107
0 0.844800 0.629777 0.828826 0.623230 0.829873 0.618517 0.814946 0.617731 0.814946 0.607256 0.838515 0.607256 0.838777 0.614327 0.850561 0.619302 0.844800 0.629777
2 0.839115 0.635857 0.834913 0.641288 0.834436 0.649895 0.813714 0.644882 0.813045 0.637194 0.817724 0.636192 0.821735 0.628170 0.839115 0.635857
0 0.887975 0.571742 0.893412 0.559675 0.931180 0.577055 0.926835 0.585745 0.909789 0.580063 0.906113 0.586413 0.897757 0.582403 0.900676 0.574750 0.887975 0.571742
0 0.848931 0.552785 0.863434 0.537002 0.895427 0.551506 0.896706 0.557051 0.893412 0.560652 0.887975 0.572719 0.884763 0.568995 0.880070 0.573260 0.873245 0.573687 0.871113 0.577526 0.866420 0.577953 0.860875 0.577953 0.849784 0.556624 0.848931 0.552785
0 0.494064 0.442344 0.502182 0.434749 0.508467 0.427417 0.512395 0.424536 0.517895 0.432130 0.516062 0.434749 0.523394 0.442867 0.516847 0.448890 0.510562 0.441034 0.499825 0.452295 0.503754 0.455961 0.508205 0.453604 0.511610 0.457270 0.508467 0.462508 0.506372 0.469840 0.497207 0.469578 0.482280 0.455437 0.480709 0.443391 0.491969 0.435273 0.494064 0.442344
3 0.498676 0.410478 0.504010 0.410272 0.502984 0.414992 0.498470 0.415197 0.498676 0.410478
4 0.509573 0.918735 0.514437 0.907618 0.532503 0.909008 0.531113 0.921515 0.509573 0.918735
