0 0.009428 0.107673 0.034320 0.081523 0.047884 0.093689 0.045646 0.096346 0.061953 0.114300 0.042516 0.134150 0.024950 0.117182 0.020615 0.119979 0.016979 0.117742 0.016280 0.114386 0.009428 0.107673
0 0.070635 0.113363 0.080450 0.100661 0.099221 0.114777 0.087100 0.127118 0.070635 0.113363
4 0.999009 0.362775 0.996489 0.362413 0.981372 0.335092 0.999009 0.326434 0.999009 0.362775
0 0.923149 0.446685 0.934795 0.431736 0.943452 0.438099 0.930523 0.453150 0.923149 0.446685
0 0.907492 0.468807 0.917896 0.453554 0.925876 0.458503 0.915270 0.474160 0.907492 0.468807
0 0.889379 0.513999 0.914270 0.498617 0.936924 0.508126 0.928953 0.521411 0.914969 0.516237 0.897769 0.526725 0.889379 0.513999
0 0.885603 0.516656 0.891896 0.523508 0.897349 0.534136 0.858754 0.560006 0.845889 0.542107 0.885603 0.516656
0 0.879965 0.627751 0.892271 0.606635 0.903458 0.611110 0.905836 0.614326 0.894369 0.633484 0.879965 0.627751
0 0.868778 0.640337 0.903598 0.642854 0.904996 0.649426 0.900382 0.661872 0.862765 0.658376 0.864863 0.646350 0.868778 0.640337
0 0.906255 0.642854 0.923176 0.644252 0.922896 0.657397 0.921358 0.657397 0.921358 0.660753 0.903598 0.659355 0.905696 0.651524 0.905556 0.645930 0.906255 0.642854
0 0.981167 0.659154 0.976552 0.668523 0.974735 0.668523 0.974175 0.673557 0.969281 0.674396 0.957814 0.686842 0.937677 0.676354 0.936709 0.676064 0.954219 0.646768 0.981167 0.659154
0 0.951941 0.649085 0.953479 0.646428 0.953770 0.646563 0.936230 0.675918 0.932084 0.674676 0.925092 0.670061 0.919358 0.673837 0.916981 0.670481 0.934880 0.640555 0.951941 0.649085
0 0.999009 0.711288 0.974516 0.696549 0.991017 0.663687 0.999009 0.667170 0.999009 0.711288
0 0.846270 0.691953 0.853402 0.677969 0.870183 0.683703 0.871161 0.690135 0.864869 0.700064 0.846270 0.691953
0 0.883607 0.661049 0.893815 0.662168 0.900388 0.666083 0.889900 0.694890 0.871161 0.690135 0.883607 0.661049
0 0.810472 0.999005 0.811254 0.992900 0.799132 0.989870 0.802466 0.977244 0.828627 0.984314 0.826830 0.999004 0.810472 0.999005
3 0.117284 0.590946 0.126793 0.583535 0.134344 0.591226 0.136862 0.589827 0.143853 0.599057 0.132387 0.608846 0.125535 0.602133 0.126234 0.600875 0.117284 0.590946
0 0.742737 0.467026 0.749320 0.460444 0.746609 0.457347 0.751836 0.452701 0.764614 0.467026 0.753840 0.477683 0.742737 0.467026
0 0.645688 0.704499 0.659627 0.690256 0.672859 0.703690 0.676294 0.700256 0.677607 0.698943 0.685385 0.706519 0.679223 0.712579 0.676799 0.710963 0.676698 0.712377 0.676496 0.722175 0.674779 0.720862 0.665385 0.731165 0.655385 0.723489 0.659930 0.717125 0.645688 0.704499
0 0.668728 0.683653 0.674042 0.678059 0.684390 0.670648 0.692920 0.679597 0.691941 0.681136 0.695297 0.683792 0.688445 0.690645 0.686068 0.689246 0.684530 0.690784 0.681453 0.687988 0.675999 0.691903 0.668728 0.683653
0 0.636130 0.675365 0.645919 0.667534 0.652631 0.676204 0.642842 0.683336 0.636130 0.675365
0 0.657805 0.663059 0.660182 0.663898 0.665356 0.652432 0.665496 0.649915 0.662280 0.650474 0.660602 0.650194 0.662140 0.641804 0.665776 0.643202 0.669831 0.623904 0.682696 0.626282 0.679620 0.642783 0.688150 0.645440 0.682557 0.659144 0.679900 0.658305 0.674026 0.670611 0.665776 0.676484 0.655008 0.673827 0.657805 0.663059
0 0.705243 0.590720 0.731185 0.560326 0.744930 0.566134 0.747640 0.570586 0.747059 0.574652 0.717827 0.608724 0.710277 0.604852 0.705243 0.590720
0 0.799568 0.636775 0.823760 0.605031 0.833129 0.612163 0.809916 0.644186 0.800407 0.640550 0.799568 0.636775
0 0.808378 0.577063 0.817467 0.568813 0.833968 0.584615 0.846694 0.596081 0.831731 0.609506 0.826417 0.602934 0.826837 0.598039 0.807539 0.577483 0.808378 0.577063
0 0.861753 0.565419 0.871821 0.557728 0.879233 0.566538 0.868465 0.574369 0.861753 0.565419
0 0.873639 0.556189 0.884687 0.546820 0.892657 0.555630 0.881330 0.565419 0.873639 0.556189
0 0.651581 0.552846 0.672102 0.574334 0.661067 0.581110 0.642870 0.559234 0.651581 0.552846
0 0.761012 0.461733 0.749405 0.449147 0.759613 0.439498 0.771360 0.451385 0.761012 0.461733
0 0.847772 0.382606 0.856287 0.360682 0.866078 0.364088 0.867568 0.360682 0.896943 0.373241 0.905670 0.352167 0.933980 0.363236 0.930149 0.372602 0.945475 0.378775 0.932916 0.411129 0.928659 0.413471 0.915887 0.408788 0.917164 0.404318 0.908650 0.401338 0.906521 0.405808 0.847772 0.382606
0 0.248649 0.625043 0.251056 0.619748 0.255308 0.621513 0.253142 0.626888 0.248649 0.625043
0 0.863021 0.582436 0.847207 0.595645 0.839365 0.587480 0.855277 0.573918 0.863021 0.582436
3 0.687204 0.724057 0.695790 0.718299 0.701144 0.726380 0.692962 0.731734 0.687204 0.724057
3 0.619829 0.764520 0.625310 0.747621 0.638898 0.754244 0.631133 0.769658 0.619829 0.764520
