0 0.504082 0.045200 0.522413 0.044938 0.522675 0.056460 0.503820 0.054627 0.504082 0.045200
0 0.511962 0.152357 0.499916 0.112029 0.528722 0.105482 0.529769 0.108624 0.537364 0.106791 0.539867 0.116689 0.545159 0.134288 0.548100 0.144763 0.542863 0.147382 0.546529 0.165975 0.531602 0.169379 0.526627 0.150262 0.511962 0.152357
0 0.228526 0.314449 0.219623 0.289833 0.240834 0.284072 0.247643 0.296642 0.248953 0.309997 0.228526 0.314449
0 0.300517 0.217205 0.337441 0.217729 0.337441 0.242083 0.300778 0.241036 0.300517 0.217205
0 0.436104 0.281907 0.451031 0.281383 0.452078 0.308618 0.436104 0.310451 0.436104 0.281907
3 0.347077 0.272770 0.393534 0.274107 0.395205 0.294161 0.346408 0.295164 0.346671 0.286624 0.347077 0.272770
0 0.518232 0.297831 0.533006 0.277723 0.544291 0.285110 0.531569 0.303987 0.518232 0.297831
0 0.668334 0.404604 0.715471 0.407223 0.714423 0.420840 0.663620 0.420578 0.668334 0.404604
0 0.694000 0.422252 0.711761 0.422252 0.712391 0.430188 0.693874 0.429181 0.694000 0.422252
0 0.695925 0.439778 0.708270 0.439400 0.707892 0.450863 0.695673 0.450485 0.695925 0.439778
0 0.733977 0.430730 0.748967 0.434635 0.746196 0.444838 0.732213 0.440681 0.733977 0.430730
0 0.798862 0.426918 0.823740 0.428751 0.823740 0.436608 0.845476 0.438441 0.845214 0.454153 0.821645 0.453629 0.820336 0.457296 0.797029 0.453367 0.798862 0.426918
4 0.999008 0.465506 0.990834 0.461303 0.997381 0.447162 0.999008 0.447975 0.999008 0.465506
0 0.951910 0.506083 0.971550 0.509487 0.967622 0.529652 0.947196 0.528080 0.951910 0.506083
0 0.999008 0.535066 0.974955 0.532270 0.978621 0.510535 0.990667 0.513153 0.990405 0.505035 0.999008 0.506209 0.999008 0.535066
0 0.846542 0.760482 0.871944 0.762054 0.872206 0.765720 0.888704 0.767815 0.887657 0.789289 0.851780 0.788765 0.851780 0.783265 0.846019 0.783527 0.846542 0.760482
0 0.657701 0.907233 0.671056 0.910899 0.668700 0.920327 0.656392 0.916922 0.657701 0.907233
0 0.640652 0.672647 0.652028 0.650936 0.669789 0.661362 0.654400 0.681880 0.646068 0.676210 0.640652 0.672647
0 0.349478 0.796641 0.350859 0.788288 0.379675 0.794281 0.371103 0.834195 0.342421 0.828930 0.342421 0.825002 0.337707 0.824479 0.340064 0.815837 0.329430 0.812851 0.331563 0.794508 0.349478 0.796641
0 0.434608 0.821588 0.436260 0.819480 0.447662 0.805007 0.463784 0.815778 0.450081 0.831986 0.434608 0.821588
0 0.343150 0.770084 0.346803 0.757866 0.368595 0.768825 0.365698 0.778902 0.343150 0.770084
0 0.217984 0.987091 0.243385 0.949323 0.271794 0.965700 0.264776 0.979403 0.259762 0.977064 0.243456 0.999006 0.240812 0.999006 0.217984 0.987091
0 0.332080 0.955356 0.340287 0.935248 0.371475 0.948380 0.360601 0.967052 0.332080 0.955356
4 0.283024 0.999006 0.293159 0.985773 0.311936 0.999007 0.283024 0.999006
0 0.300927 0.983969 0.316996 0.960472 0.330761 0.967440 0.332814 0.963758 0.344430 0.970907 0.340440 0.977628 0.336801 0.975876 0.332676 0.982889 0.325857 0.978835 0.314751 0.992321 0.300927 0.983969
0 0.352237 0.999007 0.369687 0.976550 0.386151 0.986531 0.380066 0.999007 0.352237 0.999007
0 0.386114 0.967452 0.405402 0.942009 0.424689 0.953089 0.409916 0.980789 0.386114 0.967452
0 0.432011 0.999008 0.442242 0.977106 0.460959 0.988135 0.457590 0.999008 0.432011 0.999008
0 0.632740 0.636347 0.653428 0.647608 0.652028 0.650936 0.640652 0.672647 0.633526 0.669081 0.635359 0.665677 0.620956 0.656511 0.632740 0.636347
0 0.632678 0.602914 0.645379 0.608596 0.638026 0.625307 0.633681 0.623636 0.631675 0.628650 0.622651 0.624973 0.632678 0.602914
0 0.649869 0.608495 0.667583 0.616516 0.658893 0.631222 0.642516 0.623201 0.649869 0.608495
0 0.657739 0.570912 0.676616 0.582197 0.669434 0.594508 0.648505 0.582197 0.657739 0.570912
0 0.639409 0.536646 0.661406 0.548693 0.650669 0.569119 0.634957 0.560215 0.629195 0.571476 0.616887 0.567286 0.609555 0.582213 0.589652 0.574356 0.601699 0.550788 0.618720 0.557334 0.628148 0.539265 0.635480 0.543193 0.639409 0.536646
0 0.556531 0.564821 0.561317 0.549075 0.580968 0.557893 0.575929 0.571749 0.556531 0.564821
0 0.584117 0.550587 0.593439 0.554366 0.589282 0.566459 0.579582 0.562428 0.584117 0.550587
0 0.153341 0.753068 0.154162 0.749990 0.161343 0.751426 0.159702 0.761686 0.142671 0.758403 0.144518 0.752863 0.153341 0.753068
0 0.134874 0.718186 0.161959 0.723111 0.157650 0.745476 0.129129 0.740962 0.134874 0.718186
0 0.115936 0.700819 0.133582 0.706154 0.127221 0.724621 0.121680 0.723319 0.107318 0.720517 0.115936 0.700819
0 0.124920 0.665588 0.137138 0.661247 0.142604 0.666391 0.142444 0.676038 0.127814 0.679092 0.124920 0.665588
0 0.097729 0.677737 0.122970 0.666966 0.126828 0.680470 0.103517 0.692367 0.097729 0.677737
0 0.000007 0.426550 0.003468 0.428676 0.005158 0.423346 0.031084 0.430417 0.028465 0.445082 0.017990 0.441678 0.005420 0.457652 0.000007 0.456056 0.000007 0.426550
0 0.035520 0.453165 0.050005 0.461174 0.047077 0.466445 0.060949 0.471558 0.049406 0.487683 0.020954 0.477544 0.035520 0.453165
0 0.082454 0.443200 0.087208 0.443651 0.094511 0.444325 0.093547 0.456383 0.089367 0.455579 0.089206 0.460884 0.080524 0.460241 0.082454 0.443200
0 0.095095 0.471366 0.125093 0.471741 0.128853 0.486655 0.125190 0.503140 0.093890 0.504855 0.095095 0.471366
0 0.161810 0.438897 0.190888 0.441570 0.187546 0.462961 0.157131 0.460621 0.161810 0.438897
0 0.065819 0.541878 0.069486 0.524332 0.095673 0.531403 0.087555 0.567541 0.076818 0.563613 0.078651 0.558899 0.054559 0.552876 0.059796 0.539783 0.065819 0.541878
0 0.210021 0.486988 0.244446 0.495678 0.241438 0.512724 0.213907 0.505701 0.205341 0.503700 0.210021 0.486988
0 0.190020 0.519544 0.201595 0.522599 0.200791 0.529351 0.189377 0.527261 0.190020 0.519544
0 0.235378 0.513793 0.244806 0.517197 0.237735 0.538147 0.225951 0.535005 0.235378 0.513793
0 0.231323 0.601395 0.237272 0.580656 0.246596 0.581781 0.242738 0.602842 0.231323 0.601395
0 0.289810 0.520950 0.287453 0.528545 0.294785 0.530640 0.292690 0.537186 0.289548 0.536663 0.283786 0.565207 0.276270 0.562744 0.280248 0.545052 0.272660 0.542151 0.269285 0.552276 0.242188 0.545693 0.245815 0.532735 0.256813 0.535615 0.260480 0.521474 0.270955 0.525140 0.272264 0.516760 0.289810 0.520950
0 0.323695 0.586806 0.338263 0.586806 0.338263 0.605067 0.326362 0.604246 0.326362 0.600758 0.323695 0.600348 0.323695 0.586806
0 0.320861 0.556674 0.332310 0.556477 0.332902 0.568518 0.320959 0.568321 0.320861 0.556674
0 0.387577 0.607729 0.398788 0.608233 0.398410 0.626498 0.386947 0.625490 0.387577 0.607729
0 0.401162 0.547860 0.429654 0.553568 0.428397 0.573835 0.400429 0.568336 0.401162 0.547860
0 0.463920 0.579834 0.487927 0.584143 0.484144 0.614062 0.483823 0.617383 0.481996 0.617220 0.454745 0.615476 0.456100 0.589288 0.463715 0.590504 0.469460 0.591325 0.469460 0.588452 0.463715 0.587426 0.463920 0.579834
0 0.558091 0.605064 0.582156 0.612417 0.577142 0.628126 0.591848 0.633474 0.586501 0.643166 0.571460 0.636816 0.574468 0.631468 0.553746 0.624449 0.558091 0.605064
0 0.360652 0.503006 0.373374 0.504852 0.372963 0.520446 0.357985 0.520446 0.354702 0.519831 0.355728 0.509161 0.360037 0.509161 0.360652 0.503006
0 0.376539 0.505941 0.389260 0.508609 0.386388 0.525639 0.373871 0.523177 0.376539 0.505941
0 0.401906 0.503710 0.416047 0.506067 0.411857 0.536706 0.391431 0.534611 0.392740 0.527279 0.402167 0.519684 0.401906 0.503710
0 0.388328 0.525078 0.390721 0.503915 0.401428 0.508072 0.401428 0.516764 0.392740 0.527279 0.388328 0.525078
0 0.444002 0.505767 0.455037 0.506360 0.483781 0.508402 0.488929 0.508845 0.489535 0.525599 0.454877 0.523413 0.454877 0.527517 0.441950 0.526286 0.444002 0.505767
0 0.487856 0.526942 0.501843 0.528710 0.500718 0.543501 0.486570 0.541411 0.487856 0.526942
0 0.468013 0.529553 0.479428 0.533250 0.474444 0.548523 0.463994 0.545308 0.468013 0.529553
0 0.499041 0.544360 0.513779 0.544360 0.512771 0.553807 0.498285 0.553303 0.499041 0.544360
0 0.501962 0.522837 0.515627 0.508368 0.537974 0.531518 0.526399 0.545987 0.501962 0.522837
0 0.321844 0.570121 0.327963 0.570318 0.328160 0.585814 0.322337 0.585419 0.321844 0.570121
0 0.090078 0.681382 0.097347 0.678675 0.102219 0.691976 0.094718 0.694838 0.090078 0.681382
0 0.863392 0.376714 0.883327 0.380090 0.881559 0.389093 0.859051 0.384752 0.863392 0.376714
0 0.530515 0.855575 0.556163 0.860705 0.552880 0.887379 0.544467 0.885942 0.544878 0.880608 0.527437 0.878145 0.530515 0.855575
0 0.449918 0.538013 0.455048 0.537192 0.454842 0.530626 0.463050 0.530626 0.462229 0.538834 0.463460 0.538834 0.462229 0.549709 0.449097 0.548888 0.449918 0.538013
0 0.505437 0.071678 0.521411 0.070630 0.522197 0.074034 0.540790 0.067488 0.550480 0.086866 0.519840 0.099174 0.519840 0.090271 0.505437 0.090271 0.505437 0.071678
0 0.214636 0.253126 0.208915 0.248382 0.228392 0.227648 0.245895 0.270479 0.264110 0.265433 0.267802 0.276755 0.260910 0.278724 0.261771 0.284263 0.247864 0.287093 0.247495 0.280201 0.234450 0.283524 0.230758 0.273925 0.234942 0.272571 0.224850 0.249311 0.214636 0.253126
3 0.557085 0.180957 0.571238 0.181080 0.570869 0.194126 0.549947 0.193141 0.550563 0.185757 0.556962 0.185757 0.557085 0.180957
0 0.539867 0.116689 0.551559 0.112504 0.556728 0.130226 0.545159 0.134288 0.539867 0.116689
0 0.840245 0.803269 0.847033 0.798674 0.854788 0.809508 0.851117 0.812231 0.853545 0.815368 0.857591 0.812522 0.867329 0.826187 0.856491 0.831684 0.850051 0.817077 0.840245 0.803269
0 0.758731 0.852019 0.770496 0.856551 0.766060 0.866676 0.754296 0.861373 0.758731 0.852019
0 0.307605 0.964967 0.304808 0.973453 0.297866 0.971042 0.300855 0.962074 0.307605 0.964967
0 0.107318 0.720517 0.121680 0.723319 0.117742 0.735749 0.103589 0.731195 0.107318 0.720517
0 0.216836 0.632650 0.222990 0.634988 0.220405 0.642249 0.214252 0.639911 0.216836 0.632650
0 0.284718 0.569212 0.293825 0.570935 0.291118 0.582750 0.282011 0.580289 0.284718 0.569212
0 0.333603 0.523384 0.343921 0.524927 0.343343 0.538427 0.331964 0.537463 0.331964 0.531870 0.334375 0.531966 0.333603 0.523384
0 0.383229 0.569293 0.396151 0.571508 0.396151 0.593291 0.378552 0.608552 0.383229 0.569293
0 0.448480 0.617036 0.459473 0.618579 0.459570 0.625907 0.447902 0.624171 0.448480 0.617036
0 0.478124 0.540850 0.497200 0.543681 0.496830 0.551803 0.474555 0.550203 0.478124 0.540850
0 0.420942 0.489790 0.434450 0.490575 0.435707 0.505026 0.440890 0.505497 0.440105 0.540053 0.435393 0.540210 0.435393 0.544765 0.418429 0.543666 0.417486 0.538953 0.411857 0.536706 0.416047 0.506067 0.421727 0.501727 0.420942 0.489790
0 0.411641 0.463901 0.420994 0.464270 0.420748 0.484823 0.410779 0.484823 0.411641 0.463901
0 0.555824 0.570442 0.571059 0.573850 0.579278 0.574051 0.594514 0.580065 0.593712 0.584475 0.609549 0.589687 0.607745 0.602918 0.602132 0.613343 0.562439 0.595701 0.550812 0.584475 0.555824 0.570442
0 0.630351 0.497184 0.644135 0.497676 0.644258 0.502353 0.668257 0.502845 0.667887 0.515152 0.644627 0.514783 0.644627 0.524506 0.630843 0.523890 0.630351 0.497184
0 0.695925 0.439778 0.695673 0.450485 0.652446 0.449134 0.653676 0.436458 0.655768 0.436581 0.656630 0.425258 0.670291 0.426489 0.669552 0.437689 0.695925 0.439778
0 0.658320 0.454811 0.666134 0.454989 0.666075 0.461737 0.658320 0.461560 0.658320 0.454811
0 0.830955 0.473848 0.840097 0.481252 0.834431 0.489563 0.832995 0.489034 0.829973 0.494399 0.823400 0.489563 0.826875 0.484576 0.824760 0.483065 0.830955 0.473848
0 0.786109 0.514487 0.798741 0.515259 0.798066 0.524612 0.785434 0.523552 0.786109 0.514487
0 0.767812 0.497081 0.787289 0.494568 0.789645 0.508705 0.769697 0.511532 0.767812 0.497081
0 0.922760 0.392815 0.932184 0.396585 0.920246 0.422973 0.911136 0.419203 0.922760 0.392815
0 0.999008 0.562807 0.978290 0.561458 0.979075 0.551877 0.999008 0.553236 0.999008 0.562807
0 0.646068 0.676210 0.646239 0.693186 0.664773 0.687531 0.670742 0.692872 0.652836 0.701668 0.633830 0.698055 0.634929 0.673552 0.640652 0.672647 0.646068 0.676210
0 0.480750 0.558101 0.510065 0.560705 0.523661 0.565141 0.523468 0.569191 0.529832 0.571698 0.529157 0.581341 0.530411 0.581630 0.530218 0.590694 0.525686 0.597637 0.513063 0.593816 0.495341 0.588401 0.487927 0.584143 0.488449 0.574494 0.480819 0.571786 0.480750 0.558101
0 0.428397 0.573835 0.429654 0.553568 0.453907 0.559537 0.452808 0.577914 0.463920 0.579834 0.463715 0.590504 0.456100 0.589288 0.433802 0.586239 0.435454 0.575660 0.428397 0.573835
0 0.340741 0.543047 0.355861 0.541374 0.357830 0.558358 0.349215 0.560943 0.348107 0.555404 0.344187 0.556461 0.340741 0.543047
0 0.290002 0.508690 0.314258 0.515907 0.313256 0.526732 0.308645 0.525329 0.307843 0.528536 0.302030 0.527935 0.300626 0.519114 0.289601 0.515907 0.290002 0.508690
0 0.304223 0.489643 0.320088 0.494198 0.319931 0.501424 0.323386 0.502837 0.323543 0.496868 0.335952 0.500795 0.335952 0.492470 0.343020 0.494827 0.341764 0.506450 0.335481 0.514618 0.301867 0.505193 0.304223 0.489643
0 0.229916 0.467229 0.247638 0.468214 0.248499 0.486305 0.229547 0.485813 0.229424 0.476583 0.227208 0.476337 0.227578 0.471660 0.229793 0.471783 0.229916 0.467229
0 0.252555 0.478837 0.253133 0.470159 0.279940 0.471991 0.279844 0.482598 0.291705 0.482791 0.291415 0.493109 0.257762 0.491373 0.257858 0.479030 0.252555 0.478837
0 0.603236 0.861163 0.586868 0.849102 0.589575 0.838395 0.608159 0.838887 0.609882 0.855748 0.603236 0.861163
0 0.560882 0.857698 0.578788 0.860996 0.580045 0.856127 0.592454 0.859112 0.592139 0.866651 0.617271 0.878746 0.611616 0.890212 0.607533 0.889898 0.605805 0.898065 0.590726 0.893510 0.590412 0.895552 0.581773 0.893982 0.581459 0.897280 0.564652 0.892097 0.567322 0.884714 0.558369 0.882044 0.561825 0.869950 0.557426 0.868222 0.560882 0.857698
0 0.432887 0.945939 0.441256 0.948032 0.421319 0.991598 0.413934 0.988029 0.432887 0.945939
0 0.135754 0.453133 0.146861 0.452151 0.147919 0.464617 0.136359 0.465221 0.135754 0.453133
0 0.151264 0.465527 0.162257 0.467166 0.160810 0.479606 0.156471 0.479413 0.156182 0.481341 0.149528 0.481149 0.151264 0.465527
0 0.203366 0.264552 0.211385 0.258338 0.222210 0.278986 0.211184 0.284198 0.203366 0.264552
0 0.548205 0.090426 0.571096 0.066920 0.573804 0.074304 0.567896 0.111102 0.559528 0.116763 0.548205 0.090426
0 0.546782 0.092608 0.553725 0.107747 0.541286 0.113050 0.534246 0.098104 0.546782 0.092608
0 0.405759 0.321680 0.421389 0.319710 0.422989 0.331156 0.407359 0.332756 0.405759 0.321680
0 0.395820 0.470923 0.401702 0.471116 0.401413 0.479795 0.395338 0.479505 0.395820 0.470923
0 0.455037 0.506360 0.455665 0.500235 0.465875 0.500549 0.467131 0.487669 0.478441 0.488454 0.477498 0.503062 0.484252 0.503533 0.483781 0.508402 0.455037 0.506360
0 0.471278 0.470614 0.477546 0.471482 0.477257 0.478522 0.470989 0.478136 0.471278 0.470614
0 0.451476 0.487922 0.457444 0.487620 0.458275 0.494571 0.452004 0.495024 0.451476 0.487922
0 0.381634 0.545726 0.387790 0.545371 0.388027 0.551350 0.381811 0.551823 0.381634 0.545726
0 0.333613 0.607698 0.341309 0.603614 0.344151 0.608527 0.336633 0.612493 0.333613 0.607698
0 0.450081 0.831986 0.444713 0.838367 0.421945 0.822984 0.423176 0.820522 0.410745 0.812769 0.422683 0.795293 0.438190 0.802554 0.432898 0.813261 0.434744 0.814492 0.432898 0.817938 0.436260 0.819480 0.434608 0.821588 0.450081 0.831986
0 0.444713 0.838367 0.438153 0.843707 0.417683 0.828420 0.421945 0.822984 0.444713 0.838367
0 0.513702 0.832543 0.521561 0.836516 0.517934 0.845067 0.509815 0.841785 0.513702 0.832543
0 0.529840 0.833733 0.541260 0.835551 0.542296 0.825791 0.559398 0.834342 0.558879 0.842893 0.554993 0.851789 0.539792 0.852912 0.540396 0.846261 0.529028 0.844967 0.529840 0.833733
0 0.589575 0.838395 0.586868 0.849102 0.573618 0.844599 0.577159 0.834839 0.589575 0.838395
0 0.481996 0.617220 0.483823 0.617383 0.484144 0.614062 0.491121 0.614117 0.491079 0.625252 0.482064 0.625127 0.481996 0.617220
0 0.319019 0.614341 0.324298 0.609604 0.329103 0.614544 0.323824 0.619417 0.319019 0.614341
0 0.260480 0.521474 0.261646 0.512537 0.272264 0.516760 0.270955 0.525140 0.260480 0.521474
0 0.202478 0.534341 0.214930 0.540296 0.211546 0.547199 0.199354 0.540481 0.202478 0.534341
0 0.205341 0.503700 0.213907 0.505701 0.211912 0.514983 0.203182 0.512818 0.205341 0.503700
0 0.078526 0.442202 0.078981 0.436701 0.089235 0.437124 0.089072 0.442723 0.078526 0.442202
0 0.340914 0.274356 0.340914 0.285454 0.336583 0.285590 0.336583 0.293981 0.328462 0.293508 0.328124 0.274288 0.340914 0.274356
0 0.346408 0.295164 0.339030 0.294644 0.339300 0.286321 0.346671 0.286624 0.346408 0.295164
0 0.771200 0.473199 0.777848 0.472688 0.778103 0.474477 0.796257 0.470386 0.796001 0.466040 0.806484 0.464506 0.814155 0.466551 0.814411 0.480102 0.768643 0.487517 0.771200 0.473199
0 0.830955 0.473848 0.832820 0.465528 0.818502 0.463483 0.820336 0.457296 0.821645 0.453629 0.845214 0.454153 0.851229 0.460670 0.840097 0.481252 0.830955 0.473848
0 0.883327 0.380090 0.892757 0.384461 0.888556 0.395385 0.882170 0.392864 0.881559 0.389093 0.883327 0.380090
