0 0.022204 0.000001 0.021961 0.020250 0.015872 0.021224 0.014898 0.032427 0.006374 0.032427 0.007105 0.000000 0.022204 0.000001
0 0.045409 0.000002 0.050555 0.022378 0.036435 0.025049 0.033670 0.000001 0.045409 0.000002
4 0.126192 0.000004 0.128097 0.011279 0.088059 0.015600 0.085442 0.000003 0.126192 0.000004
4 0.000008 0.051940 0.006945 0.051613 0.007273 0.064885 0.000008 0.064885 0.000008 0.051940
0 0.009239 0.050958 0.024313 0.050794 0.024477 0.063902 0.009403 0.064394 0.009239 0.050958
0 0.032413 0.077269 0.044274 0.075911 0.045558 0.088235 0.033490 0.089134 0.032413 0.077269
0 0.042197 0.193193 0.009155 0.209387 0.002882 0.193912 0.034424 0.179004 0.042197 0.193193
0 0.062481 0.183247 0.042637 0.192979 0.034863 0.178789 0.056417 0.168608 0.062481 0.183247
0 0.064304 0.182995 0.078395 0.177097 0.081321 0.184692 0.086034 0.182237 0.085249 0.175855 0.090060 0.175167 0.090060 0.184102 0.083776 0.189601 0.085277 0.192663 0.070858 0.199544 0.064304 0.182995
0 0.075118 0.167593 0.088390 0.161531 0.087243 0.158909 0.098713 0.154157 0.100024 0.157270 0.112476 0.151044 0.115262 0.157926 0.104120 0.163825 0.110510 0.178407 0.093470 0.185617 0.089046 0.172673 0.078523 0.176842 0.075118 0.167593
0 0.025014 0.336134 0.038614 0.334332 0.039433 0.345146 0.035829 0.345474 0.036156 0.349898 0.030422 0.350881 0.026489 0.351373 0.025014 0.336134
0 0.036156 0.349898 0.052542 0.346129 0.056802 0.368086 0.034026 0.372182 0.032003 0.362462 0.030422 0.350881 0.036156 0.349898
0 0.031645 0.362462 0.033788 0.372063 0.035291 0.384003 0.022976 0.384212 0.022383 0.380828 0.013160 0.380486 0.012669 0.363609 0.031645 0.362462
0 0.036755 0.397526 0.035549 0.378892 0.046914 0.377045 0.049208 0.395396 0.036755 0.397526
0 0.000008 0.666219 0.006376 0.661920 0.010299 0.667050 0.006376 0.669766 0.010701 0.677411 0.000008 0.684933 0.000008 0.666219
4 0.000008 0.614091 0.012828 0.620606 0.007863 0.631567 0.000008 0.627610 0.000008 0.614091
0 0.017123 0.622281 0.029576 0.628443 0.024825 0.638329 0.012501 0.632038 0.017123 0.622281
0 0.088505 0.954837 0.082607 0.937796 0.117343 0.926326 0.123406 0.942056 0.088505 0.954837
0 0.131208 0.923260 0.142378 0.918253 0.146101 0.925699 0.134803 0.931091 0.131208 0.923260
0 0.163406 0.924605 0.187455 0.913939 0.188918 0.917495 0.206276 0.908711 0.213595 0.924605 0.186618 0.936734 0.189546 0.942380 0.175744 0.947817 0.163406 0.924605
0 0.397454 0.000007 0.403758 0.004074 0.395074 0.016363 0.391594 0.022232 0.395946 0.026039 0.393770 0.028977 0.384197 0.022123 0.390180 0.013965 0.374429 0.002436 0.376716 0.000007 0.397454 0.000007
0 0.406887 0.002810 0.420270 0.011593 0.411069 0.024768 0.398522 0.015985 0.406887 0.002810
0 0.433582 0.054948 0.450520 0.039473 0.466832 0.054738 0.451566 0.070213 0.433582 0.054948
0 0.452434 0.093314 0.472429 0.075846 0.493604 0.089785 0.465959 0.112055 0.456809 0.106183 0.462164 0.100334 0.452434 0.093314
0 0.432944 0.160640 0.443620 0.147562 0.466055 0.118613 0.479798 0.125115 0.446823 0.170782 0.432944 0.160640
0 0.443620 0.147562 0.432944 0.160640 0.428407 0.156903 0.437481 0.143291 0.443620 0.147562
0 0.415845 0.141191 0.426968 0.122071 0.440417 0.130213 0.425051 0.155302 0.415845 0.141191
0 0.406407 0.123722 0.403629 0.111403 0.404999 0.101068 0.409754 0.097511 0.414832 0.112449 0.423715 0.108852 0.425888 0.113407 0.406407 0.123722
0 0.385329 0.158449 0.416594 0.143603 0.432303 0.177932 0.400809 0.192345 0.385329 0.158449
0 0.378134 0.193502 0.391936 0.187020 0.399465 0.209605 0.386290 0.214205 0.378134 0.193502
0 0.335477 0.153664 0.345876 0.170610 0.333294 0.178056 0.323665 0.159569 0.335477 0.153664
0 0.345876 0.170610 0.333808 0.150839 0.347416 0.144420 0.358072 0.164833 0.345876 0.170610
0 0.349342 0.145576 0.362822 0.137873 0.373221 0.156488 0.359356 0.163549 0.349342 0.145576
0 0.367150 0.138368 0.385134 0.128540 0.395172 0.149243 0.376769 0.157189 0.367150 0.138368
4 0.449686 0.000008 0.449244 0.005469 0.437523 0.005845 0.437716 0.000008 0.449686 0.000008
4 0.493030 0.000008 0.490215 0.012274 0.477037 0.009458 0.479450 0.000008 0.493030 0.000008
4 0.549533 0.000008 0.548551 0.008541 0.529544 0.005100 0.530362 0.000008 0.549533 0.000008
0 0.479181 0.016630 0.491961 0.022037 0.482130 0.039241 0.470169 0.033179 0.479181 0.016630
0 0.485804 0.042621 0.499076 0.024106 0.514460 0.033494 0.502860 0.051878 0.485804 0.042621
0 0.507790 0.159371 0.518199 0.138286 0.541419 0.148695 0.525138 0.180456 0.507790 0.171381 0.511526 0.161773 0.507790 0.159371
0 0.497955 0.173989 0.490252 0.169367 0.496543 0.158840 0.503989 0.162948 0.497955 0.173989
0 0.525331 0.110398 0.533670 0.104443 0.526815 0.097071 0.534160 0.091962 0.561466 0.121707 0.548055 0.135311 0.525331 0.110398
0 0.340193 0.293996 0.355877 0.263621 0.370042 0.269464 0.383062 0.276851 0.379160 0.288658 0.393573 0.295331 0.384765 0.314013 0.357649 0.300288 0.356060 0.294250 0.340193 0.293996
0 0.474232 0.300932 0.478661 0.303316 0.482067 0.292756 0.501143 0.303316 0.486495 0.332952 0.465716 0.324436 0.474232 0.300932
0 0.459430 0.326883 0.475978 0.334890 0.470373 0.347968 0.454092 0.340228 0.459430 0.326883
0 0.471963 0.368975 0.467480 0.372519 0.471741 0.378746 0.460271 0.387430 0.454536 0.379729 0.457649 0.377435 0.453061 0.371536 0.466895 0.361904 0.471963 0.368975
0 0.484030 0.359411 0.472344 0.368662 0.467295 0.361631 0.478950 0.353513 0.484030 0.359411
0 0.429297 0.396327 0.449453 0.384516 0.454460 0.392219 0.434176 0.404287 0.429297 0.396327
0 0.263241 0.370270 0.260602 0.371846 0.256318 0.373848 0.248809 0.376758 0.243784 0.366711 0.257649 0.360035 0.263241 0.370270
0 0.266251 0.406381 0.269332 0.412800 0.240189 0.424227 0.232358 0.406895 0.260811 0.396104 0.266251 0.406381
0 0.277549 0.400347 0.267139 0.405908 0.262143 0.395597 0.260987 0.393543 0.263940 0.390462 0.258163 0.392901 0.249048 0.377239 0.260778 0.372022 0.277549 0.400347
0 0.236830 0.403805 0.235019 0.400284 0.219459 0.406176 0.214599 0.394047 0.247593 0.380467 0.254132 0.395757 0.236830 0.403805
0 0.192816 0.377952 0.192790 0.358480 0.220100 0.358126 0.219608 0.378935 0.192816 0.377952
0 0.102192 0.408190 0.107838 0.397525 0.132096 0.407563 0.128123 0.417601 0.102192 0.408190
0 0.095435 0.400694 0.098352 0.396268 0.104991 0.399688 0.102476 0.404114 0.095435 0.400694
0 0.125373 0.398918 0.128814 0.392036 0.139465 0.395805 0.136679 0.403506 0.125373 0.398918
0 0.208831 0.488082 0.227802 0.483131 0.231015 0.483820 0.240107 0.481303 0.245551 0.505046 0.219406 0.513469 0.217473 0.505856 0.213800 0.504019 0.208831 0.488082
0 0.256959 0.507373 0.262830 0.519117 0.246016 0.526323 0.257492 0.546607 0.247884 0.551411 0.243614 0.546340 0.240945 0.547408 0.224664 0.520985 0.256959 0.507373
0 0.309166 0.521944 0.317284 0.520920 0.317994 0.528959 0.309639 0.530220 0.309166 0.521944
0 0.299263 0.597028 0.323312 0.582181 0.344642 0.612712 0.318920 0.628396 0.299263 0.597028
0 0.335650 0.577998 0.365555 0.576325 0.367228 0.593891 0.337323 0.595564 0.335650 0.577998
0 0.630389 0.105012 0.631304 0.123307 0.630761 0.133851 0.617416 0.132516 0.616615 0.142925 0.591297 0.140213 0.586376 0.134723 0.587294 0.104653 0.595530 0.101823 0.630389 0.105012
0 0.645409 0.106485 0.644907 0.113033 0.645382 0.115172 0.648053 0.115129 0.648927 0.126257 0.645770 0.126725 0.644543 0.123627 0.642423 0.126070 0.637345 0.126288 0.637394 0.122050 0.631892 0.120653 0.631573 0.106035 0.645409 0.106485
0 0.648712 0.098049 0.684141 0.093816 0.685742 0.107962 0.675066 0.109563 0.676134 0.119438 0.649166 0.120580 0.648712 0.098049
4 0.777287 0.000005 0.776242 0.013541 0.754284 0.011868 0.755329 0.000006 0.777287 0.000005
0 0.849677 0.000004 0.842536 0.020836 0.818595 0.011078 0.821321 0.002088 0.818227 0.002239 0.815475 0.009995 0.801243 0.006354 0.803203 0.000005 0.849677 0.000004
0 0.745976 0.067930 0.755493 0.044950 0.754745 0.035229 0.760197 0.027569 0.775463 0.031124 0.774208 0.037816 0.780691 0.039698 0.782154 0.033425 0.789474 0.035725 0.797839 0.012512 0.807040 0.015649 0.796584 0.043253 0.811222 0.048690 0.799302 0.083405 0.745976 0.067930
0 0.839635 0.027355 0.850106 0.027954 0.848964 0.049743 0.835162 0.049534 0.839635 0.027355
0 0.830037 0.054786 0.842734 0.056571 0.840912 0.069458 0.828327 0.068567 0.830037 0.054786
0 0.842871 0.068658 0.853849 0.072754 0.845820 0.093399 0.835006 0.089303 0.842871 0.068658
0 0.885458 0.022276 0.895985 0.022533 0.896119 0.042877 0.884107 0.041814 0.885458 0.022276
0 0.881429 0.065512 0.884107 0.043171 0.905183 0.044671 0.901168 0.068982 0.881429 0.065512
0 0.881429 0.064956 0.901446 0.068425 0.897268 0.085666 0.876625 0.082186 0.881429 0.064956
0 0.873642 0.093596 0.886398 0.096105 0.881380 0.114926 0.869460 0.112208 0.873642 0.093596
0 0.623713 0.297682 0.639460 0.302753 0.634923 0.321436 0.619442 0.317432 0.623713 0.297682
0 0.657342 0.334247 0.668552 0.337183 0.667751 0.340652 0.677359 0.344122 0.671956 0.359945 0.664077 0.357481 0.662065 0.362108 0.650136 0.359068 0.657342 0.334247
0 0.999009 0.365462 0.986740 0.374714 0.968481 0.346890 0.999008 0.330468 0.999009 0.365462
4 0.999009 0.402439 0.989648 0.404519 0.987139 0.379843 0.999009 0.378299 0.999009 0.402439
0 0.882318 0.409193 0.905913 0.394119 0.922954 0.420827 0.899195 0.435082 0.882318 0.409193
0 0.862288 0.410662 0.881946 0.442240 0.868353 0.450814 0.850368 0.417563 0.862288 0.410662
0 0.924069 0.441680 0.939330 0.436071 0.942640 0.443322 0.927350 0.449864 0.924069 0.441680
0 0.884838 0.480023 0.900852 0.466411 0.913130 0.481090 0.897116 0.496570 0.884838 0.480023
0 0.864020 0.477354 0.858682 0.473617 0.870693 0.460005 0.896582 0.445593 0.903254 0.455468 0.875764 0.470148 0.873629 0.467479 0.864020 0.477354
0 0.702006 0.475150 0.715278 0.472200 0.718391 0.487602 0.704955 0.490060 0.702006 0.475150
0 0.716136 0.504449 0.723837 0.489538 0.737928 0.497075 0.731866 0.509036 0.729900 0.511822 0.716136 0.504449
0 0.729900 0.511822 0.731866 0.509036 0.751528 0.519195 0.745957 0.532467 0.741042 0.529682 0.733832 0.542790 0.715481 0.534597 0.722199 0.518704 0.725967 0.520670 0.729900 0.511822
0 0.737467 0.547437 0.745957 0.532467 0.757484 0.537562 0.752680 0.547170 0.749744 0.552241 0.737467 0.547437
0 0.752680 0.547170 0.775900 0.559447 0.767626 0.578931 0.743606 0.581066 0.736399 0.576796 0.731328 0.583201 0.724122 0.578130 0.726524 0.574127 0.721987 0.570924 0.725724 0.564251 0.718784 0.558380 0.729193 0.544768 0.748410 0.556511 0.749744 0.552241 0.752680 0.547170
0 0.698985 0.506748 0.711114 0.509467 0.703376 0.539581 0.691874 0.535816 0.698985 0.506748
0 0.682882 0.543345 0.675539 0.542842 0.676143 0.536706 0.683486 0.537209 0.682882 0.543345
0 0.689731 0.542454 0.703864 0.548549 0.696022 0.564664 0.682927 0.558759 0.689731 0.542454
0 0.718163 0.536734 0.729372 0.541272 0.727237 0.547410 0.715227 0.545275 0.718163 0.536734
0 0.673328 0.606026 0.686109 0.598325 0.684470 0.593409 0.696595 0.587347 0.699381 0.591279 0.704952 0.588002 0.701183 0.580956 0.714291 0.570470 0.718224 0.579973 0.730513 0.587510 0.682012 0.619462 0.673328 0.606026
0 0.685302 0.631612 0.717716 0.604218 0.731727 0.618647 0.699940 0.647297 0.685302 0.631612
0 0.734788 0.599983 0.744998 0.593473 0.753572 0.604347 0.772811 0.592218 0.766956 0.581762 0.773321 0.576078 0.774655 0.578213 0.789068 0.563801 0.798676 0.573676 0.793872 0.580082 0.806950 0.596629 0.798943 0.603569 0.792270 0.596096 0.770652 0.608106 0.779993 0.619583 0.757307 0.631593 0.734788 0.599983
0 0.797005 0.564705 0.786027 0.558151 0.817323 0.517515 0.825679 0.523250 0.812244 0.542421 0.816176 0.545698 0.808311 0.557659 0.802740 0.555037 0.797005 0.564705
0 0.778384 0.529428 0.755381 0.514162 0.768765 0.494923 0.774620 0.498896 0.777339 0.495132 0.794487 0.508097 0.778384 0.529428
0 0.614427 0.161239 0.623587 0.161506 0.622961 0.167161 0.614529 0.166391 0.614427 0.161239
0 0.865768 0.578258 0.872910 0.579767 0.871703 0.586607 0.864561 0.585501 0.865768 0.578258
0 0.420183 0.244316 0.425970 0.243088 0.447050 0.249629 0.445739 0.252906 0.453569 0.257812 0.453935 0.268192 0.447050 0.281252 0.441315 0.278303 0.439512 0.282727 0.427551 0.277975 0.424259 0.275498 0.411583 0.267057 0.420183 0.244316
0 0.468094 0.111454 0.489182 0.094650 0.494618 0.098110 0.477402 0.122163 0.463811 0.115243 0.468094 0.111454
4 0.000008 0.373611 0.007489 0.374870 0.007489 0.390403 0.000008 0.391208 0.000008 0.373611
0 0.609117 0.155175 0.610348 0.156653 0.612936 0.160719 0.608501 0.165523 0.602710 0.164661 0.602834 0.158501 0.605051 0.155175 0.609117 0.155175
