0 0.150214 0.152584 0.172705 0.168959 0.172113 0.173891 0.160473 0.183558 0.135615 0.164224 0.145085 0.151795 0.150214 0.152584
0 0.211339 0.189982 0.203645 0.203792 0.185889 0.194519 0.187664 0.187220 0.187664 0.169069 0.204828 0.173410 0.205617 0.184852 0.211339 0.189982
0 0.319180 0.115469 0.333976 0.114482 0.335160 0.104026 0.345419 0.103237 0.345813 0.142694 0.343643 0.145456 0.342065 0.152953 0.322139 0.150586 0.321547 0.143681 0.319574 0.143286 0.319180 0.115469
0 0.286011 0.214732 0.304140 0.216747 0.300363 0.244192 0.307916 0.249480 0.306909 0.271134 0.302629 0.272644 0.300614 0.283471 0.286262 0.282464 0.271407 0.279695 0.258817 0.278687 0.262594 0.248724 0.279716 0.243437 0.282989 0.216243 0.286011 0.214732
0 0.312122 0.293530 0.312877 0.307126 0.294245 0.306119 0.294497 0.293278 0.312122 0.293530
0 0.315144 0.322486 0.314892 0.340866 0.296007 0.339859 0.296259 0.322234 0.315144 0.322486
0 0.332014 0.316694 0.330755 0.328277 0.318165 0.327270 0.319928 0.315435 0.332014 0.316694
0 0.357696 0.295796 0.358704 0.313169 0.335035 0.314680 0.334783 0.295544 0.351150 0.295040 0.357696 0.295796
0 0.297266 0.371585 0.298777 0.369067 0.333021 0.364535 0.337049 0.394498 0.334028 0.400038 0.319676 0.401045 0.304316 0.401297 0.298777 0.391728 0.297266 0.371585
0 0.379840 0.239813 0.400739 0.235533 0.407034 0.244094 0.407034 0.255424 0.404767 0.260460 0.411314 0.278085 0.400235 0.280100 0.390667 0.258194 0.377574 0.259453 0.373797 0.242583 0.379840 0.239813
4 0.263168 0.162247 0.263168 0.170439 0.251729 0.170594 0.252193 0.162092 0.263168 0.162247
0 0.445689 0.014212 0.463642 0.015395 0.462261 0.033546 0.440955 0.033151 0.441744 0.015198 0.445689 0.014212
0 0.536287 0.031007 0.537668 0.075396 0.529185 0.076974 0.512218 0.077369 0.509259 0.071648 0.508470 0.033571 0.516756 0.030020 0.536287 0.031007
0 0.562920 0.059810 0.567458 0.078750 0.546348 0.082498 0.542797 0.062572 0.559961 0.058429 0.562920 0.059810
0 0.538207 0.081471 0.540372 0.092601 0.528005 0.094455 0.526769 0.082398 0.538207 0.081471
0 0.574646 0.099205 0.574142 0.112550 0.547453 0.110284 0.549467 0.097946 0.574646 0.099205
0 0.512402 0.148532 0.513586 0.158791 0.493266 0.160961 0.492871 0.151097 0.512402 0.148532
0 0.531446 0.176167 0.534208 0.184453 0.519609 0.188596 0.516452 0.179520 0.531446 0.176167
0 0.512112 0.183861 0.518031 0.200235 0.494948 0.208719 0.488043 0.192936 0.512112 0.183861
0 0.620837 0.167541 0.626953 0.193385 0.620048 0.195161 0.593217 0.197923 0.587299 0.170895 0.619653 0.165568 0.620837 0.167541
0 0.631115 0.128932 0.631367 0.145802 0.609965 0.145298 0.610217 0.129184 0.631115 0.128932
0 0.480217 0.264597 0.477652 0.257298 0.485741 0.252957 0.490476 0.259665 0.493632 0.259665 0.501918 0.270713 0.472720 0.289258 0.463250 0.274659 0.480217 0.264597
0 0.543873 0.287497 0.533022 0.297362 0.518028 0.284144 0.528879 0.274476 0.543873 0.287497
0 0.561315 0.341314 0.577887 0.354335 0.566839 0.368934 0.550070 0.354729 0.561315 0.341314
0 0.567431 0.377812 0.563288 0.387873 0.553226 0.384322 0.554213 0.378206 0.557369 0.373471 0.567431 0.377812
0 0.761594 0.416355 0.770592 0.425031 0.772199 0.434672 0.768021 0.438207 0.773806 0.449133 0.756774 0.458131 0.758380 0.465201 0.732672 0.479019 0.723674 0.480305 0.697965 0.442063 0.712426 0.434993 0.717568 0.437564 0.757738 0.417319 0.761594 0.416355
0 0.738851 0.362089 0.738599 0.384751 0.708384 0.383240 0.709139 0.359320 0.736836 0.359572 0.738851 0.362089
0 0.718204 0.388024 0.720973 0.397844 0.720721 0.412700 0.662809 0.423023 0.655004 0.401873 0.648961 0.397592 0.639393 0.363097 0.637630 0.356550 0.640400 0.353528 0.636875 0.337666 0.643925 0.331371 0.665579 0.331623 0.667593 0.335651 0.680183 0.333889 0.682449 0.338673 0.695291 0.336658 0.696046 0.333385 0.704607 0.332126 0.705614 0.342450 0.709139 0.359320 0.708384 0.383240 0.714427 0.384751 0.718204 0.388024
0 0.711863 0.290738 0.727011 0.289193 0.735204 0.291357 0.734277 0.321500 0.703670 0.319181 0.701815 0.313771 0.704134 0.292902 0.711863 0.290738
0 0.713516 0.278754 0.712910 0.285900 0.702857 0.285052 0.703221 0.277664 0.713516 0.278754
0 0.709923 0.214549 0.716186 0.221192 0.702141 0.236281 0.693316 0.239317 0.689045 0.231251 0.691987 0.226222 0.705842 0.215308 0.709923 0.214549
0 0.722473 0.224290 0.742568 0.226918 0.737467 0.250105 0.715671 0.248405 0.713816 0.247477 0.707788 0.245313 0.710570 0.233101 0.716444 0.232174 0.722473 0.224290
0 0.680302 0.169384 0.679659 0.164885 0.682873 0.148174 0.703118 0.111218 0.712116 0.099649 0.730755 0.108005 0.720150 0.128893 0.721435 0.135641 0.709224 0.158458 0.704404 0.172919 0.680302 0.169384
0 0.690419 0.042779 0.720130 0.057131 0.710814 0.076519 0.694699 0.070980 0.675059 0.064685 0.672979 0.063721 0.681807 0.041377 0.690419 0.042779
0 0.678081 0.040765 0.681318 0.041289 0.672539 0.063516 0.657182 0.056376 0.666498 0.037492 0.678081 0.040765
0 0.623216 0.053835 0.644367 0.057863 0.636561 0.082035 0.617677 0.075740 0.623216 0.053835
0 0.598189 0.006420 0.615311 0.011959 0.610527 0.023038 0.593909 0.018002 0.598189 0.006420
4 0.704389 0.000006 0.704337 0.003022 0.700165 0.008686 0.691856 0.006168 0.694644 0.000007 0.704389 0.000006
0 0.830750 0.035388 0.844347 0.038409 0.852404 0.043445 0.847620 0.061574 0.842081 0.065351 0.816146 0.058553 0.822189 0.036899 0.830750 0.035388
4 0.937524 0.000002 0.934927 0.009088 0.925607 0.005875 0.925403 0.000002 0.937524 0.000002
0 0.927535 0.019372 0.932677 0.019372 0.967062 0.024835 0.965777 0.036404 0.956136 0.040260 0.925929 0.035761 0.927535 0.019372
0 0.924328 0.060856 0.921961 0.073877 0.904600 0.070128 0.906770 0.057502 0.924328 0.060856
0 0.909506 0.047069 0.906484 0.054120 0.897923 0.051853 0.899686 0.044803 0.909506 0.047069
0 0.982006 0.092555 0.961686 0.108733 0.948270 0.094331 0.968394 0.080126 0.982006 0.092555
0 0.972931 0.061187 0.986741 0.071643 0.978455 0.080126 0.973326 0.076772 0.967604 0.077167 0.961291 0.068486 0.972931 0.061187
0 0.802546 0.150283 0.823656 0.156399 0.830561 0.160542 0.826615 0.178889 0.835296 0.182440 0.831153 0.198421 0.811819 0.196250 0.793668 0.190332 0.783607 0.184019 0.787552 0.166855 0.791301 0.151664 0.802546 0.150283
0 0.835571 0.219626 0.827261 0.235993 0.812406 0.235238 0.795787 0.224410 0.806111 0.198476 0.815427 0.199735 0.837585 0.208296 0.835571 0.219626
0 0.912871 0.247072 0.907331 0.257899 0.898015 0.272251 0.863520 0.252863 0.870821 0.239266 0.869563 0.232216 0.879382 0.227684 0.912871 0.247072
0 0.834269 0.264372 0.827471 0.279480 0.813874 0.281998 0.796249 0.272430 0.798515 0.267142 0.796249 0.264121 0.798515 0.259588 0.801536 0.258833 0.807579 0.250776 0.832507 0.260092 0.834269 0.264372
0 0.847238 0.290359 0.835404 0.315790 0.821051 0.318560 0.809217 0.309747 0.824828 0.283057 0.836662 0.283057 0.847238 0.290359
0 0.890942 0.278495 0.886764 0.298098 0.882265 0.300669 0.876481 0.324128 0.848522 0.317380 0.856556 0.299384 0.854628 0.282030 0.859770 0.267248 0.890942 0.278495
0 0.912647 0.271253 0.931532 0.282836 0.923978 0.293663 0.904842 0.281325 0.912647 0.271253
0 0.957095 0.292386 0.966367 0.300277 0.951571 0.311325 0.941706 0.301658 0.957095 0.292386
0 0.987375 0.336196 0.988953 0.344877 0.984613 0.364605 0.955218 0.361449 0.957782 0.335407 0.987375 0.336196
0 0.858822 0.376429 0.879218 0.379451 0.878210 0.392544 0.856808 0.390278 0.858822 0.376429
0 0.837783 0.412976 0.843574 0.437903 0.817891 0.445709 0.810337 0.421285 0.837783 0.412976
0 0.866020 0.449022 0.851618 0.465594 0.844121 0.464805 0.829916 0.454151 0.846488 0.438368 0.864441 0.446852 0.866020 0.449022
0 0.884762 0.422783 0.897783 0.434028 0.904688 0.445471 0.894232 0.453362 0.872925 0.435409 0.884762 0.422783
0 0.819977 0.480797 0.826365 0.468553 0.850237 0.474472 0.848844 0.480507 0.819977 0.480797
0 0.859509 0.473288 0.864836 0.462043 0.882000 0.465396 0.877068 0.476839 0.859509 0.473288
0 0.999012 0.192366 0.991843 0.199128 0.983163 0.193012 0.989476 0.184331 0.999012 0.190767 0.999012 0.192366
0 0.747082 0.161986 0.762250 0.169171 0.758258 0.179549 0.750275 0.195515 0.744687 0.193120 0.739897 0.201104 0.729518 0.201902 0.723132 0.197910 0.727922 0.185936 0.738300 0.168372 0.747082 0.161986
0 0.767934 0.413514 0.762053 0.407633 0.752979 0.399162 0.720721 0.412700 0.718204 0.388024 0.739998 0.389989 0.775285 0.363034 0.788518 0.402732 0.767934 0.413514
0 0.704788 0.075973 0.722233 0.081159 0.716339 0.096954 0.709267 0.097190 0.701016 0.085638 0.704788 0.075973
0 0.656639 0.025736 0.669248 0.029862 0.663746 0.041325 0.649761 0.036511 0.656639 0.025736
