0 0.336485 0.999007 0.350337 0.974907 0.358733 0.979869 0.361214 0.976052 0.374571 0.983876 0.373045 0.986166 0.379532 0.989982 0.372708 0.999007 0.336485 0.999007
0 0.045797 0.952332 0.086441 0.963972 0.081289 0.980954 0.040645 0.968742 0.045797 0.952332
0 0.064878 0.953668 0.069076 0.945462 0.079381 0.949088 0.079953 0.945653 0.092356 0.949470 0.088921 0.960919 0.064878 0.953668
0 0.091784 0.964163 0.110293 0.937066 0.130138 0.944699 0.129566 0.958820 0.115827 0.975230 0.091784 0.964163
0 0.095832 0.901440 0.116913 0.875874 0.114521 0.873930 0.123342 0.859278 0.175073 0.889030 0.171036 0.896506 0.179409 0.899795 0.181951 0.891572 0.195556 0.897104 0.172681 0.940612 0.095832 0.901440
0 0.212221 0.961800 0.232387 0.948078 0.246889 0.966587 0.227549 0.980708 0.212221 0.961800
0 0.095903 0.756850 0.102200 0.749218 0.118801 0.760094 0.112695 0.768300 0.095903 0.756850
0 0.094567 0.734334 0.107543 0.716397 0.116320 0.722503 0.120900 0.717351 0.132349 0.724793 0.112313 0.747500 0.094567 0.734334
0 0.060419 0.724601 0.069430 0.715590 0.088426 0.734342 0.082581 0.746275 0.060419 0.724601
0 0.057894 0.687680 0.066418 0.688654 0.065931 0.703753 0.058625 0.703023 0.057894 0.687680
0 0.164170 0.702863 0.184627 0.703837 0.199239 0.708951 0.196560 0.735497 0.178782 0.734279 0.178538 0.727216 0.160029 0.726729 0.164170 0.702863
0 0.149287 0.768420 0.162195 0.749181 0.187036 0.760140 0.178999 0.774996 0.172180 0.771586 0.167066 0.778405 0.149287 0.768420
0 0.158785 0.785224 0.164387 0.776944 0.167066 0.778405 0.172180 0.771586 0.178999 0.774996 0.169501 0.790825 0.158785 0.785224
0 0.150296 0.857688 0.171975 0.853801 0.173321 0.867107 0.151343 0.870695 0.150296 0.857688
4 0.247111 0.828908 0.257299 0.830927 0.256290 0.846531 0.242246 0.843686 0.247111 0.828908
0 0.306998 0.773808 0.310395 0.785522 0.308755 0.799697 0.273260 0.802274 0.271971 0.774979 0.306998 0.773808
0 0.091197 0.661704 0.107606 0.652358 0.117519 0.665392 0.132756 0.655020 0.138906 0.663005 0.131930 0.668054 0.142483 0.684083 0.119793 0.700867 0.091197 0.661704
0 0.071206 0.641541 0.088698 0.628982 0.102154 0.647970 0.089446 0.658586 0.071206 0.641541
0 0.057152 0.630179 0.082167 0.613372 0.080383 0.611742 0.085279 0.607823 0.097401 0.618702 0.088698 0.628982 0.071206 0.641541 0.057152 0.630179
0 0.085279 0.607823 0.125184 0.580942 0.132360 0.591407 0.097401 0.618702 0.085279 0.607823
0 0.096430 0.620988 0.124425 0.608321 0.134155 0.631268 0.105793 0.643476 0.096430 0.620988
0 0.054876 0.607989 0.071095 0.599593 0.076438 0.613904 0.061364 0.620201 0.054876 0.607989
0 0.046480 0.582610 0.052395 0.590243 0.063463 0.583755 0.068615 0.590815 0.044953 0.604554 0.036367 0.589289 0.046480 0.582610
0 0.048032 0.580013 0.057451 0.574630 0.061488 0.581059 0.052368 0.586591 0.048032 0.580013
0 0.038445 0.574337 0.045145 0.576540 0.041749 0.585535 0.035416 0.583240 0.038445 0.574337
0 0.045145 0.576540 0.038445 0.574337 0.038467 0.567092 0.045260 0.567459 0.045145 0.576540
0 0.076205 0.574771 0.081737 0.568491 0.090408 0.578808 0.096688 0.586433 0.091604 0.592114 0.076205 0.574771
0 0.096688 0.586433 0.090408 0.578808 0.107154 0.578658 0.107303 0.586433 0.096688 0.586433
0 0.095219 0.550093 0.123327 0.549345 0.123327 0.573715 0.117197 0.573267 0.118094 0.580593 0.107154 0.578658 0.097910 0.578500 0.097910 0.565492 0.094621 0.565791 0.095219 0.550093
0 0.070130 0.533813 0.091062 0.533364 0.092856 0.553698 0.080148 0.553249 0.079998 0.545923 0.071476 0.544877 0.070878 0.543232 0.070130 0.533813
0 0.078242 0.485162 0.103326 0.491494 0.097725 0.510003 0.072884 0.504889 0.078242 0.485162
0 0.000008 0.410448 0.002447 0.413535 0.008663 0.408561 0.025826 0.431899 0.000008 0.446115 0.000008 0.410448
0 0.914254 0.000003 0.919359 0.020260 0.897291 0.029585 0.887789 0.000003 0.914254 0.000003
0 0.856633 0.000004 0.859992 0.007827 0.848181 0.014665 0.837210 0.000004 0.856633 0.000004
0 0.868695 0.005651 0.871181 0.035179 0.855951 0.037355 0.852843 0.020571 0.859992 0.019327 0.859992 0.007827 0.868695 0.005651
0 0.855951 0.037355 0.871181 0.035179 0.881749 0.077140 0.863722 0.067816 0.855951 0.037355
0 0.831173 0.000004 0.847870 0.022436 0.850356 0.037666 0.836369 0.047301 0.813990 0.007516 0.813058 0.000005 0.831173 0.000004
0 0.836369 0.047301 0.850356 0.037666 0.859370 0.068437 0.844762 0.073411 0.836369 0.047301
0 0.813267 0.036903 0.829341 0.048592 0.831046 0.046401 0.836403 0.051758 0.820817 0.070754 0.797437 0.052976 0.813267 0.036903
0 0.797437 0.052976 0.820817 0.070754 0.811806 0.081957 0.787939 0.064422 0.797437 0.052976
0 0.818966 0.075508 0.825292 0.071525 0.824120 0.068479 0.834429 0.062271 0.841692 0.073985 0.823652 0.083240 0.818966 0.075508
0 0.705432 0.000006 0.706270 0.009294 0.728214 0.010439 0.726115 0.039062 0.690241 0.038489 0.690051 0.041352 0.666616 0.038801 0.666892 0.033385 0.664138 0.032835 0.663116 0.000007 0.705432 0.000006
0 0.749663 0.029162 0.758036 0.046655 0.748617 0.050542 0.739945 0.034096 0.749663 0.029162
0 0.739945 0.034096 0.731572 0.018846 0.740543 0.014061 0.749663 0.029162 0.739945 0.034096
0 0.740543 0.014061 0.755195 0.000157 0.762820 0.009427 0.749514 0.022733 0.740543 0.014061
0 0.865382 0.116169 0.889316 0.112439 0.896465 0.146941 0.871599 0.150671 0.868801 0.138238 0.850774 0.140103 0.847666 0.123318 0.865693 0.119278 0.865382 0.116169
0 0.838652 0.114304 0.847666 0.123318 0.829638 0.136373 0.822489 0.125805 0.838652 0.114304
0 0.793893 0.114304 0.822800 0.139170 0.805083 0.160928 0.774312 0.137305 0.793893 0.114304
0 0.508345 0.053592 0.547509 0.013496 0.577348 0.033388 0.567091 0.045821 0.564293 0.043956 0.540049 0.074106 0.508345 0.053592
0 0.545022 0.086228 0.564293 0.061362 0.562739 0.059808 0.579834 0.041780 0.609052 0.064470 0.591646 0.084674 0.577037 0.074106 0.560253 0.095242 0.545022 0.086228
0 0.601515 0.083529 0.617875 0.063249 0.654893 0.092444 0.640010 0.111526 0.601515 0.083529
0 0.640010 0.111526 0.654893 0.092444 0.694066 0.120945 0.678419 0.141553 0.640010 0.111526
0 0.661773 0.160229 0.678419 0.141553 0.694066 0.120945 0.721880 0.143246 0.699573 0.169849 0.690205 0.180647 0.661773 0.160229
0 0.661773 0.160229 0.690205 0.180647 0.674557 0.196675 0.659101 0.186180 0.661391 0.181792 0.651278 0.175113 0.661773 0.160229
0 0.721880 0.143246 0.760062 0.172520 0.738881 0.199807 0.700908 0.172139 0.699573 0.169849 0.721880 0.143246
0 0.741118 0.199366 0.761150 0.174297 0.783759 0.190111 0.778253 0.203700 0.764430 0.216235 0.741118 0.199366
0 0.764385 0.223993 0.787283 0.195752 0.812662 0.217123 0.809624 0.232724 0.794241 0.246187 0.764385 0.223993
0 0.794241 0.246187 0.809624 0.232724 0.812662 0.217123 0.840437 0.241551 0.823991 0.265622 0.794241 0.246187
0 0.828709 0.265667 0.846351 0.243988 0.869376 0.261929 0.866984 0.265069 0.871918 0.270003 0.863246 0.280767 0.865339 0.283010 0.854874 0.295419 0.828560 0.276282 0.834241 0.270003 0.828709 0.265667
0 0.858209 0.300146 0.882890 0.270812 0.913313 0.298522 0.889931 0.324692 0.858209 0.300146
0 0.855104 0.300769 0.873262 0.313890 0.861063 0.330481 0.848529 0.321930 0.851692 0.318415 0.845952 0.313378 0.855104 0.300769
0 0.793191 0.306297 0.810295 0.282399 0.825875 0.293880 0.817675 0.304774 0.812052 0.301846 0.804320 0.312154 0.793191 0.306297
0 0.819666 0.285914 0.826109 0.277362 0.836887 0.284508 0.834423 0.288571 0.846534 0.296645 0.829340 0.320865 0.811698 0.312941 0.817675 0.304774 0.825875 0.293880 0.827097 0.291860 0.819666 0.285914
0 0.724916 0.243304 0.736365 0.235672 0.752203 0.222124 0.767087 0.241778 0.757164 0.251700 0.742280 0.261814 0.724916 0.243304
0 0.788209 0.249130 0.818666 0.268108 0.807538 0.282048 0.782234 0.266234 0.779891 0.268811 0.774971 0.265297 0.788209 0.249130
0 0.705184 0.224883 0.716633 0.213624 0.713962 0.211335 0.725793 0.199504 0.749454 0.216868 0.739150 0.227554 0.733235 0.223547 0.721213 0.235950 0.705184 0.224883
0 0.705574 0.216921 0.694360 0.228583 0.669243 0.208847 0.686777 0.184981 0.697736 0.193748 0.690319 0.204480 0.705574 0.216921
0 0.363158 0.000007 0.366010 0.010420 0.336655 0.013990 0.331972 0.000007 0.363158 0.000007
0 0.417680 0.090156 0.431564 0.067544 0.443465 0.069131 0.454969 0.077462 0.439101 0.099677 0.417680 0.090156
0 0.372853 0.023908 0.384464 0.023826 0.405728 0.034964 0.407753 0.053191 0.404831 0.053434 0.404110 0.077110 0.400127 0.077344 0.400225 0.086586 0.394671 0.086189 0.389911 0.100867 0.366109 0.095710 0.372853 0.072304 0.372853 0.023908
0 0.339390 0.027736 0.363945 0.024317 0.365188 0.034574 0.363323 0.034574 0.362391 0.053845 0.348404 0.055400 0.346539 0.039858 0.341255 0.040480 0.339390 0.027736
0 0.218460 0.027098 0.234092 0.013030 0.242053 0.020088 0.251190 0.012005 0.256380 0.010002 0.266948 0.018084 0.261353 0.023989 0.267259 0.028030 0.280313 0.013421 0.298652 0.027719 0.271300 0.057558 0.253583 0.045436 0.246745 0.051342 0.218460 0.027098
0 0.191502 0.000005 0.188797 0.003086 0.194886 0.009418 0.185631 0.020134 0.168584 0.006009 0.171199 0.000004 0.191502 0.000005
0 0.169179 0.000004 0.168584 0.006009 0.158112 0.004791 0.157368 0.000004 0.169179 0.000004
0 0.876775 0.405719 0.896668 0.391422 0.917880 0.420634 0.916519 0.422967 0.908847 0.428182 0.898222 0.434937 0.876775 0.405719
4 0.916519 0.422967 0.931279 0.448856 0.931865 0.450965 0.924484 0.454948 0.908847 0.428182 0.916519 0.422967
0 0.999008 0.453756 0.995487 0.439163 0.974570 0.420988 0.968726 0.392738 0.989426 0.372037 0.999008 0.380784 0.999008 0.453756
0 0.991672 0.473343 0.995111 0.494873 0.972535 0.499507 0.967900 0.477081 0.991672 0.473343
0 0.953712 0.408110 0.962533 0.406914 0.964178 0.423510 0.954908 0.424557 0.953712 0.408110
0 0.911174 0.393141 0.927203 0.384745 0.935980 0.373869 0.941705 0.393523 0.935599 0.397339 0.936744 0.404972 0.922623 0.411842 0.911174 0.393141
0 0.745270 0.416935 0.752712 0.412737 0.750804 0.409684 0.760536 0.403769 0.762062 0.405868 0.768550 0.402051 0.801943 0.444413 0.785342 0.454144 0.781144 0.449183 0.775992 0.452236 0.745270 0.416935
0 0.412945 0.233408 0.438433 0.213515 0.478529 0.254544 0.468583 0.265423 0.453041 0.276612 0.412945 0.233408
0 0.511887 0.222449 0.522766 0.214679 0.535198 0.230841 0.524941 0.238301 0.511887 0.222449
0 0.143080 0.062553 0.152715 0.058201 0.151472 0.053850 0.171365 0.043282 0.175095 0.048255 0.182865 0.043903 0.187838 0.053850 0.209285 0.067215 0.198406 0.078094 0.192811 0.075607 0.173387 0.088293 0.162973 0.094878 0.143080 0.062553
0 0.173387 0.088293 0.192811 0.075607 0.198406 0.078094 0.199655 0.080093 0.214884 0.065801 0.229175 0.075641 0.208909 0.093799 0.210666 0.097548 0.179271 0.103522 0.173387 0.088293
0 0.127174 0.078464 0.151544 0.095359 0.138404 0.111186 0.112522 0.093565 0.127174 0.078464
0 0.106850 0.029570 0.120399 0.031287 0.131275 0.038156 0.119444 0.062390 0.091585 0.051514 0.095020 0.043499 0.100172 0.045598 0.106850 0.029570
0 0.052132 0.033120 0.064553 0.014124 0.091829 0.027518 0.080383 0.049193 0.052132 0.033120
0 0.057602 0.073512 0.069503 0.050900 0.113933 0.064785 0.098065 0.087397 0.057602 0.073512
0 0.000008 0.064325 0.037300 0.097309 0.027975 0.106944 0.000008 0.089502 0.000008 0.064325
0 0.087510 0.121187 0.100564 0.105024 0.104294 0.108132 0.111443 0.099740 0.129471 0.111862 0.110821 0.137660 0.087510 0.121187
0 0.358891 0.085496 0.345010 0.108875 0.338632 0.106935 0.321143 0.100838 0.331763 0.081556 0.334294 0.078677 0.358891 0.085496
0 0.331763 0.081556 0.321143 0.100838 0.338632 0.106935 0.338441 0.111133 0.308864 0.105790 0.310391 0.080220 0.331763 0.081556
0 0.284320 0.173351 0.293441 0.158998 0.302262 0.164081 0.294338 0.179182 0.284320 0.173351
0 0.274381 0.175761 0.294999 0.180682 0.289025 0.204696 0.277427 0.202471 0.279770 0.191693 0.271453 0.189467 0.274381 0.175761
0 0.697577 0.850952 0.705950 0.848111 0.709987 0.856484 0.721948 0.850504 0.725685 0.861567 0.706847 0.870687 0.697577 0.850952
0 0.697577 0.850952 0.706847 0.870687 0.666031 0.900440 0.657658 0.885788 0.661246 0.882200 0.656312 0.871734 0.659004 0.869641 0.654668 0.860969 0.684570 0.845570 0.688607 0.851251 0.695335 0.847513 0.697577 0.850952
0 0.698510 0.811067 0.733944 0.815552 0.732748 0.829905 0.726767 0.843809 0.692380 0.840072 0.698510 0.811067
0 0.681167 0.809870 0.692380 0.840072 0.693427 0.845304 0.686400 0.847099 0.684570 0.845570 0.681765 0.846501 0.668309 0.849302 0.666133 0.839045 0.673282 0.836869 0.665822 0.815422 0.681167 0.809870
0 0.613030 0.798381 0.618187 0.794414 0.611840 0.784100 0.640799 0.767042 0.645163 0.775373 0.648733 0.772596 0.651113 0.775770 0.662617 0.768629 0.672535 0.780927 0.676898 0.800761 0.630882 0.828530 0.613030 0.798381
0 0.766985 0.741093 0.797325 0.749870 0.796180 0.761319 0.789692 0.767807 0.791982 0.768570 0.788929 0.777539 0.775190 0.774867 0.777670 0.767807 0.771183 0.766090 0.770610 0.770097 0.753627 0.767235 0.755154 0.757312 0.760878 0.756931 0.766985 0.741093
0 0.731299 0.748015 0.731056 0.741683 0.757601 0.743388 0.758332 0.749476 0.750052 0.766037 0.704023 0.764819 0.704267 0.761896 0.695987 0.761653 0.696717 0.739735 0.727890 0.741196 0.728133 0.748989 0.731299 0.748015
0 0.999008 0.834986 0.996732 0.834890 0.985542 0.785469 0.999008 0.782394 0.999008 0.834986
0 0.999008 0.779861 0.985542 0.785469 0.967515 0.739778 0.999008 0.733705 0.999008 0.779861
0 0.921153 0.680571 0.965411 0.672733 0.968333 0.681500 0.988703 0.677709 0.995381 0.706141 0.965614 0.711102 0.967331 0.718735 0.952447 0.722933 0.955310 0.734191 0.935274 0.739534 0.921153 0.680571
0 0.942714 0.583315 0.970764 0.579117 0.975535 0.605450 0.967902 0.607168 0.969238 0.613465 0.950919 0.616518 0.948443 0.611585 0.941381 0.612802 0.939432 0.604279 0.947956 0.599651 0.946251 0.595998 0.938458 0.596485 0.936266 0.587474 0.942714 0.583315
0 0.936876 0.556994 0.958488 0.550321 0.963845 0.568099 0.940222 0.574187 0.936876 0.556994
0 0.932692 0.522625 0.958020 0.518728 0.962160 0.540160 0.913696 0.548684 0.910531 0.530175 0.933179 0.526278 0.932692 0.522625
0 0.887638 0.552337 0.907608 0.546979 0.912722 0.555503 0.911261 0.565975 0.889586 0.571333 0.887638 0.552337
0 0.912722 0.555503 0.910766 0.549677 0.913696 0.548684 0.922943 0.547485 0.928301 0.575979 0.916368 0.578901 0.912722 0.555503
0 0.731740 0.689954 0.749868 0.688428 0.749486 0.711135 0.736129 0.711517 0.736320 0.718577 0.725825 0.718386 0.725825 0.709990 0.732504 0.709418 0.731740 0.689954
0 0.999008 0.276483 0.976055 0.257108 0.989732 0.241878 0.993461 0.244053 0.999008 0.238443 0.999008 0.276483
0 0.918864 0.192146 0.932851 0.188727 0.926324 0.181578 0.931919 0.178781 0.939378 0.186862 0.943730 0.186241 0.954298 0.230688 0.952122 0.234418 0.956474 0.240634 0.944662 0.252446 0.932851 0.243432 0.918864 0.192146
0 0.960514 0.218877 0.980718 0.240634 0.962068 0.253689 0.956474 0.246229 0.961447 0.240945 0.955541 0.234418 0.957095 0.232553 0.953987 0.227269 0.960514 0.218877
0 0.019057 0.117679 0.036512 0.102604 0.042859 0.108952 0.051983 0.100224 0.071421 0.116886 0.053966 0.134737 0.038892 0.124026 0.032545 0.129976 0.019057 0.117679
0 0.000008 0.125253 0.011123 0.127200 0.005569 0.148621 0.000008 0.149171 0.000008 0.125253
0 0.010003 0.260951 0.034247 0.248829 0.057559 0.276181 0.052897 0.280222 0.060566 0.287916 0.011557 0.293276 0.010003 0.260951
0 0.073411 0.252869 0.098277 0.237950 0.103561 0.245409 0.109777 0.242923 0.125007 0.271829 0.117524 0.275721 0.105092 0.285027 0.093875 0.292293 0.087398 0.281776 0.088952 0.279289 0.074250 0.261085 0.075830 0.258666 0.073411 0.252869
0 0.157480 0.341209 0.134868 0.358664 0.125348 0.346366 0.120191 0.349540 0.106306 0.331292 0.133678 0.314630 0.157480 0.341209
0 0.024047 0.223244 0.036224 0.214233 0.034763 0.211554 0.041095 0.206683 0.062039 0.231280 0.042069 0.247597 0.024047 0.223244
0 0.032084 0.196698 0.032731 0.185697 0.041339 0.175997 0.059117 0.183304 0.047184 0.202543 0.032084 0.196698
0 0.105092 0.285027 0.117524 0.275721 0.130247 0.288335 0.119069 0.296804 0.105092 0.285027
0 0.284410 0.204440 0.283265 0.223713 0.277541 0.224286 0.276396 0.236116 0.242621 0.231918 0.245674 0.211882 0.263993 0.214363 0.265328 0.202341 0.284410 0.204440
0 0.214883 0.228694 0.254156 0.234248 0.251776 0.261620 0.233131 0.262413 0.236305 0.246545 0.212900 0.244958 0.214883 0.228694
0 0.176593 0.268748 0.178055 0.255841 0.204357 0.260955 0.202408 0.273375 0.176593 0.268748
0 0.214854 0.270772 0.239938 0.278078 0.254794 0.289768 0.242373 0.313635 0.202920 0.299266 0.214854 0.270772
0 0.192448 0.306329 0.197806 0.296344 0.202920 0.299266 0.232388 0.315340 0.216559 0.337989 0.211444 0.336284 0.209009 0.340668 0.195127 0.332874 0.206330 0.314366 0.192448 0.306329
0 0.174177 0.330257 0.190015 0.334646 0.186198 0.353727 0.183336 0.354109 0.182763 0.364222 0.169979 0.362314 0.171314 0.354681 0.175512 0.354681 0.175512 0.351247 0.169979 0.349911 0.174177 0.330257
0 0.192480 0.351849 0.214509 0.351940 0.222953 0.361578 0.221484 0.379752 0.189451 0.375621 0.192480 0.351849
0 0.271156 0.293762 0.295963 0.298533 0.287758 0.328491 0.261806 0.322576 0.264859 0.310936 0.268103 0.311699 0.271156 0.293762
0 0.295634 0.229741 0.319677 0.217719 0.326547 0.231840 0.319486 0.234702 0.322158 0.241572 0.306129 0.249204 0.303076 0.244052 0.296397 0.247105 0.291054 0.236229 0.296970 0.233176 0.295634 0.229741
0 0.337831 0.238940 0.339219 0.237949 0.341660 0.247725 0.339672 0.249012 0.348831 0.262178 0.327841 0.279543 0.310850 0.261372 0.329125 0.245792 0.324597 0.240425 0.333184 0.233556 0.337831 0.238940
0 0.387186 0.258744 0.371920 0.269811 0.346732 0.244432 0.346396 0.244648 0.343594 0.234834 0.357192 0.225150 0.387186 0.258744
0 0.371777 0.271772 0.399827 0.261468 0.418909 0.284557 0.418527 0.288755 0.424442 0.297723 0.412145 0.304276 0.415318 0.314590 0.400641 0.324508 0.393859 0.325677 0.387801 0.313103 0.363936 0.318977 0.356134 0.306127 0.350994 0.308238 0.330050 0.285833 0.338087 0.282179 0.335651 0.275847 0.360979 0.265862 0.367798 0.274873 0.371777 0.271772
0 0.365611 0.336597 0.365611 0.343416 0.368777 0.352427 0.380954 0.345852 0.375352 0.339276 0.387529 0.326856 0.399706 0.337572 0.382902 0.353402 0.389965 0.361925 0.381928 0.369718 0.388260 0.376781 0.379005 0.386035 0.349537 0.349505 0.352460 0.334406 0.365611 0.336597
0 0.275471 0.332985 0.300958 0.334850 0.300647 0.340444 0.307175 0.341377 0.306864 0.360026 0.293809 0.361580 0.293188 0.375878 0.262727 0.373702 0.265524 0.361270 0.261173 0.360959 0.263659 0.345728 0.267078 0.345728 0.267700 0.340755 0.275160 0.340134 0.275471 0.332985
0 0.204818 0.472897 0.183993 0.497763 0.167208 0.484708 0.160059 0.489992 0.141099 0.488127 0.144829 0.445545 0.161303 0.448342 0.160992 0.454559 0.178709 0.456734 0.177776 0.462951 0.182128 0.466681 0.189587 0.458910 0.204818 0.472897
0 0.246565 0.484040 0.253449 0.491108 0.263638 0.504784 0.243543 0.520916 0.236067 0.513291 0.238609 0.511198 0.228442 0.500134 0.246565 0.484040
0 0.407854 0.328787 0.411134 0.325975 0.408909 0.322812 0.414063 0.318009 0.417812 0.321641 0.420389 0.319884 0.427886 0.326795 0.416055 0.337690 0.407854 0.328787
0 0.416055 0.337690 0.427886 0.326795 0.435266 0.333590 0.422029 0.344484 0.416055 0.337690
0 0.505768 0.373706 0.523547 0.385883 0.534749 0.402931 0.515266 0.422901 0.486529 0.393433 0.505768 0.373706
0 0.471436 0.434146 0.476220 0.436986 0.484443 0.427567 0.497301 0.438930 0.489676 0.448648 0.487434 0.446107 0.464857 0.472271 0.448561 0.460161 0.471436 0.434146
0 0.409005 0.701886 0.405951 0.698451 0.413966 0.675553 0.481134 0.695398 0.475027 0.718296 0.409005 0.701886
0 0.434191 0.663845 0.438198 0.649152 0.453654 0.653160 0.455753 0.648008 0.502313 0.662700 0.495061 0.685026 0.446403 0.672051 0.447930 0.668043 0.434191 0.663845
0 0.433883 0.631276 0.444187 0.607805 0.516507 0.632230 0.510783 0.651884 0.433883 0.631276
0 0.458597 0.597852 0.465085 0.575717 0.515461 0.590982 0.509927 0.612545 0.458597 0.597852
0 0.314110 0.652838 0.330427 0.648942 0.338463 0.647967 0.337976 0.646019 0.355511 0.643097 0.358677 0.659901 0.333106 0.665259 0.317519 0.668424 0.314110 0.652838
0 0.245569 0.595471 0.249222 0.575501 0.284048 0.585729 0.281369 0.604482 0.245569 0.595471
0 0.224138 0.604969 0.244108 0.606674 0.243833 0.620222 0.225599 0.618607 0.224138 0.604969
0 0.244108 0.606674 0.261643 0.606187 0.262130 0.621286 0.243833 0.620222 0.244108 0.606674
0 0.173392 0.614155 0.208218 0.604657 0.216255 0.624384 0.182159 0.635343 0.173392 0.614155
0 0.196285 0.587366 0.220151 0.583469 0.223074 0.596620 0.199694 0.601735 0.196285 0.587366
0 0.216255 0.624384 0.225599 0.618607 0.243833 0.620222 0.247671 0.632177 0.234764 0.637047 0.238173 0.643623 0.192388 0.660427 0.182159 0.635343 0.216255 0.624384
0 0.339431 0.577326 0.350880 0.552901 0.367863 0.560343 0.361566 0.571220 0.367863 0.574082 0.360421 0.587439 0.339431 0.577326
0 0.253496 0.436725 0.269326 0.413589 0.280529 0.420408 0.265673 0.443544 0.253496 0.436725
0 0.327870 0.361552 0.345812 0.351535 0.358221 0.373064 0.338635 0.383082 0.327870 0.361552
0 0.358221 0.373064 0.372724 0.389660 0.362258 0.395341 0.356875 0.389211 0.335495 0.401172 0.328169 0.388613 0.338635 0.383082 0.358221 0.373064
0 0.292053 0.379716 0.316919 0.364796 0.327176 0.381270 0.323446 0.384067 0.328169 0.388613 0.335495 0.401172 0.315676 0.411730 0.292053 0.379716
0 0.362258 0.395341 0.369608 0.403066 0.381553 0.397054 0.394948 0.420434 0.386424 0.425305 0.396166 0.439430 0.377170 0.449171 0.369133 0.433585 0.366211 0.434803 0.347702 0.402169 0.362258 0.395341
0 0.594718 0.952020 0.603421 0.943939 0.618341 0.958858 0.610881 0.968183 0.594718 0.952020
0 0.036547 0.366473 0.052957 0.368762 0.053148 0.392615 0.036547 0.391088 0.036547 0.366473
0 0.105241 0.392996 0.126422 0.395668 0.125087 0.429633 0.113447 0.428107 0.113065 0.420856 0.104478 0.420092 0.105241 0.392996
0 0.096232 0.426587 0.119131 0.432693 0.115314 0.450820 0.091653 0.445096 0.096232 0.426587
0 0.086310 0.433074 0.091080 0.440898 0.084020 0.445668 0.079250 0.438036 0.086310 0.433074
0 0.008679 0.025074 0.014062 0.015954 0.032900 0.028513 0.027518 0.037334 0.008679 0.025074
0 0.089510 0.000003 0.113700 0.007579 0.102989 0.026620 0.080774 0.015116 0.089500 0.000003 0.089510 0.000003
0 0.327103 0.026049 0.318431 0.037412 0.309610 0.031432 0.316936 0.020966 0.327103 0.026049
0 0.155755 0.237501 0.143161 0.249523 0.134766 0.241317 0.147169 0.229868 0.155755 0.237501
0 0.015018 0.125559 0.025897 0.125559 0.033668 0.134262 0.042060 0.129911 0.054182 0.139857 0.046412 0.150425 0.015640 0.155398 0.015018 0.125559
0 0.132343 0.117646 0.145434 0.104952 0.188277 0.127563 0.169236 0.167233 0.136707 0.154142 0.146227 0.128357 0.132343 0.117646
0 0.000008 0.552521 0.006521 0.549924 0.013534 0.557574 0.009390 0.560974 0.012808 0.563032 0.013291 0.568240 0.008444 0.572190 0.003956 0.572908 0.003291 0.581540 0.022777 0.582089 0.021954 0.588950 0.000008 0.589551 0.000008 0.552521
0 0.153660 0.434407 0.151534 0.414741 0.169605 0.413146 0.188208 0.420056 0.173858 0.433875 0.153660 0.434407
0 0.317436 0.210339 0.325934 0.203257 0.325225 0.198300 0.330183 0.194254 0.336354 0.192736 0.353855 0.214689 0.351427 0.220556 0.352742 0.225109 0.335949 0.234416 0.317436 0.210339
