0 0.000008 0.121243 0.002783 0.119810 0.010152 0.126612 0.006373 0.131336 0.009963 0.135116 0.000008 0.146959 0.000008 0.121243
0 0.445793 0.128996 0.438714 0.111452 0.479958 0.094831 0.493193 0.130227 0.461798 0.141923 0.455642 0.127149 0.445793 0.128996
0 0.387312 0.222257 0.382387 0.185938 0.394084 0.183168 0.390698 0.149926 0.413167 0.147156 0.418399 0.178243 0.440560 0.176396 0.443638 0.196403 0.439021 0.198557 0.439945 0.209330 0.420862 0.213331 0.422093 0.220103 0.387312 0.222257
0 0.395722 0.281890 0.390202 0.247645 0.414319 0.243063 0.420589 0.278273 0.395722 0.281890
0 0.278225 0.387167 0.285216 0.379041 0.319984 0.407763 0.312426 0.415699 0.278225 0.387167
0 0.305157 0.429185 0.317889 0.415564 0.327217 0.424743 0.314040 0.437624 0.305157 0.429185
0 0.274505 0.476529 0.285087 0.465002 0.289622 0.466703 0.295857 0.460089 0.287921 0.452720 0.308140 0.434202 0.346876 0.467837 0.330815 0.485788 0.314564 0.473694 0.302093 0.484465 0.293590 0.477852 0.286787 0.485599 0.274505 0.476529
0 0.462402 0.552688 0.434436 0.512062 0.476763 0.485986 0.489045 0.496001 0.502461 0.517164 0.506240 0.532848 0.490416 0.539956 0.493525 0.544842 0.481171 0.554022 0.477374 0.549268 0.462402 0.552688
0 0.357539 0.547032 0.362411 0.537404 0.388860 0.548540 0.387584 0.563620 0.357539 0.547032
0 0.395363 0.590299 0.389144 0.566018 0.393882 0.563501 0.414610 0.561133 0.419199 0.587042 0.400693 0.590447 0.395363 0.590299
0 0.346157 0.568329 0.352520 0.560785 0.376879 0.578054 0.379424 0.575236 0.394057 0.586053 0.387130 0.596078 0.346157 0.568329
0 0.035683 0.515231 0.056116 0.483525 0.079807 0.497564 0.059315 0.529179 0.035683 0.515231
0 0.061392 0.666707 0.061138 0.657264 0.054059 0.652269 0.085684 0.634853 0.093934 0.639894 0.094851 0.650665 0.061392 0.666707
0 0.173364 0.625542 0.165503 0.620948 0.151906 0.611104 0.168977 0.593662 0.187988 0.608286 0.173364 0.625542
0 0.151906 0.611104 0.165503 0.620948 0.116112 0.676002 0.102363 0.664773 0.151906 0.611104
0 0.205067 0.621766 0.193823 0.613608 0.194154 0.611734 0.186879 0.605892 0.193713 0.597404 0.213335 0.612286 0.205067 0.621766
0 0.397693 0.735887 0.397552 0.729134 0.404164 0.728993 0.404587 0.735887 0.397693 0.735887
0 0.372940 0.831441 0.373399 0.809441 0.381878 0.792711 0.407095 0.789358 0.409410 0.805452 0.392213 0.808208 0.391552 0.831357 0.372940 0.831441
0 0.410428 0.805530 0.408441 0.788860 0.426493 0.786096 0.428997 0.803370 0.410428 0.805530
0 0.430738 0.829449 0.426658 0.805392 0.426465 0.804547 0.429488 0.804070 0.427155 0.786148 0.450497 0.782018 0.457148 0.825599 0.430738 0.829449
0 0.479880 0.776221 0.479770 0.766410 0.480872 0.766079 0.480872 0.755718 0.496746 0.753844 0.497187 0.752190 0.530808 0.747891 0.533674 0.761560 0.531690 0.762221 0.532792 0.769386 0.520666 0.771701 0.520997 0.775119 0.483408 0.778536 0.479880 0.776221
0 0.483803 0.811769 0.492525 0.794183 0.519678 0.805579 0.510956 0.824009 0.483803 0.811769
0 0.937347 0.534864 0.938302 0.516393 0.951145 0.516946 0.950412 0.535237 0.937347 0.534864
0 0.388127 0.931161 0.381899 0.887872 0.453363 0.875662 0.458032 0.899543 0.468087 0.898107 0.470960 0.918576 0.388127 0.931161
0 0.371504 0.953071 0.367352 0.924832 0.385431 0.922407 0.386643 0.934423 0.473507 0.921195 0.477701 0.955926 0.479530 0.962257 0.484173 0.994897 0.464166 0.999008 0.399994 0.999007 0.391178 0.949736 0.371504 0.953071
0 0.542562 0.983467 0.498570 0.930498 0.512755 0.919904 0.517604 0.925829 0.524786 0.921699 0.562493 0.969462 0.556927 0.973951 0.558543 0.977183 0.550463 0.983647 0.548487 0.981133 0.542562 0.983467
0 0.576742 0.718090 0.578897 0.705521 0.605651 0.709112 0.602957 0.723477 0.576742 0.718090
0 0.565609 0.778601 0.577640 0.754361 0.582129 0.755618 0.588234 0.741432 0.608703 0.749153 0.613372 0.750769 0.620734 0.754361 0.597032 0.795659 0.576562 0.808228 0.569560 0.800148 0.582308 0.788656 0.565609 0.778601
0 0.602419 0.733712 0.610499 0.722040 0.631148 0.736764 0.623068 0.748794 0.602419 0.733712
0 0.526111 0.723026 0.524241 0.708995 0.532016 0.707794 0.533866 0.721828 0.526111 0.723026
0 0.500090 0.911048 0.496652 0.901194 0.507882 0.897069 0.511090 0.906694 0.500090 0.911048
0 0.040532 0.627752 0.044626 0.615468 0.058958 0.619855 0.054571 0.632432 0.040532 0.627752
0 0.011955 0.479857 0.022484 0.462015 0.032721 0.467865 0.021314 0.485999 0.011955 0.479857
4 0.999008 0.486706 0.992304 0.485417 0.993915 0.467966 0.999008 0.468877 0.999008 0.486706
0 0.987740 0.468235 0.986398 0.485148 0.977001 0.484343 0.978612 0.467429 0.987740 0.468235
4 0.682170 0.748896 0.688782 0.750045 0.687057 0.761831 0.681308 0.760394 0.682170 0.748896
4 0.711778 0.751483 0.719826 0.751483 0.720114 0.764993 0.712927 0.765280 0.711778 0.751483
