0 0.041074 0.921293 0.069196 0.918711 0.070631 0.937650 0.041648 0.940520 0.041074 0.921293
0 0.126658 0.753071 0.149478 0.752422 0.149586 0.767563 0.142989 0.767563 0.143205 0.769943 0.126550 0.770592 0.126658 0.753071
0 0.087158 0.705850 0.115455 0.700052 0.118767 0.719101 0.091023 0.724622 0.087158 0.705850
0 0.125843 0.718589 0.151740 0.713304 0.153677 0.743428 0.128133 0.746952 0.125843 0.718589
0 0.154885 0.721152 0.173381 0.716735 0.178213 0.734403 0.160820 0.737992 0.154885 0.721152
0 0.188151 0.737992 0.201954 0.733575 0.206647 0.744204 0.192706 0.748621 0.188151 0.737992
0 0.270209 0.684357 0.277960 0.680129 0.274613 0.675372 0.296458 0.662688 0.302976 0.677487 0.277256 0.692813 0.270209 0.684357
0 0.373573 0.897409 0.385024 0.894414 0.389076 0.912736 0.376744 0.915379 0.373573 0.897409
0 0.388548 0.873098 0.444803 0.873120 0.444568 0.885820 0.427115 0.884912 0.428418 0.896990 0.438123 0.897773 0.433642 0.920532 0.391543 0.917316 0.389957 0.900580 0.388548 0.873098
0 0.423512 0.944397 0.442452 0.947841 0.446182 0.955015 0.444460 0.967928 0.439008 0.979119 0.404573 0.971658 0.411747 0.946980 0.422651 0.949849 0.423512 0.944397
0 0.000007 0.557226 0.025297 0.554357 0.028028 0.605763 0.004589 0.606722 0.000007 0.566181 0.000007 0.557226
0 0.000007 0.500146 0.019578 0.499777 0.022157 0.514916 0.028112 0.515267 0.028628 0.521352 0.025000 0.521810 0.025458 0.529655 0.000007 0.534111 0.000007 0.500146
0 0.127537 0.386921 0.156781 0.387978 0.155900 0.408766 0.144273 0.408589 0.143216 0.415812 0.123133 0.413522 0.127537 0.386921
0 0.130286 0.354463 0.154569 0.354238 0.153220 0.382568 0.134333 0.382118 0.134333 0.372900 0.123541 0.373349 0.123766 0.360533 0.130286 0.359409 0.130286 0.354463
0 0.185240 0.318179 0.201884 0.312727 0.210780 0.348884 0.192988 0.353762 0.185240 0.318179
0 0.139901 0.312153 0.172901 0.305839 0.177492 0.329370 0.143918 0.336257 0.139901 0.312153
0 0.107017 0.318476 0.127561 0.315596 0.131814 0.332693 0.115744 0.334552 0.107017 0.318476
0 0.126603 0.306790 0.135239 0.306194 0.136471 0.314516 0.127967 0.315258 0.126603 0.306790
0 0.093090 0.345525 0.104107 0.345975 0.102758 0.354743 0.093989 0.355418 0.093090 0.345525
0 0.366905 0.000007 0.391739 0.013915 0.378902 0.034068 0.334295 0.003427 0.337205 0.000007 0.366905 0.000007
0 0.404151 0.047599 0.410639 0.037523 0.419473 0.042354 0.412985 0.053258 0.404151 0.047599
0 0.436247 0.047521 0.443708 0.026859 0.519753 0.060721 0.512866 0.077938 0.436247 0.047521
0 0.507988 0.008781 0.542423 0.021694 0.529797 0.058138 0.497370 0.048381 0.507988 0.008781
0 0.518214 0.276437 0.534070 0.264281 0.543935 0.277141 0.555562 0.268157 0.572827 0.284188 0.550982 0.309028 0.518214 0.276437
0 0.441659 0.944096 0.425869 0.939428 0.441617 0.903536 0.467082 0.915291 0.458948 0.937001 0.446550 0.932297 0.441659 0.944096
0 0.713155 0.991405 0.722316 0.978545 0.735000 0.987706 0.725487 0.997748 0.713155 0.991405
0 0.747824 0.905195 0.798903 0.912943 0.799190 0.910647 0.817843 0.912369 0.817556 0.933604 0.769920 0.926143 0.768199 0.935613 0.741224 0.930735 0.741511 0.919543 0.746103 0.919256 0.747824 0.905195
0 0.825261 0.876910 0.872703 0.834640 0.885969 0.851278 0.872928 0.862745 0.881921 0.874662 0.849319 0.903667 0.825261 0.876910
0 0.827262 0.833898 0.851995 0.812988 0.860314 0.819508 0.866609 0.830750 0.841427 0.848513 0.827262 0.833898
0 0.781169 0.817050 0.818586 0.823527 0.836838 0.853308 0.820357 0.860633 0.805341 0.833531 0.777506 0.826939 0.781169 0.817050
0 0.796573 0.773650 0.817808 0.771641 0.819243 0.784841 0.798869 0.786563 0.796573 0.773650
0 0.958806 0.772074 0.969553 0.763618 0.999007 0.795827 0.999007 0.805427 0.979594 0.789338 0.981180 0.786696 0.971843 0.777535 0.967086 0.781763 0.958806 0.772074
0 0.931694 0.638249 0.956964 0.637517 0.959894 0.659491 0.939385 0.663520 0.931694 0.638249
0 0.922133 0.580800 0.949339 0.578102 0.953836 0.612053 0.920335 0.616999 0.917861 0.598787 0.923482 0.597663 0.922133 0.580800
4 0.999007 0.588711 0.976825 0.587635 0.975701 0.572121 0.999007 0.571474 0.999007 0.588711
4 0.999007 0.547032 0.979847 0.547557 0.979709 0.511530 0.999007 0.511136 0.999007 0.547032
0 0.843347 0.477744 0.855713 0.465153 0.875050 0.484714 0.862684 0.495731 0.843347 0.477744
0 0.896278 0.467170 0.928431 0.464247 0.932028 0.491678 0.899651 0.495500 0.896278 0.467170
0 0.891903 0.440281 0.922608 0.435116 0.925764 0.460655 0.893051 0.463525 0.891903 0.440281
0 0.882852 0.416655 0.902188 0.417779 0.900839 0.436665 0.882852 0.436890 0.882852 0.416655
0 0.584040 0.572589 0.597591 0.559038 0.610043 0.570392 0.598689 0.584675 0.584040 0.572589
0 0.465743 0.596395 0.482590 0.590535 0.485887 0.603720 0.482224 0.605917 0.483689 0.611411 0.471603 0.614341 0.465743 0.596395
0 0.436810 0.541825 0.449995 0.535599 0.459151 0.555742 0.443036 0.561602 0.436810 0.541825
0 0.629178 0.291038 0.647676 0.299670 0.640982 0.312883 0.623012 0.304603 0.629178 0.291038
0 0.664201 0.257488 0.692036 0.270975 0.681705 0.297376 0.677401 0.295941 0.673383 0.303976 0.636365 0.289341 0.653583 0.253758 0.664201 0.257488
0 0.690136 0.282870 0.699579 0.285118 0.695082 0.300632 0.698455 0.301981 0.695082 0.313898 0.680243 0.306028 0.690136 0.282870
0 0.719167 0.287743 0.725861 0.277173 0.738546 0.286158 0.732027 0.295142 0.719167 0.287743
0 0.717749 0.219970 0.739271 0.179221 0.756489 0.192995 0.743289 0.229152 0.717749 0.219970
0 0.755735 0.200540 0.766640 0.178869 0.785827 0.187289 0.773127 0.212411 0.755735 0.200540
0 0.787759 0.195571 0.797007 0.180801 0.811639 0.189773 0.808878 0.193776 0.815504 0.197365 0.807774 0.208822 0.787759 0.195571
0 0.682253 0.308323 0.704062 0.321989 0.681977 0.344764 0.667069 0.333859 0.682253 0.308323
0 0.754894 0.172054 0.762072 0.154248 0.777946 0.161702 0.770354 0.177990 0.754894 0.172054
0 0.692016 0.132066 0.706181 0.123972 0.699660 0.113854 0.716523 0.103061 0.740132 0.130942 0.707979 0.154325 0.692016 0.132066
0 0.642512 0.146401 0.659600 0.152471 0.652630 0.169784 0.635317 0.164163 0.642512 0.146401
0 0.633212 0.193317 0.662104 0.169711 0.675493 0.183980 0.657876 0.197369 0.654881 0.194903 0.644135 0.204064 0.633212 0.193317
0 0.635182 0.229410 0.651596 0.203778 0.674305 0.217718 0.659690 0.240877 0.635182 0.229410
0 0.867104 0.782995 0.876773 0.782995 0.876773 0.790640 0.868004 0.790415 0.867104 0.782995
0 0.721607 0.259878 0.731878 0.244120 0.752080 0.252051 0.759031 0.257486 0.746369 0.276619 0.721607 0.259878
0 0.741304 0.244965 0.750449 0.227941 0.762126 0.233569 0.756498 0.245668 0.764095 0.250451 0.760578 0.257064 0.741304 0.244965
0 0.767455 0.247639 0.775644 0.252037 0.769959 0.262121 0.761771 0.257248 0.767455 0.247639
0 0.705683 0.248750 0.721066 0.259742 0.715231 0.268670 0.699352 0.257754 0.705683 0.248750
0 0.697586 0.276875 0.705893 0.264874 0.719846 0.274241 0.712430 0.285755 0.697586 0.276875
0 0.663294 0.302813 0.674866 0.306739 0.671144 0.316416 0.660181 0.312964 0.663294 0.302813
0 0.170223 0.337370 0.181444 0.336491 0.181737 0.346542 0.171784 0.346932 0.170223 0.337370
0 0.023075 0.615514 0.034182 0.614761 0.034935 0.624928 0.022886 0.625304 0.023075 0.615514
0 0.419503 0.591035 0.432181 0.580530 0.447667 0.595019 0.434989 0.606158 0.419503 0.591035
