4 0.476586 0.000008 0.479786 0.002298 0.471759 0.013401 0.466231 0.009064 0.472662 0.000008 0.476586 0.000008
4 0.617001 0.000007 0.607699 0.008713 0.600083 0.000007 0.617001 0.000007
0 0.624663 0.000007 0.634225 0.006658 0.626363 0.017258 0.611923 0.006294 0.617003 0.000007 0.624663 0.000007
0 0.599125 0.028427 0.605459 0.022333 0.615813 0.032533 0.609682 0.038862 0.599125 0.028427
0 0.626689 0.054651 0.634420 0.044119 0.648647 0.054902 0.641651 0.065856 0.626689 0.054651
0 0.644570 0.020265 0.681027 0.034674 0.674109 0.053100 0.636757 0.037887 0.644570 0.020265
0 0.795769 0.000005 0.786286 0.024268 0.765348 0.016827 0.771285 0.000005 0.795769 0.000005
3 0.795317 0.029224 0.798211 0.014900 0.841621 0.023139 0.839368 0.037633 0.795317 0.029224
3 0.840221 0.036076 0.842681 0.020613 0.878267 0.025976 0.873415 0.058163 0.844117 0.053022 0.846954 0.037050 0.840221 0.036076
3 0.873415 0.058163 0.887059 0.013700 0.907443 0.019364 0.893579 0.064584 0.873415 0.058163
0 0.931857 0.059189 0.944465 0.035443 0.976049 0.051288 0.963193 0.076063 0.931857 0.059189
1 0.954901 0.014639 0.968733 0.005788 0.980076 0.018712 0.967391 0.028943 0.954901 0.014639
0 0.999008 0.092078 0.990619 0.109065 0.957881 0.092437 0.964111 0.080159 0.976013 0.086479 0.980909 0.077000 0.989401 0.081390 0.991172 0.077430 0.999008 0.082208 0.999008 0.092078
0 0.962896 0.116307 0.968910 0.108302 0.984095 0.119554 0.978688 0.127196 0.962896 0.116307
0 0.849483 0.123433 0.887764 0.070244 0.908061 0.083408 0.870432 0.137661 0.849483 0.123433
3 0.847803 0.076864 0.851212 0.068932 0.862010 0.073370 0.858418 0.081167 0.847803 0.076864
0 0.812172 0.072726 0.820735 0.055847 0.838450 0.063834 0.829121 0.081179 0.812172 0.072726
0 0.786322 0.063936 0.790848 0.049067 0.814338 0.056006 0.809568 0.071011 0.786322 0.063936
0 0.755737 0.058098 0.759668 0.042227 0.783513 0.047518 0.780397 0.062928 0.755737 0.058098
0 0.790121 0.066515 0.798434 0.067970 0.796830 0.081799 0.788339 0.080373 0.790121 0.066515
0 0.767994 0.080628 0.774145 0.070819 0.798010 0.085583 0.786428 0.103727 0.769419 0.092832 0.774725 0.084866 0.767994 0.080628
0 0.770645 0.094056 0.781510 0.100426 0.775040 0.110519 0.764132 0.103653 0.770645 0.094056
0 0.789608 0.122427 0.798710 0.121518 0.799782 0.137224 0.790730 0.137949 0.789608 0.122427
0 0.788665 0.101650 0.793906 0.092415 0.819029 0.105207 0.811154 0.120159 0.794648 0.111640 0.797367 0.106737 0.788665 0.101650
0 0.706826 0.084263 0.724296 0.074872 0.731705 0.086978 0.719705 0.093476 0.723152 0.099743 0.716370 0.103316 0.706826 0.084263
0 0.673100 0.055439 0.681027 0.034674 0.702863 0.044252 0.694434 0.063651 0.673100 0.055439
0 0.934105 0.355497 0.920398 0.352893 0.924240 0.329238 0.967378 0.337755 0.963270 0.361238 0.934105 0.355497
3 0.936633 0.382003 0.941657 0.365658 0.965454 0.371804 0.960512 0.389072 0.936633 0.382003
0 0.870995 0.312766 0.895772 0.310222 0.903620 0.331015 0.911287 0.330233 0.920187 0.348319 0.899533 0.352748 0.895629 0.343947 0.880077 0.345869 0.870995 0.312766
0 0.823387 0.331542 0.822920 0.315844 0.829534 0.315853 0.829306 0.308664 0.848732 0.308319 0.849829 0.330489 0.823387 0.331542
0 0.817106 0.362583 0.859164 0.346027 0.866424 0.363874 0.854970 0.368650 0.859386 0.378860 0.829008 0.391185 0.817106 0.362583
0 0.727463 0.491897 0.753202 0.455461 0.742216 0.447204 0.751716 0.433885 0.782959 0.456792 0.750262 0.505288 0.727463 0.491897
3 0.795503 0.447187 0.826537 0.442181 0.828679 0.457600 0.808243 0.460616 0.808964 0.466135 0.798680 0.467714 0.795503 0.447187
0 0.635088 0.661852 0.645756 0.633361 0.660070 0.638493 0.664834 0.626314 0.684805 0.634149 0.675653 0.658358 0.667070 0.655115 0.661201 0.671169 0.635088 0.661852
0 0.661201 0.671169 0.677469 0.663814 0.694084 0.704386 0.677590 0.711038 0.674877 0.704445 0.669725 0.706451 0.665995 0.697193 0.671106 0.695064 0.661201 0.671169
0 0.728212 0.684837 0.735453 0.684816 0.735352 0.677255 0.745534 0.677154 0.745492 0.680430 0.763515 0.680578 0.764411 0.698938 0.783014 0.699443 0.784058 0.718692 0.762391 0.718524 0.727836 0.716855 0.728212 0.684837
0 0.645416 0.681949 0.653915 0.679982 0.657080 0.688413 0.648464 0.691201 0.645416 0.681949
3 0.629142 0.659703 0.636095 0.659232 0.635088 0.661852 0.642187 0.664378 0.642408 0.669883 0.629168 0.670026 0.629142 0.659703
4 0.812881 0.705834 0.822433 0.703771 0.824719 0.715675 0.814866 0.717375 0.812881 0.705834
3 0.642950 0.700679 0.656484 0.698971 0.658495 0.711012 0.644902 0.713341 0.642950 0.700679
0 0.530565 0.999008 0.526518 0.979527 0.518514 0.981079 0.514120 0.959116 0.524851 0.956831 0.523395 0.948817 0.537659 0.945699 0.550303 0.999008 0.530565 0.999008
0 0.493014 0.902853 0.521201 0.894925 0.529245 0.892666 0.536887 0.916996 0.500274 0.928930 0.493014 0.902853
0 0.484394 0.850826 0.512123 0.843082 0.516820 0.858331 0.488683 0.866051 0.484394 0.850826
2 0.436249 0.726871 0.449726 0.721310 0.457058 0.736793 0.443260 0.742262 0.436249 0.726871
3 0.414302 0.693762 0.425767 0.688300 0.436167 0.704417 0.424041 0.710581 0.414302 0.693762
0 0.384710 0.639282 0.392566 0.634001 0.386049 0.624139 0.377268 0.629632 0.366080 0.613143 0.387260 0.598084 0.396202 0.611456 0.398812 0.609891 0.414944 0.632737 0.407601 0.637440 0.415288 0.648591 0.397818 0.659283 0.384710 0.639282
0 0.327824 0.574232 0.346908 0.566741 0.356019 0.576688 0.352517 0.579490 0.356564 0.585873 0.344953 0.592798 0.327824 0.574232
0 0.356051 0.577595 0.378755 0.570817 0.381595 0.581068 0.358508 0.587441 0.356051 0.577595
0 0.424922 0.915541 0.455228 0.884173 0.468852 0.897223 0.437855 0.929900 0.424922 0.915541
0 0.405806 0.792800 0.436424 0.784175 0.443646 0.808906 0.412430 0.817804 0.405806 0.792800
0 0.363080 0.737077 0.383355 0.717415 0.395701 0.731136 0.376119 0.750727 0.363080 0.737077
0 0.385016 0.716038 0.408021 0.700255 0.420097 0.718055 0.397742 0.733084 0.385016 0.716038
0 0.127028 0.999004 0.098885 0.969927 0.115245 0.949718 0.126415 0.956840 0.116266 0.969756 0.141390 0.999004 0.127028 0.999004
0 0.075908 0.926522 0.087804 0.919207 0.100920 0.937337 0.089247 0.945354 0.075908 0.926522
0 0.090755 0.916037 0.105201 0.906304 0.110962 0.916193 0.131384 0.903240 0.151317 0.931673 0.124660 0.947994 0.117068 0.936574 0.108767 0.941848 0.090755 0.916037
0 0.140176 0.912472 0.153731 0.905867 0.180651 0.954300 0.167352 0.962071 0.140176 0.912472
0 0.171301 0.962193 0.185961 0.951575 0.197143 0.967141 0.182785 0.978105 0.171301 0.962193
0 0.151176 0.999004 0.131936 0.968676 0.159723 0.951629 0.180067 0.981323 0.153315 0.999004 0.151176 0.999004
0 0.172632 0.857369 0.197272 0.845038 0.216701 0.883309 0.191772 0.895997 0.172632 0.857369
0 0.033624 0.718755 0.042907 0.705465 0.053564 0.713187 0.044795 0.725467 0.033624 0.718755
2 0.030649 0.686733 0.043929 0.668711 0.078847 0.695663 0.065615 0.713324 0.030649 0.686733
0 0.244573 0.540598 0.255584 0.533383 0.263501 0.542579 0.252530 0.549613 0.244573 0.540598
0 0.622822 0.174951 0.642908 0.161129 0.667674 0.185510 0.647557 0.198847 0.622822 0.174951
0 0.604994 0.184935 0.618440 0.180023 0.621443 0.190859 0.635000 0.186753 0.643345 0.194775 0.609114 0.202703 0.604994 0.184935
0 0.586400 0.105875 0.598799 0.095644 0.630297 0.135324 0.618455 0.145029 0.586400 0.105875
0 0.611492 0.136478 0.617329 0.143684 0.611673 0.147820 0.606507 0.140121 0.611492 0.136478
0 0.583507 0.122098 0.592492 0.130493 0.582822 0.138400 0.592210 0.149877 0.583824 0.156907 0.568030 0.135467 0.583507 0.122098
0 0.113341 0.376946 0.121039 0.353925 0.164173 0.368032 0.154490 0.401647 0.121529 0.390338 0.124844 0.380346 0.113341 0.376946
0 0.228540 0.372127 0.247249 0.369295 0.249777 0.381615 0.235858 0.383348 0.235379 0.380583 0.228901 0.381624 0.228540 0.372127
3 0.156817 0.262528 0.162440 0.254238 0.187362 0.270596 0.182247 0.278593 0.156817 0.262528
0 0.038723 0.236591 0.047862 0.221608 0.058426 0.228067 0.048900 0.243427 0.038723 0.236591
0 0.058361 0.253018 0.078051 0.222637 0.095477 0.232969 0.093300 0.236042 0.099087 0.239719 0.093775 0.248756 0.090528 0.246619 0.078287 0.265339 0.058361 0.253018
0 0.093282 0.251725 0.103962 0.232599 0.125804 0.244530 0.115839 0.263671 0.093282 0.251725
3 0.184908 0.280680 0.189434 0.273899 0.202428 0.281043 0.198089 0.287955 0.184908 0.280680
3 0.169248 0.412864 0.184664 0.413014 0.184544 0.432481 0.168657 0.431531 0.169248 0.412864
3 0.251862 0.457968 0.267170 0.453847 0.276975 0.476125 0.260565 0.480984 0.251862 0.457968
0 0.267994 0.484867 0.280773 0.476298 0.295758 0.496379 0.283374 0.504444 0.267994 0.484867
0 0.611994 0.208093 0.622255 0.205446 0.628409 0.224282 0.618211 0.227329 0.611994 0.208093
0 0.595267 0.212559 0.608018 0.208213 0.611577 0.219290 0.607818 0.220496 0.608749 0.222749 0.599510 0.225309 0.595267 0.212559
