4 0.850461 0.999004 0.857465 0.989898 0.885200 0.999003 0.850461 0.999004
0 0.679867 0.999007 0.688689 0.953532 0.702676 0.947316 0.701743 0.987723 0.693459 0.999006 0.679867 0.999007
0 0.708892 0.939545 0.734379 0.930842 0.743082 0.931464 0.752407 0.953843 0.723811 0.959438 0.708892 0.939545
0 0.705784 0.912814 0.721947 0.908774 0.728474 0.922139 0.709514 0.926491 0.705784 0.912814
0 0.768570 0.914990 0.795611 0.904111 0.800895 0.919342 0.774786 0.928977 0.768570 0.914990
0 0.757586 0.851352 0.764648 0.855492 0.768545 0.860607 0.769763 0.874245 0.727387 0.891536 0.719838 0.869861 0.757586 0.851352
4 0.511986 0.999008 0.515425 0.989982 0.521149 0.993417 0.521473 0.999008 0.511986 0.999008
0 0.557595 0.977388 0.575532 0.968420 0.580303 0.978724 0.577940 0.980151 0.561793 0.987883 0.560258 0.983556 0.557595 0.977388
0 0.498650 0.935526 0.517890 0.936500 0.519107 0.949407 0.528849 0.952086 0.532502 0.962802 0.523248 0.972056 0.494754 0.964994 0.498650 0.935526
0 0.468452 0.921887 0.480872 0.923349 0.493536 0.927245 0.490370 0.942345 0.464799 0.937474 0.468452 0.921887
0 0.440929 0.939055 0.483304 0.961216 0.468692 0.987275 0.447992 0.977290 0.451401 0.968279 0.434354 0.954154 0.440929 0.939055
0 0.414627 0.955128 0.427778 0.956102 0.425099 0.985570 0.411948 0.983865 0.414627 0.955128
0 0.368612 0.931984 0.391018 0.936611 0.389069 0.946109 0.367395 0.941482 0.368612 0.931984
0 0.376893 0.879380 0.403195 0.883277 0.401977 0.893262 0.395645 0.895941 0.394427 0.900081 0.373483 0.897646 0.376893 0.879380
0 0.405873 0.883277 0.447275 0.888148 0.444596 0.909335 0.417076 0.905926 0.413910 0.919077 0.401490 0.917372 0.405873 0.883277
0 0.360197 0.801321 0.371400 0.791580 0.382116 0.819587 0.367747 0.823727 0.360197 0.801321
0 0.407200 0.768200 0.443731 0.782813 0.434233 0.805462 0.429991 0.803607 0.422991 0.800902 0.399407 0.792000 0.392778 0.804027 0.378128 0.796511 0.387074 0.780778 0.399650 0.786709 0.407200 0.768200
0 0.557950 0.752614 0.562333 0.772828 0.545286 0.776968 0.546503 0.781108 0.524829 0.785004 0.522637 0.772097 0.531648 0.771366 0.529943 0.755536 0.557950 0.752614
0 0.530186 0.793285 0.544555 0.791580 0.545695 0.800863 0.531929 0.801238 0.530186 0.793285
0 0.514600 0.792798 0.525316 0.791336 0.527020 0.801565 0.515331 0.804487 0.514600 0.792798
0 0.026209 0.936207 0.038386 0.931337 0.046423 0.946923 0.033029 0.951063 0.026209 0.936207
0 0.081249 0.926953 0.102924 0.920377 0.113639 0.936695 0.097322 0.944244 0.092939 0.937182 0.086850 0.937912 0.081249 0.926953
0 0.091234 0.900651 0.100001 0.901625 0.100001 0.906496 0.109986 0.905035 0.112178 0.919160 0.094400 0.920865 0.091234 0.900651
0 0.053242 0.870939 0.070719 0.864284 0.077148 0.869666 0.082979 0.866676 0.080288 0.862191 0.099276 0.853220 0.110743 0.870845 0.087581 0.881412 0.089773 0.888474 0.073212 0.896754 0.068585 0.890666 0.055190 0.897241 0.049102 0.888231 0.061035 0.882629 0.053242 0.870939
0 0.055207 0.796494 0.060932 0.796875 0.071999 0.816148 0.041277 0.831222 0.031164 0.808515 0.055207 0.796494
0 0.119317 0.900951 0.133442 0.898029 0.137339 0.909719 0.150490 0.902656 0.158039 0.914102 0.142940 0.924574 0.124675 0.929932 0.119317 0.900951
0 0.231588 0.877328 0.259594 0.875380 0.263491 0.895106 0.234997 0.896568 0.231588 0.877328
0 0.086859 0.735236 0.139463 0.716484 0.146282 0.730609 0.115840 0.743029 0.113405 0.756911 0.097331 0.763486 0.086859 0.735236
0 0.133131 0.753014 0.145795 0.781995 0.129235 0.792467 0.123877 0.788084 0.116327 0.774446 0.107804 0.773471 0.107560 0.764217 0.133131 0.753014
0 0.128400 0.812525 0.149631 0.805647 0.153518 0.816861 0.131839 0.822692 0.128400 0.812525
0 0.581444 0.588298 0.581755 0.590784 0.576782 0.647665 0.550984 0.645489 0.551345 0.634096 0.563638 0.634096 0.565641 0.614075 0.552002 0.613643 0.552849 0.587365 0.581444 0.588298
0 0.517104 0.634610 0.542281 0.633989 0.544456 0.643624 0.540726 0.653881 0.519591 0.655435 0.517104 0.634610
0 0.555024 0.685274 0.515239 0.686828 0.514928 0.661341 0.529746 0.659629 0.530246 0.669282 0.536037 0.668978 0.535547 0.658955 0.552538 0.656989 0.555024 0.685274
0 0.581444 0.647665 0.591932 0.646409 0.592945 0.661652 0.582309 0.662692 0.581444 0.647665
0 0.586106 0.688382 0.597957 0.685184 0.598819 0.688270 0.600913 0.697089 0.603008 0.707010 0.604551 0.714836 0.607181 0.725862 0.588593 0.731587 0.585174 0.711383 0.589836 0.709518 0.586106 0.688382
0 0.649514 0.635854 0.675312 0.626529 0.685259 0.652949 0.656663 0.661341 0.649514 0.635854
0 0.355660 0.761826 0.375887 0.760871 0.374933 0.754765 0.395732 0.753620 0.398976 0.766978 0.393061 0.776328 0.357187 0.776900 0.355660 0.761826
0 0.396495 0.751331 0.424164 0.743316 0.424927 0.734348 0.445726 0.738737 0.446422 0.742698 0.446871 0.748468 0.445917 0.750567 0.447634 0.756483 0.440574 0.763161 0.422256 0.763925 0.402983 0.763734 0.396495 0.751331
0 0.691045 0.670117 0.711463 0.680803 0.709745 0.689962 0.704021 0.696259 0.683412 0.680994 0.691045 0.670117
0 0.670246 0.686718 0.690854 0.707136 0.686856 0.710443 0.681420 0.715684 0.677306 0.719539 0.667765 0.707517 0.671963 0.703701 0.662804 0.693588 0.670246 0.686718
0 0.162324 0.508979 0.166168 0.508597 0.172353 0.508174 0.186257 0.507114 0.188433 0.560886 0.163567 0.560886 0.162324 0.508979
0 0.311829 0.484734 0.322708 0.492194 0.315559 0.502141 0.312451 0.499032 0.309032 0.502141 0.302816 0.497167 0.311829 0.484734
0 0.287274 0.509600 0.291146 0.504097 0.303996 0.511807 0.308861 0.504097 0.313175 0.507126 0.316938 0.501803 0.324262 0.506181 0.311519 0.525141 0.287274 0.509600
0 0.330930 0.516688 0.358225 0.535900 0.348385 0.549723 0.320855 0.528871 0.330930 0.516688
0 0.308907 0.549020 0.320621 0.546209 0.323081 0.562258 0.312070 0.564249 0.308907 0.549020
0 0.130571 0.290071 0.170668 0.293490 0.173776 0.295044 0.172097 0.307483 0.147494 0.306040 0.146122 0.303421 0.136101 0.302309 0.129950 0.301882 0.130571 0.290071
0 0.123112 0.368709 0.157302 0.374304 0.158856 0.398548 0.118449 0.398237 0.123112 0.368709
0 0.225327 0.196929 0.267599 0.193820 0.271640 0.223659 0.236206 0.225835 0.234963 0.208118 0.226881 0.206875 0.225327 0.196929
0 0.277545 0.181698 0.298069 0.178290 0.302348 0.189128 0.279706 0.192564 0.277545 0.181698
0 0.284706 0.204109 0.307880 0.202016 0.310421 0.213678 0.286051 0.215920 0.284706 0.204109
0 0.332699 0.173758 0.342865 0.183177 0.318047 0.204707 0.309375 0.193942 0.332699 0.173758
0 0.348547 0.193643 0.359461 0.215621 0.335689 0.227582 0.330456 0.226685 0.320588 0.207697 0.348547 0.193643
0 0.463936 0.181924 0.452881 0.186523 0.452874 0.186492 0.452471 0.186689 0.451129 0.187251 0.451172 0.187344 0.449609 0.188125 0.447109 0.183203 0.446543 0.181004 0.443239 0.169707 0.454824 0.165752 0.463936 0.181924
0 0.448207 0.195544 0.465779 0.189804 0.468825 0.195896 0.474565 0.192616 0.484288 0.217451 0.451839 0.232797 0.441295 0.204799 0.450667 0.201284 0.448207 0.195544
0 0.424953 0.227453 0.446706 0.253213 0.418274 0.272104 0.400337 0.243863 0.424953 0.227453
0 0.441277 0.304417 0.455588 0.316057 0.462458 0.329796 0.441468 0.340672 0.424867 0.315866 0.441277 0.304417
0 0.556505 0.188117 0.590113 0.202242 0.582320 0.224161 0.547981 0.207113 0.556505 0.188117
0 0.548779 0.181377 0.542980 0.195021 0.535977 0.190850 0.541836 0.177129 0.548779 0.181377
0 0.539473 0.175684 0.534395 0.189902 0.527012 0.185508 0.532705 0.171543 0.539473 0.175684
0 0.643219 0.277959 0.659692 0.284486 0.649124 0.318677 0.641664 0.331420 0.628610 0.325826 0.631718 0.318055 0.625813 0.314947 0.633583 0.289459 0.639178 0.291013 0.643219 0.277959
0 0.395430 0.405875 0.421976 0.409041 0.442676 0.422923 0.437562 0.432664 0.419053 0.424140 0.416618 0.429498 0.427090 0.433151 0.427090 0.449225 0.381305 0.440701 0.384227 0.423410 0.393482 0.424384 0.395430 0.405875
0 0.121331 0.312758 0.129262 0.312944 0.129030 0.321247 0.121191 0.321061 0.121331 0.312758
0 0.136101 0.302309 0.136003 0.307843 0.129297 0.307419 0.129950 0.301882 0.136101 0.302309
0 0.285720 0.460049 0.306995 0.466663 0.304460 0.479560 0.286161 0.474930 0.285720 0.460049
0 0.172038 0.491993 0.184039 0.490852 0.184989 0.505622 0.172918 0.506408 0.172038 0.491993
0 0.085337 0.735021 0.090240 0.748149 0.079812 0.751888 0.074535 0.737804 0.085337 0.735021
0 0.078612 0.798725 0.095147 0.789356 0.099666 0.797292 0.083462 0.806552 0.078612 0.798725
0 0.161007 0.841578 0.166786 0.837177 0.170445 0.842374 0.164612 0.846562 0.161007 0.841578
0 0.100728 0.878754 0.106946 0.875856 0.109159 0.880446 0.102649 0.883409 0.100728 0.878754
0 0.181735 0.863683 0.192552 0.863471 0.192711 0.871902 0.183803 0.871955 0.183803 0.867925 0.181788 0.867925 0.181735 0.863683
0 0.332699 0.173758 0.343292 0.164524 0.358113 0.181713 0.348300 0.190105 0.342865 0.183177 0.332699 0.173758
0 0.122163 0.467924 0.131202 0.474759 0.125140 0.483246 0.115880 0.476522 0.122163 0.467924
0 0.166168 0.508597 0.165810 0.504756 0.172092 0.504496 0.172353 0.508174 0.166168 0.508597
0 0.137791 0.739782 0.153266 0.731481 0.161848 0.746816 0.145388 0.755398 0.137791 0.739782
0 0.142261 0.765643 0.153317 0.755884 0.158499 0.761670 0.147789 0.771085 0.142261 0.765643
0 0.107757 0.861278 0.119668 0.852887 0.129345 0.863714 0.118246 0.873256 0.107757 0.861278
0 0.429991 0.803607 0.427976 0.808432 0.420764 0.805462 0.422991 0.800902 0.429991 0.803607
0 0.378128 0.796511 0.392778 0.804027 0.394575 0.805018 0.392003 0.809688 0.382123 0.804680 0.378128 0.796511
0 0.541191 0.727348 0.552898 0.727145 0.553101 0.736416 0.541935 0.736484 0.541191 0.727348
0 0.554375 0.689673 0.563509 0.688975 0.565237 0.709531 0.554322 0.710564 0.553527 0.698687 0.555064 0.698634 0.554375 0.689673
0 0.573083 0.682065 0.587693 0.682238 0.587693 0.687334 0.582145 0.687358 0.582104 0.688937 0.573130 0.688812 0.573083 0.682065
0 0.629164 0.689202 0.637860 0.684377 0.641837 0.692861 0.632770 0.697209 0.629164 0.689202
0 0.514736 0.773995 0.522045 0.772913 0.522857 0.783470 0.515142 0.784214 0.514736 0.773995
0 0.533971 0.809226 0.543716 0.809361 0.543716 0.815452 0.534174 0.815249 0.533971 0.809226
0 0.385800 0.850202 0.401894 0.851635 0.401453 0.863430 0.382824 0.861226 0.385800 0.850202
0 0.412476 0.820880 0.424492 0.821762 0.423389 0.832234 0.411043 0.831022 0.412476 0.820880
0 0.600913 0.697089 0.610586 0.695476 0.612679 0.704737 0.603008 0.707010 0.600913 0.697089
0 0.598819 0.688270 0.607858 0.686507 0.610586 0.695476 0.600913 0.697089 0.598819 0.688270
0 0.603008 0.707010 0.612679 0.704737 0.614141 0.713183 0.604551 0.714836 0.603008 0.707010
0 0.715173 0.658693 0.724512 0.660317 0.722888 0.668979 0.713617 0.667152 0.715173 0.658693
0 0.725279 0.661099 0.737976 0.658853 0.739012 0.667836 0.725279 0.669909 0.725279 0.661099
0 0.702320 0.659507 0.713123 0.660059 0.710698 0.666011 0.699785 0.665019 0.702320 0.659507
0 0.738390 0.657704 0.741586 0.654595 0.747805 0.659864 0.744695 0.663232 0.738390 0.657704
0 0.686856 0.710443 0.691690 0.713937 0.699391 0.702701 0.706091 0.707235 0.692624 0.727537 0.681420 0.715684 0.686856 0.710443
0 0.560258 0.983556 0.561793 0.987883 0.577940 0.980151 0.584363 0.989685 0.565161 0.997447 0.550453 0.989072 0.560258 0.983556
0 0.446422 0.742698 0.462899 0.745651 0.463210 0.758708 0.460723 0.761817 0.440574 0.763161 0.447634 0.756483 0.445917 0.750567 0.446871 0.748468 0.446422 0.742698
0 0.350077 0.777065 0.357187 0.776900 0.360797 0.784878 0.359707 0.787786 0.350803 0.788513 0.350077 0.777065
0 0.515331 0.804487 0.527020 0.801565 0.541798 0.801061 0.543716 0.809361 0.533971 0.809226 0.517093 0.814337 0.515331 0.804487
4 0.591203 0.333018 0.599728 0.334100 0.598646 0.347767 0.589986 0.346414 0.591203 0.333018
0 0.170668 0.293490 0.169573 0.286082 0.182795 0.286706 0.184916 0.290448 0.196890 0.292943 0.196766 0.303296 0.189281 0.303421 0.187660 0.305292 0.187909 0.310281 0.172567 0.309034 0.172097 0.307483 0.173776 0.295044 0.170668 0.293490
