0 0.444798 0.039403 0.398175 0.105298 0.395688 0.106230 0.365849 0.090689 0.364295 0.086648 0.412783 0.023551 0.442001 0.035052 0.444798 0.039403
0 0.726709 0.138344 0.722569 0.157096 0.719646 0.159045 0.713802 0.157340 0.710636 0.164159 0.706982 0.164402 0.701381 0.162454 0.700882 0.167884 0.707674 0.169904 0.702577 0.192275 0.698360 0.192860 0.682663 0.188877 0.681608 0.187120 0.688163 0.158677 0.693200 0.156335 0.699148 0.127892 0.703484 0.124902 0.713950 0.128041 0.717687 0.131779 0.723967 0.134470 0.726709 0.138344
0 0.678374 0.129505 0.677548 0.140061 0.674519 0.140703 0.667267 0.138500 0.666809 0.137123 0.668461 0.127578 0.669654 0.126843 0.678374 0.129505
0 0.634579 0.214383 0.623133 0.237275 0.618019 0.240685 0.599266 0.234840 0.596831 0.232161 0.609495 0.207564 0.614853 0.205372 0.634579 0.214383
0 0.599023 0.254810 0.590255 0.271614 0.583436 0.271127 0.580027 0.267717 0.588307 0.249209 0.592447 0.247260 0.598536 0.250426 0.599023 0.254810
0 0.570361 0.288520 0.552042 0.283559 0.530671 0.267912 0.530862 0.263905 0.539448 0.255890 0.575895 0.273446 0.578184 0.277453 0.574559 0.286421 0.570361 0.288520
0 0.694877 0.231321 0.682665 0.227886 0.681711 0.225405 0.684573 0.213575 0.691442 0.214338 0.693732 0.210713 0.701937 0.213575 0.698312 0.230367 0.694877 0.231321
0 0.863284 0.117652 0.855461 0.093227 0.858323 0.089411 0.876260 0.085022 0.883511 0.107729 0.890190 0.108492 0.891716 0.115934 0.867864 0.121850 0.863284 0.117652
0 0.897250 0.102577 0.895151 0.093227 0.898586 0.091700 0.896868 0.086930 0.898967 0.083686 0.909271 0.083304 0.914423 0.098379 0.911752 0.101814 0.900303 0.104104 0.897250 0.102577
0 0.983311 0.130780 0.963276 0.130331 0.962080 0.128985 0.960286 0.119716 0.962977 0.117324 0.980470 0.118221 0.982115 0.119865 0.983311 0.130780
0 0.933084 0.179629 0.932321 0.173905 0.929649 0.173523 0.929458 0.167608 0.944724 0.166272 0.945869 0.168180 0.945296 0.178675 0.933084 0.179629
0 0.891174 0.175634 0.872092 0.168192 0.871138 0.166856 0.874573 0.154072 0.878962 0.153308 0.913118 0.171054 0.913404 0.180515 0.916394 0.183506 0.914899 0.194420 0.910413 0.195765 0.887837 0.189486 0.886791 0.187094 0.887987 0.178721 0.892024 0.178123 0.891174 0.175634
0 0.914360 0.218416 0.899667 0.221851 0.896804 0.219179 0.892988 0.208302 0.894324 0.205440 0.915123 0.199525 0.920847 0.203914 0.923900 0.215935 0.914360 0.218416
0 0.932170 0.262146 0.908699 0.256612 0.905837 0.254895 0.905455 0.230279 0.910607 0.227035 0.928544 0.233332 0.927208 0.238866 0.933505 0.243255 0.932170 0.258902 0.932170 0.262146
0 0.795006 0.337217 0.784320 0.337026 0.783366 0.335881 0.782412 0.322333 0.784701 0.319853 0.795578 0.320425 0.796151 0.333782 0.795006 0.337217
0 0.505977 0.380353 0.490506 0.418833 0.484556 0.422800 0.457977 0.412486 0.456787 0.404948 0.472258 0.368452 0.479399 0.365279 0.505977 0.380353
0 0.200415 0.396249 0.191712 0.399979 0.187672 0.398735 0.180834 0.387856 0.182699 0.383816 0.193267 0.380086 0.200415 0.396249
0 0.462222 0.536352 0.436113 0.559042 0.430829 0.558421 0.408761 0.574583 0.403477 0.574272 0.393842 0.561218 0.394774 0.556866 0.408450 0.546609 0.411869 0.548474 0.414977 0.546920 0.398815 0.529203 0.399436 0.525473 0.414977 0.514284 0.431762 0.529203 0.433938 0.527338 0.432383 0.523298 0.449168 0.511176 0.453209 0.512730 0.460979 0.525163 0.459114 0.527960 0.462222 0.536352
0 0.556439 0.533332 0.547169 0.547087 0.542684 0.547386 0.534162 0.539612 0.533713 0.537518 0.542385 0.526156 0.556439 0.533332
0 0.577187 0.528258 0.550663 0.517382 0.549900 0.514329 0.559441 0.499445 0.562685 0.500208 0.579095 0.507078 0.578714 0.508986 0.585201 0.516237 0.577187 0.528258
0 0.524461 0.569782 0.506683 0.558093 0.506683 0.555901 0.515450 0.545429 0.533228 0.557849 0.533959 0.560284 0.528845 0.568321 0.524461 0.569782
0 0.280839 0.607362 0.258677 0.626358 0.255268 0.626115 0.250884 0.620757 0.250884 0.617591 0.274020 0.598839 0.277186 0.599569 0.280839 0.607362
0 0.304904 0.646725 0.291266 0.655005 0.291510 0.658658 0.277141 0.668643 0.269592 0.667669 0.258145 0.648430 0.260824 0.645020 0.272027 0.637714 0.268130 0.633331 0.268374 0.629434 0.284447 0.621641 0.298816 0.633331 0.304904 0.646725
0 0.233260 0.663388 0.215969 0.682871 0.208420 0.684332 0.190641 0.667284 0.190641 0.662657 0.211342 0.636355 0.215239 0.636842 0.230338 0.646097 0.227903 0.650237 0.233017 0.660709 0.233260 0.663388
0 0.186726 0.631748 0.173088 0.643681 0.178690 0.654153 0.168461 0.663408 0.166269 0.662920 0.147760 0.648795 0.147760 0.646847 0.177959 0.619084 0.185022 0.622737 0.188431 0.629069 0.186726 0.631748
0 0.217637 0.699449 0.205975 0.710812 0.201340 0.709915 0.197603 0.707523 0.193566 0.710064 0.186539 0.703486 0.186240 0.701841 0.191473 0.697655 0.189828 0.695113 0.201191 0.684199 0.202686 0.684498 0.212554 0.687937 0.218235 0.696758 0.217637 0.699449
0 0.148512 0.714820 0.135361 0.723100 0.129029 0.722857 0.114173 0.704835 0.113199 0.698016 0.138283 0.682186 0.146320 0.686326 0.156305 0.700208 0.152895 0.705322 0.151190 0.706540 0.151678 0.711654 0.148512 0.714820
0 0.099989 0.746565 0.082454 0.761664 0.078070 0.760690 0.062484 0.748513 0.061753 0.743643 0.077583 0.726108 0.082698 0.727569 0.097797 0.743155 0.099989 0.746565
0 0.076658 0.767620 0.063491 0.789183 0.058148 0.788992 0.042120 0.781359 0.041929 0.779069 0.047844 0.768956 0.036586 0.767620 0.034487 0.763422 0.039639 0.754263 0.052233 0.758270 0.056240 0.751401 0.058148 0.750065 0.071697 0.757316 0.070742 0.760942 0.075513 0.763804 0.076658 0.767620
0 0.000006 0.785394 0.004603 0.783325 0.004412 0.778364 0.007656 0.777028 0.008229 0.758137 0.010137 0.757565 0.021586 0.760236 0.020441 0.782943 0.042385 0.793629 0.042385 0.796492 0.026166 0.824923 0.022922 0.824160 0.000006 0.818656 0.000006 0.785394
0 0.058932 0.904768 0.046529 0.935490 0.041759 0.935299 0.036416 0.943123 0.032218 0.944459 0.016953 0.938734 0.015044 0.935108 0.030691 0.895609 0.036416 0.894846 0.054162 0.902669 0.058932 0.904768
0 0.033397 0.989284 0.009531 0.986848 0.007339 0.984413 0.013184 0.949343 0.019516 0.948856 0.027796 0.951535 0.028039 0.960546 0.043869 0.970288 0.044356 0.973941 0.041190 0.978081 0.033154 0.975889 0.033397 0.989284
0 0.171659 0.843056 0.159969 0.824060 0.162161 0.819189 0.168493 0.817241 0.180426 0.839403 0.178721 0.842082 0.171659 0.843056
0 0.227243 0.800604 0.222758 0.808379 0.220515 0.808827 0.213338 0.805389 0.213338 0.801800 0.218571 0.793727 0.221263 0.794624 0.227243 0.800604
0 0.237086 0.797800 0.214510 0.781503 0.214510 0.778364 0.222285 0.767748 0.218696 0.765057 0.218846 0.762366 0.227667 0.754591 0.230807 0.755787 0.237834 0.761618 0.240974 0.759376 0.259513 0.772832 0.259513 0.774626 0.245459 0.792268 0.241871 0.793165 0.239030 0.796454 0.237086 0.797800
0 0.300411 0.826821 0.275107 0.807375 0.275576 0.802924 0.282019 0.795778 0.312594 0.817215 0.312242 0.820847 0.304511 0.826704 0.300411 0.826821
0 0.325506 0.870739 0.311195 0.853566 0.308714 0.852421 0.305852 0.850131 0.306043 0.848795 0.309096 0.846314 0.308905 0.842689 0.323979 0.831621 0.327032 0.832003 0.329895 0.835438 0.336001 0.832385 0.338863 0.835629 0.349300 0.833926 0.351877 0.835566 0.350940 0.845289 0.343560 0.845406 0.342388 0.855363 0.340631 0.856066 0.340397 0.860284 0.329620 0.869538 0.325506 0.870739
0 0.476806 0.947119 0.468840 0.954030 0.466380 0.953913 0.457359 0.945010 0.457359 0.942784 0.465091 0.937161 0.471886 0.938918 0.476806 0.947119
0 0.477274 0.960356 0.470714 0.966565 0.467200 0.965745 0.463568 0.962582 0.464740 0.960356 0.472237 0.954850 0.477274 0.960356
0 0.559898 0.940378 0.539862 0.930837 0.538526 0.928929 0.548830 0.910992 0.554746 0.910229 0.570583 0.916717 0.570965 0.919197 0.562187 0.938279 0.559898 0.940378
0 0.569629 0.952972 0.561424 0.948392 0.560661 0.946675 0.566767 0.936371 0.569629 0.937134 0.576117 0.941523 0.569629 0.952972
0 0.311991 0.730678 0.281841 0.748394 0.276557 0.745908 0.261949 0.725083 0.265989 0.719799 0.296761 0.705190 0.302045 0.707366 0.311991 0.730678
0 0.351776 0.753989 0.324113 0.722907 0.325356 0.720731 0.333127 0.715137 0.360790 0.748705 0.361412 0.752435 0.354574 0.754922 0.351776 0.753989
0 0.865179 0.923684 0.871845 0.923381 0.871845 0.931258 0.864876 0.931864 0.865179 0.923684
0 0.907597 0.907322 0.924261 0.913685 0.919716 0.923684 0.904870 0.916715 0.907597 0.907322
