0 0.234201 0.161528 0.257112 0.155013 0.267655 0.155833 0.274918 0.161691 0.275035 0.168017 0.273864 0.172117 0.242352 0.179848 0.239892 0.178208 0.233917 0.162394 0.234201 0.161528
0 0.212128 0.171765 0.231574 0.163565 0.233566 0.164502 0.235792 0.171180 0.234972 0.173054 0.221617 0.179263 0.217517 0.179848 0.212245 0.173405 0.212128 0.171765
0 0.284809 0.167184 0.295113 0.166612 0.302555 0.170237 0.304845 0.172145 0.292064 0.214390 0.288577 0.236444 0.289475 0.244667 0.283344 0.247984 0.271704 0.249701 0.267697 0.248366 0.261972 0.216117 0.262545 0.212110 0.267697 0.211156 0.268651 0.206195 0.273421 0.205432 0.281436 0.170130 0.284809 0.167184
0 0.136382 0.193404 0.164497 0.193639 0.165552 0.194693 0.169886 0.194693 0.174455 0.201722 0.174455 0.204884 0.172463 0.205939 0.167543 0.206056 0.162974 0.222691 0.153954 0.225268 0.153134 0.227728 0.158640 0.229836 0.158640 0.233937 0.155243 0.242137 0.151377 0.244245 0.128534 0.234991 0.127714 0.231477 0.135680 0.195161 0.136382 0.193404
0 0.289541 0.256963 0.293340 0.264121 0.292854 0.263961 0.292737 0.268764 0.303983 0.274621 0.305037 0.278253 0.299244 0.289964 0.297259 0.291144 0.292688 0.288693 0.282722 0.288734 0.281186 0.286218 0.277116 0.259448 0.278584 0.256504 0.289541 0.256963
0 0.294220 0.249006 0.313527 0.257854 0.314464 0.261251 0.311418 0.266991 0.307904 0.268866 0.294014 0.264336 0.288928 0.254973 0.291368 0.249573 0.294220 0.249006
0 0.123157 0.338556 0.135163 0.343220 0.136027 0.345380 0.134645 0.350303 0.133090 0.351598 0.120998 0.347884 0.119875 0.346416 0.121516 0.339161 0.123157 0.338556
0 0.123477 0.385056 0.129026 0.386274 0.130109 0.387966 0.129974 0.397778 0.128214 0.401230 0.125913 0.402312 0.121176 0.401230 0.119890 0.398996 0.122191 0.385529 0.123477 0.385056
0 0.149036 0.452700 0.148292 0.452971 0.140915 0.457234 0.139427 0.456557 0.135366 0.450196 0.136517 0.446948 0.144908 0.443293 0.146668 0.444241 0.149036 0.452700
0 0.136622 0.397550 0.149404 0.394268 0.152255 0.394959 0.155364 0.406187 0.158560 0.417415 0.157610 0.420093 0.144654 0.421734 0.142495 0.420525 0.136363 0.398586 0.136622 0.397550
0 0.143025 0.423845 0.159609 0.420994 0.160904 0.422635 0.163841 0.438787 0.162977 0.440600 0.152267 0.448806 0.149417 0.448460 0.142162 0.424967 0.143025 0.423845
0 0.149275 0.371186 0.173705 0.367126 0.175600 0.367600 0.177698 0.376059 0.176885 0.377818 0.152726 0.383165 0.149951 0.382488 0.148869 0.371525 0.149275 0.371186
0 0.178061 0.369024 0.203032 0.363745 0.205671 0.365708 0.207025 0.375656 0.205536 0.378972 0.202085 0.379987 0.197821 0.379040 0.182189 0.380461 0.178737 0.383032 0.175218 0.383980 0.172917 0.383235 0.171023 0.380055 0.179888 0.377415 0.178331 0.369904 0.178061 0.369024
0 0.149929 0.385583 0.169892 0.380304 0.171313 0.382131 0.172974 0.386013 0.180748 0.383508 0.183080 0.385063 0.183080 0.397673 0.181275 0.400450 0.175155 0.402001 0.159793 0.405858 0.157222 0.405452 0.149642 0.386368 0.149929 0.385583
0 0.170018 0.408891 0.184238 0.402388 0.186443 0.402939 0.191514 0.411978 0.190632 0.414072 0.179498 0.423222 0.176412 0.423222 0.169467 0.410655 0.170018 0.408891
0 0.148048 0.463032 0.157807 0.454308 0.162212 0.453186 0.175513 0.467782 0.175686 0.472360 0.168604 0.479788 0.165494 0.480565 0.148652 0.464759 0.148048 0.463032
0 0.161864 0.451027 0.166477 0.445141 0.170082 0.444558 0.182437 0.453731 0.182755 0.456170 0.177347 0.462056 0.175491 0.462480 0.162394 0.451928 0.161864 0.451027
0 0.696123 0.842375 0.698693 0.838520 0.697959 0.835215 0.700713 0.832278 0.704476 0.831911 0.709157 0.825945 0.713517 0.825713 0.734077 0.838839 0.735454 0.841776 0.724939 0.859137 0.716035 0.861523 0.695016 0.845002 0.696123 0.842375
0 0.555049 0.621281 0.570223 0.621137 0.573100 0.623151 0.571878 0.642209 0.569504 0.644726 0.554977 0.644511 0.553107 0.643288 0.554114 0.622576 0.555049 0.621281
0 0.575794 0.621210 0.592774 0.623321 0.594977 0.625799 0.591948 0.638925 0.590296 0.640118 0.575060 0.638374 0.572857 0.636355 0.574784 0.621761 0.575794 0.621210
0 0.596714 0.625572 0.610234 0.627729 0.611672 0.630318 0.609659 0.642041 0.608148 0.643336 0.594268 0.641322 0.592830 0.639812 0.595804 0.626319 0.596714 0.625572
0 0.615135 0.598826 0.623617 0.595317 0.650233 0.598241 0.654620 0.601166 0.654620 0.632169 0.651402 0.637141 0.622447 0.638896 0.616012 0.634801 0.612795 0.617838 0.613088 0.604676 0.615135 0.598826
0 0.602368 0.459032 0.652594 0.457625 0.655126 0.460861 0.656831 0.507618 0.653033 0.510431 0.591130 0.510150 0.588316 0.506492 0.597845 0.463145 0.602368 0.459032
0 0.001152 0.533392 0.014645 0.524581 0.019234 0.525957 0.032749 0.543710 0.032198 0.545729 0.018706 0.556009 0.015860 0.556560 0.001174 0.534898 0.001152 0.533392
0 0.039722 0.511630 0.064323 0.492769 0.068072 0.493941 0.076038 0.506593 0.074983 0.512918 0.058231 0.526390 0.051554 0.526390 0.040660 0.513153 0.039722 0.511630
0 0.090587 0.519182 0.118828 0.487697 0.122453 0.487888 0.131994 0.496857 0.132948 0.503917 0.132948 0.508306 0.127033 0.512694 0.124171 0.512694 0.105852 0.528914 0.102227 0.530441 0.090778 0.521090 0.090587 0.519182
0 0.042474 0.541702 0.048800 0.536664 0.051142 0.537836 0.054305 0.542170 0.054305 0.543459 0.049502 0.548145 0.047628 0.549082 0.042474 0.543693 0.042474 0.541702
0 0.031205 0.568313 0.043388 0.561167 0.046668 0.560581 0.052525 0.566556 0.052408 0.573936 0.048659 0.575810 0.044208 0.576513 0.041162 0.573702 0.038233 0.576982 0.033548 0.577099 0.030150 0.570070 0.031205 0.568313
0 0.048763 0.556614 0.059540 0.551109 0.062118 0.551226 0.076175 0.570320 0.076409 0.574421 0.070201 0.578052 0.065866 0.577935 0.058369 0.572546 0.048412 0.558137 0.048763 0.556614
0 0.000008 0.561101 0.001579 0.560574 0.001946 0.558830 0.006994 0.552129 0.009013 0.552129 0.020028 0.565805 0.019936 0.568926 0.009472 0.577738 0.000008 0.584341 0.000008 0.561101
0 0.253994 0.396263 0.267583 0.383845 0.272503 0.383260 0.285623 0.394154 0.287615 0.399777 0.282578 0.408329 0.273557 0.413483 0.270160 0.413600 0.253643 0.401066 0.253994 0.396263
0 0.291225 0.387361 0.295080 0.379467 0.298384 0.378366 0.314630 0.387544 0.316191 0.390573 0.314447 0.396264 0.310225 0.399018 0.291500 0.389931 0.291225 0.387361
0 0.261061 0.371507 0.269547 0.365394 0.275588 0.365034 0.284474 0.370080 0.285177 0.373946 0.277445 0.381209 0.274868 0.381326 0.265028 0.378046 0.260576 0.373360 0.261061 0.371507
0 0.000008 0.177631 0.005404 0.180124 0.014270 0.165652 0.016715 0.165364 0.023044 0.166083 0.029229 0.169176 0.030883 0.177230 0.023394 0.191780 0.022844 0.203713 0.019815 0.207659 0.014675 0.208302 0.000008 0.193624 0.000008 0.177631
0 0.000008 0.366575 0.001076 0.369094 0.002950 0.369094 0.009511 0.377294 0.009979 0.381394 0.007636 0.385260 0.000008 0.391670 0.000008 0.366575
4 0.000008 0.611949 0.005540 0.618251 0.006094 0.621202 0.004487 0.622849 0.000008 0.625055 0.000008 0.611949
0 0.463998 0.302752 0.504882 0.300175 0.509802 0.306852 0.510505 0.324072 0.509099 0.328524 0.465755 0.331687 0.462475 0.329695 0.462710 0.304860 0.463998 0.302752
0 0.374140 0.127738 0.375663 0.124106 0.396632 0.111454 0.399326 0.111572 0.409050 0.122232 0.411627 0.132306 0.407761 0.135235 0.407292 0.141209 0.400029 0.146012 0.395929 0.144607 0.391243 0.147418 0.386675 0.146598 0.375077 0.129846 0.375312 0.129964 0.374140 0.127738
0 0.487168 0.000008 0.493286 0.044622 0.492523 0.047866 0.453405 0.060842 0.449971 0.056834 0.443444 0.036198 0.450321 0.030816 0.451667 0.030816 0.447331 0.005100 0.450321 0.002109 0.463164 0.000008 0.487168 0.000008
0 0.412728 0.148728 0.451581 0.112362 0.460905 0.109565 0.459973 0.103659 0.467122 0.097753 0.493231 0.093091 0.503488 0.099618 0.511569 0.146242 0.505042 0.155566 0.488568 0.156810 0.463606 0.149221 0.460809 0.137720 0.459255 0.137409 0.426929 0.159789 0.417605 0.158856 0.412728 0.148728
0 0.460417 0.153276 0.462563 0.151777 0.465347 0.151083 0.487423 0.159321 0.491103 0.173977 0.483797 0.184205 0.481362 0.184936 0.457739 0.177143 0.453598 0.164966 0.460417 0.153276
0 0.325464 0.043410 0.335172 0.025543 0.339533 0.023995 0.345020 0.025824 0.345864 0.028498 0.333061 0.052133 0.330529 0.052837 0.324339 0.047209 0.325464 0.043410
0 0.368948 0.127184 0.358365 0.109547 0.358806 0.105909 0.371924 0.099075 0.376003 0.099516 0.386144 0.109106 0.385372 0.113736 0.375010 0.120350 0.374129 0.123216 0.373357 0.126192 0.369499 0.127184 0.368948 0.127184
0 0.581059 0.058410 0.644228 0.039276 0.648730 0.040824 0.656890 0.050953 0.659422 0.055455 0.658578 0.060942 0.655764 0.065022 0.593861 0.081061 0.586405 0.080920 0.579792 0.061505 0.581059 0.058410
3 0.564929 0.104221 0.586475 0.104041 0.588451 0.106735 0.591683 0.141569 0.588630 0.145699 0.573009 0.146776 0.569777 0.143903 0.564210 0.108351 0.564929 0.104221
0 0.594210 0.102985 0.647812 0.098483 0.649782 0.100734 0.649922 0.107206 0.639009 0.114916 0.639652 0.128450 0.627272 0.129012 0.628678 0.121134 0.597024 0.123244 0.591818 0.119024 0.592100 0.103829 0.594210 0.102985
0 0.640896 0.116506 0.648917 0.109402 0.650751 0.113297 0.653500 0.135297 0.648688 0.141256 0.639980 0.143318 0.639652 0.128450 0.641813 0.129339 0.639980 0.118339 0.640896 0.116506
0 0.637128 0.154813 0.651566 0.148167 0.656607 0.150230 0.660274 0.185980 0.659586 0.186896 0.655003 0.190563 0.643774 0.192855 0.641253 0.190105 0.635524 0.157563 0.637128 0.154813
0 0.604900 0.197884 0.629911 0.193031 0.628417 0.185565 0.635137 0.183699 0.638123 0.183699 0.643774 0.192855 0.651935 0.199750 0.656787 0.229240 0.655667 0.247531 0.653054 0.253877 0.634017 0.256117 0.626551 0.253877 0.618712 0.229613 0.609006 0.227373 0.603407 0.199377 0.604900 0.197884
0 0.485930 0.187906 0.493727 0.176400 0.498061 0.175229 0.502864 0.177103 0.514578 0.188466 0.514930 0.194441 0.511650 0.201586 0.508955 0.202289 0.485643 0.189169 0.485930 0.187906
0 0.502278 0.175346 0.509424 0.163046 0.511884 0.163046 0.542108 0.189872 0.542108 0.194206 0.537422 0.202524 0.533673 0.202641 0.502864 0.177103 0.502278 0.175346
0 0.661983 0.066880 0.672630 0.068715 0.674833 0.072112 0.670886 0.088174 0.678872 0.089184 0.684103 0.092396 0.682516 0.125371 0.681415 0.127482 0.670217 0.129960 0.670217 0.132897 0.657826 0.133632 0.655990 0.131704 0.653949 0.083731 0.657307 0.071353 0.661983 0.066880
0 0.680044 0.051485 0.687837 0.048075 0.706590 0.056112 0.709756 0.062201 0.702450 0.079005 0.694656 0.083388 0.675904 0.069263 0.668354 0.064149 0.667867 0.059035 0.677609 0.051728 0.680044 0.051485
0 0.648672 0.015058 0.659383 0.003951 0.666126 0.003554 0.672077 0.007124 0.685948 0.000007 0.709989 0.000006 0.713087 0.011048 0.704927 0.030378 0.692245 0.041266 0.688144 0.041734 0.649135 0.018188 0.648672 0.015058
0 0.762979 0.029665 0.782191 0.029900 0.787579 0.034702 0.788399 0.045597 0.772819 0.046534 0.772702 0.042551 0.761456 0.041966 0.760753 0.031774 0.762979 0.029665
0 0.790360 0.035118 0.833520 0.035221 0.836683 0.037447 0.837620 0.053730 0.836097 0.057479 0.806693 0.057830 0.797088 0.052910 0.789590 0.045179 0.789239 0.035807 0.790360 0.035118
0 0.867826 0.077408 0.870946 0.073278 0.874067 0.072911 0.893067 0.077684 0.895729 0.081355 0.893618 0.086679 0.890038 0.088974 0.868009 0.077408 0.867826 0.077408
0 0.902910 0.038583 0.944325 0.040677 0.944624 0.045012 0.911133 0.076709 0.907545 0.077307 0.898575 0.070130 0.897977 0.065794 0.921001 0.049348 0.904256 0.049946 0.900967 0.049049 0.901864 0.040378 0.902910 0.038583
4 0.459286 0.000008 0.426934 0.004934 0.403162 0.007775 0.401368 0.006429 0.400471 0.003290 0.400172 0.000007 0.459286 0.000008
