4 0.598020 0.000001 0.598470 0.012413 0.583631 0.013088 0.583181 0.000001 0.598020 0.000001
0 0.611609 0.109215 0.623087 0.116102 0.610748 0.143937 0.597835 0.138198 0.611609 0.109215
0 0.588627 0.127390 0.598669 0.131794 0.594264 0.140955 0.584223 0.135670 0.588627 0.127390
0 0.529757 0.103589 0.548868 0.084253 0.566181 0.099991 0.546845 0.117754 0.529757 0.103589
0 0.506823 0.137990 0.528408 0.117754 0.538750 0.129671 0.516941 0.149232 0.506823 0.137990
0 0.459206 0.120760 0.477571 0.097229 0.486467 0.103255 0.482162 0.109281 0.493641 0.114447 0.489336 0.122482 0.503398 0.132525 0.492493 0.145439 0.459206 0.120760
0 0.497827 0.178951 0.516480 0.166038 0.521071 0.170916 0.529393 0.165751 0.534271 0.178090 0.508158 0.191290 0.497827 0.178951
0 0.495641 0.180927 0.504185 0.199364 0.496540 0.201388 0.497664 0.212630 0.453595 0.223197 0.447750 0.205884 0.474506 0.198690 0.473381 0.192394 0.487322 0.191270 0.484624 0.184749 0.495641 0.180927
0 0.513468 0.221601 0.523136 0.211933 0.529657 0.219353 0.522012 0.227672 0.513468 0.221601
0 0.501198 0.236579 0.513340 0.234106 0.516038 0.247597 0.504346 0.249845 0.501198 0.236579
0 0.506749 0.304979 0.534872 0.292640 0.536593 0.304979 0.509619 0.316171 0.506749 0.304979
0 0.453662 0.275709 0.491254 0.264518 0.497854 0.293214 0.463705 0.302684 0.453662 0.275709
0 0.450638 0.102283 0.456934 0.095762 0.460981 0.100259 0.462330 0.098685 0.468401 0.103857 0.460531 0.112850 0.450638 0.102283
0 0.353577 0.168671 0.396334 0.165801 0.398630 0.186463 0.355012 0.189045 0.353577 0.168671
0 0.370262 0.160902 0.375723 0.151741 0.385765 0.157026 0.380832 0.166011 0.370262 0.160902
3 0.368808 0.618863 0.378321 0.612697 0.385720 0.625381 0.376735 0.630666 0.368808 0.618863
0 0.257695 0.175070 0.290072 0.161355 0.304477 0.186035 0.286475 0.195306 0.279730 0.186537 0.266464 0.193732 0.257695 0.175070
0 0.302804 0.187771 0.325970 0.186658 0.326133 0.196010 0.300839 0.196199 0.302804 0.187771
0 0.234954 0.149769 0.249928 0.137965 0.264198 0.153644 0.249752 0.164391 0.234954 0.149769
0 0.127720 0.125566 0.144280 0.125213 0.141638 0.140364 0.128072 0.141245 0.127720 0.125566
0 0.034694 0.169147 0.058160 0.157690 0.068650 0.180465 0.053329 0.188747 0.048636 0.178395 0.042424 0.181984 0.034694 0.169147
0 0.068258 0.187259 0.096380 0.178364 0.098389 0.186685 0.106137 0.185251 0.109294 0.196729 0.102693 0.198738 0.105850 0.203616 0.095806 0.207634 0.093224 0.204477 0.074858 0.208494 0.068258 0.187259
0 0.000007 0.242068 0.005647 0.241428 0.007504 0.259031 0.000007 0.259802 0.000007 0.242068
0 0.165166 0.192122 0.179107 0.192572 0.179331 0.188974 0.186526 0.187850 0.185627 0.179981 0.198443 0.179756 0.196644 0.167165 0.204289 0.166265 0.208111 0.215056 0.170488 0.216017 0.165166 0.192122
0 0.207531 0.179274 0.209252 0.175830 0.210687 0.173535 0.215566 0.174109 0.215279 0.164352 0.235079 0.166648 0.236227 0.195918 0.218435 0.197065 0.217000 0.186735 0.213270 0.186161 0.207531 0.179274
0 0.237950 0.181993 0.257328 0.180936 0.260323 0.193444 0.258914 0.205071 0.234426 0.205071 0.233193 0.198025 0.237421 0.193444 0.237950 0.181993
0 0.285935 0.207019 0.325283 0.207019 0.326632 0.224557 0.319212 0.226356 0.319887 0.243219 0.300325 0.242095 0.294929 0.234675 0.287060 0.234900 0.275143 0.217812 0.280314 0.214439 0.281439 0.207244 0.285935 0.207019
0 0.232226 0.229887 0.269775 0.213698 0.294957 0.246975 0.276745 0.252820 0.270449 0.245625 0.246616 0.253720 0.232226 0.229887
0 0.314074 0.263664 0.330937 0.267712 0.327790 0.279178 0.310702 0.276031 0.314074 0.263664
0 0.240932 0.284122 0.258020 0.277377 0.273759 0.314251 0.257345 0.320771 0.240932 0.284122
0 0.202655 0.313178 0.230536 0.295865 0.239529 0.309581 0.209625 0.327793 0.202655 0.313178
0 0.212324 0.341958 0.234808 0.328917 0.244701 0.347579 0.234358 0.352750 0.230311 0.346005 0.219968 0.351401 0.212324 0.341958
0 0.204547 0.224719 0.216464 0.217075 0.225458 0.228766 0.211293 0.237310 0.204547 0.224719
0 0.112362 0.248552 0.149911 0.237760 0.156207 0.258670 0.119108 0.267214 0.112362 0.248552
0 0.155082 0.235736 0.185436 0.228317 0.187684 0.252375 0.159804 0.257321 0.155082 0.235736
0 0.085929 0.256581 0.095253 0.255976 0.094831 0.246128 0.102006 0.246269 0.102850 0.256539 0.109987 0.256581 0.114259 0.303348 0.084805 0.306271 0.082556 0.277941 0.086603 0.277042 0.085929 0.256581
0 0.114084 0.275540 0.136180 0.268940 0.147658 0.284723 0.144789 0.292471 0.131015 0.292471 0.131302 0.284149 0.114945 0.286444 0.114084 0.275540
0 0.149667 0.263201 0.175781 0.258609 0.178363 0.281279 0.154258 0.283288 0.149667 0.263201
0 0.103685 0.307510 0.114431 0.305572 0.114960 0.320547 0.132400 0.319137 0.133281 0.334816 0.117074 0.335521 0.116545 0.339749 0.102099 0.339573 0.103685 0.307510
0 0.096650 0.355169 0.114188 0.355843 0.113738 0.370008 0.097774 0.369784 0.096650 0.355169
0 0.043264 0.347580 0.073108 0.353319 0.074830 0.367667 0.072247 0.377998 0.040968 0.371972 0.043264 0.347580
0 0.050870 0.409487 0.079875 0.403192 0.083922 0.423652 0.054692 0.427475 0.050870 0.409487
0 0.590051 0.098720 0.587591 0.094269 0.595322 0.090755 0.597314 0.096495 0.590051 0.098720
0 0.429726 0.227336 0.423399 0.219101 0.433772 0.212142 0.439858 0.220517 0.429726 0.227336
0 0.135049 0.185905 0.147833 0.182280 0.153367 0.195637 0.141727 0.200980 0.135049 0.185905
0 0.099043 0.463542 0.111845 0.461094 0.116176 0.479168 0.105444 0.480863 0.099043 0.463542
0 0.105567 0.481865 0.114493 0.480011 0.119474 0.494863 0.109875 0.496221 0.105567 0.481865
0 0.098464 0.508356 0.092306 0.489157 0.100547 0.487437 0.108245 0.506636 0.098464 0.508356
0 0.066609 0.482226 0.052301 0.482602 0.050042 0.444760 0.083930 0.442125 0.087319 0.464529 0.065480 0.464905 0.066609 0.482226
0 0.083363 0.465593 0.091967 0.463963 0.096042 0.479268 0.086352 0.480354 0.083363 0.465593
0 0.203347 0.363428 0.234017 0.359629 0.235142 0.367789 0.241895 0.367789 0.240066 0.357941 0.252869 0.355690 0.253713 0.376793 0.235986 0.380451 0.236830 0.387486 0.203347 0.390862 0.203347 0.363428
0 0.186183 0.354565 0.201940 0.352032 0.202080 0.369477 0.171551 0.373980 0.170988 0.364975 0.187871 0.363850 0.186183 0.354565
0 0.065994 0.251826 0.085004 0.251791 0.085410 0.260047 0.066805 0.261765 0.065994 0.251826
0 0.084103 0.212786 0.104503 0.209128 0.107880 0.214052 0.109005 0.229809 0.087199 0.231357 0.084103 0.212786
0 0.102112 0.208425 0.101549 0.207159 0.112945 0.202375 0.119276 0.213208 0.108333 0.216626 0.108010 0.213922 0.104731 0.208868 0.102175 0.209385 0.102112 0.208425
0 0.108333 0.216626 0.136525 0.208045 0.145458 0.231866 0.114463 0.239581 0.108333 0.216626
0 0.136712 0.204816 0.159785 0.198345 0.172306 0.222543 0.148670 0.231406 0.136712 0.204816
4 0.572048 0.000002 0.572088 0.001756 0.551580 0.002310 0.550994 0.000002 0.572048 0.000002
