0 0.000006 0.793334 0.004206 0.792983 0.004675 0.794975 0.010649 0.794975 0.012098 0.809049 0.008473 0.809812 0.000006 0.812291 0.000006 0.793334
0 0.018256 0.809687 0.013867 0.791559 0.025698 0.788506 0.027224 0.794612 0.032758 0.794230 0.037147 0.806824 0.019019 0.810259 0.018256 0.809687
0 0.013867 0.791559 0.018256 0.809687 0.015186 0.810718 0.011671 0.793732 0.013867 0.791559
0 0.127894 0.762351 0.125604 0.790211 0.118544 0.797843 0.117399 0.799179 0.111293 0.795172 0.110156 0.795430 0.109863 0.776357 0.114919 0.757390 0.127894 0.762351
0 0.051210 0.850362 0.055837 0.842325 0.090907 0.859860 0.082139 0.872280 0.067771 0.861565 0.063367 0.857968 0.051210 0.850362
3 0.304700 0.944992 0.304700 0.926970 0.317851 0.925752 0.319069 0.946696 0.304700 0.944992
3 0.304700 0.944992 0.319069 0.946696 0.318015 0.950796 0.303957 0.949274 0.304700 0.944992
3 0.317898 0.928304 0.324692 0.928422 0.325395 0.945642 0.318835 0.944588 0.317898 0.928304
0 0.345883 0.891276 0.347028 0.871813 0.363629 0.872767 0.364011 0.877919 0.372216 0.878873 0.371262 0.894139 0.345692 0.892230 0.345883 0.891276
3 0.207283 0.871180 0.215613 0.855709 0.207679 0.838255 0.214026 0.835081 0.220770 0.848569 0.213630 0.872370 0.207283 0.871180
3 0.213630 0.872370 0.220770 0.848569 0.214026 0.835081 0.221167 0.833494 0.226721 0.848965 0.221949 0.859797 0.226721 0.873561 0.213630 0.872370
0 0.235511 0.828152 0.245009 0.840328 0.226500 0.845199 0.221167 0.833494 0.235511 0.828152
0 0.226500 0.845199 0.245009 0.840328 0.247201 0.850313 0.227718 0.854941 0.226500 0.845199
0 0.169076 0.821830 0.164142 0.829754 0.165637 0.836333 0.164669 0.844681 0.154684 0.835670 0.150400 0.836230 0.151434 0.819562 0.147979 0.806377 0.163544 0.804188 0.169076 0.821830
0 0.141788 0.818602 0.139580 0.837666 0.123625 0.839772 0.119887 0.810318 0.137568 0.807842 0.141788 0.818602
0 0.150942 0.819610 0.149912 0.836299 0.140078 0.837598 0.142287 0.818537 0.138066 0.807764 0.147490 0.806445 0.150942 0.819610
0 0.127174 0.785796 0.153125 0.765951 0.158658 0.768432 0.164955 0.777018 0.169726 0.783888 0.139386 0.804878 0.125604 0.790211 0.127174 0.785796
0 0.171349 0.787261 0.189095 0.776956 0.199209 0.791268 0.182608 0.804243 0.171349 0.787261
0 0.183908 0.813995 0.185586 0.813867 0.189106 0.822773 0.190353 0.824021 0.190829 0.827826 0.188042 0.829093 0.188559 0.836082 0.185947 0.845117 0.182690 0.846142 0.164669 0.844681 0.165637 0.836333 0.164142 0.829754 0.169076 0.821830 0.164912 0.807907 0.182690 0.807176 0.183908 0.813995
0 0.202627 0.818096 0.199697 0.819994 0.202297 0.827534 0.205029 0.839092 0.186514 0.844941 0.189053 0.836134 0.188554 0.829397 0.191358 0.828122 0.190817 0.823794 0.189523 0.822500 0.186094 0.813818 0.202417 0.812534 0.202627 0.818096
0 0.214026 0.835081 0.207679 0.838255 0.205498 0.838945 0.202766 0.827398 0.200283 0.820196 0.202656 0.818662 0.202660 0.818866 0.214107 0.818379 0.214026 0.835081
0 0.205275 0.803169 0.197451 0.805077 0.193825 0.797826 0.200695 0.795346 0.199209 0.791268 0.222830 0.782943 0.223975 0.792293 0.217487 0.803742 0.206801 0.807176 0.205275 0.803169
0 0.170164 0.774737 0.165966 0.769585 0.177415 0.763288 0.180277 0.768822 0.170164 0.774737
0 0.170164 0.774737 0.180277 0.768822 0.180468 0.776264 0.172645 0.780462 0.170164 0.774737
0 0.160623 0.748786 0.179133 0.737337 0.201458 0.757564 0.192871 0.764052 0.193825 0.766914 0.183903 0.774737 0.167302 0.755465 0.153125 0.765951 0.145930 0.758518 0.160623 0.748786
0 0.410447 0.586953 0.420913 0.577533 0.427641 0.585458 0.435116 0.589195 0.425847 0.605043 0.418072 0.601605 0.410148 0.587551 0.410447 0.586953
0 0.420913 0.577533 0.424651 0.575739 0.438256 0.586654 0.435116 0.589195 0.427641 0.585458 0.420913 0.577533
0 0.260435 0.704027 0.268957 0.695355 0.275984 0.700139 0.281665 0.705671 0.271798 0.716137 0.261930 0.709110 0.260285 0.703578 0.260435 0.704027
0 0.234523 0.719167 0.246185 0.710346 0.248578 0.713037 0.260090 0.705861 0.261930 0.709110 0.270406 0.723354 0.251269 0.737408 0.253755 0.748137 0.243187 0.755597 0.233863 0.743785 0.242255 0.736637 0.231998 0.722028 0.234523 0.719167
0 0.229194 0.778724 0.252219 0.780070 0.249976 0.794871 0.227251 0.793974 0.229194 0.778724
0 0.229194 0.778724 0.227251 0.793974 0.224111 0.793825 0.223975 0.792293 0.222830 0.782943 0.222915 0.778575 0.229194 0.778724
0 0.225139 0.814784 0.224111 0.793825 0.249976 0.794871 0.247865 0.813139 0.225139 0.814784
0 0.225139 0.814784 0.217813 0.815830 0.217813 0.813289 0.214823 0.810747 0.217487 0.803742 0.223975 0.792293 0.225139 0.814784
0 0.223071 0.862995 0.221949 0.859797 0.224243 0.854912 0.239472 0.862293 0.234435 0.869438 0.223071 0.862995
0 0.215361 0.820529 0.224520 0.818430 0.230626 0.829498 0.221167 0.833494 0.214026 0.835081 0.214216 0.820720 0.215361 0.820529
3 0.268313 0.820490 0.275619 0.825605 0.289744 0.841922 0.290231 0.851176 0.281951 0.855560 0.271479 0.859456 0.265877 0.860918 0.258815 0.859700 0.261006 0.868711 0.254674 0.874556 0.252726 0.875773 0.246881 0.871633 0.240062 0.852637 0.247201 0.850313 0.246394 0.845331 0.245009 0.840328 0.253944 0.832667 0.253887 0.832617 0.258094 0.832012 0.260939 0.827099 0.266572 0.820420 0.268313 0.820490
0 0.262468 0.820247 0.265957 0.820391 0.260538 0.826817 0.257790 0.831562 0.247994 0.824663 0.251540 0.816859 0.262468 0.820247
0 0.262766 0.806199 0.266205 0.800967 0.281006 0.810236 0.277119 0.815619 0.262766 0.806199
0 0.255358 0.793671 0.258404 0.784886 0.267892 0.787931 0.264378 0.798943 0.254655 0.796132 0.255358 0.793671
0 0.261955 0.772981 0.264878 0.765431 0.269018 0.765918 0.275837 0.756177 0.281682 0.758125 0.289232 0.750088 0.297755 0.755203 0.292885 0.768841 0.284848 0.772007 0.277785 0.786132 0.268531 0.783940 0.268774 0.779069 0.262199 0.776390 0.261955 0.772981
0 0.232819 0.757160 0.237005 0.753273 0.244780 0.756562 0.239696 0.760599 0.232819 0.757160
0 0.239696 0.760599 0.244780 0.756562 0.246574 0.761945 0.241490 0.765682 0.239696 0.760599
0 0.906526 0.232499 0.900364 0.221287 0.909758 0.216438 0.916526 0.227044 0.906526 0.232499
0 0.921077 0.216730 0.915605 0.209798 0.919472 0.206953 0.930635 0.220305 0.927032 0.223544 0.921077 0.216730
3 0.400594 0.876126 0.400874 0.866057 0.413739 0.866477 0.413179 0.877244 0.400594 0.876126
0 0.098185 0.769185 0.109863 0.776357 0.109700 0.787973 0.108286 0.788579 0.107478 0.792922 0.100104 0.801104 0.088488 0.800801 0.090104 0.785548 0.095155 0.771609 0.098185 0.769185
0 0.372937 0.666032 0.378071 0.658845 0.384488 0.666289 0.377814 0.671935 0.372937 0.666032
0 0.386541 0.650632 0.399374 0.639852 0.409128 0.648065 0.397064 0.660385 0.386541 0.650632
0 0.290290 0.714799 0.302866 0.703763 0.308513 0.708126 0.321603 0.693239 0.329560 0.701453 0.305690 0.726093 0.290290 0.714799
0 0.287723 0.725580 0.293626 0.728916 0.294653 0.737130 0.275659 0.753300 0.264623 0.740210 0.266163 0.734820 0.277456 0.726350 0.281306 0.730456 0.287723 0.725580
0 0.264879 0.743033 0.275659 0.753300 0.269499 0.758177 0.259746 0.751760 0.264879 0.743033
