0 0.001876 0.116696 0.017106 0.117318 0.016174 0.135035 0.000010 0.134413 0.000010 0.117231 0.001876 0.116696
0 0.076784 0.107061 0.106623 0.120737 0.097609 0.142184 0.096092 0.142021 0.063729 0.128197 0.073676 0.107061 0.076784 0.107061
0 0.071500 0.161455 0.083441 0.136672 0.094501 0.141251 0.084219 0.167311 0.071500 0.161455
4 0.000629 0.088998 0.010361 0.088998 0.012078 0.089189 0.012651 0.095677 0.000439 0.096249 0.000629 0.088998
0 0.201549 0.067152 0.214716 0.062382 0.230554 0.071732 0.231317 0.085089 0.226546 0.090051 0.207465 0.096157 0.189528 0.081845 0.201549 0.067152
0 0.007579 0.952911 0.021755 0.937215 0.045045 0.955948 0.038463 0.963037 0.030362 0.971644 0.007579 0.952911
0 0.009776 0.819947 0.035561 0.808442 0.043495 0.821930 0.017313 0.834624 0.009776 0.819947
0 0.028421 0.849302 0.045479 0.856839 0.041512 0.865567 0.022867 0.857633 0.028421 0.849302
0 0.060950 0.800508 0.068487 0.809633 0.056586 0.817566 0.043495 0.821930 0.035561 0.808442 0.060950 0.800508
0 0.106173 0.841368 0.121248 0.844939 0.125215 0.852872 0.118867 0.861600 0.100619 0.856443 0.099033 0.854856 0.104190 0.840972 0.106173 0.841368
0 0.084751 0.869534 0.085148 0.856443 0.100619 0.856443 0.118867 0.861600 0.116350 0.875032 0.094272 0.873501 0.084751 0.874691 0.084751 0.869534
0 0.116350 0.875032 0.122438 0.875484 0.122834 0.889765 0.094272 0.888972 0.094272 0.873501 0.116350 0.875032
0 0.157768 0.773808 0.177972 0.774741 0.179215 0.786552 0.158390 0.786241 0.157147 0.783133 0.157768 0.773808
0 0.793513 0.999005 0.806113 0.988605 0.817532 0.999005 0.793513 0.999005
0 0.778338 0.999005 0.802780 0.974701 0.811778 0.984320 0.806113 0.988605 0.793513 0.999005 0.778338 0.999005
0 0.766006 0.965204 0.780131 0.948399 0.803510 0.965691 0.788898 0.982738 0.766006 0.965204
0 0.772825 0.903832 0.785245 0.911382 0.777208 0.925020 0.760648 0.917227 0.768198 0.904563 0.772825 0.903832
0 0.741165 0.935492 0.743844 0.933300 0.764057 0.956193 0.742139 0.978111 0.732641 0.974458 0.731423 0.967882 0.718516 0.956680 0.741165 0.935492
0 0.721925 0.968369 0.722900 0.967882 0.735564 0.977624 0.728988 0.986148 0.715106 0.976163 0.721925 0.968369
0 0.722643 0.907690 0.742613 0.916945 0.729949 0.938376 0.710222 0.930096 0.711440 0.926930 0.704377 0.923277 0.706813 0.918650 0.702916 0.916214 0.708274 0.906473 0.719233 0.913535 0.722643 0.907690
0 0.696097 0.915971 0.706813 0.918650 0.704377 0.923277 0.711440 0.926930 0.701211 0.935210 0.689278 0.927904 0.696097 0.915971
0 0.674648 0.885408 0.675892 0.883544 0.697027 0.893801 0.684905 0.915558 0.666256 0.903747 0.674648 0.885408
0 0.616525 0.862097 0.636106 0.867381 0.639525 0.873908 0.642634 0.883233 0.632376 0.898152 0.604402 0.890071 0.611862 0.861475 0.616525 0.862097
0 0.847817 0.764331 0.860238 0.769689 0.863891 0.776265 0.859507 0.784789 0.841729 0.776508 0.847817 0.764331
0 0.826386 0.751911 0.827117 0.751667 0.847817 0.764331 0.841729 0.776508 0.826873 0.769689 0.818106 0.762627 0.826386 0.751911
0 0.806114 0.766897 0.808139 0.765885 0.823328 0.787656 0.794469 0.803351 0.779281 0.781580 0.806114 0.766897
0 0.768648 0.775504 0.757004 0.755759 0.768648 0.748164 0.765611 0.742089 0.779787 0.735507 0.783837 0.741583 0.790925 0.737532 0.803583 0.762341 0.793963 0.771454 0.779281 0.781580 0.768648 0.775504
4 0.885417 0.670822 0.886944 0.669868 0.890379 0.675402 0.873205 0.685324 0.870343 0.681126 0.885417 0.670822
4 0.877021 0.682844 0.886753 0.684752 0.884463 0.694293 0.874541 0.692194 0.877021 0.682844
0 0.785158 0.732338 0.792028 0.721461 0.812445 0.733101 0.813972 0.740352 0.802702 0.760529 0.795788 0.747149 0.795844 0.741116 0.785158 0.735009 0.785158 0.732338
0 0.867004 0.627928 0.884782 0.631338 0.885756 0.645219 0.878207 0.656422 0.859942 0.650821 0.863838 0.639861 0.864812 0.637182 0.867004 0.627928
0 0.844112 0.623301 0.864325 0.626710 0.864812 0.637182 0.859942 0.650821 0.833640 0.645706 0.834614 0.631581 0.836318 0.627197 0.844112 0.623301
0 0.749652 0.797364 0.755497 0.799799 0.757445 0.806131 0.764995 0.803209 0.777415 0.829023 0.769622 0.832677 0.770109 0.837304 0.759881 0.842418 0.755741 0.837547 0.751113 0.840470 0.744538 0.840470 0.734796 0.827075 0.733092 0.817090 0.739911 0.813437 0.740154 0.801747 0.749652 0.797364
0 0.656545 0.726215 0.668356 0.727859 0.672991 0.729056 0.673439 0.737578 0.669253 0.741764 0.655349 0.740568 0.656545 0.726215
0 0.704769 0.827250 0.724333 0.832873 0.726207 0.835918 0.725855 0.844470 0.721170 0.847164 0.696921 0.839667 0.701021 0.826429 0.704769 0.827250
0 0.654268 0.862601 0.656959 0.849444 0.670116 0.851537 0.672808 0.857817 0.671911 0.866787 0.654268 0.862601
0 0.689735 0.796862 0.698638 0.797682 0.699341 0.797917 0.698638 0.820409 0.683643 0.819940 0.687392 0.797214 0.689735 0.796862
0 0.683643 0.819940 0.698638 0.820409 0.701021 0.826429 0.696921 0.839667 0.681769 0.840792 0.681300 0.836223 0.681417 0.822986 0.683643 0.819940
0 0.654268 0.862601 0.638120 0.857529 0.641228 0.845407 0.656959 0.849444 0.654268 0.862601
0 0.616052 0.841056 0.634701 0.844475 0.633769 0.854110 0.625998 0.854110 0.613255 0.850691 0.616052 0.841056
0 0.465840 0.930414 0.478261 0.932362 0.478017 0.935285 0.496039 0.939912 0.498231 0.936989 0.509921 0.936015 0.509677 0.939912 0.510651 0.942104 0.534669 0.943165 0.531851 0.960420 0.498718 0.953550 0.497744 0.955742 0.489951 0.957447 0.458778 0.952576 0.460970 0.930657 0.465840 0.930414
0 0.371162 0.999007 0.365880 0.997036 0.365295 0.992936 0.359320 0.988250 0.358383 0.984385 0.365060 0.979113 0.365763 0.979347 0.381344 0.991765 0.381578 0.995162 0.378886 0.999007 0.371162 0.999007
0 0.503881 0.999008 0.505132 0.991509 0.514482 0.991318 0.514482 0.994371 0.520779 0.996470 0.531656 0.996661 0.532058 0.999008 0.503881 0.999008
0 0.377854 0.907508 0.378751 0.905565 0.386077 0.909751 0.386077 0.912891 0.379499 0.921861 0.371425 0.916628 0.377854 0.907508
0 0.508576 0.781775 0.515827 0.770899 0.518935 0.770261 0.529566 0.773379 0.526703 0.778913 0.536435 0.786546 0.540061 0.780058 0.548457 0.783874 0.564867 0.789408 0.564867 0.791507 0.574026 0.796850 0.569522 0.805780 0.547503 0.797422 0.542350 0.811733 0.506477 0.784065 0.508576 0.781775
0 0.542350 0.811733 0.547503 0.797422 0.569522 0.805780 0.576416 0.807943 0.570401 0.828525 0.542350 0.811733
0 0.518935 0.770261 0.523286 0.755341 0.535719 0.757206 0.529566 0.773379 0.518935 0.770261
0 0.262470 0.743024 0.271552 0.741630 0.274971 0.748158 0.266268 0.791673 0.248862 0.791673 0.260362 0.753752 0.259948 0.750989 0.260380 0.747335 0.262470 0.743024
0 0.266104 0.724158 0.275827 0.723455 0.278405 0.726383 0.279576 0.734701 0.266573 0.735638 0.266104 0.724158
0 0.275630 0.738126 0.296649 0.736841 0.304147 0.737924 0.306071 0.754265 0.306826 0.758868 0.276384 0.761791 0.275630 0.738126
0 0.304147 0.737924 0.312184 0.736463 0.325335 0.735976 0.327527 0.742064 0.324515 0.752576 0.315430 0.752564 0.306071 0.754265 0.304147 0.737924
0 0.315430 0.752564 0.324515 0.752576 0.324632 0.757345 0.319518 0.760576 0.306826 0.758868 0.306071 0.754265 0.315430 0.752564
0 0.337354 0.753310 0.337723 0.747989 0.369648 0.753609 0.365911 0.789043 0.335111 0.781119 0.336274 0.764049 0.337354 0.753310
0 0.371094 0.761052 0.393409 0.763898 0.400804 0.770883 0.396736 0.780637 0.391933 0.779582 0.389367 0.801463 0.377555 0.799288 0.380664 0.776908 0.369540 0.771608 0.369671 0.766636 0.371094 0.761052
0 0.441896 0.711014 0.464586 0.715676 0.465829 0.727488 0.460234 0.738988 0.436612 0.730596 0.441896 0.711014
0 0.431134 0.710663 0.438477 0.711325 0.440342 0.716920 0.436612 0.730596 0.419516 0.726555 0.420760 0.714286 0.421381 0.710392 0.431134 0.710663
0 0.408420 0.731578 0.432463 0.738447 0.428647 0.755430 0.423304 0.753713 0.421968 0.757911 0.414144 0.755812 0.415350 0.751259 0.404760 0.747884 0.406037 0.741078 0.408420 0.731578
0 0.397964 0.737991 0.406037 0.741078 0.404760 0.747884 0.400804 0.770883 0.393409 0.763898 0.397964 0.737991
0 0.380700 0.752285 0.385152 0.749942 0.385269 0.749005 0.387846 0.748887 0.388315 0.750410 0.392649 0.751465 0.392415 0.760016 0.387495 0.762476 0.379646 0.759196 0.380700 0.752285
0 0.420313 0.699956 0.425554 0.697956 0.431997 0.701704 0.431134 0.710663 0.421381 0.710392 0.420313 0.699956
0 0.410377 0.700414 0.412698 0.699019 0.420313 0.699956 0.421381 0.710392 0.418790 0.721745 0.409594 0.720374 0.410377 0.700414
0 0.400691 0.700342 0.408305 0.698819 0.410377 0.700414 0.409594 0.720374 0.403619 0.724826 0.395653 0.721545 0.394833 0.713345 0.400691 0.700342
0 0.340569 0.733120 0.340752 0.732478 0.371776 0.729908 0.369648 0.753609 0.337723 0.747989 0.338400 0.742567 0.340569 0.733120
0 0.324632 0.757345 0.324515 0.752576 0.327527 0.742064 0.338400 0.742567 0.337723 0.747989 0.337354 0.753310 0.336274 0.764049 0.328146 0.768156 0.325335 0.768273 0.324632 0.757345
0 0.347024 0.669121 0.356183 0.669693 0.356183 0.681905 0.351985 0.703086 0.340918 0.702514 0.337865 0.701369 0.342063 0.695263 0.336720 0.695453 0.337975 0.687267 0.343780 0.687630 0.343971 0.676944 0.345688 0.668930 0.347024 0.669121
0 0.323362 0.676562 0.337483 0.674273 0.343780 0.678852 0.342635 0.685722 0.337975 0.687267 0.334621 0.689538 0.325080 0.687057 0.323362 0.676562
0 0.371226 0.926973 0.375672 0.919660 0.383114 0.923858 0.388075 0.915844 0.390365 0.912600 0.398570 0.916607 0.398941 0.939775 0.371226 0.926973
0 0.366961 0.925595 0.371226 0.926973 0.398941 0.939775 0.402915 0.941405 0.395523 0.958131 0.359197 0.937568 0.366961 0.925595
0 0.633747 0.659499 0.694047 0.667269 0.685654 0.708298 0.625977 0.698352 0.626909 0.693068 0.616030 0.691514 0.618828 0.665404 0.632815 0.665404 0.633747 0.659499
0 0.588056 0.659810 0.589921 0.657945 0.610125 0.673175 0.593651 0.693378 0.588056 0.689027 0.586191 0.691203 0.580286 0.686851 0.579975 0.684986 0.574380 0.678770 0.588056 0.659810
0 0.661511 0.626528 0.664557 0.624654 0.668657 0.629223 0.674631 0.630394 0.679200 0.633323 0.686112 0.645506 0.683417 0.648434 0.683535 0.651714 0.668188 0.661789 0.657763 0.662843 0.639605 0.641523 0.661511 0.626528
0 0.726614 0.607362 0.730430 0.603545 0.743215 0.613659 0.731003 0.628543 0.719363 0.616521 0.726614 0.607362
0 0.851007 0.587193 0.852203 0.587642 0.851306 0.598257 0.837103 0.622777 0.825142 0.620683 0.825291 0.617245 0.832468 0.583904 0.851007 0.587193
0 0.660584 0.557717 0.679625 0.555336 0.683592 0.592626 0.665741 0.595799 0.660584 0.557717
0 0.684230 0.546840 0.696522 0.545067 0.704457 0.544359 0.708464 0.567258 0.687665 0.568975 0.684230 0.546840
0 0.673873 0.503665 0.705533 0.498064 0.712595 0.539111 0.704802 0.539952 0.704457 0.544359 0.696522 0.545067 0.695791 0.540927 0.681666 0.544093 0.672412 0.505127 0.673873 0.503665
0 0.167131 0.716838 0.170121 0.725210 0.170270 0.735377 0.136631 0.733882 0.136332 0.714894 0.149339 0.715941 0.149040 0.714147 0.154123 0.714147 0.154422 0.716240 0.167131 0.716838
0 0.102839 0.675917 0.115990 0.679327 0.125126 0.679821 0.134743 0.680788 0.131090 0.696374 0.118669 0.694913 0.116477 0.697105 0.100404 0.695157 0.102839 0.675917
0 0.113068 0.709769 0.116477 0.697105 0.118669 0.694913 0.131090 0.696374 0.131333 0.706847 0.129141 0.713909 0.115747 0.712448 0.113068 0.709769
0 0.111363 0.633542 0.111120 0.630863 0.125975 0.628671 0.131820 0.638169 0.134743 0.680788 0.125126 0.679821 0.115990 0.679327 0.111363 0.633542
0 0.131090 0.696374 0.134743 0.680788 0.140101 0.682249 0.154469 0.682736 0.155443 0.692721 0.155687 0.698810 0.131090 0.696374
0 0.255911 0.041253 0.257497 0.035302 0.271778 0.041649 0.266225 0.053550 0.272969 0.056724 0.266225 0.066641 0.248373 0.057120 0.255911 0.041253
0 0.268211 0.086530 0.271782 0.087720 0.275748 0.077406 0.281699 0.080976 0.279715 0.096447 0.289633 0.100811 0.264641 0.130563 0.249124 0.147024 0.228938 0.136514 0.268211 0.086530
0 0.249124 0.147024 0.264641 0.130563 0.292806 0.153175 0.272972 0.177770 0.244409 0.153175 0.249124 0.147024
0 0.299610 0.177524 0.311422 0.184673 0.322300 0.168199 0.340328 0.180321 0.375762 0.162605 0.380113 0.175970 0.334112 0.202701 0.329449 0.200525 0.317949 0.213579 0.302408 0.203944 0.303962 0.197417 0.278475 0.178146 0.289043 0.166956 0.299610 0.177524
0 0.273020 0.006594 0.273974 0.007167 0.276645 0.003541 0.281034 0.006976 0.280271 0.012319 0.276264 0.018425 0.269394 0.013464 0.273020 0.006594
4 0.305840 0.029492 0.312710 0.031973 0.316526 0.038270 0.315572 0.041895 0.304314 0.039987 0.305840 0.029492
0 0.431322 0.348808 0.432565 0.347565 0.458675 0.366835 0.446242 0.382687 0.418889 0.365281 0.431322 0.348808
0 0.326575 0.375538 0.333724 0.368700 0.338697 0.373674 0.331859 0.380201 0.326575 0.375538
0 0.348333 0.332023 0.359522 0.342281 0.346779 0.352227 0.336211 0.341659 0.348333 0.332023
0 0.325996 0.381580 0.335942 0.382202 0.337807 0.390283 0.320712 0.403338 0.311077 0.392459 0.325996 0.381580
0 0.584193 0.356199 0.589550 0.368133 0.594908 0.368376 0.605867 0.387128 0.594908 0.395165 0.597587 0.400279 0.593934 0.401254 0.591986 0.396870 0.581514 0.401497 0.560813 0.369350 0.584193 0.356199
0 0.609049 0.547900 0.612484 0.543825 0.636264 0.549942 0.642907 0.552984 0.632339 0.572566 0.620528 0.571012 0.616177 0.575053 0.609960 0.584688 0.612136 0.585931 0.609028 0.589972 0.585716 0.575985 0.609049 0.547900
0 0.490915 0.589350 0.497132 0.581269 0.511740 0.591526 0.506767 0.601783 0.489672 0.590283 0.490915 0.589350
0 0.493606 0.535249 0.494228 0.534316 0.508837 0.534316 0.508526 0.546127 0.493917 0.544884 0.493606 0.535249
0 0.617701 0.618118 0.616240 0.616170 0.616970 0.614709 0.623546 0.611056 0.642174 0.622453 0.634262 0.629808 0.617701 0.618118
0 0.628646 0.604098 0.632429 0.597853 0.642158 0.601801 0.648581 0.606441 0.642174 0.622453 0.623546 0.611056 0.628646 0.604098
0 0.655321 0.536395 0.655206 0.547249 0.636264 0.549942 0.631339 0.533611 0.655321 0.536395
0 0.613074 0.532393 0.631339 0.533611 0.636264 0.549942 0.612484 0.543825 0.613074 0.532393
0 0.620943 0.596190 0.629465 0.596938 0.632429 0.597853 0.628646 0.604098 0.623546 0.611056 0.618700 0.608599 0.616308 0.601573 0.620943 0.596190
4 0.836422 0.650497 0.854961 0.650796 0.855260 0.655431 0.834478 0.655580 0.834927 0.650198 0.836422 0.650497
0 0.425970 0.225494 0.428649 0.224033 0.445696 0.243272 0.433763 0.253744 0.416472 0.234505 0.425970 0.225494
0 0.436442 0.225738 0.455682 0.208447 0.471755 0.222572 0.473216 0.225494 0.451298 0.244977 0.433763 0.228660 0.436442 0.225738
0 0.495865 0.176056 0.504145 0.183606 0.493673 0.192860 0.483201 0.183849 0.493430 0.174595 0.495865 0.176056
0 0.564411 0.321639 0.564221 0.321830 0.575288 0.336523 0.565366 0.342247 0.555634 0.328127 0.564411 0.321639
0 0.669472 0.358662 0.669662 0.358853 0.670807 0.357708 0.679203 0.372210 0.668327 0.377553 0.661075 0.362669 0.669472 0.358662
0 0.608632 0.260115 0.631459 0.260595 0.636039 0.330053 0.621346 0.330244 0.619819 0.304865 0.602836 0.305247 0.603381 0.261366 0.608632 0.260115
0 0.627169 0.144249 0.650964 0.148299 0.646253 0.219395 0.624620 0.218597 0.623642 0.167822 0.627169 0.144249
0 0.589173 0.140762 0.615904 0.149775 0.601606 0.180858 0.579227 0.172776 0.588241 0.156303 0.583268 0.154438 0.589173 0.140762
0 0.658798 0.137032 0.684823 0.140480 0.695039 0.146189 0.709919 0.154501 0.709077 0.165544 0.680151 0.155760 0.678690 0.158789 0.655689 0.158478 0.658798 0.137032
0 0.590146 0.214958 0.616565 0.219932 0.622471 0.225526 0.622160 0.232054 0.616876 0.237027 0.585483 0.230810 0.587037 0.215580 0.590146 0.214958
0 0.628531 0.509459 0.664984 0.507940 0.672579 0.520597 0.666503 0.536799 0.655321 0.536395 0.631339 0.533611 0.628531 0.509459
0 0.484997 0.793277 0.493417 0.784856 0.512697 0.798817 0.505605 0.805908 0.484997 0.793277
0 0.542613 0.828068 0.558789 0.834938 0.554579 0.843137 0.552806 0.850007 0.536186 0.847569 0.536408 0.834938 0.541283 0.836711 0.542613 0.828068
0 0.597312 0.817493 0.614277 0.822908 0.605975 0.844926 0.586483 0.835541 0.597312 0.817493
0 0.527160 0.925324 0.546986 0.925324 0.546986 0.942837 0.534669 0.943165 0.527821 0.942837 0.527160 0.925324
