0 0.686525 0.531154 0.685468 0.512128 0.699562 0.512656 0.700795 0.530273 0.686525 0.531154
0 0.696743 0.542781 0.696567 0.531506 0.702909 0.530978 0.701852 0.516180 0.719645 0.515651 0.720390 0.541704 0.696743 0.542781
3 0.771697 0.660375 0.768540 0.620201 0.786906 0.618479 0.791784 0.637418 0.784323 0.639140 0.784036 0.644018 0.790636 0.643445 0.790636 0.661236 0.771697 0.660375
1 0.790517 0.719106 0.792525 0.701315 0.807160 0.702749 0.804291 0.720828 0.790517 0.719106
0 0.956381 0.779603 0.954357 0.766787 0.962227 0.765438 0.955706 0.727890 0.957505 0.726765 0.954357 0.716198 0.955706 0.713500 0.949186 0.700009 0.958854 0.695063 0.969871 0.712151 0.972794 0.711476 0.983362 0.749025 0.975267 0.750599 0.977066 0.764764 0.965150 0.767012 0.964925 0.778929 0.956381 0.779603
3 0.775531 0.750615 0.781602 0.740048 0.807009 0.758485 0.802287 0.769052 0.775531 0.750615
0 0.721324 0.907797 0.720444 0.884895 0.745636 0.885776 0.745812 0.906564 0.721324 0.907797
0 0.770360 0.956468 0.784163 0.953155 0.787200 0.966130 0.773534 0.969443 0.770360 0.956468
0 0.802201 0.987969 0.798750 0.972923 0.818489 0.967126 0.822354 0.983414 0.818074 0.984518 0.819041 0.988383 0.808826 0.991557 0.806204 0.986588 0.802201 0.987969
0 0.820363 0.970517 0.875088 0.960784 0.877792 0.977547 0.823066 0.987281 0.820363 0.970517
0 0.794400 0.971707 0.792874 0.952895 0.797705 0.952641 0.798383 0.945946 0.809060 0.944929 0.811009 0.968742 0.794400 0.971707
0 0.837218 0.963857 0.832801 0.948674 0.836113 0.947570 0.835147 0.942462 0.845638 0.939840 0.850883 0.957646 0.845500 0.959440 0.846328 0.963719 0.837218 0.963857
0 0.586609 0.598703 0.594185 0.587957 0.601231 0.595884 0.610921 0.586723 0.628538 0.606278 0.609864 0.623543 0.586609 0.598703
0 0.384408 0.296162 0.397278 0.267285 0.405497 0.270746 0.403226 0.277235 0.423018 0.287401 0.415448 0.308275 0.384408 0.296162
0 0.345325 0.292383 0.345758 0.276160 0.353329 0.276376 0.353653 0.273456 0.370092 0.274321 0.369119 0.296601 0.344352 0.294654 0.345325 0.292383
2 0.443128 0.280391 0.460041 0.262951 0.462859 0.260484 0.473430 0.270174 0.452289 0.290081 0.443128 0.280391
0 0.620964 0.999006 0.619668 0.997754 0.627888 0.993860 0.627996 0.992671 0.645733 0.986182 0.658387 0.993752 0.662572 0.999005 0.620964 0.999006
0 0.359767 0.247548 0.366637 0.238241 0.376166 0.246218 0.369296 0.254196 0.359767 0.247548
0 0.598257 0.578161 0.607183 0.567883 0.616650 0.574375 0.607454 0.586817 0.598257 0.578161
