0 0.034375 0.123037 0.040559 0.136614 0.016136 0.149289 0.003770 0.125330 0.022979 0.114824 0.034375 0.123037
0 0.059727 0.107553 0.070084 0.103998 0.080904 0.133368 0.063437 0.137851 0.049453 0.114180 0.047178 0.105840 0.056636 0.101679 0.059727 0.107553
0 0.046433 0.106162 0.046719 0.106035 0.048965 0.114277 0.034512 0.122539 0.023447 0.114570 0.023556 0.114509 0.017063 0.106935 0.032676 0.099051 0.030666 0.094723 0.038086 0.091786 0.046433 0.106162
0 0.091107 0.138160 0.115530 0.128421 0.123877 0.138469 0.122331 0.148516 0.099454 0.152845 0.091107 0.138160
0 0.114293 0.152535 0.127587 0.150990 0.128360 0.165056 0.114139 0.165366 0.114293 0.152535
0 0.143663 0.131049 0.158657 0.132440 0.158194 0.147589 0.153556 0.147589 0.154020 0.160264 0.144745 0.159492 0.143663 0.131049
0 0.068847 0.084830 0.091570 0.079884 0.098681 0.103534 0.076731 0.108481 0.068847 0.084830
0 0.145982 0.094105 0.168705 0.091322 0.168087 0.109254 0.173961 0.109408 0.174734 0.121620 0.149228 0.123784 0.145982 0.094105
0 0.199775 0.143261 0.210750 0.124402 0.228681 0.136305 0.216779 0.154700 0.199775 0.143261
0 0.185090 0.102607 0.196684 0.094414 0.199312 0.098124 0.209205 0.092868 0.216779 0.104152 0.192974 0.116673 0.185090 0.102607
0 0.138098 0.091786 0.134698 0.076328 0.119858 0.072928 0.121095 0.058861 0.141963 0.053914 0.145209 0.052678 0.162676 0.052059 0.168241 0.089622 0.138098 0.091786
0 0.223463 0.147657 0.231810 0.136219 0.253142 0.150904 0.241085 0.166825 0.227327 0.158787 0.231037 0.154459 0.223463 0.147657
0 0.256233 0.160487 0.263962 0.151367 0.294105 0.177800 0.287149 0.186148 0.256233 0.160487
0 0.233819 0.084899 0.248968 0.077633 0.254069 0.089691 0.247577 0.093864 0.245877 0.090618 0.239230 0.093864 0.233819 0.084899
0 0.244640 0.099893 0.257934 0.090000 0.271691 0.109322 0.256852 0.118597 0.244640 0.099893
0 0.331204 0.134055 0.352999 0.130808 0.358719 0.155850 0.337232 0.160024 0.331204 0.134055
3 0.356864 0.132354 0.367375 0.129108 0.375722 0.164816 0.366139 0.168835 0.356864 0.132354
3 0.374331 0.167598 0.385461 0.164197 0.390717 0.180583 0.378814 0.183829 0.374331 0.167598
