0 0.181849 0.352369 0.144947 0.328426 0.155710 0.312172 0.166253 0.318102 0.170646 0.311293 0.195687 0.326669 0.181849 0.352369
0 0.641670 0.939600 0.641794 0.939651 0.635162 0.958044 0.619180 0.952871 0.626025 0.935186 0.641670 0.939600
0 0.053829 0.941901 0.040650 0.937288 0.048777 0.914883 0.054269 0.915981 0.055367 0.913785 0.062176 0.916640 0.053829 0.941901
0 0.052885 0.999002 0.043520 0.989819 0.059971 0.981458 0.071029 0.993460 0.063830 0.999002 0.052885 0.999002
0 0.042306 0.988605 0.038261 0.984020 0.029091 0.988201 0.020730 0.972558 0.043250 0.961770 0.047835 0.958534 0.059971 0.976738 0.042306 0.988605
4 0.006777 0.994658 0.004105 0.999000 0.000008 0.999000 0.000008 0.991425 0.006777 0.994658
0 0.000008 0.946152 0.009889 0.946505 0.025039 0.951049 0.020589 0.966692 0.020454 0.981930 0.000008 0.977639 0.000008 0.946152
0 0.163316 0.792033 0.166831 0.773363 0.190993 0.779074 0.187259 0.796207 0.163316 0.792033
0 0.138771 0.468565 0.151667 0.455669 0.165684 0.469406 0.161199 0.473891 0.162320 0.478377 0.155872 0.483984 0.138771 0.468565
0 0.118964 0.463235 0.108872 0.444172 0.115040 0.438845 0.141392 0.426230 0.150082 0.445013 0.118964 0.463235
0 0.082975 0.455501 0.079036 0.447622 0.109565 0.432006 0.105626 0.422158 0.120539 0.415123 0.123071 0.422580 0.125322 0.421454 0.129684 0.431162 0.115040 0.438845 0.108872 0.444172 0.082975 0.455501
0 0.000008 0.186170 0.010358 0.176912 0.018518 0.185916 0.020487 0.190559 0.025290 0.197705 0.007454 0.214571 0.000008 0.209028 0.000008 0.186170
0 0.055831 0.192354 0.055831 0.175476 0.073787 0.175835 0.072848 0.191601 0.055831 0.192354
0 0.040749 0.164343 0.040389 0.149799 0.059243 0.150158 0.059243 0.165061 0.040749 0.164343
0 0.116663 0.161380 0.116780 0.168494 0.117022 0.173052 0.080752 0.177720 0.078496 0.165049 0.080254 0.159473 0.112893 0.153121 0.116663 0.161380
0 0.120956 0.182221 0.116780 0.168494 0.116663 0.161380 0.127989 0.159570 0.129678 0.163932 0.139667 0.161118 0.144450 0.176875 0.120956 0.182221
0 0.104255 0.078996 0.114338 0.059975 0.133359 0.071433 0.132671 0.078537 0.125109 0.090225 0.104255 0.078996
0 0.070194 0.070854 0.069609 0.050965 0.104706 0.051843 0.106120 0.062673 0.104317 0.072571 0.070194 0.070854
0 0.033745 0.092534 0.038305 0.071711 0.048836 0.073582 0.049679 0.070100 0.061328 0.072889 0.060376 0.076732 0.066381 0.078319 0.063107 0.098499 0.033745 0.092534
0 0.053859 0.042413 0.045609 0.059830 0.041172 0.058057 0.031157 0.053322 0.026486 0.063147 0.023192 0.070975 0.007665 0.064207 0.014901 0.046768 0.022725 0.050185 0.031806 0.030496 0.053859 0.042413
0 0.026486 0.063147 0.036592 0.068732 0.033666 0.073785 0.023192 0.070975 0.026486 0.063147
