0 0.000007 0.353943 0.007568 0.343516 0.040377 0.364828 0.018569 0.393217 0.000007 0.380944 0.000007 0.353943
0 0.045558 0.551515 0.034068 0.570803 0.001648 0.556645 0.005547 0.546796 0.012523 0.550079 0.019089 0.539204 0.045558 0.551515
0 0.086859 0.615131 0.074423 0.606150 0.081726 0.595392 0.093669 0.604768 0.086859 0.615131
0 0.016936 0.599799 0.029637 0.580414 0.060719 0.595120 0.050024 0.614505 0.016936 0.599799
0 0.000007 0.606635 0.016801 0.607599 0.016640 0.620461 0.000007 0.619818 0.000007 0.606635
0 0.046142 0.631389 0.046142 0.617155 0.071461 0.619422 0.090608 0.636302 0.079271 0.649528 0.070327 0.641341 0.069194 0.642852 0.059242 0.639955 0.065541 0.633027 0.046142 0.631389
0 0.091089 0.849381 0.105719 0.821729 0.123781 0.832358 0.121474 0.838449 0.125260 0.840539 0.123087 0.845000 0.129159 0.847945 0.119505 0.864286 0.091089 0.849381
0 0.143825 0.772649 0.156365 0.781293 0.140620 0.806108 0.127409 0.798801 0.123992 0.796535 0.130416 0.783686 0.135329 0.786835 0.143825 0.772649
0 0.127409 0.798801 0.140620 0.806108 0.143685 0.808324 0.139093 0.824492 0.135317 0.825398 0.132825 0.830040 0.115694 0.819333 0.127409 0.798801
0 0.112172 0.790074 0.123883 0.798243 0.114350 0.811765 0.113245 0.819808 0.106264 0.819098 0.106501 0.810815 0.103156 0.806139 0.112172 0.790074
0 0.012535 0.777807 0.039996 0.771761 0.047428 0.797206 0.019414 0.804487 0.012535 0.777807
0 0.142195 0.759798 0.122297 0.753115 0.131662 0.730258 0.143300 0.732024 0.151275 0.735617 0.142195 0.759798
0 0.127757 0.729577 0.119861 0.717832 0.136640 0.708160 0.145227 0.710726 0.145621 0.720497 0.127757 0.729577
0 0.156378 0.720352 0.145227 0.710726 0.157607 0.692505 0.161185 0.694547 0.165795 0.685705 0.179274 0.693515 0.171590 0.705607 0.168315 0.703844 0.156378 0.720352
0 0.103666 0.760297 0.108327 0.749590 0.139189 0.761179 0.127978 0.785365 0.115507 0.779570 0.121427 0.768233 0.103666 0.760297
0 0.214701 0.706569 0.234557 0.716206 0.225391 0.734537 0.206798 0.725371 0.214701 0.706569
0 0.209013 0.697485 0.213354 0.686553 0.220870 0.689095 0.234448 0.693721 0.230396 0.704398 0.209013 0.697485
0 0.197462 0.701390 0.188892 0.694239 0.213665 0.669367 0.221758 0.676967 0.197462 0.701390
0 0.220870 0.689095 0.229184 0.661276 0.245235 0.665700 0.243818 0.673212 0.251006 0.674880 0.248708 0.686217 0.244677 0.685335 0.242410 0.696043 0.234448 0.693721 0.220870 0.689095
0 0.269207 0.663984 0.268911 0.655496 0.276215 0.655298 0.276313 0.663688 0.269207 0.663984
0 0.256783 0.581740 0.268725 0.584405 0.265468 0.599703 0.253329 0.596446 0.256783 0.581740
1 0.268414 0.609157 0.273578 0.589003 0.286931 0.592782 0.281136 0.612684 0.268414 0.609157
4 0.294234 0.681567 0.301162 0.660783 0.315396 0.664310 0.309602 0.685598 0.294234 0.681567
0 0.226327 0.618226 0.239354 0.619067 0.235992 0.646592 0.232000 0.647012 0.230529 0.653526 0.206996 0.647853 0.208047 0.637557 0.216661 0.638818 0.218499 0.627539 0.224238 0.628510 0.226327 0.618226
