4 0.000009 0.585828 0.008083 0.589163 0.000009 0.613070 0.000009 0.585828
4 0.000009 0.494205 0.011117 0.503081 0.000009 0.517119 0.000009 0.494205
4 0.000009 0.383595 0.004532 0.383772 0.004981 0.397228 0.000009 0.396823 0.000009 0.383595
4 0.000008 0.362228 0.004378 0.362868 0.002972 0.371185 0.000008 0.371376 0.000008 0.362228
0 0.281699 0.999006 0.288513 0.981817 0.310892 0.992696 0.307422 0.999007 0.281699 0.999006
0 0.322999 0.999007 0.329700 0.990058 0.339746 0.999007 0.322999 0.999007
0 0.545305 0.989650 0.552124 0.984292 0.563327 0.995982 0.558207 0.999008 0.533709 0.999008 0.529475 0.992816 0.539460 0.983561 0.545305 0.989650
0 0.225303 0.416713 0.244574 0.424172 0.232275 0.458312 0.213097 0.451541 0.225303 0.416713
0 0.264890 0.321083 0.275623 0.325360 0.269381 0.340229 0.258826 0.335824 0.264890 0.321083
0 0.258826 0.335824 0.269381 0.340229 0.261776 0.357496 0.251588 0.352447 0.258826 0.335824
0 0.240820 0.388311 0.247497 0.373551 0.259329 0.379642 0.252066 0.394286 0.240820 0.388311
0 0.240820 0.388311 0.252066 0.394286 0.243632 0.413146 0.231917 0.406937 0.240820 0.388311
0 0.290786 0.233735 0.305479 0.239078 0.302235 0.249573 0.297274 0.265029 0.282963 0.260450 0.290786 0.233735
0 0.302235 0.249573 0.305479 0.239078 0.308151 0.232590 0.319409 0.236979 0.313303 0.254535 0.302235 0.249573
0 0.308151 0.232590 0.316850 0.204633 0.327862 0.208499 0.319409 0.236979 0.308151 0.232590
0 0.330744 0.205806 0.340475 0.209354 0.337400 0.216661 0.328186 0.213006 0.330744 0.205806
0 0.324973 0.181988 0.352135 0.192090 0.344361 0.210779 0.340475 0.209354 0.330744 0.205806 0.317449 0.201060 0.324973 0.181988
2 0.168991 0.149740 0.180353 0.151385 0.179307 0.165290 0.174074 0.164692 0.173925 0.167682 0.167346 0.167084 0.167346 0.162748 0.168991 0.149740
2 0.168991 0.149740 0.167346 0.162748 0.159123 0.162449 0.160469 0.149591 0.168991 0.149740
1 0.130006 0.144418 0.144131 0.146366 0.141696 0.162683 0.128301 0.161465 0.130006 0.144418
0 0.430003 0.244281 0.448395 0.253418 0.438906 0.266538 0.421920 0.256932 0.430003 0.244281
0 0.394391 0.234237 0.398843 0.226623 0.407511 0.232011 0.402826 0.239157 0.394391 0.234237
0 0.423678 0.252863 0.416649 0.264226 0.404932 0.257246 0.412227 0.245332 0.423678 0.252863
0 0.402826 0.239157 0.411816 0.245068 0.404512 0.256992 0.400131 0.254386 0.387245 0.244897 0.394391 0.234237 0.402826 0.239157
0 0.387245 0.244897 0.400131 0.254386 0.393688 0.264226 0.380334 0.255440 0.387245 0.244897
0 0.399168 0.262914 0.412076 0.271438 0.407692 0.277526 0.415241 0.283615 0.404769 0.297983 0.396246 0.292139 0.388696 0.302611 0.377006 0.292382 0.399168 0.262914
0 0.495498 0.299113 0.500077 0.301785 0.505802 0.291099 0.526983 0.303311 0.515915 0.323347 0.489773 0.308845 0.495498 0.299113
0 0.653671 0.269157 0.666229 0.269007 0.666229 0.276483 0.653671 0.275885 0.653671 0.269157
0 0.653671 0.275885 0.666229 0.276483 0.666229 0.291135 0.653222 0.290537 0.653671 0.278128 0.653671 0.275885
0 0.653671 0.278128 0.653222 0.290537 0.644401 0.290387 0.644999 0.277530 0.653671 0.278128
0 0.775797 0.383131 0.791627 0.397012 0.778963 0.409676 0.764107 0.395307 0.775797 0.383131
0 0.797804 0.406402 0.807654 0.414556 0.781885 0.438657 0.752174 0.409433 0.759110 0.402469 0.780082 0.422972 0.797804 0.406402
3 0.842561 0.348858 0.855213 0.338081 0.871144 0.355652 0.854392 0.369593 0.841741 0.358464 0.846895 0.353661 0.842561 0.348858
3 0.843580 0.361895 0.851994 0.369302 0.843939 0.378292 0.835525 0.370165 0.843580 0.361895
0 0.687759 0.340401 0.708962 0.347078 0.702402 0.368750 0.681784 0.360081 0.687759 0.340401
0 0.669033 0.334435 0.685721 0.339751 0.683371 0.348264 0.666054 0.342496 0.669033 0.334435
0 0.637289 0.321217 0.653137 0.326300 0.648502 0.341251 0.634149 0.335719 0.637289 0.321217
0 0.634149 0.335719 0.648502 0.341251 0.646708 0.363528 0.632953 0.362930 0.634149 0.335719
0 0.854350 0.449348 0.881702 0.427280 0.903770 0.454943 0.889008 0.465218 0.877040 0.473281 0.871436 0.466975 0.854350 0.449348
0 0.185841 0.422031 0.199770 0.428328 0.194618 0.446646 0.179544 0.441685 0.185841 0.422031
0 0.179544 0.441685 0.194618 0.446646 0.188130 0.465537 0.161798 0.455424 0.163589 0.445150 0.165614 0.436915 0.179544 0.441685
0 0.163589 0.445150 0.161798 0.455424 0.158687 0.454488 0.154546 0.453134 0.156645 0.443503 0.163589 0.445150
0 0.354232 0.473859 0.378084 0.492559 0.365490 0.508397 0.359003 0.503054 0.356140 0.506870 0.348317 0.500382 0.350225 0.497520 0.340493 0.489124 0.354232 0.473859
0 0.355766 0.404399 0.371581 0.415060 0.363849 0.426657 0.353775 0.420331 0.347566 0.415997 0.355766 0.404399
0 0.363849 0.426657 0.370175 0.430874 0.359749 0.444815 0.342763 0.433334 0.353775 0.420331 0.363849 0.426657
0 0.339527 0.453331 0.353880 0.462601 0.344760 0.476057 0.331603 0.467236 0.339527 0.453331
0 0.330626 0.467236 0.343783 0.476057 0.332121 0.490410 0.321783 0.483433 0.320022 0.482265 0.330626 0.467236
0 0.321783 0.484410 0.332121 0.491387 0.323775 0.496827 0.312060 0.496593 0.300932 0.492024 0.306320 0.485581 0.317098 0.490033 0.321783 0.484410
0 0.274382 0.442570 0.301860 0.461461 0.291556 0.477299 0.263506 0.459553 0.274382 0.442570
0 0.302837 0.461461 0.310208 0.450979 0.327401 0.461594 0.313796 0.481330 0.302283 0.473406 0.296901 0.479685 0.292532 0.477299 0.302837 0.461461
0 0.252808 0.476963 0.259295 0.467613 0.276851 0.478871 0.270363 0.486695 0.252808 0.476963
0 0.221240 0.457938 0.242915 0.461900 0.240723 0.475538 0.218805 0.471155 0.221240 0.457938
0 0.244308 0.482428 0.253277 0.487961 0.241637 0.506661 0.231333 0.500174 0.244308 0.482428
0 0.209580 0.484717 0.231142 0.496548 0.224082 0.509714 0.202519 0.498265 0.209580 0.484717
0 0.210130 0.510520 0.221006 0.518344 0.216617 0.524259 0.205932 0.517008 0.210130 0.510520
0 0.205932 0.517008 0.216617 0.524259 0.212801 0.530556 0.202115 0.524068 0.205932 0.517008
0 0.212801 0.530556 0.208031 0.538571 0.197345 0.532655 0.202115 0.524068 0.212801 0.530556
0 0.288236 0.532641 0.275977 0.548190 0.262832 0.536201 0.274584 0.521634 0.288236 0.532641
0 0.267604 0.512606 0.271940 0.506028 0.279864 0.512457 0.275080 0.519407 0.261405 0.535599 0.259381 0.532790 0.256839 0.536827 0.238748 0.521726 0.253550 0.502888 0.267604 0.512606
0 0.288839 0.534851 0.301548 0.542924 0.290932 0.560268 0.276430 0.550699 0.288839 0.534851
0 0.300707 0.499497 0.319994 0.504730 0.315658 0.520578 0.296436 0.515046 0.297130 0.512381 0.299941 0.502072 0.300707 0.499497
0 0.316576 0.517770 0.322433 0.519761 0.320207 0.526556 0.314233 0.524213 0.316576 0.517770
0 0.299941 0.502072 0.297130 0.512381 0.273701 0.506524 0.275809 0.496332 0.299941 0.502072
0 0.378916 0.524863 0.391803 0.511488 0.403006 0.521473 0.389368 0.535111 0.378916 0.524863
0 0.429589 0.526589 0.444091 0.515713 0.456750 0.535736 0.442946 0.545099 0.429589 0.526589
0 0.442946 0.545099 0.456750 0.535736 0.467328 0.554688 0.474543 0.566327 0.447169 0.584836 0.437184 0.575094 0.453257 0.562430 0.442946 0.545099
0 0.447169 0.584836 0.460679 0.601900 0.449117 0.611138 0.435479 0.593847 0.447169 0.584836
0 0.467234 0.616897 0.474263 0.628963 0.449311 0.643489 0.442634 0.630837 0.467234 0.616897
0 0.461731 0.598516 0.470937 0.590821 0.476922 0.598734 0.467341 0.605061 0.461731 0.598516
0 0.467328 0.554688 0.473434 0.550681 0.490798 0.575296 0.484120 0.580257 0.474543 0.566327 0.467328 0.554688
0 0.279652 0.557971 0.298543 0.567703 0.289575 0.586212 0.269920 0.576290 0.279652 0.557971
0 0.183079 0.627481 0.205635 0.633664 0.202944 0.643830 0.179919 0.636654 0.183079 0.627481
0 0.205635 0.633664 0.208080 0.625786 0.238304 0.634454 0.233032 0.652612 0.202944 0.643830 0.205635 0.633664
0 0.237017 0.644169 0.260055 0.648574 0.256368 0.666350 0.243138 0.664308 0.233301 0.661716 0.237017 0.644169
0 0.361001 0.547325 0.388475 0.551893 0.386835 0.563608 0.378869 0.562202 0.376643 0.578134 0.366217 0.576025 0.368443 0.560825 0.359283 0.559249 0.361001 0.547325
0 0.127570 0.516704 0.131571 0.503962 0.132626 0.500564 0.145043 0.505250 0.139654 0.521299 0.127570 0.516704
0 0.131571 0.503962 0.127570 0.516704 0.114351 0.510639 0.119055 0.498767 0.131571 0.503962
0 0.114351 0.510639 0.127570 0.516704 0.139654 0.521299 0.143570 0.522824 0.135670 0.542706 0.106963 0.529998 0.114351 0.510639
0 0.121024 0.438395 0.133427 0.442975 0.128656 0.454424 0.116826 0.450035 0.121024 0.438395
0 0.127158 0.462797 0.132915 0.447225 0.154546 0.453134 0.158687 0.454488 0.155172 0.466320 0.145215 0.463508 0.143657 0.468474 0.127158 0.462797
0 0.579860 0.380851 0.595323 0.371479 0.613598 0.403226 0.601181 0.409552 0.594152 0.396314 0.591106 0.398306 0.579860 0.380851
0 0.590130 0.398306 0.593175 0.396314 0.600204 0.409552 0.587435 0.417517 0.579586 0.404983 0.590130 0.398306
0 0.578610 0.404983 0.586459 0.417517 0.576853 0.423843 0.562444 0.399477 0.571815 0.393854 0.578610 0.404983
0 0.598628 0.414178 0.611386 0.410690 0.616067 0.427762 0.601649 0.430378 0.598628 0.414178
0 0.590600 0.441089 0.618269 0.437845 0.622276 0.465323 0.594416 0.468567 0.590600 0.441089
0 0.586279 0.493978 0.616619 0.492451 0.617955 0.514204 0.587806 0.516303 0.586279 0.493978
0 0.668027 0.471904 0.683724 0.459253 0.693096 0.469444 0.678101 0.482447 0.668027 0.471904
0 0.668028 0.472883 0.678102 0.483426 0.665823 0.494152 0.656782 0.481317 0.668028 0.472883
0 0.655804 0.480339 0.664845 0.493174 0.626858 0.514546 0.626111 0.498997 0.655804 0.480339
0 0.631462 0.442162 0.650735 0.450940 0.630317 0.462198 0.631462 0.442162
0 0.650735 0.450940 0.656658 0.437607 0.674015 0.448077 0.660426 0.462558 0.650735 0.450940
0 0.573421 0.359239 0.585766 0.371645 0.576630 0.379784 0.565284 0.367953 0.567329 0.365682 0.573421 0.359239
0 0.573421 0.359239 0.567329 0.365682 0.555029 0.353733 0.561589 0.347173 0.573421 0.359239
0 0.548938 0.375792 0.558807 0.383666 0.550775 0.392106 0.541525 0.384025 0.548938 0.375792
0 0.532212 0.358054 0.545951 0.372365 0.529349 0.388203 0.513512 0.375228 0.532212 0.358054
0 0.500054 0.379549 0.507179 0.386935 0.498042 0.395838 0.491364 0.387990 0.500054 0.379549
0 0.530263 0.304909 0.537739 0.302966 0.541925 0.317917 0.533702 0.320459 0.530263 0.304909
0 0.555388 0.406453 0.561833 0.417273 0.545509 0.426536 0.540270 0.416319 0.555388 0.406453
0 0.591589 0.547518 0.609525 0.547019 0.610206 0.553255 0.591468 0.554002 0.591589 0.547518
0 0.587322 0.524368 0.612157 0.524485 0.612157 0.533271 0.586971 0.533388 0.587322 0.524368
0 0.617406 0.570112 0.637901 0.567971 0.640637 0.588320 0.645080 0.587965 0.645605 0.593773 0.616465 0.597930 0.615910 0.590879 0.619545 0.590536 0.617406 0.570112
0 0.654358 0.572262 0.661289 0.571248 0.662529 0.581109 0.655260 0.581729 0.654358 0.572262
0 0.655260 0.581729 0.655524 0.586215 0.662342 0.585877 0.662568 0.591850 0.656933 0.592075 0.657100 0.594816 0.647898 0.595289 0.646960 0.582754 0.655260 0.581729
0 0.661394 0.601923 0.666443 0.597426 0.673602 0.606146 0.668462 0.610643 0.668010 0.610064 0.663388 0.604303 0.661394 0.601923
0 0.640157 0.637058 0.646002 0.634382 0.649890 0.643793 0.644199 0.646272 0.640157 0.637058
0 0.652117 0.670543 0.659963 0.665023 0.667299 0.676530 0.659316 0.681780 0.652117 0.670543
0 0.680962 0.707204 0.684699 0.714577 0.673636 0.720408 0.670496 0.712933 0.680962 0.707204
0 0.628761 0.668672 0.641619 0.664486 0.647001 0.677942 0.643712 0.679287 0.634293 0.682128 0.628761 0.668672
0 0.634293 0.682128 0.643712 0.679287 0.654178 0.701564 0.642665 0.706349 0.632499 0.683324 0.634293 0.682128
0 0.643465 0.707818 0.658460 0.701176 0.667731 0.723572 0.660296 0.726806 0.652505 0.729653 0.643465 0.707818
0 0.681726 0.755239 0.640241 0.762815 0.638595 0.753434 0.649489 0.751340 0.677770 0.745530 0.681726 0.755239
0 0.649489 0.751340 0.638595 0.753434 0.634501 0.733516 0.645145 0.731286 0.649489 0.751340
0 0.652505 0.729653 0.660296 0.726806 0.661581 0.729743 0.651668 0.733231 0.650383 0.730570 0.652505 0.729653
0 0.240293 0.677434 0.243138 0.664308 0.256368 0.666350 0.253327 0.679728 0.240293 0.677434
0 0.278066 0.697578 0.267342 0.704735 0.258492 0.691746 0.268945 0.685703 0.278066 0.697578
0 0.296123 0.685535 0.278467 0.697314 0.269365 0.685459 0.281785 0.678282 0.287147 0.675484 0.296123 0.685535
0 0.297236 0.654994 0.294422 0.676786 0.287446 0.675484 0.282084 0.678282 0.275655 0.676488 0.259780 0.670992 0.264266 0.651855 0.267854 0.652602 0.268452 0.649612 0.297236 0.654994
0 0.201572 0.683361 0.210137 0.684376 0.208616 0.696434 0.195205 0.694293 0.196163 0.686348 0.201065 0.687024 0.201572 0.683361
0 0.292162 0.706983 0.297119 0.699548 0.299432 0.695892 0.301892 0.693306 0.317220 0.704963 0.315109 0.708084 0.322635 0.713041 0.313549 0.724881 0.292162 0.706983
0 0.292162 0.706983 0.284911 0.699548 0.294824 0.694591 0.299432 0.695892 0.297119 0.699548 0.292162 0.706983
0 0.292162 0.706983 0.304003 0.717446 0.299964 0.722770 0.287114 0.712857 0.292162 0.706983
0 0.272889 0.709904 0.298426 0.727124 0.290461 0.739659 0.263517 0.721033 0.272889 0.709904
0 0.298426 0.727124 0.307159 0.733265 0.302541 0.739456 0.294301 0.733714 0.298426 0.727124
0 0.302541 0.739456 0.307159 0.733265 0.309951 0.729636 0.321428 0.738047 0.312892 0.748602 0.308395 0.745298 0.302979 0.751356 0.296738 0.746675 0.302541 0.739456
0 0.296738 0.746675 0.302979 0.751356 0.298996 0.756242 0.292974 0.751356 0.296738 0.746675
0 0.271941 0.742623 0.278083 0.746398 0.274928 0.751977 0.268729 0.748370 0.271941 0.742623
0 0.268146 0.749606 0.292888 0.763702 0.286943 0.773535 0.261713 0.759872 0.268146 0.749606
0 0.248500 0.720121 0.257347 0.728479 0.250843 0.735935 0.241120 0.726447 0.248500 0.720121
0 0.248500 0.720121 0.258575 0.712038 0.269235 0.712506 0.261503 0.721058 0.265018 0.724338 0.259395 0.729961 0.257347 0.728479 0.248500 0.720121
0 0.205388 0.741850 0.223868 0.725832 0.237362 0.739795 0.234683 0.742718 0.241419 0.749121 0.226160 0.763905 0.215504 0.752940 0.205388 0.741850
0 0.191564 0.752961 0.200225 0.744859 0.211423 0.756851 0.215504 0.752940 0.226160 0.763905 0.214051 0.775460 0.207068 0.768567 0.191564 0.752961
0 0.207068 0.768567 0.214051 0.775460 0.208862 0.780378 0.202433 0.773202 0.207068 0.768567
0 0.191564 0.752961 0.207068 0.768567 0.202433 0.773202 0.183894 0.788003 0.169690 0.771109 0.191564 0.752961
0 0.177949 0.722280 0.187531 0.730328 0.188867 0.729183 0.184485 0.725360 0.188782 0.719657 0.202507 0.730137 0.182033 0.755601 0.172775 0.749091 0.179029 0.740731 0.169439 0.732753 0.177949 0.722280
0 0.163804 0.754105 0.163044 0.769093 0.142982 0.767596 0.142497 0.757292 0.146186 0.734936 0.162971 0.737226 0.161826 0.744477 0.169459 0.745050 0.169268 0.754400 0.163804 0.754105
0 0.061961 0.704187 0.080661 0.710866 0.073219 0.729757 0.066876 0.727023 0.055092 0.722696 0.061961 0.704187
0 0.102811 0.711032 0.121299 0.720952 0.114393 0.731528 0.100629 0.724838 0.099782 0.726452 0.093137 0.722665 0.093907 0.721404 0.082893 0.715346 0.089961 0.705158 0.102811 0.711032
0 0.126308 0.713511 0.121572 0.720596 0.103012 0.710568 0.107033 0.702863 0.126308 0.713511
0 0.096147 0.729935 0.113340 0.731858 0.113191 0.739423 0.095137 0.738366 0.096147 0.729935
0 0.066876 0.727023 0.073219 0.729757 0.085385 0.735609 0.080615 0.746677 0.062105 0.738281 0.066369 0.727057 0.066876 0.727023
0 0.053386 0.745857 0.071427 0.753589 0.060650 0.779126 0.059740 0.788896 0.050071 0.792549 0.036624 0.790113 0.042431 0.771410 0.049351 0.774239 0.050242 0.772579 0.043181 0.769280 0.053386 0.745857
0 0.059740 0.788896 0.070439 0.797014 0.067767 0.806555 0.048113 0.801975 0.050071 0.792549 0.059740 0.788896
0 0.072394 0.755911 0.087339 0.760756 0.084942 0.767645 0.074654 0.765007 0.069741 0.763448 0.072394 0.755911
0 0.074654 0.765007 0.084942 0.767645 0.079113 0.784425 0.068900 0.781548 0.074654 0.765007
0 0.068900 0.781548 0.079113 0.784425 0.078774 0.795129 0.067293 0.793957 0.068900 0.781548
0 0.097154 0.760051 0.114049 0.764985 0.108816 0.784421 0.084296 0.775899 0.088632 0.763938 0.095360 0.766330 0.097154 0.760051
0 0.144795 0.771128 0.154611 0.772406 0.152319 0.797501 0.142999 0.796467 0.144795 0.771128
0 0.135349 0.804531 0.136118 0.795783 0.142999 0.796467 0.152319 0.797501 0.158795 0.798083 0.158064 0.803838 0.147349 0.802621 0.146131 0.814310 0.124943 0.812362 0.125930 0.804231 0.135349 0.804531
0 0.114049 0.764985 0.144795 0.771128 0.142999 0.796467 0.136118 0.795783 0.124231 0.788397 0.120796 0.777902 0.111446 0.776757 0.114049 0.764985
0 0.253817 0.903924 0.264533 0.893939 0.289373 0.919510 0.278171 0.928521 0.253817 0.903924
0 0.264533 0.893939 0.253817 0.903924 0.225080 0.879570 0.236526 0.867880 0.264533 0.893939
0 0.236526 0.867880 0.225080 0.879570 0.210467 0.866663 0.219965 0.852781 0.236526 0.867880
0 0.215721 0.905504 0.223163 0.897490 0.230605 0.904932 0.222781 0.912374 0.215721 0.905504
0 0.223163 0.897490 0.215721 0.905504 0.210187 0.900543 0.217820 0.892720 0.223163 0.897490
0 0.257527 0.917803 0.277793 0.935492 0.263853 0.951424 0.258933 0.947558 0.261041 0.945098 0.244524 0.930806 0.257527 0.917803
0 0.280372 0.951236 0.292598 0.956579 0.286492 0.970891 0.274514 0.965379 0.280372 0.951236
0 0.270767 0.943723 0.275724 0.939318 0.281231 0.945100 0.276550 0.949690 0.270767 0.943723
2 0.332755 0.959108 0.326774 0.963892 0.320196 0.955669 0.336791 0.942063 0.349201 0.957612 0.338585 0.965985 0.332755 0.959108
2 0.320196 0.955669 0.326774 0.963892 0.329316 0.967032 0.321990 0.972564 0.312720 0.961051 0.320196 0.955669
0 0.311883 0.965953 0.320110 0.972756 0.315076 0.979444 0.306662 0.972828 0.311883 0.965953
0 0.320110 0.972756 0.332540 0.982042 0.328081 0.988514 0.316847 0.980891 0.315076 0.979444 0.320110 0.972756
0 0.313031 0.985868 0.316847 0.980891 0.328081 0.988514 0.323912 0.993815 0.313031 0.985868
0 0.414568 0.905793 0.431905 0.915399 0.421245 0.934376 0.405430 0.924185 0.414568 0.905793
0 0.393599 0.905207 0.399277 0.896801 0.414568 0.905793 0.409413 0.915633 0.393599 0.905207
0 0.399277 0.896801 0.393599 0.905207 0.384460 0.899029 0.387101 0.894448 0.389860 0.889924 0.399277 0.896801
0 0.387101 0.894448 0.384460 0.899029 0.375026 0.912566 0.357380 0.899730 0.370505 0.882733 0.375338 0.886024 0.387101 0.894448
0 0.569197 0.868314 0.582054 0.858285 0.598949 0.878481 0.592340 0.883799 0.585792 0.888349 0.569197 0.868314
0 0.598949 0.878481 0.608188 0.870193 0.626910 0.891965 0.609983 0.905179 0.592340 0.883799 0.598949 0.878481
0 0.638627 0.910306 0.632521 0.916603 0.617118 0.900554 0.623365 0.895463 0.638627 0.910306
0 0.598751 0.919468 0.606918 0.907595 0.627999 0.920902 0.619292 0.933680 0.598751 0.919468
0 0.587160 0.893357 0.605941 0.906619 0.597775 0.918491 0.578224 0.905733 0.587160 0.893357
0 0.578224 0.906709 0.597775 0.919468 0.590891 0.929381 0.571615 0.916439 0.578224 0.906709
0 0.598751 0.919468 0.619292 0.933680 0.611218 0.945042 0.591867 0.929381 0.598751 0.919468
0 0.588137 0.894333 0.571747 0.905572 0.563076 0.894209 0.579336 0.882344 0.588137 0.894333
0 0.578359 0.882344 0.562099 0.894209 0.552979 0.882696 0.568977 0.871035 0.578359 0.882344
0 0.682463 0.894246 0.701152 0.886172 0.725074 0.916373 0.712216 0.932072 0.702946 0.923550 0.682463 0.894246
0 0.681487 0.894246 0.701970 0.923550 0.691205 0.928783 0.670124 0.899628 0.681487 0.894246
0 0.691205 0.929759 0.701970 0.924527 0.711239 0.933049 0.698082 0.950691 0.684178 0.941272 0.691205 0.929759
0 0.684178 0.940295 0.698082 0.949714 0.693448 0.956741 0.679842 0.946575 0.684178 0.940295
0 0.947018 0.541519 0.966903 0.555573 0.953746 0.572169 0.934908 0.558564 0.947018 0.541519
0 0.861639 0.460566 0.869274 0.469137 0.871869 0.472043 0.863929 0.479075 0.853816 0.467817 0.861639 0.460566
0 0.827932 0.491413 0.828231 0.483041 0.847966 0.483788 0.846770 0.510102 0.820755 0.509056 0.821802 0.491114 0.827932 0.491413
0 0.858231 0.474980 0.871000 0.490444 0.860574 0.494075 0.850148 0.480252 0.858231 0.474980
0 0.860574 0.494075 0.871000 0.490444 0.871117 0.511764 0.859168 0.510827 0.860574 0.494075
0 0.863929 0.479075 0.871869 0.472043 0.874094 0.474603 0.877733 0.478308 0.882874 0.482881 0.874860 0.490514 0.863929 0.479075
0 0.910116 0.529266 0.901744 0.549749 0.894567 0.546609 0.889633 0.558869 0.873486 0.552590 0.887839 0.520445 0.910116 0.529266
0 0.918050 0.534153 0.927768 0.538676 0.918143 0.556499 0.911109 0.552552 0.909831 0.551842 0.918050 0.534153
0 0.911109 0.552552 0.918143 0.556499 0.921389 0.558151 0.916788 0.568203 0.913351 0.570498 0.903674 0.564668 0.911109 0.552552
0 0.906168 0.573511 0.913351 0.570498 0.916788 0.568203 0.917882 0.568942 0.935337 0.604086 0.925614 0.609592 0.906168 0.573511
0 0.936316 0.593603 0.944836 0.593265 0.945231 0.603859 0.937207 0.604253 0.936316 0.593603
4 0.945231 0.603859 0.952494 0.603667 0.952494 0.609173 0.937851 0.609641 0.937207 0.604253 0.945231 0.603859
0 0.513693 0.376724 0.527002 0.387463 0.520760 0.394806 0.507543 0.383700 0.513693 0.376724
0 0.259972 0.739698 0.267001 0.730795 0.275201 0.737004 0.268173 0.745907 0.259972 0.739698
0 0.347996 0.533512 0.356201 0.523208 0.366506 0.529887 0.357919 0.540382 0.347996 0.533512
0 0.221240 0.457938 0.218805 0.471155 0.206426 0.469572 0.206426 0.457506 0.221240 0.457938
0 0.338550 0.452355 0.343289 0.442471 0.358635 0.449266 0.352903 0.461625 0.338550 0.452355
2 0.961892 0.392515 0.969966 0.385189 0.979833 0.395356 0.970713 0.404476 0.966826 0.400738 0.956061 0.412101 0.942157 0.397599 0.953370 0.385189 0.961892 0.392515
3 0.949019 0.351204 0.958977 0.360263 0.947422 0.371608 0.937774 0.361552 0.949019 0.351204
4 0.619098 0.394886 0.629117 0.394839 0.629256 0.401287 0.619190 0.401379 0.619098 0.394886
0 0.588688 0.534794 0.603775 0.534719 0.603926 0.545372 0.594406 0.545750 0.594325 0.543030 0.588890 0.543030 0.588688 0.534794
0 0.620987 0.605786 0.626255 0.602471 0.629748 0.608036 0.624539 0.611410 0.620987 0.605786
0 0.663388 0.604303 0.668010 0.610064 0.662808 0.613797 0.658119 0.607728 0.663388 0.604303
4 0.822162 0.592276 0.826109 0.588205 0.829059 0.590947 0.824904 0.595185 0.822162 0.592276
4 0.857494 0.568614 0.862963 0.568777 0.862735 0.576654 0.854894 0.576383 0.854894 0.572852 0.857470 0.572893 0.857494 0.568614
4 0.652713 0.773217 0.661197 0.768445 0.664432 0.774118 0.655948 0.778837 0.652713 0.773217
4 0.557992 0.957009 0.565362 0.949214 0.569869 0.953774 0.562181 0.961728 0.557992 0.957009
0 0.527810 0.959714 0.536447 0.950386 0.559681 0.971461 0.551217 0.980616 0.527810 0.959714
0 0.370505 0.882733 0.367948 0.880881 0.370650 0.877137 0.378235 0.882509 0.375338 0.886024 0.370505 0.882733
