0 0.936802 0.914835 0.944039 0.898814 0.961403 0.907690 0.955663 0.919870 0.951495 0.917507 0.949969 0.921514 0.936802 0.914835
0 0.925733 0.914094 0.937382 0.919969 0.931666 0.932057 0.919267 0.926239 0.925733 0.914094
0 0.385605 0.728857 0.374042 0.737795 0.365472 0.728054 0.376943 0.717373 0.385605 0.728857
0 0.400439 0.717031 0.385605 0.728857 0.376943 0.717373 0.391455 0.705908 0.400439 0.717031
0 0.406371 0.711728 0.400439 0.717031 0.391455 0.705908 0.397385 0.701533 0.406371 0.711728
3 0.312593 0.757420 0.324776 0.742074 0.335905 0.751211 0.324425 0.765855 0.312593 0.757420
0 0.359803 0.747580 0.364723 0.741606 0.371166 0.746760 0.366480 0.752383 0.359803 0.747580
3 0.392801 0.689139 0.385758 0.693886 0.380838 0.686740 0.387527 0.682137 0.392801 0.689139
3 0.401741 0.683267 0.392801 0.689139 0.387527 0.682137 0.383466 0.675887 0.392486 0.669444 0.401741 0.683267
0 0.496866 0.117453 0.508733 0.106427 0.517588 0.115226 0.505402 0.125651 0.501568 0.122046 0.496866 0.117453
4 0.559488 0.486372 0.569034 0.476826 0.576459 0.483383 0.566913 0.493219 0.559488 0.486372
0 0.353080 0.723696 0.358423 0.718463 0.362057 0.721879 0.356642 0.727112 0.353080 0.723696
4 0.395714 0.668133 0.399750 0.664005 0.403553 0.667948 0.399332 0.671983 0.395714 0.668133
4 0.477837 0.131984 0.478795 0.137565 0.472507 0.138359 0.471654 0.132912 0.477837 0.131984
4 0.501568 0.122046 0.494251 0.128250 0.489479 0.123212 0.496866 0.117453 0.501568 0.122046
4 0.477155 0.130150 0.488622 0.123794 0.492028 0.129860 0.480229 0.136382 0.477155 0.130150
