4 0.274834 0.005916 0.269909 0.000006 0.281949 0.000006 0.281848 0.002358 0.274834 0.005916
0 0.454988 0.292036 0.462270 0.262099 0.472654 0.264931 0.467125 0.295272 0.454988 0.292036
0 0.427052 0.306055 0.417801 0.292038 0.430136 0.284749 0.433500 0.288954 0.440509 0.298767 0.427052 0.306055
0 0.407146 0.390917 0.418349 0.386304 0.434603 0.425623 0.427355 0.429796 0.422522 0.429796 0.407146 0.390917
0 0.828670 0.155926 0.848439 0.148678 0.857006 0.164932 0.853711 0.166690 0.857665 0.178771 0.845584 0.182066 0.828670 0.155926
0 0.845116 0.135300 0.843902 0.129097 0.825023 0.130580 0.823540 0.121411 0.848892 0.120332 0.849296 0.125861 0.851724 0.127479 0.852803 0.130715 0.850645 0.131255 0.851184 0.134491 0.845116 0.135300
0 0.487616 0.070428 0.480587 0.060983 0.465870 0.050659 0.489813 0.023421 0.504310 0.033965 0.511559 0.044508 0.487616 0.070428
0 0.504091 0.096347 0.495085 0.083607 0.509582 0.067353 0.518368 0.078555 0.504091 0.096347
0 0.463464 0.132483 0.445013 0.110957 0.452042 0.105246 0.447868 0.099535 0.476204 0.080644 0.493777 0.104147 0.463464 0.132483
0 0.412183 0.327007 0.431504 0.317347 0.475871 0.421824 0.458697 0.429695 0.412183 0.327007
0 0.455476 0.324145 0.477182 0.313248 0.520142 0.400248 0.503683 0.409193 0.495812 0.394523 0.491160 0.396312 0.455476 0.324145
4 0.549662 0.710452 0.581524 0.720890 0.579327 0.730229 0.548014 0.719242 0.549662 0.710452
0 0.378221 0.392757 0.386829 0.390707 0.390109 0.398496 0.382320 0.400136 0.378221 0.392757
