4 0.000010 0.465173 0.011382 0.475331 0.003159 0.484899 0.000010 0.481611 0.000010 0.465173
0 0.196209 0.415871 0.216241 0.427234 0.208744 0.442346 0.190352 0.430045 0.196209 0.415871
0 0.187423 0.429108 0.190821 0.431451 0.197029 0.436840 0.185666 0.457223 0.180043 0.456989 0.176997 0.456638 0.156848 0.447032 0.163877 0.425477 0.168563 0.426765 0.170906 0.422665 0.187423 0.429108
0 0.305096 0.445958 0.319407 0.445195 0.332192 0.452255 0.332955 0.459316 0.332574 0.467712 0.305096 0.465422 0.304524 0.454545 0.305096 0.445958
0 0.302909 0.452805 0.303628 0.464311 0.293416 0.464168 0.289460 0.463736 0.291690 0.450935 0.302909 0.452805
0 0.503445 0.324220 0.520041 0.344104 0.497165 0.366382 0.489690 0.368475 0.487447 0.365933 0.484607 0.365784 0.473692 0.351131 0.473393 0.348440 0.503445 0.324220
0 0.467363 0.349807 0.472634 0.356601 0.466426 0.361053 0.460803 0.354610 0.467363 0.349807
0 0.408845 0.259657 0.410181 0.262901 0.395679 0.279883 0.385374 0.275495 0.389763 0.267862 0.389572 0.264809 0.400831 0.254314 0.408845 0.259657
0 0.585435 0.393051 0.594573 0.398792 0.591410 0.405469 0.587427 0.404180 0.582624 0.406757 0.579812 0.404766 0.581804 0.399963 0.580749 0.397386 0.585435 0.393051
0 0.595275 0.403829 0.600078 0.404532 0.603241 0.410858 0.591644 0.425266 0.588012 0.421401 0.583327 0.417535 0.595275 0.403829
0 0.577225 0.466761 0.574384 0.479320 0.560330 0.473788 0.559732 0.469901 0.564965 0.462425 0.577225 0.466761
0 0.524931 0.497319 0.534091 0.504761 0.522069 0.516973 0.513673 0.509340 0.524931 0.497319
0 0.538966 0.506616 0.550603 0.511690 0.557091 0.517415 0.552511 0.527337 0.531417 0.517332 0.538966 0.506616
0 0.474691 0.604758 0.480049 0.593555 0.490764 0.598426 0.491008 0.600861 0.500993 0.606706 0.494904 0.618639 0.474691 0.604758
0 0.594843 0.607206 0.597385 0.606758 0.609794 0.613037 0.607850 0.616327 0.608897 0.617373 0.603365 0.623802 0.598730 0.624400 0.597833 0.626194 0.590956 0.628138 0.584826 0.623055 0.589460 0.616925 0.594843 0.607206
0 0.553358 0.586645 0.570813 0.583364 0.579950 0.590627 0.576319 0.598711 0.592368 0.606559 0.589791 0.613354 0.584547 0.622193 0.578410 0.619588 0.580618 0.615350 0.572066 0.610662 0.568669 0.614997 0.554495 0.606679 0.550512 0.599885 0.553358 0.586645
0 0.537921 0.594368 0.549815 0.599922 0.554009 0.606544 0.555245 0.607383 0.554322 0.612409 0.547293 0.618617 0.539913 0.614869 0.534055 0.606317 0.527144 0.604091 0.522224 0.603974 0.521755 0.602217 0.537921 0.594368
0 0.519839 0.603990 0.520531 0.603616 0.521682 0.604479 0.533980 0.607140 0.538726 0.614331 0.540668 0.615986 0.532360 0.626824 0.531072 0.626005 0.527206 0.629987 0.525449 0.628699 0.522754 0.632916 0.516194 0.627410 0.515843 0.621904 0.511391 0.616984 0.512072 0.612405 0.511137 0.610463 0.519839 0.603990
0 0.457154 0.609005 0.481637 0.626108 0.467580 0.649303 0.461254 0.650357 0.438762 0.635597 0.440050 0.630443 0.457154 0.609005
0 0.430304 0.645420 0.441902 0.653971 0.437567 0.659360 0.426438 0.650925 0.430304 0.645420
0 0.443698 0.657635 0.457818 0.664886 0.450567 0.678816 0.435492 0.668512 0.443698 0.657635
0 0.429196 0.672137 0.432439 0.674046 0.446369 0.683587 0.439309 0.697135 0.422517 0.684731 0.429196 0.672137
0 0.363805 0.669822 0.369163 0.665926 0.380610 0.671040 0.376226 0.679077 0.363805 0.669822
0 0.383532 0.685165 0.386942 0.685165 0.415922 0.700508 0.410078 0.711711 0.377687 0.695394 0.383532 0.685165
0 0.635941 0.880380 0.626410 0.884363 0.620113 0.873105 0.633088 0.867571 0.635862 0.871666 0.635941 0.880380
0 0.601541 0.872681 0.606884 0.881268 0.604403 0.883176 0.594671 0.885466 0.590855 0.876307 0.601541 0.872681
4 0.486707 0.000002 0.489277 0.003947 0.479163 0.012915 0.457224 0.000003 0.486707 0.000002
4 0.508178 0.000002 0.513316 0.004440 0.507533 0.016189 0.495326 0.015454 0.495693 0.011324 0.491165 0.005849 0.487414 0.000002 0.508178 0.000002
0 0.603662 0.000001 0.610728 0.004277 0.624467 0.013245 0.615880 0.031755 0.609393 0.036716 0.591265 0.026221 0.595463 0.006567 0.600614 0.000001 0.603662 0.000001
0 0.608463 0.044597 0.610562 0.051276 0.599876 0.065396 0.589381 0.057382 0.601975 0.042307 0.608463 0.044597
0 0.628673 0.073633 0.619186 0.086018 0.612348 0.086951 0.599294 0.074829 0.608307 0.066748 0.607375 0.063328 0.628376 0.040670 0.628673 0.073633
0 0.628845 0.092793 0.623153 0.103552 0.610352 0.095210 0.615818 0.087299 0.616330 0.086837 0.620269 0.086121 0.628827 0.090715 0.628845 0.092793
0 0.579354 0.076107 0.587473 0.082499 0.575208 0.099168 0.566312 0.092345 0.579354 0.076107
0 0.563479 0.068331 0.572297 0.071528 0.576707 0.076599 0.554991 0.103275 0.539338 0.094126 0.563479 0.068331
0 0.478786 0.083787 0.513849 0.104412 0.508349 0.114724 0.497349 0.124120 0.464120 0.101891 0.478786 0.083787
0 0.490893 0.540733 0.501157 0.548064 0.465477 0.573968 0.458146 0.566148 0.490893 0.540733
0 0.412202 0.606715 0.435174 0.627732 0.422466 0.639462 0.400472 0.617957 0.412202 0.606715
4 0.440061 0.582766 0.449348 0.581789 0.455702 0.603783 0.438595 0.603783 0.440061 0.582766
