0 0.042735 0.166518 0.064680 0.167281 0.064489 0.187126 0.060672 0.187317 0.061245 0.197430 0.038537 0.197430 0.034530 0.194949 0.035866 0.164609 0.042735 0.166518
0 0.000007 0.083154 0.013314 0.073228 0.021169 0.083872 0.000007 0.103522 0.000007 0.083154
4 0.000007 0.039023 0.002500 0.038966 0.013438 0.051298 0.010355 0.055703 0.000007 0.059905 0.000007 0.039023
0 0.034240 0.197292 0.036186 0.196192 0.038537 0.197430 0.060725 0.198307 0.061557 0.238574 0.036941 0.234567 0.041521 0.205372 0.034079 0.204609 0.034240 0.197292
0 0.036775 0.240984 0.055475 0.241938 0.058147 0.277812 0.038683 0.276667 0.036775 0.240984
0 0.007211 0.310262 0.033341 0.315488 0.042300 0.320341 0.040434 0.346098 0.003852 0.344978 0.001239 0.340872 0.007211 0.310262
0 0.000007 0.377579 0.007237 0.357883 0.021473 0.362352 0.023791 0.369139 0.016673 0.391652 0.000007 0.388458 0.000007 0.377579
0 0.044507 0.286240 0.058577 0.287565 0.065033 0.289551 0.062550 0.313885 0.038548 0.310243 0.044507 0.286240
0 0.070616 0.010685 0.099016 0.019722 0.103319 0.018001 0.127416 0.026176 0.125264 0.037364 0.116658 0.051564 0.094733 0.047117 0.098175 0.037220 0.093012 0.033778 0.089569 0.038511 0.079672 0.035930 0.077090 0.029045 0.066763 0.023451 0.070616 0.010685
0 0.109083 0.071840 0.128447 0.061513 0.139204 0.077434 0.119841 0.089913 0.109083 0.071840
0 0.149127 0.257287 0.160767 0.257096 0.161721 0.270644 0.149127 0.270835 0.149127 0.257287
4 0.243936 0.000006 0.246937 0.004784 0.232369 0.011201 0.224753 0.010101 0.218579 0.000005 0.243936 0.000006
0 0.215492 0.034228 0.222807 0.034228 0.246043 0.041113 0.250346 0.046707 0.244322 0.054452 0.240449 0.058755 0.227971 0.056174 0.210328 0.059616 0.206455 0.055313 0.215492 0.034228
0 0.217425 0.088003 0.226902 0.094942 0.216240 0.104504 0.208709 0.096042 0.217425 0.088003
0 0.258532 0.053715 0.273415 0.061538 0.270935 0.071652 0.266164 0.077376 0.263302 0.082719 0.258150 0.091306 0.248037 0.084436 0.248609 0.074323 0.246892 0.069553 0.258532 0.053715
0 0.254822 0.099109 0.260356 0.092621 0.265508 0.093575 0.270278 0.107505 0.261501 0.111512 0.254822 0.099109
0 0.250659 0.121770 0.260983 0.117708 0.267414 0.133024 0.269783 0.134463 0.272068 0.142248 0.259883 0.145886 0.250659 0.121770
0 0.269084 0.112611 0.293285 0.104234 0.296078 0.111342 0.302787 0.109099 0.317671 0.147644 0.296490 0.154513 0.283896 0.125891 0.275310 0.128371 0.269084 0.112611
0 0.223915 0.172373 0.237845 0.163404 0.250439 0.182104 0.258644 0.177143 0.262270 0.185348 0.241280 0.198515 0.223915 0.172373
0 0.262045 0.170890 0.281168 0.157943 0.287853 0.158028 0.294030 0.167166 0.274991 0.180198 0.266952 0.178928 0.262045 0.170890
0 0.295036 0.169511 0.302287 0.168557 0.320796 0.160542 0.335489 0.182486 0.334153 0.189165 0.319269 0.197942 0.306103 0.197179 0.295036 0.169511
0 0.359816 0.211588 0.378135 0.202619 0.376036 0.195559 0.394736 0.192315 0.400079 0.197658 0.401414 0.207390 0.405231 0.211015 0.405231 0.219220 0.394545 0.221892 0.392446 0.215976 0.383478 0.220747 0.387866 0.228380 0.371647 0.236776 0.359816 0.211588
0 0.255355 0.306347 0.278591 0.296881 0.347009 0.256862 0.363791 0.262456 0.367233 0.275796 0.294512 0.320547 0.262239 0.333456 0.255355 0.306347
0 0.293531 0.325101 0.316337 0.312622 0.325373 0.328973 0.299555 0.343173 0.293531 0.325101
0 0.348526 0.292543 0.358640 0.283002 0.367799 0.287391 0.372379 0.288536 0.389171 0.305901 0.378866 0.314678 0.372379 0.313533 0.359594 0.302466 0.348526 0.292543
0 0.456958 0.284090 0.481485 0.278496 0.489661 0.282369 0.496116 0.306466 0.490952 0.310769 0.458249 0.318944 0.456958 0.284090
0 0.503762 0.264641 0.526279 0.256818 0.529713 0.259680 0.539445 0.277617 0.524370 0.283723 0.518264 0.275518 0.507578 0.277044 0.503762 0.264641
0 0.404713 0.327049 0.420169 0.342887 0.407003 0.357389 0.398988 0.351092 0.404713 0.344032 0.395554 0.337544 0.404713 0.327049
0 0.420549 0.346265 0.431734 0.347386 0.438031 0.353683 0.431925 0.363414 0.413797 0.353683 0.420549 0.346265
0 0.624462 0.310533 0.637819 0.300611 0.638392 0.291070 0.645834 0.291642 0.652512 0.296603 0.652703 0.308816 0.646978 0.315876 0.636293 0.323509 0.624462 0.310533
0 0.571845 0.340915 0.589400 0.339580 0.597033 0.340534 0.598368 0.365340 0.596078 0.366676 0.572226 0.368012 0.571845 0.340915
0 0.541593 0.383095 0.564300 0.380615 0.565827 0.379470 0.592732 0.378897 0.594068 0.392827 0.567162 0.392636 0.543883 0.395308 0.541593 0.383095
0 0.422651 0.449152 0.436008 0.440565 0.454517 0.435413 0.461387 0.441901 0.462341 0.452778 0.458334 0.456213 0.455853 0.475294 0.446121 0.472814 0.432955 0.461365 0.422651 0.449152
0 0.479125 0.437108 0.499925 0.431574 0.503932 0.443977 0.502024 0.448175 0.493628 0.450083 0.492483 0.458479 0.485422 0.457144 0.483896 0.449320 0.479125 0.437108
0 0.576001 0.420956 0.583443 0.415613 0.583443 0.405500 0.591457 0.406073 0.591457 0.420575 0.590313 0.426299 0.578863 0.428398 0.576001 0.420956
0 0.487474 0.461216 0.493771 0.460644 0.515447 0.463940 0.512776 0.485502 0.511631 0.489319 0.506097 0.490845 0.502663 0.486075 0.486825 0.481877 0.487474 0.461216
0 0.533008 0.467483 0.547477 0.471630 0.552047 0.477553 0.552470 0.480007 0.550016 0.480007 0.549931 0.491515 0.548916 0.493207 0.543331 0.497946 0.526577 0.497015 0.526323 0.492107 0.526831 0.487369 0.529792 0.483899 0.533008 0.467483
0 0.658221 0.464216 0.678448 0.470322 0.679974 0.474901 0.692568 0.475283 0.692568 0.489785 0.680356 0.490548 0.678257 0.487114 0.657839 0.484633 0.657649 0.477191 0.651352 0.476810 0.649253 0.471276 0.651161 0.465742 0.657649 0.466696 0.658221 0.464216
0 0.417035 0.497335 0.437259 0.506371 0.437259 0.508953 0.430805 0.510244 0.428653 0.514116 0.420477 0.529177 0.408859 0.524874 0.415744 0.506371 0.417035 0.497335
0 0.490044 0.556201 0.507027 0.548187 0.512179 0.557728 0.498249 0.565169 0.490044 0.556201
0 0.566667 0.531366 0.578498 0.523924 0.584795 0.533465 0.583078 0.540144 0.574873 0.543960 0.566667 0.531366
0 0.570484 0.552356 0.585177 0.543770 0.589756 0.553120 0.591283 0.558653 0.590329 0.568576 0.592619 0.571056 0.590329 0.572965 0.587467 0.571438 0.578498 0.570675 0.577926 0.567049 0.570484 0.552356
0 0.551458 0.605899 0.566533 0.595404 0.578936 0.593496 0.588286 0.608761 0.587713 0.615821 0.571303 0.627843 0.563479 0.624981 0.551458 0.605899
0 0.617773 0.580547 0.633802 0.585317 0.655173 0.590660 0.656509 0.595621 0.654410 0.600010 0.650212 0.600010 0.647732 0.604972 0.650403 0.606307 0.650212 0.610696 0.626742 0.602682 0.627505 0.596766 0.614911 0.593141 0.617773 0.580547
0 0.499800 0.692182 0.520408 0.690273 0.523461 0.711645 0.504952 0.713744 0.499800 0.708783 0.499800 0.692182
0 0.556152 0.674890 0.580767 0.670501 0.582103 0.680996 0.560922 0.684622 0.556724 0.683286 0.556152 0.674890
0 0.610858 0.672304 0.633374 0.666771 0.644823 0.666198 0.651311 0.702072 0.646922 0.703408 0.647113 0.706842 0.634901 0.710468 0.634710 0.708178 0.623452 0.710850 0.617727 0.706270 0.610858 0.672304
0 0.644437 0.657365 0.652560 0.655673 0.656114 0.673104 0.646468 0.674373 0.644437 0.657365
0 0.513660 0.750352 0.539992 0.748253 0.540946 0.784126 0.537893 0.784317 0.537512 0.790614 0.518048 0.791950 0.515186 0.778974 0.513660 0.750352
0 0.521637 0.793667 0.540507 0.791044 0.540169 0.789183 0.544569 0.789098 0.545838 0.800014 0.538900 0.800437 0.538730 0.802045 0.522484 0.803652 0.521637 0.793667
0 0.502345 0.792060 0.511822 0.790706 0.517237 0.792567 0.518507 0.802806 0.517068 0.805599 0.506829 0.807545 0.502345 0.792060
0 0.241709 0.666300 0.257547 0.666872 0.272621 0.676795 0.265370 0.687672 0.238465 0.676413 0.241709 0.666300
0 0.171929 0.088175 0.178417 0.083023 0.186432 0.090847 0.179753 0.096381 0.171929 0.088175
0 0.184038 0.032262 0.202972 0.034414 0.197378 0.049474 0.210328 0.059616 0.210287 0.065396 0.194796 0.085190 0.175002 0.066256 0.184038 0.032262
0 0.487460 0.477437 0.486696 0.477689 0.486825 0.481877 0.502532 0.486502 0.505820 0.491060 0.507687 0.491940 0.499863 0.496519 0.501581 0.514074 0.481545 0.515219 0.480782 0.478582 0.487460 0.477437
0 0.049351 0.700446 0.059273 0.689379 0.068242 0.697393 0.058510 0.709987 0.049351 0.700446
0 0.444222 0.803798 0.465021 0.802844 0.466548 0.833375 0.470746 0.835092 0.474181 0.837763 0.474371 0.845205 0.452237 0.848449 0.451664 0.839863 0.442123 0.840244 0.444222 0.803798
0 0.546672 0.573220 0.557811 0.588977 0.542234 0.600297 0.530552 0.582276 0.546672 0.573220
0 0.511275 0.571023 0.532689 0.556529 0.542743 0.572590 0.526683 0.582644 0.521198 0.574418 0.515975 0.577943 0.511275 0.571023
0 0.521982 0.580293 0.526160 0.586300 0.514670 0.593612 0.510752 0.587214 0.521982 0.580293
0 0.546042 0.543648 0.538797 0.539030 0.544050 0.529974 0.551928 0.533687 0.546042 0.543648
0 0.515447 0.463940 0.533008 0.467483 0.529792 0.483899 0.513462 0.481794 0.515447 0.463940
0 0.404961 0.171508 0.421189 0.161163 0.431738 0.170697 0.415104 0.181651 0.404961 0.171508
0 0.468048 0.187128 0.489144 0.192402 0.484885 0.215933 0.466222 0.212281 0.468048 0.187128
0 0.248952 0.006411 0.264991 0.010631 0.256550 0.032719 0.240793 0.025826 0.248952 0.006411
4 0.166097 0.000004 0.166074 0.003709 0.138260 0.003574 0.138262 0.000004 0.166097 0.000004
4 0.348877 0.000007 0.337649 0.007832 0.329121 0.000007 0.348877 0.000007
