0 0.008109 0.673207 0.040930 0.681603 0.029863 0.719766 0.000009 0.712346 0.000009 0.700085 0.009254 0.700875 0.013452 0.688663 0.003148 0.685801 0.008109 0.673207
0 0.330300 0.426666 0.356824 0.426666 0.357015 0.449564 0.330300 0.449182 0.330300 0.426666
0 0.054563 0.445499 0.056662 0.459810 0.054563 0.460192 0.055898 0.468206 0.031664 0.472404 0.030520 0.464008 0.026703 0.464772 0.024986 0.451987 0.054563 0.445499
0 0.098706 0.475697 0.113508 0.473455 0.113059 0.468670 0.129057 0.466428 0.132496 0.493938 0.121731 0.496031 0.120236 0.488107 0.101584 0.490084 0.101655 0.492968 0.088125 0.494303 0.086596 0.477192 0.098706 0.475697
4 0.134011 0.463437 0.152252 0.449682 0.166731 0.468096 0.147766 0.482126 0.134011 0.463437
0 0.261711 0.491567 0.267243 0.482446 0.277410 0.488875 0.271878 0.497846 0.261711 0.491567
0 0.035839 0.422981 0.059309 0.414585 0.065416 0.430613 0.042708 0.438819 0.035839 0.422981
0 0.916782 0.765768 0.932992 0.750245 0.961599 0.781348 0.945189 0.796041 0.916782 0.765768
0 0.871326 0.679746 0.885828 0.663527 0.901900 0.678574 0.904263 0.680728 0.889835 0.696538 0.871326 0.679746
3 0.751393 0.563244 0.761378 0.557156 0.768684 0.568115 0.759186 0.575178 0.751393 0.563244
0 0.608591 0.442986 0.629200 0.426385 0.647709 0.447947 0.632253 0.460732 0.626337 0.453290 0.612026 0.467220 0.599432 0.454435 0.606476 0.447054 0.610309 0.451000 0.612789 0.448901 0.608591 0.442986
0 0.583940 0.456752 0.591789 0.448317 0.599286 0.455697 0.591672 0.463312 0.583940 0.456752
0 0.629942 0.494144 0.636466 0.485849 0.652369 0.498480 0.666871 0.511189 0.660592 0.518515 0.629942 0.494144
0 0.636466 0.485849 0.641184 0.478911 0.652062 0.486984 0.657901 0.492051 0.652369 0.498480 0.636466 0.485849
0 0.641184 0.478911 0.655091 0.460641 0.665463 0.468168 0.652062 0.486984 0.641184 0.478911
0 0.700506 0.488746 0.720160 0.472526 0.739814 0.495234 0.721305 0.510308 0.700506 0.488746
0 0.703368 0.526146 0.718633 0.509545 0.722640 0.513361 0.726838 0.508782 0.740386 0.520231 0.735044 0.525764 0.739051 0.528818 0.726266 0.544083 0.703368 0.526146
0 0.713672 0.456498 0.725121 0.444858 0.754889 0.480350 0.755843 0.485884 0.755270 0.494280 0.747638 0.487410 0.741341 0.489127 0.713672 0.456498
0 0.743025 0.440165 0.753192 0.419234 0.768143 0.425214 0.769937 0.420729 0.789672 0.429999 0.778309 0.452276 0.755285 0.440913 0.752743 0.445548 0.743025 0.440165
0 0.739903 0.310968 0.741608 0.297330 0.763770 0.300739 0.761578 0.315108 0.739903 0.310968
0 0.795867 0.255639 0.797815 0.238104 0.821439 0.239565 0.819003 0.276339 0.802443 0.276583 0.803904 0.256126 0.795867 0.255639
0 0.824848 0.251742 0.846279 0.190858 0.886463 0.208636 0.864545 0.266354 0.824848 0.251742
0 0.878670 0.239078 0.888898 0.213020 0.910573 0.222031 0.900832 0.249063 0.878670 0.239078
0 0.888826 0.203014 0.888377 0.186568 0.890321 0.186419 0.890321 0.170870 0.916037 0.170421 0.916635 0.201968 0.888826 0.203014
0 0.937863 0.195449 0.957897 0.182591 0.956701 0.181096 0.970307 0.171079 0.996770 0.202028 0.987799 0.209952 0.976138 0.197542 0.952664 0.214736 0.937863 0.195449
0 0.951863 0.224161 0.964046 0.215141 0.976815 0.232947 0.964397 0.242319 0.951863 0.224161
4 0.999009 0.153049 0.982888 0.143999 0.990854 0.131230 0.993900 0.132988 0.999009 0.123078 0.999009 0.153049
4 0.974170 0.098783 0.985981 0.078749 0.996298 0.080244 0.996746 0.057518 0.999009 0.057414 0.999009 0.107061 0.974170 0.098783
0 0.932695 0.059662 0.953029 0.063699 0.945254 0.108104 0.936882 0.106758 0.938227 0.097937 0.927463 0.095545 0.932695 0.059662
0 0.951057 0.075840 0.953646 0.067425 0.959831 0.069655 0.957098 0.079004 0.951057 0.075840
0 0.980964 0.000001 0.981550 0.007087 0.978387 0.015638 0.966086 0.049493 0.965149 0.058865 0.955660 0.056991 0.935394 0.049259 0.929303 0.005798 0.955543 0.005681 0.955543 0.003924 0.962455 0.004978 0.962455 0.000001 0.980964 0.000001
4 0.998206 0.000000 0.994002 0.011951 0.983985 0.009709 0.986975 0.000001 0.998206 0.000000
4 0.982191 0.019277 0.993853 0.019427 0.993404 0.031388 0.982401 0.031537 0.982191 0.019277
0 0.901900 0.678574 0.906143 0.673540 0.913622 0.680156 0.909379 0.685047 0.904263 0.680728 0.901900 0.678574
