0 0.614342 0.076536 0.651533 0.056064 0.665182 0.088478 0.647098 0.099056 0.651875 0.106221 0.636520 0.113727 0.614342 0.076536
0 0.467241 0.179527 0.569070 0.195264 0.556206 0.251754 0.547530 0.250515 0.543252 0.268389 0.462460 0.263778 0.469455 0.235894 0.452651 0.232841 0.467241 0.179527
0 0.644731 0.000007 0.660071 0.029652 0.629133 0.044744 0.626115 0.037198 0.603477 0.049020 0.579834 0.017328 0.602220 0.012297 0.594930 0.000007 0.644731 0.000007
0 0.498210 0.070420 0.525506 0.026404 0.548025 0.037323 0.519706 0.084750 0.498210 0.070420
0 0.530452 0.018973 0.537707 0.022902 0.534483 0.028545 0.527127 0.024414 0.530452 0.018973
0 0.422628 0.089966 0.558191 0.114353 0.554427 0.138510 0.549145 0.138007 0.545121 0.159386 0.412819 0.139013 0.419023 0.106675 0.422628 0.089966
0 0.391370 0.032533 0.429098 0.035802 0.426583 0.072525 0.392627 0.069255 0.391370 0.032533
0 0.472939 0.000008 0.468306 0.015250 0.448837 0.009131 0.451431 0.000008 0.472939 0.000008
0 0.523373 0.000008 0.517627 0.030825 0.493152 0.030639 0.496118 0.021925 0.486291 0.020256 0.490184 0.000008 0.523373 0.000008
0 0.267360 0.000006 0.301516 0.056331 0.188918 0.133443 0.134667 0.109218 0.152068 0.099323 0.140126 0.080556 0.147633 0.075780 0.127161 0.038930 0.189593 0.000005 0.267360 0.000006
0 0.058665 0.000002 0.095173 0.062083 0.022497 0.105075 0.022155 0.123159 0.000009 0.136651 0.000009 0.000000 0.058665 0.000002
0 0.275552 0.527206 0.302968 0.533998 0.294416 0.563174 0.273791 0.555629 0.278318 0.546071 0.267503 0.543555 0.275552 0.527206
0 0.943416 0.342362 0.961158 0.353280 0.950581 0.371023 0.935909 0.363516 0.943416 0.342362
0 0.832966 0.353839 0.848309 0.359875 0.841518 0.374967 0.825169 0.368176 0.832966 0.353839
0 0.861950 0.292290 0.880563 0.294805 0.878047 0.312915 0.858177 0.309897 0.861950 0.292290
0 0.880950 0.293539 0.882645 0.289907 0.889104 0.293147 0.887811 0.296486 0.880950 0.293539
0 0.854704 0.003684 0.873772 0.010581 0.865252 0.032489 0.846590 0.024375 0.854704 0.003684
0 0.831376 0.028229 0.848416 0.030460 0.846996 0.040603 0.826102 0.038980 0.831376 0.028229
0 0.824661 0.043101 0.844894 0.042613 0.844244 0.056265 0.829130 0.056834 0.829211 0.051958 0.824904 0.051877 0.824661 0.043101
0 0.979680 0.053941 0.989822 0.060444 0.981775 0.069704 0.972846 0.064744 0.979680 0.053941
0 0.943442 0.069405 0.950918 0.069853 0.946582 0.084956 0.937460 0.084358 0.943442 0.069405
0 0.943368 0.053730 0.954134 0.052982 0.952788 0.063749 0.940227 0.064496 0.943368 0.053730
0 0.865927 0.137195 0.874447 0.136587 0.874041 0.158698 0.862681 0.158698 0.862276 0.147744 0.867347 0.147338 0.865927 0.137195
0 0.895921 0.134117 0.919004 0.134716 0.915863 0.154006 0.905994 0.154006 0.906891 0.148024 0.894522 0.147304 0.895921 0.134117
0 0.908099 0.163538 0.924414 0.175222 0.910965 0.187789 0.900603 0.180183 0.903139 0.177096 0.898950 0.173679 0.908099 0.163538
0 0.893321 0.188183 0.901148 0.193584 0.894093 0.200749 0.884723 0.194797 0.893321 0.188183
0 0.854788 0.197436 0.880379 0.202389 0.870748 0.232108 0.847908 0.224403 0.854788 0.197436
0 0.941908 0.234416 0.955905 0.246587 0.939677 0.270523 0.954282 0.281883 0.944545 0.293040 0.930751 0.280260 0.916271 0.302751 0.901467 0.291835 0.941908 0.234416
0 0.843497 0.251188 0.850242 0.250944 0.849754 0.257119 0.842685 0.257526 0.843497 0.251188
0 0.999009 0.212936 0.983081 0.223106 0.971947 0.206350 0.999009 0.190720 0.999009 0.212936
0 0.988482 0.242600 0.996639 0.240396 0.998513 0.255608 0.991789 0.257261 0.988482 0.242600
0 0.987663 0.267625 0.999009 0.264285 0.999009 0.281222 0.992747 0.283177 0.987663 0.267625
0 0.988089 0.288885 0.999009 0.301922 0.999009 0.323611 0.984010 0.310050 0.987097 0.307514 0.979601 0.298696 0.988089 0.288885
0 0.960062 0.284902 0.972518 0.271454 0.981117 0.279280 0.967889 0.293831 0.960062 0.284902
0 0.880979 0.127496 0.889791 0.125752 0.892086 0.134289 0.894779 0.134117 0.892237 0.147875 0.881163 0.147781 0.880979 0.127496
