0 0.960926 0.286273 0.974413 0.296984 0.973620 0.299364 0.958383 0.309188 0.946248 0.297777 0.960926 0.286273
0 0.762695 0.722425 0.792409 0.705587 0.805831 0.729260 0.782504 0.745205 0.781514 0.745205 0.762695 0.722425
0 0.935330 0.820121 0.945385 0.808090 0.939460 0.804140 0.956219 0.786354 0.972686 0.783570 0.984349 0.783311 0.984529 0.783311 0.986779 0.805331 0.974833 0.822994 0.970882 0.822994 0.962084 0.816170 0.945206 0.831972 0.935330 0.820121
0 0.629908 0.420253 0.643273 0.409685 0.659125 0.427091 0.642962 0.437348 0.629908 0.420253
4 0.658382 0.375717 0.668300 0.365006 0.680200 0.379287 0.674250 0.388411 0.658382 0.375717
0 0.805138 0.730992 0.813016 0.725960 0.820099 0.738224 0.811807 0.742802 0.805138 0.730992
0 0.973342 0.747450 0.981830 0.741828 0.990208 0.754395 0.985578 0.762993 0.973342 0.747450
4 0.947121 0.706214 0.954915 0.706267 0.954385 0.715334 0.947545 0.714539 0.947121 0.706214
4 0.659587 0.850222 0.666188 0.844093 0.671610 0.838199 0.673732 0.839142 0.690234 0.856588 0.677032 0.869789 0.674911 0.869318 0.659587 0.850222
4 0.640256 0.833956 0.652043 0.825233 0.660058 0.834899 0.648507 0.844093 0.641434 0.836313 0.640256 0.833956
0 0.918159 0.982073 0.928252 0.979124 0.931314 0.981279 0.932221 0.986722 0.923603 0.990578 0.918500 0.987289 0.918159 0.982073
0 0.945829 0.983434 0.952293 0.981959 0.952973 0.976063 0.975086 0.969712 0.982457 0.967558 0.986085 0.981279 0.948891 0.995114 0.946396 0.986042 0.945829 0.983434
4 0.827203 0.774593 0.838840 0.769236 0.844566 0.774224 0.848260 0.783829 0.848260 0.786415 0.836254 0.793064 0.826464 0.776255 0.827203 0.774593
4 0.868826 0.768052 0.878378 0.765302 0.882286 0.782814 0.878233 0.783972 0.881128 0.795261 0.879391 0.797721 0.870563 0.798589 0.868247 0.782814 0.869550 0.781946 0.866944 0.770657 0.868826 0.768052
