0 0.032900 0.242237 0.051409 0.227381 0.061881 0.231521 0.065777 0.238584 0.058958 0.243211 0.060420 0.244916 0.045807 0.255875 0.032900 0.242237
0 0.139601 0.492220 0.148612 0.490308 0.150827 0.499817 0.141513 0.502531 0.139601 0.492220
0 0.087745 0.464290 0.108362 0.471671 0.109182 0.480808 0.109182 0.485845 0.110705 0.487134 0.106488 0.496271 0.098171 0.496974 0.095359 0.495920 0.092665 0.500137 0.076264 0.483502 0.087745 0.464290
0 0.664165 0.444457 0.636646 0.421321 0.651258 0.408170 0.675612 0.430089 0.664165 0.444457
0 0.846350 0.685632 0.853826 0.684585 0.865039 0.704919 0.866684 0.708806 0.860255 0.714637 0.852633 0.715495 0.848593 0.711647 0.839473 0.692210 0.846350 0.685632
0 0.888363 0.696845 0.915873 0.721066 0.916770 0.725402 0.892998 0.741399 0.866833 0.713441 0.878495 0.701629 0.888363 0.696845
0 0.839200 0.765379 0.840994 0.771360 0.827837 0.781526 0.811391 0.782423 0.801822 0.776294 0.803617 0.763735 0.839200 0.765379
0 0.938023 0.745548 0.957295 0.747265 0.956150 0.772262 0.950426 0.784284 0.930962 0.781612 0.931344 0.768446 0.934970 0.768446 0.938023 0.745548
0 0.074106 0.232351 0.089610 0.224740 0.094966 0.233479 0.079462 0.242217 0.074106 0.232351
0 0.098912 0.212901 0.099758 0.209236 0.116390 0.208672 0.118081 0.226431 0.099194 0.227841 0.098630 0.221639 0.092147 0.221639 0.092711 0.213464 0.098912 0.212901
0 0.105606 0.234024 0.127044 0.237260 0.124617 0.248181 0.129471 0.249799 0.126235 0.265574 0.098730 0.261529 0.105606 0.234024
0 0.149694 0.350514 0.156571 0.359413 0.147672 0.365480 0.142414 0.356177 0.149694 0.350514
