0 0.000006 0.633774 0.012653 0.627033 0.025804 0.641246 0.021197 0.659070 0.006161 0.671003 0.000006 0.664300 0.000006 0.633774
0 0.032373 0.661465 0.032401 0.661473 0.033243 0.661843 0.033252 0.661816 0.042641 0.665423 0.039134 0.679848 0.024522 0.674591 0.029146 0.660343 0.032373 0.661465
0 0.056852 0.651051 0.052130 0.669038 0.044121 0.665703 0.033359 0.661338 0.036841 0.645430 0.056852 0.651051
0 0.054974 0.691644 0.074310 0.692543 0.072736 0.710306 0.081955 0.710980 0.081055 0.723122 0.069139 0.721997 0.067789 0.718400 0.053175 0.717725 0.054974 0.691644
4 0.000703 0.695346 0.007449 0.691749 0.013744 0.703216 0.007673 0.706364 0.000703 0.695346
0 0.033083 0.804066 0.045224 0.803167 0.045449 0.817557 0.033982 0.816882 0.033083 0.804066
0 0.019592 0.839816 0.044999 0.836443 0.046573 0.850608 0.040278 0.851957 0.035781 0.861176 0.025888 0.861850 0.019592 0.839816
0 0.000256 0.873542 0.015770 0.856454 0.032858 0.871069 0.009025 0.894228 0.002729 0.888606 0.000256 0.873542
0 0.659075 0.208616 0.666651 0.204917 0.670416 0.212452 0.663817 0.215437 0.659075 0.208616
0 0.767679 0.064173 0.774199 0.063948 0.774873 0.065972 0.785216 0.066421 0.785666 0.076314 0.795334 0.076539 0.793760 0.090030 0.765430 0.090929 0.767679 0.064173
0 0.365216 0.049723 0.366766 0.058248 0.375179 0.061520 0.360689 0.102187 0.320490 0.087229 0.337789 0.049970 0.365216 0.049723
0 0.303317 0.056139 0.319798 0.061266 0.313205 0.076649 0.299288 0.072254 0.303317 0.056139
0 0.027227 0.893231 0.048658 0.873261 0.061322 0.889091 0.042326 0.907600 0.027227 0.893231
4 0.745211 0.046784 0.765870 0.046434 0.766039 0.051499 0.746314 0.053428 0.745211 0.046784
3 0.581501 0.769610 0.589276 0.767667 0.590771 0.774245 0.581950 0.776787 0.579857 0.769909 0.581501 0.769610
