4 0.085259 0.000003 0.057335 0.011562 0.052519 0.008882 0.048050 0.009201 0.047641 0.000002 0.085259 0.000003
0 0.064913 0.066755 0.000006 0.111974 0.000006 0.075060 0.003711 0.068896 0.016597 0.068734 0.034633 0.059524 0.041594 0.050630 0.040664 0.038027 0.058525 0.035664 0.064913 0.066755
0 0.054919 0.018072 0.058525 0.035664 0.040664 0.038027 0.040439 0.035040 0.036014 0.024457 0.028994 0.018203 0.029850 0.009052 0.048050 0.009201 0.052519 0.008882 0.054919 0.018072
0 0.036014 0.024457 0.040439 0.035040 0.041594 0.050630 0.034633 0.059524 0.016597 0.068734 0.003711 0.068896 0.007768 0.062163 0.009472 0.049012 0.004845 0.021492 0.028754 0.020747 0.028994 0.018203 0.036014 0.024457
0 0.056816 0.020467 0.081934 0.011944 0.096885 0.056200 0.069674 0.064871 0.056816 0.020467
0 0.131035 0.036953 0.131305 0.042409 0.098270 0.054944 0.089367 0.028118 0.120166 0.016074 0.131035 0.036953
0 0.132498 0.018490 0.135342 0.031367 0.131515 0.033509 0.131035 0.036953 0.120166 0.016074 0.124013 0.014564 0.123145 0.012979 0.132498 0.018490
0 0.151571 0.000120 0.161177 0.022612 0.135342 0.031367 0.132498 0.018490 0.123145 0.012979 0.119707 0.006680 0.144645 0.000004 0.144884 0.000004 0.151571 0.000120
0 0.270618 0.060861 0.304004 0.049732 0.312204 0.074216 0.276826 0.088625 0.274132 0.080307 0.259840 0.083822 0.256326 0.067773 0.270266 0.063790 0.270618 0.060861
0 0.030469 0.180147 0.056484 0.167140 0.059325 0.173419 0.066793 0.170430 0.064590 0.163913 0.055411 0.165657 0.051373 0.155469 0.074341 0.146741 0.092432 0.189800 0.044290 0.212077 0.030469 0.180147
0 0.000006 0.214114 0.017149 0.202186 0.029357 0.210722 0.031009 0.223756 0.000006 0.248442 0.000006 0.214114
4 0.896605 0.000003 0.857904 0.022814 0.853282 0.008696 0.844302 0.000004 0.896605 0.000003
0 0.755712 0.009763 0.770738 0.008992 0.776082 0.029835 0.779177 0.040258 0.781766 0.040232 0.781243 0.037089 0.774629 0.008066 0.796544 0.005170 0.801857 0.029216 0.801119 0.048134 0.797260 0.053853 0.789845 0.055914 0.780669 0.056531 0.772777 0.054475 0.767431 0.050448 0.763847 0.039376 0.755712 0.009763
0 0.628103 0.029806 0.653641 0.027463 0.654109 0.032852 0.691010 0.030743 0.693353 0.051478 0.660435 0.053938 0.660904 0.061553 0.632437 0.063896 0.628103 0.029806
0 0.422463 0.104889 0.422815 0.087668 0.440855 0.089074 0.440387 0.104069 0.422463 0.104889
0 0.437742 0.082089 0.430582 0.081538 0.431500 0.071809 0.459954 0.072910 0.459128 0.089248 0.437833 0.087688 0.437742 0.082089
0 0.479186 0.143743 0.506473 0.118937 0.524600 0.130768 0.530706 0.146033 0.500939 0.169694 0.479186 0.143743
0 0.028004 0.097537 0.059252 0.081241 0.066578 0.115628 0.046693 0.124300 0.038619 0.106508 0.033536 0.108601 0.028004 0.097537
0 0.272073 0.164930 0.282412 0.179414 0.246373 0.204662 0.216566 0.176833 0.256143 0.152031 0.272073 0.164930
0 0.295557 0.169551 0.292693 0.172208 0.282412 0.179414 0.272073 0.164930 0.256143 0.152031 0.273174 0.140967 0.295557 0.169551
0 0.322595 0.144399 0.295557 0.169551 0.273174 0.140967 0.302411 0.121973 0.322595 0.144399
0 0.171481 0.210950 0.211934 0.180037 0.235977 0.195684 0.240366 0.209232 0.195524 0.241671 0.189418 0.227360 0.171481 0.210950
0 0.961126 0.217445 0.988655 0.227051 0.987718 0.238414 0.980689 0.249660 0.951403 0.239234 0.955854 0.225294 0.961126 0.217445
0 0.881990 0.210445 0.896941 0.181739 0.946429 0.204764 0.932525 0.232872 0.924600 0.236311 0.881990 0.210445
0 0.877999 0.241507 0.884544 0.227915 0.908708 0.239062 0.902235 0.252366 0.877999 0.241507
0 0.832754 0.170217 0.854600 0.149014 0.860382 0.146536 0.896363 0.171961 0.877638 0.196101 0.871580 0.200047 0.832754 0.170217
0 0.785427 0.126446 0.793596 0.122591 0.832605 0.122040 0.839030 0.135624 0.837562 0.150586 0.787722 0.155634 0.784876 0.138653 0.785427 0.126446
0 0.738656 0.124460 0.748028 0.119775 0.772160 0.120009 0.778720 0.161010 0.776963 0.165696 0.745216 0.167219 0.738656 0.124460
0 0.701060 0.127242 0.709413 0.122652 0.734287 0.121826 0.741630 0.162671 0.717857 0.166251 0.708954 0.167811 0.701060 0.127242
0 0.666191 0.130227 0.671810 0.124521 0.699105 0.124521 0.701467 0.164201 0.685757 0.164699 0.673146 0.165062 0.668296 0.165288 0.666191 0.130227
0 0.576095 0.170974 0.582208 0.156518 0.593355 0.162416 0.587674 0.177806 0.576095 0.170974
0 0.526078 0.218525 0.530117 0.212100 0.525711 0.209621 0.536817 0.198056 0.540948 0.201452 0.548199 0.190622 0.543242 0.186308 0.553981 0.173274 0.561232 0.177955 0.567015 0.171805 0.583628 0.182636 0.579865 0.190622 0.584934 0.193354 0.595482 0.180675 0.604648 0.188419 0.583238 0.215813 0.574335 0.209838 0.570235 0.215579 0.574101 0.219796 0.556998 0.238891 0.526078 0.218525
0 0.741548 0.252950 0.772826 0.256815 0.772240 0.270756 0.739557 0.267359 0.741548 0.252950
0 0.896454 0.336148 0.912674 0.289970 0.927939 0.294168 0.912483 0.343781 0.896454 0.336148
0 0.887663 0.320515 0.897592 0.321190 0.897013 0.329566 0.886232 0.328828 0.887663 0.320515
0 0.757460 0.204745 0.755532 0.217136 0.735850 0.215693 0.738242 0.203193 0.757460 0.204745
0 0.737754 0.203145 0.735361 0.215654 0.716798 0.214290 0.718910 0.201624 0.737754 0.203145
0 0.688648 0.289970 0.719223 0.293016 0.717232 0.307894 0.693100 0.305668 0.688414 0.302153 0.688648 0.289970
0 0.669319 0.320077 0.683143 0.299576 0.699426 0.310002 0.689586 0.328043 0.678386 0.323470 0.669319 0.320077
0 0.659293 0.350956 0.678386 0.323470 0.689586 0.328043 0.698420 0.333618 0.683894 0.363490 0.659293 0.350956
0 0.605830 0.380762 0.594190 0.387709 0.588224 0.374400 0.597035 0.366874 0.597109 0.366826 0.605830 0.380762
0 0.626499 0.368801 0.605830 0.380762 0.597109 0.366826 0.616402 0.354574 0.626499 0.368801
0 0.502361 0.273821 0.512528 0.245862 0.554241 0.259169 0.545719 0.288622 0.502361 0.273821
0 0.491064 0.319213 0.503276 0.282766 0.529418 0.287346 0.546401 0.294597 0.533044 0.331425 0.491064 0.319213
0 0.475498 0.365217 0.488954 0.326195 0.529920 0.336661 0.516165 0.376730 0.475498 0.365217
0 0.460982 0.406640 0.476423 0.369715 0.512904 0.382274 0.497014 0.421452 0.460982 0.406640
0 0.435356 0.446205 0.453396 0.412702 0.519583 0.432734 0.515954 0.448876 0.449402 0.449409 0.435356 0.446205
0 0.376541 0.449992 0.376738 0.449485 0.370010 0.445747 0.373898 0.430198 0.386457 0.430945 0.387354 0.425264 0.382270 0.423619 0.393932 0.390428 0.430114 0.403585 0.425329 0.419583 0.422489 0.419134 0.421592 0.421975 0.424582 0.423769 0.415426 0.449681 0.376541 0.449992
0 0.376113 0.143516 0.386121 0.153095 0.373562 0.175522 0.358299 0.165804 0.336633 0.152347 0.346052 0.137097 0.346191 0.136152 0.376113 0.143516
0 0.380957 0.111729 0.381785 0.121249 0.376113 0.143516 0.346191 0.136152 0.348444 0.120801 0.347773 0.107383 0.380957 0.111729
0 0.380290 0.104056 0.380957 0.111729 0.347773 0.107383 0.347398 0.099869 0.380290 0.104056
0 0.285644 0.189438 0.336633 0.152347 0.358299 0.165804 0.354886 0.169274 0.348425 0.175542 0.341482 0.182388 0.335872 0.188469 0.352397 0.204877 0.359806 0.212091 0.327480 0.238822 0.285644 0.189438
0 0.225845 0.272610 0.220000 0.229017 0.279910 0.192730 0.292330 0.202958 0.317658 0.231452 0.303290 0.241437 0.288190 0.226338 0.270412 0.240706 0.270656 0.258241 0.288190 0.266278 0.269925 0.285274 0.238996 0.279672 0.238022 0.286491 0.218797 0.285822 0.218615 0.272366 0.225845 0.272610
0 0.088274 0.327247 0.199033 0.255273 0.216103 0.272366 0.215373 0.286735 0.193658 0.315445 0.183926 0.303042 0.105882 0.358379 0.088274 0.327247
0 0.031735 0.372347 0.055602 0.354082 0.079712 0.347020 0.118678 0.394509 0.084339 0.416671 0.068022 0.420568 0.031735 0.372347
4 0.000006 0.399669 0.011791 0.411729 0.000006 0.435145 0.000006 0.399669
0 0.000006 0.441300 0.015411 0.411214 0.076443 0.440618 0.074176 0.452408 0.010958 0.452913 0.000006 0.441319 0.000006 0.441300
0 0.119279 0.411241 0.126347 0.405642 0.135434 0.407019 0.143511 0.411241 0.144153 0.422255 0.136994 0.426569 0.128366 0.424734 0.120197 0.422255 0.119279 0.411241
0 0.149072 0.213740 0.148917 0.213793 0.150323 0.226210 0.122208 0.231716 0.117756 0.198798 0.144893 0.194766 0.149072 0.213740
0 0.165332 0.207842 0.149072 0.213740 0.144893 0.194766 0.161445 0.192305 0.165332 0.207842
0 0.180898 0.202196 0.165332 0.207842 0.161445 0.192305 0.177618 0.189895 0.180898 0.202196
0 0.091611 0.203629 0.104002 0.201427 0.104736 0.208861 0.109050 0.208402 0.109968 0.214093 0.105012 0.215103 0.105746 0.219967 0.095374 0.221711 0.091611 0.203629
0 0.000006 0.253104 0.027647 0.230500 0.065858 0.209704 0.089172 0.205162 0.095013 0.228991 0.080660 0.232729 0.083799 0.239158 0.059728 0.253959 0.062270 0.260250 0.034410 0.278950 0.026205 0.267119 0.000006 0.281809 0.000006 0.253104
0 0.002172 0.284845 0.016464 0.279339 0.021970 0.291054 0.037902 0.283439 0.041768 0.291522 0.011778 0.308508 0.002172 0.284845
0 0.079884 0.262190 0.102376 0.253170 0.108351 0.265353 0.085625 0.277419 0.079884 0.262190
0 0.000006 0.293216 0.025355 0.351212 0.000006 0.363618 0.000006 0.293216
0 0.063253 0.317815 0.069844 0.332061 0.032587 0.358333 0.018395 0.329770 0.048472 0.313949 0.054551 0.310234 0.063253 0.317815
0 0.125449 0.292842 0.069844 0.332061 0.063253 0.317815 0.054551 0.310234 0.091562 0.282901 0.095449 0.283200 0.108447 0.274902 0.125449 0.292842
0 0.188521 0.229304 0.194749 0.243964 0.124878 0.292912 0.108447 0.274902 0.109503 0.274229 0.106491 0.268823 0.171276 0.214809 0.188521 0.229304
0 0.396390 0.212161 0.403274 0.202798 0.414105 0.209132 0.407496 0.218861 0.396390 0.212161
0 0.466237 0.041588 0.478258 0.038916 0.479021 0.024605 0.496195 0.022506 0.498103 0.033574 0.554013 0.018308 0.558791 0.046958 0.588015 0.046714 0.580507 0.072952 0.562549 0.073072 0.561786 0.081086 0.530301 0.078987 0.530110 0.058570 0.500915 0.064485 0.501869 0.073644 0.488894 0.074980 0.480498 0.114098 0.468667 0.113144 0.471911 0.070401 0.473437 0.053609 0.466950 0.053609 0.466237 0.041588
4 0.982356 0.000001 0.948347 0.020703 0.925175 0.000002 0.982356 0.000001
0 0.091872 0.230847 0.096726 0.228834 0.103534 0.241384 0.095779 0.244936 0.092050 0.238069 0.091872 0.230847
0 0.058041 0.266822 0.063028 0.263346 0.072547 0.276115 0.068090 0.279892 0.058041 0.266822
0 0.014548 0.317816 0.027470 0.315598 0.028820 0.323891 0.017441 0.327266 0.014548 0.317816
0 0.078821 0.250210 0.096854 0.245389 0.099457 0.253103 0.079689 0.258792 0.078821 0.250210
0 0.185011 0.188446 0.192038 0.184820 0.201482 0.182327 0.203749 0.185651 0.200198 0.188144 0.188562 0.193735 0.185011 0.188446
4 0.097385 0.192202 0.089382 0.173495 0.103749 0.169542 0.100760 0.163467 0.110114 0.160767 0.115514 0.170506 0.128532 0.166649 0.136342 0.184295 0.113971 0.186802 0.097385 0.192202
0 0.335872 0.188469 0.341482 0.182388 0.362504 0.195888 0.352397 0.204877 0.335872 0.188469
0 0.348425 0.175542 0.354886 0.169274 0.362214 0.173420 0.357393 0.180749 0.348425 0.175542
4 0.458931 0.134441 0.473454 0.125949 0.481699 0.135672 0.466931 0.144779 0.458931 0.134441
0 0.714984 0.182687 0.735042 0.181916 0.735524 0.192137 0.715852 0.192523 0.714984 0.182687
0 0.673146 0.165062 0.685757 0.164699 0.686226 0.173762 0.673079 0.174065 0.673146 0.165062
0 0.735042 0.181916 0.744440 0.181184 0.745404 0.191695 0.735524 0.192137 0.735042 0.181916
0 0.886493 0.340589 0.897826 0.341874 0.896843 0.349505 0.885510 0.348069 0.886493 0.340589
0 0.952484 0.319162 0.971146 0.319680 0.971923 0.328493 0.953003 0.329270 0.952484 0.319162
4 0.379422 0.000007 0.364973 0.004691 0.362417 0.001454 0.336011 0.009802 0.330103 0.000007 0.379422 0.000007
