0 0.043190 0.230074 0.083111 0.259740 0.064111 0.275345 0.022613 0.244396 0.043662 0.229609 0.043190 0.230074
0 0.069926 0.206635 0.062235 0.213593 0.060037 0.213593 0.045254 0.228057 0.016934 0.245547 0.016821 0.245456 0.004368 0.225313 0.054544 0.188323 0.069926 0.206635
0 0.063766 0.181374 0.087297 0.163296 0.099636 0.175061 0.077827 0.193140 0.063766 0.181374
0 0.089292 0.203272 0.102406 0.201063 0.102958 0.212244 0.091087 0.213072 0.089292 0.203272
0 0.121931 0.191819 0.150036 0.185748 0.151610 0.196091 0.156556 0.195191 0.158580 0.217001 0.130250 0.222847 0.121931 0.191819
0 0.160761 0.210554 0.174150 0.206413 0.176359 0.215661 0.163936 0.218974 0.160761 0.210554
0 0.160038 0.227779 0.201074 0.214579 0.205665 0.228353 0.199639 0.240979 0.169508 0.248153 0.160038 0.227779
0 0.121902 0.245368 0.139439 0.240196 0.145285 0.262905 0.128647 0.267627 0.121902 0.245368
0 0.139664 0.270775 0.154504 0.266728 0.156303 0.279544 0.141463 0.282691 0.139664 0.270775
3 0.138182 0.296149 0.149374 0.293279 0.154539 0.317671 0.141626 0.320827 0.138182 0.296149
0 0.050284 0.375166 0.057171 0.358809 0.073815 0.361679 0.095911 0.369714 0.090172 0.383201 0.082998 0.379470 0.076684 0.389801 0.050284 0.375166
0 0.018059 0.348636 0.043916 0.355156 0.040093 0.374942 0.012663 0.370670 0.018059 0.348636
0 0.000006 0.420483 0.010767 0.421715 0.010239 0.438627 0.000006 0.438979 0.000006 0.420483
0 0.200605 0.435881 0.204746 0.431878 0.193427 0.418627 0.210543 0.407447 0.222828 0.412002 0.235251 0.426357 0.213856 0.447476 0.200605 0.435881
0 0.171016 0.500591 0.184790 0.493129 0.182782 0.487677 0.195982 0.481364 0.198851 0.486242 0.208034 0.482512 0.219226 0.501164 0.231818 0.522584 0.224624 0.527306 0.234067 0.541471 0.239238 0.541471 0.242611 0.552938 0.222150 0.560133 0.210458 0.543944 0.183927 0.550690 0.171336 0.525957 0.174934 0.523484 0.169313 0.510893 0.171561 0.508195 0.171016 0.500591
0 0.234250 0.526305 0.253276 0.512387 0.266665 0.531414 0.248872 0.543922 0.234250 0.526305
0 0.309669 0.565981 0.329182 0.539867 0.358166 0.558520 0.336643 0.582337 0.309669 0.565981
0 0.357284 0.619975 0.370999 0.608957 0.381342 0.619300 0.392584 0.628743 0.374821 0.644707 0.362005 0.633015 0.367401 0.627844 0.357284 0.619975
0 0.392134 0.633690 0.403826 0.631442 0.404725 0.638187 0.394607 0.641784 0.392134 0.633690
0 0.299090 0.606819 0.315728 0.592654 0.324722 0.602547 0.330118 0.598500 0.339112 0.614014 0.317302 0.630203 0.299090 0.606819
0 0.266038 0.612216 0.281103 0.590406 0.297066 0.600074 0.282227 0.620759 0.266038 0.612216
0 0.297291 0.634475 0.308084 0.626830 0.317977 0.640096 0.306959 0.647965 0.297291 0.634475
0 0.283576 0.650663 0.296842 0.643019 0.301788 0.653811 0.291445 0.660332 0.283576 0.650663
0 0.264689 0.669550 0.276156 0.658308 0.279978 0.660781 0.285599 0.658758 0.300664 0.674272 0.291670 0.680118 0.285150 0.675396 0.278854 0.681017 0.264689 0.669550
0 0.259518 0.707548 0.279079 0.692484 0.286274 0.699229 0.293694 0.693158 0.301338 0.704850 0.273683 0.724187 0.259518 0.707548
0 0.172273 0.635393 0.200107 0.592176 0.223913 0.607924 0.201572 0.640886 0.192416 0.636491 0.187655 0.641985 0.172273 0.635393
1 0.449131 0.577148 0.482786 0.554711 0.490265 0.569669 0.462219 0.586964 0.449131 0.577148
0 0.537328 0.578472 0.560758 0.576005 0.560053 0.601550 0.537328 0.603312 0.537328 0.578472
0 0.536366 0.556418 0.547271 0.533461 0.567932 0.544365 0.556167 0.565314 0.536366 0.556418
2 0.590315 0.538913 0.620159 0.530304 0.625037 0.548383 0.598350 0.556992 0.590315 0.538913
0 0.549121 0.216719 0.587574 0.207536 0.594748 0.228197 0.555721 0.242545 0.549121 0.216719
0 0.563679 0.253212 0.575371 0.242420 0.582116 0.251638 0.570874 0.261981 0.563679 0.253212
0 0.664211 0.529550 0.671536 0.523324 0.679227 0.531015 0.671536 0.538340 0.664211 0.529550
3 0.501538 0.188775 0.530471 0.180718 0.536697 0.197565 0.509229 0.205256 0.501538 0.188775
0 0.634149 0.500610 0.644480 0.491427 0.659976 0.508645 0.650793 0.516680 0.634149 0.500610
0 0.428921 0.506634 0.439489 0.496688 0.455341 0.510053 0.440421 0.525283 0.427056 0.515648 0.432340 0.511296 0.428921 0.506634
4 0.331540 0.477632 0.328617 0.467160 0.344691 0.465698 0.345665 0.476170 0.331540 0.477632
0 0.011711 0.153553 0.019037 0.148320 0.026214 0.158636 0.019635 0.163421 0.011711 0.153553
0 0.535841 0.181885 0.578201 0.172095 0.582720 0.193181 0.568223 0.196759 0.567093 0.192617 0.540171 0.198076 0.535841 0.181885
0 0.563140 0.150256 0.589497 0.144796 0.592698 0.168518 0.578389 0.171154 0.576695 0.162305 0.567470 0.164188 0.563140 0.150256
0 0.000006 0.235780 0.001010 0.234482 0.024514 0.256158 0.020074 0.262164 0.000006 0.242955 0.000006 0.235780
0 0.000006 0.242955 0.017919 0.260285 0.004453 0.276288 0.000006 0.272608 0.000006 0.242955
0 0.129560 0.371496 0.103392 0.365165 0.109160 0.339701 0.135891 0.345469 0.136313 0.355598 0.129560 0.371496
0 0.088760 0.359256 0.073566 0.351941 0.086509 0.330415 0.101141 0.336606 0.088760 0.359256
0 0.102407 0.312689 0.132374 0.323381 0.124777 0.341952 0.093544 0.330697 0.102407 0.312689
0 0.102548 0.309875 0.121400 0.296087 0.127872 0.305091 0.110567 0.315502 0.105080 0.312689 0.102548 0.309875
0 0.016119 0.341644 0.031876 0.314772 0.042428 0.318993 0.040036 0.326168 0.059733 0.330389 0.051291 0.351914 0.016119 0.341644
0 0.064797 0.317445 0.075771 0.321244 0.072395 0.327997 0.061984 0.323214 0.064797 0.317445
0 0.000006 0.322616 0.016301 0.327201 0.015521 0.335885 0.011032 0.341056 0.000006 0.338228 0.000006 0.322616
0 0.161281 0.381282 0.176335 0.378046 0.180977 0.402808 0.168456 0.405059 0.161281 0.381282
0 0.565009 0.571048 0.578093 0.571330 0.578796 0.581741 0.566416 0.583148 0.565009 0.571048
0 0.567963 0.588775 0.582595 0.589056 0.583298 0.597779 0.568385 0.597216 0.567963 0.588775
