4 0.353392 0.004056 0.343701 0.013538 0.348614 0.019585 0.339166 0.026765 0.325939 0.013349 0.341089 0.000007 0.358965 0.000007 0.353392 0.004056
4 0.377714 0.017317 0.368644 0.012404 0.371289 0.009570 0.364865 0.004846 0.369393 0.000007 0.395468 0.000007 0.377714 0.017317
0 0.434951 0.223235 0.448059 0.215810 0.468824 0.243883 0.457572 0.260472 0.443071 0.251656 0.447595 0.242955 0.434951 0.223235
0 0.455702 0.325616 0.450965 0.318362 0.459108 0.311699 0.447856 0.291860 0.470804 0.280016 0.487830 0.309774 0.455702 0.325616
0 0.465188 0.439804 0.467834 0.418451 0.479927 0.420152 0.476904 0.441504 0.465188 0.439804
0 0.497337 0.564912 0.497337 0.557256 0.505689 0.556908 0.505805 0.564796 0.497337 0.564912
0 0.388230 0.582022 0.388954 0.565381 0.385577 0.565381 0.385336 0.554529 0.399638 0.553564 0.400231 0.548679 0.413555 0.547790 0.423179 0.555045 0.421106 0.580362 0.412963 0.585248 0.388230 0.582022
0 0.367797 0.574351 0.367797 0.566604 0.377245 0.565470 0.377245 0.575485 0.367797 0.574351
0 0.286923 0.607797 0.279932 0.598727 0.295615 0.582665 0.336430 0.555833 0.344744 0.567171 0.298639 0.599861 0.298450 0.604773 0.286923 0.607797
0 0.302985 0.551865 0.304874 0.535993 0.312055 0.533347 0.319235 0.533158 0.319235 0.526167 0.341532 0.526923 0.345500 0.538638 0.344555 0.552243 0.336430 0.555833 0.302985 0.551865
0 0.265871 0.540689 0.266167 0.533138 0.270905 0.531510 0.272090 0.529141 0.277419 0.527956 0.277419 0.525884 0.297999 0.525884 0.300664 0.536099 0.300516 0.550461 0.295038 0.550609 0.294446 0.549424 0.275347 0.549868 0.275791 0.544242 0.268980 0.543946 0.265871 0.540689
0 0.206135 0.523617 0.203118 0.517237 0.223187 0.505636 0.222955 0.503664 0.246504 0.491484 0.258800 0.513176 0.224463 0.529997 0.219163 0.519396 0.206135 0.523617
0 0.059602 0.583194 0.063452 0.576532 0.059158 0.574015 0.073223 0.552695 0.084475 0.552251 0.101501 0.564391 0.088473 0.586007 0.084919 0.584823 0.078553 0.595187 0.059602 0.583194
0 0.882854 0.574670 0.879468 0.569745 0.865925 0.539273 0.895473 0.525115 0.910247 0.555586 0.905015 0.559588 0.914864 0.578363 0.889882 0.592788 0.883469 0.581749 0.898243 0.575593 0.895165 0.569437 0.884392 0.573746 0.884085 0.574054 0.883161 0.574670 0.882854 0.574670
0 0.810054 0.420089 0.802578 0.379573 0.827901 0.377885 0.828383 0.374509 0.841647 0.374268 0.845023 0.397178 0.840200 0.400796 0.842612 0.416471 0.810054 0.420089
0 0.099386 0.421957 0.111101 0.408163 0.103921 0.402683 0.114124 0.389456 0.126785 0.396070 0.123761 0.399849 0.135666 0.408730 0.117526 0.434239 0.099386 0.421957
0 0.121305 0.437263 0.139290 0.411888 0.164612 0.425634 0.145078 0.446133 0.139290 0.444204 0.135914 0.447339 0.121305 0.437263
0 0.111028 0.462111 0.126920 0.442970 0.141653 0.453527 0.124948 0.471623 0.111028 0.462111
0 0.175416 0.460517 0.188266 0.444834 0.200170 0.445401 0.209618 0.452392 0.196769 0.466942 0.192423 0.464296 0.188454 0.469398 0.175416 0.460517
0 0.159439 0.495216 0.163030 0.491059 0.160762 0.488036 0.181170 0.467440 0.205545 0.483690 0.196853 0.491626 0.190806 0.488036 0.186083 0.492571 0.186649 0.493705 0.177579 0.500507 0.172855 0.499751 0.169076 0.502208 0.159439 0.495216
0 0.160105 0.526513 0.155192 0.513852 0.155948 0.507239 0.174088 0.503838 0.177867 0.523867 0.165585 0.527646 0.160105 0.526513
0 0.129116 0.551266 0.127604 0.527080 0.140642 0.521789 0.145555 0.530481 0.147256 0.547487 0.129116 0.551266
0 0.135540 0.571107 0.134595 0.558825 0.141965 0.558447 0.142721 0.571296 0.135540 0.571107
0 0.092167 0.551187 0.100670 0.539283 0.117109 0.548542 0.108984 0.561013 0.092167 0.551187
0 0.068552 0.548383 0.076440 0.535678 0.064079 0.526771 0.068623 0.520863 0.096891 0.540586 0.087465 0.553893 0.084274 0.551707 0.076098 0.552407 0.068552 0.548383
0 0.172474 0.377836 0.182603 0.346485 0.201655 0.352031 0.195867 0.371566 0.185738 0.369395 0.180433 0.380248 0.172474 0.377836
0 0.171479 0.399730 0.178426 0.379978 0.180491 0.380833 0.181366 0.379041 0.187180 0.381095 0.179694 0.404002 0.171479 0.399730
0 0.181823 0.409004 0.194122 0.393570 0.214621 0.403457 0.208833 0.410451 0.219686 0.417204 0.203769 0.438426 0.180135 0.421786 0.184717 0.412863 0.181823 0.409004
0 0.205274 0.440147 0.217181 0.424423 0.228270 0.431603 0.223271 0.437693 0.235274 0.446271 0.227088 0.455962 0.205274 0.440147
0 0.047728 0.484182 0.059821 0.468877 0.079095 0.484371 0.082307 0.481537 0.091755 0.491741 0.088543 0.501756 0.079662 0.509881 0.068702 0.500055 0.063412 0.502134 0.052452 0.493064 0.054342 0.491174 0.047728 0.484182
0 0.082597 0.528762 0.074397 0.517910 0.113002 0.488531 0.119773 0.496321 0.096584 0.521769 0.099961 0.526833 0.091761 0.532862 0.082597 0.528762
0 0.106310 0.530530 0.101438 0.527514 0.099814 0.521134 0.118375 0.504661 0.125683 0.511389 0.126959 0.520786 0.106310 0.530530
0 0.120245 0.495072 0.114561 0.488692 0.120129 0.482428 0.128829 0.488344 0.134397 0.481152 0.142286 0.486256 0.136485 0.493912 0.142750 0.498321 0.129989 0.512473 0.118157 0.502497 0.126509 0.491940 0.125349 0.491012 0.122449 0.493680 0.120245 0.495072
0 0.136514 0.479065 0.147603 0.462886 0.144059 0.460159 0.156511 0.447162 0.171781 0.457160 0.151693 0.486064 0.143968 0.482064 0.142332 0.484155 0.136514 0.479065
0 0.046538 0.663453 0.051349 0.653214 0.065987 0.660008 0.060275 0.670053 0.046538 0.663453
0 0.048684 0.846269 0.048925 0.826976 0.062189 0.826253 0.062430 0.845546 0.060501 0.845546 0.060742 0.855192 0.054322 0.855339 0.053899 0.846598 0.048684 0.846269
0 0.011563 0.873939 0.016783 0.842502 0.050077 0.847259 0.051121 0.866863 0.035924 0.880552 0.011563 0.873939
0 0.182447 0.836836 0.181286 0.823612 0.200891 0.822568 0.202747 0.828716 0.201471 0.835328 0.182447 0.836836
0 0.204835 0.881365 0.204719 0.865936 0.207619 0.863500 0.223279 0.863964 0.227919 0.872317 0.224787 0.882177 0.208315 0.882177 0.204835 0.881365
0 0.259126 0.875018 0.256103 0.865570 0.253646 0.864248 0.251946 0.848942 0.271030 0.845730 0.271219 0.844218 0.292383 0.842895 0.297107 0.861602 0.296540 0.871428 0.262328 0.876760 0.259126 0.875018
0 0.093216 0.989022 0.093364 0.985172 0.088183 0.982211 0.116165 0.930096 0.141926 0.944458 0.110983 0.996721 0.093216 0.989022
0 0.174010 0.882749 0.174577 0.868718 0.194301 0.868536 0.194210 0.865810 0.202936 0.865355 0.203845 0.885170 0.199664 0.885170 0.199652 0.888461 0.181122 0.888714 0.181213 0.882897 0.174010 0.882749
0 0.407260 0.976371 0.411088 0.947486 0.420717 0.948183 0.446934 0.953635 0.444265 0.977300 0.436957 0.980432 0.416889 0.977416 0.407260 0.976371
0 0.507567 0.947520 0.513392 0.966616 0.502141 0.970002 0.503086 0.974915 0.504609 0.974512 0.507168 0.979927 0.507318 0.981651 0.508586 0.982355 0.508457 0.994844 0.508335 0.994873 0.467939 0.994494 0.466733 0.964348 0.482409 0.962419 0.476171 0.943406 0.503642 0.936299 0.507567 0.947520
0 0.544999 0.965340 0.549111 0.968243 0.552663 0.973216 0.553047 0.979707 0.524976 0.991496 0.508945 0.994746 0.509077 0.982069 0.507782 0.981350 0.507647 0.979797 0.505088 0.974375 0.513667 0.972080 0.513574 0.969103 0.532162 0.965043 0.532447 0.963832 0.542012 0.959961 0.544999 0.965340
0 0.620862 0.924747 0.623628 0.930571 0.624523 0.936681 0.628223 0.940605 0.628194 0.940611 0.626988 0.944228 0.612759 0.949775 0.613483 0.952187 0.604801 0.954839 0.597084 0.957733 0.592502 0.957010 0.576102 0.963762 0.576826 0.969309 0.553674 0.979438 0.553525 0.979502 0.553142 0.973047 0.549460 0.967892 0.545372 0.965006 0.542471 0.959775 0.548827 0.957209 0.567637 0.948527 0.570531 0.950457 0.596336 0.939604 0.592477 0.933816 0.616835 0.922241 0.616836 0.922227 0.620862 0.924747
0 0.682697 0.906848 0.681973 0.932170 0.643146 0.933135 0.641940 0.938681 0.628809 0.940527 0.624983 0.936458 0.624101 0.930428 0.621242 0.924408 0.616758 0.921611 0.615265 0.907419 0.623748 0.907901 0.628676 0.903713 0.682697 0.906848
0 0.551344 0.940663 0.556434 0.939845 0.559738 0.945023 0.556025 0.946879 0.557069 0.950475 0.528648 0.963931 0.527837 0.961031 0.536537 0.957087 0.527720 0.935394 0.525284 0.935742 0.524866 0.938384 0.517432 0.937363 0.516457 0.933326 0.514532 0.933326 0.514088 0.925331 0.522675 0.922814 0.523267 0.916300 0.536620 0.912032 0.551344 0.940663
0 0.519839 0.914585 0.515015 0.904939 0.529968 0.898186 0.535273 0.908798 0.519839 0.914585
0 0.538649 0.896498 0.533826 0.886610 0.544679 0.881787 0.549261 0.892398 0.538649 0.896498
0 0.576271 0.928814 0.559754 0.901307 0.573523 0.893608 0.589957 0.920998 0.576271 0.928814
0 0.606501 0.905597 0.595335 0.890188 0.618216 0.873852 0.627853 0.887457 0.617838 0.894637 0.619402 0.897262 0.606501 0.905597
0 0.635930 0.900641 0.643406 0.883278 0.657635 0.894130 0.655464 0.902571 0.635930 0.900641
0 0.689935 0.919187 0.690083 0.914301 0.687566 0.914597 0.687122 0.903049 0.692304 0.902901 0.693137 0.888553 0.708821 0.888931 0.709199 0.893277 0.706931 0.894600 0.706931 0.903481 0.714868 0.904237 0.714490 0.910473 0.726583 0.911795 0.725449 0.922566 0.704496 0.922607 0.704032 0.925391 0.690227 0.925391 0.689935 0.919187
0 0.734264 0.924132 0.736781 0.907846 0.752326 0.908882 0.752326 0.905625 0.756620 0.904441 0.757064 0.895409 0.767724 0.896742 0.768760 0.890227 0.777051 0.891560 0.776903 0.897038 0.778088 0.897038 0.777282 0.907740 0.782704 0.908615 0.782223 0.912156 0.775026 0.916720 0.775606 0.918808 0.789874 0.927160 0.780478 0.942473 0.776534 0.943865 0.766441 0.937833 0.767601 0.932496 0.734264 0.924132
0 0.778210 0.945056 0.784134 0.940964 0.790514 0.931103 0.802507 0.935397 0.808281 0.930067 0.828564 0.936433 0.826047 0.952127 0.810798 0.950054 0.807393 0.954496 0.797917 0.957309 0.778210 0.945056
0 0.791484 0.930511 0.793536 0.905253 0.809080 0.905021 0.808281 0.930067 0.802700 0.934138 0.791484 0.930511
0 0.778455 0.906993 0.781123 0.889941 0.805484 0.890637 0.804904 0.900497 0.790752 0.901077 0.789128 0.909081 0.778455 0.906993
0 0.845436 0.961843 0.845058 0.932933 0.872235 0.932233 0.872583 0.939657 0.867479 0.940237 0.867595 0.942325 0.859010 0.943253 0.859010 0.950098 0.866319 0.950562 0.867943 0.950330 0.868987 0.941629 0.874207 0.941977 0.873859 0.952302 0.871539 0.952302 0.872119 0.963438 0.845436 0.961843
0 0.875512 0.963762 0.876993 0.950881 0.875216 0.937705 0.877437 0.936224 0.898164 0.935336 0.902014 0.950881 0.898312 0.963170 0.875512 0.963762
0 0.864370 0.928757 0.864188 0.916760 0.881548 0.916305 0.882003 0.928303 0.864370 0.928757
0 0.885820 0.927667 0.885911 0.915942 0.901090 0.915760 0.901363 0.927485 0.885820 0.927667
0 0.872277 0.914578 0.872459 0.908670 0.875186 0.908397 0.875186 0.904489 0.893728 0.904398 0.893455 0.914578 0.872277 0.914578
0 0.900104 0.962826 0.903468 0.948557 0.900568 0.940437 0.900568 0.934057 0.899756 0.933129 0.898828 0.929649 0.901148 0.928605 0.901978 0.927555 0.901585 0.925107 0.903277 0.925042 0.903277 0.921952 0.901823 0.921861 0.901148 0.903125 0.918880 0.903006 0.919133 0.924874 0.931314 0.924991 0.931894 0.933227 0.933170 0.933227 0.932358 0.948423 0.923657 0.949351 0.926093 0.952832 0.923077 0.963272 0.900104 0.962826
0 0.954979 0.899519 0.961820 0.900513 0.960141 0.916709 0.958251 0.916709 0.957306 0.925590 0.941812 0.924079 0.942249 0.914611 0.944798 0.913160 0.944587 0.899517 0.954979 0.899519
0 0.938752 0.950954 0.937824 0.926709 0.951048 0.926477 0.951048 0.928797 0.955108 0.928681 0.954992 0.933901 0.951628 0.934481 0.951512 0.939005 0.944552 0.940281 0.945596 0.951070 0.943508 0.952694 0.941652 0.952694 0.940956 0.951186 0.938752 0.950954
0 0.947142 0.953820 0.945324 0.941641 0.951414 0.940823 0.952868 0.938641 0.953777 0.935824 0.962867 0.933915 0.963230 0.935006 0.969845 0.931212 0.969252 0.930027 0.965699 0.931804 0.959925 0.929583 0.960665 0.920256 0.973842 0.919960 0.973102 0.929139 0.981245 0.939058 0.974138 0.946609 0.959037 0.952828 0.947142 0.953820
0 0.995555 0.937208 0.991950 0.940125 0.981574 0.938852 0.975082 0.930499 0.976962 0.903199 0.976997 0.900545 0.977157 0.896002 0.996113 0.897206 0.995555 0.937208
0 0.946928 0.892779 0.946343 0.881665 0.955118 0.879617 0.955118 0.860606 0.965533 0.860054 0.966338 0.876127 0.971261 0.876386 0.971348 0.882259 0.957615 0.884246 0.957356 0.886923 0.955715 0.887355 0.955801 0.892537 0.946928 0.892779
0 0.967806 0.875091 0.966511 0.859198 0.992249 0.855485 0.994581 0.874141 0.994408 0.876386 0.971952 0.879236 0.971779 0.875609 0.968333 0.875980 0.967806 0.875091
0 0.999008 0.837918 0.988427 0.838296 0.970318 0.785840 0.990714 0.780340 0.999008 0.804084 0.999008 0.837918
0 0.972395 0.766951 0.966470 0.750970 0.971677 0.747020 0.967008 0.734451 0.983528 0.728525 0.985964 0.734305 0.998063 0.729662 0.999008 0.732905 0.999008 0.769024 0.995390 0.763146 0.995671 0.766663 0.985964 0.770180 0.972395 0.766951
0 0.970289 0.721714 0.965990 0.710029 0.982414 0.702313 0.990792 0.704849 0.992335 0.710250 0.992335 0.718958 0.974478 0.723257 0.970289 0.721714
0 0.949509 0.702116 0.941490 0.667085 0.959217 0.663427 0.976381 0.661457 0.978913 0.672290 0.992419 0.669899 0.993263 0.673416 0.999008 0.671976 0.999008 0.682983 0.998187 0.682983 0.998610 0.685234 0.999008 0.685799 0.999008 0.695504 0.997906 0.695504 0.998469 0.699302 0.991518 0.704008 0.983376 0.702305 0.983209 0.701100 0.968267 0.705377 0.966771 0.697873 0.962417 0.698332 0.962875 0.702457 0.949509 0.702116
0 0.616127 0.999007 0.611658 0.983336 0.634168 0.975317 0.641625 0.985868 0.642047 0.997123 0.639514 0.998108 0.639418 0.999007 0.616127 0.999007
0 0.776526 0.973767 0.779549 0.960162 0.795800 0.963941 0.793154 0.978869 0.776526 0.973767
0 0.795989 0.983404 0.797123 0.968098 0.833969 0.971689 0.834158 0.981136 0.832080 0.981703 0.831513 0.989829 0.815074 0.991718 0.799390 0.989073 0.795989 0.983404
0 0.832647 0.997009 0.833991 0.982285 0.835718 0.981466 0.835900 0.971832 0.886229 0.974568 0.889025 0.989164 0.888524 0.994940 0.866076 0.995955 0.862435 0.999004 0.859192 0.999004 0.832647 0.997009
0 0.890908 0.993330 0.889052 0.975349 0.901001 0.974189 0.901465 0.973029 0.938006 0.968505 0.955468 0.959631 0.959465 0.967034 0.963018 0.967330 0.962722 0.978286 0.952803 0.982431 0.954135 0.987909 0.947621 0.990870 0.932964 0.994424 0.922228 0.997352 0.920773 0.996352 0.920137 0.988899 0.918683 0.988990 0.917774 0.995625 0.911812 0.995558 0.911812 0.991730 0.908216 0.992078 0.906824 0.996486 0.890908 0.993330
0 0.978911 0.967100 0.979356 0.955700 0.992680 0.955256 0.992680 0.951702 0.999008 0.951961 0.999008 0.982350 0.997566 0.982350 0.997270 0.978648 0.994605 0.977020 0.991792 0.970061 0.996234 0.968284 0.995642 0.966064 0.993569 0.967248 0.978911 0.967100
0 0.894505 0.856042 0.896577 0.842865 0.904868 0.843605 0.904128 0.847899 0.911679 0.848787 0.913307 0.847011 0.922191 0.847899 0.920710 0.859151 0.894505 0.856042
0 0.988106 0.839362 0.993560 0.838453 0.994378 0.854268 0.965292 0.858267 0.964928 0.854268 0.944841 0.854450 0.945113 0.847697 0.956018 0.846537 0.955742 0.829023 0.975421 0.825777 0.975235 0.823829 0.981045 0.821699 0.988106 0.839362
0 0.980859 0.821250 0.974713 0.823500 0.974891 0.825369 0.955732 0.828535 0.955732 0.828228 0.952141 0.828606 0.947606 0.816512 0.948877 0.815068 0.954096 0.814636 0.959506 0.813877 0.959414 0.812226 0.975879 0.808789 0.980859 0.821250
0 0.966821 0.776309 0.966081 0.786821 0.971411 0.797629 0.975693 0.808330 0.958904 0.811834 0.958994 0.813455 0.954042 0.814150 0.948887 0.814570 0.947606 0.801585 0.945717 0.800640 0.944205 0.786657 0.945339 0.786657 0.942375 0.777623 0.945507 0.774723 0.944531 0.772422 0.945888 0.770524 0.959434 0.766650 0.966821 0.776309
0 0.959121 0.766230 0.945589 0.770101 0.944180 0.772080 0.937132 0.771934 0.932543 0.754760 0.932539 0.754756 0.938759 0.750386 0.945520 0.746859 0.954067 0.745532 0.954043 0.745391 0.954237 0.745366 0.959121 0.766230
0 0.952080 0.745342 0.945365 0.746389 0.938505 0.749968 0.932441 0.754229 0.930696 0.745218 0.928031 0.744774 0.919740 0.723454 0.915446 0.702727 0.939283 0.697101 0.952080 0.745342
0 0.932021 0.850215 0.931093 0.820170 0.942578 0.819242 0.943042 0.816806 0.947606 0.816512 0.951510 0.830031 0.949306 0.830147 0.949538 0.838035 0.954990 0.838383 0.954526 0.846039 0.943738 0.847083 0.943390 0.851723 0.931673 0.852187 0.932021 0.850215
0 0.924820 0.818850 0.923710 0.799038 0.941916 0.798797 0.943506 0.800593 0.945717 0.801363 0.945826 0.815094 0.942230 0.815558 0.941998 0.818690 0.924820 0.818850
0 0.926954 0.797622 0.928595 0.782804 0.933102 0.782890 0.933798 0.776394 0.941729 0.776733 0.941394 0.780862 0.942455 0.781029 0.942622 0.789511 0.943794 0.789902 0.943068 0.798327 0.926954 0.797622
0 0.911573 0.747852 0.911664 0.738854 0.921753 0.738218 0.924934 0.744398 0.929933 0.745853 0.930478 0.755851 0.917663 0.756124 0.917663 0.748307 0.911573 0.747852
0 0.735843 0.594961 0.746695 0.558545 0.764782 0.562404 0.765988 0.559269 0.792757 0.566022 0.781664 0.609431 0.735843 0.594961
0 0.792034 0.577839 0.796375 0.565780 0.847502 0.577115 0.852325 0.601473 0.836408 0.603161 0.831344 0.585315 0.810845 0.582179 0.792034 0.577839
0 0.808674 0.644882 0.812050 0.626795 0.842437 0.631377 0.838337 0.652358 0.833755 0.654288 0.808674 0.644882
0 0.844608 0.660558 0.845813 0.630654 0.862454 0.630412 0.862695 0.640059 0.883194 0.639577 0.883435 0.667310 0.878853 0.668275 0.878612 0.670446 0.864383 0.672375 0.854736 0.666587 0.844608 0.660558
0 0.892840 0.610637 0.891393 0.595202 0.919851 0.591826 0.925880 0.633306 0.920333 0.636441 0.919368 0.640782 0.901763 0.641747 0.899352 0.612566 0.892840 0.610637
0 0.944734 0.665341 0.939735 0.649980 0.953733 0.644981 0.957278 0.650253 0.958459 0.662432 0.944734 0.665341
4 0.984846 0.654410 0.983145 0.642128 0.999008 0.633414 0.999008 0.654730 0.992026 0.655922 0.984846 0.654410
0 0.936850 0.645151 0.932882 0.617374 0.938929 0.616241 0.939874 0.608493 0.949042 0.608569 0.949042 0.611841 0.957767 0.614750 0.959040 0.627293 0.962039 0.628384 0.962766 0.642745 0.936850 0.645151
0 0.941621 0.603748 0.966860 0.550500 0.982865 0.557271 0.976402 0.569275 0.987174 0.575739 0.977017 0.604979 0.974247 0.603440 0.968091 0.615752 0.941621 0.603748
0 0.908035 0.549151 0.897310 0.523247 0.893402 0.524610 0.877859 0.491435 0.871678 0.470620 0.894402 0.464712 0.908672 0.485617 0.932395 0.538335 0.908035 0.549151
0 0.274566 0.427038 0.262025 0.387245 0.276495 0.383869 0.285418 0.423902 0.274566 0.427038
0 0.259613 0.385316 0.249967 0.353724 0.266848 0.347936 0.277942 0.381457 0.259613 0.385316
0 0.956682 0.999001 0.956286 0.997796 0.950786 0.997941 0.950931 0.990126 0.961786 0.990415 0.962045 0.999001 0.956682 0.999001
0 0.923961 0.779827 0.923710 0.799038 0.908217 0.799796 0.907065 0.779827 0.923961 0.779827
0 0.876728 0.756787 0.889400 0.757939 0.889785 0.772915 0.877880 0.773683 0.876728 0.756787
