0 0.197398 0.722437 0.191899 0.710714 0.221568 0.696530 0.224897 0.703477 0.221568 0.705648 0.223739 0.710859 0.197398 0.722437
0 0.180886 0.749123 0.201855 0.736417 0.214560 0.747701 0.200700 0.758275 0.197501 0.754809 0.195013 0.752766 0.187017 0.757653 0.180886 0.749123
0 0.208874 0.741304 0.233486 0.720602 0.248768 0.734462 0.224245 0.754632 0.208874 0.741304
0 0.200034 0.992553 0.201922 0.995888 0.200619 0.999005 0.183346 0.999005 0.187451 0.987836 0.200034 0.992553
0 0.214480 0.988337 0.211721 0.997058 0.201922 0.995888 0.200034 0.992553 0.202407 0.984819 0.214480 0.988337
0 0.216218 0.942329 0.226880 0.933355 0.251897 0.949018 0.234660 0.966103 0.219772 0.955390 0.223770 0.951303 0.216218 0.942329
0 0.138013 0.902913 0.148144 0.869191 0.161604 0.873678 0.151762 0.908268 0.138013 0.902913
0 0.041406 0.921408 0.050813 0.909975 0.063983 0.919093 0.060655 0.923435 0.064418 0.926619 0.059329 0.932223 0.054142 0.928355 0.051681 0.930816 0.041406 0.921408
0 0.107715 0.918661 0.111823 0.902580 0.128600 0.905921 0.128252 0.908984 0.133752 0.910903 0.130341 0.923325 0.124911 0.922769 0.124563 0.924509 0.107715 0.918661
0 0.080830 0.840547 0.095204 0.844967 0.093427 0.857495 0.086279 0.857134 0.084329 0.867855 0.077159 0.867367 0.076741 0.871405 0.056970 0.868899 0.057109 0.862564 0.055488 0.861138 0.056826 0.836875 0.080830 0.840547
0 0.092834 0.823631 0.088064 0.834197 0.082848 0.831929 0.078730 0.839736 0.056855 0.836387 0.056866 0.836139 0.074797 0.813445 0.092834 0.823631
0 0.074752 0.795158 0.063639 0.786313 0.070557 0.778148 0.081216 0.786539 0.074752 0.795158
0 0.169907 0.920713 0.175691 0.903476 0.209597 0.915270 0.224906 0.932053 0.213226 0.942599 0.204834 0.934661 0.201432 0.931599 0.169907 0.920713
0 0.076760 0.950179 0.067915 0.942468 0.077101 0.931015 0.087193 0.937252 0.093770 0.929881 0.104997 0.936005 0.095925 0.946891 0.097739 0.949045 0.084245 0.963674 0.071998 0.956530 0.076760 0.950179
0 0.116790 0.945303 0.123027 0.933963 0.136295 0.940994 0.130285 0.951654 0.116790 0.945303
0 0.066640 0.913625 0.081310 0.886494 0.093884 0.892913 0.092523 0.898016 0.105494 0.904499 0.092193 0.925531 0.093083 0.927352 0.087306 0.935438 0.072701 0.926697 0.077118 0.920840 0.066640 0.913625
0 0.031185 0.875550 0.034587 0.869426 0.045360 0.875890 0.041845 0.881560 0.031185 0.875550
0 0.028870 0.813218 0.026375 0.801765 0.029097 0.799950 0.029324 0.796888 0.042478 0.793827 0.049736 0.828527 0.039076 0.830455 0.034313 0.814012 0.028870 0.813218
0 0.015001 0.832517 0.021058 0.825347 0.034155 0.833401 0.028507 0.841668 0.015001 0.832517
0 0.168687 0.889154 0.176016 0.886711 0.189569 0.908021 0.175691 0.903302 0.168687 0.889154
