0 0.000008 0.637697 0.021627 0.634846 0.027161 0.661942 0.000008 0.667036 0.000008 0.637697
0 0.066167 0.490149 0.069360 0.465565 0.119328 0.511062 0.115976 0.513138 0.119328 0.516969 0.102087 0.521120 0.066167 0.490149
0 0.082531 0.583354 0.068802 0.543923 0.088917 0.538495 0.091950 0.544401 0.101209 0.541528 0.098974 0.534504 0.120845 0.528757 0.130743 0.539612 0.135532 0.562441 0.120206 0.567869 0.121803 0.571381 0.082531 0.583354
0 0.121605 0.527985 0.129249 0.524065 0.142578 0.535923 0.134639 0.541020 0.121605 0.527985
0 0.080421 0.646265 0.117298 0.645786 0.117298 0.671808 0.078984 0.671808 0.080421 0.646265
0 0.031087 0.715436 0.043312 0.714825 0.043516 0.681003 0.060020 0.680799 0.059205 0.739275 0.031495 0.724198 0.031087 0.715436
0 0.018323 0.737309 0.038995 0.728801 0.046639 0.732917 0.056440 0.757517 0.044483 0.763397 0.041543 0.761437 0.030272 0.765553 0.018323 0.737309
0 0.000008 0.745126 0.005071 0.747034 0.009554 0.761703 0.000008 0.761509 0.000008 0.745126
0 0.047623 0.784482 0.051295 0.772829 0.046346 0.771392 0.048422 0.762452 0.070612 0.769157 0.068377 0.779534 0.065184 0.778735 0.063907 0.783205 0.047623 0.784482
4 0.067684 0.780817 0.075145 0.780636 0.075145 0.784848 0.067925 0.785450 0.067684 0.780817
0 0.071362 0.778691 0.074239 0.764056 0.085372 0.766433 0.082745 0.780192 0.071362 0.778691
0 0.230778 0.419939 0.251948 0.404944 0.257789 0.413567 0.260166 0.412567 0.268046 0.421322 0.265920 0.423324 0.272823 0.430916 0.249791 0.446303 0.230778 0.419939
0 0.272416 0.494115 0.305683 0.475707 0.321967 0.503484 0.288371 0.521646 0.272416 0.494115
0 0.384876 0.670905 0.387117 0.665404 0.389562 0.661533 0.390988 0.659699 0.393025 0.657662 0.395878 0.656236 0.399138 0.654402 0.402194 0.653587 0.404843 0.653179 0.410140 0.652772 0.412789 0.652772 0.416049 0.652772 0.419309 0.653383 0.422569 0.654606 0.425625 0.655828 0.429292 0.657866 0.432960 0.661533 0.434590 0.666219 0.435069 0.670977 0.435636 0.674936 0.434997 0.679463 0.434386 0.682315 0.432960 0.685371 0.430719 0.689854 0.384876 0.670905
0 0.226010 0.923968 0.223318 0.920215 0.220809 0.914867 0.219249 0.909926 0.218209 0.906285 0.215608 0.897184 0.214048 0.891983 0.212998 0.886782 0.212211 0.880903 0.211708 0.877681 0.211414 0.871960 0.211448 0.867280 0.211448 0.862599 0.211448 0.858698 0.211968 0.854018 0.212032 0.847939 0.212228 0.843096 0.212488 0.838155 0.213268 0.831914 0.214308 0.823073 0.215348 0.817352 0.216389 0.812151 0.217689 0.806431 0.218989 0.799409 0.220289 0.793949 0.221329 0.790828 0.224970 0.780427 0.226530 0.776006 0.228610 0.771065 0.229391 0.768465 0.231731 0.764824 0.286599 0.788228 0.226010 0.923968
0 0.346080 0.975433 0.406509 0.837242 0.462677 0.859606 0.459036 0.868187 0.455497 0.875829 0.450757 0.884369 0.447595 0.889770 0.444994 0.894451 0.441094 0.900952 0.438233 0.906153 0.432513 0.915254 0.426792 0.922275 0.419771 0.929816 0.414050 0.935537 0.409889 0.939958 0.405989 0.943858 0.401308 0.948019 0.394547 0.953220 0.388306 0.957120 0.381285 0.961801 0.374784 0.965441 0.366463 0.970122 0.361002 0.972983 0.355281 0.975583 0.348520 0.977403 0.346080 0.975433
0 0.552688 0.710671 0.555815 0.708044 0.559943 0.705417 0.562570 0.704417 0.566072 0.703541 0.569074 0.703166 0.571951 0.702540 0.579956 0.702040 0.585056 0.702869 0.593715 0.704792 0.597343 0.705792 0.600220 0.707168 0.603722 0.709920 0.606098 0.711546 0.608725 0.713673 0.611602 0.716550 0.613603 0.718551 0.615104 0.720927 0.618232 0.726181 0.619858 0.730309 0.620358 0.734562 0.620608 0.738064 0.620483 0.742192 0.618732 0.746569 0.615980 0.751573 0.613979 0.755075 0.610727 0.759203 0.608100 0.761579 0.603096 0.765929 0.598719 0.768477 0.593651 0.770214 0.585210 0.772712 0.577705 0.772712 0.569324 0.771711 0.562945 0.770710 0.558067 0.768834 0.551938 0.763706 0.545934 0.757452 0.542556 0.751072 0.540680 0.746569 0.539554 0.739565 0.540180 0.731434 0.541180 0.726056 0.543307 0.721053 0.545808 0.717300 0.551062 0.711921 0.552688 0.710671
0 0.564524 0.802427 0.563302 0.774513 0.570026 0.775125 0.579805 0.781645 0.583677 0.785108 0.588159 0.789591 0.595290 0.798148 0.602014 0.808743 0.606700 0.819134 0.609145 0.826469 0.611386 0.838286 0.611386 0.849696 0.610775 0.863143 0.607845 0.873114 0.602644 0.884295 0.593283 0.899637 0.581061 0.912379 0.570659 0.917580 0.566759 0.917840 0.566759 0.890276 0.550376 0.889236 0.550353 0.883403 0.522009 0.886003 0.521489 0.864160 0.574017 0.861039 0.574017 0.856359 0.522269 0.858439 0.521749 0.835556 0.572977 0.833475 0.572977 0.827754 0.521749 0.831135 0.521489 0.808772 0.560495 0.806431 0.560495 0.803051 0.564524 0.802427
0 0.638850 0.860807 0.656522 0.866441 0.646334 0.898021 0.628405 0.891909 0.638850 0.860807
0 0.062694 0.352052 0.070495 0.342690 0.087137 0.357512 0.079856 0.366614 0.062694 0.352052
0 0.077776 0.337489 0.081157 0.306545 0.124843 0.312006 0.118342 0.344511 0.077776 0.337489
0 0.000008 0.203420 0.023267 0.212369 0.009616 0.237620 0.000008 0.254009 0.000008 0.203420
0 0.025229 0.269252 0.034330 0.241168 0.044472 0.244809 0.041091 0.253650 0.053573 0.257550 0.049672 0.271853 0.025229 0.269252
0 0.099128 0.085013 0.123187 0.084392 0.122812 0.098276 0.126940 0.098401 0.126439 0.112786 0.102173 0.113411 0.102173 0.109158 0.098079 0.109033 0.099128 0.085013
0 0.098558 0.120773 0.125657 0.119551 0.126268 0.135240 0.129528 0.135240 0.129528 0.146446 0.104874 0.148483 0.104671 0.145019 0.099577 0.145427 0.098558 0.120773
0 0.099033 0.153075 0.123482 0.152056 0.124093 0.171209 0.128372 0.170801 0.128983 0.180785 0.100866 0.182007 0.099033 0.153075
0 0.101274 0.196066 0.117981 0.195454 0.117981 0.193213 0.126742 0.193417 0.126742 0.208291 0.128576 0.208494 0.128576 0.216033 0.134688 0.215829 0.134892 0.227443 0.131225 0.227646 0.131428 0.241501 0.107325 0.242883 0.106775 0.220923 0.101885 0.221127 0.101274 0.196066
0 0.147154 0.148639 0.147154 0.121340 0.163118 0.121340 0.162958 0.118467 0.183711 0.118945 0.184031 0.132196 0.172856 0.132036 0.172856 0.147841 0.147154 0.148639
0 0.159123 0.155163 0.181388 0.155038 0.182139 0.180805 0.159248 0.182931 0.159123 0.155163
0 0.160852 0.190220 0.183242 0.189969 0.182866 0.213485 0.179864 0.213485 0.179989 0.224617 0.183742 0.224492 0.183617 0.242754 0.158350 0.243255 0.158350 0.227619 0.161977 0.227369 0.162103 0.217613 0.164604 0.217488 0.164479 0.214235 0.163228 0.214235 0.163103 0.208982 0.161102 0.209107 0.160852 0.190220
0 0.180064 0.279588 0.151545 0.281089 0.151420 0.255572 0.165929 0.254822 0.165929 0.250319 0.185442 0.249693 0.185818 0.261201 0.179438 0.261701 0.180064 0.279588
0 0.338587 0.000007 0.334161 0.017888 0.302888 0.009951 0.304264 0.002321 0.298635 0.001446 0.295930 0.018134 0.288675 0.033644 0.275740 0.030162 0.280808 0.015726 0.283697 0.000006 0.338587 0.000007
0 0.017004 0.858198 0.051805 0.855325 0.055158 0.891404 0.048932 0.892361 0.049890 0.904813 0.026422 0.906250 0.025784 0.893000 0.030094 0.892202 0.030254 0.886774 0.034245 0.886295 0.033606 0.872566 0.017323 0.873205 0.017004 0.858198
0 0.011980 0.906578 0.021486 0.905702 0.022361 0.917335 0.012480 0.918085 0.011980 0.906578
0 0.089178 0.999003 0.092954 0.983419 0.083174 0.981381 0.087045 0.964267 0.106197 0.968138 0.107012 0.965285 0.140187 0.971255 0.139436 0.974132 0.150194 0.976508 0.144800 0.999004 0.089178 0.999003
0 0.145178 0.218938 0.143140 0.152720 0.155976 0.152924 0.156791 0.192451 0.154550 0.192451 0.153939 0.211195 0.159032 0.211195 0.159236 0.218327 0.145178 0.218938
0 0.222974 0.153843 0.246813 0.153232 0.247424 0.166883 0.251091 0.167087 0.251499 0.176866 0.223993 0.178089 0.222974 0.153843
0 0.224906 0.191126 0.241508 0.190328 0.241349 0.188412 0.248533 0.188253 0.250448 0.210123 0.256355 0.209964 0.256674 0.212997 0.269924 0.212678 0.270084 0.221139 0.262900 0.221618 0.263698 0.235506 0.232409 0.237422 0.231930 0.217148 0.226662 0.217307 0.224906 0.191126
0 0.268229 0.182838 0.280202 0.183158 0.281000 0.212372 0.269924 0.212678 0.268229 0.182838
0 0.224689 0.248370 0.250099 0.247892 0.249488 0.262364 0.253958 0.262364 0.253958 0.275295 0.241187 0.276413 0.240867 0.274657 0.237994 0.274497 0.238473 0.277370 0.229852 0.278328 0.230012 0.273379 0.225382 0.273220 0.224689 0.248370
0 0.302132 0.178225 0.274354 0.178864 0.274354 0.150607 0.288083 0.150767 0.288083 0.148213 0.307879 0.148692 0.307560 0.158110 0.302611 0.158110 0.302132 0.178225
0 0.284225 0.185504 0.308366 0.185004 0.308116 0.203766 0.304864 0.203766 0.288228 0.204892 0.284976 0.204767 0.284225 0.185504
0 0.288228 0.204892 0.304864 0.203766 0.305364 0.220902 0.286852 0.221778 0.286477 0.211021 0.288728 0.210896 0.288228 0.204892
0 0.286852 0.221778 0.305364 0.220902 0.307976 0.238707 0.284828 0.239026 0.283391 0.221625 0.286852 0.221778
0 0.274091 0.245988 0.307137 0.244870 0.308255 0.262910 0.297080 0.263708 0.297878 0.274563 0.275209 0.275841 0.274091 0.245988
0 0.396882 0.023602 0.427240 0.012396 0.443133 0.052942 0.409718 0.065371 0.400957 0.043366 0.404421 0.041940 0.396882 0.023602
0 0.428236 0.132130 0.453200 0.122509 0.463081 0.149813 0.437598 0.158914 0.428236 0.132130
0 0.467987 0.166705 0.478204 0.162554 0.483153 0.173410 0.472616 0.177561 0.467987 0.166705
0 0.404258 0.198695 0.396378 0.201697 0.397254 0.203573 0.385871 0.208326 0.384871 0.206825 0.366483 0.212704 0.359228 0.190939 0.370111 0.187062 0.363356 0.173053 0.358353 0.168675 0.376240 0.161295 0.378241 0.164672 0.382994 0.163171 0.384245 0.166048 0.395127 0.161920 0.402007 0.181058 0.398755 0.182684 0.404258 0.198695
0 0.352044 0.248889 0.351794 0.225123 0.375184 0.224873 0.375935 0.238632 0.380062 0.238632 0.379937 0.251265 0.358048 0.253392 0.357923 0.248764 0.352044 0.248889
0 0.398988 0.245691 0.398988 0.222224 0.422775 0.222064 0.422456 0.234836 0.426926 0.234836 0.426926 0.246010 0.398988 0.245691
0 0.644263 0.000007 0.633851 0.046262 0.504237 0.017883 0.511011 0.000008 0.644263 0.000007
0 0.535901 0.292353 0.486233 0.280131 0.490654 0.259328 0.510157 0.260628 0.513277 0.241646 0.554103 0.247627 0.550983 0.271290 0.546302 0.284812 0.535901 0.292353
0 0.573053 0.272365 0.591065 0.250726 0.600821 0.258356 0.598945 0.260482 0.602572 0.262859 0.606950 0.257230 0.618930 0.266440 0.598788 0.292457 0.588563 0.285374 0.589814 0.283873 0.586437 0.281246 0.581683 0.287625 0.574053 0.280746 0.577931 0.276618 0.573053 0.272365
0 0.609317 0.241940 0.625328 0.217549 0.630831 0.220801 0.649969 0.201288 0.663603 0.210419 0.669107 0.219800 0.650845 0.241189 0.637836 0.229306 0.622826 0.252447 0.609317 0.241940
0 0.255344 0.309903 0.290593 0.302772 0.294668 0.325388 0.259827 0.331907 0.255344 0.309903
0 0.291569 0.301795 0.332930 0.292219 0.337005 0.315242 0.295644 0.324411 0.291569 0.301795
0 0.332930 0.293195 0.362881 0.286676 0.361658 0.282397 0.368993 0.280156 0.369948 0.284726 0.376328 0.308477 0.366141 0.312144 0.364714 0.307662 0.354120 0.309495 0.355546 0.313978 0.338227 0.318460 0.337005 0.316219 0.332930 0.293195
0 0.370924 0.285702 0.410108 0.276242 0.415405 0.299877 0.377305 0.309453 0.370924 0.285702
0 0.410108 0.275266 0.449838 0.266505 0.453710 0.284027 0.444949 0.286064 0.446375 0.292584 0.415405 0.298900 0.410108 0.275266
0 0.264355 0.352814 0.304900 0.346498 0.307549 0.367077 0.267614 0.372578 0.264355 0.352814
0 0.283736 0.338807 0.293617 0.337306 0.294368 0.343560 0.284361 0.345436 0.283736 0.338807
0 0.298623 0.337083 0.307384 0.336064 0.307792 0.342991 0.299438 0.343806 0.298623 0.337083
0 0.307575 0.344223 0.345401 0.338925 0.347642 0.345852 0.347439 0.357058 0.310560 0.362356 0.307575 0.344223
0 0.312488 0.332890 0.352014 0.324759 0.352889 0.333390 0.313738 0.341521 0.312488 0.332890
0 0.351481 0.354806 0.348221 0.337080 0.384488 0.330152 0.389582 0.337895 0.387952 0.348897 0.351481 0.354806
0 0.391831 0.346467 0.388478 0.328428 0.425356 0.320446 0.431901 0.327630 0.429985 0.339124 0.391831 0.346467
0 0.434225 0.336260 0.430394 0.317263 0.469506 0.308004 0.475572 0.317263 0.475572 0.329236 0.434225 0.336260
0 0.421118 0.306191 0.448762 0.299937 0.447511 0.295434 0.460895 0.292056 0.463897 0.306066 0.427498 0.314321 0.428123 0.317323 0.422494 0.318574 0.421118 0.306191
0 0.290110 0.392525 0.312726 0.388246 0.311911 0.384375 0.328618 0.381319 0.332082 0.398434 0.330044 0.398841 0.331674 0.416363 0.340028 0.418197 0.333712 0.444481 0.320672 0.440202 0.325358 0.420031 0.324543 0.411881 0.292962 0.417178 0.290110 0.392525
0 0.329958 0.384311 0.370300 0.376569 0.373764 0.390424 0.370096 0.391850 0.373764 0.408965 0.365818 0.411409 0.363169 0.403463 0.335052 0.408353 0.329958 0.384311
0 0.370942 0.374816 0.409468 0.368437 0.414221 0.388700 0.410347 0.389637 0.413724 0.403271 0.404093 0.405272 0.401841 0.394140 0.376074 0.399268 0.370942 0.374816
0 0.409468 0.368437 0.445363 0.361270 0.450367 0.392040 0.439610 0.394667 0.437358 0.386036 0.414221 0.388700 0.409468 0.368437
0 0.448260 0.358902 0.489607 0.350281 0.493598 0.368480 0.483221 0.370715 0.484498 0.378059 0.452730 0.384764 0.448260 0.358902
0 0.379421 0.409650 0.404093 0.405272 0.413724 0.403271 0.489783 0.387376 0.488357 0.380652 0.498544 0.378819 0.501600 0.392266 0.380982 0.414678 0.379421 0.409650
0 0.345183 0.422509 0.384303 0.414767 0.391026 0.421287 0.390211 0.435956 0.350277 0.441865 0.345183 0.422509
0 0.390449 0.416568 0.425889 0.408745 0.431476 0.418324 0.431636 0.429020 0.393641 0.435565 0.390449 0.416568
0 0.430126 0.408482 0.462214 0.401138 0.469557 0.408482 0.467482 0.421413 0.434756 0.427958 0.430126 0.408482
0 0.468169 0.400465 0.503053 0.393566 0.510397 0.401389 0.508162 0.414160 0.471923 0.419351 0.468169 0.400465
0 0.508909 0.351263 0.530099 0.346577 0.524190 0.381418 0.518689 0.382233 0.509521 0.357172 0.508909 0.351263
0 0.471838 0.508362 0.487437 0.483139 0.506686 0.493096 0.513323 0.481812 0.588329 0.523629 0.581359 0.536904 0.602600 0.545865 0.582122 0.566083 0.471838 0.508362
0 0.573014 0.619637 0.613060 0.539285 0.654406 0.558268 0.614880 0.633159 0.610200 0.630559 0.606559 0.635499 0.573014 0.619637
0 0.518667 0.481249 0.553252 0.420920 0.657528 0.476829 0.634384 0.517655 0.621902 0.511414 0.610981 0.530917 0.518667 0.481249
0 0.630134 0.457885 0.639872 0.443837 0.648652 0.450382 0.638755 0.464271 0.630134 0.457885
0 0.559501 0.355597 0.595580 0.334525 0.606276 0.344902 0.607713 0.357034 0.602126 0.360387 0.604361 0.364697 0.574188 0.381938 0.559501 0.355597
0 0.657181 0.298065 0.678764 0.275442 0.682405 0.278302 0.687086 0.273101 0.708409 0.294424 0.681885 0.321468 0.657181 0.298065
0 0.700961 0.262437 0.709723 0.251435 0.700961 0.245730 0.711760 0.231060 0.733357 0.246545 0.727449 0.253065 0.732542 0.256528 0.718280 0.274866 0.700961 0.262437
0 0.676596 0.106592 0.683851 0.095460 0.681724 0.093834 0.689730 0.079449 0.699361 0.084453 0.703739 0.076072 0.724464 0.087737 0.722229 0.092047 0.741546 0.103222 0.728774 0.126210 0.713609 0.118069 0.717121 0.112801 0.714566 0.111364 0.707383 0.122698 0.676596 0.106592
0 0.749101 0.126680 0.755073 0.109873 0.770208 0.115627 0.764079 0.131637 0.749101 0.126680
0 0.703121 0.064994 0.709826 0.055096 0.700567 0.048711 0.711742 0.033225 0.713498 0.034183 0.718766 0.026361 0.736167 0.039132 0.732814 0.044560 0.751333 0.056214 0.735209 0.082235 0.725950 0.076009 0.724034 0.078883 0.703121 0.064994
0 0.730492 0.016747 0.741666 0.007647 0.740070 0.005253 0.745768 0.000006 0.760241 0.000006 0.769125 0.008446 0.779342 0.024090 0.758429 0.040374 0.749649 0.027602 0.744380 0.032232 0.730492 0.016747
0 0.823532 0.000005 0.797252 0.011860 0.791409 0.000005 0.823532 0.000005
0 0.815770 0.014095 0.828542 0.008986 0.833491 0.021598 0.821996 0.026707 0.815770 0.014095
0 0.810557 0.049160 0.828436 0.037347 0.836099 0.050916 0.818219 0.062411 0.810557 0.049160
0 0.770817 0.072453 0.776321 0.065323 0.787078 0.073204 0.781324 0.080083 0.770817 0.072453
0 0.816971 0.126140 0.817901 0.100598 0.848579 0.102833 0.848101 0.128056 0.816971 0.126140
0 0.887109 0.014052 0.900891 0.009891 0.906352 0.020553 0.912333 0.026794 0.912593 0.033555 0.891789 0.040836 0.886849 0.026274 0.889969 0.024713 0.887109 0.014052
0 0.892326 0.049470 0.908450 0.045160 0.914516 0.060166 0.922977 0.058091 0.928405 0.075332 0.907333 0.081079 0.903661 0.067988 0.899031 0.069904 0.893603 0.057452 0.895998 0.056654 0.892326 0.049470
0 0.847939 0.178768 0.850190 0.169262 0.858571 0.171013 0.856694 0.181520 0.847939 0.178768
0 0.861647 0.169943 0.897566 0.157491 0.904271 0.175531 0.913051 0.172178 0.914648 0.176648 0.912094 0.177925 0.913530 0.181757 0.909980 0.183690 0.901078 0.186706 0.899642 0.183353 0.893735 0.185109 0.891819 0.180320 0.883997 0.183832 0.881921 0.179362 0.867234 0.184311 0.861647 0.169943
0 0.907432 0.198293 0.909980 0.183690 0.913530 0.181757 0.912094 0.177925 0.914648 0.176648 0.944086 0.185944 0.940362 0.200057 0.928895 0.196431 0.927817 0.204467 0.907432 0.198293
0 0.769994 0.198401 0.780589 0.164171 0.802964 0.172125 0.797210 0.193014 0.806341 0.195266 0.807342 0.190262 0.812970 0.191138 0.811719 0.207399 0.791831 0.203521 0.792332 0.199769 0.769994 0.198401
0 0.768767 0.218480 0.770600 0.201365 0.788734 0.203606 0.807275 0.210534 0.806867 0.217665 0.796799 0.228720 0.785067 0.242318 0.782825 0.240688 0.778139 0.247820 0.769174 0.241300 0.773249 0.236410 0.769174 0.233965 0.776713 0.222555 0.768767 0.218480
0 0.796799 0.228720 0.806996 0.232804 0.800599 0.245781 0.795713 0.255257 0.782040 0.249109 0.785067 0.242318 0.796799 0.228720
0 0.795713 0.255257 0.800599 0.245781 0.810207 0.247723 0.807455 0.268862 0.791194 0.266360 0.795713 0.255257
0 0.784099 0.255752 0.790856 0.255752 0.790775 0.267438 0.784337 0.267498 0.784099 0.255752
0 0.816838 0.198537 0.821716 0.182651 0.854613 0.192533 0.849860 0.208794 0.816838 0.198537
0 0.856763 0.194117 0.887033 0.202623 0.883030 0.217008 0.852134 0.208127 0.856763 0.194117
0 0.871126 0.226231 0.899223 0.205957 0.902575 0.209948 0.905928 0.207393 0.918060 0.216174 0.924286 0.227508 0.911300 0.239834 0.913162 0.243166 0.906498 0.247772 0.899833 0.240226 0.902283 0.237678 0.897285 0.230621 0.887975 0.237776 0.885328 0.234542 0.879448 0.238756 0.871126 0.226231
0 0.826786 0.244828 0.807227 0.244624 0.811719 0.208375 0.835983 0.213131 0.846948 0.214961 0.847587 0.208895 0.858283 0.210491 0.860039 0.244654 0.826786 0.244828
0 0.809592 0.271155 0.811354 0.247693 0.856635 0.247693 0.858710 0.255356 0.857593 0.271161 0.809592 0.271155
0 0.863180 0.272597 0.857164 0.245692 0.865201 0.243732 0.867847 0.251376 0.881991 0.247493 0.887419 0.265372 0.863180 0.272597
0 0.896264 0.271773 0.921807 0.237610 0.932343 0.229308 0.941283 0.235694 0.944795 0.244634 0.941443 0.248306 0.950862 0.259481 0.936494 0.273210 0.925638 0.262673 0.913506 0.268261 0.903289 0.280074 0.896264 0.271773
0 0.906712 0.279409 0.925725 0.269653 0.936232 0.290166 0.916719 0.299673 0.906712 0.279409
0 0.955900 0.253810 0.948237 0.248542 0.937062 0.225394 0.953505 0.219807 0.973939 0.226671 0.999009 0.236653 0.999009 0.247837 0.990542 0.247265 0.972023 0.239602 0.973460 0.236729 0.962764 0.231780 0.956698 0.234334 0.963243 0.239602 0.958135 0.243434 0.962285 0.246467 0.955900 0.253810
0 0.930801 0.363067 0.960821 0.340803 0.987589 0.371323 0.979458 0.377452 0.977207 0.375451 0.961946 0.387208 0.945686 0.369321 0.938556 0.374075 0.930801 0.363067
0 0.975512 0.383117 0.999009 0.371387 0.999009 0.406997 0.987533 0.405121 0.975512 0.383117
0 0.971262 0.411752 0.988531 0.405849 0.997015 0.419929 0.979867 0.426968 0.971262 0.411752
0 0.721118 0.521016 0.734153 0.513959 0.740131 0.524152 0.726900 0.531502 0.721118 0.521016
0 0.739852 0.511542 0.765075 0.497015 0.775931 0.513458 0.751346 0.527347 0.739852 0.511542
0 0.814244 0.509018 0.797641 0.478048 0.831006 0.463361 0.846970 0.492735 0.814244 0.509018
0 0.812570 0.509506 0.832857 0.513818 0.826781 0.542142 0.806689 0.537731 0.812570 0.509506
0 0.740401 0.548567 0.744517 0.544941 0.742557 0.543079 0.755689 0.532690 0.758532 0.535336 0.763334 0.531808 0.785189 0.546803 0.782641 0.548469 0.795186 0.562974 0.785875 0.571207 0.776761 0.562680 0.763236 0.574343 0.747555 0.558368 0.749711 0.556506 0.740401 0.548567
0 0.768488 0.581508 0.778485 0.572687 0.784757 0.578960 0.774859 0.587878 0.768488 0.581508
0 0.738638 0.613280 0.765781 0.591766 0.779040 0.607026 0.770784 0.613530 0.767908 0.610278 0.756650 0.619284 0.753898 0.616407 0.746518 0.622536 0.738638 0.613280
0 0.909925 0.738378 0.917588 0.728321 0.924453 0.733429 0.916311 0.743327 0.909925 0.738378
0 0.957114 0.331773 0.987473 0.313435 0.977693 0.304878 0.985843 0.298562 0.995011 0.309564 0.999009 0.307279 0.999009 0.333550 0.975248 0.346850 0.957114 0.331773
0 0.999009 0.363614 0.979648 0.348883 0.999009 0.333769 0.999009 0.363614
0 0.753588 0.230916 0.746525 0.240414 0.729234 0.230916 0.733131 0.225071 0.753588 0.230916
0 0.938189 0.173035 0.924600 0.178892 0.918157 0.167529 0.932801 0.161320 0.938189 0.173035
