0 0.999012 0.648299 0.972714 0.645228 0.975751 0.608268 0.968663 0.606243 0.963094 0.635608 0.952968 0.636114 0.934741 0.630039 0.940311 0.574346 0.962588 0.573840 0.999012 0.574374 0.999012 0.648299
0 0.979295 0.558145 0.979802 0.571308 0.957525 0.569790 0.959044 0.557638 0.979295 0.558145
0 0.910061 0.642530 0.909555 0.664807 0.898292 0.671161 0.879683 0.672908 0.829438 0.662571 0.839180 0.626835 0.901454 0.641011 0.910061 0.642530
0 0.818411 0.677899 0.832587 0.704226 0.813348 0.711314 0.806766 0.708783 0.803009 0.699285 0.788567 0.703497 0.782294 0.688091 0.818411 0.677899
0 0.772794 0.606631 0.781908 0.607644 0.790008 0.617263 0.792034 0.638021 0.778364 0.639540 0.779883 0.617770 0.774820 0.617263 0.772794 0.606631
0 0.781992 0.568847 0.795668 0.569469 0.795357 0.591226 0.780749 0.591848 0.781992 0.568847
0 0.784168 0.598064 0.801263 0.594334 0.802506 0.611119 0.793492 0.614849 0.784168 0.598064
0 0.821182 0.622217 0.816339 0.636734 0.803645 0.637131 0.802058 0.632767 0.803281 0.617676 0.821182 0.622217
0 0.825518 0.609199 0.821338 0.621748 0.803320 0.617178 0.804512 0.602471 0.825518 0.609199
0 0.829922 0.595684 0.826257 0.606982 0.825674 0.608740 0.804551 0.601973 0.805232 0.593494 0.805117 0.589619 0.829922 0.595684
0 0.837588 0.571475 0.836174 0.576437 0.830078 0.595215 0.805098 0.589111 0.804438 0.567709 0.810049 0.559297 0.837588 0.571475
0 0.825860 0.555015 0.826094 0.554619 0.841367 0.558262 0.837725 0.571006 0.810322 0.558887 0.813166 0.554618 0.825860 0.555015
0 0.845205 0.544814 0.841504 0.557793 0.826367 0.554189 0.834004 0.541611 0.845205 0.544814
0 0.848075 0.534783 0.845342 0.544346 0.834258 0.541182 0.839348 0.532800 0.848075 0.534783
0 0.881947 0.509879 0.877284 0.527596 0.862676 0.522001 0.868892 0.503041 0.881947 0.509879
0 0.865473 0.492473 0.865784 0.495892 0.851175 0.531015 0.836256 0.522312 0.854283 0.485324 0.865473 0.492473
0 0.747414 0.383711 0.763266 0.384333 0.766374 0.411064 0.751144 0.412929 0.747414 0.383711
0 0.758604 0.362575 0.766064 0.365062 0.765753 0.380914 0.759225 0.380292 0.758604 0.362575
0 0.836161 0.748098 0.898435 0.815435 0.906536 0.826068 0.892866 0.838219 0.862488 0.809866 0.845780 0.795184 0.814390 0.762274 0.831604 0.744048 0.836161 0.748098
0 0.930749 0.793839 0.921547 0.813651 0.896058 0.796416 0.904665 0.778190 0.930749 0.793839
0 0.817428 0.802272 0.824009 0.816954 0.807302 0.825055 0.802745 0.813410 0.817428 0.802272
0 0.812570 0.854151 0.836366 0.897186 0.820165 0.903768 0.800771 0.867226 0.805081 0.864192 0.801938 0.856682 0.812570 0.854151
0 0.999012 0.977207 0.986663 0.999001 0.950643 0.999002 0.952515 0.989483 0.957092 0.981474 0.952801 0.977183 0.956060 0.973334 0.941844 0.957826 0.937321 0.943176 0.922459 0.916470 0.925690 0.912593 0.914705 0.885454 0.934736 0.875761 0.965753 0.917763 0.999012 0.959180 0.999012 0.977207
0 0.921327 0.999002 0.913412 0.996596 0.901135 0.962995 0.919228 0.953949 0.932151 0.978503 0.950244 0.978503 0.947164 0.999002 0.921327 0.999002
0 0.872057 0.915824 0.877226 0.928102 0.868826 0.929394 0.861718 0.917763 0.872057 0.915824
0 0.984307 0.839873 0.982334 0.857158 0.962457 0.868407 0.964837 0.879515 0.949763 0.882292 0.943416 0.870787 0.927314 0.846807 0.943877 0.830518 0.984307 0.839873
0 0.998751 0.842908 0.997736 0.855427 0.983768 0.856792 0.983147 0.857141 0.985071 0.840276 0.998751 0.842908
0 0.943019 0.830324 0.943311 0.830391 0.927041 0.846397 0.924771 0.843019 0.908903 0.820804 0.914060 0.814060 0.943019 0.830324
2 0.670910 0.274629 0.698679 0.284546 0.687968 0.300414 0.661390 0.284546 0.670910 0.274629
0 0.664960 0.301207 0.654646 0.316282 0.646315 0.311125 0.655439 0.298034 0.664960 0.301207
4 0.999012 0.927852 0.988038 0.928137 0.987727 0.920055 0.999012 0.899192 0.999012 0.927852
0 0.790533 0.824158 0.779971 0.827617 0.778119 0.823032 0.771748 0.803427 0.789757 0.800121 0.788490 0.808984 0.790533 0.824158
