0 0.468993 0.749773 0.485341 0.754597 0.498206 0.760225 0.482929 0.805787 0.452578 0.794834 0.468945 0.749746 0.468993 0.749773
0 0.390465 0.719756 0.399310 0.723508 0.389125 0.750309 0.441388 0.769338 0.450768 0.743609 0.459880 0.744681 0.468516 0.749502 0.452119 0.794668 0.427987 0.785954 0.425843 0.793995 0.385105 0.779790 0.386981 0.770410 0.366345 0.763173 0.381889 0.718148 0.390465 0.719756
0 0.362778 0.636662 0.381915 0.643571 0.378306 0.651306 0.379208 0.651693 0.376888 0.656978 0.374309 0.657236 0.370183 0.668582 0.371992 0.669404 0.370018 0.675986 0.367715 0.674999 0.365247 0.681580 0.349945 0.676592 0.347148 0.672860 0.362778 0.636662
0 0.418903 0.634685 0.410923 0.649836 0.405165 0.646907 0.402741 0.649432 0.398398 0.647513 0.398095 0.643776 0.390751 0.640636 0.389610 0.642361 0.385468 0.640846 0.385468 0.638422 0.378903 0.634382 0.381731 0.627008 0.386781 0.620139 0.418903 0.634685
0 0.389818 0.647697 0.410000 0.656007 0.428995 0.664792 0.421634 0.679750 0.416015 0.678009 0.413720 0.680225 0.407863 0.677613 0.408101 0.673893 0.398049 0.669382 0.396783 0.671044 0.390214 0.668116 0.390372 0.665583 0.384674 0.663130 0.389818 0.647697
0 0.382849 0.675254 0.417399 0.690853 0.409406 0.707613 0.401929 0.704390 0.400769 0.706968 0.382720 0.698459 0.384009 0.695881 0.375372 0.692014 0.382849 0.675254
0 -0.000000 0.613622 0.027302 0.628631 0.021942 0.640691 0.031323 0.646051 0.016314 0.669368 -0.000000 0.660256 -0.000000 0.613622
0 0.019613 0.664356 0.039353 0.659946 0.040613 0.666036 0.059512 0.662256 0.066652 0.714545 0.049432 0.717905 0.050482 0.723784 0.028433 0.728404 0.019613 0.664356
0 -0.000000 0.750533 -0.000000 0.730793 0.021556 0.730163 0.021766 0.736673 0.040665 0.735413 0.042345 0.785812 0.023236 0.787072 0.023236 0.792741 0.003706 0.794001 0.003286 0.776362 0.006436 0.776152 0.006436 0.750743 -0.000000 0.750533
0 0.466957 0.999009 0.466221 0.994841 0.488198 0.990981 0.487662 0.988033 0.506958 0.984013 0.508030 0.987765 0.534295 0.981065 0.537597 0.999009 0.466957 0.999009
0 0.460817 0.899328 0.448183 0.903067 0.447280 0.899715 0.446894 0.897266 0.446636 0.893656 0.446894 0.890691 0.447925 0.886308 0.449730 0.881796 0.452050 0.878444 0.453984 0.875994 0.455918 0.874061 0.459528 0.872127 0.464684 0.870322 0.468681 0.868904 0.472935 0.868259 0.477189 0.868646 0.482475 0.869806 0.482991 0.867744 0.489308 0.870064 0.488792 0.872256 0.492402 0.874834 0.495625 0.878959 0.498848 0.883085 0.500266 0.885921 0.501168 0.889273 0.488018 0.892238 0.487245 0.889273 0.486085 0.887081 0.485053 0.886179 0.483249 0.884503 0.480928 0.883600 0.478221 0.882698 0.474611 0.882053 0.471775 0.882440 0.469583 0.883085 0.467778 0.883858 0.465587 0.884632 0.463911 0.885921 0.462751 0.887726 0.461332 0.890433 0.460430 0.892367 0.460301 0.894945 0.460301 0.896106 0.460430 0.898039 0.460817 0.899328
0 0.498748 0.910910 0.494634 0.895443 0.512733 0.890836 0.516847 0.906303 0.498748 0.910910
0 0.726576 0.957966 0.719856 0.961116 0.708097 0.938646 0.734766 0.924787 0.736026 0.926677 0.744635 0.922687 0.754925 0.945366 0.757865 0.944526 0.759755 0.949986 0.766685 0.951246 0.769835 0.952716 0.773825 0.957126 0.776764 0.965735 0.776134 0.972875 0.771515 0.978125 0.771515 0.983375 0.777184 0.995345 0.775532 0.999007 0.737597 0.999008 0.741906 0.997235 0.739176 0.995345 0.732246 0.984635 0.728046 0.976025 0.732036 0.974135 0.727206 0.963846 0.726576 0.957966
0 0.783630 0.667160 0.757633 0.673325 0.753613 0.666624 0.753881 0.658852 0.778806 0.652688 0.781754 0.658584 0.783630 0.667160
0 0.823970 0.710056 0.810968 0.733627 0.824100 0.741131 0.823296 0.750780 0.813916 0.758016 0.791135 0.743811 0.788187 0.748904 0.769962 0.739791 0.771570 0.737111 0.772499 0.734871 0.756329 0.724581 0.764729 0.710091 0.766199 0.707572 0.762839 0.705472 0.774389 0.684682 0.775019 0.684262 0.779009 0.686152 0.789088 0.669353 0.789928 0.668723 0.810298 0.681322 0.814497 0.674183 0.831297 0.683002 0.827097 0.690562 0.848936 0.702322 0.845367 0.712611 0.838857 0.718071 0.823970 0.710056
0 0.846896 0.571104 0.858578 0.584596 0.848212 0.593316 0.836201 0.580318 0.846896 0.571104
0 0.868238 0.590130 0.862568 0.583200 0.871388 0.575430 0.877477 0.582990 0.878947 0.582150 0.894697 0.599370 0.887557 0.604829 0.905407 0.627299 0.905407 0.628139 0.896167 0.635279 0.891337 0.628979 0.861518 0.651238 0.856478 0.644938 0.852278 0.640738 0.852278 0.638848 0.848498 0.634649 0.846608 0.636118 0.838839 0.626039 0.837999 0.620159 0.850808 0.609029 0.848078 0.605249 0.868238 0.590130
0 0.998841 0.584655 0.989194 0.588030 0.990034 0.590340 0.959375 0.600630 0.954965 0.587820 0.957695 0.586350 0.957065 0.584250 0.953285 0.582990 0.946355 0.564091 0.950975 0.562621 0.949715 0.557791 0.956435 0.555691 0.955385 0.551701 0.969455 0.547501 0.971765 0.555691 0.998841 0.547032 0.998841 0.584655
0 0.944828 0.814181 0.927716 0.808093 0.926400 0.809245 0.923767 0.808751 0.922616 0.810068 0.892999 0.799373 0.895796 0.789994 0.899416 0.781768 0.900732 0.773047 0.902707 0.767618 0.903859 0.758568 0.908466 0.750506 0.934200 0.757532 0.936059 0.752102 0.946473 0.755607 0.943347 0.770086 0.947296 0.772718 0.943676 0.783742 0.936601 0.781439 0.934298 0.789007 0.951409 0.795260 0.944828 0.814181
0 0.998842 0.711171 0.989773 0.713325 0.988292 0.706744 0.989937 0.706085 0.988292 0.697365 0.985824 0.696378 0.981381 0.679431 0.989279 0.676469 0.989114 0.673343 0.998842 0.670549 0.998842 0.711171
0 0.970665 0.691212 0.974685 0.706756 0.947080 0.714261 0.943060 0.698180 0.970665 0.691212
0 0.998841 0.457084 0.988037 0.464103 0.983749 0.458475 0.972224 0.464103 0.962308 0.448291 0.962308 0.445879 0.974904 0.438106 0.975440 0.435962 0.995005 0.424170 0.998841 0.424993 0.998841 0.457084
0 0.217004 0.088224 0.221774 0.076621 0.233764 0.081262 0.229122 0.093123 0.217004 0.088224
0 0.778831 0.938549 0.774800 0.937667 0.771903 0.935274 0.769509 0.932124 0.767998 0.927842 0.768880 0.922425 0.771525 0.919780 0.774548 0.918268 0.777697 0.917638 0.783492 0.919150 0.785885 0.921921 0.786641 0.925196 0.787271 0.928345 0.786767 0.931495 0.785507 0.933762 0.781980 0.937541 0.778831 0.938549
0 0.516365 0.662657 0.486511 0.651659 0.491487 0.637779 0.496462 0.639612 0.496724 0.642755 0.519245 0.649040 0.516365 0.662657
0 0.547789 0.672347 0.520555 0.663443 0.523697 0.655063 0.536791 0.660039 0.536267 0.661872 0.549623 0.665800 0.547789 0.672347
4 0.645916 0.705318 0.640992 0.685620 0.655355 0.682543 0.659459 0.701830 0.645916 0.705318
4 0.689313 0.654682 0.678059 0.649055 0.695904 0.613043 0.705872 0.619474 0.689313 0.654682
4 0.712596 0.607221 0.701343 0.598218 0.706166 0.592752 0.704076 0.590822 0.709059 0.584231 0.703272 0.579247 0.707773 0.570887 0.715169 0.576032 0.716937 0.574103 0.717259 0.572013 0.714847 0.569440 0.718705 0.566064 0.723529 0.569601 0.723046 0.570405 0.731406 0.579247 0.712596 0.607221
4 0.487711 0.794681 0.495043 0.773595 0.513826 0.780563 0.507586 0.803225 0.487711 0.794681
4 0.570410 0.726760 0.576960 0.704716 0.598626 0.712652 0.593367 0.732798 0.587385 0.732798 0.570410 0.726760
4 0.596060 0.728577 0.600950 0.714097 0.608736 0.716755 0.608214 0.718369 0.610113 0.718987 0.606505 0.728956 0.604701 0.728577 0.603894 0.730760 0.599004 0.730618 0.596060 0.728577
4 0.490188 0.702242 0.479053 0.699690 0.480986 0.691879 0.485471 0.692498 0.486786 0.687471 0.492972 0.688631 0.490188 0.702242
4 0.493127 0.687162 0.487327 0.685847 0.485549 0.688013 0.480831 0.686853 0.486708 0.670613 0.495911 0.673629 0.493127 0.687162
