3 0.527617 0.714586 0.535470 0.714719 0.535470 0.717115 0.542391 0.717248 0.542791 0.715118 0.547982 0.714719 0.547582 0.724835 0.527617 0.724835 0.527617 0.714586
0 0.439302 0.391449 0.459533 0.384261 0.459533 0.383063 0.503083 0.365800 0.513088 0.397580 0.464045 0.415039 0.446782 0.418963 0.439302 0.391449
0 0.236637 0.647336 0.254544 0.633531 0.276811 0.658453 0.257156 0.674972 0.248652 0.664672 0.250399 0.663439 0.236637 0.647336
3 0.241118 0.768927 0.258973 0.774482 0.260719 0.769165 0.266656 0.771197 0.280428 0.771300 0.280531 0.786613 0.269123 0.786921 0.266451 0.793396 0.269183 0.796191 0.265699 0.805151 0.252031 0.800121 0.255305 0.791700 0.235539 0.781057 0.241118 0.768927
3 0.180562 0.824656 0.190406 0.826281 0.188961 0.836667 0.178666 0.834590 0.180562 0.824656
3 0.171237 0.811901 0.168951 0.824520 0.153147 0.821991 0.154231 0.816031 0.147638 0.815037 0.148722 0.807813 0.171237 0.811901
3 0.244829 0.825843 0.254225 0.825884 0.254183 0.831206 0.244622 0.831122 0.244829 0.825843
3 0.259520 0.513913 0.259409 0.509667 0.260404 0.458801 0.280221 0.459817 0.281295 0.513913 0.259520 0.513913
3 0.260378 0.463902 0.259846 0.483601 0.254655 0.483468 0.255054 0.463902 0.260378 0.463902
0 0.022649 0.200095 0.037791 0.199609 0.047954 0.209905 0.041272 0.240978 0.032719 0.239240 0.020082 0.232620 0.022649 0.200095
3 0.276071 0.803563 0.284291 0.805960 0.279496 0.822400 0.271276 0.820002 0.276071 0.803563
3 0.078215 0.307920 0.083181 0.306208 0.087976 0.307235 0.093969 0.311687 0.092942 0.321277 0.089346 0.326072 0.080955 0.327956 0.074790 0.321620 0.074619 0.311687 0.078215 0.307920
3 -0.000000 0.494628 0.011366 0.488829 0.031083 0.530002 0.010206 0.539860 -0.000000 0.521303 -0.000000 0.494628
3 -0.000000 0.438221 0.003895 0.438003 0.004114 0.449368 -0.000000 0.449368 -0.000000 0.438221
3 0.015879 0.241813 0.023731 0.250333 0.020056 0.259521 0.016881 0.260356 0.013039 0.251669 0.015879 0.241813
