0 -0.000000 0.222931 0.011948 0.229558 0.003173 0.245182 -0.000000 0.243481 -0.000000 0.222931
0 0.016015 0.230628 0.039986 0.242614 0.032067 0.258880 0.007668 0.245396 0.016015 0.230628
0 -0.000000 0.278435 0.009808 0.277715 0.016443 0.287133 0.025646 0.291627 0.012376 0.318809 -0.000000 0.313656 -0.000000 0.278435
0 0.051758 0.248607 0.072305 0.259094 0.029927 0.345135 0.008524 0.333363 0.051758 0.248607
0 0.074873 0.258024 0.096063 0.268940 0.052186 0.357763 0.031639 0.347061 0.074873 0.258024
0 0.097775 0.276859 0.118108 0.286276 0.106122 0.311960 0.094992 0.306609 0.100129 0.293982 0.091354 0.290343 0.097775 0.276859
0 0.123887 0.281140 0.144421 0.291388 0.137106 0.305099 0.133822 0.309682 0.117252 0.294838 0.123887 0.281140
0 0.086003 0.305967 0.102698 0.313673 0.073589 0.373387 0.052186 0.363542 0.069951 0.326942 0.076372 0.328655 0.086003 0.305967
0 0.108262 0.312174 0.128167 0.321806 0.101199 0.373815 0.080224 0.364184 0.108262 0.312174
0 0.130736 0.337216 0.144220 0.343851 0.125599 0.386443 0.105480 0.377026 0.120248 0.345563 0.125813 0.348132 0.130736 0.337216
0 0.142916 0.302182 0.160525 0.310064 0.154320 0.322474 0.136879 0.313585 0.142916 0.302182
0 0.170587 0.299666 0.190543 0.308554 0.150798 0.389553 0.131345 0.380330 0.151469 0.338573 0.158344 0.341424 0.168406 0.321300 0.161531 0.318281 0.170587 0.299666
0 0.190878 0.325157 0.199095 0.329182 0.181319 0.363728 0.172934 0.359703 0.190878 0.325157
0 0.169580 0.362051 0.190207 0.370939 0.170083 0.409845 0.163208 0.406323 0.160189 0.412528 0.149289 0.407665 0.169580 0.362051
0 0.214356 0.328846 0.234480 0.338573 0.226095 0.353330 0.210834 0.346455 0.211673 0.345448 0.207145 0.343268 0.214356 0.328846
0 0.193226 0.370268 0.207816 0.377144 0.204965 0.383181 0.211170 0.386702 0.194568 0.421584 0.172096 0.411857 0.193226 0.370268
0 0.242865 0.344778 0.256113 0.349976 0.239846 0.380833 0.227101 0.373286 0.242865 0.344778
0 0.213853 0.391733 0.233642 0.400622 0.210834 0.448919 0.190878 0.439360 0.213853 0.391733
0 0.234312 0.409174 0.253430 0.417224 0.239511 0.446236 0.232971 0.442714 0.230958 0.446739 0.218549 0.441205 0.234312 0.409174
0 0.254436 0.423261 0.258796 0.425441 0.280094 0.381504 0.295690 0.388379 0.260809 0.459987 0.241020 0.450931 0.254436 0.423261
0 0.306591 0.374460 0.329230 0.384858 0.292169 0.462335 0.269194 0.452608 0.306591 0.374460
0 0.330572 0.386032 0.352037 0.395423 0.339628 0.425273 0.317659 0.416050 0.330572 0.386032
0 0.313299 0.442043 0.324535 0.446236 0.309106 0.480614 0.290324 0.472900 0.302063 0.446571 0.310280 0.450093 0.313299 0.442043
0 0.333255 0.460155 0.346503 0.466360 0.334429 0.489670 0.314137 0.479608 0.322187 0.466863 0.328056 0.469881 0.333255 0.460155
0 0.361932 0.448080 0.380882 0.456633 0.351367 0.510465 0.341640 0.505769 0.345329 0.499564 0.335435 0.494869 0.361932 0.448080
0 0.359248 0.504595 0.406372 0.456801 0.406707 0.451434 0.391447 0.443049 0.399832 0.427621 0.453328 0.455459 0.445949 0.470720 0.420291 0.458142 0.416602 0.460490 0.414086 0.505937 0.433707 0.515831 0.425825 0.530924 0.413751 0.524719 0.413583 0.532266 0.359248 0.504595
0 0.382391 0.414541 0.399832 0.420913 0.391950 0.438689 0.378198 0.432652 0.382559 0.422926 0.379372 0.421584 0.382391 0.414541
0 0.471228 0.457508 0.488333 0.466060 0.478271 0.483333 0.461501 0.474445 0.471228 0.457508
0 0.454290 0.489538 0.474582 0.498594 0.445235 0.551084 0.425781 0.540351 0.454290 0.489538
0 0.494035 0.468743 0.515333 0.478805 0.493197 0.520395 0.485818 0.516538 0.479110 0.528277 0.487159 0.531128 0.470054 0.559804 0.448756 0.549910 0.473576 0.507650 0.481122 0.511339 0.491687 0.490880 0.484309 0.486855 0.494035 0.468743
0 0.520532 0.487358 0.534451 0.494401 0.519190 0.525426 0.510637 0.521233 0.506445 0.530792 0.514327 0.535152 0.492694 0.575233 0.471731 0.564500 0.511979 0.486855 0.518687 0.490209 0.520532 0.487358
0 0.549376 0.487023 0.564134 0.494234 0.552562 0.516873 0.538476 0.509662 0.549376 0.487023
0 0.519022 0.530792 0.529084 0.536159 0.525898 0.542531 0.536966 0.548568 0.508625 0.602735 0.485650 0.591164 0.519022 0.530792
0 0.563862 0.502121 0.586549 0.513465 0.538665 0.603210 0.518364 0.588894 0.563862 0.502121
0 0.565574 0.560338 0.582697 0.570183 0.562792 0.608709 0.544599 0.599934 0.565574 0.560338
0 0.607311 0.527591 0.625717 0.535724 0.612661 0.563334 0.594683 0.554131 0.607311 0.527591
0 0.583339 0.576818 0.597037 0.583453 0.593612 0.588804 0.601318 0.593299 0.586978 0.619838 0.566002 0.608709 0.583339 0.576818
0 0.606883 0.589874 0.626359 0.599291 0.596823 0.653870 0.576704 0.643168 0.606883 0.589874
0 0.634493 0.545141 0.675801 0.566759 0.632994 0.645736 0.613303 0.635891 0.645836 0.574678 0.625075 0.564190 0.634493 0.545141
0 0.679439 0.565902 0.699344 0.576176 0.658250 0.652799 0.638559 0.642098 0.679439 0.565902
0 0.704909 0.580457 0.725670 0.590944 0.680081 0.669280 0.658250 0.659220 0.704909 0.580457
0 0.730165 0.593727 0.746645 0.604000 0.740010 0.617056 0.735302 0.614916 0.718094 0.644567 0.705416 0.637730 0.730165 0.593727
0 0.702555 0.636105 0.705416 0.637730 0.718094 0.644567 0.722460 0.647235 0.703411 0.680195 0.683078 0.668852 0.702555 0.636105
0 0.752424 0.604214 0.771473 0.613204 0.762270 0.629256 0.755421 0.625831 0.749856 0.633108 0.739154 0.627116 0.752424 0.604214
0 0.729737 0.645308 0.747715 0.655368 0.731021 0.684048 0.725456 0.681052 0.719891 0.689185 0.707477 0.683620 0.729737 0.645308
0 0.779820 0.619196 0.797371 0.628614 0.747715 0.705879 0.730165 0.695820 0.754564 0.655154 0.757347 0.656866 0.779820 0.619196
0 0.802936 0.627544 0.823055 0.639529 0.823055 0.640386 0.808500 0.660933 0.795873 0.652157 0.799297 0.648733 0.791806 0.643810 0.802936 0.627544
0 0.783887 0.657722 0.802508 0.668852 0.790522 0.687258 0.787097 0.685760 0.781746 0.693465 0.787739 0.697318 0.772971 0.720005 0.751996 0.709090 0.783887 0.657722
0 0.822626 0.650445 0.844458 0.663929 0.833756 0.678055 0.813209 0.663501 0.822626 0.650445
0 0.804862 0.677627 0.818132 0.685332 0.802293 0.710588 0.809142 0.714441 0.791164 0.739910 0.771473 0.728781 0.804862 0.677627
0 0.998850 0.885814 0.979229 0.869042 0.998850 0.841174 0.998850 0.885814
0 0.967483 0.820965 0.993434 0.838994 0.973493 0.868769 0.946723 0.849374 0.967483 0.820965
0 0.929786 0.733006 0.960108 0.753766 0.919679 0.815775 0.949727 0.839267 0.939347 0.853198 0.877612 0.810038 0.929786 0.733006
0 0.912031 0.710060 0.929513 0.722079 0.912850 0.749396 0.901924 0.742840 0.907660 0.733279 0.900285 0.728089 0.912031 0.710060
0 0.890724 0.701319 0.901650 0.709787 0.895641 0.719074 0.884441 0.710333 0.890724 0.701319
0 0.865046 0.680558 0.882256 0.689846 0.871875 0.706782 0.855759 0.696675 0.865046 0.680558
0 0.845825 0.665040 0.865097 0.676105 0.815014 0.751444 0.796607 0.741813 0.818866 0.702859 0.825852 0.707612 0.842277 0.684749 0.835181 0.680676 0.845825 0.665040
0 0.847975 0.712063 0.861031 0.720838 0.844122 0.745665 0.850543 0.750160 0.828498 0.782265 0.809235 0.768995 0.847975 0.712063
0 0.859961 0.739887 0.878153 0.750802 0.857392 0.780981 0.840270 0.768995 0.859961 0.739887
0 0.891851 0.749304 0.905977 0.757437 0.880508 0.798959 0.860603 0.787188 0.880508 0.757223 0.885430 0.760006 0.891851 0.749304
0 0.998850 0.795301 0.988658 0.788894 0.998850 0.774604 0.998850 0.795301
