0 -0.000000 0.168509 0.055525 0.170089 0.058364 0.172928 0.058010 0.227933 0.056590 0.228643 -0.000000 0.228643 -0.000000 0.168509
0 0.107337 0.222255 0.084980 0.220481 0.081786 0.216223 0.083915 0.154120 0.089238 0.150571 0.123661 0.154829 0.124016 0.184994 0.125790 0.184994 0.127210 0.192801 0.124016 0.197414 0.123661 0.222255 0.120467 0.225449 0.110531 0.226869 0.107337 0.222255
0 0.320058 0.472861 0.314497 0.513179 0.304766 0.513735 0.285302 0.509286 0.284746 0.506227 0.288639 0.471193 0.293365 0.467856 0.318112 0.470637 0.320058 0.472861
0 0.393291 0.497581 0.380050 0.495842 0.378980 0.493301 0.379515 0.481933 0.381120 0.480729 0.394094 0.481665 0.395297 0.482869 0.394762 0.495842 0.393291 0.497581
0 0.435601 0.529022 0.395209 0.522335 0.393604 0.520061 0.389458 0.518991 0.389458 0.518590 0.390929 0.500534 0.393471 0.499999 0.408183 0.501738 0.409788 0.493846 0.412597 0.491840 0.438677 0.498126 0.440015 0.502406 0.437206 0.525411 0.435601 0.529022
0 0.615921 0.400118 0.596803 0.397728 0.594754 0.393802 0.595096 0.389876 0.617457 0.390388 0.618994 0.392436 0.617799 0.397898 0.615921 0.400118
0 0.618913 0.373828 0.608213 0.373694 0.607277 0.372491 0.607143 0.367676 0.609551 0.366606 0.618244 0.366873 0.619582 0.368612 0.618913 0.372223 0.618913 0.373828
0 0.663383 0.353036 0.654556 0.354373 0.652684 0.352233 0.651480 0.339260 0.652416 0.338324 0.661778 0.337922 0.662982 0.338324 0.663918 0.349960 0.663383 0.353036
0 0.698921 0.313144 0.691698 0.302444 0.691698 0.300839 0.697048 0.297094 0.698386 0.297496 0.705474 0.307259 0.705474 0.309132 0.701061 0.313144 0.698921 0.313144
0 0.727753 0.385869 0.721990 0.377695 0.723038 0.374970 0.731212 0.370778 0.735194 0.378114 0.734670 0.379267 0.733203 0.380315 0.734460 0.382411 0.728697 0.385764 0.727753 0.385869
0 0.764236 0.384030 0.759520 0.375856 0.759520 0.374703 0.769371 0.368101 0.770523 0.369149 0.775868 0.376589 0.776287 0.378056 0.773772 0.380676 0.771362 0.379838 0.766227 0.384030 0.764236 0.384030
0 0.731503 0.839735 0.659036 0.792179 0.656318 0.784026 0.671718 0.764551 0.748261 0.816184 0.748261 0.821619 0.731503 0.839735
0 0.716489 0.615719 0.716054 0.606351 0.718886 0.604391 0.731304 0.603519 0.734136 0.604826 0.735008 0.613323 0.730650 0.614412 0.730433 0.617680 0.721500 0.619423 0.716489 0.615719
0 0.690264 0.623280 0.690264 0.614745 0.692312 0.613721 0.708187 0.613208 0.709553 0.614745 0.709724 0.619866 0.708017 0.622597 0.692654 0.623621 0.690264 0.623280
0 0.780865 0.635192 0.780464 0.630912 0.781935 0.629976 0.790094 0.630377 0.787419 0.622887 0.788890 0.620480 0.798787 0.626900 0.798787 0.628772 0.794374 0.633453 0.794641 0.636797 0.792501 0.638402 0.782069 0.635326 0.780865 0.635192
0 0.864972 0.484822 0.861486 0.506826 0.850375 0.508351 0.847978 0.505954 0.844493 0.500290 0.841442 0.493972 0.841660 0.482643 0.849068 0.475671 0.862357 0.480900 0.864972 0.484822
0 0.875026 0.414166 0.872801 0.390531 0.875304 0.389697 0.875026 0.378019 0.878362 0.376907 0.888094 0.377741 0.890041 0.371624 0.900607 0.369955 0.900329 0.359945 0.930914 0.358277 0.932861 0.360502 0.934529 0.378853 0.938978 0.378575 0.941758 0.375516 0.951768 0.373570 0.952324 0.376351 0.959276 0.378297 0.961500 0.381077 0.966783 0.381356 0.967617 0.376351 0.987081 0.375516 0.989861 0.378019 0.989583 0.389141 0.995423 0.390253 0.995423 0.401375 0.998836 0.402827 0.998836 0.416712 0.970398 0.417780 0.969564 0.465049 0.967617 0.467274 0.949822 0.467274 0.945929 0.462825 0.945373 0.443361 0.948154 0.427234 0.946207 0.424176 0.934529 0.423620 0.933695 0.429181 0.922573 0.428068 0.918680 0.422507 0.900885 0.422785 0.896992 0.417502 0.876416 0.415556 0.875026 0.414166
0 0.954416 0.278032 0.954852 0.291539 0.953545 0.292411 0.942434 0.291321 0.941562 0.288054 0.940691 0.277378 0.942651 0.276725 0.954416 0.278032
0 0.818162 0.292313 0.822259 0.300848 0.820723 0.302896 0.812188 0.306310 0.807408 0.297434 0.808774 0.293507 0.818162 0.292313
0 0.701214 0.251113 0.692317 0.260011 0.688146 0.260845 0.657282 0.227479 0.657282 0.224698 0.684253 0.199396 0.689814 0.199674 0.720956 0.239991 0.720122 0.241382 0.707610 0.251948 0.703995 0.251391 0.701214 0.251113
0 0.664869 0.213296 0.650023 0.212359 0.647214 0.207678 0.648390 0.158689 0.651332 0.157887 0.667249 0.159224 0.668452 0.159759 0.665510 0.209647 0.664869 0.213296
0 0.677543 0.155777 0.664653 0.155253 0.663919 0.154205 0.663814 0.132722 0.665806 0.131989 0.678381 0.132513 0.679848 0.133665 0.677962 0.154101 0.677543 0.155777
0 0.722695 0.173048 0.712595 0.172227 0.711774 0.170913 0.711856 0.161142 0.713745 0.159582 0.723516 0.160485 0.724091 0.161060 0.723352 0.170995 0.722695 0.173048
0 0.727537 0.102881 0.727319 0.083055 0.724704 0.080441 0.725794 0.071508 0.729062 0.070419 0.738648 0.071291 0.740826 0.072816 0.737123 0.102663 0.727537 0.102881
0 0.773431 0.067271 0.768215 0.061119 0.769017 0.057641 0.776106 0.051756 0.778781 0.052291 0.782392 0.057909 0.781189 0.063125 0.775839 0.067271 0.773431 0.067271
0 0.998837 0.162646 0.961071 0.161476 0.958511 0.158916 0.959023 0.109413 0.960901 0.108047 0.998837 0.108619 0.998837 0.162646
0 0.661403 0.561709 0.649232 0.560506 0.648162 0.559971 0.649232 0.547398 0.652844 0.546462 0.664480 0.547398 0.666887 0.550742 0.665416 0.561576 0.661403 0.561709
0 0.642762 0.537822 0.635808 0.531402 0.636610 0.529263 0.641291 0.523913 0.643164 0.523913 0.650520 0.530600 0.650787 0.534345 0.645170 0.538224 0.642762 0.537822
0 0.678741 0.521104 0.666035 0.520836 0.664430 0.519499 0.664296 0.513480 0.666703 0.512678 0.677270 0.513346 0.678339 0.514283 0.678473 0.517894 0.678741 0.521104
0 0.629808 0.558417 0.624569 0.550033 0.625512 0.547728 0.630018 0.546260 0.635782 0.554539 0.639345 0.554225 0.641964 0.549614 0.643222 0.549928 0.646471 0.552758 0.644060 0.557683 0.642593 0.557578 0.640917 0.556949 0.636725 0.557473 0.635048 0.558731 0.630961 0.559674 0.629808 0.558417
