0 0.153263 0.000003 0.164887 0.008687 0.166094 0.007919 0.177862 0.015695 0.176882 0.018635 0.180942 0.021155 0.181362 0.022695 0.171141 0.034877 0.199284 0.053218 0.199564 0.056719 0.185582 0.076623 0.182840 0.077611 0.160069 0.061674 0.159649 0.058034 0.167489 0.048093 0.165249 0.046693 0.162589 0.049493 0.161329 0.050193 0.148588 0.041513 0.148448 0.039832 0.155168 0.029191 0.154888 0.026391 0.145507 0.021211 0.145787 0.019251 0.145227 0.017850 0.147887 0.013790 0.146347 0.012530 0.141867 0.013650 0.139635 0.012229 0.139855 0.000003 0.153263 0.000003
0 0.256553 0.000005 0.260889 0.004679 0.262989 0.004679 0.269710 0.014480 0.256688 0.027081 0.256828 0.031841 0.263129 0.039822 0.248568 0.057464 0.247028 0.057184 0.233586 0.040242 0.235126 0.038702 0.222525 0.022600 0.224205 0.020360 0.218045 0.011259 0.218325 0.008599 0.225185 0.002438 0.223788 0.000004 0.256553 0.000005
0 0.136747 0.172469 0.151878 0.187468 0.153278 0.196149 0.150338 0.199089 0.147117 0.198669 0.143757 0.195309 0.136292 0.197713 0.136747 0.172469
0 0.136969 0.160147 0.139872 0.148441 0.141737 0.147454 0.155340 0.152281 0.155998 0.148661 0.160386 0.147783 0.161703 0.144053 0.163897 0.143834 0.190774 0.154804 0.192749 0.156998 0.192639 0.157437 0.194285 0.158644 0.193188 0.161386 0.189787 0.161825 0.189348 0.165336 0.195053 0.170053 0.195492 0.171589 0.192859 0.182998 0.190226 0.184314 0.183753 0.184095 0.183424 0.186070 0.182985 0.186728 0.179584 0.186728 0.178926 0.186070 0.178378 0.182011 0.169053 0.178610 0.168504 0.182559 0.166201 0.184424 0.158192 0.185521 0.150952 0.178171 0.150952 0.174990 0.145686 0.173783 0.142505 0.174660 0.136867 0.165832 0.136969 0.160147
0 0.210603 0.363173 0.218645 0.327791 0.219895 0.327076 0.246700 0.332616 0.247415 0.333688 0.246521 0.341372 0.262246 0.345661 0.262604 0.347269 0.258315 0.362637 0.256528 0.362637 0.251525 0.362637 0.250631 0.368355 0.257064 0.368713 0.259030 0.371036 0.256448 0.389319 0.255019 0.390391 0.247871 0.389498 0.247156 0.394859 0.245548 0.396288 0.232324 0.393429 0.231788 0.391285 0.234111 0.378061 0.221245 0.374666 0.220888 0.373058 0.221245 0.367875 0.212132 0.365731 0.210603 0.363173
0 0.243181 0.288009 0.247112 0.249232 0.250686 0.246195 0.271772 0.247267 0.272308 0.248518 0.268555 0.272463 0.291607 0.276216 0.292858 0.278360 0.287699 0.323515 0.286019 0.325475 0.274118 0.322955 0.272577 0.321695 0.272437 0.312034 0.260956 0.310074 0.260536 0.309094 0.261096 0.297473 0.251715 0.298313 0.248635 0.295933 0.248775 0.289212 0.245275 0.289352 0.243181 0.288009
0 0.357666 0.276022 0.343070 0.265531 0.341930 0.263707 0.344895 0.249567 0.343070 0.247058 0.347175 0.237935 0.349000 0.236567 0.353561 0.237707 0.366105 0.215813 0.369070 0.216041 0.385490 0.229041 0.391876 0.216041 0.397806 0.215585 0.416279 0.232006 0.386631 0.272830 0.382754 0.271689 0.371350 0.263023 0.359947 0.276251 0.357666 0.276022
0 0.377116 0.188407 0.374607 0.184074 0.372327 0.182934 0.351116 0.188407 0.349064 0.187495 0.341538 0.169934 0.335836 0.172215 0.332643 0.171074 0.325801 0.149864 0.327169 0.147812 0.373695 0.134812 0.375291 0.137321 0.381449 0.158759 0.399695 0.158531 0.401975 0.159671 0.407449 0.177460 0.406080 0.180653 0.377116 0.188407
0 0.319503 0.125992 0.306695 0.104161 0.308733 0.100086 0.318630 0.093682 0.320958 0.096011 0.324451 0.093391 0.313099 0.082912 0.313390 0.081166 0.319794 0.074762 0.319794 0.071851 0.332310 0.060791 0.337259 0.060791 0.365784 0.096011 0.364329 0.101832 0.322996 0.125119 0.319503 0.125992
0 0.420564 0.000007 0.429101 0.014294 0.427001 0.015834 0.394798 0.024374 0.392278 0.024374 0.391157 0.021294 0.379536 0.026335 0.377716 0.025635 0.371276 0.014013 0.371416 0.012193 0.378976 0.005333 0.375620 0.000006 0.420564 0.000007
0 0.403341 0.066789 0.386186 0.065180 0.383505 0.062679 0.384756 0.048740 0.379395 0.046596 0.379574 0.034981 0.381540 0.032479 0.387079 0.032479 0.387258 0.029977 0.388688 0.028726 0.406021 0.027118 0.407987 0.024080 0.427465 0.024974 0.429073 0.026046 0.429966 0.046060 0.435327 0.048204 0.435863 0.049276 0.434791 0.076796 0.432826 0.078940 0.405842 0.075545 0.403519 0.073400 0.403341 0.066789
0 0.540743 0.000007 0.542708 0.019759 0.541993 0.022082 0.497141 0.027086 0.494281 0.025656 0.491780 0.012433 0.492316 0.011182 0.510007 0.009574 0.510185 0.007965 0.497855 0.008680 0.496962 0.007608 0.496069 0.000007 0.540743 0.000007
0 0.615938 0.000007 0.612012 0.004937 0.608617 0.005652 0.605579 0.010119 0.621662 0.021377 0.620947 0.028525 0.624878 0.030669 0.624878 0.034779 0.618981 0.043535 0.617373 0.043535 0.612727 0.040855 0.610404 0.045858 0.606830 0.045679 0.567517 0.020305 0.567338 0.018518 0.573056 0.006545 0.564836 0.002971 0.563232 0.000007 0.615938 0.000007
0 0.682944 0.000007 0.683642 0.002206 0.680981 0.003606 0.683362 0.016348 0.682382 0.017888 0.676221 0.017328 0.674961 0.016908 0.673281 0.007807 0.667120 0.008927 0.666980 0.016068 0.664740 0.017328 0.658299 0.018308 0.656339 0.014107 0.656059 0.009487 0.658999 0.008787 0.658859 0.004866 0.652279 0.005847 0.653119 0.014107 0.649898 0.013967 0.650179 0.020688 0.645978 0.022508 0.638837 0.022928 0.636877 0.022088 0.633937 0.009907 0.634777 0.007807 0.646258 0.005847 0.645699 0.000007 0.682944 0.000007
0 0.575954 0.048136 0.584104 0.065891 0.581194 0.070549 0.558781 0.083647 0.555870 0.082483 0.546264 0.084520 0.543936 0.083356 0.538405 0.071422 0.540443 0.070549 0.540117 0.070264 0.549275 0.066258 0.555217 0.060096 0.559983 0.050563 0.566640 0.048086 0.566640 0.048136 0.572170 0.046680 0.575954 0.048136
0 0.556161 0.034746 0.566640 0.045807 0.566640 0.047568 0.559633 0.050172 0.554813 0.059811 0.548990 0.065849 0.539697 0.069912 0.538405 0.068802 0.525307 0.074624 0.521814 0.072586 0.516866 0.062690 0.516230 0.062783 0.528194 0.054670 0.534102 0.041641 0.553541 0.033000 0.556161 0.034746
0 0.527927 0.032709 0.532584 0.042314 0.533428 0.041943 0.527806 0.054343 0.515127 0.062939 0.512791 0.063272 0.511335 0.062981 0.498819 0.066474 0.490378 0.053957 0.490378 0.049882 0.521814 0.032126 0.527927 0.032709
0 0.509023 0.204131 0.510479 0.187248 0.513680 0.185211 0.523577 0.186375 0.523577 0.182591 0.527943 0.182009 0.545117 0.185793 0.545408 0.184337 0.561999 0.186957 0.562581 0.187830 0.562581 0.190741 0.564910 0.191614 0.566365 0.195107 0.564619 0.208788 0.566657 0.209079 0.567821 0.211699 0.562873 0.237313 0.559089 0.239642 0.534347 0.236149 0.530854 0.233238 0.517756 0.225961 0.515427 0.220140 0.517756 0.206750 0.509314 0.205877 0.509023 0.204131
0 0.677839 0.123252 0.684681 0.133287 0.685137 0.136252 0.682629 0.138532 0.684225 0.142637 0.659594 0.156321 0.658682 0.155181 0.652524 0.159286 0.649787 0.158602 0.640892 0.146971 0.640436 0.144690 0.644085 0.141953 0.644043 0.141953 0.666086 0.125556 0.678184 0.122598 0.677839 0.123252
0 0.679892 0.119375 0.678447 0.122100 0.678434 0.122034 0.665874 0.125105 0.643311 0.141885 0.638840 0.141497 0.634278 0.132374 0.637699 0.125532 0.637881 0.124053 0.663293 0.106376 0.670371 0.105195 0.679892 0.119375
0 0.661874 0.084024 0.668488 0.092235 0.670997 0.091322 0.674190 0.095428 0.676015 0.100673 0.670137 0.104736 0.663105 0.105913 0.637812 0.123506 0.631770 0.112305 0.632454 0.108655 0.639068 0.104094 0.639068 0.099533 0.658225 0.083340 0.661874 0.084024
0 0.723865 0.246924 0.724705 0.249444 0.709303 0.282208 0.706363 0.283328 0.694182 0.276607 0.694182 0.274227 0.701182 0.260226 0.699922 0.258965 0.699453 0.259648 0.699866 0.254290 0.709521 0.238457 0.723865 0.246924
0 0.714288 0.226393 0.709385 0.237725 0.699388 0.254136 0.698906 0.260439 0.697122 0.263026 0.695162 0.263866 0.684941 0.258965 0.683541 0.255885 0.688861 0.240344 0.687832 0.239980 0.692333 0.224876 0.701064 0.217119 0.714288 0.226393
0 0.705589 0.204117 0.705308 0.210417 0.700889 0.216621 0.691905 0.224603 0.687373 0.239814 0.676551 0.235959 0.676551 0.231491 0.681733 0.220948 0.683878 0.220948 0.684056 0.219876 0.678818 0.218564 0.682052 0.204020 0.690645 0.196855 0.705589 0.204117
0 0.696403 0.181389 0.696951 0.183364 0.691055 0.195879 0.681611 0.203751 0.678350 0.218447 0.666902 0.215587 0.666008 0.213443 0.671012 0.198254 0.673335 0.198254 0.676015 0.199505 0.676551 0.198075 0.671369 0.196110 0.669274 0.195844 0.659089 0.191198 0.659089 0.187803 0.663145 0.178350 0.672355 0.181662 0.680469 0.173548 0.683467 0.173086 0.696403 0.181389
0 0.686993 0.159252 0.687680 0.160799 0.683320 0.172617 0.680237 0.173089 0.672229 0.181097 0.663330 0.177891 0.663377 0.177796 0.659446 0.176188 0.659625 0.173328 0.669286 0.152806 0.671607 0.152806 0.686993 0.159252
0 0.719961 0.326572 0.723553 0.344298 0.720816 0.348175 0.686606 0.358210 0.684325 0.357070 0.679308 0.343842 0.679536 0.341333 0.688887 0.336544 0.688430 0.331983 0.689799 0.331526 0.698652 0.327393 0.717848 0.324457 0.719961 0.326572
0 0.725889 0.304561 0.725149 0.304843 0.729939 0.321035 0.729254 0.322860 0.720234 0.326162 0.718018 0.323937 0.700049 0.326689 0.699378 0.323772 0.689343 0.328105 0.686606 0.318299 0.689799 0.315790 0.699150 0.313281 0.698516 0.311191 0.702456 0.310879 0.705087 0.306714 0.723146 0.301339 0.725889 0.304561
0 0.735184 0.279527 0.740658 0.295948 0.739974 0.297545 0.737237 0.297773 0.737237 0.300281 0.726377 0.304385 0.723312 0.300780 0.704772 0.306298 0.702174 0.310412 0.698369 0.310713 0.694360 0.297545 0.695501 0.295036 0.702799 0.292527 0.702571 0.288878 0.703255 0.287053 0.731535 0.277931 0.735184 0.279527
0 0.939504 0.302978 0.966283 0.262519 0.972104 0.262227 0.992480 0.279692 0.991898 0.283476 0.977926 0.302396 0.985203 0.307636 0.985785 0.310837 0.972978 0.327138 0.970067 0.328011 0.940377 0.309382 0.939504 0.302978
