0 0.485720 0.125280 0.491928 0.124830 0.491771 0.119815 0.509480 0.119658 0.509480 0.127337 0.534710 0.127337 0.541292 0.121852 0.541449 0.110412 0.537374 0.110412 0.537531 0.100069 0.555553 0.100226 0.555553 0.104614 0.560098 0.104771 0.559479 0.136871 0.560032 0.137532 0.560461 0.138192 0.560707 0.139082 0.560707 0.139911 0.560554 0.141016 0.560262 0.141815 0.559894 0.142612 0.559143 0.144055 0.558114 0.145223 0.556820 0.146221 0.555673 0.146940 0.554274 0.147447 0.552678 0.147600 0.551204 0.147508 0.549901 0.147186 0.548551 0.146817 0.547200 0.145958 0.543723 0.146080 0.542176 0.148787 0.509121 0.148881 0.509020 0.154021 0.508921 0.156090 0.498721 0.156081 0.498921 0.147681 0.485520 0.147881 0.485720 0.125280
0 0.542176 0.148787 0.542174 0.154098 0.509020 0.154021 0.509121 0.148881 0.542176 0.148787
0 0.545764 0.090497 0.558265 0.090086 0.558265 0.086779 0.552814 0.086749 0.552389 0.065617 0.596846 0.064448 0.597138 0.085799 0.566445 0.086136 0.566586 0.098657 0.545905 0.098798 0.545764 0.090497
0 0.567059 0.027393 0.594048 0.027112 0.593870 0.046116 0.577425 0.046377 0.577372 0.044809 0.567308 0.045090 0.567059 0.027393
0 0.684477 0.168806 0.700342 0.168318 0.700113 0.179777 0.684988 0.180235 0.684477 0.168806
0 0.740476 0.343620 0.736862 0.343989 0.733372 0.318641 0.756288 0.314516 0.763351 0.354162 0.768414 0.353557 0.769122 0.358516 0.772559 0.358287 0.774851 0.372266 0.770497 0.373412 0.774393 0.404841 0.768863 0.405724 0.770268 0.415707 0.768434 0.416037 0.771059 0.433486 0.767288 0.439500 0.759970 0.440434 0.754440 0.435658 0.751247 0.419474 0.749479 0.419770 0.747351 0.406870 0.746119 0.407069 0.742309 0.376849 0.744601 0.376620 0.740476 0.343620
0 0.853648 0.370089 0.889827 0.397873 0.891084 0.396437 0.895084 0.399653 0.893957 0.401105 0.900780 0.406312 0.892700 0.417984 0.889648 0.416008 0.880311 0.428398 0.877079 0.426064 0.872207 0.432999 0.869358 0.430912 0.866126 0.435401 0.869806 0.438562 0.860662 0.450661 0.846593 0.440250 0.853627 0.431106 0.849407 0.427729 0.856863 0.418022 0.860380 0.420695 0.862525 0.417779 0.861688 0.417110 0.860934 0.416340 0.860495 0.415630 0.860032 0.414587 0.859693 0.413775 0.859511 0.412957 0.859536 0.411831 0.859817 0.410565 0.860099 0.410002 0.860396 0.409091 0.860834 0.408413 0.861496 0.407486 0.862324 0.406741 0.863552 0.405887 0.864925 0.405390 0.866503 0.405360 0.867711 0.405609 0.869278 0.406174 0.870292 0.406893 0.871050 0.405669 0.843216 0.384256 0.853648 0.370089
0 0.897542 0.522930 0.905368 0.507608 0.926092 0.518190 0.927525 0.515765 0.925320 0.514553 0.930722 0.503860 0.933367 0.505293 0.935021 0.501655 0.913195 0.490742 0.919478 0.478176 0.924659 0.480711 0.933257 0.463625 0.936233 0.465279 0.940863 0.456019 0.943729 0.457342 0.946816 0.451279 0.950012 0.452932 0.952217 0.448744 0.963571 0.454476 0.959492 0.463184 0.962469 0.464617 0.954311 0.481813 0.959382 0.484349 0.955965 0.492065 0.956797 0.492772 0.957471 0.494049 0.957859 0.495332 0.958022 0.496520 0.957924 0.497940 0.957295 0.499438 0.956366 0.500593 0.954853 0.501365 0.953174 0.501688 0.951781 0.501681 0.946595 0.513009 0.942847 0.511135 0.938313 0.519775 0.939499 0.522697 0.933902 0.533088 0.925871 0.529214 0.922895 0.535276 0.897542 0.522930
0 0.747311 0.537335 0.762656 0.542941 0.755873 0.557775 0.749995 0.555383 0.741694 0.556166 0.742538 0.568828 0.763360 0.566075 0.765794 0.581300 0.735082 0.585289 0.734097 0.574737 0.728329 0.575332 0.725613 0.546850 0.743945 0.544770 0.747311 0.537335
0 0.813083 0.593626 0.829130 0.593174 0.830566 0.632856 0.814226 0.633574 0.813508 0.614361 0.808301 0.614295 0.807849 0.601979 0.813215 0.601892 0.813083 0.593626
0 0.812162 0.659139 0.817253 0.659900 0.820771 0.663276 0.820489 0.667497 0.816550 0.670592 0.810219 0.670029 0.810078 0.672421 0.800793 0.671717 0.800440 0.675516 0.781606 0.673510 0.781853 0.670518 0.760752 0.668141 0.762698 0.645019 0.782644 0.646675 0.783066 0.640766 0.792914 0.641469 0.792076 0.650222 0.812773 0.652717 0.812162 0.659139
0 0.914959 0.695674 0.927058 0.695533 0.926917 0.691453 0.948020 0.690750 0.948020 0.694267 0.964622 0.694126 0.965044 0.714526 0.945769 0.715089 0.945910 0.718747 0.928465 0.719169 0.928465 0.716355 0.915073 0.716163 0.914959 0.695674
0 0.675238 0.820804 0.666238 0.829604 0.679238 0.843005 0.664638 0.856606 0.647698 0.837756 0.653237 0.832298 0.670863 0.816078 0.675238 0.820804
0 0.671038 0.784602 0.669438 0.786403 0.674038 0.790803 0.670238 0.794203 0.677038 0.801003 0.672038 0.806003 0.676618 0.811004 0.670863 0.816078 0.653237 0.832298 0.640637 0.819204 0.643437 0.816804 0.635679 0.807868 0.646200 0.796558 0.662615 0.779779 0.664524 0.777979 0.671038 0.784602
0 0.656437 0.773402 0.662615 0.779779 0.646200 0.796558 0.641333 0.790714 0.646237 0.786203 0.642933 0.782610 0.645437 0.780402 0.643733 0.778217 0.653037 0.769802 0.656437 0.773402
0 0.636888 0.881823 0.654755 0.887872 0.649550 0.903489 0.637450 0.899409 0.633652 0.892656 0.636888 0.881823
0 0.657350 0.895137 0.706194 0.912686 0.700996 0.927458 0.705216 0.928865 0.700996 0.941104 0.705779 0.942652 0.699167 0.960097 0.689319 0.956580 0.688052 0.960238 0.674124 0.955314 0.679330 0.940542 0.668919 0.937025 0.663432 0.925347 0.663995 0.923518 0.657945 0.920986 0.660337 0.915218 0.654165 0.912614 0.654709 0.910716 0.651510 0.909168 0.657350 0.895137
0 0.769469 0.738037 0.813503 0.734972 0.813732 0.737951 0.821753 0.737493 0.822211 0.745055 0.826565 0.744826 0.826794 0.748493 0.845357 0.747118 0.846503 0.766138 0.826336 0.767743 0.823815 0.771409 0.811899 0.772784 0.808690 0.770034 0.802732 0.770263 0.802274 0.763847 0.788506 0.764781 0.788294 0.762014 0.781716 0.762227 0.781419 0.760639 0.772091 0.760988 0.771794 0.757430 0.769217 0.757370 0.769469 0.738037
0 0.943943 0.675520 0.964906 0.674816 0.965328 0.689448 0.944084 0.690011 0.943943 0.675520
0 0.692115 0.774789 0.708430 0.766631 0.717469 0.783828 0.700633 0.792435 0.692115 0.774789
0 0.710160 0.788120 0.778440 0.807821 0.772250 0.829347 0.757759 0.824423 0.758603 0.821327 0.752132 0.819639 0.746645 0.838069 0.726245 0.832160 0.729059 0.822875 0.720477 0.820202 0.722024 0.814996 0.706191 0.809803 0.707252 0.805711 0.704282 0.804315 0.710160 0.788120
0 0.801247 0.987923 0.795940 0.999007 0.793273 0.999007 0.771860 0.989298 0.770146 0.992846 0.762465 0.989757 0.757291 0.999007 0.728472 0.999007 0.704944 0.986778 0.715027 0.962486 0.718694 0.964548 0.721902 0.957215 0.738402 0.965007 0.745048 0.951486 0.755845 0.956039 0.753298 0.962715 0.771887 0.970108 0.770027 0.974403 0.776215 0.976694 0.777131 0.975090 0.786039 0.978670 0.785381 0.980590 0.801247 0.987923
0 0.928948 0.932990 0.931845 0.941288 0.926278 0.943263 0.929690 0.954037 0.921610 0.956730 0.925560 0.970556 0.911356 0.974587 0.913913 0.983878 0.909981 0.985128 0.913616 0.999004 0.890395 0.999005 0.887752 0.989712 0.898065 0.986503 0.892335 0.966337 0.874054 0.964363 0.876153 0.947931 0.896919 0.950295 0.903335 0.948233 0.905398 0.954878 0.914565 0.952358 0.910351 0.939311 0.928948 0.932990
0 -0.000000 0.040892 0.004022 0.043374 0.001491 0.048727 -0.000000 0.048613 -0.000000 0.040892
0 0.493501 0.069043 0.499441 0.075241 0.489369 0.085055 0.482912 0.077824 0.493501 0.069043
