0 0.781602 0.920443 0.794774 0.919731 0.796555 0.917239 0.813999 0.916171 0.814711 0.916527 0.827171 0.917239 0.828951 0.926495 0.832867 0.930411 0.834972 0.960296 0.817677 0.962806 0.815446 0.946349 0.801499 0.946907 0.803173 0.962527 0.784484 0.964480 0.781602 0.920443
0 0.977337 0.457289 0.977337 0.472351 0.962275 0.474304 0.961159 0.458962 0.977337 0.457289
0 0.998867 0.518894 0.985426 0.521724 0.985147 0.516982 0.973153 0.518655 0.971201 0.506661 0.959764 0.508892 0.960322 0.531207 0.939402 0.535113 0.939123 0.531486 0.934660 0.475699 0.938286 0.474862 0.938286 0.465099 0.955022 0.463425 0.956138 0.479046 0.977616 0.477093 0.977337 0.472351 0.998867 0.468906 0.998867 0.518894
0 0.890585 0.482960 0.901887 0.494262 0.890413 0.505393 0.878598 0.492036 0.890585 0.482960
0 0.878034 0.491631 0.877939 0.493135 0.877270 0.500006 0.890086 0.512110 0.902190 0.500006 0.913582 0.513534 0.905394 0.519942 0.909310 0.522790 0.895070 0.534894 0.870149 0.556967 0.857689 0.544506 0.867657 0.531334 0.862317 0.521010 0.850925 0.528486 0.844517 0.522790 0.838465 0.524214 0.827785 0.511042 0.864097 0.476866 0.878034 0.491631
0 -0.000000 0.094407 0.003174 0.098181 0.005743 0.096297 0.010024 0.102119 0.026806 0.090817 0.038964 0.106914 -0.000000 0.130986 -0.000000 0.094407
0 0.104369 0.000005 0.098891 0.003122 0.119435 0.027600 0.096924 0.041369 0.092115 0.035905 0.085559 0.039839 0.076379 0.024103 0.075505 0.016235 0.065014 0.003122 0.070253 0.000004 0.104369 0.000005
0 0.148435 0.019993 0.160539 0.027825 0.157691 0.033165 0.166948 0.039929 0.169440 0.036725 0.182612 0.045981 0.158047 0.074461 0.146655 0.067697 0.153419 0.060577 0.147367 0.057017 0.143095 0.062001 0.134551 0.054169 0.137043 0.049541 0.125295 0.043133 0.148435 0.019993
0 0.078419 0.105853 0.097387 0.115058 0.103802 0.112547 0.108265 0.115895 0.110218 0.120916 0.120260 0.125658 0.111613 0.139326 0.106034 0.137652 0.097387 0.151320 0.069214 0.128447 0.072561 0.124821 0.066425 0.121752 0.078419 0.105853
0 0.258562 0.056399 0.232117 0.091149 0.190591 0.076506 0.200645 0.050717 0.216162 0.056836 0.217911 0.053558 0.222500 0.055743 0.223375 0.052684 0.233865 0.058585 0.245012 0.044597 0.258562 0.056399
0 0.168868 0.095618 0.171709 0.082287 0.193783 0.089062 0.195313 0.082068 0.209519 0.085565 0.206897 0.105235 0.210612 0.109825 0.203618 0.119441 0.183730 0.113759 0.185697 0.100427 0.168868 0.095618
0 0.137903 0.130672 0.156034 0.143225 0.150176 0.151593 0.176396 0.171676 0.158823 0.190923 0.127024 0.171119 0.135392 0.158566 0.124235 0.149640 0.137903 0.130672
0 0.190397 0.172923 0.209266 0.198200 0.191109 0.212796 0.195025 0.219916 0.177225 0.229172 0.164765 0.230240 0.156577 0.224544 0.149813 0.210660 0.158001 0.206744 0.156933 0.202828 0.181497 0.183960 0.179005 0.180400 0.190397 0.172923
0 0.340402 0.040446 0.333638 0.072843 0.325450 0.072487 0.324026 0.080675 0.304801 0.077471 0.305514 0.073199 0.298393 0.071775 0.303377 0.052906 0.310498 0.055398 0.310498 0.051126 0.319398 0.051126 0.322958 0.034750 0.340402 0.040446
0 0.353797 0.137957 0.376581 0.153265 0.368037 0.167506 0.344897 0.153621 0.353797 0.137957
0 0.425979 0.139003 0.421538 0.164907 0.408956 0.161206 0.404516 0.173048 0.391194 0.169347 0.398595 0.136042 0.425979 0.139003
0 0.397212 0.044452 0.408369 0.043615 0.408369 0.040268 0.422316 0.040826 0.421480 0.053657 0.437379 0.053936 0.434311 0.087967 0.417853 0.086572 0.417574 0.081272 0.408091 0.081830 0.406417 0.075135 0.394980 0.073462 0.397212 0.044452
0 0.617731 0.094986 0.619094 0.117249 0.631816 0.117249 0.631816 0.136333 0.573204 0.131335 0.573204 0.137241 0.555484 0.136333 0.556847 0.111797 0.553212 0.111797 0.554120 0.100892 0.571841 0.100892 0.573204 0.094986 0.582291 0.094531 0.582745 0.098621 0.591378 0.099984 0.591378 0.096803 0.599102 0.096803 0.599557 0.093623 0.617731 0.094986
0 0.447537 0.139607 0.488189 0.142885 0.487970 0.170423 0.446663 0.172609 0.443822 0.152720 0.447537 0.139607
0 0.495343 0.147069 0.509848 0.145117 0.509848 0.142327 0.520447 0.143164 0.519611 0.148743 0.537742 0.149301 0.536347 0.185842 0.524910 0.186678 0.525468 0.192257 0.491717 0.190584 0.492553 0.172174 0.495901 0.171337 0.495343 0.147069
0 0.643540 0.136788 0.663832 0.137500 0.664189 0.131804 0.686261 0.133940 0.683769 0.172744 0.658136 0.170964 0.656712 0.173812 0.639980 0.174168 0.643540 0.136788
0 0.648805 0.199831 0.675158 0.200740 0.674704 0.208464 0.650168 0.208464 0.648805 0.199831
3 0.727405 0.130992 0.736504 0.132100 0.735123 0.180012 0.720171 0.179656 0.719815 0.187132 0.702015 0.187488 0.703795 0.120204 0.726223 0.118779 0.727881 0.118721 0.727405 0.130992
0 0.704834 0.000008 0.704834 0.003862 0.699256 0.004141 0.707345 0.023946 0.676662 0.033709 0.667736 0.011115 0.676383 0.008325 0.674151 0.004141 0.681125 0.000236 0.683635 0.007489 0.689493 0.005815 0.687543 0.000008 0.704834 0.000008
0 0.936189 0.032897 0.944836 0.047680 0.950972 0.045728 0.958783 0.062743 0.914153 0.087290 0.909411 0.073343 0.920289 0.068043 0.911921 0.054933 0.915547 0.050749 0.913037 0.045449 0.936189 0.032897
0 0.315108 0.254382 0.331484 0.236582 0.337892 0.244058 0.348928 0.240498 0.360676 0.226258 0.375629 0.241566 0.343588 0.277522 0.334688 0.280370 0.332552 0.278234 0.332552 0.271826 0.315108 0.254382
3 0.361388 0.271470 0.384529 0.247262 0.406957 0.264706 0.401973 0.270402 0.400193 0.276098 0.409093 0.284998 0.389869 0.304578 0.378833 0.293542 0.381681 0.290338 0.361388 0.271470
3 0.476752 0.248988 0.472847 0.277718 0.477310 0.283297 0.475078 0.308680 0.431006 0.309796 0.431843 0.283855 0.438258 0.283018 0.439653 0.263492 0.446905 0.262935 0.448300 0.247593 0.476752 0.248988
3 0.484791 0.256091 0.512685 0.260275 0.512685 0.267527 0.528027 0.266690 0.523564 0.307415 0.497344 0.306857 0.496786 0.298489 0.491207 0.297931 0.491765 0.290958 0.488975 0.288169 0.490928 0.278685 0.481165 0.274780 0.484791 0.256091
3 0.537223 0.279190 0.571044 0.277410 0.571756 0.302331 0.537223 0.302687 0.537223 0.279190
3 0.585430 0.285457 0.610350 0.284389 0.608214 0.311446 0.629218 0.313938 0.629218 0.352742 0.581158 0.347758 0.585430 0.285457
0 0.635718 0.311227 0.680218 0.311227 0.680218 0.332587 0.635006 0.333655 0.635718 0.311227
0 0.726425 0.304746 0.750693 0.305304 0.750693 0.335150 0.724752 0.335429 0.726425 0.304746
0 0.688769 0.255095 0.744835 0.254537 0.743719 0.282431 0.687653 0.282152 0.688769 0.255095
0 0.793093 0.281857 0.791420 0.315051 0.773568 0.314214 0.776078 0.281299 0.793093 0.281857
0 0.771043 0.223628 0.770387 0.240020 0.752466 0.238927 0.752684 0.224721 0.771043 0.223628
0 0.808446 0.276128 0.830203 0.277243 0.847776 0.276964 0.847776 0.299558 0.807330 0.298443 0.808446 0.276128
0 0.998867 0.319872 0.977463 0.319444 0.979974 0.292945 0.998867 0.293260 0.998867 0.319872
0 0.928370 0.276208 0.945106 0.274535 0.945664 0.281508 0.951801 0.280672 0.952359 0.289598 0.967422 0.289040 0.965748 0.304939 0.947059 0.305218 0.945106 0.314702 0.924465 0.312749 0.928370 0.276208
3 0.955509 0.204493 0.969456 0.193894 0.978382 0.196962 0.980056 0.203099 0.983961 0.203657 0.986193 0.212583 0.974477 0.224577 0.955509 0.204493
3 0.839782 0.140851 0.852334 0.152287 0.846755 0.159261 0.854286 0.169581 0.841734 0.177392 0.832808 0.167908 0.827229 0.173765 0.818582 0.162329 0.819698 0.156471 0.839782 0.140851
0 0.998868 0.977265 0.985182 0.972186 0.990203 0.950986 0.998868 0.953355 0.998868 0.977265
0 0.147614 0.000006 0.135135 0.013145 0.121952 0.000005 0.147614 0.000006
4 0.998867 0.244553 0.985359 0.245115 0.982622 0.232948 0.998867 0.219868 0.998867 0.244553
4 0.559815 0.047541 0.555283 0.038250 0.577945 0.032811 0.582704 0.041196 0.559815 0.047541
3 0.536961 0.341400 0.552947 0.341400 0.553255 0.356771 0.536961 0.356156 0.536961 0.341400
3 0.343263 0.320068 0.359579 0.323921 0.359353 0.333666 0.340090 0.332759 0.341223 0.328000 0.343263 0.320068
0 0.333640 0.178051 0.333866 0.170799 0.355169 0.173745 0.352903 0.181450 0.333640 0.178051
