3 0.920961 0.804262 0.926743 0.815036 0.898624 0.831198 0.891397 0.818584 0.907428 0.809123 0.909004 0.811357 0.920961 0.804262
3 0.777113 0.870346 0.789527 0.872487 0.788457 0.881048 0.775401 0.878480 0.777113 0.870346
3 0.790026 0.551522 0.792808 0.551522 0.796233 0.557943 0.792808 0.564792 0.784461 0.563293 0.782107 0.555374 0.790026 0.551522
3 0.968504 0.475201 0.973891 0.479931 0.968241 0.485055 0.963380 0.479931 0.968504 0.475201
3 0.964353 0.209886 0.969887 0.219445 0.962676 0.223469 0.957812 0.213240 0.964353 0.209886
3 0.970390 0.230010 0.983303 0.249630 0.962508 0.262543 0.950098 0.242252 0.970390 0.230010
3 0.973055 0.277811 0.974106 0.276891 0.976471 0.277023 0.978574 0.278600 0.979888 0.280702 0.978048 0.284907 0.975289 0.285958 0.972267 0.285432 0.970953 0.281622 0.973055 0.277811
3 0.984881 0.292133 0.987772 0.297126 0.981990 0.300674 0.979231 0.295550 0.984881 0.292133
3 0.101194 0.675639 0.110921 0.679328 0.106393 0.691235 0.096499 0.687210 0.101194 0.675639
1 0.036903 0.429559 0.038916 0.429391 0.040760 0.430732 0.043108 0.433583 0.042270 0.437944 0.035897 0.440627 0.031872 0.437608 0.032208 0.432074 0.036903 0.429559
3 0.028854 0.438447 0.037071 0.451863 0.019630 0.463098 0.009568 0.445825 0.016779 0.441298 0.018456 0.444819 0.028854 0.438447
0 0.032308 0.283636 0.034493 0.293743 0.020835 0.298113 0.018377 0.288006 0.032308 0.283636
3 0.222158 0.324337 0.232265 0.341274 0.224343 0.346191 0.228987 0.354385 0.209865 0.363673 0.213143 0.370229 0.159057 0.396180 0.145672 0.365039 0.166705 0.354932 0.169710 0.360395 0.178998 0.355751 0.174627 0.348376 0.222158 0.324337
0 0.316235 0.176470 0.322517 0.173465 0.327981 0.184938 0.321425 0.187669 0.316235 0.176470
0 0.249309 0.225912 0.269250 0.240117 0.259143 0.259238 0.238656 0.244761 0.249309 0.225912
0 0.190306 0.218264 0.201232 0.225912 0.186754 0.246400 0.176101 0.238478 0.190306 0.218264
3 0.222694 0.249582 0.228209 0.252120 0.224879 0.259143 0.218870 0.256957 0.222694 0.249582
0 0.167312 0.248690 0.170950 0.261318 0.118941 0.276300 0.115944 0.262388 0.167312 0.248690
0 0.131761 0.167255 0.135282 0.172957 0.127401 0.178491 0.123879 0.173293 0.131761 0.167255
3 0.094364 0.123989 0.104090 0.121138 0.107612 0.136231 0.097550 0.138914 0.094364 0.123989
3 0.063100 0.085368 0.080437 0.087509 0.079366 0.097140 0.062458 0.095000 0.063100 0.085368
0 0.100127 0.094786 0.115966 0.092645 0.117036 0.100351 0.101412 0.102277 0.100127 0.094786
