3 0.117572 0.622873 0.151821 0.628182 0.150109 0.654725 0.117572 0.649245 0.118086 0.646676 0.112777 0.646163 0.117572 0.622873
3 0.139281 0.714467 0.151386 0.703431 0.161354 0.716959 0.149250 0.726571 0.139281 0.714467
3 0.183782 0.716247 0.188410 0.724079 0.188054 0.729420 0.193750 0.742948 0.171322 0.749712 0.164202 0.724079 0.183782 0.716247
3 0.134888 0.821565 0.147348 0.820141 0.147348 0.814801 0.154468 0.815869 0.153756 0.810885 0.169776 0.814445 0.167996 0.835805 0.153756 0.833669 0.152332 0.847910 0.146992 0.851470 0.131684 0.847910 0.134888 0.821565
0 0.010944 0.797016 0.039357 0.788493 0.040668 0.791990 0.053126 0.788711 0.058590 0.805540 0.044165 0.809255 0.045039 0.811660 0.017283 0.819309 0.010944 0.797016
0 -0.000000 0.818249 0.003445 0.817375 0.007598 0.831144 0.011313 0.835515 0.012406 0.847098 0.006286 0.849284 -0.000000 0.851032 -0.000000 0.818249
0 0.026612 0.830269 0.060925 0.821964 0.063985 0.828958 0.069667 0.828958 0.071634 0.836608 0.068575 0.838137 0.069667 0.845131 0.033606 0.855622 0.026612 0.830269
0 -0.000000 0.880281 0.011707 0.886418 0.021748 0.894507 0.011707 0.911801 0.009196 0.910128 0.004454 0.912638 -0.000000 0.907338 -0.000000 0.880281
0 0.055021 0.936498 0.091562 0.943751 0.089052 0.962161 0.084310 0.959929 0.084589 0.967739 0.072315 0.966066 0.072036 0.962997 0.064226 0.962718 0.065342 0.955466 0.051395 0.953514 0.055021 0.936498
0 0.123878 0.969604 0.127474 0.971830 0.124220 0.976283 0.133125 0.980221 0.129529 0.986729 0.116001 0.979708 0.123878 0.969604
0 0.134174 0.999005 0.127645 0.992551 0.135180 0.980906 0.141687 0.983646 0.140489 0.985187 0.149565 0.989811 0.149736 0.991010 0.145928 0.999006 0.134174 0.999005
0 0.177887 0.766117 0.185363 0.787477 0.162578 0.794241 0.165070 0.803141 0.151542 0.805633 0.146914 0.785341 0.142642 0.786409 0.139082 0.774305 0.177887 0.766117
0 0.091323 0.900721 0.096372 0.904086 0.089641 0.913341 0.085013 0.911659 0.091323 0.900721
0 0.139785 0.784361 0.144296 0.792379 0.144296 0.796389 0.129762 0.801902 0.120407 0.794384 0.122745 0.790375 0.129428 0.787033 0.139785 0.784361
