0 0.243763 0.013118 0.262397 0.011953 0.268608 0.064749 0.281807 0.060479 0.275984 0.010789 0.293453 0.009236 0.302770 0.076395 0.314804 0.075619 0.321403 0.113274 0.313639 0.116768 0.313639 0.128802 0.284136 0.135013 0.282195 0.123756 0.260456 0.124920 0.257350 0.101240 0.245316 0.015447 0.243763 0.013118
3 0.068261 0.151445 0.083760 0.140614 0.093656 0.154806 0.078158 0.165449 0.068261 0.151445
3 0.102059 0.154992 0.123907 0.185990 0.106541 0.198128 0.085627 0.167504 0.102059 0.154992
3 0.000065 0.071342 0.015205 0.081435 0.015981 0.100845 -0.000000 0.105115 0.000065 0.071342
0 0.129645 0.298296 0.137986 0.294721 0.149664 0.322367 0.139893 0.327371 0.129645 0.298296
0 0.092943 0.304254 0.093182 0.289478 0.103191 0.280660 0.121065 0.289478 0.124164 0.297343 0.113916 0.314264 0.103191 0.310451 0.101285 0.303063 0.097710 0.305922 0.092943 0.304254
0 -0.000000 0.374449 0.024456 0.374687 0.025409 0.387795 0.023026 0.389225 0.023264 0.404954 -0.000000 0.405431 -0.000000 0.374449
0 0.031129 0.411865 0.032082 0.387318 0.030414 0.383743 0.031367 0.368491 0.034703 0.366584 0.053293 0.366823 0.053531 0.377309 0.062587 0.377547 0.068784 0.385650 0.068069 0.412819 0.050194 0.415679 0.035418 0.414964 0.031129 0.411865
3 0.101368 0.464380 0.111139 0.446982 0.118051 0.439356 0.154276 0.455562 0.147126 0.471529 0.137832 0.478679 0.101368 0.464380
0 0.144743 0.432444 0.159281 0.406229 0.175248 0.415285 0.176916 0.412425 0.193361 0.420052 0.182398 0.442216 0.177870 0.445314 0.173103 0.447220 0.144743 0.432444
3 0.179312 0.368566 0.189017 0.349932 0.212309 0.359637 0.207651 0.378659 0.179312 0.368566
0 0.178745 0.278536 0.193885 0.246703 0.225718 0.263396 0.211354 0.291734 0.178745 0.278536
0 0.230376 0.183426 0.240857 0.181485 0.242022 0.146935 0.262209 0.148100 0.260268 0.164404 0.269973 0.165181 0.266867 0.186532 0.261432 0.186920 0.261432 0.194296 0.229600 0.195460 0.230376 0.183426
3 0.657594 0.050725 0.687402 0.036733 0.691660 0.046770 0.684664 0.051333 0.694702 0.064412 0.696831 0.081750 0.690444 0.095133 0.662764 0.104258 0.657898 0.089050 0.674323 0.080837 0.674627 0.071712 0.671585 0.064716 0.664285 0.066541 0.657594 0.050725
3 0.657594 0.108212 0.677973 0.099695 0.685881 0.098783 0.694398 0.116424 0.665502 0.127983 0.657594 0.108212
3 0.572917 0.074567 0.576867 0.072811 0.576428 0.069007 0.592083 0.061253 0.602325 0.082467 0.581549 0.091831 0.572917 0.074567
0 0.640849 0.232943 0.645716 0.219864 0.671570 0.208610 0.679174 0.224731 0.684040 0.222601 0.692557 0.232335 0.696207 0.242981 0.682520 0.249976 0.677349 0.246935 0.651799 0.258189 0.640849 0.232943
0 0.716004 0.234461 0.754658 0.205704 0.771463 0.229606 0.733370 0.257056 0.716004 0.234461
3 0.776227 0.244209 0.790419 0.239354 0.797514 0.257280 0.783323 0.262509 0.776227 0.244209
0 0.662289 0.288390 0.669677 0.275520 0.687790 0.260744 0.699706 0.262174 0.721393 0.289581 0.717103 0.303166 0.701136 0.314367 0.694225 0.310554 0.694225 0.316750 0.682308 0.323900 0.675874 0.315797 0.675397 0.303642 0.662289 0.288390
0 0.684785 0.329939 0.687026 0.322283 0.694225 0.316750 0.701136 0.314367 0.713542 0.309212 0.732589 0.344691 0.714476 0.358322 0.703832 0.360376 0.694869 0.344131 0.691694 0.334981 0.684785 0.329939
3 0.784877 0.339891 0.798869 0.332591 0.798869 0.328637 0.817119 0.319208 0.829589 0.342629 0.793089 0.359054 0.785485 0.349625 0.784877 0.339891
3 0.782444 0.301566 0.799781 0.293354 0.812252 0.319512 0.795219 0.328637 0.782444 0.301566
0 0.864475 0.314065 0.892458 0.283040 0.914662 0.300378 0.918920 0.307374 0.920745 0.318020 0.907666 0.330186 0.898237 0.324407 0.886070 0.332315 0.864475 0.314065
0 0.952639 0.218851 0.973214 0.218075 0.973990 0.215357 0.998872 0.217233 0.998872 0.269655 0.989519 0.270094 0.986801 0.246413 0.972438 0.246413 0.969332 0.251460 0.955357 0.252236 0.951475 0.246025 0.952639 0.218851
0 0.998872 0.326037 0.989246 0.328219 0.985624 0.317530 0.981191 0.319624 0.980698 0.323318 0.971339 0.317776 0.973214 0.304947 0.998872 0.298570 0.998872 0.326037
0 0.737868 0.411455 0.773455 0.387426 0.779843 0.396855 0.788664 0.403243 0.799310 0.428793 0.778626 0.444001 0.765851 0.433051 0.750035 0.433659 0.737868 0.411455
0 0.791705 0.465901 0.841285 0.470159 0.839764 0.489626 0.822426 0.493276 0.819385 0.497230 0.818776 0.501793 0.806610 0.501793 0.794747 0.488409 0.792922 0.487193 0.791705 0.465901
0 0.871975 0.528751 0.896004 0.512935 0.887184 0.499247 0.905434 0.486472 0.922771 0.512631 0.934634 0.536964 0.902392 0.556126 0.896004 0.544568 0.891442 0.543047 0.874409 0.552172 0.865892 0.541526 0.868021 0.532706 0.871975 0.528751
0 0.897165 0.572853 0.930053 0.550450 0.937680 0.550450 0.948881 0.558553 0.951741 0.568325 0.957699 0.579287 0.933152 0.597876 0.910749 0.594540 0.904315 0.589297 0.897165 0.572853
0 0.962095 0.604136 0.964479 0.600323 0.955899 0.591028 0.974488 0.572439 0.981638 0.577682 0.998872 0.586532 0.998872 0.587627 0.983544 0.621533 0.962095 0.604136
0 0.998872 0.663432 0.987756 0.650730 0.977718 0.636130 0.998872 0.621634 0.998872 0.663432
0 0.887461 0.419431 0.910353 0.393422 0.927822 0.411667 0.908412 0.438453 0.887461 0.419431
0 0.963298 0.662650 0.975691 0.655739 0.989276 0.674089 0.979028 0.679809 0.963298 0.662650
0 0.877741 0.606406 0.885844 0.595681 0.903241 0.606406 0.897760 0.618560 0.877741 0.606406
0 0.809819 0.538484 0.824118 0.531811 0.832459 0.546587 0.824118 0.554928 0.809819 0.538484
0 0.750000 0.488436 0.761201 0.479619 0.776215 0.499399 0.768112 0.506549 0.750000 0.488436
0 0.825285 0.974700 0.825285 0.965644 0.835295 0.953490 0.837917 0.954443 0.846496 0.946102 0.859127 0.955158 0.835057 0.982327 0.825285 0.974700
0 0.840776 0.976607 0.859127 0.955158 0.874142 0.969219 0.868660 0.975892 0.880100 0.987331 0.868021 0.999005 0.865877 0.999005 0.840776 0.976607
0 0.722792 0.937716 0.765679 0.934674 0.785754 0.938020 0.784842 0.964483 0.755337 0.962049 0.727050 0.965091 0.722792 0.937716
0 0.646020 0.880763 0.647237 0.874680 0.656970 0.860993 0.671874 0.871030 0.686170 0.876505 0.696816 0.868597 0.707766 0.886543 0.684649 0.906922 0.661532 0.895668 0.646020 0.880763
0 0.496648 0.979667 0.500907 0.970238 0.508815 0.963851 0.521590 0.972672 0.519765 0.978451 0.529194 0.985751 0.532236 0.980580 0.534061 0.978451 0.530715 0.972368 0.531323 0.954422 0.543186 0.941343 0.552007 0.948338 0.559915 0.954118 0.589115 0.973584 0.576948 0.985142 0.581774 0.999008 0.523953 0.999009 0.523274 0.997061 0.496648 0.979667
0 0.476674 0.953659 0.482649 0.940588 0.497215 0.952539 0.497028 0.955900 0.504497 0.960942 0.506938 0.964319 0.505447 0.966154 0.500907 0.970238 0.499028 0.974064 0.492723 0.969363 0.491920 0.964090 0.488022 0.962141 0.485959 0.962714 0.484927 0.959161 0.478851 0.955722 0.476674 0.953659
0 0.576759 0.876664 0.590391 0.878718 0.587776 0.902059 0.574332 0.900005 0.576759 0.876664
0 0.572278 0.915691 0.579560 0.902619 0.588150 0.906541 0.588336 0.909342 0.598980 0.911583 0.596179 0.924654 0.581241 0.923907 0.572278 0.915691
0 0.490889 0.842731 0.491843 0.831768 0.500184 0.821997 0.518296 0.836058 0.524970 0.824142 0.543320 0.836534 0.544035 0.851787 0.549755 0.864895 0.543797 0.875143 0.538077 0.876334 0.510432 0.861082 0.509002 0.853455 0.490889 0.842731
0 0.520203 0.780767 0.546180 0.792445 0.541175 0.812226 0.515437 0.801739 0.520203 0.780767
0 0.452996 0.822473 0.452043 0.810081 0.459193 0.797450 0.474445 0.802216 0.477305 0.816992 0.473254 0.827240 0.452996 0.822473
0 0.271305 0.769299 0.282559 0.767778 0.290163 0.784203 0.273434 0.789070 0.271305 0.769299
0 0.253359 0.821616 0.277996 0.820399 0.276476 0.802149 0.310542 0.785116 0.316017 0.845645 0.309021 0.849599 0.313584 0.872716 0.291988 0.871803 0.285905 0.852033 0.267655 0.853249 0.258530 0.846862 0.253359 0.821616
0 -0.000000 0.950826 0.007596 0.950826 0.013984 0.970293 -0.000000 0.974757 -0.000000 0.950826
0 0.036939 0.984864 0.032411 0.948162 0.044089 0.945779 0.044565 0.951260 0.067206 0.948639 0.067206 0.942442 0.095805 0.939821 0.097711 0.961270 0.104262 0.993342 0.102192 0.999005 0.081546 0.999004 0.076887 0.976613 0.036939 0.984864
4 0.140218 0.959944 0.152849 0.959468 0.152611 0.967094 0.140218 0.968524 0.140218 0.959944
0 0.100657 0.966379 0.117578 0.965902 0.117578 0.977103 0.102325 0.978533 0.100657 0.966379
0 -0.000000 0.839960 0.010749 0.841248 0.015311 0.879878 -0.000000 0.888330 -0.000000 0.839960
0 0.018353 0.912119 0.015311 0.879878 0.019874 0.878965 0.020786 0.858586 0.043903 0.855240 0.043903 0.852807 0.062761 0.851590 0.067628 0.904819 0.053940 0.905428 0.049074 0.889611 0.043599 0.888394 0.044511 0.907253 0.043903 0.909686 0.018353 0.912119
0 0.071088 0.897161 0.070901 0.895854 0.070714 0.890999 0.066793 0.888758 0.065112 0.870645 0.079864 0.870272 0.080611 0.876994 0.084532 0.878114 0.085279 0.888198 0.081918 0.888758 0.080611 0.896601 0.071088 0.897161
0 0.140890 0.898247 0.141264 0.886857 0.145745 0.881068 0.148920 0.879014 0.164979 0.883496 0.167406 0.897687 0.152841 0.900488 0.140890 0.898247
0 0.151165 0.841335 0.157888 0.832371 0.167784 0.841895 0.164610 0.847683 0.160502 0.847870 0.151165 0.841335
0 0.106723 0.851978 0.109151 0.826956 0.125210 0.828637 0.125583 0.839841 0.132866 0.838907 0.132866 0.831064 0.147431 0.834799 0.147991 0.845443 0.136040 0.848057 0.135480 0.854032 0.128384 0.854966 0.125583 0.856273 0.106350 0.854406 0.106723 0.851978
0 0.027134 0.823239 0.026573 0.816890 0.019478 0.814089 0.019291 0.809794 0.030121 0.807740 0.030868 0.803445 0.047674 0.802512 0.048421 0.814649 0.040205 0.819131 0.041325 0.823612 0.027134 0.823239
0 -0.000000 0.818944 0.009768 0.819691 0.009021 0.831829 -0.000000 0.832949 -0.000000 0.818944
4 0.246450 0.999007 0.242704 0.971690 0.279788 0.999007 0.246450 0.999007
4 0.556586 0.384825 0.575413 0.380058 0.585661 0.402222 0.585661 0.411278 0.585661 0.412947 0.569217 0.416998 0.556586 0.384825
0 0.726488 0.449586 0.730567 0.457517 0.720595 0.464316 0.715157 0.457064 0.726488 0.449586
