4 0.011128 0.654922 0.012422 0.646811 0.015608 0.647120 0.015993 0.645708 0.025842 0.647087 0.025782 0.650717 0.028968 0.650717 0.029320 0.648976 0.035262 0.649332 0.034518 0.657808 0.011128 0.654922
4 -0.000000 0.664487 -0.000000 0.659538 0.004027 0.659183 0.004006 0.663177 0.002750 0.663286 0.002641 0.664215 -0.000000 0.664487
4 0.021224 0.667854 0.027730 0.667854 0.028400 0.683783 0.021560 0.683243 0.021224 0.667854
0 0.148432 0.462087 0.167281 0.444097 0.186368 0.464924 0.187136 0.453404 0.206978 0.453605 0.206628 0.467590 0.219563 0.455004 0.235499 0.473249 0.192618 0.510675 0.148432 0.462087
0 0.245200 0.302413 0.260171 0.306038 0.251876 0.337219 0.235441 0.331075 0.245200 0.302413
0 0.254960 0.324573 0.257492 0.314742 0.267862 0.317353 0.265558 0.326416 0.254960 0.324573
0 0.295538 0.352920 0.309469 0.345212 0.313075 0.351576 0.298438 0.358860 0.295538 0.352920
0 0.321017 0.331640 0.327214 0.333327 0.325232 0.338175 0.319253 0.336180 0.321017 0.331640
0 0.260694 0.358417 0.276180 0.362872 0.274412 0.369731 0.266209 0.367751 0.266492 0.363791 0.259350 0.361811 0.260694 0.358417
3 0.384427 0.178952 0.433390 0.182763 0.432154 0.190751 0.440448 0.191058 0.439987 0.195359 0.427238 0.194898 0.425856 0.201349 0.428467 0.203192 0.427853 0.207186 0.423859 0.209644 0.421401 0.211640 0.421555 0.213637 0.426470 0.215020 0.424586 0.230170 0.372023 0.226151 0.373712 0.210484 0.380778 0.211405 0.384427 0.178952
3 0.384427 0.178952 0.381661 0.177066 0.439767 0.178885 0.438544 0.189373 0.447284 0.188499 0.445011 0.197939 0.439987 0.195359 0.440448 0.191058 0.432154 0.190751 0.433390 0.182763 0.384427 0.178952
3 0.426470 0.215020 0.432176 0.212243 0.432574 0.224377 0.430584 0.234125 0.372894 0.229749 0.372023 0.226151 0.424586 0.230170 0.426470 0.215020
3 0.439987 0.195359 0.445011 0.197939 0.429394 0.200616 0.428467 0.203192 0.425856 0.201349 0.427238 0.194898 0.439987 0.195359
3 0.384427 0.178952 0.380778 0.211405 0.373712 0.210484 0.372785 0.206779 0.377992 0.206553 0.381661 0.177066 0.384427 0.178952
0 0.285426 0.067778 0.302526 0.066021 0.305878 0.102738 0.305179 0.103438 0.306402 0.113227 0.290320 0.114450 0.285426 0.067778
0 0.279235 0.003017 0.308293 0.002187 0.308056 0.015233 0.278879 0.015352 0.279235 0.003017
0 0.260220 0.007359 0.278994 0.008000 0.278879 0.015352 0.259213 0.015143 0.260220 0.007359
0 0.258131 0.028711 0.271898 0.028711 0.271088 0.035865 0.258131 0.035595 0.258131 0.028711
0 0.276894 0.049588 0.286144 0.040521 0.293745 0.049679 0.283946 0.057738 0.276894 0.049588
0 0.239893 0.024114 0.248112 0.024017 0.248411 0.034706 0.239675 0.034760 0.239893 0.024114
0 0.483180 0.000009 0.482825 0.008058 0.475946 0.007821 0.475709 0.011735 0.457207 0.011260 0.458517 0.000009 0.483180 0.000009
0 0.615621 0.077657 0.613521 0.077237 0.616461 0.052314 0.618002 0.032292 0.664346 0.030892 0.663506 0.042653 0.672747 0.041813 0.674147 0.053294 0.684368 0.053714 0.683808 0.071076 0.658605 0.070936 0.658885 0.055955 0.650205 0.055955 0.650625 0.048954 0.634103 0.048954 0.632983 0.078357 0.615621 0.077657
0 0.147567 0.497914 0.151716 0.503602 0.146898 0.506948 0.143083 0.501661 0.147567 0.497914
0 0.232643 0.000573 0.232462 0.009197 0.224382 0.009197 0.224836 0.014009 0.214941 0.013918 0.215213 0.007018 0.207860 0.006837 0.207587 0.000119 0.232643 0.000573
