0 0.912158 0.051365 0.929403 0.060797 0.930301 0.059539 0.946578 0.069059 0.916439 0.125095 0.890834 0.112073 0.911903 0.073302 0.902685 0.068620 0.912158 0.051365
0 0.823796 0.088337 0.825463 0.062550 0.841353 0.063610 0.839744 0.089214 0.823796 0.088337
4 0.929287 0.000004 0.929287 0.009519 0.919338 0.009081 0.919484 0.012153 0.900611 0.011422 0.901049 0.000005 0.929287 0.000004
4 0.825445 0.000006 0.825560 0.007242 0.808758 0.007292 0.808822 0.000006 0.825445 0.000006
4 0.854836 0.000006 0.844645 0.005467 0.841197 0.000006 0.854836 0.000006
4 0.753304 0.000007 0.753320 0.009296 0.733568 0.008644 0.733816 0.000007 0.753304 0.000007
4 0.602269 0.000009 0.601310 0.009136 0.585592 0.008686 0.586040 0.000009 0.602269 0.000009
0 0.518164 0.020184 0.546355 0.021620 0.545278 0.037242 0.516744 0.036028 0.518164 0.020184
0 0.511626 0.068201 0.528146 0.062903 0.530300 0.068289 0.545922 0.063980 0.555079 0.095403 0.564237 0.098814 0.559568 0.111563 0.543588 0.109767 0.538237 0.085670 0.534836 0.086327 0.531639 0.087429 0.534615 0.098893 0.522490 0.102421 0.519183 0.099224 0.517079 0.092555 0.515977 0.093106 0.512979 0.082548 0.515957 0.081465 0.511626 0.068201
0 0.386614 0.069270 0.398465 0.038027 0.429348 0.049878 0.417857 0.082019 0.386614 0.069270
0 0.406810 0.097109 0.412432 0.083660 0.428636 0.090164 0.422904 0.104605 0.406810 0.097109
0 0.287489 0.058064 0.286315 0.057185 0.297006 0.042443 0.301315 0.046213 0.307240 0.037774 0.309395 0.025923 0.310832 0.017305 0.322503 0.017125 0.321448 0.023835 0.329506 0.024307 0.326094 0.048368 0.307420 0.071531 0.287489 0.058064
0 0.217735 0.063104 0.213655 0.055085 0.248124 0.037780 0.252345 0.046081 0.263037 0.040031 0.270212 0.052834 0.265991 0.055085 0.267680 0.058743 0.238276 0.075063 0.242497 0.083785 0.227162 0.092649 0.213374 0.066059 0.217735 0.063104
0 0.141290 0.087638 0.141390 0.085152 0.154925 0.085355 0.155128 0.078384 0.207727 0.079199 0.207368 0.104876 0.158169 0.104158 0.157630 0.112058 0.140931 0.111340 0.141290 0.087638
0 0.150667 0.166964 0.168926 0.167515 0.167270 0.191213 0.148948 0.189743 0.150667 0.166964
0 0.072239 0.157852 0.068968 0.153973 0.060808 0.145250 0.064466 0.141874 0.073188 0.134558 0.067561 0.125554 0.080887 0.111929 0.079308 0.108689 0.079749 0.103398 0.086473 0.098107 0.090552 0.098768 0.098176 0.089905 0.092994 0.084291 0.103704 0.073581 0.114328 0.084896 0.116214 0.085068 0.118387 0.087141 0.118604 0.089063 0.123482 0.094554 0.106017 0.114520 0.114919 0.122772 0.096242 0.141972 0.098775 0.146052 0.080996 0.162518 0.080444 0.164502 0.074053 0.164934 0.071203 0.161998 0.072239 0.157852
0 -0.000000 0.142523 0.024408 0.125445 0.028381 0.130369 0.046941 0.117883 0.058075 0.133757 0.043304 0.144119 0.040878 0.143347 0.038784 0.140922 0.029083 0.146875 0.030186 0.148638 0.016128 0.157292 0.014254 0.158615 0.012931 0.157072 0.004333 0.162914 -0.000000 0.154316 -0.000000 0.142523
0 0.142920 0.000006 0.142920 0.023580 0.096633 0.023207 0.094401 0.000005 0.142920 0.000006
0 0.227227 0.002601 0.227182 0.001190 0.256674 0.001523 0.257033 0.020377 0.227586 0.020197 0.227227 0.002601
0 0.173933 0.000006 0.173704 0.003710 0.190662 0.004169 0.190891 0.024794 0.160412 0.024106 0.159725 0.012419 0.154683 0.011960 0.154683 0.001648 0.154799 0.000006 0.173933 0.000006
0 0.094401 0.000005 0.093740 0.017922 0.082606 0.017592 0.082567 0.005725 0.076543 0.005797 0.076543 0.004253 0.076653 0.000004 0.094401 0.000005
0 0.446769 0.181145 0.446906 0.179462 0.454889 0.179903 0.455330 0.174061 0.457534 0.174061 0.457644 0.168329 0.469329 0.168218 0.467896 0.192249 0.486654 0.193348 0.485749 0.205166 0.488311 0.205448 0.487601 0.219640 0.489504 0.219929 0.487349 0.248838 0.472805 0.248300 0.473882 0.223161 0.443896 0.220289 0.446769 0.181145
0 0.507200 0.202367 0.507300 0.200834 0.524527 0.202241 0.521854 0.228268 0.527481 0.228971 0.527903 0.220249 0.556202 0.221728 0.553681 0.255186 0.535119 0.255186 0.536036 0.245561 0.503952 0.243499 0.507200 0.202367
0 0.641621 0.239238 0.642920 0.207865 0.697193 0.209975 0.695364 0.247117 0.669477 0.245851 0.669899 0.232767 0.663709 0.232204 0.663427 0.240504 0.641621 0.239238
0 0.730385 0.203519 0.730259 0.200158 0.724631 0.199876 0.726486 0.181958 0.741809 0.182509 0.742259 0.179373 0.754528 0.180615 0.754749 0.179724 0.780901 0.181494 0.780198 0.194578 0.779354 0.207240 0.733350 0.203675 0.730385 0.203519
0 0.837075 0.232562 0.841200 0.226374 0.836158 0.223853 0.843950 0.209416 0.870430 0.225238 0.870677 0.225506 0.869335 0.227197 0.878339 0.232966 0.872148 0.242673 0.863426 0.238171 0.860612 0.242814 0.850623 0.238171 0.842735 0.250387 0.851036 0.255592 0.849770 0.257421 0.856945 0.263330 0.843720 0.283027 0.834733 0.276016 0.833835 0.277812 0.808514 0.260624 0.816594 0.249312 0.819467 0.250928 0.832929 0.229998 0.837075 0.232562
0 0.736124 0.061652 0.736256 0.060851 0.750054 0.062158 0.750592 0.056232 0.757954 0.056771 0.758134 0.048691 0.790095 0.049050 0.788658 0.069519 0.760109 0.067365 0.757954 0.086757 0.733884 0.084796 0.736124 0.061652
0 0.985908 0.252178 0.970241 0.276623 0.949772 0.263156 0.965596 0.240303 0.985908 0.252178
0 0.998791 0.232093 0.986172 0.251768 0.965932 0.239814 0.952645 0.231015 0.966112 0.211623 0.998791 0.232093
0 0.892760 0.316766 0.926218 0.264516 0.950280 0.280329 0.917280 0.333037 0.892760 0.316766
0 0.908999 0.377707 0.908513 0.376329 0.917438 0.373218 0.916541 0.370704 0.946168 0.360469 0.947604 0.364240 0.961430 0.358674 0.968433 0.378964 0.915822 0.397638 0.908999 0.377707
0 0.835505 0.500337 0.857524 0.500359 0.856973 0.515130 0.858737 0.514910 0.858212 0.526655 0.841470 0.525670 0.841892 0.519058 0.834843 0.518415 0.835505 0.500337
0 0.878128 0.521321 0.898940 0.522085 0.899299 0.512928 0.928388 0.514364 0.928388 0.516160 0.949755 0.517058 0.947780 0.550456 0.931337 0.549499 0.929426 0.571208 0.908134 0.569994 0.909362 0.553808 0.888237 0.551758 0.888375 0.550535 0.888442 0.548369 0.879871 0.548180 0.880201 0.542827 0.877178 0.542654 0.878128 0.521321
0 0.951508 0.606023 0.952585 0.604945 0.944599 0.592792 0.970002 0.575139 0.989575 0.604821 0.985827 0.607908 0.992538 0.618929 0.996727 0.615842 0.998861 0.620154 0.998861 0.638492 0.995888 0.640933 0.998861 0.647466 0.998861 0.662442 0.992444 0.666781 0.951868 0.606588 0.951508 0.606023
0 0.876152 0.672639 0.884040 0.665158 0.886686 0.668134 0.897819 0.657111 0.909063 0.670008 0.907239 0.686167 0.914397 0.692749 0.922477 0.688260 0.939894 0.708012 0.923555 0.722915 0.876152 0.672639
0 0.829381 0.604790 0.838103 0.594661 0.841761 0.597896 0.851328 0.585656 0.880732 0.609151 0.882139 0.607322 0.891846 0.613935 0.890861 0.615201 0.896208 0.618437 0.895363 0.620547 0.899021 0.622798 0.899725 0.625190 0.879606 0.649670 0.859066 0.635460 0.859303 0.632301 0.855267 0.629270 0.862020 0.619984 0.853579 0.614075 0.849238 0.620427 0.829381 0.604790
0 0.895682 0.768208 0.894160 0.765876 0.916448 0.752706 0.925223 0.765283 0.948621 0.748904 0.965585 0.774350 0.918788 0.802428 0.895682 0.768208
0 0.684018 0.773670 0.700660 0.769775 0.697768 0.752358 0.718164 0.748004 0.724122 0.790629 0.714727 0.792691 0.716331 0.799337 0.723664 0.797733 0.727560 0.824087 0.710831 0.826379 0.712435 0.835774 0.692956 0.838066 0.684018 0.773670
0 0.704453 0.885703 0.698914 0.878913 0.711370 0.870205 0.709055 0.867229 0.722835 0.857969 0.731653 0.869323 0.725701 0.875386 0.734047 0.886236 0.704453 0.885703
0 0.618677 0.884158 0.618677 0.875791 0.626977 0.876072 0.627118 0.863692 0.659054 0.864536 0.659459 0.884893 0.618677 0.884158
0 0.539576 0.748220 0.535910 0.745700 0.519868 0.736075 0.530639 0.717741 0.550782 0.730510 0.559055 0.718200 0.570972 0.725533 0.563410 0.736991 0.590910 0.752575 0.580826 0.771595 0.558291 0.758747 0.539805 0.789700 0.521472 0.779387 0.539576 0.748220
0 0.716886 0.445461 0.714920 0.440993 0.705942 0.445303 0.699990 0.433697 0.703249 0.432016 0.691083 0.406629 0.703428 0.400952 0.693912 0.380915 0.688480 0.370445 0.720269 0.356407 0.730079 0.374265 0.720558 0.378535 0.722762 0.381842 0.718574 0.383826 0.720311 0.387362 0.724653 0.386450 0.727408 0.391962 0.726063 0.393093 0.732707 0.404136 0.733821 0.403499 0.737957 0.412301 0.736525 0.413097 0.741939 0.422943 0.751787 0.418019 0.759244 0.436449 0.742080 0.443624 0.746460 0.456183 0.729815 0.462907 0.726067 0.455852 0.722386 0.458066 0.716886 0.445461
0 0.621734 0.354430 0.622632 0.333781 0.631969 0.334319 0.632149 0.337551 0.632103 0.339015 0.643072 0.339101 0.643031 0.341501 0.651623 0.341520 0.651709 0.339706 0.662183 0.340284 0.662323 0.342816 0.664634 0.342882 0.664715 0.337048 0.681660 0.336954 0.682472 0.370875 0.667377 0.372132 0.667389 0.366081 0.663619 0.366207 0.663439 0.371414 0.627528 0.371953 0.627887 0.365489 0.620884 0.365309 0.621734 0.354430
0 0.549543 0.334641 0.547808 0.331330 0.573146 0.320334 0.583383 0.342055 0.585431 0.341470 0.605904 0.384757 0.572854 0.401136 0.555109 0.364268 0.563009 0.361036 0.549543 0.334641
0 0.463125 0.333998 0.474127 0.331413 0.472884 0.323958 0.496127 0.319162 0.498022 0.328267 0.502550 0.327495 0.503229 0.331320 0.514049 0.329098 0.520566 0.363822 0.469224 0.371803 0.463125 0.333998
0 0.541013 0.313203 0.555123 0.313423 0.555123 0.324667 0.541234 0.324446 0.541013 0.313203
0 0.555377 0.322967 0.555377 0.316944 0.563972 0.317080 0.563972 0.323035 0.555377 0.322967
0 0.347944 0.522980 0.348370 0.501692 0.361118 0.502052 0.361118 0.489662 0.335980 0.488944 0.335980 0.481043 0.372501 0.481887 0.373125 0.457211 0.387756 0.456929 0.387782 0.462164 0.387197 0.462457 0.381575 0.462236 0.381575 0.464110 0.383571 0.464000 0.383615 0.465215 0.383727 0.467613 0.384456 0.467515 0.384862 0.467989 0.386757 0.465349 0.397228 0.465636 0.399204 0.468150 0.399563 0.474614 0.409618 0.475153 0.409618 0.484849 0.416800 0.485567 0.416082 0.509628 0.409798 0.509628 0.409321 0.522688 0.395438 0.522408 0.395579 0.530287 0.376304 0.530427 0.376023 0.524096 0.371264 0.524103 0.371437 0.525744 0.363491 0.526176 0.363232 0.523067 0.347944 0.522980
0 0.289648 0.392072 0.291939 0.357468 0.320356 0.358843 0.318981 0.379010 0.311648 0.378552 0.310502 0.393906 0.289648 0.392072
0 0.262606 0.362052 0.283689 0.363427 0.281627 0.386343 0.261231 0.384739 0.262606 0.362052
0 0.249073 0.415573 0.255551 0.398924 0.277802 0.408211 0.271158 0.424192 0.249073 0.415573
0 0.259314 0.464929 0.238991 0.455283 0.257400 0.418906 0.276435 0.427134 0.259314 0.464929
4 0.279705 0.482476 0.305443 0.482183 0.306321 0.502365 0.279705 0.503242 0.279705 0.482476
0 0.277510 0.878010 0.274786 0.841233 0.299083 0.839804 0.300084 0.857335 0.317501 0.855899 0.314987 0.842432 0.345153 0.838123 0.346230 0.847639 0.361672 0.846023 0.362750 0.851590 0.371728 0.851051 0.375418 0.879775 0.277510 0.878010
0 -0.000000 0.863024 0.017325 0.860151 0.017863 0.864281 0.045539 0.859254 0.047168 0.873856 -0.000000 0.873005 -0.000000 0.863024
0 0.055743 0.849930 0.055523 0.848938 0.065223 0.847615 0.066105 0.856103 0.056846 0.857315 0.055743 0.849930
0 0.065995 0.841772 0.077018 0.840780 0.078892 0.857205 0.068089 0.858859 0.065995 0.841772
0 0.095423 0.874727 0.091521 0.841343 0.108708 0.839280 0.113470 0.875052 0.095423 0.874727
0 0.116603 0.875109 0.115693 0.870195 0.140173 0.867240 0.140876 0.871602 0.144393 0.870898 0.140454 0.841776 0.158884 0.839525 0.163370 0.875952 0.116603 0.875109
0 0.198840 0.828125 0.218902 0.825149 0.222209 0.844329 0.202147 0.847636 0.198840 0.828125
0 0.222644 0.841918 0.222499 0.841087 0.233030 0.838909 0.232748 0.837080 0.251038 0.834125 0.251179 0.835954 0.260745 0.833422 0.265107 0.857761 0.227274 0.865397 0.222644 0.841918
0 0.052206 0.873947 0.051323 0.860693 0.069778 0.860125 0.071511 0.874295 0.052206 0.873947
4 0.283661 0.545134 0.309266 0.546119 0.308844 0.555123 0.291399 0.554841 0.291258 0.552590 0.283380 0.552450 0.283661 0.545134
0 -0.000000 0.440618 0.011499 0.435004 0.034905 0.436127 0.034992 0.456079 0.027477 0.456510 0.027391 0.459274 0.016441 0.459175 0.017285 0.455236 0.006171 0.457487 0.005748 0.454673 -0.000000 0.465756 -0.000000 0.440618
0 0.202840 0.344378 0.217783 0.355938 0.215699 0.359112 0.199661 0.355426 0.183904 0.354582 0.181371 0.368370 0.153093 0.367947 0.150137 0.362500 0.177773 0.362247 0.179603 0.344093 0.202840 0.344378
0 0.212604 0.318313 0.213026 0.328442 0.229064 0.338853 0.227798 0.340682 0.217783 0.355938 0.202840 0.344378 0.179603 0.344093 0.177773 0.362247 0.150137 0.362500 0.149440 0.361215 0.149991 0.340271 0.150212 0.325830 0.150138 0.325066 0.165473 0.325206 0.165755 0.317609 0.178557 0.318031 0.178416 0.316062 0.212604 0.318313
0 0.224658 0.391113 0.224485 0.396514 0.190861 0.395670 0.190947 0.390127 0.224658 0.391113
0 0.224767 0.369362 0.225048 0.378647 0.224658 0.391113 0.190947 0.390127 0.191002 0.386244 0.191564 0.368658 0.194237 0.368517 0.224767 0.369362
0 0.073659 0.315105 0.058226 0.314885 0.058369 0.312627 0.073848 0.312344 0.073659 0.315105
0 0.075202 0.292948 0.073848 0.312344 0.058369 0.312627 0.059659 0.292177 0.075202 0.292948
0 0.065048 0.317736 0.065411 0.316025 0.090370 0.317820 0.090549 0.313331 0.101861 0.314229 0.101861 0.318538 0.114969 0.319077 0.114790 0.322668 0.121792 0.322309 0.119279 0.350679 0.092524 0.348525 0.081212 0.347986 0.080853 0.356066 0.061531 0.353893 0.065048 0.317736
0 0.054292 0.363259 0.075958 0.363681 0.075536 0.381408 0.071175 0.380986 0.071175 0.384362 0.062593 0.384503 0.062734 0.377468 0.053870 0.377750 0.054292 0.363259
0 0.106841 0.365007 0.115564 0.365462 0.115823 0.373472 0.107100 0.373817 0.106841 0.365007
0 0.076272 0.412217 0.076272 0.415440 0.060655 0.414737 0.060596 0.411631 0.076272 0.412217
0 0.076272 0.412217 0.060596 0.411631 0.060374 0.399120 0.076272 0.399120 0.076272 0.412217
0 0.188262 0.772265 0.216860 0.766783 0.221388 0.791569 0.193028 0.797765 0.188262 0.772265
0 0.853640 0.146252 0.875395 0.152185 0.877702 0.154493 0.861551 0.205584 0.836500 0.196354 0.851003 0.146912 0.853640 0.146252
4 0.286579 0.535239 0.286579 0.525680 0.310641 0.526998 0.311300 0.535898 0.286579 0.535239
4 -0.000000 0.088747 -0.000000 0.076591 0.007101 0.077181 0.007101 0.088965 -0.000000 0.088747
0 0.009594 0.637385 0.025684 0.642823 0.043134 0.658687 0.040641 0.666845 0.006195 0.651888 0.005968 0.648262 0.009594 0.637385
4 0.998861 0.015971 0.986025 0.000003 0.998861 0.000003 0.998861 0.015971
4 0.561766 0.024102 0.573448 0.026254 0.573755 0.042547 0.560536 0.041318 0.561766 0.024102
0 0.595274 0.199946 0.605112 0.200868 0.611875 0.209783 0.585745 0.236836 0.584207 0.250055 0.581133 0.249748 0.578674 0.258970 0.572218 0.264811 0.563303 0.250670 0.563303 0.240525 0.574370 0.217161 0.595274 0.199946
