0 0.020647 0.498797 0.049784 0.478073 0.063736 0.494078 0.059222 0.496950 0.069481 0.511518 0.050484 0.524907 0.043218 0.530190 0.020647 0.498797
0 0.050484 0.524907 0.069481 0.511518 0.059222 0.496950 0.074438 0.513010 0.083763 0.506740 0.086335 0.508348 0.090193 0.505133 0.098071 0.514457 0.095177 0.521370 0.089711 0.526997 0.106109 0.547254 0.104984 0.548861 0.098875 0.553363 0.103859 0.559151 0.088264 0.572655 0.068007 0.551273 0.070097 0.548058 0.050484 0.524907
0 0.118436 0.637410 0.128387 0.653646 0.118698 0.665430 0.129697 0.682714 0.107699 0.678000 0.098010 0.688214 0.085440 0.684024 0.080464 0.670930 0.082298 0.663859 0.080464 0.654432 0.099057 0.636362 0.118436 0.637410
0 -0.000000 0.688645 0.004526 0.697811 0.044854 0.680003 0.054806 0.704620 -0.000000 0.727664 -0.000000 0.688645
0 0.051137 0.811222 0.064506 0.802532 0.075535 0.823922 0.079212 0.821917 0.088904 0.838294 0.083891 0.840968 0.089238 0.849992 0.077206 0.856008 0.051137 0.811222
0 0.144681 0.801685 0.160481 0.825282 0.158634 0.831232 0.153299 0.835131 0.147554 0.836157 0.143450 0.835131 0.134832 0.839029 0.132575 0.842517 0.118212 0.841286 0.100156 0.811329 0.116776 0.802506 0.121495 0.807841 0.141398 0.797171 0.144681 0.801685
0 0.018707 0.837208 0.040625 0.829524 0.045286 0.839979 0.022612 0.847537 0.018707 0.837208
0 0.140758 0.444507 0.140758 0.441635 0.152453 0.438352 0.156967 0.447585 0.155531 0.450047 0.162507 0.467283 0.159635 0.470361 0.164970 0.495188 0.162918 0.500318 0.155531 0.501959 0.132550 0.485544 0.134192 0.483492 0.111211 0.460922 0.123317 0.452715 0.127626 0.458255 0.143220 0.451073 0.140758 0.444507
0 0.137959 0.419096 0.149039 0.416429 0.153553 0.434690 0.142883 0.437973 0.137959 0.419096
0 0.159438 0.405679 0.179157 0.401000 0.180828 0.404343 0.203890 0.397658 0.208569 0.403340 0.209906 0.411027 0.205227 0.414035 0.212580 0.441776 0.211243 0.449463 0.197874 0.454476 0.196203 0.456482 0.197205 0.459490 0.190187 0.461161 0.193529 0.473861 0.180828 0.476535 0.159438 0.405679
0 0.148835 0.368199 0.173914 0.361607 0.177773 0.374469 0.152211 0.381703 0.148835 0.368199
0 0.424165 0.294987 0.425736 0.328507 0.404786 0.329293 0.403215 0.296035 0.424165 0.294987
0 0.385002 0.289353 0.385670 0.321439 0.387675 0.321439 0.390349 0.347843 0.386339 0.360543 0.369627 0.359875 0.367956 0.350517 0.356593 0.350851 0.353919 0.321439 0.362609 0.319099 0.365617 0.317428 0.364280 0.289688 0.385002 0.289353
0 0.470041 0.472071 0.493502 0.470792 0.495208 0.485295 0.513551 0.484868 0.513551 0.481882 0.525068 0.482735 0.529333 0.548000 0.525068 0.552266 0.525068 0.569328 0.472600 0.562930 0.470041 0.472071
0 0.410748 0.478043 0.452125 0.475484 0.451272 0.464820 0.468335 0.464820 0.469614 0.506197 0.462789 0.510036 0.465775 0.530511 0.463642 0.554398 0.423545 0.558237 0.421839 0.551412 0.416294 0.553119 0.410748 0.478043
0 0.371016 0.511657 0.387893 0.519279 0.369927 0.548133 0.374283 0.551399 0.391704 0.547589 0.398237 0.562288 0.411303 0.568276 0.403137 0.586787 0.398237 0.584609 0.392793 0.593320 0.382993 0.588964 0.371561 0.611830 0.357406 0.613463 0.351417 0.600941 0.354684 0.591686 0.339984 0.585698 0.356317 0.559566 0.349239 0.554122 0.371016 0.511657
0 0.554572 0.531115 0.571208 0.539220 0.571635 0.549884 0.584005 0.554149 0.579313 0.572492 0.538789 0.560548 0.554572 0.531115
0 0.526868 0.445961 0.546588 0.443956 0.549596 0.473702 0.546588 0.473702 0.549261 0.506456 0.530545 0.507124 0.526868 0.445961
0 0.591983 0.448090 0.614042 0.447421 0.615044 0.444747 0.621395 0.445082 0.620058 0.448424 0.629082 0.446753 0.631756 0.472488 0.612036 0.473825 0.614042 0.508584 0.606020 0.507916 0.607357 0.520616 0.595994 0.521285 0.591983 0.448090
0 0.626786 0.526074 0.644332 0.526074 0.645641 0.554094 0.628096 0.555928 0.626786 0.526074
0 0.651644 0.494269 0.683729 0.493267 0.683729 0.487919 0.700106 0.486916 0.704117 0.553427 0.703449 0.554430 0.666684 0.555767 0.666684 0.541395 0.683061 0.541061 0.682727 0.511416 0.652646 0.512986 0.651644 0.494269
0 0.812652 0.440817 0.819337 0.448504 0.826021 0.445162 0.841395 0.461873 0.839390 0.462876 0.850754 0.476913 0.820339 0.501646 0.816997 0.494293 0.817665 0.494293 0.813989 0.491285 0.800286 0.500643 0.801957 0.531726 0.779230 0.535068 0.774885 0.513009 0.759176 0.496967 0.784911 0.472568 0.790593 0.477247 0.797612 0.474574 0.807973 0.467555 0.794270 0.453183 0.812652 0.440817
0 0.702798 0.414416 0.719820 0.412845 0.721653 0.450555 0.711702 0.449769 0.711440 0.431176 0.703846 0.431438 0.702798 0.414416
0 0.708821 0.371207 0.735794 0.370159 0.736842 0.396871 0.710131 0.398704 0.708821 0.371207
0 0.707782 0.322706 0.734854 0.322372 0.735857 0.353789 0.708451 0.356797 0.707782 0.322706
0 0.817472 0.132569 0.848984 0.130121 0.851021 0.160079 0.819743 0.162117 0.817472 0.132569
0 0.570098 0.156820 0.589987 0.153978 0.592610 0.177364 0.572284 0.179768 0.570098 0.156820
0 0.932971 0.634564 0.968216 0.632428 0.969284 0.675505 0.933683 0.676929 0.932971 0.634564
0 0.894492 0.623604 0.910228 0.638247 0.917004 0.630379 0.918752 0.645678 0.930772 0.658573 0.931210 0.662288 0.920500 0.671905 0.904983 0.659884 0.905639 0.666441 0.912414 0.668189 0.913725 0.676057 0.897552 0.676713 0.894492 0.623604
0 0.935019 0.598431 0.953159 0.601709 0.950318 0.615041 0.933052 0.611763 0.935019 0.598431
0 0.890185 0.555534 0.912500 0.555255 0.912500 0.570876 0.889978 0.570831 0.890185 0.555534
0 0.884862 0.531656 0.900617 0.532170 0.900617 0.538677 0.884349 0.539705 0.884862 0.531656
0 0.626042 0.674370 0.647241 0.671859 0.649751 0.691664 0.630226 0.695011 0.626042 0.674370
0 0.612039 0.681076 0.623404 0.680202 0.623404 0.687414 0.612695 0.688070 0.612039 0.681076
0 0.574765 0.695840 0.587109 0.694498 0.589122 0.703890 0.575973 0.705634 0.574765 0.695840
0 0.587026 0.684728 0.592741 0.684829 0.593095 0.689886 0.587330 0.690695 0.587026 0.684728
0 0.493514 0.712190 0.503835 0.710796 0.506903 0.719722 0.496024 0.722232 0.493514 0.712190
0 0.430593 0.732363 0.455290 0.729521 0.458786 0.767113 0.433653 0.769299 0.430593 0.732363
0 0.331718 0.770230 0.373462 0.763455 0.375429 0.780065 0.353355 0.784437 0.348329 0.780284 0.333685 0.783344 0.331718 0.770230
0 0.263407 0.761081 0.279597 0.757717 0.281279 0.766863 0.265300 0.770122 0.263407 0.761081
0 0.246654 0.457359 0.279128 0.459678 0.277389 0.475335 0.292466 0.475335 0.292466 0.497951 0.268110 0.497371 0.266951 0.503750 0.250714 0.500271 0.253033 0.486353 0.239696 0.485193 0.240275 0.470696 0.246074 0.470696 0.246654 0.457359
0 0.224787 0.416800 0.239739 0.417512 0.237603 0.434956 0.240807 0.441364 0.233687 0.446704 0.223007 0.439228 0.224787 0.416800
0 0.373576 0.418161 0.402201 0.418616 0.404473 0.437245 0.373122 0.437245 0.373576 0.418161
0 0.068310 0.000004 0.072213 0.009061 0.036788 0.019940 0.031489 0.000003 0.068310 0.000004
0 0.316087 0.023904 0.314318 0.012972 0.321070 0.011685 0.321392 0.013615 0.326376 0.012811 0.327984 0.020688 0.316087 0.023904
0 0.821118 0.195190 0.820594 0.167693 0.850186 0.165860 0.851306 0.192337 0.821118 0.195190
0 0.684061 0.165790 0.683446 0.145272 0.685908 0.144656 0.685703 0.128652 0.698424 0.128446 0.698835 0.144041 0.730228 0.143015 0.730844 0.163328 0.684061 0.165790
0 0.636408 0.165270 0.635926 0.153534 0.645250 0.152891 0.646215 0.164466 0.636408 0.165270
0 0.484459 0.281964 0.486162 0.267396 0.486572 0.259804 0.482469 0.258983 0.482263 0.258367 0.483084 0.257752 0.485341 0.256931 0.484726 0.253238 0.482263 0.253443 0.481648 0.252827 0.481648 0.251186 0.481648 0.249750 0.483084 0.247903 0.483700 0.245441 0.479596 0.246056 0.479801 0.243389 0.502782 0.241747 0.504013 0.264113 0.503603 0.286683 0.491497 0.287504 0.491086 0.282990 0.484459 0.281964
0 0.591340 0.352424 0.591142 0.338607 0.602788 0.338310 0.602492 0.351931 0.591340 0.352424
0 0.524925 0.431442 0.524282 0.406363 0.531517 0.406202 0.531838 0.417295 0.537787 0.422922 0.537626 0.430639 0.524925 0.431442
0 0.605479 0.426737 0.606300 0.437202 0.593578 0.437612 0.592764 0.427412 0.601768 0.426592 0.605479 0.426737
0 0.600342 0.426230 0.590537 0.427125 0.590547 0.427285 0.588370 0.427212 0.588038 0.417504 0.588038 0.416748 0.600156 0.416357 0.600342 0.426230
0 0.599939 0.404782 0.600146 0.415869 0.590879 0.416172 0.590501 0.403962 0.599939 0.404782
0 0.400875 0.281524 0.400875 0.260600 0.424957 0.260600 0.425550 0.279254 0.421207 0.279451 0.421010 0.286755 0.416371 0.286854 0.416272 0.289025 0.412127 0.289025 0.412225 0.287150 0.408179 0.287051 0.408080 0.281721 0.400875 0.281524
0 0.103057 0.579666 0.112382 0.571146 0.130870 0.592528 0.121706 0.600727 0.103057 0.579666
0 0.154732 0.618136 0.134623 0.593719 0.142215 0.585306 0.139548 0.581818 0.145703 0.576689 0.169710 0.604183 0.154732 0.618136
0 -0.000000 0.606838 0.008913 0.602818 0.015023 0.619378 0.012289 0.620664 0.011646 0.619056 -0.000000 0.624201 -0.000000 0.606838
0 0.998865 0.425992 0.986179 0.424299 0.980338 0.426758 0.975419 0.431677 0.970193 0.436596 0.962815 0.439362 0.956359 0.443974 0.940374 0.448892 0.938836 0.436903 0.926540 0.437518 0.927769 0.420610 0.933918 0.420610 0.926232 0.339144 0.959126 0.336992 0.960048 0.328077 0.998865 0.325090 0.998865 0.425992
0 0.578620 0.647241 0.592217 0.655173 0.585418 0.661518 0.570688 0.650640 0.572728 0.647694 0.576353 0.650414 0.578620 0.647241
