4 0.205180 0.704514 0.207966 0.703585 0.211401 0.710836 0.205026 0.713086 0.205180 0.704514
0 0.276639 0.817270 0.275876 0.814408 0.288852 0.811546 0.289615 0.814217 0.292477 0.813454 0.295340 0.827575 0.279883 0.831009 0.276639 0.817270
0 0.275489 0.791270 0.289609 0.791842 0.289991 0.791461 0.289609 0.804627 0.274916 0.804055 0.275489 0.791270
0 0.285527 0.779945 0.285378 0.791457 0.276557 0.791236 0.276454 0.786689 0.277779 0.786705 0.278067 0.779801 0.285527 0.779945
0 0.326816 0.761387 0.316321 0.780087 0.308116 0.775508 0.318611 0.756426 0.326816 0.761387
0 0.324857 0.844995 0.324857 0.843441 0.341020 0.841265 0.342574 0.853698 0.350966 0.852455 0.353142 0.873591 0.347858 0.873901 0.349723 0.883848 0.332006 0.886023 0.330452 0.867996 0.332317 0.867374 0.330763 0.858360 0.326411 0.858360 0.324857 0.844995
0 0.371140 0.669264 0.380153 0.662115 0.387613 0.671129 0.387924 0.673305 0.396938 0.684494 0.388546 0.691643 0.371140 0.669264
0 0.356757 0.819464 0.355365 0.833341 0.341893 0.832959 0.342847 0.819029 0.356757 0.819464
0 0.202939 0.828934 0.211853 0.830342 0.215262 0.830829 0.220620 0.827419 0.224030 0.830829 0.219159 0.835213 0.216237 0.837891 0.202790 0.837184 0.202939 0.828934
0 0.232797 0.813294 0.228657 0.823036 0.221132 0.823372 0.218438 0.828643 0.212815 0.826652 0.219375 0.808260 0.232797 0.813294
