0 0.624276 0.644913 0.613302 0.652521 0.609668 0.649189 0.621221 0.641445 0.624276 0.644913
0 0.624422 0.614042 0.627933 0.613164 0.628080 0.633940 0.620764 0.634818 0.621057 0.641255 0.621221 0.641445 0.609668 0.649189 0.604377 0.644328 0.603447 0.637275 0.603547 0.637265 0.603084 0.632943 0.590615 0.633350 0.590624 0.633209 0.590039 0.610092 0.624714 0.608921 0.624422 0.614042
0 0.603471 0.636441 0.590478 0.636866 0.590615 0.633350 0.603084 0.632943 0.603471 0.636441
0 0.594696 0.581094 0.611730 0.579573 0.610513 0.569535 0.623592 0.567710 0.626329 0.605427 0.595913 0.606644 0.594696 0.581094
0 0.653965 0.571840 0.661498 0.571559 0.688774 0.571375 0.689251 0.580432 0.686153 0.588535 0.687178 0.607246 0.654404 0.607832 0.653965 0.571840
0 0.639863 0.612430 0.668994 0.611123 0.669927 0.631290 0.665072 0.632411 0.665819 0.635585 0.682998 0.634651 0.684119 0.652578 0.642291 0.654258 0.639863 0.612430
0 0.654662 0.687031 0.654102 0.659395 0.673709 0.659021 0.674829 0.702716 0.669041 0.702343 0.669227 0.700102 0.664372 0.700662 0.663252 0.686097 0.654662 0.687031
0 0.606197 0.665106 0.634992 0.666038 0.634699 0.690032 0.620507 0.690179 0.620871 0.680353 0.606083 0.679894 0.606197 0.665106
0 0.586835 0.751782 0.582446 0.751197 0.583470 0.735396 0.594736 0.735396 0.594443 0.738761 0.609952 0.738615 0.606587 0.774022 0.585811 0.772705 0.586835 0.751782
0 0.654629 0.774411 0.643510 0.802210 0.639893 0.800654 0.644058 0.787400 0.651787 0.773232 0.654629 0.774411
0 0.640583 0.768559 0.651787 0.773232 0.644058 0.787400 0.639893 0.800654 0.625514 0.794456 0.627269 0.788457 0.619222 0.786116 0.620246 0.782751 0.623904 0.773972 0.632097 0.777923 0.637950 0.767535 0.640583 0.768559
0 0.277351 0.525534 0.291550 0.526069 0.291258 0.532067 0.305743 0.532506 0.305063 0.542876 0.314260 0.552243 0.317910 0.548289 0.320039 0.550722 0.321256 0.547681 0.330077 0.555893 0.330381 0.560456 0.337072 0.565931 0.346806 0.579010 0.357147 0.599389 0.338593 0.606993 0.337377 0.621897 0.318822 0.619464 0.321678 0.596229 0.319230 0.594546 0.310827 0.581475 0.305767 0.575298 0.299775 0.572936 0.298094 0.558932 0.275402 0.553391 0.277351 0.525534
0 0.585842 0.955395 0.594663 0.948095 0.586755 0.937450 0.605005 0.921633 0.626905 0.949008 0.599530 0.970908 0.585842 0.955395
0 0.591013 0.854716 0.591025 0.852587 0.603484 0.854716 0.602876 0.858671 0.637444 0.865469 0.632380 0.895763 0.586451 0.885133 0.591013 0.854716
0 0.576745 0.813820 0.587202 0.805230 0.592617 0.813820 0.601954 0.813633 0.607743 0.827451 0.605128 0.847058 0.579173 0.844630 0.581040 0.825023 0.576745 0.813820
0 0.652440 0.925243 0.658602 0.925990 0.660656 0.921322 0.681943 0.927297 0.681196 0.931032 0.686051 0.932526 0.683624 0.940929 0.679702 0.940742 0.675968 0.955120 0.657108 0.950265 0.659722 0.940369 0.649825 0.936074 0.652440 0.925243
0 0.716716 0.923837 0.720666 0.923531 0.719935 0.912938 0.726080 0.911328 0.725202 0.907670 0.738329 0.906596 0.739101 0.912499 0.743198 0.912060 0.743344 0.916303 0.745832 0.916156 0.748172 0.936201 0.739394 0.937371 0.740418 0.939859 0.718911 0.942199 0.716716 0.923837
0 0.820746 0.999006 0.820976 0.979696 0.837420 0.980411 0.837420 0.986369 0.849098 0.986369 0.849319 0.999006 0.820746 0.999006
0 0.873896 0.999005 0.873574 0.992811 0.886085 0.993184 0.885338 0.989263 0.902331 0.989263 0.903008 0.999005 0.873896 0.999005
0 0.998874 0.961932 0.966393 0.947313 0.979091 0.918743 0.998874 0.928991 0.998874 0.961932
0 0.897763 0.896960 0.940486 0.913932 0.928635 0.943779 0.886059 0.926368 0.891033 0.917004 0.888107 0.916272 0.895569 0.896228 0.897763 0.896960
0 0.750073 0.910606 0.750951 0.895682 0.754901 0.897438 0.756657 0.889976 0.760168 0.891001 0.763387 0.876077 0.777838 0.881020 0.774360 0.893049 0.782993 0.896560 0.785919 0.888660 0.800550 0.893049 0.796746 0.906948 0.795136 0.922018 0.793966 0.922018 0.793527 0.927139 0.784017 0.924213 0.783285 0.919385 0.775385 0.914264 0.773336 0.919823 0.750073 0.910606
0 0.797021 0.912957 0.803784 0.895074 0.819260 0.901264 0.812726 0.918918 0.797021 0.912957
0 0.805619 0.878609 0.811911 0.865295 0.826834 0.872610 0.830053 0.865734 0.865606 0.882998 0.858437 0.903189 0.812276 0.881329 0.805619 0.878609
0 0.998874 0.909333 0.988287 0.906027 0.997358 0.878228 0.998874 0.879403 0.998874 0.909333
0 0.975178 0.829854 0.928868 0.823691 0.930362 0.813795 0.929055 0.813608 0.931301 0.799416 0.955001 0.802006 0.954709 0.804932 0.976917 0.807680 0.975178 0.829854
0 0.067046 0.811774 0.078165 0.804781 0.086190 0.817735 0.074956 0.824613 0.067046 0.811774
0 0.147877 0.930169 0.162947 0.926365 0.166605 0.944361 0.152120 0.947872 0.147877 0.930169
0 0.154922 0.980701 0.164871 0.974410 0.171748 0.985968 0.161945 0.992113 0.154922 0.980701
0 0.737203 0.809755 0.746420 0.791466 0.767342 0.802293 0.759003 0.820436 0.737203 0.809755
0 0.812759 0.779060 0.823007 0.753321 0.834208 0.758564 0.832778 0.761424 0.852083 0.769765 0.849223 0.778106 0.859232 0.780966 0.853036 0.795265 0.812759 0.779060
0 0.766517 0.759671 0.773299 0.742740 0.775248 0.743428 0.779604 0.732194 0.784648 0.734716 0.787972 0.728181 0.800812 0.733798 0.798290 0.739760 0.814454 0.747096 0.808104 0.761826 0.811876 0.763803 0.806038 0.776827 0.766517 0.759671
0 0.783605 0.644933 0.805840 0.644684 0.805292 0.674723 0.782413 0.673770 0.783605 0.644933
0 0.740983 0.590977 0.760264 0.590753 0.759724 0.640208 0.729116 0.638374 0.729460 0.617739 0.740305 0.617808 0.740983 0.590977
0 0.779659 0.623997 0.795212 0.624152 0.795661 0.637505 0.779853 0.637446 0.779659 0.623997
0 0.669761 0.537209 0.668151 0.535746 0.668737 0.515555 0.676784 0.507508 0.688635 0.507069 0.701656 0.516725 0.690683 0.532819 0.695072 0.536038 0.685123 0.547889 0.669761 0.537209
0 0.844974 0.481541 0.837805 0.473006 0.837122 0.471129 0.844291 0.464813 0.841731 0.459692 0.836439 0.462252 0.830123 0.457473 0.829953 0.454571 0.841390 0.445694 0.842926 0.443134 0.851119 0.446206 0.850437 0.448767 0.853339 0.447401 0.856070 0.448938 0.869726 0.466008 0.870067 0.468568 0.848218 0.483078 0.844974 0.481541
0 0.807143 0.601098 0.785176 0.599429 0.783786 0.598039 0.783786 0.565229 0.784620 0.562448 0.809645 0.562448 0.811035 0.564117 0.809645 0.598595 0.807143 0.601098
0 0.742234 0.889099 0.742234 0.897723 0.734336 0.898540 0.734427 0.888372 0.742234 0.889099
0 0.958085 0.868850 0.963996 0.874145 0.957962 0.881411 0.952790 0.875992 0.958085 0.868850
