4 0.230807 0.248578 0.292805 0.231826 0.302981 0.259537 0.295623 0.273471 0.238635 0.290536 0.230807 0.248578
0 0.299412 0.438234 0.330097 0.427118 0.346536 0.472833 0.314911 0.486454 0.299412 0.438234
0 0.261068 0.435144 0.292380 0.434831 0.293319 0.475380 0.262477 0.475224 0.261068 0.435144
0 0.725512 0.639843 0.727723 0.611105 0.747426 0.613219 0.746080 0.637056 0.748099 0.637440 0.747810 0.646090 0.745023 0.646090 0.744778 0.660672 0.772047 0.691196 0.748617 0.712540 0.737781 0.700542 0.729196 0.705512 0.721364 0.696400 0.720837 0.688718 0.704223 0.665604 0.718306 0.653781 0.719737 0.639196 0.725512 0.639843
0 0.215232 0.892656 0.228015 0.920818 0.203698 0.931102 0.190764 0.903416 0.215232 0.892656
0 0.166011 0.970277 0.188117 0.958359 0.212135 0.999007 0.180132 0.999006 0.166011 0.970277
0 0.128164 0.975085 0.143000 0.969889 0.152112 0.993987 0.136246 0.999006 0.135888 0.999006 0.128164 0.975085
0 0.129779 0.456319 0.137016 0.480976 0.161795 0.473493 0.169278 0.500725 0.138488 0.509435 0.132477 0.489440 0.122296 0.492997 0.113341 0.461717 0.129779 0.456319
0 0.158875 0.456526 0.180274 0.450982 0.186906 0.475395 0.166145 0.481931 0.158875 0.456526
0 0.204629 0.569637 0.240493 0.573390 0.237157 0.593407 0.204629 0.590071 0.204629 0.569637
4 0.561014 0.471866 0.567196 0.476042 0.569200 0.479718 0.554666 0.493750 0.548819 0.488906 0.549822 0.482725 0.561014 0.471866
4 0.090682 0.000005 0.095428 0.006924 0.093583 0.009076 0.084975 0.014302 0.081901 0.011843 0.072679 0.019221 0.059836 0.000004 0.090682 0.000005
