0 0.049635 0.012169 0.115614 0.014183 0.113615 0.069732 0.048616 0.068690 0.049635 0.012169
0 0.310265 0.000007 0.293693 0.029920 0.262836 0.009518 0.209792 0.093420 0.152412 0.054912 0.188111 0.000006 0.310265 0.000007
0 0.113854 0.134658 0.144696 0.085655 0.173816 0.104755 0.172251 0.107730 0.195265 0.123229 0.170685 0.165031 0.145166 0.149531 0.143287 0.152662 0.113854 0.134658
0 0.048427 0.079198 0.072479 0.079954 0.070927 0.115761 0.058501 0.115008 0.058426 0.118848 0.049991 0.118623 0.050293 0.113577 0.047807 0.113629 0.048427 0.079198
0 0.047654 0.122119 0.070453 0.135548 0.046709 0.174522 0.047654 0.122119
0 0.065027 0.222983 0.093364 0.176172 0.170689 0.224439 0.140725 0.275535 0.127599 0.268911 0.108696 0.302341 0.045078 0.265058 0.045224 0.256952 0.065027 0.222983
0 0.235570 0.062645 0.277917 0.052656 0.300321 0.138465 0.353829 0.125357 0.367197 0.177639 0.306009 0.193053 0.304573 0.186230 0.272612 0.193592 0.261703 0.141804 0.256357 0.142788 0.254388 0.135051 0.259030 0.133644 0.255854 0.121178 0.249901 0.122942 0.245492 0.103210 0.244280 0.103430 0.235570 0.062645
0 0.249959 0.149497 0.218693 0.157530 0.214512 0.138301 0.245225 0.130361 0.249959 0.149497
0 0.245107 0.129893 0.214404 0.137822 0.210834 0.121427 0.241150 0.113913 0.245107 0.129893
0 0.225338 0.185368 0.256092 0.177732 0.260281 0.194647 0.229580 0.202389 0.225338 0.185368
0 0.172944 0.238553 0.181293 0.236426 0.180170 0.231330 0.202972 0.225198 0.204354 0.230121 0.277205 0.213582 0.275441 0.207630 0.307068 0.201533 0.306076 0.196352 0.319525 0.193045 0.320627 0.197785 0.347193 0.191281 0.345650 0.186872 0.380263 0.177833 0.389012 0.219637 0.376446 0.222173 0.381406 0.239810 0.374902 0.241022 0.376776 0.247857 0.338959 0.257297 0.337636 0.250573 0.326161 0.253569 0.329257 0.264824 0.296476 0.272562 0.294507 0.264824 0.231478 0.279878 0.233307 0.286350 0.186599 0.298167 0.172944 0.238553
0 0.343017 0.284221 0.379368 0.275920 0.403139 0.380781 0.365971 0.389220 0.343017 0.284221
0 0.987860 0.949292 0.998855 0.957735 0.998855 0.986522 0.987764 0.999003 0.954552 0.999004 0.950201 0.994311 0.962958 0.978364 0.964185 0.979346 0.987860 0.949292
0 0.923811 0.954807 0.923811 0.972791 0.900233 0.975188 0.894838 0.987577 0.896786 0.989115 0.894526 0.994386 0.890466 0.999005 0.867552 0.999005 0.881799 0.957281 0.923811 0.954807
0 0.808518 0.958138 0.839360 0.900211 0.855799 0.908665 0.824957 0.967218 0.808518 0.958138
0 0.843420 0.899246 0.860226 0.867843 0.873351 0.875203 0.856423 0.906729 0.843420 0.899246
0 0.764670 0.881682 0.794442 0.827732 0.860581 0.861701 0.851389 0.879484 0.809355 0.858282 0.789447 0.895270 0.764670 0.881682
0 0.567624 0.918202 0.582810 0.903798 0.629465 0.941529 0.608016 0.970180 0.593926 0.958438 0.601911 0.949201 0.595648 0.944347 0.586255 0.954211 0.574043 0.943095 0.583123 0.931040 0.567624 0.918202
0 0.421609 0.999008 0.489269 0.917899 0.505103 0.930417 0.489718 0.949600 0.502106 0.960789 0.487520 0.980371 0.480726 0.974776 0.472306 0.985150 0.468173 0.982075 0.458466 0.993608 0.462407 0.997645 0.460515 0.999009 0.421609 0.999008
0 0.307563 0.999008 0.326119 0.982958 0.341597 0.999008 0.307563 0.999008
0 0.121964 0.999005 0.131507 0.988963 0.145325 0.999005 0.121964 0.999005
0 0.156777 0.999005 0.170139 0.983613 0.178308 0.990341 0.180231 0.987938 0.194254 0.999006 0.156777 0.999005
0 0.183088 0.820952 0.190410 0.828079 0.196785 0.821824 0.227505 0.849261 0.279818 0.792069 0.298345 0.809207 0.227262 0.885606 0.170245 0.833304 0.183088 0.820952
0 0.049000 0.750245 0.056985 0.739286 0.072797 0.751185 0.060429 0.766528 0.054323 0.761831 0.057586 0.757213 0.049000 0.750245
0 0.137548 0.672158 0.156364 0.649381 0.145092 0.639517 0.157304 0.624801 0.170298 0.636856 0.161844 0.649694 0.170656 0.659516 0.195034 0.655519 0.195489 0.664900 0.171164 0.667160 0.169959 0.671829 0.172281 0.673503 0.159005 0.690319 0.137548 0.672158
0 0.039298 0.585866 0.042959 0.585930 0.043017 0.586584 0.053703 0.586511 0.053703 0.589264 0.064606 0.589119 0.064619 0.609039 0.052448 0.609111 0.052303 0.614545 0.041450 0.614747 0.041482 0.613738 0.038795 0.613765 0.039298 0.585866
0 0.143267 0.462357 0.188530 0.468932 0.183838 0.499266 0.137639 0.491999 0.143267 0.462357
0 0.598495 0.674103 0.622420 0.652510 0.637535 0.670044 0.630279 0.676780 0.636844 0.684986 0.648489 0.684215 0.655712 0.692232 0.655493 0.704165 0.664529 0.714354 0.670920 0.707876 0.684505 0.722972 0.659878 0.745538 0.650599 0.735199 0.652826 0.733290 0.640200 0.719195 0.636613 0.722172 0.618966 0.702007 0.622485 0.698894 0.610981 0.685299 0.608207 0.687465 0.598495 0.674103
0 0.533512 0.671054 0.546520 0.660692 0.555669 0.673479 0.542331 0.683621 0.533512 0.671054
0 0.235110 0.696999 0.223988 0.685598 0.245954 0.662520 0.250125 0.662798 0.254574 0.668359 0.251516 0.671696 0.255130 0.676423 0.255408 0.679759 0.240672 0.693662 0.236779 0.697277 0.235110 0.696999
0 0.196534 0.685322 0.186292 0.685663 0.184756 0.684468 0.185780 0.673373 0.196193 0.672349 0.197729 0.672861 0.197558 0.684468 0.196534 0.685322
0 0.158901 0.734633 0.149171 0.726439 0.150024 0.724732 0.157194 0.717734 0.159242 0.718246 0.162998 0.713808 0.165558 0.713637 0.171021 0.718929 0.169655 0.724220 0.164875 0.730878 0.162656 0.730195 0.158901 0.734633
0 0.210920 0.756159 0.196752 0.744551 0.197264 0.742674 0.206823 0.728847 0.209384 0.728506 0.218601 0.737211 0.219284 0.736529 0.211495 0.728832 0.211741 0.726943 0.217981 0.719718 0.229723 0.729653 0.231283 0.731870 0.213554 0.754355 0.210920 0.756159
0 0.394864 0.719120 0.364799 0.717595 0.363927 0.715199 0.363927 0.677727 0.366106 0.676855 0.396389 0.679034 0.398349 0.681430 0.396171 0.716070 0.394864 0.719120
0 0.309943 0.873388 0.302158 0.879227 0.294094 0.881730 0.286587 0.871164 0.315226 0.839744 0.318563 0.841412 0.328573 0.847807 0.312724 0.875056 0.309943 0.873388
0 0.315732 0.828548 0.301135 0.816783 0.301788 0.812862 0.308324 0.806544 0.321614 0.819180 0.322485 0.821141 0.315732 0.828548
0 0.231636 0.763607 0.226515 0.758145 0.231807 0.753707 0.236074 0.756438 0.236245 0.759510 0.233855 0.762754 0.231636 0.763607
0 0.276836 0.741782 0.273063 0.737904 0.273063 0.736542 0.279141 0.729625 0.282495 0.729101 0.292869 0.736961 0.293708 0.736647 0.297376 0.740105 0.297271 0.745554 0.304083 0.753833 0.304292 0.755510 0.299786 0.760330 0.301882 0.762531 0.301043 0.763998 0.296852 0.765465 0.290459 0.759806 0.288573 0.761169 0.282809 0.757501 0.282285 0.755091 0.276102 0.745869 0.276312 0.743877 0.276836 0.741782
0 0.260475 0.745122 0.254921 0.738834 0.255026 0.736319 0.260999 0.732442 0.261838 0.733594 0.263305 0.732756 0.262990 0.731079 0.266449 0.728460 0.267916 0.728460 0.272527 0.734118 0.272317 0.735586 0.269069 0.737891 0.269907 0.739568 0.269907 0.741140 0.265925 0.743550 0.263514 0.742607 0.262676 0.743026 0.262466 0.744598 0.260475 0.745122
0 0.251627 0.701820 0.245058 0.695005 0.245305 0.694102 0.248343 0.690489 0.250067 0.691064 0.256061 0.696565 0.256554 0.697551 0.253269 0.701081 0.251627 0.701820
0 0.288189 0.625502 0.278118 0.625502 0.277094 0.624820 0.277435 0.618674 0.279142 0.616626 0.289555 0.616967 0.290750 0.619016 0.290067 0.624478 0.288189 0.625502
0 0.063954 0.664892 0.052005 0.659600 0.051493 0.657381 0.055419 0.649529 0.059174 0.648164 0.067880 0.652090 0.069928 0.654821 0.066514 0.663015 0.063954 0.664892
0 0.481103 0.000008 0.468595 0.020720 0.463868 0.020720 0.455249 0.012935 0.406590 0.078277 0.404087 0.078555 0.396024 0.074384 0.391575 0.080780 0.387682 0.080780 0.325676 0.045189 0.324286 0.047691 0.311218 0.038516 0.309827 0.037125 0.311496 0.034345 0.298427 0.029062 0.299817 0.025447 0.317330 0.000007 0.342091 0.000008 0.350874 0.006146 0.356589 0.000008 0.481103 0.000008
0 0.355734 0.000008 0.350923 0.004872 0.349784 0.004579 0.342797 0.000008 0.355734 0.000008
0 0.404570 0.092441 0.393065 0.085741 0.393201 0.082696 0.396584 0.077147 0.398615 0.077012 0.408495 0.081749 0.409307 0.084117 0.405585 0.091697 0.404570 0.092441
0 0.418578 0.088381 0.408969 0.079922 0.409172 0.077959 0.414450 0.069974 0.415465 0.069026 0.424940 0.075658 0.426225 0.077891 0.419593 0.087636 0.418578 0.088381
0 0.427962 0.076592 0.416460 0.068240 0.416792 0.067326 0.418869 0.063629 0.431042 0.071896 0.431458 0.072603 0.428840 0.076508 0.427962 0.076592
0 0.430502 0.069985 0.420531 0.063504 0.420614 0.061842 0.422899 0.059433 0.432579 0.065831 0.432995 0.066994 0.430502 0.069985
0 0.431089 0.061807 0.425309 0.059209 0.424779 0.057618 0.425893 0.053535 0.439669 0.034153 0.441199 0.033339 0.443803 0.034966 0.431753 0.056259 0.432430 0.060725 0.431089 0.061807
0 0.705211 0.112090 0.668086 0.164799 0.665107 0.165486 0.656399 0.160903 0.694899 0.104986 0.698565 0.104757 0.705211 0.110945 0.705211 0.112090
0 0.200879 0.219820 0.190035 0.222601 0.188645 0.220933 0.188367 0.213147 0.199767 0.209254 0.201436 0.211479 0.200879 0.219820
0 0.410230 0.489020 0.394937 0.475673 0.394659 0.471225 0.397996 0.467610 0.408562 0.471781 0.411898 0.464551 0.421352 0.468166 0.424133 0.472337 0.420518 0.477064 0.424411 0.482069 0.428025 0.479844 0.440816 0.491800 0.439704 0.495693 0.436089 0.498752 0.431918 0.498752 0.424411 0.505703 0.422464 0.504869 0.409674 0.495137 0.409952 0.492913 0.413567 0.490410 0.410230 0.489020
0 0.503742 0.488161 0.498949 0.483586 0.505267 0.474000 0.508099 0.473346 0.512892 0.477486 0.512674 0.480971 0.516160 0.484457 0.508535 0.494914 0.503306 0.493825 0.501563 0.490775 0.503742 0.488161
0 0.485901 0.463573 0.476315 0.477516 0.472394 0.477516 0.468908 0.472941 0.479583 0.459434 0.485901 0.463573
0 0.498973 0.472506 0.491130 0.482091 0.486773 0.479477 0.485683 0.477516 0.494834 0.468584 0.497666 0.468802 0.500062 0.471198 0.498973 0.472506
