0 0.329548 0.750467 0.377304 0.759618 0.373291 0.778829 0.368391 0.777751 0.367870 0.779898 0.366114 0.789317 0.332562 0.782882 0.333783 0.776052 0.324665 0.774239 0.329548 0.750467
0 0.392910 0.727705 0.384390 0.738392 0.384434 0.738428 0.376583 0.747677 0.351682 0.727441 0.354183 0.724314 0.345344 0.716110 0.358881 0.699560 0.392910 0.727705
0 0.396761 0.731085 0.388642 0.741122 0.384390 0.738392 0.392910 0.727705 0.396761 0.731085
0 0.372395 0.681106 0.388519 0.666099 0.411986 0.688928 0.409911 0.690844 0.415818 0.696591 0.397459 0.714151 0.375486 0.692290 0.379293 0.688744 0.372395 0.681106
0 0.427846 0.680908 0.424212 0.677819 0.422518 0.679693 0.401957 0.661321 0.401008 0.659862 0.400848 0.658378 0.401119 0.657209 0.401579 0.656176 0.402387 0.655267 0.403316 0.654781 0.404591 0.654607 0.405721 0.654654 0.407187 0.654864 0.401423 0.649286 0.412001 0.637721 0.421497 0.646139 0.424829 0.642610 0.445762 0.660818 0.427846 0.680908
0 0.459499 0.649421 0.455257 0.646044 0.451019 0.649946 0.435264 0.635196 0.434880 0.633802 0.434765 0.632476 0.434805 0.631228 0.435097 0.629966 0.435488 0.629066 0.436103 0.628115 0.436736 0.627488 0.430598 0.621109 0.447976 0.606078 0.475834 0.633563 0.459499 0.649421
0 0.462680 0.585485 0.480207 0.572588 0.501018 0.598617 0.498703 0.600601 0.504655 0.607987 0.485585 0.622207 0.466184 0.596523 0.469452 0.594184 0.462680 0.585485
0 0.517780 0.539820 0.542436 0.578279 0.525362 0.587411 0.523401 0.586622 0.514817 0.591174 0.497515 0.561706 0.504639 0.558256 0.499942 0.549921 0.505672 0.546835 0.505056 0.545689 0.517780 0.539820
0 0.576169 0.552099 0.552521 0.561887 0.541597 0.533799 0.546506 0.531837 0.542360 0.521386 0.553990 0.516796 0.554427 0.517675 0.564037 0.513953 0.573854 0.539343 0.571176 0.540380 0.576169 0.552099
0 0.607924 0.492200 0.611119 0.501960 0.609392 0.502564 0.618477 0.531519 0.594396 0.538676 0.591861 0.530298 0.588664 0.531290 0.581916 0.509089 0.583538 0.508540 0.582098 0.504344 0.587103 0.502586 0.586163 0.499363 0.607924 0.492200
0 0.633728 0.483271 0.654173 0.481028 0.658784 0.516779 0.656797 0.517125 0.657574 0.522739 0.634215 0.525478 0.629680 0.494150 0.634853 0.493459 0.633728 0.483271
0 0.675691 0.481957 0.674847 0.475204 0.697134 0.472413 0.698457 0.481783 0.700000 0.481562 0.703350 0.508722 0.676750 0.511677 0.675967 0.506222 0.671414 0.506753 0.668110 0.482908 0.675691 0.481957
0 0.750147 0.514448 0.733315 0.518578 0.731455 0.511221 0.748379 0.507012 0.750147 0.514448
0 0.748332 0.506816 0.748379 0.507012 0.731455 0.511221 0.731421 0.511066 0.721545 0.513544 0.713623 0.479994 0.716905 0.479131 0.715367 0.472815 0.715951 0.472656 0.714502 0.467060 0.721285 0.465341 0.721506 0.466333 0.736416 0.462816 0.748332 0.506816
0 0.703350 0.508722 0.703995 0.515307 0.695933 0.516263 0.696364 0.520113 0.685374 0.521236 0.684245 0.510860 0.703350 0.508722
0 0.751389 0.470924 0.757439 0.468673 0.753077 0.457699 0.763813 0.453479 0.764051 0.454041 0.773520 0.450481 0.773948 0.451622 0.774731 0.451318 0.789094 0.490662 0.763520 0.500362 0.751389 0.470924
0 0.835736 0.479020 0.822210 0.485747 0.819355 0.481348 0.832988 0.474600 0.835736 0.479020
0 0.832988 0.474600 0.819355 0.481348 0.815693 0.480207 0.808114 0.483523 0.793857 0.455666 0.797568 0.453863 0.793721 0.445664 0.794601 0.445191 0.792231 0.440350 0.797171 0.437981 0.797713 0.438996 0.810503 0.433176 0.832988 0.474600
0 0.872001 0.458281 0.852962 0.471409 0.847314 0.463047 0.866643 0.450576 0.872001 0.458281
0 0.864014 0.440430 0.862236 0.441644 0.868213 0.449551 0.866643 0.450576 0.847314 0.463047 0.847138 0.462800 0.845670 0.463836 0.826552 0.435642 0.831627 0.432326 0.826299 0.424742 0.834299 0.419088 0.835155 0.420121 0.845493 0.412872 0.864014 0.440430
0 0.872322 0.446786 0.868213 0.449551 0.862236 0.441644 0.864014 0.440430 0.866317 0.439035 0.872322 0.446786
0 0.861280 0.401461 0.880621 0.390040 0.900914 0.419127 0.899222 0.420278 0.903808 0.426766 0.882423 0.440553 0.862867 0.413400 0.867234 0.410529 0.861280 0.401461
0 0.940079 0.398054 0.917569 0.416062 0.896325 0.390316 0.900546 0.386799 0.892668 0.377091 0.911238 0.362319 0.940079 0.398054
0 0.930669 0.405501 0.940079 0.398054 0.944768 0.403976 0.935673 0.411314 0.930669 0.405501
0 0.972264 0.364389 0.971364 0.365551 0.965572 0.372416 0.956555 0.382522 0.950828 0.377218 0.948467 0.379419 0.927077 0.359755 0.926234 0.358813 0.925965 0.357555 0.926603 0.356175 0.927575 0.355073 0.929028 0.354574 0.930271 0.354606 0.931486 0.355125 0.926589 0.350336 0.937476 0.338416 0.940104 0.335710 0.972264 0.364389
0 0.974917 0.368299 0.968918 0.375158 0.965572 0.372416 0.971364 0.365551 0.974917 0.368299
0 0.998872 0.345610 0.993736 0.342236 0.988188 0.350478 0.959898 0.332595 0.962852 0.328515 0.954270 0.323309 0.955959 0.321199 0.950894 0.317823 0.961446 0.301081 0.998872 0.324771 0.998872 0.345610
0 0.998872 0.305505 0.981616 0.298664 0.983585 0.292474 0.974441 0.288816 0.982178 0.267712 0.997232 0.273199 0.996810 0.274465 0.998872 0.275193 0.998872 0.305505
0 0.383691 0.509350 0.377503 0.501787 0.398586 0.486204 0.434566 0.525850 0.417752 0.540426 0.410796 0.533056 0.406517 0.537001 0.383691 0.509350
0 0.417333 0.480471 0.425576 0.474627 0.424789 0.473226 0.439785 0.464357 0.466375 0.500514 0.448872 0.513572 0.445553 0.509096 0.444163 0.510221 0.440348 0.504875 0.436108 0.507719 0.417333 0.480471
0 0.488546 0.442041 0.505851 0.474521 0.489690 0.483858 0.485920 0.477573 0.478378 0.482062 0.464732 0.457822 0.471016 0.454949 0.469041 0.451358 0.488546 0.442041
0 0.508834 0.420845 0.525638 0.415399 0.543774 0.455261 0.522577 0.462617 0.520218 0.456900 0.513933 0.459414 0.502081 0.426332 0.509577 0.423072 0.508834 0.420845
0 0.508834 0.420845 0.506736 0.415589 0.516467 0.411982 0.518604 0.417756 0.508834 0.420845
0 0.538718 0.407231 0.561827 0.398443 0.565063 0.406603 0.568861 0.405336 0.579799 0.434946 0.556585 0.443106 0.553771 0.435368 0.549129 0.436775 0.538718 0.407231
0 0.580217 0.388276 0.589345 0.385777 0.588627 0.382904 0.607842 0.379008 0.613986 0.409067 0.616309 0.408626 0.619657 0.425111 0.595411 0.431277 0.594004 0.425087 0.592383 0.425509 0.590779 0.417905 0.586792 0.418718 0.580217 0.388276
0 0.621474 0.375515 0.646447 0.372283 0.647704 0.382518 0.650756 0.381979 0.654527 0.416634 0.631723 0.419507 0.630287 0.407477 0.625798 0.408195 0.621474 0.375515
0 0.637542 0.373391 0.636976 0.370854 0.644058 0.370057 0.644632 0.372533 0.637542 0.373391
0 0.665661 0.367948 0.676179 0.364655 0.675753 0.363259 0.693226 0.358761 0.706742 0.404949 0.682543 0.412124 0.677760 0.395241 0.673680 0.396226 0.665661 0.367948
0 0.677861 0.362722 0.676971 0.359585 0.678423 0.359105 0.677991 0.357644 0.691809 0.353951 0.693226 0.358761 0.677861 0.362722
0 0.716701 0.361283 0.739819 0.353054 0.755472 0.387887 0.737191 0.395643 0.734513 0.389942 0.734567 0.391001 0.734308 0.392048 0.733390 0.392944 0.731868 0.393721 0.730217 0.394088 0.728910 0.393840 0.727712 0.393485 0.726860 0.392512 0.716562 0.371351 0.720333 0.369556 0.716701 0.361283
0 0.729456 0.356737 0.727693 0.353345 0.737173 0.349707 0.738958 0.353361 0.729456 0.356737
0 0.753201 0.347128 0.774772 0.333958 0.779533 0.340951 0.782487 0.339122 0.801670 0.370306 0.782820 0.381990 0.777198 0.373282 0.771436 0.376791 0.753201 0.347128
0 0.766081 0.339351 0.764536 0.337208 0.771733 0.332542 0.773422 0.334799 0.766081 0.339351
0 0.787464 0.323823 0.796043 0.317411 0.794750 0.315676 0.810513 0.305535 0.838151 0.343062 0.818254 0.357402 0.812204 0.349383 0.808405 0.351775 0.787464 0.323823
0 0.796651 0.314489 0.795557 0.312762 0.808966 0.304159 0.810513 0.305535 0.796651 0.314489
0 0.828879 0.297978 0.843698 0.278082 0.854783 0.285725 0.856678 0.283288 0.880726 0.301463 0.867167 0.319210 0.858527 0.312995 0.855109 0.317294 0.828879 0.297978
0 0.905929 0.255423 0.905908 0.255754 0.914123 0.255570 0.911739 0.269150 0.904533 0.268363 0.903970 0.272162 0.877521 0.268504 0.878365 0.263720 0.872315 0.262454 0.873299 0.254868 0.905929 0.255423
0 0.402383 0.424680 0.401539 0.428197 0.410308 0.429852 0.409863 0.431660 0.407376 0.441497 0.403844 0.453554 0.371164 0.446192 0.372601 0.440985 0.363443 0.439189 0.368291 0.417283 0.402383 0.424680
0 0.415695 0.432905 0.413691 0.442918 0.407376 0.441497 0.409863 0.431660 0.415695 0.432905
0 0.411378 0.405951 0.377525 0.396614 0.379187 0.390486 0.369089 0.387562 0.375165 0.367836 0.420045 0.381061 0.416260 0.395350 0.413945 0.396232 0.411378 0.405951
0 0.416260 0.395350 0.420045 0.381061 0.425809 0.382870 0.422043 0.397148 0.416260 0.395350
0 0.427988 0.327246 0.426886 0.336284 0.406237 0.334130 0.407453 0.324528 0.427988 0.327246
0 0.432452 0.290497 0.427988 0.327246 0.407422 0.324756 0.407453 0.324528 0.398781 0.323361 0.401624 0.300871 0.403228 0.298579 0.404832 0.296746 0.407811 0.295600 0.412196 0.296157 0.413243 0.287947 0.432452 0.290497
0 0.450876 0.339607 0.450078 0.347419 0.431780 0.345655 0.432617 0.337236 0.450876 0.339607
0 0.458009 0.296157 0.457520 0.308364 0.465779 0.309441 0.462727 0.340684 0.450876 0.339607 0.450859 0.339814 0.432617 0.337236 0.436926 0.294094 0.458009 0.296157
0 0.491921 0.339265 0.491780 0.342740 0.483750 0.341938 0.484044 0.338541 0.491921 0.339265
0 0.489601 0.296088 0.489491 0.298734 0.498530 0.299616 0.495262 0.339621 0.491921 0.339265 0.484044 0.338541 0.466735 0.336805 0.469340 0.304397 0.475952 0.304960 0.477108 0.295356 0.489601 0.296088
0 0.507272 0.295462 0.523953 0.296425 0.523732 0.300173 0.534064 0.300937 0.531813 0.331185 0.524215 0.330623 0.523934 0.333436 0.504378 0.331748 0.507272 0.295462
0 0.564249 0.338614 0.541356 0.336385 0.542456 0.323134 0.538723 0.322755 0.539877 0.305517 0.540245 0.304641 0.541410 0.303800 0.543126 0.303228 0.545102 0.303174 0.546894 0.303606 0.547996 0.304481 0.548535 0.305747 0.549195 0.298236 0.567625 0.299784 0.564249 0.338614
0 0.656937 0.311652 0.699274 0.295365 0.710389 0.323736 0.678218 0.335322 0.676422 0.331013 0.664931 0.334963 0.656937 0.311652
0 0.690352 0.278799 0.694736 0.289600 0.686158 0.293055 0.687261 0.296031 0.653938 0.309268 0.644793 0.287320 0.654782 0.283100 0.652671 0.278035 0.684790 0.265229 0.690352 0.278799
0 0.698987 0.287883 0.694736 0.289600 0.690352 0.278799 0.694579 0.277641 0.698987 0.287883
0 0.664297 0.251315 0.653199 0.269139 0.647247 0.265722 0.641294 0.274761 0.623422 0.264050 0.631676 0.250760 0.664297 0.251315
0 0.313549 0.632695 0.308811 0.635506 0.297713 0.615515 0.301902 0.613200 0.313549 0.632695
0 0.346265 0.605127 0.334778 0.611173 0.339519 0.619336 0.314215 0.633606 0.313549 0.632695 0.313506 0.632725 0.301902 0.613200 0.300791 0.611044 0.309398 0.606255 0.307744 0.603169 0.336335 0.586942 0.346265 0.605127
0 0.293458 0.573834 0.301028 0.569131 0.299264 0.565934 0.328476 0.548186 0.338728 0.566485 0.328154 0.572242 0.331850 0.578789 0.305382 0.595733 0.293458 0.573834
0 0.294092 0.575036 0.299152 0.584228 0.296485 0.585791 0.291160 0.576827 0.294092 0.575036
0 0.274045 0.529796 0.304542 0.517328 0.304873 0.517990 0.312259 0.515124 0.320857 0.535958 0.313609 0.538619 0.314541 0.538963 0.315178 0.539189 0.315848 0.539729 0.316291 0.540485 0.316560 0.541132 0.316646 0.541748 0.316744 0.542406 0.316625 0.543238 0.316312 0.543950 0.315608 0.544751 0.293027 0.553872 0.291645 0.550849 0.283537 0.554168 0.274045 0.529796
0 0.258819 0.489425 0.302272 0.477934 0.306761 0.492119 0.302811 0.493196 0.304773 0.500600 0.300474 0.502033 0.301865 0.509499 0.266878 0.517916 0.264289 0.507799 0.261384 0.506522 0.258819 0.489425
0 0.248731 0.438205 0.295845 0.437849 0.295986 0.459515 0.285434 0.459937 0.285716 0.464017 0.251635 0.464450 0.251510 0.456072 0.248667 0.455986 0.248731 0.438205
0 0.248711 0.454653 0.245177 0.454825 0.245198 0.438621 0.248731 0.438205 0.248711 0.454653
0 0.266381 0.394206 0.267043 0.392001 0.301937 0.400031 0.295887 0.422541 0.285476 0.419727 0.283788 0.425636 0.249551 0.416351 0.252015 0.405878 0.254807 0.394978 0.255689 0.391450 0.266381 0.394206
0 0.254807 0.394978 0.252015 0.405878 0.245928 0.404476 0.248228 0.393705 0.254807 0.394978
0 0.262477 0.343496 0.307493 0.361192 0.299964 0.380129 0.295885 0.378255 0.295453 0.379137 0.289051 0.376491 0.286140 0.383052 0.253335 0.369326 0.257194 0.360507 0.255320 0.359625 0.262477 0.343496
0 0.277412 0.303826 0.325375 0.324025 0.316613 0.344662 0.307112 0.340689 0.304521 0.346390 0.268676 0.331061 0.270439 0.325439 0.271762 0.314416 0.277412 0.303826
0 0.272468 0.313217 0.271222 0.311610 0.270916 0.310126 0.271054 0.308214 0.271460 0.306655 0.271987 0.305261 0.273252 0.304093 0.274354 0.303448 0.275755 0.303066 0.277412 0.303826 0.272468 0.313217
0 0.292759 0.265636 0.338398 0.284674 0.328860 0.305598 0.320054 0.302297 0.317519 0.307368 0.284820 0.292716 0.286367 0.282359 0.284820 0.281796 0.285669 0.278292 0.292759 0.265636
0 0.292759 0.265636 0.285669 0.278292 0.284820 0.281796 0.286367 0.282359 0.284814 0.292133 0.278881 0.289789 0.285349 0.274748 0.285800 0.272032 0.289002 0.264180 0.292759 0.265636
0 0.352572 0.246010 0.344553 0.267406 0.333600 0.262019 0.330368 0.268483 0.296790 0.255196 0.300950 0.245131 0.352572 0.246010
0 0.007179 0.311818 0.016852 0.310575 0.017020 0.311893 0.030479 0.310490 0.033165 0.356831 0.023402 0.357646 0.023311 0.358929 0.023000 0.359690 0.022294 0.360415 0.021445 0.360891 0.020361 0.361140 0.019387 0.361140 0.018576 0.361090 0.017708 0.360784 0.016970 0.360336 0.016444 0.359561 0.016170 0.358384 0.006514 0.359155 0.005839 0.346378 0.010360 0.345907 0.010079 0.341967 0.003607 0.342249 0.002200 0.322552 0.008109 0.321990 0.007179 0.311818
0 0.024664 0.358487 0.034427 0.357673 0.034596 0.360423 0.024893 0.361218 0.024664 0.358487
0 0.046159 0.317634 0.055297 0.316755 0.055392 0.317432 0.061016 0.316925 0.061144 0.317432 0.068015 0.316889 0.072596 0.362692 0.062070 0.363643 0.061866 0.364751 0.061638 0.365250 0.061302 0.365902 0.060470 0.366704 0.059378 0.367212 0.058187 0.367426 0.056899 0.367306 0.055906 0.367005 0.055219 0.366604 0.054635 0.365787 0.054239 0.364858 0.044363 0.365576 0.042568 0.350673 0.048852 0.349955 0.048493 0.345825 0.041849 0.346363 0.040772 0.328767 0.047057 0.328228 0.046159 0.317634
0 0.062070 0.363643 0.072596 0.362692 0.072941 0.368611 0.062417 0.369514 0.062070 0.363643
0 0.085187 0.317474 0.096864 0.314239 0.097145 0.315364 0.099438 0.314642 0.099549 0.315083 0.102227 0.314299 0.114219 0.357907 0.114353 0.360180 0.113244 0.361599 0.111217 0.362341 0.109218 0.362374 0.107412 0.361587 0.106344 0.359899 0.099143 0.361661 0.099977 0.365124 0.089858 0.367710 0.089154 0.364193 0.086949 0.364762 0.081584 0.336555 0.081881 0.335140 0.082330 0.333759 0.083192 0.332636 0.084289 0.331767 0.085397 0.331350 0.086755 0.331334 0.087878 0.332066 0.089008 0.333725 0.084942 0.319940 0.085856 0.319773 0.085187 0.317474
0 0.106307 0.368606 0.116901 0.364655 0.120233 0.372915 0.109518 0.377331 0.106307 0.368606
0 0.109719 0.310198 0.113658 0.307806 0.113236 0.307102 0.121046 0.302167 0.121597 0.302938 0.127330 0.299411 0.149462 0.331260 0.150314 0.333021 0.150249 0.334278 0.149234 0.335671 0.148119 0.336443 0.146784 0.336934 0.145384 0.336771 0.144171 0.335338 0.138222 0.339437 0.139634 0.341638 0.130511 0.347735 0.128778 0.345334 0.128048 0.345793 0.115695 0.327491 0.115087 0.326406 0.114963 0.325262 0.115091 0.324012 0.115705 0.322824 0.116434 0.322009 0.117250 0.321618 0.109719 0.310198
0 0.136400 0.285780 0.138932 0.278464 0.140976 0.274665 0.141800 0.274932 0.143095 0.271909 0.148882 0.274241 0.150351 0.271132 0.171419 0.278853 0.171143 0.279514 0.185187 0.284325 0.186879 0.285205 0.187586 0.286574 0.187750 0.287828 0.187476 0.288939 0.186695 0.289758 0.185556 0.290542 0.184001 0.291125 0.182671 0.290999 0.181398 0.290957 0.177837 0.298558 0.179722 0.299370 0.175813 0.308906 0.174056 0.308387 0.173124 0.310719 0.153456 0.302477 0.148260 0.298649 0.147483 0.297008 0.147137 0.295972 0.147224 0.294762 0.147828 0.293467 0.148174 0.293208 0.148951 0.292603 0.149728 0.292258 0.150937 0.291912 0.136400 0.285780
0 0.169865 0.242899 0.169863 0.243419 0.179536 0.243246 0.198916 0.251040 0.194338 0.260500 0.195959 0.261615 0.196722 0.262554 0.197053 0.263820 0.197322 0.265204 0.196894 0.266408 0.196122 0.267454 0.194967 0.268111 0.193449 0.268499 0.191227 0.268397 0.186496 0.277450 0.176086 0.271963 0.178899 0.266747 0.175750 0.265101 0.172219 0.270563 0.156253 0.262454 0.158816 0.257994 0.150269 0.253298 0.156436 0.242670 0.169865 0.242899
0 0.093319 0.241595 0.087819 0.254733 0.073489 0.248560 0.071553 0.252984 0.043397 0.240744 0.056724 0.240971 0.056717 0.241057 0.059432 0.241017 0.093319 0.241595
0 0.430347 0.678146 0.436714 0.670981 0.439582 0.673009 0.433297 0.680130 0.430347 0.678146
0 0.528530 0.585717 0.540373 0.579220 0.544442 0.585056 0.532975 0.591575 0.528530 0.585717
