0 0.655197 0.000006 0.660917 0.008460 0.643628 0.016834 0.634021 0.000006 0.655197 0.000006
0 0.807262 0.000005 0.807424 0.010638 0.774863 0.010198 0.775302 0.000005 0.807262 0.000005
0 0.759327 0.029974 0.769008 0.030414 0.767687 0.044494 0.757127 0.043174 0.758447 0.030854 0.759327 0.029974
0 0.809426 0.069818 0.830767 0.069277 0.835630 0.136812 0.799161 0.140864 0.797270 0.077111 0.809967 0.077111 0.809426 0.069818
0 0.881742 0.157043 0.882622 0.169804 0.846540 0.172444 0.846751 0.160842 0.881742 0.157043
0 0.871922 0.305435 0.912357 0.315544 0.902248 0.351486 0.858443 0.339131 0.866306 0.310489 0.871360 0.312736 0.871922 0.305435
0 0.859125 0.342218 0.874252 0.346540 0.870470 0.361668 0.853722 0.357076 0.858314 0.342218 0.859125 0.342218
0 0.969658 0.369189 0.957911 0.372234 0.950618 0.337656 0.950888 0.337656 0.961074 0.335322 0.969658 0.369189
0 0.979792 0.366561 0.970137 0.369063 0.961543 0.335215 0.973309 0.332524 0.979792 0.366561
0 0.819414 0.449623 0.855960 0.461690 0.852167 0.476515 0.829067 0.469275 0.821483 0.495133 0.805968 0.490306 0.819069 0.449623 0.819414 0.449623
0 0.998875 0.602219 0.995613 0.595475 0.984267 0.601148 0.974272 0.576836 0.970490 0.576296 0.964817 0.563869 0.968059 0.561978 0.965087 0.552794 0.967789 0.551443 0.962116 0.535775 0.965628 0.533884 0.963196 0.528481 0.985348 0.520647 0.991291 0.533884 0.993992 0.532804 0.998875 0.545254 0.998875 0.602219
0 0.998875 0.620619 0.985783 0.619644 0.985148 0.611389 0.990016 0.611813 0.989805 0.606733 0.998875 0.607486 0.998875 0.620619
0 0.930248 0.615389 0.919634 0.625008 0.895421 0.600463 0.909684 0.587694 0.914161 0.591176 0.918307 0.586864 0.931243 0.602288 0.923448 0.608921 0.930248 0.615389
0 0.945003 0.634009 0.969045 0.635900 0.968505 0.659402 0.984713 0.660482 0.983632 0.687766 0.965803 0.686416 0.965533 0.688847 0.941221 0.686956 0.945003 0.634009
0 0.830086 0.623926 0.854565 0.625650 0.853531 0.640475 0.846635 0.640475 0.845256 0.654955 0.825949 0.653576 0.830086 0.623926
0 0.789748 0.595310 0.800781 0.619444 0.819398 0.621857 0.817330 0.641854 0.796988 0.640820 0.782163 0.644267 0.765269 0.603929 0.789403 0.594965 0.789748 0.595310
0 0.601348 0.587897 0.670773 0.566016 0.680768 0.598432 0.602698 0.623015 0.601349 0.602426 0.600934 0.597748 0.601348 0.587897
0 0.752014 0.651998 0.766495 0.699576 0.739603 0.707161 0.737189 0.696129 0.723398 0.696818 0.720985 0.688199 0.714089 0.688888 0.711331 0.670960 0.722364 0.668202 0.720985 0.659238 0.752014 0.651998
0 0.878191 0.782627 0.901952 0.777347 0.916033 0.825750 0.890511 0.832350 0.878631 0.783067 0.878191 0.782627
0 0.789642 0.999005 0.790126 0.992375 0.809777 0.992375 0.810812 0.987548 0.827706 0.986858 0.828075 0.999005 0.789642 0.999005
0 0.682550 0.901990 0.712201 0.938881 0.700823 0.945086 0.704616 0.957843 0.712201 0.956809 0.715993 0.970599 0.695307 0.976805 0.686688 0.950258 0.662209 0.915436 0.677034 0.906127 0.682550 0.901990
0 0.535790 0.999006 0.562447 0.953284 0.570377 0.956387 0.578652 0.943630 0.605544 0.957766 0.609336 0.968454 0.595312 0.999006 0.535790 0.999006
0 0.425308 0.999005 0.435070 0.982296 0.464030 0.996431 0.461543 0.999005 0.425308 0.999005
0 0.258257 0.999003 0.253433 0.994362 0.268948 0.967470 0.271361 0.969539 0.284118 0.947129 0.301701 0.958851 0.287221 0.981261 0.295495 0.985398 0.291961 0.999003 0.258257 0.999003
0 0.292216 0.999003 0.297851 0.988064 0.309467 0.992656 0.306581 0.999004 0.292216 0.999003
0 0.359459 0.913316 0.350814 0.927093 0.339198 0.920339 0.340549 0.922771 0.325962 0.948974 0.300569 0.932495 0.323801 0.891705 0.358918 0.913316 0.359459 0.913316
0 0.360672 0.852752 0.374463 0.827239 0.385496 0.833444 0.388254 0.829307 0.396529 0.832410 0.402734 0.821722 0.431350 0.838616 0.432729 0.846890 0.427903 0.857578 0.414112 0.882057 0.360672 0.852752
0 0.491172 0.894770 0.485499 0.903415 0.470101 0.893960 0.477395 0.885045 0.482466 0.888785 0.491172 0.894770
0 0.517809 0.874087 0.522131 0.869225 0.532396 0.876248 0.527264 0.882461 0.517539 0.875168 0.517809 0.874087
0 0.471756 0.813486 0.467975 0.831315 0.448525 0.827262 0.454198 0.803761 0.449605 0.802410 0.460951 0.751624 0.482832 0.756757 0.482022 0.761079 0.490936 0.762700 0.489045 0.771344 0.495258 0.774045 0.486884 0.813486 0.472297 0.811324 0.471756 0.813486
0 0.641174 0.749860 0.659102 0.753308 0.655999 0.767788 0.662894 0.770546 0.660826 0.777787 0.668066 0.781234 0.661860 0.801921 0.655309 0.799507 0.653241 0.805368 0.639795 0.802610 0.640829 0.795370 0.631865 0.805713 0.634278 0.810885 0.622901 0.817091 0.612903 0.800542 0.631865 0.790543 0.641174 0.749860
0 0.714777 0.762735 0.760976 0.743083 0.773388 0.773768 0.721328 0.794109 0.710984 0.764459 0.718225 0.761011 0.714777 0.762735
0 0.356367 0.715744 0.390689 0.734225 0.345807 0.805069 0.303124 0.779548 0.312365 0.765907 0.322485 0.771627 0.356367 0.715744
0 0.764869 0.048088 0.775212 0.044296 0.788313 0.049467 0.785900 0.056362 0.776591 0.053604 0.768661 0.057052 0.764869 0.048778 0.764869 0.048088
0 0.854855 0.999005 0.853510 0.983330 0.863339 0.981007 0.864572 0.999004 0.854855 0.999005
0 0.408369 0.935140 0.423099 0.943978 0.416301 0.954403 0.423552 0.960295 0.419020 0.963015 0.402930 0.955536 0.408369 0.935140
