0 0.607335 0.000009 0.615447 0.011975 0.616756 0.017737 0.598949 0.025855 0.590266 0.008929 0.573952 0.018237 0.572500 0.032140 0.547622 0.045757 0.532957 0.021141 0.529291 0.022450 0.526672 0.019046 0.533215 0.000009 0.607335 0.000009
0 0.627221 0.017978 0.629478 0.011823 0.636249 0.007719 0.646919 0.010592 0.653959 0.023621 0.635792 0.033589 0.628557 0.020084 0.627221 0.017978
0 0.477258 0.000009 0.477634 0.001713 0.479271 0.011160 0.474863 0.018214 0.451811 0.009900 0.452063 0.000009 0.477258 0.000009
0 0.374798 0.092827 0.382482 0.065366 0.391048 0.067382 0.391804 0.064988 0.384876 0.062343 0.388655 0.049998 0.394197 0.049368 0.395583 0.043952 0.397346 0.043826 0.397598 0.039039 0.406290 0.038535 0.409565 0.044960 0.438159 0.056045 0.438285 0.054029 0.442442 0.053651 0.443324 0.057052 0.450252 0.058690 0.442064 0.091945 0.433624 0.092071 0.432743 0.087914 0.410825 0.079222 0.398732 0.107187 0.376184 0.092953 0.374798 0.092827
4 0.172706 0.000007 0.162450 0.019916 0.132493 0.007810 0.134749 0.000006 0.172706 0.000007
0 0.429473 0.217527 0.429955 0.208363 0.434296 0.203862 0.442334 0.203218 0.446675 0.210775 0.448765 0.208685 0.455517 0.214311 0.463073 0.225887 0.465485 0.229584 0.478828 0.226691 0.483491 0.225244 0.483812 0.221868 0.492654 0.219135 0.493137 0.222832 0.508249 0.220903 0.514680 0.226851 0.527702 0.225083 0.528878 0.219938 0.545589 0.217599 0.550937 0.239323 0.493784 0.255032 0.492782 0.259711 0.477073 0.263388 0.479747 0.268735 0.447661 0.272412 0.438303 0.247679 0.432955 0.242331 0.429613 0.216596 0.429473 0.217527
0 0.565849 0.191569 0.602783 0.188081 0.601551 0.179873 0.636023 0.177206 0.639100 0.208394 0.632740 0.213934 0.633355 0.226656 0.563797 0.230964 0.564618 0.192800 0.565849 0.191569
0 0.364317 0.307896 0.370237 0.296685 0.372379 0.298323 0.386739 0.272877 0.405004 0.281821 0.425410 0.299708 0.403240 0.332207 0.397320 0.337120 0.377165 0.326035 0.370741 0.332333 0.357515 0.322256 0.366206 0.310793 0.364443 0.308904 0.364317 0.307896
0 0.324211 0.428554 0.327898 0.410470 0.341030 0.414369 0.338568 0.428937 0.326462 0.430784 0.324615 0.429758 0.324211 0.428554
0 0.559223 0.317563 0.576354 0.288339 0.593611 0.298038 0.591974 0.301061 0.605830 0.307737 0.609609 0.300683 0.622206 0.308619 0.622710 0.307611 0.634298 0.312524 0.633417 0.314162 0.648407 0.324995 0.647273 0.327010 0.662515 0.337465 0.635289 0.380738 0.625469 0.375592 0.634494 0.361220 0.618451 0.351528 0.611432 0.362891 0.596259 0.353450 0.595766 0.349108 0.573103 0.335807 0.559759 0.324553 0.559223 0.317563
0 0.719427 0.277450 0.744160 0.257062 0.750176 0.266086 0.754855 0.264415 0.770898 0.285137 0.767555 0.288813 0.797636 0.331594 0.808665 0.334937 0.806660 0.358332 0.797301 0.356327 0.774240 0.371367 0.754521 0.345966 0.763879 0.335939 0.757194 0.327918 0.751698 0.324855 0.744160 0.313880 0.729788 0.297503 0.718758 0.279121 0.719427 0.277450
0 0.819670 0.306181 0.826724 0.304921 0.828115 0.313151 0.833652 0.313613 0.833522 0.321099 0.818662 0.324698 0.815387 0.318273 0.815261 0.308322 0.819670 0.306181
0 0.701904 0.423422 0.709542 0.421630 0.708930 0.414208 0.725212 0.411964 0.726077 0.417421 0.732261 0.416535 0.732242 0.410792 0.735909 0.409220 0.735385 0.406340 0.743765 0.402673 0.743765 0.401102 0.760777 0.396553 0.761318 0.397791 0.769747 0.395393 0.769979 0.397017 0.779104 0.395548 0.776978 0.418851 0.761527 0.421732 0.767551 0.436397 0.774621 0.435349 0.775669 0.444515 0.780120 0.443729 0.783213 0.456561 0.769384 0.461974 0.768015 0.458762 0.760089 0.461798 0.758599 0.456501 0.753916 0.457331 0.746136 0.459500 0.716798 0.470608 0.711310 0.457566 0.708105 0.449942 0.701037 0.452666 0.695190 0.433465 0.702812 0.431491 0.701904 0.423422
0 0.768941 0.484753 0.787202 0.483111 0.788228 0.478187 0.792947 0.478597 0.792537 0.474699 0.801770 0.473057 0.802181 0.477776 0.809567 0.478597 0.811414 0.495012 0.806284 0.498705 0.804233 0.522097 0.785766 0.523738 0.785971 0.516967 0.780636 0.513684 0.771813 0.513479 0.769762 0.485368 0.768941 0.484753
0 0.382957 0.539178 0.399195 0.534837 0.408519 0.565222 0.411574 0.563132 0.417201 0.587891 0.431509 0.583328 0.434081 0.596411 0.438775 0.593522 0.442529 0.604053 0.436098 0.607268 0.438593 0.615368 0.439257 0.625947 0.432041 0.627913 0.433350 0.632365 0.428656 0.633462 0.431255 0.642316 0.416590 0.644935 0.412039 0.639386 0.406811 0.636144 0.402449 0.627128 0.391974 0.630532 0.383856 0.600940 0.393807 0.597536 0.389355 0.580252 0.392760 0.577633 0.382547 0.539138 0.382957 0.539178
0 0.364093 0.640696 0.383175 0.633104 0.394461 0.643363 0.389126 0.649724 0.381944 0.646236 0.363888 0.651160 0.363272 0.641722 0.364093 0.640696
0 0.401126 0.663895 0.427837 0.662585 0.428361 0.665990 0.447683 0.665728 0.448001 0.674369 0.474189 0.672798 0.474450 0.681178 0.468689 0.681964 0.471392 0.695892 0.458681 0.695595 0.459786 0.725173 0.405839 0.730934 0.401388 0.664942 0.401126 0.663895
0 0.088558 0.999005 0.093981 0.988735 0.102804 0.993454 0.101984 0.994275 0.108173 0.999005 0.088558 0.999005
0 0.125163 0.999006 0.123118 0.982579 0.132761 0.982785 0.131941 0.985452 0.135018 0.985862 0.143841 0.981964 0.149587 0.985042 0.152870 0.988119 0.156768 0.989145 0.158410 0.986683 0.168258 0.988940 0.167027 0.995301 0.164360 0.996122 0.164003 0.999006 0.125163 0.999006
0 0.198488 0.991324 0.198005 0.999007 0.183998 0.999007 0.183886 0.998292 0.172555 0.997504 0.173585 0.988052 0.198488 0.991324
0 0.370955 0.999009 0.364992 0.990975 0.376278 0.987486 0.374431 0.979074 0.389615 0.972918 0.391051 0.975381 0.394539 0.973123 0.393718 0.968815 0.412595 0.959376 0.413006 0.961838 0.428190 0.955067 0.450950 0.999009 0.370955 0.999009
0 0.539903 0.909984 0.554830 0.896105 0.590969 0.939052 0.582589 0.945075 0.596992 0.964192 0.576042 0.980952 0.550378 0.953193 0.557973 0.949265 0.554306 0.941147 0.562424 0.932767 0.541213 0.909984 0.539903 0.909984
0 0.599761 0.837278 0.614124 0.823736 0.616586 0.826609 0.625409 0.817991 0.664189 0.860464 0.663778 0.864363 0.661727 0.871339 0.646132 0.885086 0.640592 0.886318 0.631769 0.877495 0.616175 0.862311 0.619048 0.857386 0.608994 0.847127 0.599761 0.837278
0 0.660612 0.889470 0.671487 0.881057 0.669435 0.877979 0.675385 0.872645 0.684413 0.881468 0.692416 0.878390 0.696314 0.885776 0.693442 0.889675 0.711087 0.910809 0.710882 0.914092 0.718679 0.927224 0.708215 0.935431 0.698366 0.924556 0.689953 0.933379 0.676616 0.919837 0.670256 0.924967 0.649532 0.899934 0.660612 0.889470
0 0.747763 0.999008 0.741595 0.994570 0.740774 0.996416 0.721486 0.980207 0.726411 0.975898 0.714921 0.963587 0.751033 0.930347 0.763960 0.942453 0.755958 0.950865 0.777707 0.972204 0.786530 0.962766 0.795763 0.972204 0.798841 0.968511 0.811886 0.979380 0.799217 0.995783 0.787146 0.987183 0.775486 0.999007 0.747763 0.999008
0 0.563849 0.810917 0.565520 0.809580 0.575212 0.797882 0.553154 0.780168 0.541790 0.790529 0.530761 0.783176 0.537111 0.767468 0.542458 0.763457 0.545801 0.755436 0.551817 0.745075 0.552151 0.736385 0.551817 0.722681 0.553154 0.717000 0.561175 0.716513 0.567084 0.720237 0.575805 0.721814 0.577552 0.750088 0.597271 0.769139 0.611840 0.781443 0.596269 0.807909 0.579892 0.832307 0.562178 0.817936 0.563849 0.810917
0 0.294993 0.960031 0.305575 0.953859 0.308094 0.957260 0.316282 0.954489 0.329760 0.976785 0.328248 0.984091 0.310109 0.993034 0.292726 0.961669 0.294993 0.960031
0 0.998841 0.663891 0.980964 0.662799 0.980992 0.618081 0.998841 0.615066 0.998841 0.663891
0 0.998841 0.572360 0.984566 0.573371 0.986137 0.526234 0.998841 0.526897 0.998841 0.572360
4 0.026792 0.000004 0.027816 0.011261 0.026621 0.011773 0.006820 0.011773 0.005454 0.010066 0.006137 0.000003 0.026792 0.000004
