0 0.248519 0.831796 0.283955 0.844303 0.290903 0.854725 0.280481 0.885298 0.224895 0.866538 0.237401 0.829711 0.242960 0.831796 0.248519 0.831796
0 0.408330 0.630295 0.436123 0.629600 0.436123 0.675459 0.408330 0.676154 0.409025 0.638633 0.408330 0.630295
0 0.584817 0.639328 0.606639 0.643235 0.605068 0.654758 0.611353 0.657376 0.608996 0.669423 0.595117 0.672041 0.593545 0.679636 0.591974 0.679636 0.591450 0.684611 0.590141 0.684611 0.584642 0.694301 0.563168 0.686706 0.566834 0.669684 0.568406 0.669946 0.569715 0.662090 0.579142 0.663923 0.584817 0.639328
0 0.573905 0.623595 0.577309 0.623595 0.584642 0.624904 0.583332 0.642973 0.580452 0.647687 0.579142 0.647949 0.578095 0.652925 0.563168 0.650829 0.564215 0.636950 0.567096 0.636950 0.567358 0.623071 0.573905 0.623595
0 0.632998 0.700794 0.653722 0.706949 0.654953 0.711874 0.664391 0.714952 0.659056 0.732597 0.649413 0.729520 0.646745 0.730956 0.627458 0.724390 0.632177 0.704077 0.632998 0.700794
0 0.855508 0.710777 0.853168 0.714787 0.847486 0.722140 0.841136 0.717795 0.838462 0.722140 0.843475 0.725148 0.837794 0.735509 0.840133 0.736512 0.831778 0.750549 0.837125 0.756231 0.830441 0.764253 0.813395 0.752555 0.821751 0.743196 0.809050 0.733504 0.835120 0.697073 0.855508 0.710777
0 0.900628 0.690055 0.926029 0.700416 0.920347 0.721472 0.914665 0.719466 0.907647 0.732835 0.900962 0.730830 0.895280 0.746873 0.883582 0.749547 0.875227 0.743865 0.897286 0.691726 0.900628 0.690055
0 0.689352 0.752265 0.705988 0.756531 0.703002 0.777006 0.699163 0.776579 0.696177 0.792362 0.677408 0.787670 0.682527 0.756531 0.687645 0.757810 0.688072 0.754824 0.689352 0.752265
0 0.695407 0.832430 0.730835 0.818393 0.745207 0.847136 0.741864 0.849810 0.744204 0.860171 0.705768 0.873874 0.691396 0.860505 0.690394 0.844128 0.694404 0.835438 0.695407 0.832430
0 0.677025 0.831093 0.690394 0.844128 0.677359 0.856829 0.666998 0.845131 0.673014 0.832096 0.677025 0.831093
0 0.524186 0.808812 0.545031 0.808812 0.544336 0.834521 0.545013 0.842235 0.560053 0.840898 0.561056 0.848919 0.559385 0.849253 0.560053 0.859949 0.557379 0.861620 0.557714 0.872315 0.525294 0.874654 0.523289 0.874654 0.523957 0.814494 0.524186 0.808812
0 0.418396 0.837286 0.445072 0.844908 0.440717 0.865052 0.408052 0.856885 0.418396 0.837286
0 0.889195 0.828414 0.903233 0.817719 0.904904 0.819724 0.917270 0.812371 0.920278 0.818053 0.931976 0.810366 0.952029 0.838441 0.938660 0.847131 0.932644 0.851476 0.943340 0.865847 0.920612 0.884230 0.906241 0.862171 0.904235 0.865179 0.890198 0.845794 0.893874 0.840112 0.888527 0.833427 0.889195 0.828414
0 0.318794 0.891368 0.345197 0.863628 0.357230 0.874657 0.326481 0.904737 0.315117 0.896048 0.317123 0.893708 0.318794 0.891368
0 0.774403 0.290209 0.787295 0.286140 0.796068 0.307903 0.802057 0.306814 0.816756 0.354723 0.817845 0.356356 0.797157 0.362345 0.779191 0.308448 0.774403 0.290209
3 0.866298 0.182687 0.891886 0.175610 0.904407 0.211541 0.871742 0.220252 0.853232 0.195209 0.856499 0.183232 0.866298 0.182687
0 0.894241 0.408049 0.905129 0.403694 0.912751 0.419482 0.899141 0.425470 0.894241 0.408049
3 0.089184 0.588842 0.101551 0.573468 0.110575 0.573802 0.121938 0.584163 0.127286 0.584831 0.134973 0.591516 0.115922 0.609898 0.104559 0.624270 0.089184 0.612906 0.097206 0.602545 0.087513 0.591516 0.089184 0.588842
2 0.926563 0.352290 0.938540 0.338135 0.961950 0.357734 0.963584 0.362089 0.978283 0.373522 0.982094 0.384955 0.994615 0.395843 0.976105 0.421431 0.973383 0.422519 0.919486 0.379510 0.930374 0.365356 0.924386 0.356645 0.926563 0.352290
1 0.785360 0.118212 0.793283 0.114816 0.804601 0.140848 0.780833 0.148770 0.774042 0.132925 0.779701 0.126134 0.785360 0.118212
0 0.299372 0.854274 0.306603 0.856340 0.303246 0.866670 0.296273 0.863829 0.299372 0.854274
0 0.372202 0.811918 0.379176 0.813726 0.377626 0.822249 0.371169 0.820183 0.372202 0.811918
0 0.356965 0.793581 0.357223 0.800038 0.346376 0.802362 0.345343 0.796422 0.356965 0.793581
0 0.448871 0.853258 0.455346 0.855080 0.454335 0.861150 0.447859 0.858924 0.448871 0.853258
0 0.470744 0.845351 0.477717 0.846384 0.477717 0.854649 0.480042 0.855682 0.477201 0.874793 0.467387 0.871694 0.469453 0.848450 0.470744 0.845351
0 0.531520 0.874666 0.536781 0.881344 0.532127 0.886200 0.526258 0.879927 0.531520 0.874666
0 0.798355 0.763238 0.804063 0.767678 0.799465 0.773386 0.793440 0.769739 0.798355 0.763238
1 0.743601 0.999007 0.740023 0.992984 0.757021 0.987521 0.764099 0.999007 0.743601 0.999007
3 0.749756 0.022175 0.762798 0.020072 0.764901 0.032692 0.751439 0.034375 0.747653 0.023858 0.749756 0.022175
0 0.916622 0.124715 0.919980 0.124198 0.921271 0.125231 0.922562 0.127297 0.922562 0.129880 0.921013 0.130913 0.917914 0.130913 0.915589 0.129363 0.915589 0.127297 0.915848 0.126006 0.916622 0.124715
0 0.899710 0.132696 0.908209 0.129458 0.910434 0.135327 0.902138 0.138362 0.899710 0.132696
3 0.789345 0.000007 0.779813 0.005332 0.777019 0.000007 0.789345 0.000007
