0 0.161290 0.000007 0.151601 0.056835 -0.000000 0.044399 -0.000000 0.000003 0.161290 0.000007
0 0.167460 0.021132 0.204340 0.025131 0.205673 0.016244 0.230556 0.017577 0.229667 0.028686 0.263437 0.028686 0.262993 0.072675 0.223891 0.073120 0.225224 0.063789 0.167904 0.063344 0.167460 0.021132
0 0.010655 0.108292 0.051737 0.112122 0.053130 0.107596 0.078893 0.109685 0.064967 0.201249 0.048952 0.199508 0.046863 0.214478 0.022841 0.213434 0.020752 0.237805 -0.000000 0.235368 -0.000000 0.203338 0.016922 0.206471 0.017967 0.200901 0.004389 0.199160 0.010655 0.108292
0 -0.000000 0.248510 0.005564 0.247014 0.008556 0.254494 -0.000000 0.258555 -0.000000 0.248510
0 0.013077 0.621748 0.047291 0.595532 0.057955 0.609306 0.027296 0.634634 0.013077 0.621748
0 0.227416 0.214456 0.235772 0.209233 0.245172 0.226293 0.238557 0.229774 0.227416 0.214456
0 0.361803 0.179292 0.364936 0.183818 0.369810 0.178944 0.394529 0.204707 0.379210 0.221071 0.355188 0.195656 0.359714 0.192174 0.355188 0.186952 0.361803 0.179292
0 0.563358 0.162395 0.590091 0.172489 0.584362 0.189947 0.578907 0.186673 0.575906 0.197585 0.585181 0.205223 0.590636 0.206859 0.591455 0.204404 0.603457 0.208769 0.596910 0.227591 0.551355 0.207405 0.560903 0.178217 0.558175 0.177126 0.563358 0.162395
0 0.419141 0.126549 0.491157 0.169104 0.458968 0.229935 0.372768 0.165012 0.409321 0.119730 0.419141 0.126549
0 0.348577 0.102323 0.383416 0.085010 0.405003 0.119635 0.372943 0.146780 0.348577 0.102323
0 0.649893 0.012818 0.666778 0.010596 0.667223 0.015484 0.695216 0.011485 0.700992 0.128790 0.669444 0.136344 0.664557 0.031480 0.655225 0.033257 0.649893 0.012818
0 0.938610 0.074540 0.980378 0.075429 0.979933 0.117641 0.952829 0.116308 0.952384 0.092314 0.940831 0.091870 0.938610 0.074540
0 0.507788 0.306999 0.522519 0.299634 0.529338 0.313819 0.514608 0.321184 0.507788 0.306999
