0 0.529647 0.886798 0.540560 0.901207 0.535533 0.905438 0.531432 0.899904 0.524558 0.890355 0.529647 0.886798
0 0.531432 0.899904 0.527210 0.903430 0.510089 0.881301 0.515367 0.877647 0.524558 0.890355 0.531432 0.899904
0 0.514402 0.886767 0.527210 0.903430 0.523043 0.907773 0.508347 0.891843 0.514402 0.886767
0 0.527210 0.903430 0.540905 0.918168 0.536087 0.922354 0.523043 0.907773 0.527210 0.903430
0 0.515215 0.899459 0.523043 0.907773 0.526643 0.912236 0.521639 0.917604 0.510089 0.904974 0.515215 0.899459
0 0.609685 0.990481 0.609211 0.970721 0.615505 0.970450 0.615166 0.990278 0.609685 0.990481
0 0.615505 0.970450 0.621325 0.970112 0.621528 0.990008 0.615166 0.990278 0.615505 0.970450
0 0.621325 0.970112 0.627754 0.969841 0.627957 0.989805 0.621528 0.990008 0.621325 0.970112
0 0.627957 0.989805 0.627754 0.969841 0.634318 0.968893 0.634927 0.989669 0.627957 0.989805
0 0.634318 0.968893 0.639664 0.969029 0.640409 0.990008 0.634927 0.989669 0.634318 0.968893
0 0.640409 0.987707 0.639664 0.969029 0.647176 0.969502 0.647311 0.987571 0.640409 0.987707
0 0.664871 0.998822 0.665533 0.979532 0.673249 0.979752 0.672600 0.999008 0.667474 0.999008 0.664871 0.998822
0 0.872981 0.906912 0.883064 0.907521 0.883267 0.915642 0.872507 0.915371 0.872981 0.906912
3 0.062989 0.713407 0.070645 0.726309 0.073006 0.730545 0.065102 0.734379 0.066041 0.736414 0.058685 0.740326 0.055165 0.742834 0.062219 0.771254 0.040420 0.778249 0.034075 0.759541 0.028869 0.761168 0.025616 0.750756 0.031472 0.749780 0.027405 0.738067 0.045463 0.730096 0.043023 0.725866 0.057501 0.719684 0.052621 0.711875 0.060329 0.708086 0.062989 0.713407
3 0.077075 0.722485 0.070645 0.726309 0.062989 0.713407 0.069797 0.709886 0.077075 0.722485
3 0.109068 0.739173 0.128144 0.730385 0.137532 0.749760 0.118057 0.759048 0.109068 0.739173
0 0.169379 0.572403 0.175561 0.567551 0.183621 0.575376 0.177283 0.580463 0.169379 0.572403
0 0.292015 0.999008 0.296194 0.976184 0.306368 0.977222 0.302793 0.999008 0.292015 0.999008
0 0.819879 0.999006 0.819073 0.996720 0.815635 0.994627 0.813093 0.989543 0.815336 0.986703 0.821316 0.983264 0.824755 0.984609 0.828941 0.984609 0.831632 0.990590 0.830436 0.992832 0.833527 0.999006 0.819879 0.999006
0 0.813093 0.989543 0.814588 0.978928 0.827296 0.975938 0.828941 0.984609 0.824755 0.984609 0.821316 0.983264 0.815336 0.986703 0.813093 0.989543
0 0.827296 0.975938 0.837340 0.999006 0.833527 0.999006 0.830436 0.992832 0.831632 0.990590 0.828941 0.984609 0.827296 0.975938
0 0.778817 0.910692 0.774778 0.905002 0.778175 0.902156 0.782672 0.907664 0.778817 0.910692
0 0.578751 0.403134 0.569019 0.396455 0.565584 0.388632 0.570164 0.379854 0.581422 0.374702 0.588482 0.377373 0.593444 0.385006 0.593253 0.393402 0.587910 0.400081 0.578751 0.403134
0 0.434323 0.443653 0.429090 0.443205 0.426249 0.439317 0.426698 0.435729 0.429987 0.433038 0.434472 0.434384 0.436416 0.439467 0.434323 0.443653
0 0.539453 0.381263 0.537164 0.374585 0.549376 0.370578 0.552238 0.376302 0.539453 0.381263
0 -0.000000 0.717108 0.014819 0.717299 0.014819 0.726268 0.000126 0.725504 -0.000000 0.717108
0 0.591904 0.999009 0.590285 0.996492 0.596633 0.993485 0.598815 0.999009 0.591904 0.999009
3 0.891381 0.730150 0.891874 0.768942 0.837195 0.768326 0.837195 0.759829 0.834609 0.727810 0.833624 0.720052 0.842491 0.720790 0.842491 0.725593 0.891381 0.730150
