3 0.235028 0.000007 0.235554 0.015672 0.214662 0.015804 0.216585 0.000007 0.235028 0.000007
3 0.236868 0.018432 0.248299 0.045762 0.218472 0.057588 0.208617 0.029075 0.236868 0.018432
3 0.172489 0.233790 0.174128 0.243897 0.150636 0.246902 0.148997 0.236795 0.172489 0.233790
3 0.176860 0.268482 0.174675 0.289243 0.146265 0.285418 0.148997 0.264658 0.176860 0.268482
3 0.238059 0.320226 0.243258 0.320059 0.243258 0.332468 0.238059 0.332636 0.238059 0.320226
3 0.236028 0.403372 0.236867 0.411589 0.209699 0.415446 0.208190 0.406558 0.236028 0.403372
3 0.222811 0.432861 0.223017 0.439141 0.215707 0.439347 0.215707 0.433067 0.222811 0.432861
3 0.228267 0.433170 0.236297 0.432964 0.236195 0.439141 0.228164 0.439141 0.228267 0.433170
3 0.179644 0.481260 0.188498 0.481260 0.188189 0.495571 0.179130 0.495571 0.179644 0.481260
3 0.165025 0.498042 0.164819 0.505660 0.152568 0.505763 0.152774 0.497733 0.165025 0.498042
3 0.157835 0.514779 0.176263 0.516221 0.174616 0.536502 0.154746 0.534443 0.157835 0.514779
3 0.180999 0.507264 0.198192 0.506440 0.198810 0.516838 0.181308 0.517662 0.180999 0.507264
3 0.081788 0.559510 0.093088 0.560561 0.091906 0.569233 0.080868 0.568051 0.081788 0.559510
3 0.064575 0.592753 0.077452 0.593542 0.076138 0.606024 0.063261 0.604579 0.064575 0.592753
3 0.036588 0.609178 0.046442 0.609572 0.045128 0.623894 0.035142 0.622974 0.036588 0.609178
3 0.080846 0.622779 0.117660 0.626846 0.115733 0.648463 0.076780 0.644183 0.080846 0.622779
3 0.157345 0.752885 0.165730 0.752382 0.165395 0.767978 0.157177 0.767978 0.157345 0.752885
3 0.181661 0.769823 0.193233 0.769823 0.193065 0.779549 0.181829 0.779382 0.181661 0.769823
3 0.176565 0.809834 0.187480 0.811546 0.184912 0.823960 0.173996 0.822033 0.176565 0.809834
3 0.170847 0.892052 0.179388 0.892184 0.179256 0.905980 0.170453 0.906243 0.170847 0.892052
3 0.203433 0.881015 0.207244 0.883249 0.206850 0.887848 0.202513 0.889424 0.198703 0.886796 0.200411 0.882329 0.203433 0.881015
3 0.217704 0.915241 0.217543 0.918145 0.210444 0.917903 0.210605 0.915241 0.217704 0.915241
3 0.250917 0.881762 0.250322 0.888447 0.244479 0.887952 0.245073 0.881217 0.250917 0.881762
3 0.250576 0.934729 0.251233 0.952599 0.238225 0.953256 0.238225 0.968367 0.216939 0.969023 0.216676 0.935254 0.250576 0.934729
0 0.281977 0.999008 0.285352 0.982376 0.331637 0.991097 0.329312 0.999008 0.281977 0.999008
1 0.377744 0.930519 0.374319 0.949568 0.340930 0.945501 0.344783 0.926024 0.377744 0.930519
0 0.430535 0.950407 0.452795 0.956186 0.447872 0.977589 0.433532 0.974378 0.435244 0.968386 0.426897 0.967315 0.430535 0.950407
3 0.474222 0.999009 0.480405 0.980585 0.525556 0.993638 0.523500 0.999009 0.474222 0.999009
1 0.525552 0.815912 0.540006 0.815912 0.539480 0.831286 0.525027 0.831155 0.525552 0.815912
3 0.553146 0.812890 0.558927 0.813022 0.558796 0.819460 0.552883 0.819197 0.553146 0.812890
0 0.469374 0.762307 0.486353 0.761128 0.486626 0.775606 0.497553 0.775606 0.497279 0.769323 0.509845 0.768777 0.509572 0.761948 0.531152 0.761128 0.530332 0.811664 0.498372 0.812756 0.498645 0.816581 0.475081 0.816718 0.475344 0.808178 0.471665 0.808178 0.471742 0.795972 0.465668 0.796384 0.464844 0.769307 0.469786 0.769101 0.469374 0.762307
0 0.533177 0.697821 0.533680 0.732031 0.506848 0.732534 0.507016 0.713584 0.504668 0.713584 0.504836 0.698324 0.533177 0.697821
3 0.667520 0.568354 0.674222 0.565332 0.678952 0.575580 0.672251 0.578603 0.667520 0.568354
3 0.660556 0.566251 0.669886 0.578208 0.648205 0.594764 0.657403 0.606590 0.663053 0.602780 0.674222 0.618941 0.645446 0.634840 0.619035 0.598444 0.660556 0.566251
3 0.493699 0.188967 0.520241 0.209333 0.513014 0.220108 0.486209 0.199347 0.493699 0.188967
3 0.467014 0.109630 0.480548 0.118302 0.466489 0.137092 0.453612 0.127763 0.467014 0.109630
3 0.585330 0.393630 0.606091 0.394996 0.604725 0.415483 0.628490 0.417396 0.624666 0.454819 0.579594 0.449629 0.585330 0.393630
3 0.689839 0.326003 0.696046 0.335206 0.687699 0.340129 0.681706 0.330712 0.689839 0.326003
3 0.709958 0.334564 0.712527 0.342483 0.706534 0.344624 0.703109 0.337132 0.709958 0.334564
3 0.708674 0.298607 0.712527 0.303958 0.706962 0.308238 0.702895 0.303315 0.708674 0.298607
3 0.678990 0.343680 0.672946 0.360893 0.640097 0.348279 0.646929 0.331066 0.678990 0.343680
3 0.037361 0.752143 0.050274 0.755833 0.039541 0.789708 0.026461 0.785515 0.037361 0.752143
3 0.187581 0.577824 0.193449 0.582276 0.189806 0.589358 0.183129 0.585311 0.187581 0.577824
3 0.331748 0.925289 0.328391 0.934844 0.321418 0.932520 0.324000 0.923222 0.331748 0.925289
3 0.393635 0.957442 0.394903 0.959503 0.394745 0.962198 0.393793 0.963308 0.390464 0.964735 0.387293 0.964259 0.386024 0.963308 0.386024 0.961247 0.386024 0.959186 0.387293 0.957917 0.390147 0.957283 0.392049 0.956966 0.393635 0.957442
3 0.168861 0.802797 0.168861 0.815326 0.167692 0.817999 0.166189 0.818835 0.164017 0.819837 0.157167 0.818668 0.168861 0.802797
3 0.459315 0.195773 0.469505 0.205462 0.465329 0.210474 0.454303 0.201453 0.459315 0.195773
