0 -0.000000 0.626758 -0.000000 0.592702 0.021678 0.597650 0.016730 0.621810 0.011490 0.622974 0.010035 0.628505 -0.000000 0.626758
0 0.037978 0.575529 0.055443 0.580186 0.053405 0.595613 0.034194 0.597650 0.037978 0.575529
0 0.023108 0.603411 0.032757 0.604662 0.032936 0.601445 0.042585 0.601803 0.043300 0.605913 0.050984 0.606806 0.046517 0.635219 0.018283 0.628965 0.023108 0.603411
0 0.057557 0.581973 0.087940 0.587714 0.082339 0.627058 0.073658 0.636579 0.073378 0.640219 0.054197 0.637699 0.054757 0.634478 0.049996 0.629438 0.057557 0.581973
0 0.094660 0.587574 0.115102 0.590374 0.115382 0.596115 0.120003 0.596675 0.112302 0.643299 0.081919 0.636719 0.082899 0.631258 0.084860 0.631818 0.087520 0.612776 0.089480 0.612776 0.091300 0.600735 0.089340 0.600315 0.090460 0.592754 0.092980 0.593035 0.093120 0.588274 0.094660 0.587574
0 0.122652 0.590738 0.137681 0.593151 0.136584 0.606097 0.135926 0.609497 0.131757 0.609388 0.132305 0.613885 0.144247 0.615390 0.142837 0.641860 0.114753 0.639117 0.122652 0.590738
0 0.151296 0.619082 0.178458 0.622835 0.176493 0.638024 0.178458 0.638381 0.177565 0.645172 0.174706 0.644636 0.174170 0.651426 0.159159 0.648210 0.158087 0.651426 0.145936 0.649997 0.151296 0.619082
0 0.154859 0.593480 0.169281 0.595300 0.166621 0.611822 0.162700 0.611682 0.162140 0.613642 0.156680 0.612942 0.155840 0.615742 0.152199 0.615042 0.154859 0.593480
0 0.195491 0.594527 0.213973 0.596487 0.212573 0.614969 0.194231 0.611748 0.195491 0.594527
0 0.190110 0.613824 0.209052 0.616862 0.209052 0.622938 0.213877 0.631158 0.208337 0.655103 0.180997 0.652959 0.180997 0.634731 0.184392 0.634731 0.190110 0.613824
0 0.217711 0.623439 0.254522 0.615040 0.260419 0.637377 0.253807 0.638807 0.255237 0.641844 0.234866 0.646669 0.234687 0.645061 0.222178 0.647741 0.217711 0.623439
0 0.262815 0.604894 0.262255 0.602234 0.260435 0.602234 0.259594 0.591313 0.266455 0.590753 0.267015 0.598173 0.285637 0.597753 0.285217 0.593973 0.294878 0.593973 0.295718 0.634577 0.266035 0.635557 0.266035 0.628976 0.263655 0.628696 0.262815 0.604894
0 0.296197 0.598881 0.299558 0.599581 0.299698 0.597901 0.305718 0.598601 0.305858 0.600141 0.309218 0.599581 0.309498 0.614423 0.326580 0.614283 0.326720 0.634165 0.297877 0.635565 0.296197 0.598881
0 0.331013 0.610149 0.345295 0.612669 0.346975 0.597967 0.361829 0.599918 0.358736 0.637171 0.354115 0.636611 0.354115 0.637871 0.344175 0.637031 0.344175 0.629610 0.328633 0.626390 0.331013 0.610149
0 0.362755 0.598336 0.387548 0.594826 0.387987 0.607003 0.378881 0.607113 0.379101 0.613695 0.391278 0.613256 0.392485 0.627408 0.363523 0.635197 0.362755 0.598336
0 0.394872 0.608082 0.405933 0.608362 0.406073 0.598141 0.424555 0.598001 0.427915 0.634544 0.395292 0.634684 0.394872 0.608082
0 0.426653 0.596767 0.460784 0.593193 0.459175 0.609455 0.455780 0.609812 0.457567 0.628575 0.433265 0.632506 0.426653 0.596767
0 0.462533 0.595087 0.488995 0.592706 0.489415 0.604607 0.492355 0.608388 0.493335 0.633310 0.460712 0.634290 0.462533 0.595087
0 0.493801 0.601524 0.508082 0.601104 0.508502 0.588082 0.523904 0.587382 0.524184 0.619725 0.494361 0.619865 0.493801 0.601524
0 0.524500 0.590350 0.538425 0.589232 0.538855 0.599719 0.545731 0.599719 0.545302 0.596367 0.555702 0.594905 0.556046 0.622325 0.552694 0.622411 0.550889 0.625678 0.531484 0.625802 0.531463 0.624044 0.525618 0.621895 0.524500 0.590350
0 0.558320 0.593582 0.571827 0.593019 0.571827 0.588235 0.588568 0.587532 0.587865 0.626643 0.560853 0.627909 0.558320 0.593582
0 0.590501 0.588215 0.600068 0.587371 0.600068 0.590607 0.615262 0.588919 0.617232 0.604676 0.592049 0.606223 0.590501 0.588215
0 0.590360 0.608896 0.617654 0.607208 0.619905 0.622965 0.592893 0.626904 0.590360 0.608896
0 0.629192 0.602716 0.651128 0.598968 0.653884 0.624431 0.631617 0.626857 0.629192 0.602716
0 0.620814 0.585630 0.654325 0.584637 0.655648 0.596432 0.637790 0.599078 0.637570 0.595881 0.636137 0.595991 0.636688 0.599409 0.620484 0.601613 0.620814 0.585630
0 0.658735 0.622244 0.656641 0.601631 0.684420 0.599757 0.687065 0.617945 0.658735 0.622244
0 0.655816 0.582983 0.682607 0.582758 0.682546 0.598740 0.657082 0.599443 0.655816 0.582983
0 0.693362 0.581328 0.714550 0.580609 0.714550 0.601079 0.694081 0.602336 0.693362 0.581328
0 0.721253 0.586957 0.724126 0.586544 0.723946 0.584390 0.748905 0.582953 0.750521 0.614376 0.723228 0.617069 0.721253 0.586957
0 0.751934 0.580617 0.777759 0.578976 0.777931 0.581049 0.772058 0.581222 0.771972 0.585800 0.779313 0.585368 0.779400 0.602037 0.753834 0.603333 0.751934 0.580617
0 0.784936 0.573536 0.811869 0.571920 0.809894 0.609986 0.786013 0.611243 0.784936 0.573536
0 0.816269 0.589452 0.846076 0.588554 0.846615 0.616027 0.816628 0.616386 0.816269 0.589452
0 0.832789 0.572215 0.848769 0.573112 0.847872 0.587118 0.832789 0.587297 0.832789 0.572215
0 0.850565 0.572215 0.880372 0.571855 0.879653 0.605792 0.874446 0.605433 0.874446 0.608306 0.852540 0.608844 0.853079 0.595018 0.850385 0.594659 0.850565 0.572215
0 0.881449 0.574688 0.912314 0.573806 0.910440 0.616025 0.880898 0.615804 0.881449 0.574688
0 0.923552 0.598939 0.928822 0.598251 0.929739 0.589084 0.943489 0.589084 0.942802 0.618418 0.923781 0.619564 0.923552 0.598939
0 0.949447 0.575105 0.965718 0.575793 0.964114 0.594126 0.975114 0.594814 0.973739 0.616584 0.945093 0.613605 0.949447 0.575105
0 0.998879 0.628312 0.976947 0.624605 0.978552 0.593439 0.993447 0.593209 0.994822 0.580376 0.998879 0.580735 0.998879 0.628312
0 0.044912 0.139150 0.079424 0.135055 0.082642 0.154359 0.046666 0.158746 0.044912 0.139150
0 0.418141 0.149369 0.458161 0.146034 0.461496 0.181289 0.470548 0.180813 0.471977 0.198440 0.460543 0.198440 0.462449 0.225596 0.422429 0.227025 0.418141 0.149369
0 0.426946 0.321126 0.438645 0.321126 0.441863 0.341307 0.438645 0.341014 0.440693 0.353883 0.427824 0.353591 0.426946 0.321126
0 0.777798 0.200693 0.803244 0.202740 0.802366 0.219412 0.778090 0.220289 0.777798 0.200693
0 0.778819 0.328840 0.806778 0.329070 0.806319 0.343278 0.796465 0.343736 0.797382 0.371465 0.845507 0.369403 0.845507 0.394382 0.841382 0.411340 0.779965 0.411799 0.779736 0.407444 0.778819 0.328840
0 0.852748 0.409034 0.867831 0.402750 0.869626 0.408495 0.876629 0.405084 0.875731 0.402031 0.890634 0.395926 0.892610 0.398440 0.895303 0.397183 0.903204 0.393592 0.901408 0.357681 0.917748 0.356244 0.921698 0.400056 0.920262 0.403827 0.916491 0.405622 0.917389 0.411548 0.885427 0.426631 0.889378 0.434352 0.872140 0.440457 0.865856 0.423937 0.860110 0.427529 0.852748 0.409034
0 0.847859 0.254862 0.871338 0.253539 0.872000 0.279775 0.861528 0.279334 0.860315 0.281759 0.850504 0.281759 0.846833 0.279876 0.847859 0.254862
0 0.818382 0.262964 0.826650 0.263172 0.826442 0.274555 0.818299 0.274472 0.818382 0.262964
0 0.962775 0.199463 0.973775 0.197629 0.975838 0.215734 0.964150 0.217109 0.962775 0.199463
0 0.945173 0.000004 0.943111 0.036636 0.908049 0.036407 0.908278 0.044657 0.875507 0.042823 0.875507 0.034802 0.840903 0.034115 0.841132 0.000006 0.945173 0.000004
0 0.994063 0.378423 0.995671 0.385213 0.997100 0.386107 0.998530 0.408622 0.995850 0.411124 0.996743 0.416664 0.980303 0.416128 0.981196 0.419344 0.933842 0.421489 0.933663 0.410231 0.931519 0.409158 0.930983 0.401653 0.932234 0.400760 0.931698 0.391825 0.929196 0.391110 0.928660 0.386821 0.931698 0.386107 0.927409 0.315879 0.937237 0.315522 0.940990 0.371811 0.949210 0.372526 0.950282 0.376278 0.991382 0.376100 0.994063 0.378423
0 0.894508 0.336866 0.895768 0.313904 0.920270 0.315444 0.919990 0.346527 0.909349 0.347367 0.908929 0.344566 0.899268 0.342606 0.894648 0.342046 0.894508 0.336866
0 0.770680 0.360948 0.775242 0.362089 0.776610 0.411351 0.774786 0.420474 0.754488 0.421386 0.754488 0.423439 0.726892 0.424579 0.725523 0.412035 0.708418 0.412492 0.705820 0.349229 0.731133 0.347705 0.732821 0.353194 0.734874 0.383527 0.749926 0.383299 0.747190 0.347264 0.768856 0.346124 0.770680 0.360948
0 0.722685 0.316762 0.705173 0.318549 0.702135 0.284954 0.720541 0.283703 0.722685 0.316762
0 0.732335 0.311579 0.730726 0.285668 0.759318 0.284418 0.761105 0.308542 0.732335 0.311579
0 0.701130 0.166559 0.700990 0.141917 0.739634 0.141917 0.740194 0.164039 0.701130 0.166559
0 0.613755 0.387445 0.610761 0.387584 0.609664 0.377930 0.603740 0.377930 0.602862 0.345677 0.594744 0.344909 0.594305 0.337559 0.586955 0.337230 0.587065 0.333281 0.582128 0.333171 0.580921 0.312327 0.585968 0.312547 0.585748 0.308488 0.592989 0.308378 0.592001 0.292142 0.584651 0.292032 0.583774 0.286876 0.576643 0.286766 0.576424 0.284682 0.561943 0.285231 0.561839 0.273441 0.565234 0.273620 0.564519 0.269331 0.560052 0.269331 0.558753 0.240796 0.557213 0.208313 0.596136 0.207193 0.595996 0.203692 0.615318 0.202712 0.617278 0.226375 0.619098 0.228335 0.619238 0.232255 0.615878 0.232395 0.616018 0.236736 0.620359 0.240796 0.621059 0.258578 0.613498 0.258998 0.613078 0.254797 0.598936 0.255917 0.598936 0.259838 0.579615 0.260818 0.579755 0.265578 0.620756 0.263394 0.622716 0.335220 0.616275 0.336901 0.617395 0.345301 0.625796 0.345441 0.626776 0.361123 0.630697 0.361823 0.631117 0.392906 0.620336 0.393046 0.619916 0.387305 0.613755 0.387445
0 0.447529 0.322384 0.445742 0.272170 0.465042 0.271455 0.465935 0.282177 0.468079 0.282535 0.469152 0.295758 0.496849 0.295579 0.496849 0.284143 0.508643 0.283249 0.509001 0.289861 0.519544 0.289146 0.521867 0.312019 0.516149 0.312734 0.516685 0.321490 0.447529 0.322384
0 0.358202 0.338340 0.353735 0.240950 0.371069 0.240593 0.373034 0.289556 0.376429 0.289913 0.377144 0.294738 0.385543 0.294738 0.385007 0.290449 0.388581 0.289913 0.386436 0.238091 0.404306 0.237555 0.408773 0.326903 0.377502 0.328333 0.377502 0.338518 0.358202 0.338340
0 0.197092 0.355312 0.195127 0.331725 0.193876 0.293305 0.214783 0.292054 0.216391 0.321360 0.230508 0.321539 0.229794 0.316535 0.254096 0.315285 0.254275 0.317429 0.259279 0.317965 0.259993 0.320645 0.272145 0.320288 0.271966 0.306171 0.303953 0.304741 0.307169 0.309209 0.306990 0.350845 0.197450 0.356385 0.197092 0.355312
0 0.027733 0.391197 0.026568 0.351901 0.038212 0.351610 0.037920 0.348117 0.051892 0.347244 0.052474 0.352484 0.074596 0.351901 0.074014 0.349282 0.092061 0.346371 0.092934 0.351319 0.142708 0.347244 0.144388 0.383119 0.138134 0.387050 0.125268 0.388479 0.116154 0.395627 0.105254 0.400631 0.097213 0.402060 0.085061 0.402239 0.076305 0.400452 0.066477 0.397057 0.060759 0.393483 0.054326 0.390802 0.027733 0.391197
0 0.050947 0.192057 0.038438 0.192415 0.038081 0.179548 0.050053 0.178834 0.050947 0.192057
0 0.052555 0.213858 0.039689 0.215645 0.038795 0.204209 0.050947 0.202958 0.052555 0.213858
0 0.922007 0.610537 0.913670 0.610099 0.913670 0.571922 0.927712 0.571483 0.928590 0.594740 0.922775 0.594959 0.922007 0.610537
