3 0.596371 0.000009 0.588391 0.027417 0.599567 0.029698 0.595462 0.046575 0.585655 0.044750 0.580409 0.069610 0.573567 0.068241 0.576988 0.054101 0.570146 0.052961 0.568094 0.066645 0.532743 0.056154 0.542322 0.016698 0.567409 0.024452 0.572881 0.000009 0.596371 0.000009
3 0.149162 0.000006 0.168769 0.017309 0.155997 0.036010 0.123383 0.012519 0.110840 0.031677 0.073665 0.007730 0.075716 0.000005 0.149162 0.000006
0 0.161169 0.422093 0.161169 0.421802 0.191441 0.432572 0.183582 0.454984 0.192314 0.458768 0.188530 0.470994 0.203957 0.474778 0.214436 0.478271 0.214436 0.481764 0.229863 0.486130 0.213854 0.529791 0.201337 0.524552 0.205121 0.513782 0.198718 0.511453 0.195049 0.522974 0.183095 0.522518 0.176014 0.519021 0.176754 0.510709 0.157967 0.502139 0.155347 0.507669 0.143704 0.501848 0.145159 0.497773 0.134390 0.492242 0.135554 0.488167 0.134681 0.487585 0.127404 0.484092 0.129150 0.479435 0.121000 0.475360 0.128859 0.457022 0.144286 0.463717 0.161169 0.422093
0 0.154026 0.560623 0.172073 0.575468 0.154899 0.598463 0.172073 0.613308 0.147331 0.643580 0.109783 0.612435 0.154026 0.560623
0 0.433760 0.626711 0.471281 0.656060 0.439332 0.700639 0.433388 0.695810 0.427444 0.703611 0.388437 0.669433 0.410355 0.640828 0.419271 0.646772 0.433760 0.626711
0 0.336899 0.722328 0.340410 0.725619 0.346334 0.718159 0.376064 0.742952 0.370908 0.748328 0.374638 0.751070 0.364106 0.762589 0.374309 0.772024 0.357304 0.794842 0.318798 0.760834 0.331853 0.746573 0.323845 0.738674 0.336899 0.722328
0 0.395448 0.723978 0.414709 0.740142 0.408109 0.747213 0.389251 0.731454 0.395448 0.723978
0 0.411032 0.708563 0.426720 0.720850 0.418821 0.730394 0.403243 0.717230 0.411032 0.708563
0 0.406050 0.804452 0.420703 0.815353 0.419809 0.822143 0.449294 0.846803 0.428565 0.869676 0.418380 0.861456 0.416235 0.864137 0.411232 0.863958 0.405871 0.864852 0.374599 0.838047 0.406050 0.804452
0 0.458646 0.858647 0.458926 0.858227 0.491129 0.885109 0.481048 0.898130 0.462286 0.883849 0.449405 0.899250 0.448005 0.897710 0.435823 0.885529 0.458646 0.858647
0 0.158705 0.969497 0.158975 0.969219 0.160791 0.974824 0.156325 0.979998 0.167386 0.988119 0.154812 0.999006 0.138513 0.999006 0.120061 0.980838 0.142743 0.956056 0.158705 0.969497
0 0.192168 0.966977 0.174946 0.986578 0.160791 0.974824 0.158975 0.969219 0.176066 0.951855 0.192168 0.966977
0 0.641354 0.958516 0.672577 0.966216 0.668657 0.986238 0.629453 0.976017 0.631834 0.963276 0.639534 0.964956 0.641354 0.958516
0 0.716551 0.999008 0.713592 0.995396 0.718172 0.989469 0.714939 0.983947 0.719598 0.977071 0.721203 0.977953 0.725109 0.974114 0.734740 0.980377 0.734875 0.982734 0.748091 0.992315 0.747757 0.993652 0.751297 0.996929 0.749903 0.999007 0.716551 0.999008
0 0.662204 0.904830 0.670432 0.904830 0.670322 0.908121 0.690508 0.909547 0.690618 0.911851 0.708170 0.912728 0.708390 0.910534 0.724187 0.911851 0.723748 0.938289 0.719031 0.938289 0.717605 0.934888 0.660339 0.931378 0.662204 0.904830
0 0.699295 0.870450 0.699295 0.870310 0.723377 0.878010 0.724077 0.875350 0.730658 0.877590 0.726178 0.893412 0.695795 0.882211 0.699295 0.870450
0 0.673356 0.875216 0.678003 0.866865 0.685950 0.871445 0.680966 0.880469 0.673356 0.875216
0 0.590563 0.527173 0.590563 0.526699 0.611899 0.536656 0.603365 0.559888 0.581555 0.608724 0.548839 0.587862 0.561167 0.569371 0.574443 0.545664 0.581555 0.547087 0.590563 0.527173
0 0.530646 0.671961 0.523710 0.722042 0.507115 0.720146 0.509012 0.688379 0.503691 0.686709 0.506523 0.668789 0.530646 0.671961
3 0.443192 0.183015 0.454139 0.183243 0.462122 0.191682 0.466683 0.184383 0.510244 0.204453 0.504086 0.221558 0.497016 0.219506 0.484244 0.247786 0.469420 0.239804 0.471929 0.232049 0.452999 0.223155 0.448210 0.233418 0.488578 0.252575 0.480367 0.268768 0.438175 0.250523 0.434070 0.261470 0.413544 0.250523 0.419473 0.236383 0.427228 0.239348 0.429736 0.232049 0.423122 0.225664 0.443192 0.183015
0 0.621938 0.207941 0.621718 0.207722 0.636528 0.217376 0.620183 0.243595 0.606689 0.232954 0.621938 0.207941
0 0.646402 0.217705 0.647938 0.217376 0.661980 0.225055 0.664393 0.220996 0.672292 0.225823 0.671195 0.230321 0.679532 0.235477 0.675912 0.246886 0.677338 0.257089 0.671634 0.263890 0.669110 0.263452 0.666148 0.262574 0.659237 0.272996 0.641026 0.262135 0.643111 0.256650 0.630714 0.246667 0.638284 0.234929 0.636638 0.233173 0.646402 0.217705
0 0.879870 0.045855 0.880048 0.046033 0.900062 0.054790 0.902905 0.049830 0.918739 0.058209 0.917039 0.062652 0.903636 0.094818 0.874330 0.078377 0.870707 0.084875 0.857993 0.077815 0.856103 0.070872 0.865639 0.055538 0.873015 0.060069 0.879870 0.045855
3 0.998853 0.156122 0.990895 0.154152 0.961632 0.145570 0.957834 0.138957 0.959803 0.132064 0.956286 0.129953 0.965571 0.110257 0.970777 0.112227 0.977389 0.095907 0.998853 0.106976 0.998853 0.156122
3 0.754266 0.000007 0.749455 0.019702 0.703851 0.011223 0.704767 0.000008 0.754266 0.000007
3 0.793963 0.000007 0.802163 0.001140 0.814309 0.005265 0.820955 0.028869 0.801247 0.031161 0.797351 0.025890 0.789101 0.033682 0.772601 0.024744 0.782452 0.000007 0.793963 0.000007
3 0.790062 0.034660 0.790540 0.034554 0.815726 0.034766 0.816733 0.050249 0.788843 0.050143 0.790062 0.034660
0 0.527382 0.607500 0.533518 0.610891 0.527163 0.624614 0.520471 0.621104 0.527382 0.607500
0 0.534805 0.611805 0.541763 0.612290 0.550055 0.617213 0.544873 0.633105 0.529499 0.627318 0.534805 0.611805
0 0.458005 0.578915 0.457675 0.579466 0.492729 0.605261 0.486005 0.616394 0.449848 0.590159 0.458005 0.578915
0 0.441140 0.605261 0.453817 0.615292 0.449187 0.621795 0.436069 0.612205 0.441140 0.605261
0 -0.000000 0.780336 0.015128 0.795038 0.005047 0.803859 0.007007 0.806799 -0.000000 0.817300 -0.000000 0.780336
0 -0.000000 0.702980 0.033203 0.665453 0.035169 0.667240 0.038743 0.663130 0.052502 0.674209 0.053932 0.675103 0.055898 0.673137 0.062867 0.679213 0.063760 0.674924 0.055540 0.668670 0.054647 0.669742 0.037135 0.655982 0.054289 0.634718 0.103431 0.680285 0.078949 0.711914 0.074661 0.710485 0.070908 0.715488 0.074661 0.720134 0.033382 0.770527 0.030523 0.769991 -0.000000 0.738361 -0.000000 0.702980
0 0.045685 0.789425 0.049424 0.792349 0.052297 0.795322 0.059981 0.800504 0.062125 0.805686 0.052297 0.813192 0.059981 0.820697 0.061232 0.817302 0.065342 0.819267 0.072847 0.807473 0.076242 0.807831 0.082139 0.812298 0.089645 0.817480 0.072311 0.841783 0.055871 0.828202 0.051404 0.835171 0.069094 0.847859 0.059266 0.865371 0.037644 0.850718 0.046221 0.835171 0.038716 0.829632 0.033534 0.837673 0.020310 0.826594 0.026743 0.816229 0.029067 0.807116 0.045685 0.789425
0 0.314770 0.245455 0.316021 0.244562 0.343719 0.247421 0.343719 0.306212 0.330316 0.305319 0.323883 0.297277 0.313162 0.299064 0.310481 0.313717 0.291718 0.311930 0.292611 0.281552 0.312625 0.281552 0.314770 0.245455
2 0.512229 0.095433 0.514016 0.095433 0.516339 0.097041 0.537604 0.102580 0.537067 0.125275 0.507225 0.119557 0.507225 0.096862 0.512229 0.098470 0.512229 0.095433
3 0.900374 0.551412 0.927800 0.569184 0.921108 0.582239 0.913429 0.582129 0.891598 0.565344 0.900374 0.551412
0 0.392193 0.302677 0.410895 0.312712 0.410439 0.316589 0.423210 0.324115 0.425035 0.320238 0.442140 0.328449 0.466771 0.324115 0.465859 0.316133 0.480683 0.314080 0.485016 0.333238 0.474069 0.336659 0.476578 0.348975 0.440772 0.354220 0.424351 0.375430 0.404509 0.368132 0.390141 0.368588 0.385351 0.358782 0.368474 0.345326 0.376229 0.327080 0.371667 0.325256 0.380790 0.310659 0.386036 0.312712 0.392193 0.302677
0 0.844187 0.971892 0.847325 0.967849 0.858801 0.978121 0.854696 0.982086 0.844187 0.971892
0 0.600853 0.865754 0.594928 0.889636 0.582000 0.888917 0.519693 0.830741 0.538726 0.811528 0.600853 0.865754
0 0.607138 0.835050 0.606958 0.834511 0.649513 0.864318 0.641613 0.876528 0.599058 0.846003 0.607138 0.835050
0 0.632718 0.430690 0.656842 0.447308 0.652375 0.454635 0.647550 0.453384 0.625392 0.485371 0.609131 0.475900 0.606093 0.473041 0.608237 0.469467 0.611096 0.470181 0.612883 0.470181 0.627179 0.447308 0.625928 0.444985 0.628430 0.441054 0.628787 0.439982 0.627358 0.435336 0.630931 0.430332 0.632718 0.430690
0 0.687042 0.439267 0.691867 0.432119 0.698300 0.436587 0.694190 0.444270 0.687042 0.439267
3 0.782583 0.385210 0.783165 0.384628 0.804123 0.386957 0.803250 0.402675 0.824789 0.408497 0.822752 0.449247 0.774724 0.443426 0.782583 0.385210
0 0.952645 0.215535 0.973821 0.237454 0.976793 0.257143 0.967877 0.270888 0.949673 0.266059 0.947444 0.270888 0.953017 0.285748 0.944844 0.292064 0.949673 0.310267 0.899521 0.324755 0.886890 0.294664 0.889862 0.288349 0.924783 0.274232 0.926641 0.271260 0.939643 0.262344 0.945958 0.245255 0.937414 0.230395 0.952645 0.215535
0 0.211681 0.307260 0.239379 0.309762 0.235805 0.380525 0.203461 0.378024 0.211681 0.307260
0 0.998853 0.898777 0.981510 0.890137 0.996163 0.852253 0.998853 0.852165 0.998853 0.898777
3 0.952667 0.824440 0.964818 0.824976 0.962852 0.855354 0.950701 0.854553 0.952667 0.824440
0 0.021420 0.282261 0.029252 0.302909 0.039576 0.299705 0.044916 0.313589 0.039576 0.315013 0.053460 0.334593 0.064140 0.342781 0.086213 0.346697 0.086213 0.342425 0.097961 0.343137 0.099385 0.364854 0.095469 0.372686 0.085144 0.371262 0.058444 0.368414 0.026760 0.344561 0.016792 0.339577 -0.000000 0.291873 0.021420 0.282261
0 0.276492 0.519849 0.302836 0.489233 0.315652 0.500269 0.314940 0.504897 0.340928 0.516645 0.353033 0.519493 0.363713 0.502049 0.381513 0.509525 0.370121 0.533734 0.354101 0.557942 0.276492 0.519849
0 0.344890 0.924902 0.330756 0.938592 0.327090 0.935582 0.320326 0.944126 0.344890 0.961570 0.350586 0.954806 0.369454 0.971538 0.356994 0.987559 0.337058 0.974030 0.328158 0.985067 0.326378 0.983287 0.318902 0.990407 0.307510 0.980795 0.308578 0.976166 0.299678 0.968334 0.298610 0.961570 0.288286 0.951958 0.296830 0.943058 0.291490 0.937362 0.310002 0.916002 0.317834 0.920630 0.327446 0.909950 0.344890 0.924902
0 0.969433 0.999004 0.975428 0.987334 0.980908 0.990074 0.986045 0.980827 0.998854 0.989133 0.998854 0.999003 0.969433 0.999004
0 0.998854 0.956740 0.994506 0.964523 0.963253 0.945071 0.966531 0.940263 0.974617 0.927150 0.978333 0.929335 0.997347 0.942449 0.998854 0.940319 0.998854 0.956740
0 0.943217 0.999004 0.936589 0.996213 0.938337 0.992717 0.928065 0.987034 0.935715 0.979166 0.931343 0.974358 0.942708 0.958185 0.946861 0.960370 0.961941 0.935674 0.966531 0.940263 0.963253 0.945071 0.994506 0.964523 0.998854 0.956740 0.998854 0.989133 0.986045 0.980827 0.980908 0.990074 0.975428 0.987334 0.969433 0.999004 0.943217 0.999004
0 0.714280 0.819984 0.727453 0.814288 0.729945 0.818916 0.777649 0.798980 0.782989 0.816424 0.722113 0.843125 0.714280 0.819984
0 -0.000000 0.644914 0.003828 0.643803 0.004567 0.648360 0.001981 0.650207 0.005306 0.654394 0.014542 0.643311 0.028951 0.653163 0.012079 0.681241 0.006661 0.685920 0.000134 0.679763 -0.000000 0.644914
0 0.432430 0.000009 0.433774 0.007080 0.421310 0.035181 0.325223 0.009346 0.323858 0.000008 0.432430 0.000009
