0 0.000725 0.914775 0.018494 0.898805 0.044996 0.922050 0.103329 0.921310 0.102885 0.952993 0.086599 0.953733 0.086451 0.959952 0.066908 0.958915 0.064095 0.977126 0.031375 0.975645 0.019722 0.953677 0.021994 0.941497 0.000725 0.914775
0 0.192608 0.862125 0.211865 0.853657 0.213025 0.856557 0.246666 0.847624 0.248638 0.865257 0.223117 0.872681 0.225322 0.876857 0.204905 0.884398 0.192608 0.862125
0 0.250095 0.849258 0.296960 0.837194 0.306821 0.863759 0.288376 0.868283 0.289420 0.870951 0.278168 0.874315 0.277472 0.870603 0.253923 0.873619 0.250095 0.849258
0 0.125411 0.717471 0.153678 0.713290 0.156950 0.735286 0.128046 0.738467 0.125411 0.717471
0 0.079724 0.731701 0.093413 0.708153 0.118586 0.721029 0.102229 0.744346 0.079724 0.731701
0 0.046396 0.714831 0.060549 0.692674 0.078645 0.703346 0.081662 0.699286 0.094306 0.706595 0.077513 0.731232 0.046396 0.714831
0 0.045657 0.690802 0.033245 0.708434 0.001460 0.691498 -0.000000 0.685350 0.009232 0.666673 0.032201 0.678041 0.028837 0.683725 0.045657 0.690802
0 0.291423 0.917963 0.311956 0.911466 0.318104 0.942091 0.296759 0.946152 0.291423 0.917963
0 0.323284 0.918308 0.359557 0.910757 0.357929 0.906316 0.390353 0.899209 0.397015 0.927783 0.372438 0.934742 0.373326 0.938147 0.354820 0.942589 0.352451 0.936667 0.328762 0.941997 0.323284 0.918308
0 0.550346 0.935246 0.577269 0.926924 0.584976 0.952061 0.557439 0.958944 0.550346 0.935246
0 0.519459 0.936496 0.547532 0.928492 0.556232 0.959813 0.524563 0.968281 0.518415 0.947400 0.519459 0.936496
0 0.808547 0.653268 0.824388 0.650159 0.834900 0.666001 0.827942 0.706272 0.811508 0.707604 0.801884 0.693391 0.808547 0.653268
0 0.814322 0.618388 0.825282 0.619900 0.819802 0.650889 0.809031 0.649377 0.814322 0.618388
0 0.601586 0.504186 0.629891 0.508130 0.623627 0.553372 0.594974 0.549544 0.601586 0.504186
0 0.788772 0.542500 0.816910 0.518143 0.847705 0.555008 0.833788 0.568629 0.838430 0.573791 0.823721 0.586544 0.810248 0.574403 0.813248 0.571506 0.788772 0.542500
0 0.440305 0.260501 0.469193 0.249228 0.482442 0.274982 0.453182 0.285906 0.440305 0.260501
0 0.484832 0.258162 0.532847 0.241233 0.551007 0.292635 0.501453 0.303715 0.484832 0.258162
3 0.273666 0.176215 0.347462 0.174285 0.351189 0.196155 0.340950 0.196472 0.345050 0.224689 0.328964 0.225708 0.327445 0.217695 0.274795 0.218578 0.273666 0.176215
0 0.958819 0.476767 0.969479 0.476027 0.970071 0.463146 0.984284 0.462554 0.985469 0.502972 0.959115 0.502824 0.958819 0.476767
0 0.332683 0.999008 0.339192 0.976889 0.365027 0.982555 0.362308 0.990940 0.356642 0.988674 0.353213 0.999008 0.332683 0.999008
