0 0.231463 0.948107 0.250544 0.948107 0.250354 0.993331 0.230890 0.993140 0.231463 0.948107
0 0.799944 0.999006 0.808239 0.953354 0.817493 0.955059 0.826260 0.956763 0.818378 0.999006 0.799944 0.999006
0 0.875698 0.974298 0.891285 0.989641 0.897617 0.989884 0.897777 0.999005 0.877114 0.999005 0.864252 0.985988 0.875698 0.974298
0 0.943991 0.853616 0.943710 0.860471 0.940409 0.860353 0.939903 0.867727 0.917022 0.866861 0.917284 0.857165 0.910949 0.856733 0.911534 0.847968 0.930514 0.848738 0.930620 0.847241 0.934463 0.847322 0.934658 0.848993 0.940512 0.849240 0.940317 0.853303 0.943991 0.853616
0 0.862131 0.222261 0.881042 0.219439 0.905638 0.223406 0.903681 0.267986 0.880778 0.267038 0.861119 0.266507 0.862131 0.222261
0 0.574419 0.277749 0.609725 0.274576 0.614882 0.342411 0.579576 0.345584 0.574419 0.277749
0 0.717297 0.186307 0.742474 0.186307 0.742163 0.200916 0.737501 0.201227 0.736568 0.241012 0.716986 0.241944 0.717297 0.186307
0 0.736609 0.303394 0.736518 0.298532 0.748271 0.298821 0.748356 0.303585 0.759046 0.304044 0.758664 0.320753 0.747602 0.320752 0.747567 0.327043 0.737065 0.327178 0.736970 0.318901 0.729739 0.319092 0.729502 0.303585 0.736609 0.303394
0 0.651555 0.332967 0.661076 0.332166 0.661760 0.340652 0.652262 0.341408 0.651555 0.332967
0 0.998834 0.347109 0.966340 0.346404 0.965610 0.331548 0.998834 0.331783 0.998834 0.347109
0 0.817300 0.153653 0.818014 0.192085 0.801440 0.192600 0.801072 0.188973 0.794056 0.189415 0.793908 0.178534 0.802570 0.178183 0.803017 0.160571 0.802990 0.153609 0.817300 0.153653
0 0.763565 0.097213 0.819335 0.097944 0.819578 0.119131 0.814030 0.119237 0.814016 0.140740 0.795922 0.139990 0.795955 0.119375 0.763565 0.119131 0.763565 0.097213
0 0.821238 0.106918 0.837457 0.107108 0.837648 0.117603 0.821428 0.117603 0.821238 0.106918
0 0.695904 0.346152 0.695114 0.322662 0.695213 0.320491 0.717321 0.320096 0.717519 0.341514 0.704491 0.342106 0.698174 0.342303 0.698470 0.346251 0.695904 0.346152
