0 -0.000000 0.115526 -0.000000 0.089489 0.010463 0.089489 0.009468 0.115692 -0.000000 0.115526
0 0.017367 0.084974 0.042243 0.086632 0.040253 0.122786 0.013221 0.120795 0.017367 0.084974
0 0.079996 0.138267 0.063275 0.136150 0.065098 0.122047 0.051422 0.120699 0.054809 0.092125 0.084653 0.095300 0.079996 0.138267
0 0.092373 0.097402 0.122899 0.106046 0.112634 0.145216 0.096425 0.141434 0.098857 0.132790 0.090482 0.129818 0.091563 0.122795 0.084539 0.122254 0.092373 0.097402
0 0.129753 0.115323 0.141820 0.118426 0.144233 0.111185 0.163196 0.116702 0.150094 0.155316 0.133585 0.150515 0.137338 0.139112 0.122486 0.134958 0.129753 0.115323
0 0.160553 0.157432 0.166496 0.127717 0.178980 0.129841 0.178382 0.132309 0.197021 0.137982 0.190268 0.171479 0.175950 0.168777 0.177031 0.162024 0.160553 0.157432
0 0.210771 0.136837 0.239345 0.147632 0.224741 0.183825 0.211830 0.179804 0.213523 0.175147 0.204210 0.171761 0.206961 0.160755 0.203151 0.155675 0.210771 0.136837
0 0.244903 0.163415 0.279299 0.161622 0.283001 0.192624 0.266703 0.194105 0.264164 0.177596 0.246596 0.178866 0.244903 0.163415
0 0.291082 0.154972 0.290917 0.151655 0.306837 0.150826 0.306506 0.145187 0.323753 0.144027 0.325246 0.175039 0.309491 0.175702 0.310320 0.188638 0.292907 0.188804 0.291082 0.154972
0 0.344055 0.097816 0.360352 0.102896 0.355273 0.117077 0.372205 0.122580 0.366279 0.142265 0.335995 0.132488 0.341922 0.113641 0.339166 0.112521 0.344055 0.097816
0 0.339166 0.112521 0.341922 0.113641 0.337612 0.127293 0.331783 0.124801 0.336976 0.111667 0.339166 0.112521
0 0.335995 0.132488 0.345776 0.135639 0.343487 0.141000 0.333116 0.136373 0.334984 0.132095 0.335995 0.132488
0 0.291522 0.077512 0.301757 0.080564 0.300500 0.084514 0.309478 0.087208 0.311759 0.087818 0.307901 0.100825 0.315230 0.103216 0.305376 0.125674 0.286355 0.118570 0.283147 0.125674 0.272605 0.121549 0.291522 0.077512
0 0.270462 0.066599 0.285668 0.071820 0.272317 0.111587 0.257546 0.106627 0.259751 0.100123 0.244869 0.095147 0.250555 0.073492 0.265552 0.078737 0.270462 0.066599
0 0.222116 0.050180 0.234326 0.054490 0.233248 0.057183 0.241508 0.060235 0.239125 0.066485 0.242361 0.067470 0.240143 0.073973 0.245182 0.075863 0.236823 0.096025 0.207378 0.085644 0.222116 0.050180
0 0.217066 0.048421 0.202628 0.083713 0.184524 0.076151 0.183837 0.077984 0.172378 0.074317 0.182691 0.049338 0.189795 0.053005 0.194378 0.043380 0.201253 0.046588 0.203545 0.042692 0.217066 0.048421
0 0.183837 0.077984 0.181639 0.084163 0.172933 0.081157 0.175137 0.075206 0.183837 0.077984
0 0.151533 0.032270 0.165359 0.037477 0.169668 0.026524 0.185290 0.032270 0.168591 0.076980 0.155153 0.071234 0.157099 0.063872 0.141837 0.057767 0.151533 0.032270
0 0.098980 0.008456 0.112617 0.010980 0.109019 0.034403 0.077736 0.031284 0.079372 0.000991 0.098988 0.001202 0.098980 0.008456
0 0.032841 0.000003 0.032419 0.039086 0.013285 0.038664 0.013426 0.032895 -0.000000 0.032473 -0.000000 0.010147 0.016067 0.010696 0.016067 0.000003 0.032841 0.000003
0 -0.000000 0.177524 0.027215 0.183385 0.026180 0.190626 0.033421 0.193039 0.028938 0.217173 -0.000000 0.212001 -0.000000 0.177524
0 -0.000000 0.216299 0.031417 0.224229 0.026590 0.241812 0.014179 0.238709 0.010731 0.251121 -0.000000 0.249052 -0.000000 0.216299
0 -0.000000 0.257193 0.010778 0.257498 0.010473 0.269919 0.025541 0.270530 0.026243 0.288693 -0.000000 0.288970 -0.000000 0.257193
0 -0.000000 0.295837 0.022152 0.294147 0.023191 0.306882 0.023971 0.315977 0.017084 0.316497 0.017474 0.324813 -0.000000 0.325983 -0.000000 0.295837
0 0.016443 0.333283 0.023813 0.346358 0.031449 0.342388 0.038881 0.356539 0.008643 0.372320 -0.000000 0.356257 -0.000000 0.341738 0.016443 0.333283
0 0.028715 0.369464 0.046647 0.358679 0.053144 0.369205 0.049896 0.371543 0.058472 0.386097 0.035602 0.399351 0.025337 0.382199 0.028066 0.380509 0.033133 0.377521 0.028715 0.369464
0 0.041976 0.409398 0.058398 0.393461 0.059417 0.394173 0.063998 0.389592 0.067912 0.385630 0.080944 0.398458 0.079111 0.400291 0.075038 0.396524 0.069133 0.402124 0.081147 0.414137 0.063839 0.430835 0.041976 0.409398
0 0.056245 0.423416 0.063839 0.430835 0.059241 0.435647 0.051504 0.428520 0.056245 0.423416
0 0.088363 0.407621 0.104606 0.413598 0.098109 0.429451 0.113182 0.436078 0.104866 0.455959 0.073290 0.442185 0.088363 0.407621
0 0.121167 0.426527 0.138312 0.418484 0.152704 0.445576 0.124342 0.459123 0.115664 0.440285 0.125824 0.435205 0.121167 0.426527
0 0.150504 0.415035 0.155384 0.396712 0.172227 0.402147 0.173554 0.398499 0.200918 0.406128 0.197269 0.424204 0.203737 0.426360 0.197601 0.447256 0.156804 0.432496 0.159955 0.419229 0.150504 0.415035
0 0.159837 0.365131 0.166821 0.365766 0.166610 0.350526 0.192009 0.350314 0.192432 0.383545 0.160260 0.384392 0.159837 0.365131
0 0.130448 0.342797 0.153950 0.310921 0.177992 0.327400 0.163135 0.348470 0.159353 0.346579 0.151402 0.357340 0.130448 0.342797
0 0.128301 0.307871 0.124640 0.311527 0.138037 0.322520 0.122787 0.338509 0.112627 0.328984 0.104373 0.337874 0.088498 0.323693 0.098869 0.312686 0.100563 0.314380 0.116860 0.297235 0.128301 0.307871
0 0.144261 0.315536 0.138037 0.322520 0.124640 0.311527 0.131853 0.304220 0.144261 0.315536
0 0.074057 0.269898 0.090143 0.266299 0.085275 0.246192 0.108769 0.245345 0.117447 0.279422 0.078502 0.288735 0.074057 0.269898
0 0.091308 0.219690 0.098409 0.221502 0.100543 0.213191 0.101394 0.213541 0.103550 0.205747 0.126966 0.211856 0.119132 0.241571 0.083474 0.232116 0.088336 0.210775 0.093199 0.212666 0.091308 0.219690
0 0.182406 0.225867 0.200334 0.232763 0.182061 0.267585 0.152066 0.253449 0.161030 0.233797 0.175166 0.239658 0.182406 0.225867
0 0.218952 0.243451 0.237225 0.245519 0.235501 0.253104 0.250326 0.256207 0.246533 0.276204 0.213435 0.271377 0.218952 0.243451
0 0.414490 0.191737 0.434210 0.193898 0.435290 0.188225 0.449337 0.190926 0.444205 0.220911 0.411518 0.214428 0.414490 0.191737
0 0.543389 0.163112 0.516105 0.151496 0.532043 0.119350 0.561218 0.134478 0.556896 0.144743 0.553114 0.142312 0.543389 0.163112
0 0.511243 0.148525 0.494791 0.141423 0.500761 0.129316 0.489318 0.124341 0.497942 0.105269 0.509882 0.110245 0.512323 0.107194 0.526910 0.114758 0.511243 0.148525
0 0.432996 0.109483 0.470460 0.092550 0.478080 0.111176 0.474481 0.112235 0.479138 0.123453 0.458819 0.131496 0.452892 0.117738 0.438923 0.123664 0.432996 0.109483
0 0.426725 0.069804 0.448782 0.056868 0.463210 0.085724 0.443309 0.094846 0.433359 0.075110 0.430539 0.076437 0.426725 0.069804
0 0.381736 0.049851 0.391336 0.029945 0.404162 0.032783 0.422340 0.043666 0.410138 0.071918 0.395316 0.064606 0.398633 0.057641 0.381736 0.049851
0 0.361182 0.049046 0.347001 0.042908 0.360335 0.006080 0.377480 0.012853 0.375575 0.017933 0.385946 0.021954 0.378326 0.042062 0.365838 0.037829 0.361182 0.049046
0 0.335887 0.000008 0.340281 0.005503 0.351856 0.010451 0.347545 0.022059 0.337428 0.018079 0.333946 0.026703 0.312221 0.019240 0.321329 0.000008 0.335887 0.000008
0 0.319441 0.000008 0.315954 0.009374 0.312803 0.008048 0.308326 0.018993 0.281555 0.009567 0.285158 0.000008 0.319441 0.000008
0 0.281634 0.000008 0.279799 0.009804 0.261755 0.007242 0.262015 0.001785 0.260325 0.001395 0.260455 0.000007 0.281634 0.000008
0 0.527741 0.069260 0.551783 0.044678 0.565560 0.058185 0.552909 0.072529 0.571278 0.089818 0.559662 0.101704 0.527741 0.069260
0 0.500232 0.017421 0.519952 0.008507 0.521573 0.011749 0.542103 0.002564 0.548857 0.017151 0.526435 0.026606 0.532378 0.040653 0.513199 0.046866 0.500232 0.017421
0 0.471578 0.000009 0.468333 0.007656 0.449383 0.000009 0.471578 0.000009
0 0.580711 0.189336 0.602052 0.158540 0.626905 0.174748 0.609076 0.199871 0.611777 0.203113 0.605294 0.210947 0.578010 0.193118 0.580711 0.189336
0 0.609616 0.211320 0.625914 0.186344 0.650718 0.202926 0.634209 0.227267 0.609616 0.211320
0 0.638654 0.230865 0.661301 0.198481 0.686277 0.215414 0.664265 0.246316 0.638654 0.230865
0 0.712832 0.255932 0.682263 0.277856 0.669837 0.259756 0.680913 0.251112 0.675240 0.243008 0.692500 0.231250 0.712832 0.255932
0 0.709073 0.238748 0.702303 0.242997 0.692500 0.231250 0.699761 0.226302 0.709073 0.238748
0 0.695097 0.271680 0.714169 0.260072 0.730089 0.285445 0.698746 0.304849 0.684152 0.281299 0.696424 0.273505 0.695097 0.271680
0 0.739316 0.309248 0.738828 0.309433 0.741156 0.324037 0.710254 0.335890 0.703904 0.314936 0.715122 0.309856 0.712582 0.301601 0.733242 0.293721 0.739316 0.309248
0 0.748353 0.305834 0.739316 0.309248 0.733242 0.293721 0.742003 0.290383 0.748353 0.305834
0 0.719111 0.346483 0.736467 0.342673 0.735832 0.337593 0.763559 0.332090 0.767581 0.350081 0.761020 0.351986 0.765464 0.371670 0.741335 0.377173 0.737525 0.360240 0.721439 0.363839 0.719111 0.346483
0 0.726699 0.229045 0.746773 0.219962 0.751641 0.231392 0.762647 0.226735 0.771749 0.248536 0.769209 0.252769 0.742328 0.265681 0.730263 0.242186 0.732688 0.240705 0.726699 0.229045
0 0.719174 0.190227 0.715662 0.190497 0.709989 0.178881 0.703776 0.182393 0.697563 0.168076 0.711610 0.160512 0.705937 0.149436 0.721065 0.141332 0.740785 0.180232 0.719174 0.190227
0 0.678880 0.126001 0.687769 0.125155 0.689463 0.131081 0.689541 0.131064 0.694023 0.147881 0.663217 0.154364 0.658772 0.141876 0.654750 0.143357 0.650941 0.129388 0.653481 0.128118 0.650729 0.120075 0.658772 0.115207 0.674435 0.113513 0.678880 0.126001
0 0.699411 0.146744 0.694023 0.147881 0.689541 0.131064 0.694542 0.130023 0.699411 0.146744
0 0.640556 0.083152 0.653044 0.081036 0.652116 0.078448 0.678867 0.072993 0.686487 0.109186 0.668919 0.112150 0.668072 0.107916 0.660029 0.109186 0.658124 0.102625 0.643096 0.106012 0.640556 0.095217 0.642885 0.094794 0.640556 0.083152
0 0.626613 0.048247 0.654764 0.037400 0.658143 0.044547 0.662821 0.042728 0.672607 0.066204 0.666913 0.068313 0.652651 0.074449 0.650329 0.069972 0.637891 0.074615 0.626613 0.048247
0 0.611638 0.014918 0.637672 0.001584 0.652948 0.029005 0.622856 0.046456 0.611638 0.024231 0.614813 0.022326 0.611638 0.014918
0 0.458246 0.199878 0.474106 0.204705 0.477553 0.196431 0.494792 0.202981 0.484104 0.237803 0.451006 0.227805 0.458246 0.199878
0 0.502722 0.210566 0.520995 0.222289 0.516513 0.229184 0.522374 0.233321 0.508583 0.253663 0.484104 0.237803 0.502722 0.210566
0 0.530039 0.275420 0.525821 0.280900 0.507893 0.271246 0.511104 0.264375 0.530039 0.275420
0 0.554437 0.249181 0.537544 0.278831 0.530039 0.275420 0.511104 0.264375 0.520305 0.244699 0.527890 0.248836 0.534441 0.236424 0.554437 0.249181
0 0.561857 0.249550 0.576038 0.258228 0.570958 0.266060 0.575192 0.268176 0.571805 0.273045 0.579213 0.278124 0.568630 0.293787 0.543654 0.277066 0.561857 0.249550
0 0.591222 0.273050 0.604133 0.281940 0.597360 0.293370 0.610271 0.301413 0.598842 0.320674 0.571749 0.302683 0.591222 0.273050
0 0.625345 0.303361 0.636421 0.314706 0.627236 0.322540 0.639392 0.336317 0.619942 0.352256 0.598601 0.326593 0.625345 0.303361
0 0.624550 0.371118 0.649132 0.357341 0.655886 0.368416 0.660748 0.365715 0.668852 0.380843 0.633464 0.401103 0.625360 0.388677 0.630987 0.384596 0.624550 0.371118
0 0.652669 0.412988 0.667909 0.398806 0.677857 0.408119 0.682725 0.401981 0.697541 0.417009 0.674470 0.439657 0.652669 0.412988
0 0.709103 0.443620 0.719551 0.452576 0.707113 0.467170 0.694509 0.457883 0.689700 0.463024 0.676040 0.451596 0.693828 0.431543 0.709103 0.443620
0 0.717893 0.433836 0.709103 0.443620 0.693828 0.431543 0.702709 0.421540 0.717893 0.433836
0 0.828949 0.148953 0.877207 0.169272 0.866624 0.193825 0.847998 0.186416 0.845247 0.192766 0.835510 0.188533 0.837204 0.182183 0.825351 0.176680 0.821753 0.165039 0.828949 0.148953
0 0.933671 0.000004 0.931472 0.006734 0.941593 0.008934 0.906390 0.106620 0.856668 0.089019 0.876029 0.039736 0.865908 0.035776 0.847427 0.080658 0.825866 0.073618 0.829386 0.064817 0.763822 0.038416 0.779221 0.000007 0.933671 0.000004
0 0.365374 0.410865 0.379168 0.409334 0.377602 0.402832 0.393755 0.400959 0.400509 0.437158 0.371228 0.442057 0.365374 0.410865
0 0.400563 0.399159 0.412683 0.397305 0.414016 0.407443 0.431845 0.403661 0.436275 0.432437 0.423489 0.434598 0.424480 0.442201 0.408883 0.445532 0.406488 0.435375 0.400563 0.399159
0 0.444235 0.430360 0.471051 0.419021 0.489471 0.449785 0.461642 0.460847 0.447644 0.462009 0.438459 0.449313 0.433569 0.439764 0.444235 0.430360
0 0.459165 0.465239 0.482644 0.465405 0.479257 0.498001 0.451741 0.496409 0.452588 0.474718 0.458988 0.475519 0.459165 0.465239
0 0.453584 0.501790 0.484220 0.512015 0.473255 0.544260 0.430588 0.527684 0.435895 0.510436 0.448665 0.514748 0.453584 0.501790
0 0.415934 0.526874 0.432021 0.535663 0.430528 0.537985 0.444625 0.545780 0.427543 0.578450 0.411954 0.570324 0.419583 0.554403 0.417759 0.552745 0.419915 0.549262 0.408621 0.540852 0.415934 0.526874
0 0.395302 0.565972 0.423876 0.582905 0.407367 0.610844 0.397842 0.604071 0.401228 0.597933 0.392127 0.592853 0.396360 0.585657 0.387682 0.580365 0.395302 0.565972
0 0.375070 0.616976 0.383715 0.606171 0.402354 0.621029 0.386091 0.641433 0.388577 0.643180 0.383715 0.648853 0.358862 0.628863 0.370478 0.613735 0.375070 0.616976
0 0.344654 0.648178 0.341669 0.644530 0.354936 0.633916 0.380310 0.663270 0.357092 0.682176 0.338850 0.660450 0.337689 0.654148 0.344654 0.648178
0 0.315323 0.669755 0.310667 0.660230 0.328234 0.652822 0.333526 0.667215 0.320615 0.672294 0.310667 0.678644 0.312783 0.682031 0.334584 0.672929 0.340511 0.685841 0.310667 0.698964 0.300507 0.679067 0.315323 0.669755
0 0.289958 0.663803 0.296441 0.694599 0.266046 0.700002 0.260783 0.676230 0.279693 0.673528 0.278602 0.671107 0.272389 0.671227 0.271308 0.665544 0.289958 0.663803
0 0.235159 0.675915 0.235371 0.669777 0.252727 0.669353 0.252270 0.677439 0.249411 0.677699 0.249411 0.680817 0.248762 0.693292 0.251750 0.693292 0.251490 0.702518 0.219598 0.700237 0.218239 0.677366 0.235159 0.675915
0 0.181405 0.674245 0.204366 0.671544 0.205115 0.681809 0.216025 0.681145 0.217199 0.697232 0.203826 0.698017 0.205486 0.716102 0.185278 0.718079 0.184623 0.707390 0.168964 0.708182 0.168423 0.682221 0.181724 0.680843 0.181405 0.674245
0 0.114706 0.680385 0.120814 0.679865 0.127960 0.679345 0.127700 0.677006 0.136796 0.676876 0.137186 0.681814 0.145762 0.681424 0.145892 0.683373 0.148101 0.683113 0.148621 0.703514 0.115746 0.705333 0.114706 0.680385
0 0.090672 0.669965 0.108028 0.669542 0.108875 0.698539 0.100832 0.698751 0.098080 0.713990 0.087285 0.713355 0.081994 0.717165 0.067590 0.715059 0.069929 0.690919 0.082205 0.692613 0.082629 0.690073 0.090884 0.689861 0.090672 0.669965
0 0.049396 0.674365 0.069047 0.677813 0.064910 0.711256 0.031467 0.706774 0.034226 0.686432 0.047672 0.688156 0.049396 0.674365
0 -0.000000 0.668838 0.006132 0.653711 0.024501 0.659383 0.022070 0.665056 0.033416 0.669919 0.025582 0.693961 0.014236 0.690449 0.012075 0.696122 -0.000000 0.691260 -0.000000 0.668838
0 -0.000000 0.547726 0.008782 0.535570 0.033904 0.553399 0.022829 0.569067 0.009052 0.559342 -0.000000 0.572308 -0.000000 0.547726
0 0.072078 0.573326 0.059667 0.614698 0.046910 0.608148 0.046565 0.611250 0.041049 0.609871 0.041049 0.603666 0.030706 0.599183 0.039717 0.569336 0.053635 0.574302 0.056318 0.567773 0.072078 0.573326
0 0.056318 0.567773 0.053635 0.574302 0.039717 0.569336 0.041738 0.562638 0.056318 0.567773
0 0.076309 0.588430 0.106990 0.597054 0.098698 0.627237 0.081948 0.623091 0.068846 0.618613 0.076309 0.588430
0 0.112794 0.583621 0.128549 0.582958 0.127886 0.575827 0.143640 0.574666 0.147289 0.619940 0.129544 0.621101 0.128881 0.613970 0.115447 0.615297 0.112794 0.583621
0 0.149113 0.580304 0.181286 0.577153 0.182447 0.596557 0.180125 0.596391 0.181618 0.619609 0.165531 0.620438 0.165697 0.617950 0.151601 0.618613 0.149113 0.580304
0 0.184769 0.573671 0.216279 0.571681 0.218103 0.611317 0.211967 0.611814 0.212298 0.614799 0.185764 0.616126 0.184437 0.594401 0.185764 0.594567 0.184769 0.573671
0 0.220922 0.576490 0.250110 0.573505 0.253427 0.611482 0.239331 0.612643 0.237672 0.597054 0.222746 0.598049 0.220922 0.576490
0 0.259780 0.580677 0.290035 0.577165 0.291926 0.603369 0.279770 0.604179 0.280580 0.613094 0.262751 0.613904 0.259780 0.580677
0 0.291691 0.547235 0.318114 0.528929 0.341076 0.557024 0.327569 0.567289 0.319735 0.558374 0.307039 0.567559 0.291691 0.547235
0 0.318800 0.517088 0.334251 0.494864 0.337214 0.496345 0.339754 0.491477 0.371715 0.515395 0.365576 0.524919 0.354782 0.517723 0.353300 0.521109 0.362401 0.527247 0.352453 0.542275 0.318800 0.517088
0 0.341447 0.470734 0.351533 0.454722 0.355840 0.457400 0.361343 0.448298 0.382297 0.464385 0.376159 0.473063 0.384837 0.479201 0.372773 0.496557 0.355628 0.484069 0.356687 0.481741 0.341447 0.470734
0 0.046876 0.919435 0.078244 0.918286 0.116131 0.917227 0.116131 0.913206 0.144493 0.912783 0.144281 0.915534 0.168411 0.914688 0.168199 0.911301 0.213071 0.910243 0.212647 0.906433 0.221537 0.906856 0.222172 0.940722 0.211801 0.940933 0.211801 0.947283 0.210319 0.957654 0.205028 0.969084 0.197620 0.978397 0.187672 0.982630 0.176165 0.984252 0.175476 0.991147 0.140654 0.992526 0.140309 0.982183 0.079974 0.984252 0.048255 0.984596 0.046876 0.919435
0 0.273587 0.890519 0.314850 0.887585 0.314519 0.883273 0.334254 0.881830 0.334419 0.886424 0.376243 0.884715 0.376574 0.888861 0.382047 0.888529 0.383208 0.915395 0.372760 0.916059 0.372428 0.919044 0.369443 0.926341 0.364136 0.931979 0.359659 0.935628 0.354186 0.938447 0.349211 0.940769 0.342245 0.941100 0.342743 0.946739 0.311731 0.949061 0.311897 0.946739 0.292493 0.947734 0.291332 0.918878 0.281050 0.919375 0.280884 0.921697 0.273421 0.921531 0.273421 0.914400 0.270934 0.914566 0.270105 0.894665 0.273753 0.894831 0.273587 0.890519
0 0.522097 0.900101 0.603062 0.901861 0.600862 0.950264 0.513297 0.944543 0.513737 0.939263 0.515057 0.917262 0.521217 0.917702 0.522097 0.900101
0 0.564699 0.999009 0.568300 0.957744 0.611422 0.962584 0.610826 0.999008 0.564699 0.999009
0 0.690183 0.909487 0.739991 0.910926 0.732167 0.998362 0.682702 0.997859 0.682950 0.980840 0.688413 0.980398 0.692460 0.938258 0.689125 0.937564 0.690183 0.909487
0 0.749877 0.917323 0.770948 0.914892 0.771218 0.917323 0.823354 0.911650 0.823084 0.908139 0.840913 0.906518 0.845236 0.952441 0.787696 0.958983 0.754199 0.963517 0.749877 0.917323
0 0.855582 0.942150 0.866928 0.895686 0.886918 0.900549 0.886378 0.903520 0.935002 0.915406 0.935813 0.911624 0.956613 0.916487 0.945268 0.962680 0.909339 0.954306 0.910150 0.951064 0.884757 0.945121 0.882866 0.949443 0.855582 0.942150
0 0.910761 0.861063 0.938720 0.823075 0.936180 0.821170 0.952246 0.799047 0.989286 0.823811 0.972142 0.848363 0.969390 0.846882 0.954151 0.868259 0.956691 0.870164 0.937853 0.901278 0.896505 0.875639 0.907586 0.859370 0.910761 0.861063
0 0.998871 0.460819 0.992166 0.448410 0.983252 0.453543 0.972176 0.433283 0.998871 0.420482 0.998871 0.460819
0 0.998871 0.417975 0.976329 0.428746 0.967145 0.408756 0.972277 0.406325 0.966604 0.393898 0.984855 0.384024 0.989598 0.395255 0.998871 0.391021 0.998871 0.417975
0 0.986878 0.341453 0.988220 0.359086 0.974305 0.359618 0.977194 0.379812 0.964726 0.380353 0.964186 0.373329 0.946324 0.372552 0.944171 0.348477 0.955812 0.347666 0.955812 0.350367 0.966077 0.349557 0.966077 0.342263 0.986878 0.341453
0 0.955050 0.300970 0.982355 0.304357 0.979180 0.336318 0.959958 0.334674 0.959929 0.319173 0.952912 0.317530 0.955050 0.300970
0 0.998871 0.300623 0.966864 0.283040 0.979581 0.255148 0.998871 0.263351 0.998871 0.300623
0 0.998871 0.259120 0.984259 0.249325 0.998871 0.219466 0.998871 0.259120
0 0.858497 0.999005 0.859577 0.996612 0.862860 0.992919 0.903487 0.992919 0.906502 0.999005 0.858497 0.999005
0 0.055009 0.000004 0.054189 0.009384 0.061781 0.009589 0.060550 0.040983 0.035107 0.040162 0.034647 0.008870 0.035777 0.000003 0.055009 0.000004
0 0.121489 0.012114 0.148498 0.019831 0.142388 0.040892 0.133385 0.062274 0.104126 0.051663 0.113772 0.029799 0.121489 0.012114
0 0.117208 0.480971 0.114133 0.464678 0.128275 0.462219 0.134423 0.476360 0.117208 0.480971
