0 0.403064 0.928537 0.422959 0.884648 0.543532 0.937349 0.523541 0.980862 0.403854 0.928437 0.403064 0.928537
0 0.442418 0.999009 0.456826 0.963713 0.483534 0.974989 0.474710 0.999009 0.442418 0.999009
0 0.417909 0.969499 0.418470 0.969899 0.428216 0.952227 0.453554 0.962622 0.437776 0.996817 0.411110 0.985088 0.417909 0.969499
0 0.360462 0.965941 0.377065 0.930001 0.402640 0.941663 0.385759 0.978808 0.381121 0.978573 0.362344 0.971062 0.360462 0.965941
0 0.601980 0.999009 0.601370 0.974527 0.621689 0.974103 0.622300 0.999008 0.601980 0.999009
3 0.772551 0.969847 0.799734 0.967301 0.802135 0.985267 0.774393 0.988282 0.772267 0.969906 0.772551 0.969847
3 0.735522 0.974784 0.754234 0.971535 0.755273 0.978032 0.765566 0.975832 0.766204 0.982293 0.772532 0.981102 0.773840 0.988799 0.769511 0.990004 0.770064 0.991957 0.752998 0.996559 0.751961 0.992673 0.747600 0.992954 0.736433 0.994734 0.733016 0.975443 0.735522 0.974784
4 0.661222 0.819059 0.668819 0.821484 0.666556 0.828054 0.658947 0.825905 0.661222 0.819059
0 0.614678 0.702758 0.610187 0.705435 0.653469 0.767569 0.661908 0.762182 0.703452 0.823431 0.688257 0.834404 0.644573 0.770044 0.601440 0.712837 0.596963 0.705313 0.613718 0.695061 0.616915 0.701234 0.614678 0.702758
0 0.550678 0.683705 0.550823 0.683788 0.555314 0.688884 0.541754 0.701494 0.537211 0.695751 0.550678 0.683705
0 0.560417 0.688752 0.560542 0.688963 0.569687 0.699093 0.549101 0.717912 0.544941 0.712810 0.541002 0.706620 0.560417 0.688752
0 0.613597 0.662118 0.619660 0.667409 0.609849 0.678653 0.603676 0.673141 0.613487 0.662008 0.613597 0.662118
0 0.578912 0.681355 0.578692 0.681025 0.589164 0.671434 0.594235 0.676836 0.583873 0.686757 0.578912 0.681355
0 0.528932 0.741939 0.582905 0.694576 0.591346 0.706253 0.532930 0.757098 0.523992 0.746785 0.528932 0.741939
0 0.692740 0.629449 0.693660 0.629433 0.699630 0.634906 0.690509 0.645022 0.693328 0.647841 0.667291 0.670230 0.661653 0.664425 0.675636 0.652255 0.672378 0.647266 0.692740 0.629449
0 0.836400 0.549647 0.831004 0.562169 0.831615 0.566649 0.807748 0.622187 0.828983 0.631397 0.849058 0.590457 0.857847 0.595433 0.832081 0.641241 0.802885 0.628792 0.805744 0.623984 0.799787 0.620565 0.808271 0.598315 0.807101 0.597535 0.822560 0.559915 0.823392 0.560600 0.829899 0.545557 0.836619 0.548510 0.836400 0.549647
0 0.923825 0.590952 0.926472 0.590138 0.928610 0.596450 0.917309 0.600421 0.915578 0.593905 0.923825 0.590952
0 0.958319 0.550667 0.957929 0.550277 0.964426 0.547678 0.970014 0.564311 0.963257 0.566520 0.958319 0.550667
0 0.768813 0.499967 0.768915 0.500068 0.777874 0.516358 0.771664 0.519616 0.763315 0.503123 0.768813 0.499967
0 0.233045 0.445026 0.234430 0.443817 0.281318 0.456229 0.277915 0.474648 0.280868 0.474851 0.273444 0.494397 0.200830 0.475330 0.205963 0.454596 0.228260 0.458770 0.233045 0.445026
4 0.383759 0.588321 0.383861 0.588423 0.410433 0.608786 0.400049 0.622937 0.371643 0.599622 0.383759 0.588321
0 0.142547 0.339051 0.173058 0.329636 0.182179 0.349205 0.142045 0.362307 0.138231 0.350698 0.142045 0.349868 0.139226 0.340747 0.142547 0.339051
3 0.124288 0.227922 0.140272 0.222730 0.142716 0.232911 0.126935 0.236984 0.124084 0.227821 0.124288 0.227922
3 0.136887 0.161674 0.137525 0.161434 0.141115 0.167098 0.117422 0.181856 0.113593 0.175474 0.136887 0.161674
4 0.632201 0.671349 0.632303 0.671655 0.635357 0.675320 0.629045 0.680309 0.626296 0.676644 0.632201 0.671349
4 0.625248 0.679465 0.630040 0.681276 0.627346 0.688712 0.622780 0.687168 0.625248 0.679465
0 0.353069 0.973444 0.317051 0.948863 0.317392 0.945279 0.342826 0.919162 0.346411 0.918479 0.372528 0.929404 0.373553 0.930769 0.356200 0.972230 0.354788 0.972683 0.353069 0.973444
0 0.405225 0.986086 0.394955 0.985981 0.394221 0.984409 0.393592 0.974349 0.405015 0.974034 0.405644 0.974873 0.406168 0.983361 0.405225 0.986086
0 0.373828 0.991231 0.359890 0.989030 0.358004 0.986096 0.357899 0.978131 0.360205 0.976664 0.373513 0.978550 0.375924 0.980541 0.375714 0.990287 0.373828 0.991231
4 0.726151 0.834390 0.725941 0.840363 0.721435 0.842564 0.717872 0.842040 0.717348 0.838582 0.710013 0.837219 0.709384 0.833866 0.711585 0.829255 0.719025 0.831036 0.719339 0.832294 0.725313 0.832189 0.726151 0.834390
