0 0.067234 0.003883 0.079845 0.031944 0.048947 0.039511 0.034444 0.021224 0.048317 0.009874 0.067234 0.003883
0 0.094979 0.065049 0.115473 0.064103 0.115788 0.103514 0.094349 0.102884 0.093088 0.114549 0.068180 0.113603 0.067234 0.107928 0.053046 0.106982 0.053677 0.081444 0.095295 0.081444 0.094979 0.065049
0 0.217941 0.001361 0.251362 0.003253 0.245056 0.039195 0.219203 0.054014 0.191772 0.043925 0.203753 0.019332 0.219833 0.028476 0.220779 0.032890 0.229922 0.025953 0.228976 0.017125 0.216995 0.016810 0.217941 0.001361
0 0.352882 0.000008 0.348786 0.013657 0.329553 0.009874 0.332388 0.000008 0.352882 0.000008
0 0.325770 0.102568 0.343741 0.099415 0.349416 0.134728 0.309690 0.144186 0.304645 0.137880 0.292034 0.138826 0.288566 0.120540 0.325139 0.112027 0.325770 0.102568
0 -0.000000 0.323900 0.006068 0.319171 0.008906 0.324846 0.015527 0.319486 0.008275 0.308451 0.019310 0.299308 0.017734 0.278814 0.035075 0.276922 0.036966 0.292687 0.046740 0.304037 0.060298 0.327683 0.042957 0.339664 0.003231 0.369932 -0.000000 0.368558 -0.000000 0.323900
0 0.103177 0.359527 0.135967 0.372139 0.113896 0.412496 0.110113 0.423216 0.090250 0.416279 0.094349 0.399884 0.091826 0.398623 0.097817 0.384120 0.094349 0.381598 0.103177 0.359527
0 0.281945 0.308451 0.308114 0.302145 0.314735 0.327053 0.236859 0.345655 0.229292 0.319801 0.281945 0.308451
0 0.357929 0.386957 0.368964 0.400830 0.385359 0.390741 0.397025 0.409343 0.369910 0.425107 0.372747 0.429521 0.360136 0.436458 0.356668 0.432359 0.319464 0.453798 0.310005 0.436458 0.325139 0.426999 0.321356 0.420063 0.328923 0.415649 0.325770 0.410289 0.334913 0.406190 0.332075 0.400830 0.357929 0.386957
0 0.051470 0.461365 0.074170 0.460419 0.072279 0.503299 0.083629 0.502353 0.084890 0.518432 0.048317 0.524423 0.046740 0.540502 0.039804 0.540187 0.039173 0.543025 0.033813 0.543025 0.033498 0.553429 0.039804 0.563203 0.040119 0.572347 0.020571 0.589687 0.008590 0.579283 0.014896 0.523477 0.021202 0.523162 0.021833 0.514649 0.026247 0.514964 0.027508 0.503299 0.023094 0.504244 0.023409 0.495732 0.027508 0.495101 0.027823 0.489426 0.044533 0.486588 0.045794 0.480283 0.050524 0.480598 0.051470 0.461365
0 0.261451 0.508028 0.285098 0.503614 0.292664 0.556267 0.257668 0.562573 0.255776 0.543655 0.260190 0.542710 0.259244 0.533566 0.264604 0.533251 0.261451 0.508028
0 0.369279 0.516225 0.399547 0.539241 0.382837 0.560050 0.353830 0.535458 0.369279 0.516225
0 0.401123 0.555636 0.408375 0.568878 0.394818 0.576445 0.388197 0.563203 0.401123 0.555636
0 0.268387 0.580229 0.291088 0.581490 0.291088 0.615856 0.267441 0.615541 0.268387 0.580229
0 0.125562 0.659996 0.131868 0.666617 0.137543 0.662203 0.152362 0.683012 0.131237 0.696885 0.111059 0.669455 0.125562 0.659996
0 0.002915 0.691210 0.013950 0.688688 0.019941 0.714856 0.007645 0.717694 0.002915 0.691210
0 0.384413 0.770662 0.401754 0.767825 0.412789 0.828675 0.388197 0.831198 0.378738 0.784535 0.384413 0.770662
0 0.233075 0.776653 0.234967 0.777599 0.250731 0.788634 0.218257 0.827099 0.195871 0.806605 0.223932 0.769716 0.233075 0.776653
0 0.153623 0.791787 0.163712 0.793363 0.158037 0.825522 0.148578 0.823631 0.153623 0.791787
0 -0.000000 0.811334 0.045794 0.845070 0.021202 0.881644 0.021517 0.911911 -0.000000 0.911281 -0.000000 0.811334
0 0.255776 0.807551 0.290773 0.834666 0.281945 0.845701 0.273117 0.838449 0.248524 0.866510 0.224562 0.845070 0.255776 0.807551
0 0.032552 0.923892 0.049893 0.918847 0.053677 0.934296 0.036336 0.938395 0.032552 0.923892
0 -0.000000 0.970239 0.014896 0.979383 0.045164 0.974653 0.046713 0.985818 0.049963 0.999004 -0.000000 0.999003 -0.000000 0.970239
0 0.199655 0.861150 0.255461 0.891102 0.237174 0.971185 0.205645 0.964249 0.215104 0.928937 0.206276 0.924523 0.210374 0.910335 0.203123 0.906551 0.207222 0.894570 0.224878 0.899300 0.226139 0.893940 0.189881 0.877860 0.199655 0.861150
0 0.522354 0.969162 0.540060 0.970369 0.540060 0.983648 0.521952 0.982441 0.522354 0.969162
0 0.587296 0.999009 0.582311 0.979222 0.601224 0.976002 0.600822 0.962723 0.638244 0.959102 0.643878 0.996927 0.639841 0.999008 0.587296 0.999009
0 0.642268 0.943408 0.679691 0.935763 0.687337 0.985660 0.650316 0.990489 0.642268 0.943408
0 0.703030 0.928922 0.723150 0.926105 0.731600 0.987270 0.708261 0.990489 0.703030 0.928922
0 0.540865 0.864539 0.560582 0.861320 0.563399 0.876208 0.567020 0.876611 0.570240 0.903169 0.536036 0.910814 0.530402 0.892707 0.541669 0.889890 0.539657 0.880232 0.543279 0.879830 0.540865 0.864539
0 0.682910 0.844017 0.691361 0.847638 0.694177 0.842407 0.708664 0.850455 0.712285 0.841200 0.721943 0.846431 0.726771 0.870172 0.715102 0.891499 0.678484 0.872989 0.681301 0.861722 0.674862 0.858503 0.682910 0.844017
0 0.622149 0.790900 0.643878 0.805789 0.655950 0.797339 0.674460 0.809411 0.638244 0.858905 0.646292 0.865746 0.632611 0.881842 0.595188 0.856491 0.621746 0.825507 0.606053 0.815447 0.622149 0.790900
0 0.453545 0.687887 0.527988 0.733358 0.494992 0.782853 0.460788 0.765147 0.478493 0.736979 0.461995 0.726517 0.466019 0.709617 0.446704 0.699154 0.453545 0.687887
0 0.535634 0.632759 0.569837 0.652074 0.546498 0.689497 0.556961 0.695935 0.542877 0.716055 0.497406 0.691509 0.512295 0.667767 0.521147 0.672194 0.534024 0.652074 0.526781 0.646038 0.535634 0.632759
0 0.719931 0.637990 0.748501 0.641209 0.744074 0.691106 0.699006 0.686278 0.701018 0.670182 0.716712 0.671791 0.719931 0.637990
0 0.652328 0.718872 0.674862 0.712433 0.675265 0.712836 0.683313 0.730944 0.691361 0.727724 0.697799 0.744223 0.715504 0.739394 0.725162 0.763538 0.675265 0.780036 0.652328 0.718872
0 0.815298 0.796132 0.826566 0.809813 0.813286 0.821483 0.816908 0.825104 0.787936 0.845626 0.769828 0.819873 0.787936 0.804582 0.792362 0.809411 0.801617 0.802168 0.804031 0.805387 0.815298 0.796132
0 0.738849 0.765847 0.748052 0.766995 0.746845 0.779067 0.737187 0.777458 0.738849 0.765847
0 0.813647 0.453720 0.827731 0.469816 0.836986 0.468207 0.842620 0.489936 0.841412 0.528968 0.816464 0.528968 0.805599 0.483095 0.794332 0.472633 0.813647 0.453720
0 0.740009 0.458147 0.774212 0.462975 0.767774 0.502410 0.733168 0.495167 0.740009 0.458147
0 0.771798 0.535004 0.780651 0.545064 0.787089 0.544259 0.799161 0.573232 0.796747 0.574439 0.801978 0.590132 0.768579 0.602204 0.765360 0.594156 0.754495 0.598583 0.744435 0.572427 0.752885 0.569610 0.744435 0.547479 0.771798 0.535004
0 0.625728 0.485912 0.652689 0.500801 0.611645 0.559953 0.586696 0.542247 0.625728 0.485912
0 0.562552 0.555124 0.588708 0.570817 0.579051 0.587718 0.552492 0.572427 0.562552 0.555124
0 0.579051 0.595364 0.614461 0.619105 0.599573 0.641639 0.565369 0.614679 0.579051 0.595364
0 0.447870 0.461366 0.464368 0.466195 0.459539 0.480681 0.467989 0.482693 0.458734 0.508044 0.434188 0.501203 0.447870 0.461366
0 0.466782 0.320930 0.478854 0.328978 0.469197 0.349098 0.480866 0.357548 0.458734 0.388130 0.437005 0.370424 0.456722 0.344269 0.451491 0.341452 0.466782 0.320930
0 0.687697 0.370022 0.723511 0.374851 0.716267 0.433198 0.676430 0.425553 0.682466 0.386923 0.685283 0.388130 0.687697 0.370022
0 0.529154 0.438429 0.541225 0.454123 0.523520 0.469011 0.512253 0.451708 0.529154 0.438429
0 0.574624 0.361572 0.589110 0.352317 0.617278 0.395775 0.603999 0.405030 0.574624 0.361572
0 0.558528 0.400604 0.570600 0.392154 0.579855 0.405030 0.592258 0.396321 0.612047 0.424748 0.585087 0.442051 0.558528 0.400604
0 0.570477 0.246152 0.568541 0.242087 0.575896 0.230861 0.584800 0.234345 0.611511 0.214215 0.621189 0.214021 0.626609 0.204537 0.640158 0.204924 0.640158 0.225054 0.619060 0.226990 0.611511 0.233184 0.602220 0.240733 0.589252 0.260282 0.584994 0.266863 0.564670 0.256991 0.570477 0.246152
0 0.745252 0.136455 0.745556 0.176190 0.723717 0.176190 0.724475 0.196967 0.704153 0.196361 0.703091 0.169669 0.709764 0.169820 0.709612 0.134636 0.745252 0.136455
0 0.592102 0.076468 0.613856 0.074261 0.614172 0.082458 0.622054 0.082143 0.625207 0.126598 0.594939 0.127544 0.592102 0.076468
0 0.610073 0.025076 0.618271 0.033589 0.608497 0.044624 0.612280 0.047461 0.589579 0.073945 0.575707 0.059442 0.610073 0.025076
0 0.716010 0.051875 0.724838 0.052506 0.725153 0.045570 0.736819 0.046831 0.739026 0.036426 0.750061 0.037687 0.750061 0.042417 0.772446 0.045570 0.768978 0.067955 0.760150 0.067009 0.757312 0.082143 0.712857 0.076783 0.716010 0.051875
0 0.942588 0.808772 0.958668 0.809087 0.958668 0.842823 0.929977 0.841246 0.931238 0.817915 0.933445 0.817915 0.942273 0.818230 0.942588 0.808772
0 0.925563 0.689593 0.946056 0.684233 0.956461 0.717338 0.921779 0.727743 0.913266 0.704727 0.928085 0.699682 0.925563 0.689593
0 0.998869 0.630887 0.985783 0.630634 0.985152 0.599421 0.998869 0.598545 0.998869 0.630887
0 0.935620 0.582068 0.942903 0.634733 0.919397 0.638261 0.914795 0.606090 0.909120 0.607175 0.906330 0.587125 0.935620 0.582068
0 0.953485 0.612921 0.961220 0.613527 0.961372 0.633091 0.945751 0.632940 0.944992 0.617622 0.953485 0.617471 0.953485 0.612921
0 0.805017 0.397802 0.834825 0.389092 0.848761 0.440772 0.818759 0.448708 0.805017 0.397802
0 0.850309 0.407286 0.864826 0.410964 0.860955 0.428191 0.846245 0.424320 0.850309 0.407286
0 0.853987 0.333347 0.857084 0.337218 0.867536 0.327927 0.860568 0.320959 0.868504 0.313217 0.871795 0.316701 0.877214 0.312636 0.884182 0.316507 0.887086 0.307410 0.901796 0.309346 0.897344 0.331024 0.888634 0.331411 0.868310 0.351541 0.879537 0.363542 0.863084 0.377672 0.854181 0.367607 0.840825 0.377478 0.824566 0.356380 0.853987 0.333347
0 0.931411 0.320766 0.960057 0.322508 0.958703 0.350961 0.935088 0.349025 0.934895 0.334895 0.930249 0.334508 0.931411 0.320766
0 0.934314 0.343218 0.934508 0.372833 0.927927 0.372833 0.926959 0.388318 0.945347 0.388705 0.944573 0.410190 0.903925 0.407674 0.906248 0.368188 0.918829 0.368962 0.919410 0.342638 0.934314 0.343218
0 0.998869 0.309815 0.992533 0.309561 0.992039 0.291774 0.990062 0.292268 0.989321 0.273247 0.998869 0.272809 0.998869 0.309815
0 0.851722 0.216922 0.891001 0.214205 0.895942 0.277693 0.879143 0.279422 0.879884 0.287575 0.876426 0.287575 0.877414 0.309314 0.857898 0.310302 0.851722 0.216922
0 0.354660 0.274954 0.346978 0.266077 0.348002 0.263517 0.361317 0.251397 0.363195 0.251397 0.365072 0.252592 0.372925 0.243545 0.377192 0.243715 0.383508 0.253787 0.373437 0.260786 0.375144 0.263517 0.363365 0.275124 0.373437 0.290146 0.372925 0.292536 0.350734 0.308411 0.348515 0.308240 0.345783 0.303802 0.344076 0.285025 0.354660 0.274954
0 0.406123 0.251953 0.413633 0.261853 0.413804 0.265096 0.395881 0.278240 0.391613 0.277387 0.381542 0.264414 0.382054 0.259805 0.385127 0.258098 0.382907 0.244442 0.383761 0.244442 0.377616 0.236590 0.378299 0.233176 0.390589 0.226006 0.391784 0.227372 0.397929 0.223446 0.401343 0.224470 0.403391 0.228225 0.416706 0.216447 0.418754 0.217642 0.426265 0.230274 0.426777 0.231810 0.426265 0.234200 0.408512 0.249904 0.404416 0.248539 0.403904 0.249733 0.406123 0.251953
0 0.495797 0.214977 0.490846 0.233242 0.488798 0.234266 0.479580 0.232218 0.477703 0.230169 0.487603 0.205247 0.489652 0.205759 0.494773 0.207295 0.494602 0.210539 0.493578 0.212246 0.495797 0.214977
0 0.903945 0.369233 0.895247 0.369128 0.894513 0.367557 0.895142 0.352990 0.897028 0.351208 0.905936 0.351837 0.905831 0.366299 0.903945 0.369233
0 0.289508 0.691939 0.271072 0.678966 0.271584 0.675893 0.273803 0.674186 0.293092 0.685965 0.289508 0.691939
0 0.305241 0.742507 0.293923 0.748271 0.292666 0.746803 0.291198 0.746489 0.285539 0.737581 0.287007 0.733704 0.284177 0.729093 0.285435 0.726892 0.276737 0.709392 0.277470 0.706876 0.297381 0.696711 0.294866 0.690948 0.296019 0.686337 0.311319 0.681516 0.315301 0.689061 0.315301 0.692939 0.302097 0.698388 0.302935 0.700379 0.301573 0.703104 0.304822 0.709601 0.309852 0.707400 0.310795 0.707715 0.312262 0.712431 0.315196 0.711487 0.316664 0.712326 0.317816 0.716518 0.317921 0.717146 0.315301 0.719137 0.316873 0.722072 0.316035 0.723120 0.311948 0.724482 0.316768 0.736953 0.305241 0.742507
4 0.196313 0.619365 0.195631 0.634046 0.193070 0.634216 0.188803 0.634216 0.186925 0.632339 0.187437 0.619536 0.196313 0.619365
0 0.191337 0.593478 0.180637 0.592675 0.178497 0.590402 0.179433 0.585720 0.192139 0.586389 0.191337 0.593478
0 0.850436 0.880673 0.842372 0.866770 0.843763 0.863990 0.849890 0.860741 0.850024 0.860741 0.850693 0.861677 0.859386 0.856862 0.862195 0.856996 0.862885 0.856832 0.866762 0.855155 0.871687 0.864272 0.871687 0.864587 0.872211 0.865949 0.870011 0.867940 0.871163 0.870036 0.877556 0.866997 0.880280 0.868360 0.886205 0.877381 0.885523 0.879429 0.889107 0.887623 0.892180 0.887964 0.895776 0.896030 0.894240 0.898078 0.877682 0.909174 0.873756 0.908832 0.867099 0.901492 0.861295 0.902517 0.857369 0.900639 0.858222 0.896883 0.858694 0.894672 0.856420 0.894538 0.852006 0.883571 0.850436 0.880673
4 0.926496 0.903752 0.927299 0.912580 0.926229 0.914318 0.918605 0.914853 0.917669 0.914318 0.916064 0.904287 0.917803 0.903217 0.926496 0.903752
4 0.943664 0.910333 0.942193 0.896691 0.944333 0.894284 0.953829 0.893749 0.954899 0.894417 0.956103 0.904047 0.955166 0.905385 0.953160 0.907257 0.953561 0.910467 0.952491 0.911403 0.945002 0.912741 0.943664 0.910333
0 0.455752 0.993541 0.454619 0.973371 0.476828 0.970879 0.481814 0.974731 0.484080 0.989235 0.455752 0.993541
0 0.401654 0.055057 0.405162 0.052050 0.413014 0.048709 0.420197 0.053052 0.417691 0.062407 0.419529 0.071261 0.426378 0.071595 0.426378 0.077108 0.420197 0.076273 0.426713 0.090640 0.408837 0.098993 0.397812 0.067753 0.401654 0.055057
0 0.959039 0.515443 0.959373 0.530311 0.955865 0.531146 0.957869 0.545012 0.937656 0.549355 0.939326 0.556873 0.927131 0.558711 0.930305 0.567565 0.893719 0.573245 0.888875 0.546850 0.883863 0.547685 0.881858 0.527304 0.959039 0.515443
