0 0.192502 0.178754 0.198177 0.178124 0.207636 0.186636 0.207636 0.186952 0.207636 0.196410 0.200384 0.200824 0.192502 0.200194 0.188403 0.196095 0.184620 0.184745 0.192502 0.178754
0 0.187458 0.208391 0.194394 0.204923 0.202591 0.207761 0.207005 0.215012 0.205114 0.224786 0.197862 0.228885 0.189034 0.227624 0.183989 0.219426 0.187458 0.208391
0 0.007681 0.253040 0.016972 0.246846 0.041941 0.284009 0.031489 0.290590 0.007681 0.253040
0 0.038457 0.289816 0.068652 0.314011 0.062458 0.321173 0.033231 0.297365 0.038457 0.289816
0 0.010004 0.327367 0.017359 0.331238 0.007294 0.347497 0.000906 0.343626 0.010004 0.327367
0 0.028005 0.313430 0.040005 0.312656 0.043102 0.340529 0.029940 0.342851 0.028005 0.313430
0 0.054909 0.326205 0.061684 0.326786 0.061684 0.341496 0.055296 0.341496 0.054909 0.326205
0 0.020649 0.349045 0.039812 0.348465 0.039618 0.356594 0.020649 0.357175 0.020649 0.349045
0 0.045618 0.347884 0.064974 0.348271 0.064974 0.356013 0.045425 0.356013 0.045618 0.347884
4 0.034636 0.000003 0.034835 0.000320 0.032760 0.001257 0.033563 0.003800 0.018305 0.008551 0.016365 0.001390 0.020647 0.000320 0.034487 0.000003 0.034636 0.000003
0 0.027002 0.422173 0.053602 0.416631 0.055450 0.418355 0.059144 0.418109 0.060991 0.424389 0.028357 0.432640 0.027002 0.422173
