0 0.340118 0.274487 0.440254 0.277097 0.480272 0.316425 0.476822 0.465456 0.408352 0.462591 0.409102 0.433046 0.382599 0.432212 0.382759 0.416886 0.336821 0.415855 0.340118 0.274487
0 0.162651 0.413061 0.174266 0.397463 0.178913 0.400781 0.183227 0.394476 0.177917 0.390825 0.188206 0.377550 0.212677 0.395456 0.218897 0.388118 0.241821 0.404541 0.237746 0.409448 0.258275 0.424091 0.242472 0.443615 0.246941 0.447604 0.231470 0.466236 0.248537 0.479307 0.245239 0.483319 0.248366 0.485709 0.246055 0.488489 0.252664 0.493530 0.234620 0.514252 0.215782 0.500068 0.214781 0.501569 0.200016 0.490736 0.194602 0.497906 0.171978 0.480484 0.177101 0.473492 0.165156 0.464885 0.161165 0.469994 0.141246 0.454864 0.168506 0.419273 0.161782 0.414179 0.162651 0.413061
0 -0.000000 0.269721 0.104736 0.259390 0.109191 0.368622 0.039617 0.373150 0.039485 0.381292 -0.000000 0.384984 -0.000000 0.269721
0 0.157168 0.789891 0.125752 0.790260 0.125752 0.783714 0.120804 0.783714 0.120968 0.760224 0.125129 0.759873 0.125129 0.739180 0.145562 0.738184 0.145822 0.731683 0.158044 0.731683 0.158304 0.725963 0.232935 0.725963 0.232675 0.788632 0.181408 0.789258 0.181611 0.795872 0.156648 0.796132 0.157168 0.789891
0 0.106367 0.999005 0.067924 0.963701 0.071999 0.960033 0.069350 0.957589 0.087076 0.938029 0.089317 0.940066 0.109488 0.916024 0.106024 0.912560 0.129042 0.887757 0.134763 0.892698 0.164147 0.861233 0.174933 0.871414 0.178605 0.868062 0.208952 0.896033 0.204907 0.899972 0.206146 0.901271 0.201345 0.905392 0.202233 0.917445 0.188692 0.919979 0.169973 0.945457 0.175271 0.950143 0.161823 0.965832 0.157952 0.962164 0.123829 0.999005 0.106367 0.999005
0 0.310096 0.738894 0.337629 0.738047 0.338052 0.747789 0.383798 0.746942 0.382951 0.759649 0.393117 0.759649 0.393548 0.767682 0.436227 0.767107 0.436559 0.773413 0.458464 0.772749 0.458464 0.779055 0.467424 0.779055 0.467093 0.770426 0.503880 0.770241 0.503880 0.779972 0.540862 0.779763 0.541194 0.787064 0.556793 0.787396 0.557125 0.793038 0.571728 0.792706 0.571396 0.819921 0.577701 0.819589 0.578033 0.845476 0.572059 0.845476 0.572391 0.861406 0.493339 0.861301 0.493038 0.833865 0.448742 0.833391 0.446181 0.838272 0.442253 0.841904 0.439401 0.844553 0.435530 0.847405 0.431145 0.849427 0.426678 0.850642 0.422317 0.850854 0.417685 0.850363 0.414719 0.848862 0.411444 0.847104 0.408132 0.844788 0.404751 0.841724 0.402448 0.838750 0.400281 0.834977 0.399599 0.831177 0.379969 0.831382 0.380173 0.824708 0.349294 0.825297 0.349090 0.821223 0.340329 0.821426 0.339565 0.783036 0.319343 0.783411 0.319024 0.778781 0.310244 0.778781 0.310096 0.738894
0 0.705841 0.815280 0.722399 0.812024 0.738162 0.796608 0.773571 0.798343 0.769906 0.908527 0.722005 0.907678 0.722324 0.898176 0.704923 0.897857 0.705242 0.884447 0.673837 0.884447 0.675354 0.841400 0.705841 0.815280
0 0.589785 0.429852 0.722590 0.431922 0.722563 0.463276 0.741192 0.463966 0.741192 0.483975 0.754568 0.483128 0.753607 0.511691 0.735022 0.511359 0.735022 0.534922 0.742008 0.534751 0.742008 0.546193 0.745402 0.546354 0.745102 0.589526 0.699434 0.589186 0.699361 0.591751 0.683299 0.591555 0.683424 0.588678 0.669665 0.588553 0.669480 0.597037 0.605429 0.596747 0.605557 0.591787 0.599649 0.591787 0.599649 0.586693 0.572605 0.585913 0.568184 0.585913 0.568495 0.573780 0.548982 0.573405 0.546731 0.573530 0.547633 0.528462 0.560883 0.528781 0.560883 0.517287 0.547952 0.516968 0.548827 0.478195 0.569370 0.477935 0.569630 0.459212 0.589133 0.459472 0.589785 0.429852
0 0.594392 0.265850 0.622193 0.266437 0.622559 0.257362 0.622818 0.255685 0.623145 0.254526 0.624200 0.252919 0.625709 0.251857 0.627250 0.251104 0.629595 0.250765 0.688966 0.251376 0.691581 0.251454 0.693071 0.252082 0.694664 0.253127 0.695594 0.254525 0.695638 0.256048 0.693520 0.354668 0.693211 0.356018 0.692420 0.357232 0.691180 0.358451 0.689762 0.359411 0.688639 0.359869 0.687019 0.360129 0.625910 0.358309 0.623823 0.357861 0.622328 0.356828 0.621348 0.355708 0.620669 0.353688 0.621692 0.290080 0.594084 0.289937 0.594392 0.265850
0 0.834443 0.256721 0.971215 0.258883 0.968512 0.428632 0.828496 0.426469 0.834443 0.256721
0 0.919572 0.427987 0.940707 0.428219 0.941443 0.470818 0.918850 0.470818 0.919413 0.447990 0.927714 0.447830 0.927555 0.441713 0.919438 0.441946 0.919572 0.427987
