0 0.064351 0.615793 0.092995 0.631891 0.071141 0.671907 0.042737 0.655349 0.064351 0.615793
0 -0.000000 0.739137 -0.000000 0.719054 0.009762 0.728729 -0.000000 0.739137
0 0.796609 0.845237 0.802819 0.830276 0.796185 0.827594 0.804520 0.803286 0.824311 0.810097 0.821458 0.819522 0.833649 0.824267 0.834213 0.822574 0.848694 0.827658 0.837135 0.862176 0.822784 0.856857 0.817823 0.870292 0.802580 0.864029 0.807264 0.851773 0.795822 0.847081 0.796609 0.845237
0 0.892052 0.813727 0.890354 0.804525 0.910655 0.801077 0.912144 0.810254 0.892052 0.813727
3 0.827833 0.392062 0.828043 0.390868 0.850811 0.394252 0.849970 0.402933 0.866466 0.404864 0.869539 0.406099 0.866570 0.424321 0.846999 0.422431 0.846459 0.427020 0.823244 0.423646 0.827833 0.392062
2 0.741095 0.329237 0.741179 0.276388 0.760871 0.276373 0.760874 0.279682 0.783290 0.279089 0.783523 0.293879 0.788386 0.294116 0.788504 0.298623 0.790995 0.298505 0.791075 0.313761 0.774608 0.313761 0.774743 0.306203 0.763295 0.305988 0.763645 0.329237 0.741095 0.329237
0 0.809985 0.278009 0.804808 0.246561 0.838140 0.240785 0.859601 0.236331 0.863865 0.261483 0.844170 0.264879 0.845981 0.271670 0.809985 0.278009
0 0.891893 0.212303 0.896095 0.202527 0.936936 0.211510 0.933615 0.221473 0.931740 0.236090 0.889290 0.226933 0.891893 0.212303
0 0.946757 0.203331 0.956340 0.199776 0.955260 0.196065 0.970410 0.191439 0.977288 0.209364 0.952229 0.217896 0.946757 0.203331
3 0.743228 0.516192 0.751596 0.496891 0.785744 0.511738 0.785070 0.513358 0.806228 0.525835 0.798099 0.543448 0.789740 0.538612 0.788622 0.541222 0.746103 0.521269 0.747170 0.519490 0.742611 0.517529 0.743228 0.516192
3 0.798099 0.543448 0.800322 0.538779 0.808224 0.526505 0.830110 0.542034 0.818438 0.558083 0.798099 0.543448
2 0.327657 0.328134 0.334014 0.317713 0.344540 0.310834 0.349126 0.314794 0.351277 0.312434 0.359061 0.318059 0.357713 0.319625 0.362731 0.323575 0.361782 0.325473 0.377605 0.343489 0.359114 0.361035 0.345823 0.348031 0.344269 0.345984 0.327059 0.329259 0.327657 0.328134
0 0.555258 0.628325 0.566795 0.607349 0.586373 0.619235 0.574836 0.639512 0.555258 0.628325
0 0.100426 0.460039 0.102027 0.458797 0.104763 0.457429 0.108143 0.457751 0.110960 0.459361 0.113081 0.461148 0.115064 0.463706 0.114667 0.469027 0.109867 0.473598 0.107097 0.473604 0.105475 0.473845 0.102985 0.473667 0.100255 0.472398 0.099130 0.469902 0.097923 0.467247 0.098084 0.463545 0.098889 0.462016 0.100426 0.460039
0 0.438998 0.430488 0.440403 0.429964 0.458906 0.427213 0.460279 0.434997 0.440315 0.438386 0.438998 0.430488
0 0.483686 0.331913 0.488430 0.326220 0.480602 0.318748 0.496258 0.302500 0.502425 0.308193 0.509423 0.301077 0.529230 0.318511 0.523418 0.326576 0.533151 0.334886 0.519504 0.349704 0.509897 0.342113 0.503018 0.349111 0.483686 0.331913
0 0.002014 0.224473 0.007586 0.212698 0.021315 0.219479 0.016456 0.230682 0.002014 0.224473
3 0.671992 0.046031 0.672628 0.045405 0.693634 0.045258 0.694149 0.058139 0.672765 0.058139 0.671992 0.046031
0 0.019227 0.745024 0.028940 0.755749 0.015584 0.768700 0.006680 0.761820 0.009513 0.753321 0.019227 0.745024
0 0.036584 0.602370 0.043059 0.603787 0.039821 0.634747 0.032537 0.634343 0.036584 0.602370
0 0.038282 0.647337 0.043189 0.635973 0.044222 0.637006 0.047838 0.630033 0.048871 0.629775 0.052228 0.622802 0.057910 0.625643 0.043447 0.651986 0.038282 0.647337
0 0.063463 0.599654 0.063622 0.592202 0.067269 0.590300 0.072977 0.590458 0.071867 0.602508 0.063463 0.602350 0.063463 0.599654
3 0.497424 0.509272 0.503028 0.526742 0.493469 0.531357 0.484899 0.512239 0.497424 0.509272
3 0.477317 0.506965 0.486217 0.523116 0.484239 0.532675 0.470725 0.538938 0.464462 0.527731 0.463473 0.520809 0.471055 0.517183 0.469736 0.511250 0.477317 0.506965
0 0.582055 0.402664 0.605788 0.419805 0.602821 0.424419 0.579418 0.408268 0.582055 0.402664
0 0.052824 0.218779 0.046571 0.229676 0.042561 0.225500 0.048074 0.215142 0.052824 0.218779
0 0.057053 0.213107 0.063108 0.216655 0.055654 0.229937 0.048818 0.225998 0.052824 0.218779 0.055556 0.213530 0.057053 0.213107
0 0.076458 0.206488 0.081991 0.210675 0.067785 0.234751 0.062103 0.228919 0.063150 0.223236 0.076458 0.206488
0 -0.000000 0.363543 0.002851 0.361558 0.007260 0.364204 0.008693 0.365968 0.006819 0.372031 -0.000000 0.370046 -0.000000 0.363543
0 0.921178 0.378031 0.949983 0.371945 0.946535 0.350848 0.962357 0.346994 0.971485 0.389390 0.924627 0.400547 0.921178 0.378031
