1 0.288594 0.313788 0.357336 0.295870 0.363526 0.322259 0.368413 0.330729 0.349191 0.339200 0.320196 0.346693 0.296413 0.347671 0.290548 0.328449 0.292177 0.327471 0.288594 0.313788
3 0.480621 0.452361 0.506183 0.436515 0.511807 0.444996 0.513374 0.443899 0.518389 0.452048 0.521523 0.449854 0.537351 0.475554 0.526694 0.482293 0.528575 0.484957 0.505695 0.499218 0.490964 0.476025 0.494568 0.473517 0.480621 0.452361
0 0.450645 0.466186 0.462310 0.459555 0.467467 0.468887 0.455474 0.475532 0.450645 0.466186
3 0.548452 0.494183 0.559253 0.510984 0.547652 0.516984 0.547252 0.520784 0.551452 0.522385 0.550852 0.526985 0.556253 0.529185 0.559053 0.526985 0.568253 0.529385 0.566853 0.536185 0.568853 0.538985 0.537852 0.560186 0.529251 0.558386 0.524665 0.549417 0.528083 0.547431 0.520605 0.529585 0.500250 0.525585 0.516251 0.515384 0.514451 0.512984 0.519451 0.509784 0.520651 0.511784 0.522451 0.510584 0.530651 0.514784 0.532052 0.513984 0.527651 0.506584 0.548452 0.494183
3 0.559461 0.588118 0.578810 0.572593 0.582128 0.573359 0.588765 0.568253 0.591063 0.570551 0.595658 0.566722 0.602039 0.574635 0.609953 0.569019 0.620418 0.582804 0.614037 0.587909 0.619397 0.594546 0.604081 0.606288 0.603826 0.608841 0.600252 0.611393 0.595696 0.610902 0.592890 0.606917 0.593105 0.601693 0.590297 0.598120 0.583915 0.596588 0.573194 0.604501 0.568102 0.603991 0.564341 0.599603 0.564497 0.597989 0.559286 0.592035 0.559461 0.588118
3 0.552453 0.608533 0.571853 0.623083 0.561643 0.635847 0.541987 0.621041 0.552453 0.608533
3 0.701203 0.713721 0.714454 0.693752 0.717262 0.695284 0.721346 0.688392 0.723133 0.689668 0.728494 0.680478 0.730791 0.682010 0.744477 0.660272 0.765212 0.673975 0.750446 0.696305 0.768315 0.708047 0.772144 0.701665 0.789247 0.712897 0.764997 0.752208 0.746617 0.741232 0.751212 0.733319 0.727472 0.718768 0.721386 0.727273 0.701203 0.713721
0 0.851865 0.700983 0.869562 0.710644 0.859882 0.730830 0.863200 0.732872 0.857329 0.745125 0.854776 0.744103 0.849926 0.753804 0.850947 0.757377 0.832823 0.762522 0.830526 0.754825 0.820060 0.749464 0.814444 0.760185 0.784381 0.744086 0.796929 0.720422 0.808573 0.726235 0.811126 0.720619 0.834610 0.733382 0.836397 0.729298 0.839715 0.731085 0.842013 0.726235 0.839706 0.724467 0.851865 0.700983
0 0.998864 0.821667 0.979011 0.812836 0.981048 0.798888 0.973996 0.797635 0.972899 0.804530 0.955818 0.801396 0.956601 0.793560 0.954094 0.789642 0.944848 0.788075 0.949549 0.764882 0.947982 0.764568 0.949863 0.753128 0.952127 0.753712 0.953527 0.746112 0.951527 0.745712 0.953527 0.733311 0.956127 0.733911 0.961327 0.703910 0.981128 0.707310 0.976328 0.734311 0.972728 0.733711 0.971727 0.740111 0.987699 0.761712 0.998864 0.763346 0.998864 0.821667
4 0.948388 0.912454 0.958016 0.907388 0.964744 0.919050 0.954876 0.924283 0.948388 0.912454
0 0.968628 0.958984 0.962354 0.950628 0.961765 0.950851 0.961197 0.951060 0.960765 0.951125 0.960347 0.951150 0.959818 0.951079 0.959255 0.950942 0.958719 0.950719 0.958294 0.950477 0.957798 0.950190 0.957464 0.949863 0.957078 0.949510 0.956823 0.949150 0.956536 0.948686 0.956359 0.948255 0.956241 0.947823 0.956241 0.947392 0.956241 0.947019 0.956385 0.946601 0.955810 0.944803 0.967425 0.935446 0.968010 0.931932 0.964348 0.931377 0.964848 0.926777 0.971173 0.927597 0.971321 0.925631 0.982068 0.926777 0.982419 0.923405 0.987222 0.923707 0.987315 0.920131 0.998865 0.920248 0.998865 0.939498 0.988931 0.947851 0.988503 0.950114 0.985594 0.951075 0.983600 0.949667 0.968628 0.958984
3 0.472635 0.622885 0.477896 0.615802 0.487407 0.622480 0.481336 0.630170 0.472635 0.622885
3 0.546926 0.569454 0.553383 0.576685 0.542019 0.585725 0.536337 0.578235 0.546926 0.569454
