0 0.034950 0.000004 0.058487 0.031238 0.058754 0.033913 0.048589 0.043543 0.046717 0.043142 0.033208 0.026557 0.031336 0.028162 0.035081 0.034983 0.034412 0.037524 0.022642 0.047021 0.019165 0.047154 0.010605 0.037391 0.010605 0.032308 -0.000000 0.018532 -0.000000 0.003285 0.004319 0.000476 0.008064 0.004087 0.012344 0.001546 0.010742 0.000003 0.034950 0.000004
0 0.117181 0.000005 0.118117 0.005069 0.112098 0.010152 0.113837 0.011891 0.112767 0.015502 0.092303 0.037436 0.089495 0.037436 0.082807 0.029010 0.085616 0.025934 0.081068 0.021387 0.078260 0.022858 0.069967 0.007209 0.071037 0.004802 0.077050 0.000005 0.117181 0.000005
0 0.004919 0.164284 0.019230 0.143821 0.022038 0.142617 0.051597 0.159469 0.053603 0.163214 0.037687 0.189830 0.034076 0.192371 0.023643 0.187289 0.022440 0.185149 0.025516 0.180869 0.024045 0.179532 0.020433 0.185550 0.014549 0.187690 0.003046 0.176455 0.004919 0.164284
0 0.075557 0.177946 0.078801 0.157803 0.081361 0.156267 0.120964 0.160876 0.122841 0.162583 0.119257 0.202186 0.116355 0.203551 0.104064 0.202698 0.102016 0.200137 0.102016 0.186481 0.077264 0.183750 0.075557 0.177946
0 0.129935 0.207665 0.128999 0.184928 0.131674 0.181985 0.142107 0.181718 0.146387 0.173024 0.151201 0.171152 0.183836 0.186131 0.183836 0.189341 0.178486 0.201512 0.182766 0.202582 0.182632 0.202850 0.181562 0.213951 0.178352 0.216091 0.162838 0.216626 0.160564 0.213416 0.161099 0.206194 0.156551 0.205525 0.156685 0.213416 0.153876 0.215021 0.135687 0.213015 0.135419 0.207264 0.129935 0.207665
0 0.209618 0.195503 0.210813 0.175360 0.213373 0.172458 0.241027 0.174165 0.242563 0.175531 0.242563 0.189358 0.244612 0.189528 0.245636 0.193625 0.244099 0.198917 0.241710 0.198917 0.241368 0.204891 0.239149 0.206428 0.234711 0.206598 0.234711 0.215816 0.233004 0.220766 0.205521 0.218889 0.204156 0.215133 0.205180 0.198063 0.205863 0.196868 0.209618 0.195503
0 0.200164 0.346001 0.183480 0.318752 0.183480 0.316806 0.211286 0.294283 0.214066 0.294283 0.230749 0.316249 0.229915 0.319030 0.224354 0.322923 0.227413 0.329040 0.224910 0.334323 0.207115 0.345445 0.200164 0.346001
0 0.185835 0.430793 0.170542 0.418559 0.169151 0.413554 0.184722 0.390475 0.190005 0.390475 0.219201 0.414388 0.220869 0.419949 0.200571 0.444974 0.193898 0.442749 0.185835 0.436076 0.185835 0.430793
0 0.161640 0.506849 0.137727 0.478488 0.140230 0.472092 0.167757 0.448736 0.171928 0.448458 0.177767 0.456800 0.181938 0.453463 0.186108 0.456243 0.191113 0.464585 0.184996 0.469868 0.191669 0.480712 0.190279 0.484605 0.183328 0.489332 0.175542 0.482380 0.171928 0.484049 0.179157 0.495449 0.177767 0.497673 0.161640 0.506849
0 -0.000000 0.795555 0.007092 0.790326 0.010142 0.790108 0.032581 0.818648 0.033889 0.824966 0.024752 0.831096 0.024316 0.830660 0.021048 0.832621 0.021484 0.835453 0.015384 0.841771 0.011680 0.842207 0.009284 0.840028 0.002748 0.841989 -0.000000 0.838939 -0.000000 0.795555
0 0.042716 0.801655 0.028337 0.783355 0.026812 0.780305 0.031823 0.774640 0.031823 0.772898 0.044459 0.764401 0.045984 0.764619 0.054481 0.758301 0.056877 0.758301 0.081278 0.791634 0.079317 0.795555 0.058838 0.810588 0.052738 0.808409 0.047727 0.802309 0.044023 0.802309 0.042716 0.801655
0 0.127358 0.733578 0.121476 0.724427 0.121912 0.722031 0.119080 0.713099 0.124308 0.706781 0.142391 0.697195 0.146530 0.697413 0.165484 0.727478 0.166355 0.731181 0.140866 0.748392 0.134983 0.746431 0.129101 0.739024 0.127358 0.733578
0 0.171691 0.717560 0.156328 0.689053 0.151036 0.682054 0.151890 0.679152 0.160766 0.672495 0.162985 0.673348 0.165204 0.676421 0.180909 0.668569 0.186371 0.669081 0.202417 0.695710 0.200710 0.698783 0.197296 0.700490 0.200027 0.704586 0.199686 0.706123 0.176641 0.720291 0.171691 0.717560
0 0.209677 0.677524 0.200118 0.657211 0.200972 0.655162 0.209165 0.652602 0.206434 0.645091 0.207970 0.642019 0.231015 0.638434 0.235453 0.639970 0.246036 0.672915 0.244671 0.675817 0.227601 0.682645 0.224870 0.680255 0.222480 0.676159 0.211043 0.678207 0.209677 0.677524
0 0.252037 0.645478 0.255280 0.625165 0.256646 0.624653 0.258865 0.624823 0.261596 0.612704 0.264669 0.612021 0.288055 0.617483 0.288567 0.615093 0.291298 0.615093 0.299662 0.617995 0.300857 0.619702 0.304783 0.626189 0.301369 0.639504 0.298809 0.640698 0.295053 0.639845 0.287201 0.666986 0.284641 0.669035 0.263474 0.664426 0.262108 0.660670 0.266205 0.650428 0.254085 0.648721 0.252037 0.645478
0 -0.000000 0.925706 0.011939 0.916659 0.016548 0.918366 0.023206 0.913586 0.026961 0.914099 0.046421 0.943288 0.045909 0.947214 0.019621 0.964455 0.016548 0.964455 0.008867 0.951823 0.005624 0.951311 -0.000000 0.936802 -0.000000 0.925706
0 0.055983 0.930437 0.039517 0.908385 0.040489 0.902074 0.046508 0.896323 0.048648 0.896457 0.049450 0.895788 0.041426 0.886024 0.042228 0.883617 0.046240 0.882012 0.048514 0.883617 0.064029 0.874121 0.068041 0.873318 0.088104 0.901807 0.088906 0.906087 0.086499 0.908762 0.087569 0.913175 0.087301 0.916251 0.071251 0.927620 0.069111 0.927888 0.064831 0.929760 0.061354 0.930429 0.055983 0.930437
0 0.219225 0.821675 0.210264 0.810440 0.211067 0.804422 0.239823 0.787034 0.238485 0.785028 0.238619 0.783824 0.243835 0.779411 0.245306 0.780079 0.247580 0.782219 0.249586 0.780614 0.252127 0.781149 0.267910 0.807899 0.268311 0.809905 0.247848 0.822611 0.243434 0.823548 0.235142 0.812848 0.221365 0.820338 0.219225 0.821675
0 0.262031 0.795932 0.258042 0.789048 0.258042 0.786990 0.265505 0.783966 0.266534 0.784738 0.275091 0.798312 0.273869 0.801272 0.269494 0.802816 0.264604 0.795996 0.263125 0.796318 0.262031 0.795932
0 0.334293 0.771509 0.316505 0.780604 0.313964 0.779668 0.309416 0.772980 0.310085 0.770840 0.330281 0.761210 0.332822 0.762147 0.336166 0.769369 0.334293 0.771509
0 0.388846 0.795746 0.377478 0.793338 0.376274 0.790396 0.380822 0.769130 0.386172 0.766321 0.412386 0.771537 0.414794 0.757226 0.418004 0.755086 0.434187 0.758163 0.436327 0.761506 0.434321 0.768862 0.436595 0.769531 0.432047 0.792937 0.428302 0.793205 0.427901 0.794943 0.434187 0.796682 0.435257 0.799089 0.431378 0.813936 0.428168 0.816878 0.414125 0.815808 0.411316 0.813133 0.410915 0.799758 0.388846 0.795746
0 0.428937 0.756069 0.421073 0.754406 0.420115 0.753146 0.420317 0.748508 0.420871 0.748004 0.439674 0.750222 0.442446 0.753095 0.441287 0.759447 0.428937 0.756069
0 0.430317 0.679931 0.432931 0.669038 0.435545 0.667513 0.444695 0.670563 0.447310 0.666424 0.454063 0.665552 0.456242 0.668820 0.459946 0.670563 0.461689 0.681892 0.457767 0.682546 0.457767 0.684724 0.469532 0.687339 0.471710 0.689299 0.462778 0.712175 0.459292 0.712175 0.429227 0.701064 0.429663 0.696707 0.423781 0.693875 0.425741 0.680803 0.427702 0.681674 0.430317 0.679931
0 0.546612 0.831448 0.520251 0.824258 0.517637 0.821426 0.519597 0.813365 0.516765 0.811405 0.519379 0.804651 0.514586 0.802036 0.517637 0.791797 0.520687 0.790490 0.557069 0.799640 0.558812 0.801165 0.556416 0.816198 0.552712 0.818158 0.549662 0.828833 0.546612 0.831448
0 0.540190 0.790216 0.519535 0.783729 0.517999 0.779632 0.510488 0.777925 0.508781 0.775706 0.512537 0.757953 0.514926 0.757271 0.527301 0.759080 0.528412 0.757953 0.524656 0.756076 0.523803 0.751638 0.525851 0.745322 0.530460 0.747029 0.531996 0.741566 0.533191 0.741396 0.550773 0.746175 0.553163 0.749589 0.553846 0.758807 0.546335 0.785436 0.542580 0.786802 0.540190 0.790216
0 0.567816 0.774164 0.561001 0.773261 0.559934 0.772029 0.560837 0.764639 0.563218 0.764064 0.569459 0.765214 0.570854 0.766692 0.570444 0.771454 0.569376 0.771454 0.567816 0.774164
0 0.538682 0.725567 0.523490 0.724031 0.520929 0.720446 0.521783 0.714984 0.524172 0.714984 0.529293 0.693305 0.541072 0.694329 0.543120 0.682380 0.545851 0.680844 0.556264 0.682039 0.556776 0.683234 0.570091 0.685965 0.572993 0.690574 0.563945 0.725396 0.559337 0.725226 0.547558 0.721129 0.546875 0.716520 0.541925 0.715325 0.539706 0.717374 0.538682 0.725567
0 0.632636 0.712261 0.639825 0.659538 0.641351 0.656924 0.651372 0.658667 0.652244 0.660846 0.663572 0.662153 0.665315 0.663242 0.664880 0.666292 0.667276 0.666292 0.667494 0.670649 0.671198 0.670867 0.674248 0.673482 0.672723 0.681542 0.675773 0.681760 0.678169 0.684375 0.672940 0.710300 0.671198 0.711172 0.668583 0.710518 0.667712 0.719450 0.663355 0.721847 0.633507 0.716182 0.632636 0.712261
0 0.623228 0.793117 0.608548 0.772463 0.608890 0.770244 0.609402 0.766659 0.621009 0.754368 0.625448 0.753344 0.630398 0.760172 0.634324 0.755563 0.637567 0.755563 0.639786 0.757441 0.645590 0.755393 0.649346 0.757270 0.657198 0.776047 0.656003 0.780144 0.634665 0.795678 0.631081 0.795849 0.628520 0.793288 0.626130 0.793459 0.623228 0.793117
0 0.707580 0.727814 0.723114 0.704940 0.727894 0.703062 0.730283 0.705111 0.732502 0.701697 0.734380 0.702038 0.746158 0.712621 0.746500 0.714841 0.743257 0.720815 0.748719 0.726448 0.748719 0.728667 0.745988 0.732081 0.751621 0.736349 0.744110 0.755809 0.740013 0.756321 0.726187 0.747615 0.726016 0.741982 0.718846 0.742494 0.707751 0.733447 0.707580 0.727814
0 0.609343 0.838840 0.609684 0.817673 0.612074 0.816478 0.633241 0.816137 0.632729 0.812211 0.635289 0.810675 0.653725 0.810504 0.655432 0.812382 0.655944 0.840035 0.654066 0.841059 0.640922 0.841742 0.640069 0.860348 0.635972 0.862567 0.618219 0.858471 0.613952 0.854032 0.612074 0.840889 0.609343 0.838840
0 0.590359 0.897172 0.590189 0.876688 0.592749 0.873445 0.629108 0.872762 0.632522 0.874298 0.632522 0.896660 0.643618 0.896489 0.646178 0.899050 0.647032 0.912023 0.643959 0.914072 0.599065 0.911682 0.596334 0.906902 0.596846 0.896660 0.590359 0.897172
0 0.600966 0.955040 0.591069 0.953167 0.589464 0.949824 0.591604 0.927086 0.593209 0.926284 0.612469 0.926819 0.613806 0.928290 0.614207 0.930965 0.629455 0.930698 0.633200 0.934710 0.630257 0.970287 0.628519 0.971357 0.604043 0.971223 0.602170 0.967880 0.602304 0.956912 0.600966 0.955040
0 0.583553 0.999009 0.588245 0.997763 0.588914 0.990808 0.595066 0.977969 0.597875 0.976765 0.614995 0.979841 0.615530 0.979306 0.619943 0.979975 0.622083 0.982784 0.628771 0.986796 0.629573 0.990808 0.628499 0.999009 0.583553 0.999009
0 0.772482 0.822356 0.754900 0.797092 0.754388 0.792654 0.759680 0.788728 0.757973 0.786338 0.759168 0.783607 0.763776 0.781217 0.765996 0.783778 0.773848 0.778827 0.771970 0.772853 0.773165 0.769951 0.783919 0.762440 0.786992 0.762611 0.798599 0.780705 0.798087 0.784290 0.790576 0.790264 0.795015 0.796922 0.791942 0.801872 0.785114 0.805627 0.787845 0.811602 0.786309 0.815357 0.775726 0.822527 0.772482 0.822356
0 0.806036 0.875249 0.796135 0.860057 0.796135 0.857838 0.798013 0.855619 0.793746 0.848620 0.794087 0.848279 0.794770 0.845206 0.814571 0.832233 0.815937 0.833428 0.823106 0.827965 0.826008 0.828136 0.836079 0.846572 0.835908 0.848791 0.826520 0.854424 0.830446 0.863300 0.829080 0.867226 0.825496 0.868592 0.825496 0.870811 0.820716 0.873884 0.817131 0.873201 0.815595 0.871323 0.808596 0.875591 0.806036 0.875249
0 0.842708 0.927981 0.824613 0.905619 0.824784 0.902376 0.828540 0.898791 0.827003 0.893670 0.853462 0.878307 0.857900 0.880185 0.868654 0.897426 0.867801 0.901864 0.863021 0.903912 0.866435 0.910399 0.860802 0.913813 0.864045 0.918593 0.859607 0.925591 0.849877 0.930883 0.842708 0.927981
0 0.865347 0.981341 0.851350 0.970757 0.850667 0.966148 0.851862 0.964783 0.845887 0.960174 0.845204 0.957443 0.855788 0.942421 0.860226 0.941056 0.874394 0.949249 0.877125 0.953517 0.873370 0.964100 0.878491 0.969904 0.877296 0.972635 0.873199 0.976220 0.871834 0.976220 0.868932 0.980146 0.865347 0.981341
0 0.904993 0.999005 0.911030 0.991407 0.914615 0.989700 0.925876 0.999004 0.904993 0.999005
0 0.940038 0.999004 0.931279 0.992152 0.930878 0.987738 0.926063 0.982790 0.944119 0.960855 0.947998 0.960721 0.954284 0.965670 0.956692 0.964199 0.959902 0.965937 0.966723 0.974765 0.966455 0.979312 0.961774 0.981854 0.971270 0.989343 0.971404 0.991483 0.966990 0.996298 0.967391 0.998973 0.967316 0.999004 0.940038 0.999004
0 0.951214 0.868056 0.945239 0.861569 0.943703 0.854058 0.956164 0.844499 0.963675 0.845011 0.984671 0.860374 0.986207 0.863788 0.962139 0.894685 0.957018 0.895197 0.942850 0.883589 0.941996 0.880688 0.951385 0.870616 0.951214 0.868056
0 0.998853 0.809355 0.996108 0.807729 0.994536 0.811712 0.990135 0.813284 0.989926 0.815379 0.980599 0.812760 0.979132 0.806577 0.970853 0.802385 0.968862 0.799346 0.980494 0.774719 0.982799 0.773881 0.998853 0.779847 0.998853 0.809355
0 0.998853 0.767679 0.997600 0.766741 0.993503 0.767936 0.976774 0.754963 0.976774 0.747964 0.993674 0.724066 0.996063 0.723212 0.998853 0.725016 0.998853 0.767679
0 0.897306 0.826953 0.887938 0.815189 0.887938 0.810178 0.901663 0.800592 0.903624 0.801463 0.919092 0.792313 0.923450 0.793620 0.940225 0.815407 0.939571 0.821289 0.933471 0.826518 0.917349 0.837193 0.911467 0.827171 0.902753 0.830875 0.897306 0.826953
0 0.860930 0.768499 0.851997 0.753466 0.851997 0.744316 0.881844 0.729284 0.886855 0.731680 0.900363 0.755427 0.897313 0.759131 0.898838 0.768281 0.894480 0.772202 0.879012 0.778956 0.872476 0.764141 0.865069 0.767192 0.860930 0.768499
0 0.837854 0.716459 0.827397 0.722124 0.810840 0.701209 0.811275 0.695327 0.822168 0.687484 0.827615 0.690098 0.843737 0.678987 0.848312 0.679641 0.867919 0.707745 0.866830 0.712320 0.847005 0.721470 0.840904 0.720599 0.837854 0.716459
0 0.466758 0.647189 0.452597 0.618431 0.453686 0.615163 0.451290 0.608845 0.454993 0.605142 0.480265 0.595338 0.484187 0.596863 0.492901 0.620828 0.490722 0.623878 0.481790 0.627364 0.484840 0.637603 0.469154 0.647189 0.466758 0.647189
0 0.533086 0.600994 0.518271 0.607966 0.515875 0.607312 0.506289 0.584873 0.503674 0.584437 0.499535 0.575940 0.500842 0.570276 0.529382 0.558729 0.532650 0.559383 0.542454 0.582258 0.540929 0.585091 0.534393 0.587705 0.537225 0.598816 0.533086 0.600994
0 0.608845 0.578697 0.601437 0.558871 0.603834 0.554732 0.621045 0.550375 0.623223 0.556257 0.637167 0.550811 0.639345 0.552771 0.642613 0.553425 0.644138 0.554732 0.650892 0.585015 0.648931 0.588501 0.629106 0.592858 0.626491 0.589808 0.624313 0.583708 0.611677 0.582400 0.608845 0.578697
0 0.497238 0.550895 0.486116 0.516695 0.489453 0.509466 0.516702 0.497787 0.521707 0.498622 0.525321 0.511412 0.531161 0.512246 0.536166 0.524480 0.519204 0.537549 0.521151 0.545890 0.500853 0.551730 0.497238 0.550895
0 0.592804 0.493758 0.585575 0.470679 0.585575 0.467343 0.611434 0.460669 0.612824 0.462060 0.619219 0.460113 0.622278 0.460947 0.631176 0.489865 0.628395 0.493758 0.598365 0.503211 0.592804 0.493758
0 0.516709 0.489368 0.479454 0.498300 0.476840 0.497647 0.464204 0.464532 0.466601 0.460392 0.488822 0.452331 0.492308 0.454292 0.499062 0.471721 0.509301 0.467364 0.512787 0.467582 0.518887 0.482178 0.516709 0.489368
0 0.607515 0.440121 0.570812 0.457082 0.568031 0.455136 0.556631 0.432335 0.559968 0.425662 0.557187 0.414262 0.562192 0.413150 0.559412 0.401193 0.563027 0.397857 0.576095 0.392296 0.579154 0.394242 0.586661 0.391183 0.591110 0.392296 0.594447 0.400915 0.592500 0.402306 0.608071 0.433447 0.607515 0.440121
0 0.474072 0.439639 0.455442 0.454654 0.452940 0.454654 0.435979 0.435468 0.425691 0.441029 0.422354 0.439917 0.414847 0.427404 0.415125 0.426014 0.428471 0.416838 0.430974 0.417116 0.434032 0.419619 0.458501 0.399043 0.464618 0.399043 0.480467 0.421565 0.480467 0.423512 0.470179 0.431297 0.474072 0.439639
0 0.282688 0.519309 0.253771 0.508187 0.251268 0.499289 0.269064 0.470649 0.274625 0.470649 0.301040 0.489557 0.302708 0.494006 0.290752 0.514582 0.282688 0.519309
0 0.277273 0.432490 0.279322 0.395789 0.281029 0.393911 0.294856 0.394253 0.294856 0.395277 0.318924 0.397667 0.320631 0.399715 0.318754 0.413201 0.318071 0.413713 0.313974 0.414566 0.312267 0.435562 0.310048 0.438123 0.291442 0.437952 0.291442 0.440342 0.282565 0.441878 0.281199 0.439830 0.281712 0.433685 0.277273 0.432490
0 0.327877 0.498032 0.314588 0.481257 0.313934 0.479296 0.325045 0.469057 0.326788 0.468839 0.333759 0.474721 0.334631 0.474721 0.330491 0.469275 0.331145 0.464700 0.349010 0.451628 0.351188 0.453371 0.364260 0.469493 0.362953 0.470364 0.368617 0.475811 0.368835 0.481475 0.353585 0.507836 0.349663 0.509579 0.335067 0.501954 0.327877 0.498032
0 0.423378 0.398748 0.410306 0.402016 0.408781 0.399837 0.405513 0.378705 0.399849 0.377180 0.398324 0.366287 0.400285 0.364108 0.424031 0.359315 0.425556 0.361058 0.427735 0.368030 0.445382 0.364108 0.447125 0.364544 0.452353 0.386766 0.451046 0.388944 0.442114 0.390469 0.445382 0.402452 0.443639 0.404195 0.429260 0.407027 0.425992 0.405284 0.424685 0.398530 0.423378 0.398748
0 0.284515 0.352865 0.285369 0.337672 0.287417 0.335453 0.304999 0.337160 0.306535 0.339379 0.305341 0.341086 0.317631 0.340403 0.323947 0.346207 0.328556 0.374885 0.326678 0.378128 0.310291 0.381371 0.308242 0.380006 0.307901 0.375909 0.298171 0.377104 0.296976 0.375226 0.292367 0.356961 0.285881 0.356108 0.284515 0.352865
0 0.305681 0.332974 0.294571 0.330795 0.293263 0.328399 0.294571 0.318595 0.291521 0.316634 0.296096 0.282430 0.297403 0.281123 0.334221 0.283737 0.339232 0.287223 0.337925 0.295937 0.337271 0.297245 0.332914 0.295937 0.328339 0.333627 0.325071 0.335588 0.307424 0.335152 0.305681 0.332974
0 0.297622 0.254954 0.299158 0.231739 0.301890 0.229178 0.342346 0.231568 0.344565 0.233275 0.344735 0.249150 0.342346 0.254100 0.338078 0.255466 0.336883 0.275438 0.334323 0.276974 0.317765 0.273560 0.315033 0.269805 0.317423 0.258539 0.315204 0.253418 0.314692 0.251540 0.310595 0.250686 0.310595 0.257344 0.305816 0.259051 0.297622 0.254954
0 0.424309 0.344759 0.398363 0.346807 0.395120 0.344076 0.393413 0.336053 0.396997 0.320007 0.398363 0.319666 0.397851 0.314203 0.388974 0.315740 0.386926 0.313350 0.387267 0.304815 0.388974 0.304132 0.399216 0.303278 0.399899 0.304132 0.400070 0.309424 0.420725 0.308570 0.423114 0.309936 0.423456 0.324616 0.426870 0.324616 0.427894 0.326152 0.428577 0.341345 0.424309 0.344759
0 0.420859 0.292125 0.399522 0.284615 0.398668 0.282908 0.399180 0.279664 0.393377 0.275909 0.393718 0.273007 0.401229 0.260546 0.403277 0.260717 0.402424 0.259863 0.402424 0.257303 0.409252 0.245183 0.411300 0.245354 0.427175 0.250816 0.429394 0.253889 0.423591 0.268227 0.427517 0.270617 0.428541 0.267374 0.430248 0.267545 0.432126 0.269764 0.431955 0.274202 0.423249 0.292296 0.420859 0.292125
0 0.423501 0.228649 0.390604 0.219717 0.388207 0.215795 0.390821 0.202288 0.393436 0.200981 0.406072 0.202942 0.410429 0.190088 0.417401 0.187473 0.433087 0.191831 0.434829 0.194009 0.431561 0.211438 0.438315 0.212745 0.439622 0.215142 0.435265 0.227560 0.423501 0.228649
0 0.331599 0.212654 0.307198 0.208951 0.304148 0.205029 0.305891 0.189561 0.310684 0.187382 0.315259 0.188690 0.315477 0.167121 0.322667 0.163418 0.349899 0.166032 0.353167 0.169954 0.352514 0.178450 0.355128 0.180193 0.353167 0.188907 0.350989 0.189997 0.350989 0.200018 0.348592 0.200018 0.339224 0.190650 0.333778 0.191958 0.333778 0.206772 0.331599 0.212654
0 0.354042 0.155368 0.335412 0.130065 0.336246 0.126450 0.348759 0.115884 0.357378 0.111991 0.360437 0.115884 0.369335 0.110045 0.373505 0.110045 0.384350 0.128118 0.384906 0.132567 0.377954 0.142855 0.380179 0.147582 0.365442 0.157314 0.359047 0.151197 0.354042 0.155368
0 0.310661 0.066508 0.289665 0.062411 0.288812 0.061728 0.290860 0.044146 0.292567 0.042951 0.294615 0.043634 0.297859 0.022126 0.300078 0.020589 0.324659 0.022809 0.327219 0.025710 0.326707 0.057631 0.326024 0.058143 0.323293 0.060704 0.314075 0.061045 0.310661 0.066508
0 0.423901 0.000009 0.424771 0.003558 0.414749 0.027740 0.411481 0.029047 0.376623 0.017283 0.373355 0.013143 0.380104 0.000009 0.423901 0.000009
0 0.501158 0.000009 0.501158 0.016156 0.498544 0.016592 0.490483 0.016156 0.490047 0.029664 0.487433 0.030099 0.458893 0.027485 0.455407 0.022910 0.457368 0.010274 0.460200 0.010274 0.461071 0.000009 0.501158 0.000009
0 0.562785 0.000009 0.562567 0.021783 0.562567 0.023962 0.561478 0.024398 0.556685 0.023090 0.555596 0.035726 0.553417 0.037687 0.525313 0.034637 0.523788 0.030498 0.524224 0.016119 0.525749 0.015683 0.529234 0.016337 0.530759 0.000009 0.562785 0.000009
0 0.630067 0.000009 0.630200 0.001605 0.634213 0.002808 0.635149 0.012973 0.631538 0.015782 0.632741 0.034640 0.630200 0.036513 0.585127 0.034640 0.582452 0.031965 0.582987 0.028220 0.587267 0.027953 0.587668 0.022068 0.582720 0.021266 0.582185 0.018992 0.583789 0.000009 0.630067 0.000009
0 0.693636 0.000008 0.699777 0.012260 0.692437 0.018405 0.694486 0.020283 0.692779 0.022502 0.669393 0.033256 0.674172 0.042133 0.668027 0.047424 0.664955 0.046912 0.655566 0.032744 0.649762 0.032915 0.646860 0.024209 0.648397 0.020795 0.656420 0.016528 0.653176 0.009358 0.655908 0.008163 0.650962 0.000008 0.693636 0.000008
0 0.738664 0.000008 0.732013 0.007852 0.727916 0.007340 0.720584 0.000008 0.738664 0.000008
0 0.998853 0.043227 0.987830 0.038211 0.985611 0.034968 0.995682 0.021994 0.998755 0.022677 0.998853 0.022559 0.998853 0.043227
0 0.993417 0.000003 0.997289 0.001791 0.998493 0.006338 0.994748 0.010886 0.995416 0.014898 0.989264 0.024394 0.986188 0.025598 0.982443 0.022254 0.981373 0.025063 0.974017 0.023725 0.961177 0.010886 0.957164 0.016904 0.947668 0.011287 0.946732 0.009281 0.951278 0.000004 0.993417 0.000003
0 0.942691 0.000004 0.940419 0.005139 0.936942 0.006476 0.932528 0.005005 0.930923 0.006610 0.925306 0.005139 0.923968 0.008348 0.921695 0.009017 0.917816 0.006342 0.914740 0.011960 0.911664 0.012093 0.907517 0.008616 0.907919 0.007412 0.901098 0.003667 0.899895 0.000005 0.942691 0.000004
0 0.838373 0.065215 0.825399 0.055827 0.822156 0.056339 0.808841 0.047975 0.806452 0.044561 0.817547 0.026466 0.821132 0.025613 0.831374 0.031929 0.837860 0.021687 0.841104 0.022711 0.842811 0.021516 0.847590 0.021345 0.859710 0.027832 0.860393 0.031246 0.858174 0.035172 0.859539 0.036879 0.841104 0.062996 0.838373 0.065215
0 0.998853 0.137879 0.998140 0.137944 0.989435 0.136237 0.988581 0.131457 0.979022 0.132311 0.975949 0.131116 0.974072 0.114558 0.967585 0.114558 0.965024 0.108072 0.965707 0.104145 0.977315 0.102268 0.977656 0.086563 0.982948 0.083491 0.998853 0.080466 0.998853 0.137879
0 0.928215 0.169983 0.911004 0.177173 0.907301 0.176519 0.899022 0.162358 0.899893 0.159744 0.934098 0.142315 0.940851 0.144276 0.952616 0.166498 0.951744 0.167587 0.956320 0.182184 0.953269 0.186541 0.941069 0.190462 0.931483 0.170419 0.928215 0.169983
0 0.868133 0.092664 0.851794 0.087653 0.849615 0.083732 0.856587 0.067610 0.849397 0.064124 0.850051 0.058460 0.857240 0.048002 0.860508 0.042992 0.864212 0.041902 0.876412 0.049745 0.876194 0.053667 0.894712 0.065431 0.896237 0.070006 0.884255 0.093318 0.879680 0.093971 0.870965 0.087871 0.868133 0.092664
0 0.923452 0.105902 0.918877 0.109606 0.912776 0.109388 0.895565 0.096316 0.895565 0.090216 0.900140 0.083462 0.901448 0.083462 0.907983 0.072787 0.906458 0.070609 0.912341 0.060369 0.914519 0.058626 0.963974 0.081284 0.966152 0.086948 0.949377 0.104159 0.944366 0.103288 0.943713 0.099802 0.941316 0.099584 0.941316 0.104159 0.940663 0.106120 0.928463 0.110477 0.926066 0.108516 0.923452 0.105902
0 0.804187 0.091541 0.774157 0.106278 0.769430 0.106000 0.758586 0.087092 0.759698 0.085424 0.757474 0.080697 0.757752 0.077639 0.772211 0.070409 0.770542 0.067907 0.771099 0.065960 0.790840 0.059287 0.794177 0.060677 0.805577 0.087648 0.804187 0.091541
0 0.704677 0.114293 0.698141 0.095121 0.699666 0.091417 0.728642 0.083357 0.732999 0.086842 0.744981 0.121264 0.742803 0.126275 0.735178 0.127147 0.733653 0.126057 0.733870 0.133465 0.726899 0.136297 0.717095 0.133683 0.715134 0.125186 0.710777 0.126275 0.704023 0.117779 0.704677 0.114293
0 0.681525 0.127528 0.656471 0.126656 0.653639 0.122735 0.651242 0.092452 0.655382 0.089402 0.673246 0.089402 0.675207 0.091363 0.675861 0.097245 0.689586 0.097245 0.691764 0.100949 0.692636 0.125785 0.690675 0.125567 0.690675 0.130578 0.688496 0.133410 0.680653 0.132757 0.681525 0.127528
0 0.603767 0.132364 0.601377 0.096858 0.602572 0.089006 0.607181 0.087128 0.633127 0.087470 0.635005 0.089859 0.635346 0.094810 0.642345 0.094810 0.643369 0.095663 0.643540 0.121951 0.642516 0.129462 0.639955 0.132193 0.624592 0.132364 0.623739 0.133559 0.607181 0.133900 0.603767 0.132364
0 0.505527 0.111361 0.505126 0.095044 0.506999 0.092235 0.522781 0.090497 0.524520 0.091433 0.524787 0.093439 0.545250 0.092369 0.547390 0.095044 0.548193 0.117915 0.546187 0.119386 0.543378 0.119654 0.543110 0.129551 0.540971 0.130889 0.527863 0.130487 0.527997 0.132895 0.526392 0.135837 0.511145 0.137710 0.508336 0.133162 0.506999 0.128481 0.505929 0.121125 0.504591 0.120189 0.505527 0.111361
0 0.593434 0.090676 0.595312 0.127888 0.592410 0.130449 0.586606 0.131132 0.587118 0.138472 0.584046 0.140691 0.576193 0.140179 0.572267 0.132156 0.556392 0.134546 0.554856 0.138642 0.551100 0.139496 0.549394 0.136082 0.548369 0.121231 0.552466 0.117134 0.553149 0.092383 0.556222 0.087262 0.568171 0.088286 0.569024 0.085725 0.576023 0.085384 0.576876 0.088627 0.593434 0.090676
0 0.406592 0.108928 0.406859 0.095687 0.409133 0.093414 0.436685 0.092879 0.438558 0.094885 0.439628 0.100502 0.444710 0.100502 0.447118 0.102509 0.447652 0.125781 0.445245 0.128322 0.436418 0.130061 0.435080 0.135946 0.429864 0.139022 0.417960 0.137684 0.414215 0.133003 0.410604 0.131398 0.408464 0.128589 0.408063 0.110533 0.406592 0.108928
0 0.506847 0.177157 0.506412 0.152757 0.509462 0.149925 0.543884 0.150360 0.547152 0.154718 0.558916 0.158421 0.562620 0.164521 0.561748 0.175197 0.558698 0.176939 0.552162 0.177375 0.551509 0.192625 0.549112 0.193497 0.544102 0.193497 0.545988 0.200016 0.539969 0.200284 0.537696 0.199080 0.536492 0.190654 0.521913 0.192660 0.517901 0.189851 0.517767 0.182361 0.509609 0.179686 0.506847 0.177157
0 0.570621 0.195836 0.569596 0.165622 0.571474 0.162891 0.605785 0.162720 0.607833 0.164598 0.607833 0.189008 0.605102 0.191398 0.589910 0.189691 0.589910 0.196007 0.586837 0.199250 0.571303 0.198226 0.570621 0.195836
0 0.632377 0.183435 0.631523 0.167560 0.635620 0.161585 0.670443 0.160219 0.674028 0.163121 0.676588 0.177460 0.677471 0.198839 0.675247 0.200507 0.655783 0.199673 0.654949 0.198839 0.652169 0.184658 0.634929 0.185492 0.632377 0.183435
0 0.820994 0.173892 0.812062 0.163653 0.812062 0.158860 0.817944 0.153849 0.814241 0.147967 0.807923 0.156245 0.805090 0.154503 0.794633 0.142302 0.796158 0.137291 0.816419 0.118773 0.819687 0.118991 0.835155 0.114852 0.837770 0.117030 0.843652 0.124656 0.843434 0.128141 0.836898 0.129013 0.849752 0.153413 0.849970 0.154067 0.849098 0.162563 0.824044 0.176507 0.820994 0.173892
0 0.664587 0.228045 0.660416 0.215254 0.665421 0.209137 0.689056 0.201352 0.693783 0.201352 0.696285 0.210249 0.709076 0.209137 0.713802 0.213308 0.716027 0.235830 0.711856 0.240279 0.702958 0.235830 0.699900 0.231937 0.691002 0.233606 0.687665 0.231659 0.684329 0.223874 0.664587 0.228045
0 0.523502 0.289368 0.509675 0.290563 0.505920 0.287491 0.506261 0.265812 0.507286 0.264617 0.512577 0.264787 0.512577 0.248742 0.514626 0.246864 0.539377 0.245498 0.542108 0.246864 0.541426 0.282711 0.538694 0.285783 0.525380 0.285954 0.523502 0.289368
0 0.503323 0.325331 0.503456 0.300855 0.504794 0.298180 0.522448 0.298314 0.522716 0.299785 0.544918 0.302727 0.546523 0.304733 0.547329 0.323044 0.556718 0.322874 0.559790 0.325605 0.558766 0.338066 0.555011 0.339773 0.543403 0.340456 0.542379 0.338578 0.525479 0.336359 0.522236 0.334481 0.521041 0.328848 0.520017 0.324581 0.507556 0.326458 0.503323 0.325331
0 0.620049 0.305888 0.586250 0.309473 0.581470 0.306571 0.577032 0.274308 0.579251 0.270894 0.601442 0.267651 0.602808 0.269187 0.603832 0.273113 0.619024 0.271236 0.622438 0.273796 0.622097 0.302303 0.620049 0.305888
0 0.643699 0.300161 0.630384 0.280360 0.630384 0.276775 0.642504 0.270288 0.642674 0.270118 0.639943 0.268923 0.638065 0.268581 0.636700 0.266704 0.636700 0.264826 0.641138 0.262436 0.638919 0.259363 0.640114 0.257998 0.655818 0.249634 0.659403 0.250999 0.674083 0.280701 0.673912 0.282920 0.660086 0.290772 0.660256 0.293503 0.648820 0.300161 0.643699 0.300161
0 0.517123 0.378549 0.511149 0.364551 0.512344 0.358577 0.537607 0.347652 0.540851 0.348847 0.549556 0.365575 0.550581 0.374281 0.545118 0.377183 0.549044 0.384864 0.546996 0.388449 0.537437 0.388961 0.532486 0.376671 0.521391 0.379914 0.517123 0.378549
0 0.998853 0.322649 0.986329 0.311872 0.985457 0.307297 0.997657 0.292700 0.987418 0.285511 0.986764 0.280718 0.995710 0.272627 0.998853 0.272871 0.998853 0.322649
0 0.983960 0.374967 0.976790 0.394085 0.974571 0.394939 0.966890 0.390159 0.966378 0.388452 0.974913 0.370358 0.977473 0.369846 0.983960 0.374967
0 0.725958 0.451775 0.718789 0.448702 0.718106 0.444947 0.724251 0.432656 0.727153 0.432485 0.732957 0.435899 0.733981 0.437777 0.727494 0.449555 0.725958 0.451775
0 0.814294 0.466217 0.809344 0.463656 0.807637 0.466558 0.802516 0.465363 0.799785 0.459047 0.816513 0.419445 0.819757 0.419103 0.846727 0.428151 0.875575 0.423200 0.877795 0.424907 0.879344 0.426812 0.890044 0.422665 0.892986 0.424137 0.895126 0.434435 0.893788 0.436040 0.890044 0.437512 0.891381 0.442861 0.896062 0.441658 0.896731 0.444333 0.901412 0.444199 0.900877 0.441123 0.903686 0.439116 0.903953 0.428952 0.909437 0.424270 0.910106 0.417851 0.913048 0.415042 0.918532 0.414106 0.920003 0.415443 0.921073 0.420927 0.924016 0.425207 0.924684 0.432563 0.922812 0.434302 0.913449 0.435238 0.913048 0.453294 0.908634 0.455300 0.900342 0.455166 0.899807 0.453829 0.896865 0.455567 0.894992 0.459847 0.888305 0.458911 0.884159 0.453829 0.883222 0.447409 0.881082 0.443931 0.883222 0.439518 0.883222 0.439250 0.879611 0.438849 0.878407 0.442728 0.881082 0.455701 0.877872 0.460115 0.880447 0.467386 0.883790 0.467119 0.886064 0.470195 0.914820 0.463641 0.924851 0.464310 0.926456 0.468055 0.927526 0.477551 0.924450 0.479825 0.922176 0.479290 0.921373 0.481697 0.917495 0.483703 0.889274 0.486780 0.869017 0.484233 0.867621 0.481934 0.868970 0.476072 0.864173 0.471670 0.861381 0.477500 0.856865 0.478485 0.849229 0.474298 0.848900 0.471095 0.850214 0.469043 0.840853 0.462638 0.839704 0.465922 0.841966 0.474613 0.838271 0.476009 0.834001 0.474695 0.832030 0.470425 0.828089 0.466073 0.824424 0.467835 0.819497 0.466193 0.819415 0.464304 0.817691 0.462662 0.814488 0.463647 0.814294 0.466217
