0 0.833191 0.438557 0.845100 0.439216 0.844161 0.449886 0.868730 0.451326 0.866373 0.481488 0.850543 0.480731 0.849260 0.494339 0.834609 0.493244 0.837279 0.460465 0.831510 0.459988 0.833191 0.438557
0 0.924107 0.363792 0.932468 0.364197 0.931929 0.376738 0.922759 0.376468 0.923703 0.363658 0.924107 0.363792
0 0.936379 0.341272 0.936109 0.344104 0.926130 0.343160 0.926400 0.338441 0.927344 0.338306 0.927613 0.331428 0.941233 0.332372 0.940424 0.341138 0.936109 0.341138 0.936379 0.341272
0 0.930398 0.302089 0.934356 0.312684 0.925051 0.315786 0.921275 0.305133 0.930398 0.302089
0 0.990143 0.278945 0.998442 0.286681 0.992683 0.292362 0.984117 0.284846 0.990143 0.278945
0 0.972083 0.262441 0.978768 0.268248 0.972837 0.274445 0.966372 0.268372 0.972083 0.262441
0 0.946164 0.233447 0.952753 0.239817 0.947482 0.245308 0.940577 0.238891 0.946164 0.233447
0 0.974660 0.238954 0.985115 0.247903 0.980984 0.253238 0.969797 0.243945 0.974660 0.238954
0 0.868415 0.070078 0.870597 0.083791 0.859530 0.085799 0.857168 0.071782 0.868415 0.070078
0 0.854802 0.054279 0.865735 0.052572 0.868290 0.069014 0.857607 0.070599 0.854802 0.054279
0 0.852747 0.037071 0.862863 0.035790 0.864856 0.051793 0.855191 0.053331 0.852747 0.037071
0 0.798806 0.129546 0.806561 0.127942 0.808466 0.136268 0.800863 0.137836 0.798806 0.129546
0 0.957681 0.553301 0.968431 0.550457 0.970970 0.557668 0.960160 0.560470 0.957681 0.553301
0 0.982434 0.547396 0.994351 0.543603 0.997345 0.551543 0.985553 0.555561 0.982434 0.547396
0 0.798828 0.518381 0.806030 0.518694 0.805447 0.525704 0.798198 0.525496 0.798828 0.518381
0 0.907788 0.513010 0.917390 0.518815 0.910799 0.529289 0.901277 0.523507 0.907788 0.513010
