0 0.354809 0.504416 0.368010 0.527297 0.327088 0.546658 0.332483 0.562070 0.320707 0.568168 0.317411 0.591571 0.306204 0.588934 0.303897 0.570476 0.292680 0.572278 0.267480 0.535145 0.286247 0.524548 0.297779 0.543677 0.316298 0.537344 0.307464 0.520937 0.315104 0.516088 0.320505 0.518833 0.354809 0.504416
0 0.291938 0.355441 0.276813 0.373961 0.281635 0.387117 0.288228 0.388435 0.294517 0.404954 0.314042 0.414372 0.303632 0.441389 0.270688 0.431442 0.264369 0.414592 0.260607 0.414174 0.257723 0.401404 0.258543 0.400175 0.258956 0.393970 0.266183 0.391844 0.263972 0.384770 0.250450 0.378855 0.245072 0.373476 0.243837 0.364416 0.263557 0.342982 0.265225 0.341375 0.271250 0.333691 0.291938 0.355441
0 0.270793 0.332921 0.264805 0.340564 0.258735 0.346195 0.255771 0.343431 0.244335 0.333154 0.256812 0.321250 0.270793 0.332921
0 0.954232 0.861023 0.960575 0.891576 0.939702 0.895766 0.934163 0.862917 0.954232 0.861023
0 0.746099 0.893014 0.762934 0.893342 0.762934 0.912597 0.776902 0.912597 0.779432 0.879815 0.804851 0.879045 0.804078 0.958914 0.774534 0.959372 0.775523 0.942232 0.762338 0.943880 0.759701 0.953439 0.743680 0.953310 0.746099 0.893014
0 0.757515 0.828835 0.771528 0.828668 0.782112 0.828776 0.792743 0.828882 0.792708 0.844662 0.757031 0.844090 0.757515 0.828835
0 0.656604 0.895461 0.652000 0.895588 0.651762 0.883950 0.671950 0.883950 0.672663 0.886800 0.688100 0.887038 0.688338 0.883475 0.696413 0.883238 0.696888 0.880625 0.702113 0.880625 0.701638 0.894876 0.693401 0.895483 0.693798 0.937634 0.655664 0.938423 0.656604 0.895461
0 0.966488 0.568216 0.952896 0.615614 0.907795 0.603816 0.912049 0.581463 0.931777 0.586324 0.939928 0.562700 0.966488 0.568216
0 0.843654 0.644545 0.908619 0.630528 0.913095 0.656227 0.850641 0.673186 0.843654 0.644545
0 0.921854 0.758661 0.914285 0.795192 0.883854 0.788656 0.891109 0.752080 0.921854 0.758661
0 0.842463 0.699250 0.846558 0.723780 0.808677 0.729365 0.804679 0.706174 0.842463 0.699250
0 0.244421 0.822839 0.261432 0.822475 0.261423 0.828278 0.266169 0.828334 0.301997 0.828538 0.302679 0.848736 0.292478 0.849810 0.292478 0.856253 0.302557 0.856253 0.301605 0.870750 0.293015 0.871824 0.293442 0.888388 0.262331 0.886987 0.263088 0.853596 0.244018 0.853742 0.244421 0.822839
0 0.323631 0.879575 0.349667 0.880203 0.350633 0.872118 0.370760 0.871668 0.370355 0.900734 0.323272 0.900081 0.323631 0.879575
0 0.384460 0.999008 0.369562 0.957358 0.386287 0.949102 0.399597 0.986425 0.410829 0.981371 0.420601 0.993802 0.412582 0.999008 0.384460 0.999008
0 0.342143 0.704881 0.386716 0.690834 0.407787 0.747293 0.389958 0.754046 0.382664 0.733786 0.376991 0.735137 0.381583 0.745942 0.361323 0.752966 0.342143 0.704881
0 0.431761 0.700813 0.446078 0.697571 0.444727 0.693519 0.472011 0.685415 0.474172 0.690818 0.497674 0.683254 0.509830 0.715941 0.494703 0.720533 0.496864 0.725936 0.444997 0.742144 0.431761 0.700813
0 0.488945 0.756195 0.499211 0.752413 0.504606 0.748700 0.510964 0.747344 0.514068 0.747010 0.521635 0.743970 0.529738 0.764301 0.513608 0.770577 0.519955 0.785972 0.509271 0.789895 0.501912 0.774162 0.496376 0.774366 0.488945 0.756195
0 0.603143 0.664047 0.607588 0.694950 0.571818 0.699818 0.573511 0.713576 0.547900 0.716751 0.543244 0.667222 0.569278 0.663836 0.569913 0.669127 0.603143 0.664047
0 0.627529 0.695982 0.649712 0.689886 0.651856 0.692002 0.666337 0.688555 0.664841 0.677405 0.686678 0.672116 0.702661 0.735292 0.661089 0.744911 0.653159 0.716184 0.636149 0.721204 0.627529 0.695982
0 0.103702 0.448640 0.113967 0.445911 0.116696 0.455526 0.106820 0.458905 0.103702 0.448640
0 0.107340 0.462283 0.117865 0.459814 0.121244 0.469430 0.110458 0.472289 0.107340 0.462283
0 0.112667 0.475667 0.122153 0.472419 0.125272 0.480995 0.115526 0.484763 0.112667 0.475667
0 0.116566 0.487882 0.126701 0.485153 0.129560 0.493079 0.119554 0.496588 0.116566 0.487882
0 0.145771 0.434967 0.153107 0.433420 0.169202 0.480639 0.161443 0.482618 0.145771 0.434967
0 0.119600 0.444464 0.129124 0.441501 0.132722 0.452507 0.123198 0.455103 0.119600 0.444464
0 0.132032 0.481935 0.141777 0.478769 0.144217 0.488508 0.135474 0.491122 0.132032 0.481935
0 0.150552 0.320763 0.208958 0.304477 0.215697 0.323009 0.156168 0.340980 0.150552 0.320763
0 0.081776 0.158655 0.145214 0.214508 0.125562 0.237263 0.064193 0.176928 0.081776 0.158655
0 0.394063 0.163791 0.424864 0.193713 0.400223 0.220994 0.390102 0.213954 0.369421 0.233755 0.349180 0.211314 0.394063 0.163791
0 0.360531 0.046471 0.362006 0.047577 0.371800 0.044639 0.380192 0.065298 0.373246 0.067944 0.380321 0.081419 0.391807 0.090254 0.381611 0.113525 0.346623 0.100798 0.334213 0.098839 0.325120 0.075457 0.345219 0.066891 0.335668 0.039228 0.355732 0.033213 0.360531 0.046471
0 0.083213 0.834816 0.101528 0.831199 0.107837 0.861569 0.089207 0.863382 0.083213 0.834816
0 0.138930 0.722565 0.190413 0.715085 0.192613 0.730486 0.158731 0.735326 0.160051 0.746327 0.145530 0.749407 0.138930 0.722565
0 0.170611 0.782409 0.212854 0.779769 0.214174 0.793849 0.172812 0.795170 0.170611 0.782409
0 0.283698 0.708045 0.293378 0.705404 0.300859 0.720365 0.291618 0.724766 0.283698 0.708045
0 0.296019 0.730486 0.303499 0.727846 0.314500 0.756887 0.306139 0.759528 0.296019 0.730486
0 -0.000000 0.548121 0.016334 0.597942 -0.000000 0.604543 -0.000000 0.548121
0 -0.000000 0.607579 0.006203 0.607734 0.007155 0.608368 0.007155 0.609954 0.021900 0.610905 0.023327 0.614393 0.023327 0.620101 0.015399 0.620418 0.015241 0.618516 0.007948 0.618833 0.006362 0.617723 0.001605 0.617723 -0.000000 0.620702 -0.000000 0.607579
0 0.035354 0.702164 0.026788 0.694279 0.026886 0.692138 0.030292 0.688050 0.040708 0.696615 0.035646 0.702066 0.035354 0.702164
0 0.048634 0.685381 0.048475 0.681735 0.058305 0.681100 0.058622 0.686650 0.049426 0.687126 0.048634 0.685381
0 0.147011 0.582673 0.137714 0.586289 0.137714 0.589904 0.115761 0.594553 0.110337 0.571568 0.120410 0.567952 0.142879 0.562012 0.147011 0.581640 0.147011 0.582673
0 0.065427 0.999004 0.063524 0.989416 0.063683 0.987989 0.083026 0.982916 0.088120 0.999004 0.065427 0.999004
0 0.065493 0.876811 0.063749 0.861590 0.070408 0.860797 0.072787 0.876018 0.065493 0.876811
0 0.346309 0.979686 0.295947 0.975554 0.293107 0.974520 0.294398 0.947403 0.307053 0.947403 0.307828 0.929841 0.319966 0.928291 0.325648 0.927516 0.327456 0.928033 0.327972 0.925708 0.348633 0.926483 0.347859 0.950760 0.334429 0.949985 0.334429 0.952826 0.347859 0.954892 0.347084 0.978394 0.346309 0.979686
0 0.452815 0.857169 0.434400 0.861014 0.434452 0.865674 0.412240 0.870380 0.410320 0.866478 0.406070 0.845837 0.427116 0.841992 0.425497 0.835719 0.448363 0.831065 0.452208 0.855753 0.452815 0.857169
0 0.568546 0.912897 0.533339 0.922041 0.524435 0.887438 0.529494 0.885616 0.527673 0.881569 0.517555 0.883390 0.512219 0.864502 0.550576 0.854795 0.568546 0.912897
0 0.602140 0.857286 0.597891 0.861333 0.560854 0.870714 0.551401 0.840226 0.593641 0.829563 0.602140 0.857286
0 0.869096 0.985453 0.850682 0.975740 0.849063 0.964408 0.843397 0.956111 0.847242 0.946802 0.848456 0.941136 0.832065 0.932030 0.832470 0.926162 0.840969 0.909771 0.873548 0.923329 0.875976 0.931221 0.881440 0.932840 0.876988 0.941946 0.873750 0.943969 0.879016 0.949956 0.877272 0.955981 0.873943 0.962482 0.883297 0.969300 0.875053 0.982301 0.874260 0.980557 0.870137 0.986423 0.869096 0.985453
0 0.962182 0.999003 0.954233 0.973862 0.949842 0.960690 0.955782 0.958624 0.953716 0.948552 0.955266 0.948035 0.955266 0.934605 0.959140 0.928923 0.966113 0.923242 0.976702 0.926599 0.977477 0.929440 0.979801 0.931764 0.980959 0.936873 0.985312 0.953087 0.986258 0.956558 0.986258 0.961465 0.988840 0.976444 0.991423 0.982901 0.998877 0.984248 0.998877 0.999002 0.962182 0.999003
0 0.985312 0.953087 0.980959 0.936873 0.991070 0.935508 0.995158 0.938234 0.997299 0.945632 0.996034 0.946800 0.996423 0.951861 0.985312 0.953087
0 0.961747 0.613258 0.971045 0.601120 0.981375 0.609901 0.971524 0.621560 0.961747 0.613258
0 0.448456 0.923543 0.414258 0.930221 0.411020 0.913223 0.409806 0.911604 0.408187 0.900677 0.415877 0.898856 0.417900 0.893594 0.421138 0.893797 0.421340 0.888940 0.431054 0.887524 0.432065 0.894201 0.443802 0.891773 0.448456 0.905129 0.456146 0.903510 0.455944 0.899260 0.463026 0.898249 0.468894 0.923341 0.467883 0.928602 0.447242 0.930423 0.448456 0.923543
0 0.753099 0.870709 0.747819 0.872737 0.743062 0.872261 0.743538 0.860053 0.753526 0.859735 0.753844 0.870200 0.753099 0.870709
0 0.781176 0.827289 0.761027 0.827191 0.760930 0.819404 0.762098 0.817555 0.780300 0.817458 0.780884 0.819015 0.780884 0.825731 0.781176 0.827289
0 0.696151 0.846800 0.693542 0.846055 0.684100 0.846428 0.683231 0.846179 0.678510 0.846179 0.670932 0.847670 0.665466 0.845682 0.657764 0.845806 0.658256 0.838475 0.658509 0.829905 0.658758 0.827420 0.685985 0.828014 0.693915 0.827917 0.696399 0.829905 0.696151 0.846800
0 0.658758 0.827420 0.660745 0.812264 0.685591 0.812140 0.685985 0.828014 0.658758 0.827420
0 0.658758 0.827420 0.658256 0.838475 0.653303 0.838873 0.653151 0.836433 0.648880 0.835365 0.648651 0.833992 0.641177 0.833839 0.641253 0.826670 0.658758 0.827420
0 0.771410 0.701485 0.767784 0.701485 0.764818 0.683026 0.779650 0.680390 0.776354 0.667205 0.767784 0.665227 0.764818 0.646109 0.786572 0.642813 0.796131 0.640835 0.799757 0.658635 0.804372 0.658635 0.807668 0.673797 0.800087 0.677423 0.802394 0.695882 0.771410 0.701485
0 0.271648 0.693167 0.245563 0.697041 0.245563 0.689294 0.249696 0.686969 0.278879 0.683870 0.279654 0.689294 0.273456 0.689294 0.271648 0.693167
0 0.282295 0.773848 0.255596 0.774837 0.253619 0.761322 0.238126 0.762641 0.224972 0.763973 0.224753 0.752234 0.218420 0.752238 0.218020 0.718472 0.230875 0.715176 0.241423 0.717153 0.242082 0.733964 0.258233 0.733964 0.259881 0.756049 0.282295 0.756708 0.282625 0.772529 0.282295 0.773848
0 0.384949 0.334132 0.372153 0.336120 0.371035 0.333635 0.370041 0.328293 0.385446 0.325685 0.386067 0.334008 0.384949 0.334132
0 0.370295 0.363473 0.367180 0.345952 0.364454 0.344784 0.363968 0.339820 0.365428 0.339333 0.365136 0.337094 0.370684 0.335926 0.371365 0.340696 0.374967 0.340404 0.375746 0.344005 0.372144 0.344395 0.376524 0.362402 0.370295 0.363473
0 0.453675 0.370283 0.441534 0.374128 0.434249 0.369879 0.429595 0.338716 0.444164 0.335276 0.445176 0.335478 0.455092 0.370081 0.453675 0.370283
0 0.508415 0.388759 0.505785 0.385926 0.500928 0.385723 0.494048 0.362655 0.526425 0.355572 0.528853 0.359214 0.538567 0.358000 0.545042 0.377427 0.530068 0.382081 0.527639 0.384104 0.509022 0.388759 0.508415 0.388759
0 0.439816 0.408185 0.437186 0.393818 0.442447 0.392806 0.442042 0.384509 0.443661 0.382283 0.443054 0.377224 0.491822 0.368928 0.502749 0.397258 0.442852 0.408185 0.439816 0.408185
0 0.060322 0.220389 0.048958 0.210834 0.047667 0.201794 0.050766 0.198953 0.067811 0.214708 0.061613 0.221164 0.060322 0.220389
0 0.022615 0.184749 0.013318 0.176743 0.019516 0.171836 0.028555 0.179067 0.022615 0.184749
0 0.022661 0.167587 0.016205 0.161389 0.023953 0.152866 0.027310 0.148734 0.033509 0.140986 0.042031 0.150283 0.024986 0.166812 0.022661 0.167587
