3 0.275864 0.528902 0.292346 0.525870 0.295886 0.549415 0.280450 0.551985 0.275864 0.528902
3 0.526653 0.299028 0.567701 0.294510 0.572219 0.322007 0.561024 0.324757 0.530188 0.329274 0.528617 0.320828 0.526653 0.299028
3 0.526653 0.299028 0.528617 0.294510 0.565737 0.288814 0.567701 0.294510 0.526653 0.299028
3 0.527243 0.309094 0.530188 0.329274 0.529579 0.332878 0.509938 0.334056 0.509184 0.325358 0.509156 0.317534 0.514341 0.310299 0.527243 0.309094
3 0.508730 0.304531 0.526632 0.301060 0.527243 0.309094 0.514341 0.310299 0.510336 0.308455 0.508730 0.304531
3 0.077407 0.407503 0.101401 0.407912 0.101265 0.418773 0.076953 0.417137 0.077407 0.407503
0 0.209433 0.473834 0.204822 0.441342 0.229794 0.438119 0.230186 0.440713 0.239200 0.439774 0.242344 0.469222 0.209433 0.473834
0 0.196315 0.494341 0.175447 0.500227 0.171465 0.486949 0.185676 0.482559 0.192837 0.480429 0.196315 0.494341
0 0.164092 0.494321 0.157254 0.495946 0.156104 0.491328 0.163138 0.489610 0.164092 0.494321
0 0.153097 0.594189 0.139198 0.594132 0.139062 0.595570 0.103883 0.596540 0.103138 0.563517 0.111503 0.563517 0.111632 0.562230 0.122056 0.562359 0.121927 0.559528 0.127847 0.559399 0.128104 0.562487 0.137166 0.562116 0.137795 0.571549 0.152468 0.571339 0.153097 0.594189
0 0.074679 0.544949 0.084532 0.534258 0.098577 0.549142 0.087886 0.559413 0.074679 0.544949
0 0.051638 0.561708 0.036337 0.544050 0.045863 0.536166 0.045206 0.535016 0.050912 0.530684 0.049589 0.528929 0.058809 0.521758 0.076223 0.540879 0.051638 0.561708
0 0.052292 0.603530 0.040344 0.615898 0.028887 0.604502 0.040859 0.591357 0.052292 0.603530
0 0.020477 0.568941 0.024466 0.565080 0.037850 0.578078 0.036434 0.579751 0.042354 0.586571 0.039394 0.589789 0.040859 0.591357 0.028887 0.604502 0.023364 0.610238 0.009529 0.598289 0.007852 0.600176 -0.000000 0.592629 -0.000000 0.577899 0.014686 0.563021 0.020477 0.568941
2 0.082340 0.697552 0.037846 0.705094 0.036866 0.700356 0.025363 0.700495 0.005151 0.702205 0.000807 0.693685 -0.000000 0.683494 0.022358 0.681489 0.022735 0.684891 0.036267 0.682882 0.036013 0.679524 0.078056 0.673445 0.082340 0.697552
3 0.080414 0.743491 0.106366 0.712724 0.130444 0.731185 0.103958 0.762754 0.080414 0.743491
3 0.023073 0.894478 0.019719 0.870790 0.062692 0.863453 0.067513 0.886931 0.023073 0.894478
3 0.012468 0.823396 0.032173 0.812076 0.043912 0.834086 0.022740 0.843939 0.012468 0.823396
3 0.031334 0.807255 0.049362 0.794258 0.064874 0.823815 0.047266 0.834086 0.031334 0.807255
3 0.085752 0.466390 0.086287 0.443382 0.126418 0.444184 0.126418 0.466925 0.119730 0.467460 0.119765 0.471256 0.096086 0.470613 0.096086 0.466366 0.085752 0.466390
0 0.027170 0.448555 0.028218 0.425286 0.061967 0.427173 0.061967 0.432204 0.077270 0.433042 0.076641 0.450022 0.062177 0.448974 0.061967 0.455682 0.050228 0.454843 0.050228 0.456528 0.035428 0.456064 0.035638 0.449146 0.027170 0.448555
3 0.119408 0.486366 0.119719 0.472733 0.138476 0.473370 0.138166 0.486746 0.131473 0.486264 0.122238 0.486340 0.119408 0.486366
3 0.122109 0.502689 0.122238 0.486340 0.131473 0.486264 0.131607 0.503043 0.122109 0.502689
0 0.184326 0.475186 0.185676 0.482559 0.171465 0.486949 0.163138 0.489610 0.156104 0.491328 0.151791 0.492328 0.151618 0.491565 0.145993 0.467819 0.163242 0.462432 0.172776 0.459122 0.173356 0.461370 0.179431 0.459226 0.184326 0.475186
0 0.186531 0.474254 0.184326 0.475186 0.179431 0.459226 0.173356 0.461370 0.172776 0.459122 0.163242 0.462432 0.162080 0.457910 0.168514 0.456237 0.167871 0.453277 0.179453 0.450832 0.186531 0.474254
3 0.059146 0.359843 0.055016 0.340451 0.085541 0.333987 0.089850 0.353379 0.059146 0.359843
3 0.191712 0.373085 0.186670 0.351085 0.229753 0.341460 0.235024 0.365064 0.191712 0.373085
0 0.245493 0.344195 0.237702 0.327008 0.257868 0.318299 0.260048 0.323345 0.266347 0.335716 0.245493 0.344195
0 0.257868 0.318299 0.249160 0.297904 0.272451 0.287414 0.273295 0.289384 0.281736 0.285726 0.291866 0.307673 0.260048 0.323345 0.257868 0.318299
3 0.371002 0.295677 0.363299 0.273677 0.400046 0.258323 0.401192 0.261531 0.415171 0.257177 0.421218 0.275671 0.408502 0.280160 0.408819 0.281125 0.400475 0.283853 0.401757 0.288167 0.380865 0.296504 0.379672 0.293015 0.371002 0.295677
3 0.432208 0.273659 0.425104 0.249597 0.461542 0.234472 0.462903 0.238062 0.476831 0.233138 0.482600 0.250302 0.471344 0.254790 0.472116 0.256664 0.463407 0.259970 0.464509 0.263057 0.442353 0.272206 0.441361 0.269781 0.432208 0.273659
3 0.516492 0.230518 0.493115 0.240251 0.490136 0.232688 0.484303 0.235157 0.477128 0.218837 0.496261 0.211099 0.494975 0.206610 0.534240 0.192709 0.543940 0.215196 0.535342 0.219054 0.536554 0.221700 0.516492 0.230518
0 0.546442 0.110572 0.543065 0.101427 0.555868 0.097488 0.559104 0.106773 0.546442 0.110572
3 0.494577 0.084680 0.526795 0.074973 0.528112 0.078727 0.534873 0.077524 0.538105 0.089196 0.533081 0.091142 0.534073 0.094560 0.523601 0.097977 0.525364 0.104370 0.511475 0.108669 0.510924 0.106906 0.501554 0.109441 0.494577 0.084680
3 0.414453 0.113340 0.407450 0.097000 0.424508 0.089997 0.430972 0.106516 0.414453 0.113340
3 0.459185 0.103856 0.467588 0.123564 0.447671 0.132193 0.430613 0.095204 0.451262 0.085508 0.459185 0.103856
3 0.477119 0.119445 0.467588 0.123564 0.459185 0.103856 0.468500 0.100411 0.477119 0.119445
3 0.374653 0.168539 0.370987 0.170601 0.355403 0.145164 0.361820 0.140351 0.359758 0.135768 0.376945 0.127060 0.380612 0.133705 0.407424 0.120185 0.417278 0.141726 0.409945 0.146539 0.411549 0.150435 0.374653 0.168539
0 0.278404 0.155018 0.294674 0.152497 0.297424 0.176330 0.280924 0.177705 0.278404 0.155018
0 0.298112 0.151351 0.338216 0.148143 0.340737 0.172205 0.333174 0.173580 0.333633 0.177018 0.310028 0.178851 0.309341 0.173122 0.300862 0.174039 0.298112 0.151351
3 0.151276 0.204840 0.164716 0.196179 0.165561 0.197305 0.178363 0.189286 0.177800 0.188160 0.190603 0.180985 0.191456 0.182472 0.202369 0.200660 0.204531 0.204339 0.196231 0.208701 0.197637 0.210389 0.189337 0.215454 0.189759 0.217001 0.185257 0.219252 0.183709 0.217283 0.174987 0.222066 0.172643 0.217947 0.161511 0.223693 0.151276 0.204840
3 0.191456 0.182472 0.197188 0.179385 0.207550 0.197133 0.202369 0.200660 0.191456 0.182472
3 0.010762 0.202671 0.015431 0.203030 0.029616 0.203568 0.029616 0.219729 0.010583 0.219369 0.010762 0.202671
3 0.029616 0.203568 0.015431 0.203030 0.016702 0.162616 0.039492 0.163759 0.039713 0.174892 0.042358 0.174892 0.041497 0.197928 0.037088 0.197928 0.037088 0.203770 0.029616 0.203568
3 0.325768 0.532306 0.318163 0.515342 0.350044 0.501303 0.357941 0.517682 0.325768 0.532306
3 0.400949 0.562197 0.399154 0.562915 0.396101 0.553578 0.398795 0.552680 0.394665 0.539752 0.419623 0.530954 0.427344 0.552860 0.400949 0.562197
3 0.489947 0.182060 0.496105 0.195606 0.489455 0.204227 0.477632 0.207182 0.470736 0.190680 0.489947 0.182060
3 0.433914 0.219251 0.429604 0.211493 0.459283 0.196099 0.463593 0.200409 0.461869 0.205335 0.433914 0.219251
