2 0.755761 0.430558 0.804366 0.472074 0.785633 0.493845 0.779557 0.488275 0.760824 0.513590 0.768925 0.522197 0.751205 0.541943 0.703613 0.497895 0.755761 0.430558
3 0.555986 0.389477 0.579658 0.375525 0.581530 0.378892 0.587656 0.387726 0.563400 0.402162 0.557487 0.392631 0.555986 0.389477
3 0.593165 0.381431 0.587255 0.372023 0.585060 0.368484 0.608626 0.353513 0.610658 0.356164 0.617087 0.366330 0.593165 0.381431
3 0.612563 0.348175 0.612182 0.347984 0.634126 0.330238 0.637942 0.335008 0.645002 0.344168 0.621723 0.361532 0.615235 0.353518 0.612563 0.348175
3 0.655116 0.303905 0.659123 0.306577 0.668091 0.315354 0.650154 0.336153 0.642713 0.329093 0.637179 0.324704 0.655116 0.303905
3 0.655706 0.273169 0.664159 0.268419 0.674027 0.271708 0.674326 0.296377 0.656437 0.297279 0.655706 0.273169
3 0.657294 0.240151 0.667115 0.240824 0.672990 0.269645 0.663627 0.267442 0.655826 0.272215 0.650355 0.246131 0.657294 0.240151
3 0.655145 0.240520 0.652299 0.219593 0.663864 0.218124 0.666893 0.238501 0.655145 0.240520
3 0.825905 0.136622 0.840980 0.148834 0.813311 0.179556 0.806753 0.175181 0.799382 0.167534 0.807396 0.158375 0.806060 0.157039 0.816746 0.145018 0.817891 0.146163 0.825905 0.136622
3 0.849160 0.103396 0.860352 0.111452 0.844173 0.133221 0.833513 0.125722 0.849160 0.103396
3 0.863155 0.083063 0.877384 0.091758 0.869834 0.104626 0.856038 0.095781 0.863155 0.083063
3 0.868260 0.195737 0.861197 0.186483 0.875079 0.175767 0.882141 0.185265 0.868260 0.195737
3 0.881841 0.223010 0.895479 0.215704 0.900107 0.224471 0.886225 0.232265 0.881841 0.223010
3 0.810152 0.247928 0.821143 0.257215 0.815115 0.264154 0.804187 0.254656 0.810152 0.247928
3 0.843673 0.279967 0.839145 0.271197 0.852511 0.263737 0.857173 0.272751 0.843673 0.279967
3 0.736442 0.083254 0.793322 0.085119 0.792390 0.106255 0.735509 0.102836 0.736442 0.083254
3 0.679195 0.553478 0.695668 0.540734 0.711520 0.560005 0.695047 0.572749 0.679195 0.553478
3 0.616621 0.662987 0.599563 0.635218 0.623365 0.621731 0.628522 0.632441 0.618605 0.638392 0.627332 0.655846 0.616621 0.662987
3 0.629429 0.610101 0.644946 0.602197 0.659388 0.630318 0.643314 0.638663 0.629429 0.610101
3 0.884774 0.061424 0.890881 0.064286 0.886110 0.073445 0.880004 0.070201 0.884774 0.061424
3 0.701954 0.139686 0.688560 0.116063 0.697814 0.111192 0.710965 0.134085 0.701954 0.139686
3 0.764621 0.213015 0.761364 0.201373 0.773656 0.198031 0.777095 0.209544 0.764621 0.213015
