0 0.306134 0.143482 0.306906 0.134604 0.316942 0.129200 0.333539 0.132288 0.342803 0.139236 0.342803 0.152745 0.335855 0.165483 0.323118 0.170887 0.304590 0.160851 0.305748 0.144254 0.306134 0.143482
0 -0.000000 0.207512 0.002813 0.211360 0.003741 0.216373 0.002627 0.219344 -0.000000 0.220458 -0.000000 0.207512
0 -0.000000 0.250344 0.002433 0.249631 0.004033 0.250504 0.005342 0.267088 0.006943 0.268106 0.007670 0.282654 0.007379 0.284545 -0.000000 0.288823 -0.000000 0.250344
0 0.178808 0.428053 0.195744 0.432892 0.197256 0.435009 0.208144 0.435614 0.211168 0.439243 0.212983 0.469184 0.211773 0.471906 0.197861 0.470696 0.195744 0.454667 0.183042 0.453457 0.177598 0.445594 0.177296 0.428960 0.178808 0.428053
0 0.240845 0.426793 0.268636 0.430267 0.270566 0.432197 0.269794 0.436443 0.265934 0.439145 0.257829 0.442618 0.243161 0.438373 0.239687 0.434899 0.240845 0.426793
0 0.223829 0.461072 0.237810 0.447565 0.240416 0.447565 0.265061 0.472920 0.261506 0.476238 0.255582 0.473868 0.247762 0.480740 0.237810 0.473631 0.229279 0.480266 0.219800 0.464864 0.223829 0.461072
0 0.250163 0.482393 0.255701 0.476677 0.258201 0.476677 0.265078 0.484447 0.265078 0.486501 0.260255 0.491056 0.257933 0.491681 0.250699 0.484715 0.250163 0.482393
0 0.336993 0.447022 0.349940 0.445567 0.351395 0.447167 0.354596 0.473062 0.351250 0.476262 0.326519 0.480190 0.315026 0.473498 0.314444 0.462588 0.317354 0.456914 0.333356 0.454877 0.335247 0.449204 0.336993 0.447022
0 0.322318 0.497827 0.352767 0.480560 0.356852 0.481859 0.371891 0.512495 0.370777 0.515466 0.362979 0.520107 0.365764 0.529205 0.364836 0.531805 0.355924 0.537189 0.352582 0.536632 0.348497 0.538303 0.334758 0.512495 0.331415 0.514166 0.329373 0.513423 0.321946 0.501726 0.322318 0.497827
0 0.257045 0.513614 0.268176 0.508676 0.264092 0.500321 0.270776 0.496608 0.274489 0.496979 0.276532 0.500321 0.280245 0.498464 0.283773 0.499207 0.288786 0.509233 0.291571 0.508119 0.293799 0.512946 0.291756 0.514803 0.281545 0.520559 0.287115 0.530399 0.286929 0.533370 0.275417 0.540426 0.270033 0.539497 0.256851 0.516845 0.257045 0.513614
0 0.315652 0.533116 0.322761 0.540462 0.322524 0.544253 0.309965 0.561078 0.298116 0.566054 0.288164 0.568187 0.278448 0.560367 0.276789 0.555154 0.277500 0.551836 0.291718 0.539514 0.301197 0.533590 0.303329 0.534537 0.304988 0.536907 0.309965 0.532405 0.315652 0.533116
0 0.139065 0.480920 0.151861 0.480447 0.154467 0.483053 0.156600 0.503906 0.154230 0.507935 0.131482 0.509356 0.126742 0.505091 0.126979 0.489214 0.130534 0.486371 0.136221 0.485660 0.139065 0.480920
0 0.117511 0.517544 0.147755 0.515730 0.153501 0.521174 0.168320 0.555046 0.168018 0.564120 0.160457 0.571680 0.140194 0.575915 0.135052 0.572890 0.119326 0.534178 0.113277 0.531154 0.111160 0.524500 0.114789 0.519359 0.117511 0.517544
0 0.181325 0.511455 0.209287 0.499370 0.215685 0.501503 0.224927 0.519275 0.223505 0.522593 0.219714 0.524489 0.222084 0.529939 0.221610 0.532308 0.213316 0.538707 0.208103 0.540839 0.205970 0.540128 0.202889 0.533256 0.203363 0.531361 0.212605 0.526858 0.210235 0.522593 0.193648 0.530413 0.188434 0.528991 0.181799 0.515247 0.181325 0.511455
0 0.204831 0.548580 0.220106 0.539706 0.225198 0.539561 0.232035 0.550181 0.235526 0.552799 0.241055 0.564728 0.240327 0.568365 0.233635 0.572730 0.230871 0.572730 0.222433 0.558327 0.215160 0.562837 0.211523 0.563274 0.204394 0.550908 0.204831 0.548580
0 0.237029 0.578191 0.246376 0.574088 0.248883 0.574772 0.250935 0.579103 0.256406 0.577393 0.267007 0.587766 0.270312 0.597683 0.268945 0.600874 0.243070 0.612501 0.240904 0.611019 0.231330 0.584916 0.233039 0.580585 0.235775 0.579217 0.237029 0.578191
0 0.363879 0.574304 0.384674 0.561493 0.388759 0.561678 0.389873 0.563721 0.398785 0.560564 0.400642 0.560936 0.403055 0.565949 0.403798 0.569105 0.396186 0.574304 0.397671 0.579503 0.397485 0.581359 0.380032 0.593056 0.373534 0.593428 0.363508 0.578017 0.363879 0.574304
0 0.170964 0.614530 0.172174 0.604852 0.179735 0.599711 0.191530 0.598501 0.203023 0.604247 0.208467 0.618159 0.208769 0.635096 0.206047 0.638120 0.172174 0.617252 0.170964 0.614530
0 0.294990 0.638814 0.323721 0.639721 0.327350 0.646072 0.329165 0.678735 0.324931 0.683272 0.294082 0.676921 0.289243 0.671477 0.289848 0.641838 0.294990 0.638814
0 0.392713 0.635751 0.418608 0.646662 0.419917 0.650881 0.416135 0.663683 0.412934 0.664846 0.405369 0.663392 0.401296 0.664264 0.396932 0.664264 0.394895 0.660337 0.396350 0.655536 0.388203 0.651899 0.386603 0.647971 0.390094 0.636624 0.392713 0.635751
0 0.360045 0.668098 0.372925 0.666160 0.376117 0.667756 0.377143 0.678926 0.375433 0.683030 0.371329 0.686449 0.363464 0.687361 0.361755 0.685766 0.359019 0.670036 0.360045 0.668098
0 0.302968 0.686423 0.330219 0.692110 0.332588 0.695665 0.326427 0.710831 0.329745 0.712963 0.324769 0.725759 0.318370 0.728129 0.294200 0.718887 0.291356 0.713674 0.295859 0.692347 0.300598 0.687134 0.302968 0.686423
0 0.280996 0.718837 0.293029 0.720317 0.305225 0.726245 0.297958 0.744929 0.290717 0.748085 0.284775 0.746971 0.273264 0.740101 0.278463 0.721163 0.280996 0.718837
0 0.150768 0.689878 0.168778 0.690115 0.172095 0.693432 0.172095 0.710968 0.170200 0.713574 0.165223 0.716418 0.155508 0.715707 0.149820 0.709546 0.150294 0.692958 0.150768 0.689878
0 0.119503 0.681989 0.127710 0.675378 0.129648 0.675492 0.140363 0.690196 0.139337 0.692475 0.132726 0.695895 0.133524 0.697947 0.131472 0.700682 0.127710 0.702620 0.123721 0.701366 0.120415 0.698859 0.120871 0.691906 0.118022 0.683927 0.119503 0.681989
0 0.227046 0.731386 0.238102 0.715965 0.245521 0.710728 0.248140 0.711165 0.263415 0.724985 0.264579 0.728767 0.247413 0.745206 0.240721 0.747097 0.225591 0.734586 0.227046 0.731386
0 0.262582 0.754201 0.279664 0.764042 0.280964 0.767755 0.277065 0.779081 0.294703 0.789850 0.295817 0.793006 0.289690 0.803404 0.284677 0.805446 0.253299 0.786322 0.249400 0.774068 0.259426 0.755501 0.262582 0.754201
0 0.197211 0.748454 0.207191 0.734542 0.216265 0.733332 0.238645 0.749966 0.237435 0.758737 0.225338 0.772347 0.213240 0.773556 0.194792 0.753596 0.197211 0.748454
0 0.159016 0.802270 0.182596 0.780733 0.185567 0.780733 0.198378 0.795772 0.198750 0.800785 0.193180 0.808026 0.180554 0.817124 0.168300 0.815824 0.158831 0.805427 0.159016 0.802270
0 0.192505 0.783826 0.197064 0.779266 0.199002 0.779266 0.206411 0.785535 0.206297 0.787587 0.203334 0.790095 0.200826 0.790437 0.193759 0.784623 0.192505 0.783826
0 0.151322 0.816396 0.162276 0.822709 0.163019 0.824566 0.157634 0.835891 0.152250 0.838677 0.145566 0.834220 0.143338 0.826979 0.147794 0.818439 0.151322 0.816396
0 0.168471 0.825655 0.185181 0.835866 0.187410 0.839765 0.185924 0.845521 0.180168 0.857404 0.175341 0.858889 0.158074 0.849235 0.157702 0.844964 0.167172 0.826954 0.168471 0.825655
0 0.244297 0.792630 0.250239 0.795601 0.251910 0.805998 0.247639 0.809526 0.248382 0.817324 0.246897 0.819181 0.238356 0.818624 0.230001 0.802842 0.230558 0.797086 0.244297 0.792630
0 0.224978 0.820240 0.237975 0.825253 0.238532 0.829152 0.227763 0.855888 0.223307 0.856631 0.213838 0.854032 0.211424 0.850504 0.221821 0.821725 0.224978 0.820240
0 0.216036 0.817379 0.219115 0.818709 0.220094 0.821578 0.217225 0.829625 0.214706 0.832214 0.212257 0.832004 0.210927 0.829695 0.214706 0.818709 0.216036 0.817379
0 0.192586 0.833777 0.206720 0.837766 0.211280 0.841756 0.210368 0.848139 0.207176 0.850191 0.191332 0.845745 0.189737 0.843123 0.191332 0.835600 0.192586 0.833777
0 0.213085 0.859693 0.223269 0.862021 0.223851 0.865221 0.221378 0.876859 0.227197 0.878314 0.227342 0.880933 0.226178 0.886752 0.218323 0.888643 0.206539 0.883115 0.203484 0.873659 0.205812 0.868276 0.209158 0.869149 0.213085 0.860275 0.213085 0.859693
0 0.391302 0.672171 0.401338 0.679119 0.398636 0.683751 0.397092 0.686453 0.402496 0.689155 0.402496 0.693015 0.396706 0.701120 0.392460 0.701120 0.380494 0.696102 0.377406 0.690699 0.387056 0.673329 0.391302 0.672171
0 0.364488 0.703029 0.387711 0.714166 0.388659 0.717484 0.377758 0.742128 0.373256 0.743550 0.348848 0.727436 0.349085 0.721275 0.350507 0.720327 0.355246 0.721749 0.362829 0.705162 0.364488 0.703029
0 0.351967 0.738263 0.371024 0.746846 0.372333 0.749319 0.369424 0.759939 0.368696 0.762412 0.361423 0.761394 0.359822 0.760230 0.360259 0.755720 0.348621 0.750046 0.346584 0.748010 0.349784 0.739136 0.351967 0.738263
0 0.341768 0.752113 0.360556 0.761952 0.362200 0.764091 0.356601 0.775906 0.353637 0.776362 0.334716 0.765192 0.335655 0.760478 0.338856 0.753931 0.341768 0.752113
0 0.343014 0.781439 0.358295 0.790799 0.359409 0.795440 0.347898 0.820134 0.344184 0.821805 0.326731 0.814936 0.325060 0.810665 0.331671 0.796696 0.340099 0.782443 0.343014 0.781439
0 0.304544 0.836715 0.319397 0.827988 0.321811 0.829659 0.325153 0.822418 0.327195 0.822418 0.340192 0.830216 0.342977 0.833744 0.337964 0.845070 0.327567 0.856024 0.321440 0.858995 0.317541 0.858066 0.305101 0.838757 0.304544 0.836715
0 0.358788 0.839044 0.386276 0.847574 0.387935 0.852551 0.380589 0.874115 0.376798 0.875773 0.353338 0.868190 0.350494 0.864162 0.356892 0.841176 0.358788 0.839044
0 0.387573 0.825680 0.398338 0.828881 0.399793 0.833245 0.394265 0.844883 0.391792 0.847356 0.383063 0.845465 0.382190 0.838773 0.386554 0.826553 0.387573 0.825680
0 0.374629 0.805001 0.382056 0.799802 0.386141 0.801102 0.397095 0.817255 0.397281 0.821154 0.386512 0.823939 0.376672 0.829695 0.366831 0.822454 0.368874 0.817626 0.376300 0.813356 0.374072 0.806672 0.374629 0.805001
0 0.274658 0.857530 0.284336 0.843618 0.287663 0.843013 0.314882 0.863277 0.308228 0.873257 0.293712 0.873862 0.274658 0.861462 0.274658 0.857530
0 0.317906 0.868418 0.328492 0.875979 0.329399 0.880213 0.323955 0.886262 0.319419 0.886867 0.310950 0.880516 0.310346 0.875979 0.316092 0.870233 0.317906 0.868418
0 0.260274 0.898656 0.264066 0.887518 0.268331 0.884438 0.305772 0.910978 0.305298 0.917850 0.300085 0.926144 0.296767 0.926381 0.260748 0.902684 0.260274 0.898656
0 0.329706 0.902210 0.338473 0.877092 0.341554 0.876144 0.378047 0.886571 0.379706 0.889651 0.374018 0.910741 0.365488 0.912637 0.329706 0.902921 0.329706 0.902210
0 0.349382 0.917327 0.366680 0.922777 0.367865 0.927043 0.364784 0.937469 0.363600 0.941261 0.369287 0.943393 0.371656 0.939365 0.375922 0.939365 0.382794 0.942919 0.383742 0.948133 0.380661 0.962351 0.383742 0.964246 0.376396 0.974910 0.361467 0.971118 0.360045 0.967327 0.360756 0.963772 0.352462 0.961403 0.351751 0.962588 0.340377 0.958796 0.338955 0.955005 0.345353 0.936047 0.342509 0.931782 0.347249 0.918986 0.349382 0.917327
0 0.339917 0.960877 0.347895 0.962416 0.351044 0.963256 0.352093 0.964935 0.350064 0.975082 0.348175 0.976761 0.338798 0.974872 0.336349 0.972493 0.338448 0.962276 0.339917 0.960877
0 0.302917 0.928070 0.318337 0.934035 0.321098 0.938114 0.319241 0.953153 0.310700 0.953896 0.297699 0.948601 0.295808 0.944674 0.301045 0.930562 0.302917 0.928070
0 0.197808 0.913031 0.206391 0.912740 0.210610 0.916668 0.210610 0.921614 0.208719 0.928888 0.205664 0.929615 0.205809 0.943436 0.203918 0.946927 0.196789 0.948382 0.194025 0.946927 0.194753 0.914049 0.197808 0.913031
0 0.240436 0.999004 0.236723 0.995024 0.236723 0.991469 0.247150 0.977725 0.252837 0.977962 0.261368 0.985545 0.257289 0.999004 0.240436 0.999004
0 0.122685 0.893695 0.131164 0.882466 0.135289 0.882008 0.145602 0.889800 0.147435 0.894841 0.139185 0.904237 0.166685 0.926008 0.167372 0.932195 0.155300 0.945430 0.150549 0.945085 0.118183 0.918236 0.118542 0.913029 0.127700 0.902974 0.121595 0.895971 0.122685 0.893695
0 0.049548 0.929685 0.053857 0.921066 0.064990 0.919450 0.076302 0.923221 0.081509 0.936688 0.077020 0.945486 0.069299 0.949975 0.059782 0.950873 0.051164 0.947281 0.047034 0.938663 0.049548 0.929685
0 0.154771 0.999003 0.154256 0.998236 0.154146 0.997024 0.165610 0.990079 0.168476 0.989969 0.173387 0.999004 0.154771 0.999003
0 0.128820 0.982366 0.132016 0.984130 0.131223 0.999003 0.113094 0.999003 0.113678 0.996924 0.115047 0.996308 0.115624 0.992618 0.117188 0.982344 0.118127 0.981484 0.128820 0.982366
0 0.115922 0.981043 0.116680 0.982461 0.115141 0.992544 0.114615 0.995909 0.112793 0.996348 0.106191 0.994316 0.105567 0.993113 0.107545 0.981043 0.109308 0.980272 0.115922 0.981043
0 0.429003 0.932668 0.423853 0.933128 0.414695 0.927382 0.414516 0.916070 0.416850 0.904399 0.419005 0.904937 0.429421 0.908094 0.429003 0.932668
0 0.381454 0.785510 0.385579 0.775197 0.393371 0.773593 0.391308 0.770156 0.391537 0.767406 0.395433 0.765343 0.399329 0.767176 0.400933 0.770385 0.413996 0.765114 0.426600 0.771531 0.431691 0.774713 0.431402 0.791659 0.429350 0.793301 0.399558 0.802468 0.390162 0.799030 0.382141 0.786426 0.381454 0.785510
0 0.409539 0.739388 0.415870 0.735871 0.411930 0.730525 0.411790 0.728415 0.420794 0.722506 0.424874 0.722787 0.430783 0.731791 0.432422 0.731735 0.432025 0.755051 0.431922 0.755109 0.422482 0.754864 0.417329 0.751755 0.409679 0.742343 0.409539 0.739388
0 0.432692 0.715858 0.422795 0.716982 0.418115 0.715812 0.417823 0.712595 0.416068 0.707038 0.418115 0.701773 0.426305 0.697971 0.433104 0.691676 0.432692 0.715858
0 -0.000000 0.961725 0.006643 0.963521 0.007571 0.964449 0.003858 0.979860 -0.000000 0.987058 -0.000000 0.961725
