0 -0.000000 0.111358 0.107130 0.016974 0.129323 0.041884 -0.000000 0.151935 -0.000000 0.111358
0 -0.000000 0.189143 0.096853 0.105702 0.107465 0.119435 -0.000000 0.214959 -0.000000 0.189143
0 0.015187 0.217164 0.109394 0.134733 0.129323 0.160096 0.032398 0.242980 0.015187 0.217164
0 0.107511 0.000005 -0.000000 0.091439 -0.000000 0.069306 0.078073 0.000004 0.107511 0.000005
0 0.051504 0.331890 0.121414 0.326567 0.123543 0.370217 0.104025 0.371281 0.105445 0.394703 0.056827 0.399671 0.051504 0.331890
0 0.127802 0.373056 0.148030 0.370217 0.149449 0.387251 0.129576 0.390444 0.127802 0.373056
0 0.177222 0.325550 0.212354 0.325550 0.214484 0.358198 0.178287 0.359972 0.177222 0.325550
0 0.100396 0.447408 0.108689 0.478207 0.144328 0.466593 0.149890 0.485223 0.113743 0.496623 0.092611 0.489116 0.083713 0.450744 0.100396 0.447408
0 0.131226 0.512190 0.155357 0.529933 0.140808 0.550516 0.117741 0.531708 0.131226 0.512190
0 0.178774 0.000006 0.188710 0.160904 0.159255 0.162323 0.148964 0.000006 0.178774 0.000006
0 0.260283 0.000007 0.273058 0.156561 0.243603 0.157981 0.243958 0.180338 0.272844 0.181144 0.273457 0.227701 0.157369 0.237827 0.154530 0.189210 0.231372 0.186137 0.229408 0.158691 0.207761 0.159400 0.196051 0.000007 0.260283 0.000007
0 0.367529 0.106321 0.376982 0.121336 0.366138 0.128009 0.381987 0.160263 0.331938 0.188624 0.311362 0.152478 0.337777 0.138575 0.328601 0.122726 0.367529 0.106321
0 0.381431 0.108823 0.428978 0.086857 0.447608 0.117443 0.400617 0.143580 0.381431 0.108823
0 0.555335 0.000009 0.567043 0.027893 0.498552 0.048476 0.464839 0.055928 0.453483 0.008730 0.519068 0.000009 0.555335 0.000009
0 0.447254 0.076978 0.487710 0.069880 0.486290 0.063138 0.505099 0.059589 0.517874 0.106077 0.459320 0.119917 0.447254 0.076978
0 0.512196 0.061008 0.546619 0.051072 0.544448 0.045018 0.564717 0.038296 0.582106 0.087624 0.529230 0.105013 0.512196 0.061008
0 0.454618 0.139182 0.499332 0.126407 0.516299 0.183220 0.470233 0.195252 0.454618 0.139182
0 0.525238 0.118600 0.568887 0.107244 0.585921 0.164378 0.540498 0.175734 0.525238 0.118600
0 0.596356 0.032205 0.623326 0.022979 0.625100 0.028302 0.653845 0.016236 0.652071 0.009139 0.675138 0.003106 0.677267 0.014107 0.692172 0.040367 0.614454 0.074435 0.596356 0.032205
0 0.648280 0.110054 0.670131 0.102323 0.677972 0.130654 0.657152 0.137379 0.648280 0.110054
0 0.571039 0.282632 0.569649 0.304042 0.523770 0.302096 0.523770 0.281798 0.571039 0.282632
0 0.628344 0.286497 0.632957 0.282948 0.652830 0.309564 0.647152 0.313113 0.653894 0.322694 0.647507 0.327662 0.651765 0.333340 0.612019 0.361730 0.597470 0.344696 0.600309 0.343277 0.593211 0.332276 0.597115 0.311693 0.593211 0.305660 0.605987 0.297498 0.608116 0.300337 0.628344 0.286497
0 0.712615 0.263435 0.742508 0.278834 0.765154 0.266152 0.782365 0.300574 0.758813 0.311444 0.752472 0.330466 0.721674 0.315520 0.725297 0.305103 0.696310 0.292421 0.712615 0.263435
0 0.795952 0.234901 0.826751 0.244865 0.856643 0.230372 0.870684 0.265246 0.820863 0.289251 0.785082 0.272946 0.795952 0.234901
0 0.921484 0.126839 0.952713 0.114773 0.956262 0.123290 0.964424 0.121871 0.978974 0.153100 0.940292 0.170133 0.921484 0.126839
0 0.907973 0.349854 0.913812 0.372932 0.857924 0.388503 0.846246 0.352356 0.869046 0.345405 0.871548 0.350966 0.883783 0.347630 0.886007 0.354303 0.907973 0.349854
0 0.671839 0.000008 0.602629 0.017823 0.592559 0.000009 0.671839 0.000008
0 0.361766 0.470953 0.342302 0.458719 0.353146 0.440923 0.367883 0.449821 0.374278 0.438699 0.368717 0.434528 0.385549 0.412171 0.389914 0.415802 0.393464 0.409781 0.409591 0.419513 0.397913 0.439811 0.411259 0.447597 0.415152 0.440645 0.432391 0.451767 0.436562 0.443982 0.453245 0.453436 0.432391 0.492641 0.426552 0.489861 0.419879 0.502373 0.398747 0.488748 0.408757 0.472065 0.402918 0.469285 0.398191 0.478460 0.388459 0.473455 0.384288 0.479851 0.370664 0.470675 0.373444 0.460109 0.370942 0.458719 0.361766 0.470953
0 0.464996 0.449743 0.484738 0.459197 0.486684 0.451967 0.502811 0.458085 0.497528 0.469763 0.523109 0.480051 0.510875 0.503685 0.477509 0.490061 0.475006 0.495344 0.459991 0.487280 0.464440 0.477270 0.453874 0.471709 0.464996 0.449743
0 0.505708 0.551833 0.539631 0.566292 0.542411 0.559897 0.563543 0.571019 0.558816 0.580751 0.569660 0.584644 0.551031 0.620512 0.487635 0.586590 0.505708 0.551833
0 0.663236 0.514394 0.690207 0.524404 0.677694 0.548316 0.653782 0.535248 0.663236 0.514394
0 0.648280 0.547645 0.678127 0.560281 0.672026 0.576839 0.641090 0.565074 0.648280 0.547645
0 0.644827 0.574499 0.662067 0.581497 0.659507 0.590032 0.641754 0.583204 0.644827 0.574499
0 0.639383 0.591031 0.657989 0.597006 0.651332 0.614417 0.633238 0.607077 0.639383 0.591031
0 0.594889 0.585730 0.611276 0.593753 0.606667 0.603825 0.613495 0.608092 0.618104 0.600581 0.634321 0.609628 0.622201 0.635063 0.593011 0.620212 0.588915 0.629430 0.565358 0.618505 0.571162 0.603995 0.583111 0.609458 0.594889 0.585730
0 0.433545 0.667957 0.459253 0.679504 0.450320 0.707826 0.422870 0.698676 0.433545 0.667957
0 0.440517 0.600414 0.467995 0.613204 0.464954 0.620457 0.486267 0.627211 0.471453 0.655969 0.454895 0.648344 0.459253 0.636579 0.431802 0.625686 0.440517 0.600414
0 0.502389 0.652925 0.520254 0.663382 0.512411 0.683425 0.493893 0.671443 0.502389 0.652925
0 0.525700 0.666432 0.562519 0.680157 0.557508 0.698676 0.548794 0.694536 0.545308 0.711094 0.523304 0.705429 0.528750 0.689090 0.519165 0.685604 0.525700 0.666432
0 0.570814 0.698595 0.598265 0.709488 0.584540 0.739117 0.564496 0.728660 0.567546 0.721906 0.561011 0.718203 0.570814 0.698595
0 0.250711 0.511385 0.266615 0.538400 0.305830 0.552996 0.301908 0.568682 0.294937 0.567375 0.292976 0.574129 0.273586 0.568247 0.276854 0.556482 0.264872 0.552561 0.255722 0.554957 0.262475 0.568900 0.255286 0.572168 0.258772 0.580229 0.245482 0.584368 0.249839 0.597658 0.235678 0.601797 0.229796 0.589597 0.217596 0.592429 0.216071 0.588944 0.207356 0.591776 0.201038 0.578486 0.208663 0.575436 0.203435 0.564107 0.218467 0.556918 0.222389 0.564543 0.247661 0.554304 0.230885 0.519010 0.250711 0.511385
0 -0.000000 0.948646 -0.000000 0.902448 0.007453 0.897340 0.030810 0.929316 0.019965 0.936824 0.031366 0.953229 0.013570 0.966853 -0.000000 0.948646
0 0.033590 0.923477 0.056668 0.905682 0.070849 0.924589 0.045824 0.942663 0.033590 0.923477
0 0.048521 0.999004 0.028585 0.974361 0.029697 0.961014 0.054444 0.941829 0.056946 0.944887 0.072239 0.932097 0.085308 0.947946 0.073630 0.957956 0.093927 0.984093 0.078357 0.995215 0.069181 0.985205 0.048758 0.999004 0.048521 0.999004
0 0.206519 0.885500 0.195191 0.899661 0.199112 0.902275 0.179287 0.923626 0.160768 0.915347 0.155104 0.879400 0.175147 0.876785 0.181247 0.868942 0.206519 0.885500
0 0.662353 0.847851 0.640943 0.909579 0.595065 0.896788 0.585611 0.920979 0.555025 0.910135 0.576991 0.849798 0.598401 0.854803 0.602850 0.843958 0.632880 0.852022 0.636216 0.840066 0.662353 0.847851
0 0.695026 0.895068 0.722553 0.911473 0.712821 0.931493 0.722553 0.937054 0.708372 0.962078 0.670279 0.936776 0.695026 0.895068
0 0.658879 0.941502 0.678343 0.954849 0.671391 0.965137 0.652206 0.951790 0.658879 0.941502
0 0.860398 0.822356 0.838988 0.844322 0.793110 0.800668 0.813129 0.780648 0.860398 0.822356
0 0.872385 0.856244 0.881944 0.873655 0.886895 0.871095 0.899014 0.895334 0.889455 0.901309 0.898332 0.916672 0.867037 0.934267 0.858161 0.917879 0.865501 0.914295 0.855259 0.894152 0.865501 0.888348 0.856454 0.871278 0.835799 0.881179 0.829313 0.866157 0.837336 0.862573 0.836482 0.858817 0.874719 0.841577 0.879157 0.851989 0.872385 0.856244
0 0.815349 0.888168 0.839930 0.938354 0.815179 0.950644 0.796231 0.908140 0.799474 0.906433 0.787525 0.881511 0.797085 0.877243 0.804595 0.889875 0.815349 0.888168
0 0.845679 0.957767 0.861583 0.951013 0.872476 0.972799 0.856354 0.979553 0.845679 0.957767
0 0.203362 0.912846 0.214484 0.930086 0.203362 0.938149 0.191683 0.921188 0.203362 0.912846
0 0.254523 0.948159 0.242567 0.956223 0.230098 0.937988 0.242002 0.930195 0.254523 0.948159
0 0.300004 0.999008 0.320646 0.984774 0.308074 0.961294 0.322403 0.950012 0.342704 0.977166 0.346626 0.974283 0.356182 0.986984 0.338810 0.999008 0.300004 0.999008
0 0.298874 0.912386 0.311878 0.931355 0.321968 0.922843 0.329593 0.933301 0.307589 0.949205 0.287799 0.920815 0.298874 0.912386
0 0.248766 0.964673 0.260748 0.957483 0.269245 0.971644 0.255302 0.979270 0.248766 0.964673
0 0.793120 0.642220 0.830712 0.651166 0.824371 0.675171 0.808519 0.669736 0.798102 0.704610 0.765039 0.693740 0.769568 0.676529 0.782702 0.680606 0.793120 0.642220
0 0.852905 0.639390 0.874645 0.643466 0.928995 0.637578 0.928995 0.667471 0.877362 0.668377 0.868304 0.706422 0.841129 0.699175 0.852905 0.639390
0 0.897291 0.714574 0.908614 0.722727 0.906349 0.727256 0.923107 0.737220 0.912237 0.755790 0.880533 0.739485 0.897291 0.714574
0 0.922654 0.707781 0.937148 0.715933 0.930354 0.734956 0.912690 0.726803 0.922654 0.707781
0 0.998862 0.242410 0.979606 0.254252 0.996575 0.283024 0.972229 0.297042 0.939030 0.238021 0.998862 0.205442 0.998862 0.242410
0 0.229374 0.936427 0.215223 0.915160 0.231230 0.904334 0.236180 0.910830 0.235638 0.916398 0.243526 0.926064 0.229374 0.936427
0 0.126132 0.999005 0.122976 0.996233 0.125709 0.991249 0.117027 0.984015 0.120243 0.975655 0.125387 0.970832 0.128120 0.972118 0.130532 0.968581 0.140500 0.974851 0.139053 0.981442 0.149824 0.987230 0.147252 0.994786 0.150637 0.999006 0.126132 0.999005
0 0.748154 0.838049 0.692104 0.823070 0.696002 0.809633 0.690872 0.807992 0.693335 0.801426 0.742784 0.815173 0.743400 0.812301 0.753454 0.814352 0.748154 0.838049
0 0.965875 0.454299 0.948386 0.453873 0.948386 0.442782 0.947106 0.435530 0.946253 0.434251 0.943693 0.432544 0.941134 0.431265 0.912981 0.431691 0.912981 0.434251 0.912128 0.437237 0.905302 0.439369 0.897624 0.426999 0.898904 0.424013 0.900610 0.422307 0.904876 0.420174 0.948812 0.419321 0.949239 0.413776 0.966728 0.414202 0.965875 0.454299
0 0.910460 0.948329 0.931676 0.982743 0.912799 0.990094 0.899768 0.966706 0.886070 0.972887 0.880223 0.959188 0.910460 0.948329
0 0.891216 0.436005 0.898921 0.444163 0.875805 0.460933 0.867421 0.451188 0.891216 0.436005
0 0.816922 0.383976 0.824105 0.377962 0.831790 0.385981 0.822435 0.391159 0.816922 0.383976
0 0.852572 0.404437 0.862424 0.401112 0.866242 0.413797 0.857129 0.417737 0.852572 0.404437
