0 0.040332 0.279386 0.047300 0.284718 0.051604 0.277847 0.063645 0.288112 0.060092 0.294724 0.063622 0.298594 0.048129 0.318748 0.022809 0.296074 0.039563 0.279195 0.040332 0.279386
0 0.073002 0.310622 0.075970 0.309489 0.086552 0.337579 0.064389 0.346398 0.060522 0.336238 0.057199 0.337377 0.051486 0.318814 0.073002 0.310622
0 0.057833 0.350122 0.092780 0.358384 0.081655 0.388886 0.058342 0.378938 0.060231 0.373899 0.050028 0.369490 0.056704 0.350343 0.057833 0.350122
0 0.043887 0.373033 0.048682 0.380998 0.054636 0.377363 0.063580 0.395250 0.042670 0.407595 0.027592 0.379585 0.043026 0.371547 0.043887 0.373033
0 -0.000000 0.376550 0.012554 0.376292 0.012680 0.385488 0.025751 0.385184 0.025751 0.403241 0.015491 0.403446 0.017338 0.409601 -0.000000 0.410833 -0.000000 0.376550
0 -0.000000 0.892633 0.001173 0.892633 0.000943 0.891175 0.014819 0.891731 0.014749 0.896449 0.019570 0.896750 0.020170 0.902156 0.023418 0.901897 0.023824 0.913747 0.026573 0.913441 0.026775 0.923303 -0.000000 0.922524 -0.000000 0.892633
0 -0.000000 0.924400 0.010790 0.924799 0.010551 0.934212 0.016701 0.934380 0.016571 0.954781 -0.000000 0.955041 -0.000000 0.924400
0 0.071655 0.899202 0.074430 0.899270 0.074836 0.890472 0.100119 0.891048 0.094798 0.925744 0.070983 0.923497 0.071815 0.916162 0.069660 0.916048 0.070558 0.899350 0.071655 0.899202
0 0.068735 0.927553 0.085825 0.929287 0.085107 0.932340 0.100799 0.934100 0.098966 0.951975 0.086362 0.950600 0.084757 0.960913 0.070320 0.960225 0.069403 0.954725 0.060695 0.954038 0.060466 0.949913 0.054049 0.948996 0.055653 0.933413 0.062987 0.934788 0.063674 0.927913 0.068735 0.927553
0 0.054308 0.973471 0.053745 0.965593 0.059795 0.965733 0.059372 0.961935 0.080616 0.963201 0.081179 0.969673 0.083236 0.969469 0.083867 0.982240 0.086022 0.982778 0.083867 0.997468 0.062905 0.996905 0.063175 0.995010 0.058303 0.995078 0.058709 0.992777 0.055423 0.992945 0.056085 0.986993 0.054762 0.986221 0.054542 0.973544 0.054308 0.973471
0 0.166357 0.894353 0.199702 0.898342 0.199380 0.904713 0.205020 0.905450 0.204487 0.907904 0.210861 0.908421 0.209627 0.928675 0.201505 0.927132 0.201318 0.929195 0.164279 0.926031 0.165399 0.921450 0.160003 0.920432 0.164992 0.894062 0.166357 0.894353
0 0.158587 0.930301 0.202867 0.938924 0.199027 0.953448 0.200249 0.955077 0.197835 0.969271 0.150872 0.960711 0.157340 0.929865 0.158587 0.930301
0 0.145940 0.967485 0.185742 0.976440 0.185343 0.980668 0.190507 0.981625 0.187926 0.999006 0.157903 0.999006 0.158624 0.994232 0.145947 0.991466 0.147506 0.986788 0.140490 0.985358 0.144908 0.967297 0.145940 0.967485
0 0.261665 0.918659 0.277805 0.926893 0.277364 0.929538 0.283965 0.932429 0.281777 0.937304 0.294062 0.944533 0.283191 0.966681 0.250355 0.944624 0.247204 0.947775 0.240072 0.943297 0.252164 0.920395 0.258273 0.923653 0.261022 0.918664 0.261665 0.918659
0 0.236896 0.993409 0.239873 0.988612 0.238054 0.987084 0.246637 0.973546 0.248091 0.974561 0.255044 0.965697 0.281680 0.982625 0.278491 0.987165 0.281952 0.990270 0.275585 0.999007 0.245807 0.999007 0.236896 0.993409
0 -0.000000 0.277703 0.004285 0.277655 0.004285 0.279748 0.016844 0.281393 0.016096 0.290214 0.009069 0.290065 -0.000000 0.302923 -0.000000 0.277703
0 0.892569 0.981803 0.894064 0.971187 0.902437 0.973131 0.899895 0.983746 0.892569 0.981803
