0 0.334825 0.563763 0.379790 0.603490 0.284620 0.712630 0.237471 0.671157 0.334825 0.563763
0 0.605917 0.741995 0.626931 0.741222 0.627576 0.742511 0.642272 0.741995 0.642659 0.757723 0.636342 0.757723 0.637244 0.771260 0.631185 0.771646 0.631314 0.780542 0.607078 0.781444 0.605917 0.741995
0 0.658322 0.681827 0.644995 0.695154 0.662600 0.710785 0.667372 0.709798 0.677408 0.698281 0.693533 0.713582 0.667372 0.740402 0.650753 0.726581 0.646640 0.731188 0.627225 0.712431 0.631174 0.707988 0.626402 0.703875 0.620479 0.711443 0.610278 0.702723 0.616201 0.696142 0.617188 0.694990 0.613404 0.691699 0.620973 0.683801 0.618669 0.681169 0.618175 0.680017 0.617846 0.678207 0.618011 0.675739 0.613568 0.671790 0.611923 0.673107 0.602216 0.682814 0.594976 0.690547 0.580003 0.674917 0.588230 0.667019 0.586914 0.664715 0.588828 0.662480 0.589028 0.662435 0.597397 0.653574 0.599221 0.653574 0.600987 0.651325 0.602764 0.652100 0.604190 0.653527 0.607152 0.650730 0.609949 0.650894 0.613239 0.647110 0.616366 0.649907 0.616859 0.650236 0.620479 0.646123 0.621302 0.645629 0.658322 0.681827
0 0.600241 0.631808 0.600735 0.632302 0.602874 0.630163 0.612910 0.640200 0.602803 0.651592 0.600837 0.650727 0.598983 0.653085 0.597187 0.653085 0.588773 0.661994 0.588525 0.662051 0.585104 0.658628 0.583129 0.659944 0.566018 0.643490 0.569638 0.640364 0.575232 0.633947 0.576877 0.635264 0.577371 0.635757 0.589711 0.621936 0.600241 0.631808
0 0.245166 0.909676 0.249444 0.903753 0.258329 0.899969 0.270011 0.916751 0.274782 0.913625 0.293046 0.939786 0.276428 0.952291 0.245166 0.909676
0 0.044445 0.839357 0.046964 0.836837 0.049484 0.835998 0.052844 0.835998 0.055364 0.837257 0.057044 0.838727 0.057884 0.839567 0.059144 0.842717 0.059564 0.845027 0.059354 0.847127 0.059144 0.849437 0.057884 0.851957 0.055154 0.854897 0.051584 0.856157 0.048014 0.856997 0.044865 0.855737 0.042975 0.853217 0.041715 0.850487 0.041085 0.846917 0.041715 0.844187 0.042975 0.841457 0.044445 0.839357
0 0.086773 0.887666 0.093741 0.858453 0.098029 0.842104 0.105534 0.843980 0.114378 0.846124 0.103658 0.892222 0.086773 0.887666
0 0.090535 0.915817 0.092016 0.904958 0.095965 0.894428 0.107811 0.898377 0.105673 0.909071 0.101888 0.921247 0.090535 0.915817
0 0.059780 0.855305 0.059780 0.840737 0.067902 0.840479 0.067902 0.855691 0.059780 0.855305
0 0.126042 0.849813 0.134083 0.830784 0.141587 0.829712 0.142659 0.841773 0.152039 0.845793 0.142659 0.862945 0.128186 0.856513 0.126042 0.849813
0 0.014794 0.198165 0.014110 0.164985 0.023003 0.163275 0.033949 0.165327 0.034633 0.198165 0.014794 0.198165
0 0.302914 0.999008 0.303860 0.998371 0.304354 0.996990 0.301985 0.995509 0.300702 0.993733 0.298136 0.995114 0.295175 0.990673 0.311559 0.979619 0.322690 0.995236 0.317441 0.999008 0.302914 0.999008
0 0.410385 0.999009 0.400599 0.991238 0.409280 0.979984 0.416033 0.985772 0.418444 0.991720 0.412299 0.999009 0.410385 0.999009
