0 0.423017 0.915557 0.442256 0.907456 0.465546 0.913531 0.467571 0.980363 0.470609 0.994033 0.439218 0.996564 0.430105 0.981881 0.423017 0.915557
0 -0.000000 0.979389 0.055150 0.984958 0.057166 0.968631 0.077680 0.966456 0.101302 0.971118 0.101302 0.977024 0.108762 0.977024 0.108762 0.987281 0.161913 0.991452 0.161363 0.999007 -0.000000 0.999003 -0.000000 0.979389
0 0.022068 0.831145 0.030889 0.831295 0.030740 0.838621 0.021321 0.838770 0.019078 0.835332 0.022068 0.831145
0 0.236262 0.935521 0.246093 0.935697 0.245895 0.944390 0.235782 0.944199 0.236262 0.935521
0 0.447044 0.826790 0.453164 0.832354 0.453761 0.846880 0.432680 0.848076 0.431424 0.830956 0.437756 0.829982 0.437756 0.825598 0.444443 0.824404 0.447044 0.826790
0 0.476188 0.812194 0.453467 0.831963 0.447373 0.826429 0.440678 0.819023 0.464058 0.799053 0.476188 0.812194
0 0.410385 0.624860 0.420370 0.624655 0.420968 0.637357 0.410385 0.637280 0.410385 0.624860
0 0.473602 0.398173 0.483325 0.396182 0.484965 0.404148 0.477467 0.405788 0.474773 0.404734 0.473602 0.398173
0 0.530712 0.138300 0.532378 0.140928 0.532378 0.147357 0.525650 0.151393 0.519071 0.148553 0.518174 0.141825 0.520469 0.137373 0.530712 0.138300
0 0.537311 0.125827 0.537013 0.138685 0.531553 0.138037 0.520703 0.136904 0.520716 0.136891 0.521762 0.124481 0.537311 0.125827
0 0.655170 0.379043 0.686832 0.373272 0.691184 0.393475 0.658548 0.399692 0.655170 0.379043
0 0.715624 0.490322 0.754074 0.483320 0.758588 0.503856 0.720287 0.511458 0.717800 0.505863 0.715624 0.490322
0 0.568686 0.928054 0.559809 0.898555 0.592338 0.890225 0.597099 0.911646 0.593086 0.913084 0.595161 0.921063 0.568686 0.928054
0 0.243307 0.123190 0.253039 0.124335 0.250558 0.138837 0.240826 0.137692 0.243307 0.123190
0 0.471726 0.435292 0.468989 0.414538 0.510269 0.406784 0.510497 0.410889 0.518708 0.409977 0.518708 0.405415 0.535585 0.401766 0.535585 0.405644 0.546532 0.404275 0.546532 0.400170 0.555882 0.398117 0.554514 0.395152 0.561584 0.386714 0.571391 0.396749 0.576636 0.407468 0.569566 0.411801 0.567742 0.409521 0.558847 0.415222 0.560444 0.428906 0.559532 0.451029 0.548584 0.452625 0.545391 0.434836 0.526918 0.436433 0.523953 0.429591 0.513918 0.431415 0.512550 0.439625 0.474463 0.444871 0.471726 0.435292
