3 0.490424 0.534943 0.495370 0.542944 0.498374 0.545897 0.496181 0.548474 0.481926 0.556808 0.476662 0.548858 0.472126 0.550846 0.456579 0.524816 0.473191 0.515885 0.480157 0.527674 0.484266 0.525352 0.486141 0.528746 0.489803 0.527227 0.493643 0.533301 0.490424 0.534943
3 0.489041 0.512599 0.494969 0.506216 0.494399 0.505304 0.499528 0.500517 0.511382 0.511460 0.505683 0.519096 0.500782 0.523314 0.489041 0.512599
0 0.416205 0.446830 0.441738 0.439421 0.454988 0.459912 0.449931 0.471692 0.451084 0.474300 0.443675 0.484901 0.426805 0.474300 0.416433 0.470425 0.419396 0.458115 0.416205 0.446830
0 0.409045 0.394020 0.421812 0.398010 0.423749 0.402683 0.421014 0.415905 0.404600 0.410548 0.406994 0.402569 0.409045 0.394020
3 0.395050 0.326620 0.371797 0.326050 0.372025 0.318641 0.374875 0.315791 0.384450 0.315791 0.385817 0.316817 0.393341 0.317045 0.395278 0.321604 0.395050 0.326620
3 0.399082 0.291019 0.406437 0.290669 0.406798 0.293643 0.408474 0.297215 0.408619 0.305944 0.407746 0.308271 0.407665 0.311693 0.399992 0.311483 0.399082 0.291019
3 0.380133 0.313881 0.371778 0.313139 0.368250 0.309240 0.369364 0.295129 0.377348 0.295686 0.379204 0.304783 0.380133 0.313881
3 0.461032 0.260881 0.478489 0.260881 0.478900 0.271495 0.478635 0.277756 0.462196 0.278483 0.461032 0.260881
3 0.460119 0.281634 0.468656 0.281004 0.471455 0.284713 0.471315 0.290801 0.460818 0.291501 0.460119 0.281634
3 0.563433 0.167732 0.540410 0.165690 0.540224 0.150650 0.540781 0.135611 0.557491 0.135797 0.560834 0.139139 0.567146 0.139696 0.565661 0.156406 0.563433 0.167732
3 0.555871 0.167573 0.564534 0.177945 0.565218 0.181479 0.551539 0.188204 0.541851 0.174070 0.546524 0.170308 0.555871 0.167573
0 0.434357 0.076855 0.437558 0.096349 0.435230 0.101295 0.407881 0.104786 0.405553 0.107405 0.396388 0.106823 0.380385 0.095621 0.385477 0.075400 0.401334 0.081219 0.434357 0.076855
0 0.291334 0.017470 0.303117 0.020088 0.312719 0.021543 0.312864 0.027799 0.309955 0.043365 0.298317 0.042637 0.283042 0.040019 0.284642 0.029399 0.288861 0.029253 0.291334 0.017470
3 0.062765 0.105184 0.075762 0.110568 0.079475 0.110197 0.103983 0.122451 0.109554 0.129321 0.105655 0.137676 0.098785 0.135633 0.095071 0.143060 0.086716 0.139161 0.084303 0.143803 0.066107 0.134891 0.069078 0.128949 0.053481 0.122265 0.062765 0.105184
3 0.065695 0.088853 0.077093 0.089651 0.077207 0.094552 0.074129 0.101505 0.062731 0.100936 0.065695 0.088853
0 0.405792 0.000009 0.403196 0.005303 0.389704 0.014195 0.384921 0.013609 0.379750 0.017096 0.371039 0.014556 0.373907 0.000009 0.405792 0.000009
0 0.405814 0.018396 0.405960 0.025961 0.402856 0.026300 0.398530 0.026195 0.384138 0.022906 0.385593 0.016068 0.393249 0.016709 0.405814 0.018396
3 0.696741 0.493110 0.724382 0.496020 0.725546 0.499220 0.725109 0.506494 0.721618 0.507221 0.695578 0.504457 0.695869 0.498638 0.696741 0.493110
3 0.840553 0.424649 0.853791 0.426395 0.854810 0.430905 0.853937 0.437306 0.839680 0.435124 0.840553 0.424649
3 0.998858 0.140564 0.995784 0.150204 0.989735 0.148152 0.972068 0.140287 0.969446 0.146328 0.976399 0.149292 0.972752 0.155789 0.970358 0.164566 0.948929 0.156929 0.951778 0.146898 0.957136 0.136070 0.959529 0.119428 0.964545 0.113045 0.987456 0.122962 0.986658 0.125355 0.998858 0.130254 0.998858 0.140564
3 0.919553 0.107613 0.924063 0.096848 0.930609 0.082591 0.947921 0.091174 0.945448 0.100485 0.936137 0.116342 0.927263 0.113723 0.919553 0.107613
3 0.120910 0.951033 0.127293 0.957530 0.126723 0.960266 0.116807 0.970183 0.112019 0.967789 0.108942 0.961292 0.120910 0.951033
3 0.188425 0.999007 0.190123 0.996922 0.192631 0.998404 0.197076 0.988829 0.199128 0.984726 0.206993 0.985068 0.208475 0.982902 0.216340 0.986322 0.230132 0.969908 0.240391 0.977773 0.226371 0.996125 0.224091 0.994871 0.221793 0.999007 0.188425 0.999007
3 0.173725 0.786980 0.181020 0.785156 0.191279 0.784929 0.195382 0.799747 0.186947 0.803964 0.185466 0.805902 0.176254 0.806259 0.174850 0.800550 0.173725 0.786980
3 0.165860 0.790970 0.167684 0.806016 0.163238 0.808068 0.159135 0.807270 0.158223 0.794731 0.159021 0.790970 0.165860 0.790970
0 0.755318 0.707357 0.762343 0.700785 0.771408 0.712569 0.776847 0.708490 0.782286 0.716875 0.768235 0.726619 0.762343 0.720727 0.765289 0.716875 0.755318 0.707357
3 0.841947 0.864501 0.844666 0.859742 0.853051 0.853170 0.863476 0.864954 0.850105 0.877644 0.841947 0.864501
