0 -0.000000 0.427373 0.059902 0.424232 0.061937 0.440045 0.156916 0.434821 0.165806 0.571339 0.042100 0.574964 0.036105 0.572367 0.032708 0.567571 0.030111 0.561977 0.029311 0.557381 -0.000000 0.556779 -0.000000 0.427373
0 0.203896 0.440929 0.338508 0.430447 0.340306 0.466414 0.205764 0.477961 0.203896 0.440929
0 0.206549 0.486211 0.340139 0.477317 0.342337 0.508088 0.207662 0.517879 0.206549 0.486211
0 0.106960 0.648352 0.309690 0.612344 0.315210 0.638349 0.111483 0.676962 0.106960 0.648352
0 0.364978 0.513433 0.401299 0.460203 0.414920 0.470223 0.438248 0.466465 0.506664 0.517504 0.510422 0.534725 0.470570 0.590040 0.445545 0.595437 0.366165 0.535811 0.364978 0.513433
0 0.578998 0.505479 0.612393 0.461271 0.634596 0.458204 0.662948 0.419080 0.683802 0.416013 0.693370 0.401784 0.743580 0.440583 0.749446 0.468125 0.667329 0.559677 0.641062 0.561972 0.579858 0.519639 0.578998 0.505479
0 0.837069 0.455022 0.846144 0.416261 0.867124 0.422255 0.869122 0.418059 0.927268 0.433445 0.931664 0.417459 0.938658 0.419458 0.936659 0.428249 0.944452 0.430048 0.947050 0.423254 0.998865 0.438506 0.998865 0.522233 0.992512 0.520164 0.991458 0.525737 0.936334 0.515504 0.938839 0.502823 0.910658 0.496404 0.903143 0.525211 0.840519 0.533195 0.833317 0.470885 0.838484 0.470258 0.837069 0.455022
0 -0.000000 0.118575 0.069089 0.113526 0.076917 0.202451 0.027524 0.207522 0.027620 0.210694 0.007821 0.212039 0.008013 0.209444 -0.000000 0.209444 -0.000000 0.118575
0 0.094728 0.095561 0.138152 0.084521 0.138023 0.081667 0.212491 0.075296 0.220233 0.153186 0.098586 0.162110 0.094728 0.095561
0 0.571474 0.062210 0.610614 0.063150 0.610049 0.156152 0.570686 0.154753 0.571474 0.062210
0 0.627812 0.063439 0.668292 0.065034 0.666226 0.156925 0.624913 0.154630 0.627812 0.063439
0 0.843555 0.009356 0.834384 0.014323 0.837510 0.021035 0.836332 0.020973 0.843453 0.037425 0.830778 0.044332 0.772163 0.072172 0.772564 0.104287 0.775056 0.104521 0.780826 0.105228 0.781802 0.131950 0.781671 0.141657 0.713590 0.143197 0.713109 0.059253 0.717806 0.059409 0.708260 0.035899 0.786536 0.000007 0.839846 0.000006 0.843555 0.009356
0 0.886961 0.103376 0.880705 0.104235 0.881931 0.130241 0.781802 0.131950 0.780826 0.105228 0.775056 0.104521 0.775267 0.097329 0.781547 0.097629 0.781505 0.089540 0.790914 0.087188 0.790123 0.075717 0.824177 0.072549 0.822792 0.051045 0.849863 0.037447 0.849065 0.021677 0.837510 0.021035 0.834384 0.014323 0.843555 0.009356 0.839846 0.000006 0.885376 0.000005 0.886961 0.103376
0 0.929870 0.087409 0.930211 0.076291 0.971555 0.077120 0.970708 0.124941 0.928970 0.124134 0.929340 0.118817 0.923468 0.118632 0.923653 0.115072 0.913528 0.114518 0.913898 0.094591 0.924162 0.095100 0.924426 0.087298 0.929870 0.087409
0 0.987503 0.000003 0.987471 0.006334 0.980914 0.005971 0.980615 0.011221 0.936384 0.012442 0.932713 0.005361 0.925573 0.005597 0.925750 0.000004 0.987503 0.000003
0 0.596251 0.791013 0.603980 0.771263 0.613425 0.774698 0.616369 0.768810 0.746450 0.827929 0.736268 0.853322 0.728417 0.850746 0.596251 0.791013
0 0.715062 0.794402 0.721168 0.782817 0.750444 0.796907 0.744808 0.809432 0.715062 0.794402
0 0.970782 0.999003 0.975696 0.993621 0.972232 0.990608 0.977579 0.984885 0.983709 0.989794 0.987570 0.985231 0.979717 0.979297 0.985322 0.970741 0.981369 0.967732 0.987623 0.959707 0.991695 0.962480 0.993878 0.959176 0.990751 0.956639 0.998865 0.945875 0.998865 0.999003 0.970782 0.999003
0 0.364919 0.763784 0.379705 0.760188 0.400885 0.757990 0.426062 0.757590 0.446243 0.757590 0.465225 0.757790 0.491601 0.761387 0.512581 0.766382 0.538357 0.772976 0.546550 0.776173 0.539157 0.800350 0.528566 0.796354 0.514180 0.792358 0.497196 0.787562 0.473218 0.783766 0.447442 0.781368 0.423864 0.780369 0.403283 0.782167 0.378906 0.785764 0.368515 0.788361 0.364919 0.763784
0 0.509399 0.082473 0.513657 0.082473 0.514786 0.098312 0.475334 0.100087 0.474753 0.086151 0.482689 0.085764 0.482302 0.066021 0.482387 0.062022 0.508311 0.059668 0.509399 0.082473
0 0.482387 0.062022 0.474551 0.062487 0.474314 0.047301 0.507657 0.046095 0.508311 0.059668 0.482387 0.062022
0 0.505505 0.167250 0.466726 0.171033 0.465674 0.157832 0.469636 0.157316 0.498423 0.154005 0.504385 0.153281 0.505505 0.167250
0 0.502385 0.132472 0.496079 0.133102 0.497971 0.151388 0.498423 0.154005 0.469636 0.157316 0.468650 0.135940 0.462975 0.136255 0.461084 0.119545 0.500809 0.116708 0.502385 0.132472
0 0.457412 0.177414 0.423678 0.180616 0.422769 0.166140 0.425311 0.166068 0.451923 0.163765 0.451201 0.157451 0.455864 0.157091 0.457412 0.177414
0 0.453929 0.135606 0.448703 0.136768 0.451201 0.157451 0.451923 0.163765 0.425311 0.166068 0.423541 0.141026 0.417347 0.141413 0.415992 0.123800 0.452767 0.121090 0.453929 0.135606
0 0.458555 0.070488 0.460035 0.086427 0.465067 0.086427 0.466035 0.102492 0.428503 0.104740 0.426906 0.089296 0.430827 0.089058 0.429639 0.065576 0.457942 0.063319 0.458555 0.070488
0 0.463713 0.069588 0.458555 0.070488 0.457942 0.063319 0.429639 0.065576 0.429045 0.053886 0.437957 0.053173 0.437838 0.050678 0.461971 0.049459 0.463713 0.069588
0 0.413029 0.083444 0.416213 0.082837 0.417505 0.097667 0.381383 0.100440 0.380272 0.086022 0.384973 0.085567 0.383970 0.066449 0.383924 0.062219 0.411504 0.060605 0.413029 0.083444
0 0.403323 0.049777 0.410754 0.049322 0.411504 0.060605 0.383924 0.062219 0.383970 0.066449 0.379665 0.066762 0.378755 0.049170 0.403171 0.047654 0.403323 0.049777
0 0.362354 0.066006 0.364006 0.088323 0.369540 0.087763 0.371022 0.104346 0.335502 0.107536 0.333271 0.066426 0.362258 0.064205 0.362354 0.066006
0 0.365545 0.065874 0.362354 0.066006 0.362258 0.064205 0.333271 0.066426 0.332605 0.054028 0.342008 0.053270 0.341800 0.050449 0.364137 0.048730 0.365545 0.065874
0 0.318171 0.091061 0.322236 0.090673 0.324171 0.113706 0.283331 0.116803 0.282633 0.105680 0.286310 0.105486 0.285923 0.093292 0.289214 0.093099 0.288773 0.073701 0.288542 0.070168 0.316289 0.068057 0.318171 0.091061
0 0.306289 0.056662 0.315134 0.055731 0.316289 0.068057 0.288542 0.070168 0.288773 0.073701 0.284317 0.073793 0.283293 0.056289 0.305984 0.054840 0.306289 0.056662
0 0.376763 0.173659 0.342825 0.175517 0.342295 0.163079 0.372818 0.160978 0.372705 0.158701 0.375701 0.158494 0.376763 0.173659
0 0.376914 0.142909 0.371480 0.142909 0.372705 0.158701 0.372818 0.160978 0.342295 0.163079 0.341342 0.137721 0.336402 0.137750 0.335908 0.122406 0.375926 0.119441 0.376914 0.142909
0 0.330276 0.176085 0.294275 0.179182 0.292827 0.164255 0.296344 0.163881 0.296667 0.166075 0.324803 0.163300 0.324290 0.160590 0.328893 0.160447 0.330276 0.176085
0 0.327037 0.138307 0.322891 0.140917 0.324290 0.160590 0.324803 0.163300 0.296667 0.166075 0.296344 0.163881 0.295146 0.142512 0.292697 0.142585 0.289607 0.142585 0.288894 0.125355 0.325611 0.123097 0.327037 0.138307
0 0.351955 0.835238 0.364559 0.832778 0.369785 0.859524 0.356566 0.861061 0.351955 0.835238
