3 0.014851 0.193633 0.015030 0.193454 0.024501 0.191667 0.027539 0.221688 0.017711 0.220795 0.014851 0.193633
3 0.058096 0.170760 0.065422 0.171653 0.063993 0.185413 0.063278 0.185413 0.056845 0.185413 0.058096 0.170760
3 0.091512 0.254747 0.099375 0.218293 0.108310 0.220973 0.101519 0.256177 0.091512 0.254747
3 0.193726 0.255641 0.194977 0.255998 0.196764 0.260644 0.178358 0.268685 0.175857 0.262252 0.193726 0.255641
0 0.167318 0.297354 0.167178 0.297634 0.181040 0.306315 0.178379 0.311355 0.164518 0.302394 0.167318 0.297354
3 0.174212 0.332808 0.174818 0.332741 0.182226 0.340284 0.178724 0.343584 0.171451 0.335435 0.174212 0.332808
3 0.043243 0.284351 0.046534 0.284131 0.049496 0.295321 0.040720 0.296638 0.039513 0.292140 0.027226 0.294882 0.026349 0.288190 0.043243 0.284351
3 0.389319 0.590651 0.398213 0.596581 0.401862 0.592247 0.406652 0.594528 0.410974 0.593884 0.414862 0.597721 0.413950 0.600458 0.419195 0.603422 0.419423 0.605247 0.426037 0.610036 0.431055 0.610036 0.434476 0.616422 0.442914 0.623492 0.423529 0.649264 0.401406 0.630334 0.375178 0.607528 0.381792 0.597949 0.389319 0.590651
3 0.254454 0.456821 0.257720 0.460517 0.250328 0.466018 0.247492 0.462666 0.254454 0.456821
3 0.507971 0.454618 0.510464 0.455649 0.512355 0.458056 0.510894 0.461666 0.508831 0.463299 0.506854 0.463127 0.504533 0.461065 0.502986 0.458142 0.504189 0.455907 0.505478 0.454704 0.507971 0.454618
3 0.425351 0.576884 0.446259 0.581351 0.445544 0.587784 0.424279 0.583853 0.425351 0.576884
3 0.427909 0.599579 0.431142 0.594124 0.459496 0.610961 0.455792 0.617966 0.427909 0.599579
3 0.328242 0.633517 0.338790 0.625277 0.342746 0.628573 0.333846 0.637473 0.328242 0.633517
3 0.496169 0.633487 0.513989 0.633746 0.513473 0.639944 0.495394 0.638911 0.496169 0.633487
3 0.502626 0.616442 0.507791 0.616958 0.515281 0.619283 0.512956 0.627289 0.500301 0.621349 0.502626 0.616442
3 0.465199 0.516805 0.468040 0.518096 0.468557 0.519129 0.468557 0.521712 0.468557 0.523003 0.468040 0.524036 0.464424 0.525069 0.462100 0.524036 0.460292 0.520679 0.459776 0.518871 0.462617 0.517579 0.465199 0.516805
3 0.004820 0.195701 0.012307 0.193879 0.017366 0.218567 0.007653 0.220186 0.003606 0.196510 0.004820 0.195701
