0 0.045968 0.361300 0.055852 0.358707 0.060737 0.374860 0.051163 0.377692 0.045968 0.361300
0 0.042224 0.330040 0.050606 0.336369 0.045316 0.342220 0.037182 0.336070 0.042224 0.330040
0 0.013797 0.302994 0.022173 0.310336 0.016434 0.316100 0.008128 0.308688 0.013797 0.302994
0 0.035419 0.164864 0.044322 0.163534 0.041878 0.147784 0.070680 0.144417 0.074292 0.169511 0.036896 0.174830 0.035419 0.164864
0 0.050743 0.173133 0.070294 0.170438 0.076777 0.215730 0.057008 0.218365 0.050743 0.173133
0 0.065215 0.217595 0.080853 0.215271 0.082226 0.224991 0.066483 0.227316 0.065215 0.217595
0 0.057682 0.138225 0.069524 0.136982 0.070620 0.143171 0.058539 0.144563 0.057682 0.138225
0 0.062869 0.309173 0.056801 0.315511 0.052486 0.311600 0.058150 0.305262 0.062869 0.309173
0 0.038479 0.299167 0.042620 0.303036 0.038530 0.306808 0.034440 0.303056 0.038479 0.299167
0 0.033128 0.293220 0.037351 0.297021 0.033187 0.301031 0.028997 0.297297 0.033128 0.293220
0 0.005915 0.266490 0.010799 0.270994 0.006356 0.275139 0.001746 0.270524 0.005915 0.266490
