0 0.328032 0.076337 0.328915 0.061034 0.365997 0.063977 0.364525 0.104296 0.325383 0.104296 0.326560 0.083401 0.336567 0.083695 0.336567 0.076632 0.328032 0.076337
0 0.324500 0.126075 0.337744 0.124897 0.338627 0.113125 0.367468 0.113420 0.367174 0.146381 0.361288 0.146676 0.360111 0.155210 0.338627 0.154033 0.338921 0.150207 0.323912 0.149913 0.324500 0.126075
0 0.330011 0.177852 0.331188 0.158723 0.368564 0.161077 0.367093 0.199925 0.321182 0.199336 0.322359 0.178147 0.330011 0.177852
0 0.319618 0.215018 0.334882 0.214723 0.334995 0.202668 0.361148 0.202061 0.360991 0.206005 0.367961 0.205905 0.367589 0.232801 0.338624 0.231916 0.338371 0.238225 0.317979 0.238139 0.319618 0.215018
0 0.316064 0.254125 0.331956 0.254028 0.331608 0.242523 0.359826 0.242407 0.359237 0.275423 0.336611 0.274219 0.336611 0.278161 0.315653 0.277777 0.316064 0.254125
0 0.318778 0.279880 0.354977 0.283117 0.351446 0.319905 0.306712 0.314019 0.308183 0.296361 0.317306 0.296950 0.318778 0.279880
0 0.302898 0.321030 0.342432 0.323876 0.340110 0.365734 0.302145 0.362791 0.302734 0.348370 0.310386 0.348076 0.310680 0.339247 0.301556 0.338953 0.302898 0.321030
0 0.292553 0.368102 0.336090 0.372815 0.333631 0.414170 0.302079 0.411916 0.302830 0.399146 0.290060 0.398394 0.292553 0.368102
0 0.288508 0.427368 0.290425 0.423054 0.329735 0.426410 0.332132 0.432642 0.330215 0.468596 0.300972 0.468596 0.301931 0.453255 0.286590 0.452297 0.288508 0.427368
0 0.284441 0.477726 0.325759 0.481858 0.323881 0.523926 0.284441 0.522048 0.285944 0.504394 0.291578 0.504770 0.292329 0.498009 0.282939 0.496882 0.284441 0.477726
0 0.287654 0.542216 0.311198 0.543099 0.310904 0.561640 0.312964 0.572529 0.308549 0.589305 0.310904 0.598428 0.305606 0.610789 0.279708 0.608728 0.279119 0.555165 0.286182 0.555460 0.287654 0.542216
0 0.294625 0.615226 0.301982 0.616109 0.304631 0.624643 0.297862 0.633178 0.291682 0.631118 0.288444 0.621700 0.294625 0.615226
0 0.236859 0.731313 0.253340 0.726310 0.252163 0.721896 0.257460 0.720424 0.254812 0.713655 0.265112 0.709829 0.263641 0.706592 0.277473 0.700706 0.284242 0.716598 0.280710 0.718364 0.285419 0.733079 0.276590 0.736905 0.277473 0.739259 0.265406 0.743085 0.266584 0.746028 0.252457 0.752503 0.248337 0.740437 0.241568 0.743085 0.236859 0.731313
0 0.288142 0.734506 0.310279 0.745805 0.302438 0.762638 0.278918 0.752723 0.288142 0.734506
0 0.220779 0.038993 0.250473 0.039403 0.250012 0.055007 0.263617 0.055238 0.262464 0.080603 0.243094 0.079681 0.242864 0.071841 0.219804 0.071841 0.220779 0.038993
0 0.223135 0.083102 0.251650 0.083281 0.251701 0.104140 0.264845 0.104371 0.264845 0.124894 0.222185 0.124432 0.223135 0.083102
0 0.222663 0.127760 0.255920 0.128915 0.254997 0.151310 0.266758 0.150618 0.266527 0.168835 0.220408 0.166529 0.222663 0.127760
0 0.219898 0.170449 0.247695 0.170952 0.247170 0.184937 0.260566 0.184916 0.260357 0.209739 0.239834 0.208586 0.240295 0.203513 0.219541 0.203744 0.219898 0.170449
0 0.218741 0.210618 0.246783 0.211471 0.246552 0.224238 0.259926 0.224699 0.259696 0.248681 0.224646 0.247989 0.224876 0.243608 0.217267 0.243838 0.218741 0.210618
0 0.208102 0.256521 0.212483 0.251678 0.254220 0.252600 0.253529 0.275660 0.240385 0.275199 0.239923 0.287189 0.207640 0.286498 0.208102 0.256521
0 0.199252 0.291821 0.242975 0.292364 0.241711 0.324524 0.224908 0.324524 0.225088 0.332112 0.197445 0.329944 0.199252 0.291821
0 0.184693 0.334612 0.231091 0.336556 0.230630 0.360538 0.216333 0.359616 0.214949 0.378985 0.181283 0.377371 0.184693 0.334612
0 0.132972 0.326519 0.165639 0.324753 0.166228 0.356538 0.152984 0.355655 0.151807 0.369487 0.127969 0.368310 0.127674 0.351829 0.132678 0.351535 0.132972 0.326519
0 0.088237 0.320931 0.120400 0.324292 0.117163 0.357254 0.103036 0.356077 0.100976 0.368143 0.078904 0.365494 0.080669 0.349308 0.085378 0.349602 0.088237 0.320931
0 0.048287 0.313354 0.051292 0.309974 0.079839 0.321993 0.069322 0.353169 0.056926 0.349037 0.052043 0.361433 0.032136 0.352794 0.048287 0.313354
0 -0.000000 0.317445 0.014088 0.294616 0.041529 0.312371 0.024465 0.341657 0.015472 0.336814 0.008784 0.345346 -0.000000 0.338198 -0.000000 0.317445
0 0.118578 0.239740 0.151840 0.242392 0.150361 0.281452 0.103928 0.279103 0.104650 0.259590 0.116903 0.259771 0.118578 0.239740
0 0.124236 0.182133 0.124597 0.180507 0.138871 0.185747 0.138148 0.187012 0.161817 0.195323 0.145375 0.232000 0.120623 0.220256 0.124778 0.211222 0.113757 0.205621 0.124236 0.182133
0 0.125660 0.148157 0.164169 0.142622 0.166244 0.151154 0.172932 0.151154 0.173393 0.171677 0.168781 0.172369 0.168781 0.181132 0.140418 0.182976 0.139265 0.171216 0.127043 0.172369 0.125660 0.148157
0 0.103734 0.108887 0.121980 0.105649 0.122569 0.108887 0.146702 0.105649 0.150528 0.139788 0.121392 0.144497 0.118743 0.131842 0.106382 0.133314 0.103734 0.108887
0 0.092296 0.083667 0.091920 0.080662 0.108823 0.076155 0.107696 0.067516 0.132487 0.062633 0.131360 0.058126 0.160282 0.055496 0.162911 0.077282 0.141501 0.079536 0.143004 0.087799 0.138496 0.088550 0.139999 0.097565 0.096428 0.103950 0.092296 0.083667
0 0.047981 0.236214 0.066022 0.236592 0.067520 0.221820 0.089159 0.223137 0.087281 0.243386 0.083664 0.242975 0.081410 0.266263 0.045352 0.262132 0.047981 0.236214
0 0.176597 0.429208 0.195753 0.429583 0.196880 0.425827 0.224676 0.427330 0.222798 0.455876 0.207022 0.455125 0.206646 0.466393 0.173592 0.463389 0.176597 0.429208
0 0.174665 0.478011 0.218987 0.477636 0.216358 0.511065 0.202460 0.509938 0.201709 0.517451 0.171660 0.515197 0.174665 0.478011
0 0.094531 0.433621 0.118945 0.431368 0.119697 0.446768 0.132092 0.446017 0.131716 0.478695 0.097535 0.477568 0.098287 0.455031 0.093028 0.454280 0.094531 0.433621
0 0.056594 0.424982 0.079506 0.429114 0.076501 0.442636 0.087394 0.446017 0.081009 0.479446 0.052838 0.475690 0.056594 0.447143 0.052462 0.446017 0.056594 0.424982
0 0.015652 0.416719 0.037813 0.423104 0.032554 0.437002 0.046077 0.441134 0.034057 0.474188 0.004384 0.462544 0.014149 0.434748 0.009266 0.432495 0.015652 0.416719
0 -0.000000 0.402901 0.010319 0.412319 -0.000000 0.438217 -0.000000 0.402901
0 0.166978 0.576752 0.191111 0.574398 0.190816 0.569689 0.202588 0.568512 0.205237 0.597059 0.193759 0.599708 0.194348 0.607360 0.166095 0.610303 0.163446 0.590290 0.168744 0.589113 0.166978 0.576752
0 0.136482 0.632176 0.157892 0.637810 0.160522 0.631801 0.183810 0.639313 0.174419 0.666357 0.165780 0.664103 0.159395 0.681382 0.124463 0.666733 0.136482 0.632176
0 0.001560 0.564267 0.021573 0.560735 0.020984 0.551318 0.038642 0.550729 0.039819 0.578688 0.031579 0.579865 0.033050 0.593992 0.002737 0.595757 0.001560 0.564267
0 0.029396 0.666414 0.047801 0.662658 0.047425 0.653268 0.067708 0.650263 0.071089 0.677683 0.062449 0.679185 0.063952 0.692332 0.032400 0.697590 0.029396 0.666414
0 0.117229 0.722805 0.153202 0.714043 0.160581 0.750246 0.116537 0.758317 0.113078 0.740561 0.116768 0.740330 0.115384 0.733413 0.118613 0.732260 0.117229 0.722805
0 0.030392 0.940399 0.039783 0.940775 0.038280 0.956175 0.028890 0.955799 0.030392 0.940399
0 0.028890 0.897579 0.046544 0.882555 0.055934 0.895325 0.040534 0.906594 0.040158 0.918613 0.028514 0.917862 0.028890 0.897579
0 0.063446 0.888189 0.084480 0.888189 0.084856 0.898330 0.064949 0.899082 0.063446 0.888189
0 0.090115 0.888564 0.107393 0.889316 0.107017 0.899457 0.091241 0.898330 0.090115 0.888564
0 0.374893 0.000008 0.373508 0.039609 0.351464 0.039483 0.351590 0.034697 0.329546 0.035200 0.330554 0.015172 0.331561 0.000008 0.374893 0.000008
0 -0.000000 0.019239 0.007334 0.020498 0.009097 0.033347 0.021190 0.035362 0.021946 0.060807 -0.000000 0.060304 -0.000000 0.019239
0 -0.000000 0.067704 0.020906 0.067704 0.021389 0.081530 0.035215 0.081530 0.036179 0.105806 0.016887 0.107735 0.016566 0.104359 -0.000000 0.105323 -0.000000 0.067704
0 -0.000000 0.113030 0.023819 0.112400 0.024070 0.125879 0.038808 0.125249 0.039564 0.148553 0.022685 0.149560 0.019662 0.149560 0.019536 0.143892 0.016890 0.144018 0.016890 0.148301 -0.000000 0.148804 -0.000000 0.113030
0 -0.000000 0.157549 0.025020 0.151502 0.027288 0.164099 0.040514 0.160824 0.046434 0.183876 0.029807 0.188536 0.027792 0.183372 0.004110 0.189796 0.003732 0.188410 -0.000000 0.188914 -0.000000 0.157549
0 0.047247 0.186377 0.055131 0.205495 0.048155 0.208778 0.050207 0.213497 0.054105 0.223346 0.022097 0.239556 0.007966 0.203748 0.010532 0.202366 0.010137 0.200787 0.047247 0.186377
0 -0.000000 0.278270 0.007827 0.288599 0.006064 0.289985 0.009843 0.294268 0.004552 0.299306 0.001907 0.296661 -0.000000 0.298677 -0.000000 0.278270
0 0.327324 0.999008 0.328533 0.983428 0.331427 0.983267 0.332231 0.962689 0.336893 0.962689 0.343003 0.963171 0.342359 0.968959 0.339091 0.999008 0.327324 0.999008
0 0.325824 0.958025 0.325985 0.921370 0.333059 0.906579 0.333702 0.906258 0.352512 0.907865 0.352673 0.905132 0.361997 0.904811 0.361515 0.908991 0.379199 0.910116 0.385309 0.919923 0.405405 0.920244 0.405405 0.922174 0.412478 0.924264 0.412157 0.935839 0.394472 0.935196 0.394472 0.931177 0.381289 0.928926 0.381450 0.926836 0.349618 0.923621 0.339811 0.931337 0.339168 0.958346 0.325824 0.958025
0 -0.000000 0.928667 0.005059 0.946376 -0.000000 0.947845 -0.000000 0.928667
