3 0.551101 0.468205 0.577653 0.477688 0.579549 0.465360 0.598514 0.470101 0.596618 0.483377 0.601359 0.481006 0.611316 0.486696 0.605626 0.510403 0.598040 0.513248 0.544937 0.494282 0.551101 0.468205
0 0.246168 0.674081 0.267030 0.671710 0.269874 0.684512 0.315391 0.700633 0.304486 0.725287 0.272245 0.712960 0.248064 0.712486 0.245694 0.719124 0.239530 0.720072 0.234789 0.717701 0.212030 0.726710 0.201599 0.702055 0.246642 0.684512 0.246168 0.674081
0 0.189033 0.648171 0.217089 0.649780 0.216553 0.668543 0.188497 0.666756 0.189033 0.648171
0 0.209405 0.597600 0.230848 0.601353 0.225130 0.629408 0.203686 0.625120 0.209405 0.597600
0 0.244429 0.611360 0.250862 0.612968 0.246931 0.627800 0.240855 0.625656 0.241749 0.620831 0.240319 0.620473 0.240855 0.618150 0.242464 0.618150 0.244429 0.611360
0 0.050153 0.524888 0.076895 0.526568 0.075915 0.536509 0.076055 0.547570 0.048473 0.544490 0.048473 0.535249 0.050153 0.524888
0 0.084021 0.540505 0.084736 0.534072 0.109039 0.535859 0.109039 0.532821 0.131197 0.533357 0.132806 0.547295 0.116902 0.546759 0.116723 0.548903 0.132806 0.552477 0.132448 0.579639 0.106001 0.579997 0.095815 0.565344 0.084021 0.564986 0.084021 0.540505
3 0.501543 0.890379 0.497402 0.927529 0.451197 0.920833 0.451650 0.920371 0.452538 0.903961 0.439377 0.902140 0.442597 0.881279 0.501543 0.890379
3 0.315215 0.953994 0.316518 0.972264 0.286630 0.973496 0.285912 0.955450 0.315215 0.953994
0 0.131361 0.860410 0.132631 0.860605 0.134649 0.861679 0.135690 0.863893 0.135528 0.866041 0.134909 0.867767 0.133347 0.869850 0.130710 0.870469 0.127487 0.868841 0.126641 0.866009 0.126836 0.863926 0.127683 0.862070 0.129115 0.860801 0.131361 0.860410
0 0.015731 0.772290 0.034161 0.774541 0.032895 0.781997 0.028533 0.781435 0.027830 0.786359 0.017138 0.784952 0.017700 0.779324 0.015027 0.779043 0.015731 0.772290
0 0.026704 0.797473 0.034442 0.800287 0.031066 0.808587 0.023328 0.805352 0.026704 0.797473
0 0.124582 0.656519 0.132588 0.657552 0.130780 0.665558 0.124065 0.664525 0.124582 0.656519
0 0.122516 0.670207 0.127681 0.670207 0.127165 0.678213 0.121999 0.676921 0.122516 0.670207
3 0.441694 0.573004 0.441177 0.581785 0.432913 0.581010 0.433429 0.573520 0.441694 0.573004
0 0.392107 0.558541 0.392365 0.571971 0.386942 0.572746 0.385392 0.569905 0.384876 0.559316 0.392107 0.558541
