0 0.116573 0.157644 0.128833 0.158699 0.128833 0.155298 0.156799 0.157754 0.156799 0.160589 0.165680 0.161156 0.166625 0.147740 0.187411 0.150007 0.184387 0.179107 0.189300 0.179485 0.187600 0.199514 0.142061 0.195168 0.142438 0.190255 0.114403 0.187610 0.116573 0.157644
0 0.450188 0.000009 0.454363 0.052437 0.431909 0.053481 0.430818 0.041847 0.429546 0.041938 0.426255 0.000009 0.450188 0.000009
0 0.772858 0.376887 0.817274 0.408570 0.794918 0.436997 0.751390 0.403240 0.772858 0.376887
3 0.904519 0.459849 0.922425 0.462212 0.919516 0.480118 0.901520 0.477573 0.904519 0.459849
3 0.947337 0.479031 0.966788 0.479576 0.966970 0.491665 0.947064 0.490847 0.947337 0.479031
3 0.974035 0.262786 0.987669 0.262786 0.988215 0.271057 0.993759 0.271148 0.993850 0.273057 0.998861 0.272982 0.998861 0.301391 0.991396 0.301233 0.990760 0.287963 0.984397 0.288236 0.984306 0.285509 0.973944 0.285327 0.974035 0.262786
3 0.104238 0.582589 0.117016 0.574833 0.124047 0.584653 0.110655 0.592912 0.104238 0.582589
0 0.156938 0.092682 0.175067 0.090045 0.175727 0.096637 0.157597 0.098944 0.156938 0.092682
0 0.002286 0.136666 0.001881 0.131607 0.005524 0.131607 0.008761 0.132821 0.009166 0.136464 0.010785 0.138487 0.008559 0.144963 0.001274 0.142939 0.002286 0.136666
0 0.346183 0.041263 0.354753 0.040604 0.355412 0.049504 0.346842 0.049504 0.346183 0.041263
0 0.413755 0.064337 0.420677 0.064337 0.421336 0.077522 0.413755 0.076533 0.413755 0.064337
0 0.418560 0.084478 0.422186 0.085137 0.419878 0.093707 0.414604 0.092059 0.417241 0.083818 0.418560 0.084478
0 0.439480 0.126388 0.446732 0.123751 0.453983 0.137266 0.446402 0.139903 0.439480 0.126388
0 0.429262 0.095074 0.435195 0.092438 0.446732 0.118148 0.438821 0.120125 0.429262 0.095074
