0 0.131538 0.012494 0.134047 0.011810 0.197222 0.013862 0.198362 0.021845 0.195625 0.028002 0.189011 0.032792 0.186730 0.033248 0.147731 0.033020 0.147503 0.029827 0.132907 0.028687 0.131538 0.012494
0 0.129258 0.063581 0.130854 0.058791 0.146591 0.061756 0.145907 0.070879 0.155485 0.071791 0.156626 0.064949 0.173959 0.068826 0.172362 0.077493 0.175099 0.078405 0.167345 0.104861 0.156170 0.103492 0.155942 0.101212 0.147503 0.100299 0.146591 0.103492 0.120135 0.095282 0.129258 0.063581
3 0.181029 0.064721 0.181713 0.064949 0.201099 0.069054 0.201099 0.071563 0.207941 0.073388 0.205204 0.084335 0.199730 0.082966 0.197678 0.087072 0.178292 0.085931 0.178064 0.073160 0.181029 0.064721
3 0.545882 0.000009 0.567108 0.008582 0.561868 0.020516 0.570892 0.024300 0.557502 0.055737 0.521991 0.040019 0.533052 0.016441 0.523446 0.011784 0.528391 0.000009 0.545882 0.000009
3 0.507437 0.063887 0.508019 0.063305 0.535089 0.089211 0.544986 0.079314 0.548188 0.084262 0.546150 0.093286 0.545859 0.098525 0.545859 0.123849 0.533343 0.125304 0.518789 0.117154 0.510639 0.113079 0.488808 0.097070 0.497540 0.085718 0.491719 0.078732 0.507437 0.063887
0 0.569727 0.104638 0.594469 0.102600 0.595342 0.107548 0.599126 0.107548 0.601164 0.101145 0.624450 0.098816 0.625614 0.130253 0.569727 0.133454 0.569727 0.104638
0 0.588968 0.164313 0.600941 0.164849 0.601120 0.171819 0.588432 0.172176 0.588968 0.164313
0 0.855882 0.027144 0.863387 0.035722 0.871428 0.046980 0.884473 0.061454 0.885545 0.061097 0.883401 0.057880 0.879827 0.053949 0.879291 0.050196 0.881435 0.046622 0.879827 0.042333 0.877325 0.044120 0.876432 0.043942 0.873215 0.042870 0.873751 0.041440 0.875002 0.039117 0.878755 0.035722 0.884473 0.033041 0.886975 0.038223 0.887868 0.043048 0.903057 0.060024 0.901807 0.064492 0.898411 0.069317 0.893944 0.071640 0.890191 0.072890 0.870535 0.092190 0.867676 0.090224 0.833545 0.056450 0.831758 0.049303 0.855882 0.027144
0 0.925055 0.238378 0.961440 0.242162 0.960566 0.285241 0.946886 0.283204 0.920689 0.283204 0.919816 0.279420 0.903806 0.280293 0.887506 0.265739 0.892454 0.234594 0.925055 0.238378
0 0.964427 0.151098 0.964287 0.150958 0.992990 0.160199 0.989070 0.176860 0.960367 0.167479 0.961207 0.163559 0.964427 0.151098
0 0.945949 0.156562 0.946789 0.156282 0.960230 0.162582 0.956590 0.171683 0.942309 0.166363 0.943289 0.161602 0.945949 0.156562
0 -0.000000 0.711505 0.011043 0.686866 0.029288 0.696217 0.008078 0.741830 -0.000000 0.738701 -0.000000 0.711505
0 0.102934 0.694271 0.103494 0.693991 0.156279 0.681110 0.162019 0.709393 0.152078 0.712613 0.145498 0.711773 0.138497 0.705752 0.123655 0.701552 0.105314 0.704772 0.102934 0.694271
0 0.209204 0.667389 0.210044 0.667109 0.213124 0.669069 0.215224 0.666549 0.224185 0.670469 0.231606 0.661648 0.238886 0.668929 0.232166 0.678730 0.232026 0.684610 0.223065 0.697632 0.216904 0.705332 0.188762 0.685170 0.201363 0.669489 0.205143 0.672289 0.209204 0.667389
0 0.235873 0.691761 0.244211 0.699239 0.247477 0.697176 0.254955 0.691159 0.265786 0.702162 0.263465 0.704740 0.261746 0.710328 0.260800 0.712648 0.236389 0.738521 0.213009 0.715141 0.222636 0.703107 0.235873 0.691761
0 0.339542 0.623336 0.348436 0.613073 0.372611 0.627213 0.316735 0.697229 0.295981 0.681493 0.339542 0.623336
0 0.293928 0.684002 0.294385 0.684002 0.320384 0.704071 0.314683 0.716159 0.326542 0.719352 0.366454 0.734404 0.358471 0.757211 0.350717 0.762913 0.350261 0.766562 0.306472 0.751053 0.312630 0.733492 0.297806 0.727562 0.304191 0.712282 0.287086 0.697229 0.286174 0.691756 0.293928 0.684002
0 0.425025 0.722735 0.444867 0.725928 0.446007 0.719314 0.466533 0.721366 0.465165 0.735963 0.469954 0.736647 0.467218 0.755120 0.450113 0.755120 0.448060 0.766296 0.434376 0.766524 0.435060 0.760366 0.417271 0.756489 0.425025 0.722735
3 0.231183 0.489694 0.232163 0.489274 0.235664 0.489274 0.251345 0.511256 0.246585 0.515037 0.250308 0.520741 0.230483 0.533378 0.226283 0.528058 0.217042 0.532538 0.220262 0.539259 0.219842 0.542619 0.216762 0.540379 0.213262 0.537719 0.211301 0.537859 0.206541 0.538699 0.203881 0.542619 0.191559 0.539819 0.194360 0.515597 0.205141 0.514057 0.206261 0.510276 0.210461 0.503276 0.231183 0.489694
0 0.422721 0.548647 0.429408 0.547904 0.437952 0.555705 0.437952 0.567222 0.460985 0.577252 0.453183 0.595084 0.431265 0.603257 0.419749 0.595455 0.412319 0.573165 0.408604 0.575023 0.396344 0.580967 0.389657 0.577623 0.396344 0.568336 0.422721 0.548647
0 0.518244 0.533544 0.543859 0.548389 0.527559 0.578661 0.503399 0.564107 0.510967 0.551300 0.511841 0.547807 0.510094 0.548971 0.503982 0.557994 0.484188 0.548389 0.488555 0.537328 0.491174 0.531215 0.497578 0.530633 0.509221 0.538201 0.511550 0.539657 0.513587 0.536746 0.515043 0.539074 0.518244 0.533544
0 0.998839 0.693975 0.992321 0.693782 0.995058 0.659116 0.998839 0.658749 0.998839 0.693975
0 0.988300 0.000003 0.986028 0.001908 0.980008 0.008209 0.970067 0.015490 0.962786 0.018710 0.954805 0.018710 0.949345 0.017870 0.944724 0.014370 0.940804 0.011289 0.938564 0.006949 0.937584 0.003449 0.938173 0.000004 0.988300 0.000003
