3 0.918075 0.634257 0.998857 0.600489 0.998857 0.645829 0.996981 0.646434 0.992110 0.635475 0.928060 0.660803 0.918075 0.634257
0 0.883249 0.688079 0.867906 0.657637 0.891286 0.648139 0.903950 0.678824 0.883249 0.688079
4 0.774825 0.409067 0.775799 0.391776 0.797230 0.391288 0.797230 0.408823 0.774825 0.409067
3 0.763505 0.181338 0.764650 0.164737 0.765795 0.163402 0.767513 0.158631 0.780870 0.158631 0.780870 0.157295 0.788503 0.157105 0.788693 0.158249 0.798234 0.158631 0.798807 0.177713 0.804913 0.177331 0.804913 0.178858 0.821514 0.179621 0.823995 0.177522 0.831818 0.178285 0.832009 0.181338 0.837734 0.182292 0.834108 0.200802 0.822277 0.211297 0.818461 0.206717 0.811592 0.210534 0.788312 0.208625 0.775909 0.202328 0.779153 0.190116 0.769993 0.189544 0.763505 0.181338
3 0.751891 0.132384 0.754944 0.125515 0.760096 0.123797 0.766011 0.126469 0.770209 0.136010 0.767156 0.136964 0.762767 0.136773 0.760287 0.141925 0.752463 0.136582 0.751891 0.132384
3 0.759714 0.112730 0.764676 0.099945 0.784711 0.108723 0.777651 0.120935 0.759714 0.112730
3 0.752463 0.136582 0.760287 0.141925 0.767513 0.158631 0.764650 0.164737 0.740076 0.158550 0.741602 0.154734 0.742556 0.136987 0.748090 0.133744 0.752463 0.136582
3 0.748304 0.034547 0.769086 0.037537 0.767143 0.047704 0.746809 0.044265 0.748304 0.034547
3 0.679118 0.885392 0.675388 0.885081 0.659536 0.823849 0.689064 0.813902 0.706470 0.876067 0.679118 0.885392
3 0.659536 0.823849 0.656072 0.806250 0.683835 0.800649 0.689064 0.813902 0.659536 0.823849
4 0.189908 0.955671 0.213044 0.960054 0.211096 0.973936 0.189421 0.970526 0.189908 0.955671
4 0.679999 0.936066 0.677457 0.917526 0.688521 0.917227 0.689418 0.935767 0.679999 0.936066
3 0.705357 0.879726 0.725202 0.875528 0.727111 0.890031 0.706311 0.894419 0.705357 0.879726
0 0.689138 0.909112 0.711845 0.899762 0.713562 0.909112 0.691046 0.916936 0.689138 0.909112
0 0.896388 0.635510 0.906485 0.633407 0.909009 0.643924 0.900595 0.646448 0.896388 0.635510
