0 0.775903 0.580613 0.797905 0.595280 0.798677 0.604158 0.788255 0.616124 0.779893 0.613168 0.757490 0.644445 0.748179 0.646336 0.737560 0.637753 0.735814 0.633534 0.772038 0.581308 0.775903 0.580613
0 0.705829 0.677874 0.717569 0.680153 0.730449 0.683573 0.732501 0.685739 0.730791 0.694287 0.729310 0.695313 0.704347 0.690640 0.703321 0.688588 0.704803 0.679013 0.705829 0.677874
0 0.701727 0.697222 0.713623 0.698551 0.715233 0.699741 0.715093 0.705199 0.712784 0.706739 0.702497 0.706039 0.700888 0.704919 0.701238 0.697851 0.701727 0.697222
0 0.750636 0.570395 0.756018 0.571995 0.757328 0.575050 0.754855 0.578833 0.749763 0.578978 0.748308 0.576214 0.749763 0.571704 0.750636 0.570395
0 0.735361 0.567194 0.739725 0.568504 0.740598 0.570540 0.737397 0.574468 0.734342 0.573886 0.732597 0.571995 0.732742 0.569522 0.735361 0.567194
0 0.910075 0.571585 0.921924 0.574665 0.923346 0.578220 0.920739 0.584855 0.918843 0.585803 0.910075 0.584381 0.907943 0.582248 0.909364 0.573954 0.910075 0.571585
0 0.938311 0.777842 0.943403 0.777842 0.944130 0.779151 0.943839 0.794281 0.942675 0.795590 0.938456 0.796027 0.936856 0.795008 0.937438 0.779151 0.938311 0.777842
0 0.926382 0.778570 0.932346 0.779442 0.933074 0.780315 0.931474 0.786425 0.929873 0.787880 0.924927 0.786716 0.924054 0.785261 0.924927 0.780024 0.926382 0.778570
3 0.924023 0.732374 0.926655 0.732374 0.927039 0.732758 0.927039 0.734458 0.927587 0.734458 0.927587 0.736815 0.927093 0.737418 0.924242 0.737528 0.923310 0.736925 0.923420 0.732758 0.924023 0.732374
3 0.791512 0.527344 0.796642 0.525976 0.798352 0.526090 0.800973 0.529624 0.800745 0.532245 0.799377 0.534297 0.796642 0.534753 0.792880 0.533727 0.791854 0.532929 0.791284 0.528598 0.791512 0.527344
3 0.946363 0.686342 0.954656 0.691792 0.954183 0.695110 0.941149 0.711934 0.936884 0.711934 0.931671 0.706958 0.930723 0.704825 0.943282 0.687527 0.946363 0.686342
