0 -0.000000 0.108636 0.108963 0.112537 0.108177 0.166583 -0.000000 0.162682 -0.000000 0.108636
0 0.063287 0.246890 0.054992 0.234230 0.054119 0.221133 0.089044 0.204544 0.097775 0.227245 0.096466 0.232484 0.063287 0.246890
0 -0.000000 0.223908 0.002708 0.222032 0.006728 0.220691 0.010748 0.220423 0.014232 0.220959 0.021200 0.222836 0.024952 0.226320 0.026829 0.230072 0.027633 0.234628 0.027633 0.237844 0.027365 0.241596 0.026025 0.245884 0.025221 0.248565 0.023076 0.250977 0.019860 0.253389 0.014232 0.255265 0.008604 0.255533 0.002440 0.254729 -0.000000 0.253389 -0.000000 0.223908
0 0.177297 0.161644 0.204806 0.161644 0.204806 0.166474 0.236725 0.166684 0.236305 0.180964 0.236305 0.194823 0.153567 0.195033 0.153567 0.162484 0.177297 0.161644
0 0.512793 0.097531 0.546999 0.098215 0.545631 0.123185 0.512793 0.122501 0.511767 0.111897 0.512793 0.097531
0 0.529010 0.161748 0.499821 0.161538 0.499191 0.145999 0.532790 0.146209 0.534260 0.145369 0.554839 0.144949 0.554839 0.158598 0.547489 0.158598 0.547784 0.196229 0.542240 0.196817 0.535100 0.197027 0.535520 0.202277 0.525860 0.202067 0.525860 0.195977 0.516410 0.195767 0.516200 0.176238 0.529850 0.175818 0.529010 0.161748
0 0.571539 0.161668 0.603968 0.161668 0.603700 0.209105 0.576631 0.208837 0.576631 0.196509 0.584939 0.197045 0.584939 0.186057 0.571271 0.185788 0.571539 0.161668
0 0.901205 0.237970 0.844082 0.278333 0.836215 0.275254 0.830063 0.264225 0.826456 0.258709 0.825583 0.257195 0.824743 0.253205 0.824743 0.251315 0.826213 0.248585 0.828523 0.246695 0.831463 0.246065 0.833563 0.246065 0.836503 0.247535 0.837763 0.248165 0.838183 0.251105 0.856662 0.238716 0.851622 0.231786 0.868212 0.221496 0.868002 0.217716 0.877661 0.211416 0.881441 0.215826 0.886271 0.222756 0.886901 0.223596 0.886481 0.229266 0.892151 0.224856 0.901205 0.237970
0 0.750053 0.587189 0.745948 0.580690 0.745606 0.576585 0.746632 0.573165 0.748684 0.571797 0.750737 0.570771 0.754499 0.571455 0.757578 0.574533 0.760314 0.578638 0.761341 0.582058 0.758946 0.585821 0.756210 0.586847 0.752789 0.587531 0.750053 0.587189
0 0.167055 0.471328 0.164318 0.469276 0.162950 0.466198 0.162608 0.461751 0.162950 0.456620 0.164318 0.454568 0.166370 0.452857 0.169107 0.452173 0.171843 0.452173 0.175264 0.453199 0.177316 0.455252 0.178342 0.457646 0.179027 0.463119 0.178685 0.466198 0.177658 0.469276 0.174922 0.471670 0.171843 0.472355 0.169107 0.472355 0.167055 0.471328
0 0.830063 0.264225 0.822379 0.266870 0.821623 0.270901 0.812050 0.270146 0.813309 0.259816 0.818600 0.253014 0.820615 0.254526 0.821623 0.261202 0.826456 0.258709 0.830063 0.264225
