3 0.610494 0.528047 0.610183 0.524317 0.622616 0.523696 0.622616 0.520277 0.630386 0.519966 0.629765 0.513128 0.637846 0.512506 0.637224 0.475518 0.660847 0.473032 0.670793 0.514993 0.661469 0.515303 0.664266 0.551670 0.668307 0.551048 0.669861 0.561305 0.646549 0.563170 0.646238 0.567832 0.631940 0.570630 0.631008 0.563170 0.613602 0.564724 0.610494 0.528047
3 0.557307 0.511452 0.557794 0.496840 0.569971 0.497814 0.569971 0.500249 0.568754 0.500736 0.568997 0.509260 0.583122 0.507799 0.583609 0.529474 0.568997 0.529474 0.568754 0.540676 0.553411 0.540189 0.553167 0.544329 0.533441 0.542381 0.532954 0.531909 0.529301 0.531422 0.531979 0.501954 0.547322 0.502685 0.547566 0.507799 0.553654 0.507068 0.557307 0.511452
3 0.531694 0.503636 0.529301 0.531422 0.519446 0.529198 0.521163 0.503628 0.531694 0.503636
1 0.498167 0.506968 0.498017 0.493512 0.514613 0.493064 0.514762 0.511304 0.514762 0.515042 0.498466 0.515042 0.498167 0.506968
1 0.483464 0.459620 0.500637 0.458093 0.503690 0.492440 0.485372 0.495684 0.483464 0.459620
1 0.484227 0.457521 0.483273 0.446835 0.503690 0.444927 0.504644 0.455612 0.484227 0.457521
3 0.376102 0.470941 0.381827 0.446135 0.395948 0.449188 0.393849 0.461782 0.399764 0.464263 0.396711 0.477238 0.390032 0.474376 0.389460 0.479146 0.377247 0.476093 0.378392 0.471895 0.376102 0.470941
1 0.344316 0.499134 0.351154 0.471160 0.375087 0.478309 0.367627 0.505972 0.344316 0.499134
3 0.270467 0.609201 0.276069 0.589962 0.283131 0.591667 0.287028 0.578516 0.309190 0.583873 0.300666 0.613585 0.297013 0.613098 0.291655 0.633068 0.272172 0.626736 0.277286 0.612367 0.270467 0.609201
1 0.444817 0.613075 0.444054 0.601054 0.447298 0.594184 0.463326 0.596283 0.469242 0.597238 0.465998 0.615938 0.444817 0.613075
0 0.192891 0.725134 0.183637 0.687630 0.216271 0.680567 0.222603 0.710522 0.230883 0.709792 0.238433 0.728787 0.202633 0.736824 0.199467 0.724160 0.192891 0.725134
0 0.170028 0.843108 0.147623 0.840185 0.152493 0.815832 0.176847 0.819485 0.173437 0.843351 0.170028 0.843108
3 0.546646 0.949279 0.537632 0.893331 0.558146 0.890845 0.568093 0.953009 0.548822 0.955495 0.546646 0.949279
3 0.570246 0.999008 0.569340 0.985753 0.599295 0.983805 0.599782 0.995008 0.599295 0.997199 0.595607 0.999008 0.570246 0.999008
3 0.465968 0.988976 0.484964 0.967057 0.501768 0.981426 0.484017 0.999008 0.467752 0.999008 0.465968 0.988976
3 0.453923 0.995195 0.426882 0.995817 0.426571 0.974059 0.452991 0.972505 0.453923 0.995195
3 0.303027 0.970478 0.308622 0.945923 0.328515 0.951518 0.322920 0.974829 0.303027 0.970478
3 0.289647 0.997507 0.290657 0.982417 0.308374 0.987080 0.305218 0.999007 0.270057 0.999006 0.272964 0.992968 0.289647 0.997507
0 0.107944 0.620533 0.125138 0.616944 0.128427 0.633092 0.112280 0.636530 0.107944 0.620533
0 0.074305 0.630849 0.074753 0.608871 0.083873 0.612459 0.085817 0.607675 0.095236 0.609768 0.095236 0.613207 0.105104 0.613805 0.107944 0.620533 0.106001 0.633690 0.101516 0.632195 0.100020 0.640119 0.074305 0.630849
3 0.296472 0.576235 0.303690 0.560272 0.314567 0.565806 0.308270 0.581071 0.296472 0.576235
1 0.668291 0.251828 0.671088 0.237530 0.723928 0.247787 0.721131 0.263018 0.716468 0.261153 0.712738 0.279491 0.693467 0.275450 0.694400 0.269545 0.679480 0.266747 0.680413 0.258044 0.668291 0.251828
3 0.677771 0.291321 0.727503 0.294740 0.724705 0.332660 0.712583 0.332660 0.711029 0.327065 0.688961 0.329241 0.685852 0.327376 0.682433 0.312767 0.676217 0.302510 0.677771 0.291321
3 0.675353 0.418025 0.668777 0.377354 0.676327 0.374919 0.675596 0.365178 0.698002 0.362986 0.698002 0.371753 0.700437 0.380764 0.716754 0.379059 0.728200 0.377598 0.731366 0.395133 0.719433 0.398055 0.714806 0.408284 0.715780 0.420461 0.701655 0.422896 0.699706 0.415590 0.695810 0.415346 0.675353 0.418025
3 0.194151 0.437980 0.208764 0.428969 0.221671 0.449426 0.206328 0.456975 0.194151 0.437980
3 0.221671 0.449426 0.208764 0.428969 0.231900 0.416061 0.244077 0.438710 0.221671 0.449426
1 0.097644 0.971928 0.103594 0.942969 0.176586 0.944556 0.175396 0.979862 0.125016 0.976688 0.122636 0.986606 0.098040 0.984226 0.097644 0.971928
3 0.511096 0.863854 0.510785 0.837124 0.512028 0.817542 0.542489 0.818785 0.541556 0.835880 0.546529 0.836191 0.544354 0.862611 0.511096 0.863854
3 0.277030 0.188952 0.291683 0.176094 0.303045 0.189849 0.287347 0.204949 0.274638 0.192241 0.277030 0.188952
3 0.272695 0.187755 0.254604 0.170711 0.266565 0.159647 0.283609 0.177140 0.272695 0.187755
3 0.272695 0.187755 0.268658 0.192689 0.250119 0.175645 0.254604 0.170711 0.272695 0.187755
3 0.283609 0.177140 0.287035 0.180195 0.277030 0.188952 0.272695 0.187755 0.283609 0.177140
3 0.363452 0.216695 0.362721 0.219374 0.316936 0.206954 0.324486 0.183331 0.368566 0.197456 0.363452 0.216695
3 0.279164 0.682680 0.303517 0.642009 0.324218 0.653455 0.322270 0.658326 0.343945 0.675373 0.331768 0.697779 0.305222 0.681218 0.296698 0.693395 0.279164 0.682680
3 0.188544 0.789828 0.196824 0.747209 0.248210 0.750619 0.247723 0.764744 0.216064 0.764257 0.213872 0.788124 0.188544 0.789828
3 0.724705 0.332660 0.725033 0.338555 0.687735 0.335136 0.688961 0.329241 0.711029 0.327065 0.712583 0.332660 0.724705 0.332660
3 0.759201 0.586736 0.790540 0.576026 0.799267 0.626803 0.767532 0.634340 0.759201 0.586736
3 0.211259 0.992782 0.217165 0.966362 0.237368 0.970713 0.233017 0.996822 0.211259 0.992782
3 0.457833 0.966659 0.457261 0.950248 0.474053 0.950439 0.474816 0.968758 0.458024 0.970093 0.457833 0.966659
3 0.237862 0.999006 0.239315 0.984798 0.251510 0.984798 0.251535 0.999006 0.237862 0.999006
3 0.253251 0.999006 0.256188 0.987638 0.265710 0.990144 0.266762 0.999006 0.253251 0.999006
3 0.357777 0.791331 0.401982 0.790080 0.401148 0.825944 0.359028 0.823442 0.357777 0.791331
3 0.307734 0.780488 0.342347 0.791331 0.319411 0.850966 0.281044 0.834701 0.307734 0.780488
3 0.748559 0.507829 0.812485 0.512920 0.805130 0.561006 0.738942 0.543469 0.748559 0.507829
