3 0.360918 0.962880 0.369908 0.964378 0.368623 0.973581 0.359206 0.971655 0.360918 0.962880
3 0.510098 0.929491 0.518874 0.925424 0.524867 0.939122 0.515449 0.943189 0.510098 0.929491
0 0.801328 0.793056 0.807112 0.798840 0.799993 0.804180 0.794653 0.797061 0.801328 0.793056
0 0.950694 0.855093 0.963536 0.854023 0.965462 0.870289 0.952192 0.872002 0.950694 0.855093
0 0.960325 0.875640 0.960111 0.880563 0.950480 0.880563 0.950480 0.875426 0.960325 0.875640
0 0.964392 0.716829 0.976378 0.730955 0.972097 0.733737 0.975736 0.739302 0.981515 0.740158 0.984083 0.746365 0.981086 0.751716 0.975736 0.752144 0.973381 0.750432 0.976592 0.787459 0.955831 0.784249 0.954975 0.761347 0.938494 0.736734 0.964392 0.716829
0 0.936996 0.759849 0.948554 0.756853 0.951336 0.768410 0.939564 0.771835 0.936996 0.759849
0 0.933143 0.641061 0.949838 0.644914 0.943631 0.674664 0.925010 0.671240 0.933143 0.641061
0 0.998856 0.244497 0.986651 0.251738 0.974665 0.224770 0.998856 0.212532 0.998856 0.244497
0 0.998856 0.349228 0.980134 0.346884 0.980134 0.338830 0.976376 0.326481 0.986040 0.317891 0.998856 0.325550 0.998856 0.349228
0 0.940830 0.081094 0.943097 0.074068 0.956241 0.075428 0.954654 0.083133 0.940830 0.081094
0 0.911953 0.025847 0.922645 0.026014 0.923981 0.030525 0.922143 0.033031 0.914459 0.037374 0.911953 0.033031 0.911953 0.025847
