0 0.078924 0.999005 0.062563 0.997091 0.064118 0.976266 0.102659 0.980306 0.104164 0.975333 0.109187 0.974090 0.109808 0.965387 0.083389 0.963211 0.085564 0.946116 0.108565 0.947981 0.107279 0.954050 0.121173 0.954530 0.120170 0.961177 0.131965 0.961523 0.142074 0.954768 0.142456 0.952478 0.157022 0.942820 0.154770 0.940093 0.164198 0.933152 0.166450 0.935251 0.179743 0.925912 0.185338 0.932129 0.196217 0.924669 0.204298 0.936170 0.207096 0.933994 0.222948 0.954508 0.184986 0.980928 0.177257 0.972225 0.161716 0.983415 0.169175 0.991496 0.159293 0.999006 0.078924 0.999005
0 0.249199 0.818880 0.218089 0.818852 0.218853 0.784696 0.228394 0.784314 0.228203 0.780307 0.246712 0.779544 0.246712 0.765996 0.252246 0.765805 0.252437 0.758554 0.256635 0.758363 0.256635 0.743670 0.264649 0.743098 0.265221 0.735274 0.270374 0.735274 0.270183 0.727642 0.283308 0.727451 0.283664 0.737147 0.281673 0.739787 0.282446 0.770640 0.289360 0.769992 0.296584 0.770447 0.300719 0.774973 0.302509 0.780612 0.301894 0.788305 0.297600 0.794248 0.291489 0.796410 0.291002 0.801642 0.282202 0.802076 0.282049 0.825185 0.291115 0.825185 0.291025 0.848989 0.262566 0.849566 0.262413 0.833186 0.256749 0.833736 0.256993 0.819611 0.255288 0.817176 0.255393 0.801885 0.250121 0.802162 0.249199 0.818880
0 0.399465 0.555675 0.417316 0.546948 0.419995 0.552306 0.439933 0.542566 0.462449 0.588935 0.448138 0.595423 0.451573 0.602865 0.426194 0.615459 0.396808 0.556305 0.399465 0.555675
0 0.471192 0.602418 0.472528 0.609096 0.493327 0.605089 0.502487 0.654893 0.489320 0.657373 0.490406 0.667420 0.462987 0.672829 0.450604 0.606390 0.471192 0.602418
0 0.364245 0.647146 0.359618 0.639840 0.376666 0.628394 0.414901 0.685138 0.390547 0.700724 0.387138 0.695367 0.375692 0.702186 0.347685 0.659080 0.364245 0.647146
0 0.475054 0.675082 0.494293 0.672890 0.495024 0.680440 0.514507 0.678735 0.520108 0.734505 0.505496 0.735236 0.506226 0.742542 0.477245 0.745464 0.470670 0.682875 0.475541 0.681901 0.475054 0.675082
0 0.405889 0.709180 0.424641 0.714294 0.407594 0.772499 0.368384 0.762758 0.381535 0.711371 0.403610 0.716992 0.405889 0.709180
0 0.489453 0.749980 0.506725 0.756169 0.503672 0.763694 0.524921 0.772330 0.504683 0.822233 0.494090 0.817819 0.490655 0.825178 0.465194 0.814302 0.484616 0.770073 0.481903 0.768887 0.489453 0.749980
0 0.426156 0.868759 0.418697 0.874975 0.400849 0.852698 0.435362 0.823175 0.432683 0.819522 0.448026 0.806371 0.461664 0.820009 0.455576 0.825367 0.472867 0.844606 0.433901 0.877484 0.426351 0.868960 0.426156 0.868759
0 0.553984 0.936749 0.553740 0.961102 0.529143 0.960615 0.529386 0.936262 0.553984 0.936749
0 0.615733 0.664880 0.631189 0.663545 0.631189 0.666025 0.641112 0.665071 0.645119 0.713730 0.636914 0.714111 0.637295 0.719454 0.622221 0.720981 0.621839 0.716783 0.608100 0.717355 0.604284 0.669460 0.616305 0.668506 0.615733 0.664880
0 0.688083 0.663037 0.700985 0.645474 0.741499 0.671616 0.729785 0.687661 0.732497 0.689771 0.721264 0.705953 0.675000 0.674334 0.684970 0.660987 0.688083 0.663037
0 0.751853 0.671659 0.765004 0.658508 0.769631 0.662649 0.783756 0.648767 0.823696 0.686759 0.814929 0.695283 0.817851 0.698692 0.811296 0.704813 0.813435 0.706814 0.800593 0.718037 0.751853 0.671659
0 0.750840 0.764856 0.759999 0.755125 0.764007 0.758559 0.782004 0.740432 0.778890 0.736806 0.790721 0.725357 0.805796 0.738524 0.801789 0.742340 0.819725 0.758369 0.783676 0.794639 0.750840 0.764856
0 0.717588 0.768254 0.736073 0.774990 0.733834 0.779635 0.755553 0.787504 0.738196 0.835329 0.716275 0.827804 0.714560 0.831246 0.696485 0.825880 0.702437 0.808289 0.706179 0.809577 0.715353 0.784662 0.711727 0.782849 0.717588 0.768254
0 0.641196 0.788812 0.643258 0.786601 0.657740 0.790665 0.657280 0.793785 0.668918 0.798011 0.646700 0.868878 0.636341 0.865286 0.634027 0.869822 0.627964 0.868847 0.623377 0.866368 0.624931 0.861993 0.611900 0.857020 0.633795 0.786624 0.641196 0.788812
0 0.698577 0.831256 0.715962 0.835798 0.714478 0.840390 0.739464 0.846917 0.724735 0.901933 0.683787 0.889535 0.687126 0.873337 0.690234 0.873648 0.696451 0.848782 0.694204 0.847539 0.698577 0.831256
0 0.909677 0.595118 0.918010 0.575993 0.967281 0.598962 0.960820 0.612896 0.967152 0.616305 0.954975 0.643338 0.923316 0.627752 0.894335 0.612896 0.903589 0.592195 0.909677 0.595118
0 0.998840 0.660872 0.959846 0.640659 0.968613 0.620689 0.974458 0.624099 0.982739 0.604859 0.998840 0.613033 0.998840 0.660872
0 0.894650 0.680380 0.899230 0.675037 0.905145 0.669503 0.908831 0.671913 0.914485 0.665686 0.954043 0.699009 0.927258 0.726748 0.888925 0.693164 0.897894 0.683433 0.894650 0.680380
0 0.939009 0.733426 0.939009 0.730359 0.955326 0.730350 0.955237 0.733543 0.965799 0.733670 0.965574 0.780916 0.924397 0.780916 0.925371 0.733426 0.939009 0.733426
0 0.846481 0.829738 0.857056 0.825133 0.856089 0.823221 0.865381 0.819118 0.866826 0.821112 0.919986 0.799469 0.925237 0.807631 0.930706 0.805196 0.934499 0.809526 0.936753 0.815696 0.932184 0.818338 0.937326 0.825939 0.929739 0.830148 0.931698 0.833355 0.918907 0.839485 0.917304 0.836561 0.863854 0.858364 0.858273 0.850782 0.853275 0.851269 0.848652 0.846213 0.846459 0.839462 0.851014 0.837343 0.846481 0.829738
0 0.839288 0.885762 0.842703 0.884405 0.848177 0.885778 0.851942 0.889221 0.851670 0.893756 0.862741 0.902692 0.816527 0.958194 0.808417 0.952237 0.802374 0.952150 0.796559 0.947750 0.797813 0.940910 0.790597 0.934937 0.832978 0.882751 0.839288 0.885762
0 0.905305 0.924274 0.908906 0.922335 0.913305 0.923916 0.916372 0.927295 0.915309 0.931833 0.921588 0.937434 0.908733 0.953751 0.907408 0.962861 0.899389 0.971258 0.895329 0.968265 0.886463 0.980297 0.891803 0.984492 0.880632 0.999006 0.872886 0.999006 0.850438 0.983833 0.864738 0.966512 0.860325 0.963621 0.872700 0.947892 0.878291 0.951316 0.881457 0.948150 0.877428 0.944591 0.889438 0.929436 0.885597 0.926962 0.894004 0.917104 0.905305 0.924274
0 0.976354 0.843095 0.983033 0.851682 0.986658 0.849965 0.991238 0.853209 0.993719 0.857979 0.993719 0.861986 0.990475 0.864276 0.995627 0.870764 0.961852 0.891181 0.959181 0.899959 0.931894 0.914843 0.926360 0.908355 0.922544 0.910645 0.916628 0.905684 0.914720 0.897288 0.919003 0.893747 0.915292 0.887556 0.926327 0.881068 0.928512 0.883930 0.939335 0.877442 0.936473 0.873245 0.948876 0.866375 0.946968 0.864085 0.966622 0.853399 0.964523 0.849774 0.976354 0.843095
0 0.775537 0.611890 0.790898 0.611441 0.791236 0.625512 0.775687 0.626055 0.775537 0.611890
4 0.316049 0.000008 0.306312 0.006852 0.301446 0.000008 0.316049 0.000008
4 0.318156 0.020964 0.310853 0.013364 0.311050 0.011094 0.306609 0.007837 0.318637 0.000008 0.318945 0.000008 0.323486 0.000139 0.323684 0.002409 0.325855 0.005567 0.324769 0.010305 0.327730 0.013957 0.318156 0.020964
4 0.430966 0.021855 0.442303 0.007621 0.467119 0.026768 0.469008 0.028280 0.466489 0.031555 0.470394 0.031681 0.470016 0.035837 0.469386 0.036593 0.469134 0.039239 0.463214 0.039365 0.463466 0.033444 0.460568 0.030799 0.454648 0.039994 0.430966 0.021855
0 0.357680 0.485642 0.369143 0.485264 0.368891 0.490177 0.366750 0.490177 0.368136 0.500632 0.361711 0.500506 0.361711 0.495216 0.357806 0.495090 0.357680 0.485642
