0 0.423651 0.142134 0.435643 0.141264 0.435926 0.128495 0.462659 0.127403 0.463205 0.157410 0.423651 0.159865 0.423651 0.142134
0 0.941601 0.918992 0.941815 0.914717 0.968959 0.916213 0.968532 0.927541 0.977081 0.927541 0.976440 0.941647 0.940105 0.941434 0.941601 0.918992
0 0.705180 0.094336 0.716587 0.100478 0.718927 0.097261 0.729456 0.104866 0.723314 0.119782 0.698746 0.103988 0.705180 0.094336
0 0.704303 0.048417 0.734428 0.023264 0.740863 0.031745 0.708982 0.056899 0.704303 0.048417
0 0.682367 0.055144 0.692311 0.046662 0.699331 0.054851 0.687924 0.063918 0.682367 0.055144
0 0.723276 0.075626 0.739436 0.085142 0.729201 0.102559 0.711784 0.090708 0.723276 0.075626
0 0.856039 0.047396 0.872310 0.056563 0.862514 0.071676 0.849852 0.090250 0.838852 0.081542 0.856039 0.047396
0 0.775351 0.000007 0.768709 0.013211 0.757022 0.006336 0.759082 0.000007 0.775351 0.000007
0 0.802953 0.017124 0.810560 0.023297 0.800198 0.043139 0.791710 0.037187 0.802953 0.017124
0 0.354564 0.318541 0.379772 0.318541 0.376793 0.334582 0.355252 0.334353 0.354564 0.318541
0 0.372487 0.175801 0.377987 0.174655 0.377758 0.172592 0.386924 0.174196 0.386924 0.176259 0.402279 0.176717 0.403654 0.183821 0.372487 0.183134 0.372487 0.175801
0 0.373492 0.209260 0.402614 0.209682 0.403458 0.216857 0.407679 0.216013 0.407679 0.226142 0.406272 0.226564 0.405991 0.228534 0.395580 0.229097 0.395580 0.226142 0.374758 0.225580 0.373492 0.209260
0 0.376343 0.186304 0.401697 0.186635 0.401807 0.205925 0.376233 0.205264 0.376343 0.186304
0 0.417741 0.085618 0.434440 0.092262 0.426000 0.121350 0.409302 0.115604 0.417741 0.085618
0 0.426360 0.075742 0.453832 0.085618 0.451677 0.095135 0.423846 0.085259 0.426360 0.075742
0 0.430019 0.062103 0.448761 0.069530 0.446084 0.077045 0.427687 0.070394 0.430019 0.062103
0 0.450316 0.071949 0.464135 0.077390 0.461285 0.085941 0.446861 0.081536 0.450316 0.071949
0 0.431613 0.047330 0.438047 0.048500 0.438925 0.045283 0.445652 0.048792 0.444775 0.050840 0.455596 0.054349 0.453549 0.059614 0.460861 0.062539 0.458521 0.068974 0.428103 0.057859 0.431613 0.047330
0 0.434847 0.025828 0.441881 0.027938 0.443851 0.021888 0.454262 0.025406 0.452292 0.031033 0.460874 0.033706 0.455669 0.049604 0.430063 0.039897 0.434847 0.025828
0 0.464830 0.000009 0.460191 0.009981 0.470883 0.013077 0.468070 0.023206 0.463145 0.020674 0.461879 0.024894 0.454141 0.022784 0.455126 0.019267 0.443449 0.015750 0.442324 0.020955 0.436837 0.019689 0.442743 0.000008 0.464830 0.000009
0 0.504736 0.024521 0.497471 0.042750 0.489571 0.041494 0.491546 0.033952 0.493162 0.034311 0.498154 0.021748 0.504736 0.024521
0 0.509143 0.013482 0.504922 0.024072 0.498330 0.021289 0.502858 0.009891 0.509143 0.013482
0 0.503354 0.000009 0.514160 0.004170 0.511114 0.012291 0.506106 0.010125 0.507527 0.007148 0.501031 0.004576 0.502205 0.000009 0.503354 0.000009
0 0.384334 0.269220 0.412524 0.271734 0.411088 0.301541 0.383436 0.299565 0.384334 0.269220
0 0.909228 0.909328 0.919769 0.909786 0.919311 0.901078 0.936728 0.899932 0.933978 0.946224 0.910144 0.946911 0.909228 0.909328
0 0.382430 0.240035 0.414132 0.242316 0.413904 0.262386 0.396114 0.262614 0.395658 0.258965 0.382886 0.258280 0.382430 0.240035
0 0.898696 0.000005 0.897346 0.002628 0.878583 0.004058 0.880327 0.000005 0.898696 0.000005
0 0.423252 0.195204 0.434501 0.193275 0.436429 0.202917 0.425180 0.205810 0.423252 0.195204
0 0.462659 0.127403 0.454532 0.127730 0.454422 0.117952 0.463871 0.117952 0.463871 0.127620 0.462659 0.127403
