4 0.717167 0.008765 0.735515 0.014380 0.732633 0.022264 0.714614 0.015666 0.717167 0.008765
3 0.865019 0.126769 0.865536 0.116399 0.888424 0.116657 0.888424 0.126769 0.865019 0.126769
4 0.998827 0.543195 0.981227 0.543841 0.981227 0.534205 0.998827 0.533648 0.998827 0.543195
0 0.998827 0.472366 0.981244 0.472823 0.981364 0.454315 0.998827 0.454086 0.998827 0.472366
4 0.898343 0.853089 0.899297 0.837824 0.919905 0.839159 0.919142 0.854425 0.898343 0.853089
0 0.866950 0.471440 0.868003 0.460610 0.894499 0.462404 0.894139 0.472372 0.908727 0.473616 0.907194 0.508243 0.861023 0.505799 0.861334 0.496475 0.853514 0.496022 0.855019 0.470556 0.866950 0.471440
0 0.920240 0.813151 0.926108 0.813287 0.926073 0.816650 0.920148 0.816535 0.920240 0.813151
4 0.868023 0.799320 0.874070 0.798289 0.875024 0.805625 0.869102 0.806399 0.868023 0.799320
4 0.939449 0.637481 0.957959 0.642633 0.955343 0.650310 0.948172 0.648502 0.944556 0.653151 0.935801 0.650975 0.939449 0.637481
4 0.863493 0.621244 0.849670 0.621244 0.849670 0.614541 0.863447 0.614463 0.863493 0.621244
4 0.863376 0.604961 0.863437 0.614209 0.849670 0.614053 0.849670 0.604726 0.863376 0.604961
3 0.895339 0.072975 0.900308 0.072317 0.901957 0.085882 0.896689 0.086613 0.895339 0.072975
