3 0.470050 0.003981 0.505693 0.003674 0.506000 0.019037 0.470050 0.019037 0.470050 0.003981
3 -0.000000 0.867503 0.004194 0.871911 -0.000000 0.876246 -0.000000 0.867503
1 0.797129 0.918093 0.817352 0.921705 0.811333 0.954207 0.790628 0.949873 0.797129 0.918093
3 0.684232 0.958781 0.668198 0.958781 0.668198 0.951990 0.671782 0.951990 0.671782 0.948029 0.680648 0.947840 0.680648 0.952179 0.684044 0.952179 0.684232 0.958781
3 0.732021 0.819369 0.730979 0.816705 0.742907 0.812073 0.743949 0.814621 0.746265 0.813810 0.751592 0.827128 0.735842 0.832802 0.730525 0.819907 0.732021 0.819369
3 0.705866 0.758204 0.707719 0.750792 0.717679 0.754267 0.721732 0.754961 0.728217 0.752993 0.729375 0.757046 0.725322 0.758088 0.724975 0.761562 0.717794 0.762141 0.705866 0.758204
3 0.898912 0.822394 0.902903 0.817812 0.911328 0.824906 0.906598 0.829932 0.898912 0.822394
3 0.910967 0.876167 0.915642 0.876299 0.919455 0.878242 0.917569 0.890315 0.908892 0.888428 0.910967 0.876167
3 0.606126 0.898602 0.580606 0.899084 0.580847 0.887287 0.604922 0.887046 0.606126 0.898602
3 0.218150 0.900760 0.230600 0.900194 0.231355 0.906420 0.218528 0.907174 0.218150 0.900760
3 0.912724 0.857276 0.909435 0.855183 0.908986 0.852043 0.911977 0.849053 0.915266 0.849501 0.915266 0.853688 0.912724 0.857276
4 0.612496 0.862154 0.599521 0.855285 0.602574 0.849370 0.615168 0.856430 0.612496 0.862154
3 0.610267 0.900101 0.608323 0.900699 0.605782 0.888439 0.617444 0.886346 0.619836 0.897708 0.610267 0.900101
3 0.533997 0.860935 0.530944 0.861889 0.527891 0.850249 0.553460 0.845288 0.556895 0.855401 0.533997 0.860935
3 0.417163 0.849328 0.415255 0.835398 0.425369 0.831391 0.430521 0.835398 0.433192 0.844939 0.417163 0.849328
4 0.405389 0.892286 0.404791 0.884960 0.426021 0.886305 0.425722 0.892435 0.405389 0.892286
4 0.406286 0.900060 0.405389 0.892286 0.419742 0.893332 0.420191 0.901256 0.406286 0.900060
3 0.668439 0.986193 0.668198 0.958781 0.684232 0.958781 0.683704 0.986575 0.668439 0.986193
4 0.328396 0.000008 0.320016 0.012637 0.316390 0.015130 0.305966 0.009464 0.306646 0.000853 0.328185 0.000008 0.328396 0.000008
