0 0.787550 0.690814 0.787244 0.685921 0.820982 0.681956 0.820393 0.744971 0.806888 0.745132 0.807049 0.735371 0.786099 0.735132 0.784993 0.690769 0.787550 0.690814
3 0.825957 0.714914 0.826410 0.702808 0.841629 0.702909 0.841778 0.710168 0.847268 0.710079 0.846952 0.729710 0.841594 0.729974 0.841564 0.731916 0.826910 0.732247 0.826844 0.728842 0.822872 0.728821 0.822698 0.715066 0.825957 0.714914
3 0.874233 0.703172 0.873578 0.713255 0.880082 0.713394 0.879154 0.736214 0.872260 0.735896 0.871786 0.738925 0.852540 0.738058 0.855244 0.702522 0.874233 0.703172
3 0.880089 0.735235 0.883641 0.699651 0.885550 0.699863 0.886533 0.687283 0.896017 0.687306 0.895438 0.692691 0.905728 0.693260 0.905010 0.702729 0.911270 0.702992 0.909215 0.736244 0.900837 0.735467 0.901017 0.743547 0.885754 0.743547 0.886832 0.736005 0.880141 0.735373 0.880089 0.735235
3 0.910035 0.739154 0.911997 0.711476 0.913740 0.691261 0.930655 0.691651 0.930846 0.696759 0.935926 0.697166 0.935520 0.702321 0.937374 0.702350 0.938174 0.695556 0.946869 0.696369 0.941258 0.743917 0.909952 0.741933 0.910035 0.739154
3 0.943140 0.745013 0.945432 0.714607 0.950543 0.714965 0.951298 0.704868 0.970378 0.705285 0.970175 0.702172 0.976198 0.702307 0.973785 0.747567 0.942994 0.745739 0.943140 0.745013
3 0.975500 0.745247 0.977299 0.707713 0.982018 0.707925 0.982374 0.700775 0.993420 0.701148 0.993420 0.708093 0.998863 0.708275 0.998863 0.745870 0.975789 0.745215 0.975500 0.745247
3 0.911490 0.769742 0.945733 0.770012 0.945451 0.777047 0.948687 0.777047 0.948848 0.794331 0.946344 0.794331 0.945633 0.799771 0.916778 0.799567 0.917109 0.794056 0.905342 0.793803 0.906332 0.775132 0.911272 0.775403 0.911205 0.769583 0.911490 0.769742
3 0.923873 0.807227 0.924752 0.801813 0.946179 0.802144 0.945738 0.807766 0.947514 0.807672 0.947514 0.810747 0.949794 0.810800 0.948578 0.826575 0.941946 0.826169 0.941482 0.829983 0.918680 0.829551 0.919717 0.824369 0.909612 0.823678 0.911339 0.806576 0.923604 0.807354 0.923873 0.807227
3 0.920053 0.840654 0.920484 0.834867 0.948987 0.835904 0.947403 0.863796 0.919124 0.863374 0.919432 0.857428 0.902753 0.857113 0.903878 0.840653 0.919917 0.840793 0.920053 0.840654
3 0.925379 0.872227 0.925724 0.865922 0.946771 0.867514 0.944794 0.896391 0.917897 0.895840 0.918338 0.891872 0.905992 0.890990 0.906984 0.870597 0.925062 0.872030 0.925379 0.872227
3 0.919461 0.898717 0.946158 0.898199 0.946397 0.924930 0.941322 0.925066 0.941159 0.929836 0.914557 0.929531 0.914503 0.925052 0.903745 0.925272 0.903949 0.906112 0.919414 0.905879 0.919461 0.898717
3 0.918023 0.941349 0.917549 0.934040 0.944446 0.934684 0.945688 0.945358 0.948074 0.946047 0.948035 0.958897 0.946497 0.959056 0.946638 0.964596 0.918621 0.964529 0.918012 0.959318 0.905578 0.959783 0.904284 0.940606 0.917153 0.941211 0.918023 0.941349
3 0.917674 0.975088 0.917621 0.967983 0.940584 0.967603 0.940930 0.974253 0.948444 0.974080 0.948308 0.991157 0.945630 0.991416 0.945452 0.998314 0.914587 0.998755 0.914587 0.993353 0.905217 0.993353 0.905768 0.975606 0.917563 0.975165 0.917674 0.975088
3 0.975138 0.999003 0.975822 0.953907 0.998863 0.954358 0.998863 0.999003 0.975138 0.999003
3 0.998863 0.936150 0.975422 0.934585 0.976912 0.895912 0.998863 0.896323 0.998863 0.936150
3 0.998863 0.862601 0.994003 0.862310 0.993643 0.872904 0.977483 0.873263 0.980356 0.832323 0.996516 0.833401 0.995978 0.841660 0.998863 0.841865 0.998863 0.862601
3 0.998863 0.810888 0.982422 0.811537 0.982630 0.794005 0.978321 0.793705 0.978860 0.773954 0.998863 0.774188 0.998863 0.810888
3 0.870584 0.765757 0.888899 0.766048 0.889244 0.768467 0.901164 0.768467 0.901565 0.793175 0.888904 0.793878 0.887286 0.812828 0.866457 0.812649 0.869330 0.765605 0.870584 0.765757
3 0.851201 0.687699 0.859321 0.687834 0.859389 0.698526 0.849509 0.698729 0.849644 0.687631 0.851201 0.687699
3 0.888421 0.896869 0.903573 0.897422 0.902347 0.919107 0.888701 0.919159 0.888421 0.896869
3 0.900226 0.862713 0.902305 0.862453 0.902695 0.879735 0.888661 0.880125 0.888921 0.862453 0.900226 0.862713
3 0.895248 0.821361 0.895927 0.829066 0.868960 0.833145 0.868960 0.824760 0.895248 0.821361
