3 -0.000000 0.219815 0.006869 0.220029 0.006655 0.230302 -0.000000 0.230302 -0.000000 0.219815
3 0.021851 0.175082 0.029129 0.177865 0.026132 0.185998 0.018855 0.183429 0.021851 0.175082
3 0.131852 0.180171 0.146568 0.176229 0.148670 0.183981 0.160496 0.181222 0.163387 0.190288 0.136188 0.197515 0.131852 0.180171
3 0.151298 0.197909 0.156554 0.216699 0.118712 0.225503 0.114901 0.205530 0.151298 0.197909
3 0.180051 0.295860 0.188604 0.295357 0.188436 0.302904 0.180219 0.302904 0.180051 0.295860
3 0.279161 0.314978 0.293080 0.328897 0.273795 0.349189 0.259708 0.334599 0.279161 0.314978
3 0.284528 0.358245 0.297776 0.367804 0.289894 0.380046 0.275975 0.370487 0.284528 0.358245
0 0.278658 0.400170 0.290565 0.408890 0.290733 0.408722 0.279664 0.423647 0.278490 0.422641 0.275137 0.426834 0.267422 0.419623 0.269770 0.417107 0.266752 0.415095 0.278658 0.400170
0 0.322092 0.387257 0.338527 0.387424 0.337856 0.412244 0.321086 0.412244 0.322092 0.387257
0 0.291236 0.422306 0.337185 0.421300 0.337185 0.449138 0.290565 0.448635 0.291236 0.422306
0 0.348272 0.415111 0.351669 0.415832 0.352596 0.419641 0.350434 0.421803 0.347654 0.421185 0.345801 0.418920 0.348272 0.415111
0 0.354243 0.413464 0.357538 0.413875 0.358773 0.415729 0.357538 0.418611 0.353934 0.419023 0.352699 0.416552 0.354243 0.413464
0 0.360626 0.415832 0.366701 0.417170 0.368657 0.420773 0.365362 0.425715 0.359906 0.425097 0.357126 0.421082 0.360626 0.415832
0 0.354140 0.421185 0.357126 0.422523 0.358361 0.424788 0.355787 0.427671 0.352802 0.427362 0.351360 0.424068 0.354140 0.421185
0 0.346419 0.422832 0.350434 0.423038 0.351360 0.426539 0.348993 0.428701 0.347036 0.428907 0.344772 0.426847 0.344257 0.424891 0.346419 0.422832
0 0.356405 0.429009 0.359494 0.439202 0.347963 0.442393 0.345286 0.431789 0.356405 0.429009
0 0.359679 0.451568 0.366679 0.457436 0.366679 0.465158 0.358031 0.469482 0.350928 0.465878 0.351134 0.456201 0.359679 0.451568
0 0.381711 0.456818 0.388711 0.456407 0.393653 0.459495 0.395609 0.469276 0.391388 0.475968 0.381402 0.477821 0.374916 0.472673 0.375225 0.463819 0.381711 0.456818
0 0.392109 0.478233 0.394168 0.484925 0.385932 0.486778 0.384799 0.479468 0.392109 0.478233
3 0.349074 0.523841 0.351854 0.523429 0.354119 0.525797 0.352987 0.528885 0.348354 0.529503 0.346810 0.526415 0.349074 0.523841
0 0.391800 0.507162 0.395403 0.507574 0.397874 0.511178 0.397153 0.514678 0.390976 0.517149 0.388300 0.514060 0.387167 0.510251 0.391800 0.507162
0 0.326802 0.496743 0.331804 0.496259 0.333740 0.499486 0.332772 0.503922 0.327286 0.505778 0.323737 0.502148 0.324221 0.499405 0.326802 0.496743
0 0.345275 0.483433 0.349227 0.483433 0.351809 0.484724 0.351647 0.487789 0.348905 0.491742 0.344952 0.491580 0.342855 0.488354 0.345275 0.483433
4 0.351002 0.491903 0.352069 0.497711 0.345355 0.499002 0.344710 0.492952 0.351002 0.491903
3 0.494250 0.609999 0.509585 0.615064 0.493828 0.658396 0.477508 0.652768 0.494250 0.609999
3 0.469008 0.460841 0.491198 0.460128 0.491860 0.475450 0.469041 0.476112 0.469008 0.460841
3 0.501294 0.471192 0.518891 0.466883 0.527689 0.509438 0.516557 0.514286 0.514402 0.521648 0.495369 0.528292 0.488546 0.493817 0.504347 0.490585 0.501294 0.471192
0 0.965549 0.186306 0.979016 0.186665 0.977400 0.217010 0.948312 0.217549 0.948132 0.213060 0.943823 0.213060 0.944002 0.198516 0.949389 0.198336 0.950107 0.192052 0.964652 0.193129 0.965549 0.186306
0 0.914289 0.324010 0.925122 0.335687 0.906692 0.351726 0.895014 0.337938 0.900923 0.333295 0.899235 0.330341 0.905707 0.325558 0.908380 0.328793 0.914289 0.324010
0 0.863831 0.237809 0.865267 0.251096 0.853417 0.252892 0.854314 0.258817 0.832947 0.261331 0.831511 0.237450 0.848748 0.235654 0.848928 0.239784 0.863831 0.237809
0 0.795599 0.256124 0.813196 0.256483 0.812118 0.271745 0.822353 0.273002 0.821635 0.284135 0.810502 0.283237 0.809605 0.298140 0.792187 0.296883 0.795599 0.256124
0 0.747689 0.271976 0.759360 0.272335 0.758283 0.284185 0.746791 0.283288 0.747689 0.271976
0 0.736377 0.312376 0.751819 0.312017 0.751819 0.322252 0.760258 0.322970 0.760258 0.341644 0.734940 0.340926 0.736377 0.312376
0 0.710861 0.376145 0.749106 0.382609 0.738333 0.435938 0.699548 0.426601 0.710861 0.376145
3 0.874695 0.493390 0.891932 0.493390 0.890675 0.505780 0.898396 0.506318 0.896960 0.522478 0.889778 0.521581 0.888341 0.533431 0.870924 0.533252 0.874695 0.493390
3 0.733798 0.844713 0.745784 0.847495 0.744499 0.854130 0.770397 0.861407 0.768471 0.872751 0.772752 0.873821 0.770183 0.884523 0.727377 0.875747 0.733798 0.844713
3 0.774464 0.821169 0.790730 0.822453 0.786878 0.853274 0.775534 0.851776 0.777674 0.836365 0.772752 0.835937 0.774464 0.821169
3 0.796723 0.831871 0.807853 0.834439 0.803572 0.850277 0.792871 0.847281 0.796723 0.831871
3 0.757341 0.790135 0.770397 0.791419 0.766545 0.813250 0.753275 0.810896 0.757341 0.790135
3 0.933564 0.697503 0.950900 0.697503 0.951542 0.720190 0.965240 0.719976 0.966097 0.739881 0.951970 0.740095 0.952613 0.756147 0.933992 0.757004 0.933564 0.697503
3 0.901150 0.633758 0.913777 0.631832 0.915704 0.645958 0.902648 0.647671 0.901150 0.633758
3 0.734023 0.591647 0.741066 0.591814 0.741066 0.600535 0.734190 0.600870 0.734023 0.591647
3 0.998839 0.449460 0.988770 0.450260 0.988267 0.438689 0.998839 0.438268 0.998839 0.449460
3 0.997113 0.628512 0.984199 0.627737 0.985232 0.617923 0.996080 0.616890 0.997887 0.620505 0.997113 0.628512
3 0.502329 0.444493 0.505769 0.449350 0.505769 0.453599 0.501317 0.459468 0.492616 0.451373 0.499091 0.443886 0.502329 0.444493
0 0.433748 0.469583 0.434760 0.461893 0.441640 0.462095 0.441640 0.469785 0.433748 0.469583
3 0.456985 0.439927 0.462150 0.439669 0.462408 0.456456 0.455952 0.456198 0.455177 0.440960 0.456985 0.439927
3 0.445227 0.404093 0.448715 0.403934 0.448715 0.409483 0.444751 0.408849 0.445227 0.404093
3 0.109922 0.177900 0.108977 0.184514 0.103428 0.182294 0.105127 0.176299 0.109922 0.177900
3 0.109136 0.170086 0.113575 0.173257 0.110225 0.177480 0.105264 0.175830 0.106123 0.172781 0.107709 0.169927 0.109136 0.170086
3 0.100574 0.194662 0.104538 0.198150 0.100574 0.202906 0.096293 0.198467 0.100574 0.194662
0 0.811676 0.186112 0.810643 0.193344 0.806253 0.191536 0.806253 0.184821 0.811676 0.186112
0 0.923968 0.193728 0.935834 0.198672 0.932538 0.204935 0.921001 0.198672 0.923968 0.193728
3 0.862258 0.454260 0.869745 0.453450 0.869948 0.465389 0.862056 0.465389 0.862258 0.454260
3 0.917347 0.471506 0.931309 0.472315 0.930905 0.481219 0.916942 0.479398 0.917347 0.471506
0 0.914601 0.291298 0.922759 0.292431 0.929105 0.306028 0.928878 0.311467 0.918227 0.312600 0.909389 0.299456 0.914601 0.291298
