0 0.579061 0.875093 0.589077 0.880737 0.588769 0.882587 0.608501 0.892145 0.610146 0.889576 0.618368 0.894714 0.617237 0.896975 0.629183 0.903512 0.612623 0.931444 0.579135 0.911128 0.580626 0.903833 0.576991 0.895653 0.569266 0.890806 0.579061 0.875093
0 0.572885 0.871154 0.579061 0.875093 0.569266 0.890806 0.563342 0.888573 0.572885 0.871154
0 0.618486 0.921791 0.627731 0.905363 0.637253 0.912074 0.628952 0.926921 0.618486 0.921791
0 0.292522 0.999008 0.293088 0.988392 0.303497 0.989211 0.303497 0.990848 0.332506 0.991667 0.332689 0.999008 0.292522 0.999008
0 0.186486 0.999007 0.189057 0.987917 0.246851 0.999007 0.186486 0.999007
3 0.096517 0.942280 0.103700 0.942071 0.103630 0.948695 0.096378 0.948625 0.096517 0.942280
3 0.103470 0.949991 0.123476 0.949746 0.122174 0.974338 0.101928 0.973516 0.103470 0.949991
0 0.124912 0.968566 0.134756 0.969045 0.134575 0.975908 0.124912 0.975637 0.124912 0.968566
3 0.094510 0.949524 0.103470 0.950070 0.102131 0.971443 0.090817 0.969081 0.094510 0.949524
0 0.389597 0.999009 0.391529 0.969689 0.391926 0.958304 0.406805 0.957859 0.407286 0.969843 0.408218 0.970922 0.427603 0.970085 0.427743 0.974060 0.433461 0.974339 0.433670 0.974966 0.438799 0.974500 0.440437 0.995425 0.428878 0.996238 0.428713 0.999009 0.389597 0.999009
3 0.956786 0.749734 0.966652 0.757339 0.956874 0.770378 0.947361 0.762522 0.956786 0.749734
3 0.248478 0.855251 0.265981 0.855268 0.266372 0.868107 0.271888 0.868279 0.272233 0.909133 0.246948 0.910707 0.248478 0.855251
3 0.260796 0.910941 0.271773 0.910201 0.272243 0.928910 0.260796 0.928511 0.260796 0.910941
0 0.216277 0.834639 0.242365 0.834506 0.242631 0.857799 0.215447 0.856710 0.216277 0.834639
0 0.215447 0.856710 0.228994 0.856977 0.229175 0.864743 0.214997 0.865195 0.215447 0.856710
0 0.152339 0.805194 0.146433 0.812983 0.133123 0.805396 0.140848 0.793091 0.132935 0.787747 0.141792 0.775638 0.144171 0.777596 0.147332 0.779674 0.152323 0.771573 0.166697 0.779426 0.161507 0.787012 0.178227 0.795237 0.166526 0.812318 0.152339 0.805194
0 0.381023 0.637336 0.387923 0.632307 0.395408 0.629968 0.407424 0.647008 0.392783 0.656325 0.381023 0.637336
3 0.335856 0.731265 0.346265 0.731732 0.346031 0.747054 0.335739 0.748107 0.335856 0.731265
0 0.140356 0.669025 0.151341 0.665522 0.156359 0.687771 0.145482 0.690578 0.140356 0.669025
0 0.122833 0.853099 0.133266 0.853838 0.131260 0.872523 0.120777 0.871804 0.122833 0.853099
0 0.564900 0.943635 0.572152 0.946602 0.567867 0.955172 0.562263 0.952205 0.564900 0.943635
0 0.641894 0.920417 0.646179 0.925032 0.638269 0.942172 0.631017 0.937557 0.641894 0.920417
0 0.650135 0.902618 0.655079 0.903936 0.650794 0.924372 0.645520 0.920417 0.646179 0.913165 0.650135 0.902618
3 0.551625 0.903838 0.553175 0.907453 0.547235 0.910036 0.545943 0.906162 0.551625 0.903838
3 0.354505 0.982470 0.345426 0.976750 0.346516 0.968489 0.352235 0.956869 0.361041 0.964586 0.359952 0.968580 0.362493 0.972302 0.363764 0.978294 0.354505 0.982470
