0 -0.000000 0.297897 0.010070 0.338687 -0.000000 0.342174 -0.000000 0.297897
0 -0.000000 0.359179 0.008832 0.360545 -0.000000 0.401246 -0.000000 0.359179
0 -0.000000 0.417909 0.008285 0.455879 -0.000000 0.458211 -0.000000 0.417909
0 -0.000000 0.476266 0.012603 0.471734 0.030383 0.518102 -0.000000 0.531002 -0.000000 0.476266
0 -0.000000 0.535534 0.013649 0.529956 0.015741 0.536231 0.033521 0.529956 0.051301 0.571095 0.015043 0.586435 0.005979 0.561682 -0.000000 0.562727 -0.000000 0.535534
3 0.033172 0.586435 0.063852 0.578765 0.074311 0.620252 0.042585 0.627574 0.033172 0.586435
0 0.024805 0.627574 0.066641 0.634546 0.058274 0.679869 0.030383 0.674291 0.033172 0.648492 0.020621 0.648143 0.024805 0.627574
0 -0.000000 0.766330 0.017832 0.773303 0.010162 0.789340 -0.000000 0.784459 -0.000000 0.766330
0 0.000749 0.741926 0.023411 0.729375 0.034218 0.750293 0.011906 0.761798 0.000749 0.741926
0 0.038750 0.750642 0.059320 0.780973 0.046420 0.788294 0.027943 0.757266 0.038750 0.750642
0 0.261180 0.860720 0.278611 0.881638 0.258391 0.895932 0.245840 0.878501 0.253161 0.874317 0.249326 0.868739 0.261180 0.860720
0 0.417537 0.853977 0.429951 0.862325 0.424600 0.868317 0.426740 0.877735 0.409404 0.879233 0.409404 0.870244 0.417965 0.868532 0.410902 0.863181 0.417537 0.853977
0 0.437761 0.865622 0.443017 0.866936 0.446828 0.872192 0.441966 0.878761 0.435528 0.879024 0.433163 0.874425 0.433425 0.869038 0.437761 0.865622
0 0.456157 0.870878 0.470611 0.871666 0.470085 0.889273 0.465092 0.889536 0.464172 0.895712 0.458654 0.895712 0.458916 0.889536 0.455237 0.889142 0.456157 0.870878
0 0.449193 0.885857 0.449719 0.900048 0.427513 0.900442 0.426987 0.886120 0.449193 0.885857
0 0.346099 0.759243 0.352639 0.759243 0.352639 0.761759 0.360689 0.761591 0.360689 0.759579 0.386179 0.760082 0.386179 0.762262 0.403117 0.761926 0.402949 0.771485 0.380477 0.771150 0.380813 0.775175 0.358844 0.774671 0.358844 0.771317 0.345763 0.771485 0.346099 0.759243
0 0.410831 0.767125 0.439843 0.767293 0.439843 0.782889 0.410831 0.782553 0.410831 0.767125
0 0.401104 0.780876 0.409404 0.780817 0.409404 0.783540 0.413514 0.783788 0.413011 0.805864 0.416868 0.806031 0.416030 0.825484 0.398756 0.825484 0.401104 0.780876
3 0.998852 0.949213 0.997092 0.952355 0.992721 0.952355 0.989443 0.958364 0.985072 0.957545 0.976331 0.951535 0.959941 0.951808 0.957756 0.956179 0.935903 0.940609 0.923610 0.943067 0.915962 0.939243 0.915415 0.925038 0.896567 0.908102 0.891104 0.895536 0.892196 0.884883 0.885640 0.877781 0.904762 0.853196 0.939727 0.878054 0.947649 0.885976 0.955571 0.883517 0.961307 0.887341 0.968682 0.900180 0.984526 0.912746 0.982614 0.914385 0.998852 0.927907 0.998852 0.949213
0 0.998852 0.759532 0.990587 0.778573 0.955375 0.763930 0.961651 0.748242 0.932365 0.738131 0.952586 0.683396 0.976642 0.692460 0.979780 0.687231 0.998852 0.695123 0.998852 0.759532
3 0.752121 0.789729 0.778269 0.768462 0.789774 0.782757 0.781406 0.789381 0.785590 0.794959 0.790819 0.791472 0.808948 0.815877 0.787333 0.832960 0.789774 0.835400 0.778269 0.857713 0.798489 0.872007 0.795700 0.879328 0.800930 0.885953 0.814527 0.877934 0.824637 0.886998 0.808948 0.903384 0.801627 0.899201 0.798489 0.901293 0.789076 0.891531 0.785590 0.895714 0.769204 0.891531 0.766764 0.899201 0.774782 0.902687 0.768507 0.921165 0.749332 0.913495 0.735386 0.911403 0.751075 0.877585 0.757699 0.879328 0.759094 0.875145 0.751075 0.873750 0.751075 0.869915 0.741313 0.869218 0.743754 0.835400 0.762231 0.836446 0.765718 0.837492 0.769901 0.827382 0.759094 0.816226 0.767461 0.807858 0.752121 0.789729
0 0.601511 0.700479 0.610924 0.697341 0.613364 0.703268 0.626961 0.699084 0.633585 0.721397 0.639860 0.720002 0.647879 0.740223 0.622080 0.749288 0.620337 0.742315 0.607437 0.745453 0.605694 0.740223 0.596978 0.742315 0.588262 0.710240 0.603254 0.707103 0.601511 0.700479
0 0.998852 0.312123 0.966178 0.312619 0.965664 0.305943 0.959501 0.306970 0.931255 0.269993 0.929201 0.257154 0.955906 0.254586 0.966178 0.264857 0.998852 0.265354 0.998852 0.312123
4 0.954366 0.131843 0.968033 0.134258 0.965664 0.149818 0.951798 0.147763 0.954366 0.131843
0 0.998852 0.242671 0.966323 0.218917 0.981457 0.196847 0.970737 0.189285 0.960399 0.203663 0.947447 0.196296 0.949942 0.191424 0.942694 0.186077 0.948992 0.177521 0.946496 0.175382 0.955052 0.164093 0.968361 0.173481 0.972639 0.168847 0.988799 0.180254 0.993552 0.174431 0.998852 0.178045 0.998852 0.242671
0 0.961595 0.663274 0.988958 0.675346 0.984129 0.684601 0.954754 0.672530 0.961595 0.663274
0 0.769494 0.547565 0.824984 0.582247 0.814580 0.596119 0.789672 0.581931 0.780844 0.597380 0.760981 0.586030 0.772016 0.570896 0.758144 0.562699 0.769494 0.547565
1 0.577516 0.343476 0.593280 0.335909 0.602108 0.360186 0.585713 0.367438 0.577516 0.343476
0 0.704261 0.392030 0.718134 0.408425 0.703946 0.422929 0.688812 0.408741 0.704261 0.392030
1 0.633637 0.323298 0.643411 0.315731 0.663905 0.342846 0.652870 0.351043 0.633637 0.323298
0 0.678723 0.283572 0.686921 0.294291 0.701109 0.296183 0.718449 0.281680 0.730746 0.296183 0.707099 0.311947 0.703000 0.326135 0.703000 0.335909 0.691965 0.344107 0.684714 0.335909 0.685344 0.327396 0.678093 0.325189 0.661382 0.302489 0.678723 0.283572
0 0.449417 0.289338 0.473874 0.284891 0.477332 0.289585 0.512905 0.286127 0.515870 0.288103 0.527728 0.285386 0.532668 0.305643 0.506235 0.311077 0.501048 0.317006 0.501789 0.320959 0.514635 0.318241 0.517352 0.331334 0.494131 0.338004 0.491413 0.342945 0.487955 0.358755 0.476838 0.361967 0.476344 0.359002 0.451393 0.363943 0.442500 0.311571 0.437806 0.307125 0.440771 0.297490 0.448676 0.296996 0.449417 0.289338
0 0.358732 0.490895 0.359507 0.494766 0.366088 0.493411 0.388153 0.586319 0.369378 0.592320 0.361829 0.558060 0.356410 0.558834 0.357958 0.569673 0.340731 0.573544 0.328924 0.514315 0.337828 0.512380 0.334925 0.498637 0.347699 0.496508 0.347119 0.493024 0.358732 0.490895
0 0.510637 0.511410 0.520518 0.532161 0.513601 0.535373 0.514836 0.538337 0.503720 0.542784 0.491862 0.517092 0.510637 0.511410
0 0.522000 0.527468 0.533364 0.522774 0.543492 0.546242 0.532623 0.551430 0.522000 0.527468
0 0.521753 0.540808 0.531635 0.554147 0.503967 0.575887 0.507178 0.582063 0.514589 0.576875 0.511872 0.572922 0.519777 0.567487 0.521753 0.570946 0.530153 0.565264 0.547198 0.584533 0.553868 0.580333 0.570419 0.605284 0.555844 0.613930 0.541516 0.592438 0.501743 0.626529 0.483710 0.599849 0.486674 0.591944 0.481734 0.583298 0.495815 0.573169 0.489392 0.562794 0.521753 0.540808
0 0.572724 0.487574 0.574393 0.492124 0.579246 0.490304 0.587739 0.510020 0.570753 0.516693 0.566506 0.506229 0.558923 0.509413 0.553160 0.495006 0.572724 0.487574
0 0.588345 0.516238 0.596990 0.521394 0.591833 0.530039 0.583492 0.524124 0.588345 0.516238
0 0.585312 0.530646 0.601085 0.541565 0.594108 0.552484 0.600781 0.557337 0.594108 0.566740 0.589862 0.563859 0.580004 0.575992 0.564535 0.564010 0.574999 0.550058 0.584402 0.557186 0.587890 0.552484 0.577122 0.543385 0.585312 0.530646
0 0.603663 0.528219 0.612459 0.533224 0.607758 0.540958 0.599568 0.535499 0.603663 0.528219
0 0.618222 0.537015 0.638848 0.550513 0.630810 0.564162 0.609426 0.550058 0.618222 0.537015
0 0.590013 0.573565 0.599113 0.580541 0.589558 0.593281 0.580459 0.586456 0.590013 0.573565
