0 0.613007 0.999009 0.699105 0.943608 0.733295 0.991475 0.715992 0.999008 0.613007 0.999009
0 0.740755 0.949514 0.758161 0.935838 0.768418 0.943919 0.767796 0.949514 0.785824 0.969407 0.768107 0.982150 0.740755 0.949514
0 0.774013 0.929932 0.796703 0.909729 0.811311 0.929621 0.787378 0.948271 0.774013 0.929932
3 0.939544 0.669077 0.935648 0.640340 0.951965 0.638635 0.953182 0.667129 0.939544 0.669077
0 0.228479 0.533073 0.207654 0.528100 0.212627 0.512248 0.221019 0.514424 0.227547 0.482409 0.238736 0.484896 0.239047 0.480855 0.270129 0.489248 0.258629 0.540533 0.228479 0.533073
0 -0.000000 0.666533 -0.000000 0.606379 0.042289 0.608815 0.039854 0.630489 0.028164 0.629759 0.027677 0.633899 0.039123 0.636334 0.039123 0.642179 0.043750 0.642423 0.039610 0.667020 0.015744 0.666046 0.015500 0.660688 0.012334 0.660444 0.010386 0.666289 -0.000000 0.666533
0 0.044475 0.657641 0.041231 0.657068 0.043750 0.642423 0.039123 0.642179 0.039123 0.636334 0.058023 0.638750 0.060313 0.631689 0.071953 0.633788 0.070617 0.642375 0.075960 0.642184 0.074052 0.653634 0.068709 0.653443 0.067946 0.659931 0.044475 0.657641
0 0.058451 0.599401 0.077447 0.602811 0.074768 0.621806 0.055042 0.617423 0.052607 0.611578 0.058451 0.599401
4 0.038238 0.753011 0.046172 0.712548 0.069973 0.718102 0.064023 0.757772 0.038238 0.753011
0 0.146139 0.757375 0.152883 0.723259 0.176288 0.728020 0.172718 0.760152 0.146139 0.757375
0 0.480047 0.446012 0.470101 0.430160 0.494345 0.419281 0.502737 0.435444 0.480047 0.446012
0 0.420477 0.378858 0.426392 0.366646 0.451771 0.382866 0.453107 0.385346 0.448145 0.391071 0.440322 0.387445 0.436315 0.390307 0.420477 0.378858
0 0.407667 0.390837 0.372598 0.371841 0.368458 0.374520 0.361152 0.360151 0.364805 0.357229 0.359934 0.339451 0.363100 0.338720 0.362857 0.332875 0.366753 0.332144 0.366510 0.328735 0.376982 0.324351 0.374546 0.319237 0.386480 0.314853 0.393542 0.332875 0.385018 0.336041 0.386236 0.345295 0.390620 0.346513 0.394760 0.363804 0.399631 0.367214 0.416191 0.379147 0.407667 0.390837
0 0.700620 0.210788 0.690708 0.216576 0.682185 0.225099 0.684133 0.227291 0.676583 0.232406 0.669277 0.226317 0.665624 0.229970 0.661240 0.224369 0.656370 0.225343 0.648576 0.219011 0.641514 0.221690 0.633234 0.210000 0.636643 0.207565 0.633964 0.204399 0.628119 0.205860 0.613994 0.188812 0.617160 0.186133 0.608393 0.176879 0.617891 0.171521 0.615942 0.167625 0.633964 0.151308 0.647602 0.165676 0.644680 0.169816 0.652717 0.176879 0.658074 0.170060 0.668059 0.184672 0.663432 0.188812 0.672443 0.199284 0.682428 0.191978 0.700620 0.210788
0 0.682428 0.191978 0.702885 0.173713 0.716523 0.192222 0.700620 0.210788 0.682428 0.191978
3 0.730644 0.284270 0.766200 0.289384 0.763278 0.316660 0.726504 0.311303 0.730644 0.284270
0 0.663671 0.264300 0.698497 0.262839 0.699958 0.291089 0.665619 0.293037 0.663671 0.264300
0 0.520718 0.310084 0.523205 0.293921 0.531878 0.296252 0.531526 0.298009 0.565733 0.305272 0.564093 0.318158 0.520718 0.310084
3 0.808427 0.459163 0.819142 0.437245 0.830832 0.443333 0.849097 0.408020 0.866745 0.416414 0.860571 0.428985 0.848261 0.452838 0.835562 0.481284 0.805748 0.464034 0.808427 0.459163
0 0.197690 0.602291 0.202974 0.567479 0.223799 0.570898 0.218826 0.605088 0.197690 0.602291
0 0.709421 0.265376 0.720958 0.272627 0.714366 0.281198 0.702829 0.272627 0.709421 0.265376
