0 0.615478 0.835596 0.623693 0.830031 0.639858 0.827646 0.653902 0.877199 0.632968 0.887269 0.615478 0.835596
0 0.702571 0.855615 0.730304 0.850542 0.736054 0.868805 0.712041 0.887068 0.702571 0.855615
0 0.621625 0.775847 0.632836 0.775224 0.634082 0.783737 0.634290 0.793288 0.625570 0.794326 0.623286 0.786021 0.621625 0.775847
4 0.576262 0.547237 0.588625 0.536829 0.593399 0.541603 0.581661 0.553106 0.576262 0.547237
3 0.587779 0.285876 0.602583 0.285551 0.603071 0.271560 0.616899 0.272211 0.614785 0.311905 0.587454 0.309465 0.587779 0.285876
3 0.587454 0.309465 0.573463 0.310279 0.573626 0.287340 0.577205 0.287178 0.578507 0.271723 0.574765 0.271886 0.576066 0.252852 0.585827 0.252689 0.585665 0.249273 0.601119 0.250249 0.599655 0.266192 0.588267 0.266354 0.587779 0.285876 0.587454 0.309465
3 0.585665 0.249273 0.587291 0.234469 0.603397 0.235119 0.601119 0.250249 0.585665 0.249273
4 0.682210 0.307302 0.702731 0.295320 0.712546 0.313037 0.692662 0.324892 0.682210 0.307302
0 0.736570 0.323199 0.754288 0.322562 0.754543 0.330974 0.736570 0.331484 0.736570 0.323199
0 0.761809 0.321159 0.771878 0.321542 0.772006 0.330719 0.761426 0.330082 0.761809 0.321159
3 0.576296 0.000009 0.572767 0.063991 0.558899 0.062486 0.557726 0.057869 0.549118 0.057713 0.549822 0.059669 0.542834 0.059366 0.542834 0.054672 0.535244 0.054272 0.535344 0.058067 0.524857 0.056669 0.525456 0.046582 0.518465 0.045583 0.518366 0.041988 0.513672 0.041988 0.514171 0.031002 0.521462 0.031401 0.521488 0.029371 0.522686 0.020682 0.530476 0.018584 0.533472 0.020282 0.536369 0.021381 0.536232 0.030650 0.544691 0.027885 0.549409 0.032765 0.551524 0.032928 0.553475 0.000009 0.576296 0.000009
0 0.572767 0.063991 0.573865 0.046760 0.589608 0.047811 0.587823 0.065529 0.572767 0.063991
3 0.525200 0.002759 0.537751 0.002953 0.537730 0.018403 0.523637 0.017599 0.525200 0.002759
3 0.535995 0.070001 0.559421 0.072929 0.558933 0.082364 0.564627 0.083015 0.564301 0.091637 0.558282 0.091149 0.557469 0.104164 0.562024 0.104489 0.560885 0.112135 0.556655 0.111484 0.554641 0.129370 0.554004 0.135233 0.524177 0.130772 0.525069 0.113309 0.527364 0.113819 0.528256 0.107191 0.541512 0.109613 0.541385 0.107064 0.536541 0.102602 0.526471 0.102985 0.525707 0.106554 0.523157 0.108338 0.516402 0.108466 0.516657 0.105407 0.516657 0.103240 0.511048 0.102092 0.510028 0.107828 0.509264 0.113819 0.505694 0.116241 0.502635 0.116114 0.500213 0.112545 0.501998 0.093807 0.498174 0.092660 0.497282 0.087179 0.501106 0.084375 0.509773 0.086032 0.511458 0.073120 0.529635 0.076116 0.529235 0.088500 0.535527 0.089399 0.535995 0.070001
3 0.494983 0.116317 0.511962 0.116716 0.511462 0.130199 0.494284 0.129999 0.494983 0.116317
3 0.564301 0.091637 0.569598 0.092453 0.568599 0.105536 0.562024 0.104489 0.557469 0.104164 0.558282 0.091149 0.564301 0.091637
3 0.554004 0.135233 0.554641 0.129370 0.561703 0.130328 0.560911 0.136191 0.554004 0.135233
0 -0.000000 0.211169 0.002504 0.212443 0.009268 0.199929 0.021105 0.206017 0.012988 0.221236 0.022458 0.227324 -0.000000 0.262497 -0.000000 0.211169
0 0.054027 0.217454 0.065902 0.222986 0.065252 0.225263 0.072247 0.229005 0.075338 0.222498 0.094046 0.232096 0.089003 0.244460 0.103970 0.250641 0.095185 0.268699 0.081357 0.262355 0.078592 0.268211 0.096161 0.276345 0.085912 0.297819 0.078429 0.294891 0.077615 0.297006 0.069626 0.293294 0.070783 0.290824 0.061510 0.286594 0.060896 0.288402 0.052562 0.284967 0.053376 0.282202 0.030926 0.272441 0.036132 0.253244 0.040849 0.244134 0.055816 0.248689 0.055303 0.251820 0.061676 0.255262 0.068422 0.237318 0.059509 0.231936 0.057947 0.234726 0.046890 0.229641 0.054027 0.217454
0 0.015929 0.294270 0.029217 0.297800 0.026518 0.313787 0.011984 0.310258 0.015929 0.294270
0 0.198684 0.288969 0.234441 0.296841 0.232019 0.307293 0.228322 0.306656 0.226410 0.314176 0.224881 0.313666 0.223351 0.320805 0.227685 0.321824 0.221095 0.351866 0.161645 0.338265 0.168529 0.318253 0.203199 0.327430 0.203709 0.324498 0.199758 0.323734 0.203287 0.310861 0.192491 0.307746 0.198684 0.288969
0 0.173850 0.289587 0.187732 0.293182 0.185335 0.311159 0.169855 0.307464 0.172452 0.298076 0.173850 0.289587
0 0.322915 0.262532 0.334465 0.260417 0.336255 0.276848 0.322589 0.278312 0.321450 0.272293 0.309249 0.273269 0.309412 0.281566 0.315269 0.280752 0.315269 0.294580 0.321613 0.293767 0.321288 0.291652 0.338369 0.290676 0.339996 0.319959 0.317221 0.321911 0.317871 0.325490 0.306158 0.327117 0.306321 0.324514 0.297862 0.325327 0.298187 0.329069 0.288751 0.329720 0.288751 0.327117 0.278502 0.328256 0.276713 0.304992 0.296885 0.302877 0.296397 0.297509 0.283708 0.298159 0.283058 0.279776 0.292330 0.278312 0.290704 0.264322 0.300953 0.263345 0.301115 0.266111 0.322915 0.262532
0 0.272566 0.338796 0.290666 0.336374 0.292706 0.353964 0.273714 0.356768 0.272566 0.338796
0 0.404373 0.214044 0.425847 0.235681 0.394775 0.265614 0.391033 0.262198 0.382737 0.269519 0.362889 0.249671 0.378670 0.233078 0.381110 0.236169 0.404373 0.214044
0 0.433642 0.239586 0.445114 0.252332 0.434407 0.262785 0.422935 0.250420 0.433642 0.239586
0 0.415162 0.224452 0.420656 0.219705 0.419029 0.217922 0.433670 0.203925 0.440991 0.213035 0.445546 0.218566 0.433263 0.227736 0.429846 0.224783 0.422941 0.232301 0.415162 0.224452
0 0.254258 0.105742 0.261523 0.106252 0.261906 0.100644 0.274780 0.101536 0.273250 0.125882 0.286761 0.126137 0.287654 0.113008 0.297978 0.113772 0.298616 0.107654 0.318031 0.109143 0.314581 0.161579 0.294488 0.159807 0.293200 0.170492 0.277243 0.170259 0.277384 0.157830 0.291757 0.158191 0.293577 0.149785 0.275987 0.149530 0.275732 0.157942 0.272800 0.157942 0.272928 0.163933 0.257377 0.163169 0.257887 0.148892 0.249984 0.148892 0.254258 0.105742
0 0.350986 0.061404 0.380558 0.065356 0.380430 0.077083 0.377499 0.076445 0.376479 0.082819 0.347927 0.079250 0.350986 0.061404
0 0.425758 0.011226 0.422852 0.010395 0.419322 0.029885 0.420623 0.035741 0.422738 0.035741 0.421437 0.043713 0.418346 0.043224 0.417532 0.051684 0.405819 0.051033 0.406958 0.044526 0.399312 0.044201 0.389551 0.043062 0.388900 0.047617 0.369704 0.047129 0.371005 0.038019 0.365637 0.038344 0.367752 0.014104 0.375072 0.014430 0.375398 0.012478 0.378651 0.012478 0.379627 0.000008 0.396905 0.000008 0.394140 0.024104 0.406228 0.025615 0.409892 0.000009 0.427003 0.000009 0.425758 0.011226
4 0.017546 0.000003 0.003637 0.017277 -0.000000 0.014786 -0.000000 0.000003 0.017546 0.000003
3 0.578379 0.223965 0.577380 0.232221 0.577639 0.233801 0.577626 0.233801 0.576992 0.235070 0.570333 0.235228 0.571918 0.223496 0.578379 0.223965
3 0.587139 0.224605 0.585554 0.234753 0.578145 0.233867 0.577873 0.232210 0.578867 0.224004 0.587139 0.224605
0 0.622560 0.042587 0.633438 0.038735 0.640690 0.060717 0.627546 0.064343 0.622560 0.042587
0 0.593326 0.031936 0.605337 0.031936 0.603977 0.052785 0.591740 0.052332 0.593326 0.031936
