0 0.378887 0.008103 0.392689 0.007886 0.393441 0.039138 0.379101 0.039352 0.378887 0.008103
0 0.399302 0.084095 0.417922 0.078102 0.423273 0.095011 0.415996 0.100362 0.415568 0.102930 0.433975 0.098649 0.432263 0.094369 0.444248 0.090944 0.452596 0.124547 0.433975 0.129470 0.431620 0.156224 0.413856 0.156010 0.414498 0.144238 0.410859 0.145736 0.401442 0.107211 0.405723 0.106141 0.399302 0.084095
0 0.582569 0.232779 0.592161 0.226209 0.595841 0.231596 0.597286 0.230414 0.607798 0.247101 0.592293 0.258139 0.582044 0.242108 0.582569 0.232779
0 0.477197 0.228720 0.490445 0.219161 0.494638 0.224695 0.505538 0.239620 0.490445 0.250017 0.481054 0.237608 0.481222 0.233080 0.477197 0.228720
0 0.357856 0.476568 0.375297 0.460469 0.391396 0.478077 0.374123 0.494176 0.357856 0.476568
0 0.385862 0.464829 0.392737 0.457953 0.398942 0.464158 0.391396 0.470698 0.385862 0.464829
0 0.397601 0.456444 0.411350 0.441335 0.435115 0.466740 0.447134 0.455267 0.441398 0.448711 0.451505 0.438877 0.455875 0.443248 0.461885 0.437238 0.472265 0.447891 0.468987 0.450896 0.475270 0.457452 0.462978 0.469745 0.470353 0.477120 0.452597 0.493510 0.446234 0.487468 0.429464 0.503735 0.399110 0.472375 0.406153 0.465332 0.397601 0.456444
4 0.393822 0.698768 0.401742 0.701122 0.398745 0.713322 0.390184 0.711610 0.393822 0.698768
0 0.317841 0.613155 0.336676 0.612727 0.336676 0.650611 0.317627 0.650611 0.317841 0.613155
0 0.341599 0.647186 0.360219 0.647400 0.360647 0.658744 0.374346 0.658744 0.374346 0.678007 0.361718 0.678221 0.361504 0.682073 0.340100 0.682287 0.340314 0.676722 0.327259 0.677150 0.327044 0.657246 0.339886 0.657460 0.340100 0.653393 0.341599 0.653607 0.341599 0.647186
0 0.263819 0.858277 0.285027 0.842011 0.297176 0.857763 0.289351 0.863528 0.292337 0.867440 0.278130 0.877324 0.263819 0.858277
4 0.242756 0.869172 0.249063 0.874165 0.245253 0.879159 0.249720 0.882838 0.241574 0.893218 0.230799 0.885203 0.242756 0.869172
0 0.223426 0.206359 0.237357 0.198164 0.244186 0.206632 0.259211 0.196798 0.278878 0.222475 0.273415 0.226027 0.285708 0.241597 0.269864 0.252797 0.256752 0.235314 0.248011 0.241870 0.223426 0.206359
0 0.172890 0.266182 0.185183 0.273557 0.187095 0.268913 0.201026 0.275469 0.186276 0.301420 0.177807 0.297049 0.177261 0.293225 0.162783 0.286669 0.172890 0.266182
0 0.251792 0.307452 0.271911 0.309806 0.271055 0.319865 0.290532 0.322862 0.289034 0.331209 0.287749 0.346619 0.255645 0.341269 0.256501 0.335276 0.250936 0.334420 0.252434 0.323932 0.249438 0.323290 0.251792 0.307452
0 0.179157 0.301032 0.207666 0.310759 0.193077 0.336752 0.177816 0.328367 0.181505 0.321659 0.158530 0.315958 0.160878 0.302877 0.178319 0.306231 0.179157 0.301032
0 0.127404 0.353128 0.151877 0.365142 0.153212 0.362917 0.174570 0.371816 0.160776 0.398068 0.125973 0.383030 0.126291 0.365379 0.127404 0.353128
0 0.125759 0.394908 0.135050 0.391722 0.144610 0.413302 0.125306 0.420005 0.125759 0.394908
0 0.136789 0.416131 0.151379 0.420491 0.145341 0.436087 0.130919 0.430218 0.136789 0.416131
0 0.125023 0.435741 0.128526 0.433742 0.136807 0.447658 0.124693 0.454033 0.125023 0.435741
0 0.216867 0.388697 0.226713 0.384631 0.238699 0.414809 0.207878 0.427437 0.199531 0.407318 0.221148 0.400255 0.216867 0.388697
0 0.206017 0.425895 0.219004 0.439850 0.208679 0.448158 0.213035 0.453240 0.200048 0.463646 0.196337 0.458887 0.189158 0.464614 0.183430 0.457758 0.189238 0.453079 0.184479 0.447594 0.197628 0.437994 0.194078 0.434123 0.206017 0.425895
0 0.165663 0.478165 0.183886 0.472914 0.190475 0.492578 0.182033 0.494946 0.184710 0.502771 0.160825 0.511522 0.156912 0.501020 0.162575 0.498447 0.159486 0.489901 0.168237 0.487739 0.165663 0.478165
0 0.163918 0.517716 0.166098 0.536666 0.128869 0.542367 0.125347 0.523585 0.163918 0.517716
0 0.128754 0.560239 0.149324 0.555358 0.151764 0.563028 0.159085 0.560936 0.162572 0.575579 0.134332 0.582551 0.128754 0.560239
0 0.210683 0.587084 0.214518 0.599983 0.223234 0.598240 0.227766 0.613580 0.187673 0.625434 0.180003 0.595800 0.210683 0.587084
0 0.189322 0.553478 0.205160 0.549840 0.211795 0.583871 0.180333 0.589650 0.177764 0.574881 0.186770 0.573042 0.187396 0.576594 0.193389 0.575738 0.189322 0.553478
0 0.130210 0.597274 0.146828 0.599049 0.145779 0.607438 0.157637 0.609213 0.155701 0.622603 0.127064 0.619054 0.130210 0.597274
0 0.121088 0.654147 0.126950 0.628565 0.149896 0.633209 0.141701 0.667081 0.127497 0.664077 0.129409 0.656701 0.121076 0.654819 0.121088 0.654147
0 0.202373 0.625353 0.225180 0.648160 0.207907 0.663086 0.200193 0.653527 0.196168 0.657048 0.182920 0.641285 0.202373 0.625353
0 0.210926 0.669626 0.212868 0.667243 0.240061 0.682932 0.239713 0.683280 0.232043 0.696528 0.219143 0.688408 0.212100 0.700147 0.193485 0.688744 0.202709 0.673148 0.207069 0.675831 0.210926 0.669626
0 0.120923 0.704275 0.132428 0.709854 0.145327 0.698000 0.158227 0.708459 0.138354 0.738790 0.119743 0.728795 0.119845 0.723142 0.120923 0.704275
0 0.173633 0.710573 0.202589 0.726963 0.180463 0.756738 0.165439 0.744992 0.168443 0.738982 0.160795 0.733246 0.166804 0.719041 0.173633 0.710573
0 0.203408 0.746085 0.230725 0.757011 0.230998 0.760562 0.246022 0.766572 0.239739 0.778318 0.195487 0.758923 0.203408 0.746085
0 0.236735 0.742807 0.252851 0.752094 0.248207 0.760562 0.232091 0.750729 0.236735 0.742807
0 0.188658 0.763840 0.229086 0.782962 0.219798 0.799079 0.209145 0.792796 0.198218 0.812191 0.177185 0.800991 0.188111 0.782962 0.179916 0.778865 0.188658 0.763840
0 0.163354 0.812029 0.183045 0.821018 0.179407 0.828723 0.184758 0.831720 0.192463 0.814811 0.206589 0.821446 0.200596 0.834716 0.192463 0.830864 0.189466 0.835786 0.197600 0.839211 0.190965 0.855049 0.162498 0.841565 0.168063 0.830008 0.157362 0.825299 0.163354 0.812029
0 0.117980 0.841565 0.128467 0.864895 0.117210 0.869355 0.117331 0.862651 0.117980 0.841565
0 0.224666 0.450470 0.239657 0.458140 0.219088 0.497885 0.203748 0.490563 0.224666 0.450470
0 0.261621 0.410726 0.277310 0.426763 0.257089 0.446287 0.263016 0.450819 0.252905 0.461627 0.236868 0.445589 0.254997 0.425369 0.253603 0.418396 0.261621 0.410726
0 0.296485 0.373771 0.320889 0.384230 0.328908 0.397478 0.310779 0.407588 0.301017 0.403753 0.303109 0.400267 0.290907 0.394340 0.296485 0.373771
0 0.347850 0.267649 0.370250 0.267376 0.369977 0.270654 0.389371 0.270381 0.389371 0.286497 0.369430 0.286224 0.369430 0.289229 0.345392 0.288409 0.338016 0.284585 0.338016 0.275298 0.347850 0.275844 0.347850 0.267649
0 0.335769 0.318368 0.353901 0.324149 0.350222 0.335581 0.361260 0.338865 0.357843 0.351217 0.328148 0.341493 0.335769 0.318368
0 0.452188 0.274031 0.467998 0.263085 0.486243 0.291137 0.483506 0.293646 0.494909 0.308471 0.504260 0.302085 0.501523 0.298436 0.510874 0.292278 0.512927 0.295015 0.517260 0.292506 0.517944 0.288401 0.510190 0.278822 0.517944 0.273348 0.514523 0.269471 0.522049 0.264682 0.535639 0.283502 0.533495 0.285646 0.545468 0.302265 0.530993 0.312093 0.539392 0.323172 0.511337 0.343365 0.503295 0.332822 0.489536 0.341399 0.477563 0.322994 0.475240 0.322100 0.468807 0.309591 0.478814 0.303873 0.474704 0.299227 0.470594 0.300478 0.452188 0.274031
0 0.355214 0.292868 0.387201 0.303232 0.383091 0.316813 0.362004 0.317707 0.359324 0.323067 0.344135 0.318600 0.352355 0.291974 0.355214 0.292868
0 0.646256 0.754582 0.660934 0.764744 0.655288 0.773212 0.639482 0.763615 0.646256 0.754582
0 0.687620 0.778857 0.735451 0.774905 0.737145 0.789583 0.689160 0.794099 0.687620 0.778857
0 0.811452 0.810197 0.824763 0.817118 0.818374 0.829364 0.805063 0.821378 0.811452 0.810197
0 0.678825 0.793950 0.682597 0.790178 0.689160 0.795076 0.684798 0.798665 0.678825 0.793950
