0 0.000005 0.000003 0.008944 0.005181 -0.000000 0.019696 -0.000000 0.000003 0.000005 0.000003
0 0.004663 0.082660 0.024140 0.081376 0.023712 0.091436 0.014080 0.091650 0.014080 0.094218 0.004663 0.094004 0.004663 0.082660
0 0.036982 0.168701 0.053248 0.191174 0.052606 0.191603 0.022642 0.209795 0.008087 0.184968 0.036982 0.168701
0 0.040620 0.145586 0.048754 0.143659 0.050252 0.151579 0.042761 0.153719 0.040620 0.145586
0 0.073581 0.275717 0.094556 0.299689 0.085995 0.307394 0.064592 0.283422 0.073581 0.275717
0 0.192797 0.276038 0.223403 0.280960 0.221477 0.289308 0.191085 0.284813 0.192797 0.276038
0 0.203713 0.291448 0.223403 0.290378 0.224260 0.297227 0.204569 0.299367 0.203713 0.291448
0 0.336746 0.893294 0.340570 0.899577 0.329643 0.906133 0.326365 0.900396 0.336746 0.893294
0 0.458653 0.999009 0.461582 0.977429 0.484255 0.980434 0.483235 0.999009 0.458653 0.999009
0 0.423643 0.987847 0.428242 0.987584 0.431527 0.989949 0.429687 0.995205 0.425877 0.996388 0.422066 0.993103 0.423643 0.987847
0 0.433366 0.992052 0.436914 0.993234 0.438359 0.996256 0.436520 0.998359 0.433235 0.998359 0.431133 0.994811 0.433366 0.992052
0 0.464232 0.079143 0.474886 0.075046 0.486359 0.105094 0.475432 0.109464 0.464232 0.079143
0 0.416741 0.790042 0.427642 0.803291 0.403493 0.823415 0.392090 0.808992 0.416741 0.790042
0 0.427306 0.782831 0.435356 0.791552 0.430493 0.797086 0.422443 0.787862 0.427306 0.782831
0 0.381189 0.776291 0.385214 0.778136 0.385214 0.782999 0.381021 0.785514 0.377835 0.782161 0.377667 0.778136 0.381189 0.776291
0 0.387897 0.773272 0.391922 0.772602 0.394437 0.775452 0.392257 0.779477 0.388736 0.779142 0.386555 0.775117 0.387897 0.773272
0 0.462463 0.754244 0.478301 0.753602 0.478729 0.758311 0.462677 0.758739 0.462463 0.754244
0 0.618853 0.777861 0.626130 0.817029 0.626130 0.817243 0.586320 0.824306 0.580541 0.784068 0.618853 0.777861
0 0.631327 0.217886 0.650905 0.218776 0.650905 0.214326 0.670038 0.214326 0.670483 0.292194 0.632662 0.294418 0.632662 0.262382 0.629547 0.257487 0.629547 0.233014 0.630882 0.233459 0.631327 0.217886
0 0.865012 0.109960 0.874216 0.108890 0.875072 0.115311 0.884061 0.113813 0.887486 0.141851 0.868865 0.144206 0.865012 0.109960
0 0.963364 0.334484 0.983269 0.331916 0.988620 0.360168 0.980059 0.362522 0.981985 0.370441 0.969785 0.373652 0.971069 0.380287 0.947526 0.384995 0.945814 0.375578 0.940463 0.376862 0.941533 0.381571 0.926551 0.384995 0.925909 0.380715 0.917562 0.382213 0.915207 0.361880 0.966147 0.350750 0.963364 0.334484
0 0.612013 0.026594 0.618715 0.027514 0.618058 0.032638 0.615561 0.034609 0.611882 0.033952 0.609780 0.030667 0.612013 0.026594
0 0.621211 0.023572 0.625153 0.022784 0.627650 0.024623 0.628569 0.029091 0.625153 0.031456 0.621605 0.032244 0.619240 0.029091 0.621211 0.023572
0 0.862322 0.679124 0.877005 0.676454 0.879230 0.688913 0.864546 0.691582 0.862322 0.679124
0 0.807592 0.724509 0.832955 0.718725 0.836514 0.741417 0.812042 0.746757 0.807592 0.724509
0 0.457248 0.565945 0.459056 0.562846 0.460347 0.562329 0.462930 0.562329 0.465513 0.563362 0.466546 0.565945 0.466029 0.568011 0.464480 0.569560 0.463447 0.569819 0.462414 0.569819 0.459831 0.569302 0.458798 0.569819 0.456990 0.570077 0.455182 0.570077 0.453374 0.570077 0.451308 0.568786 0.451308 0.566978 0.452083 0.565945 0.454149 0.564912 0.455182 0.564912 0.457248 0.565945
3 0.486782 0.124054 0.495353 0.128339 0.487771 0.144820 0.476235 0.141194 0.483816 0.124054 0.486782 0.124054
0 0.448252 0.070630 0.454185 0.071619 0.452867 0.079200 0.447923 0.076893 0.448252 0.070630
0 -0.000000 0.195899 0.010199 0.203604 0.004760 0.208816 -0.000000 0.202924 -0.000000 0.195899
0 0.684331 0.310530 0.685835 0.312702 0.690512 0.317713 0.668461 0.337259 0.662948 0.330410 0.684331 0.310530
