0 0.514600 0.000009 0.509470 0.055114 0.468423 0.051694 0.469107 0.040406 0.468765 0.039380 0.471843 0.000009 0.514600 0.000009
0 0.502432 0.085953 0.495011 0.178067 0.464888 0.174574 0.472310 0.083770 0.502432 0.085953
0 0.473786 0.412001 0.468548 0.371401 0.509584 0.365725 0.514386 0.406762 0.473786 0.412001
0 0.570914 0.502648 0.533288 0.405162 0.552443 0.397979 0.573309 0.391822 0.610935 0.487940 0.589386 0.496833 0.570914 0.502648
0 0.525308 0.540179 0.529508 0.552989 0.517329 0.557399 0.513129 0.545219 0.525308 0.540179
3 0.683078 0.713549 0.684968 0.705569 0.689168 0.698849 0.708067 0.706409 0.702818 0.721319 0.683078 0.713549
3 0.670745 0.718939 0.673707 0.714826 0.682592 0.719269 0.674200 0.737532 0.655608 0.729799 0.656101 0.723053 0.660050 0.714662 0.670745 0.718939
3 0.588234 0.673662 0.598944 0.673032 0.599994 0.693611 0.589704 0.694241 0.588234 0.673662
3 0.574164 0.616544 0.590124 0.615074 0.593064 0.635023 0.576264 0.637333 0.571014 0.624103 0.575214 0.623263 0.574164 0.616544
3 0.264809 0.480842 0.273117 0.463153 0.286518 0.467709 0.287858 0.471193 0.272849 0.506303 0.269365 0.504963 0.270169 0.503086 0.255429 0.498798 0.258109 0.491830 0.256501 0.489418 0.262397 0.478965 0.264809 0.480842
