1 0.630732 0.041998 0.625500 0.041250 0.624004 0.037812 0.619519 0.032429 0.620267 0.027196 0.623107 0.022262 0.627294 0.019571 0.632527 0.018973 0.638358 0.022113 0.638358 0.024954 0.641198 0.030785 0.638657 0.036466 0.636264 0.040054 0.630732 0.041998
1 0.623107 0.022262 0.620267 0.027196 0.619519 0.032429 0.615482 0.035120 0.609502 0.034074 0.604419 0.029439 0.601428 0.024804 0.602026 0.017628 0.607409 0.012096 0.613688 0.010900 0.618772 0.014039 0.622061 0.018525 0.623107 0.022262
1 0.715905 0.162551 0.727163 0.160643 0.728117 0.167321 0.716478 0.168657 0.715905 0.162551
1 0.715905 0.162551 0.711516 0.162933 0.713425 0.154155 0.727163 0.152819 0.727163 0.160643 0.715905 0.162551
0 0.732125 0.158162 0.728881 0.147667 0.733079 0.147858 0.732315 0.145568 0.748535 0.143660 0.751779 0.151674 0.733079 0.157971 0.732125 0.158162
3 0.775822 0.145759 0.776394 0.128585 0.803109 0.129730 0.801773 0.146713 0.775822 0.145759
3 0.758861 0.245001 0.764950 0.241591 0.761297 0.237208 0.777126 0.225031 0.796853 0.252551 0.772012 0.263753 0.758861 0.245001
3 0.783813 0.259161 0.792208 0.278052 0.773890 0.286830 0.759388 0.269847 0.758861 0.245001 0.772012 0.263753 0.783813 0.259161
3 0.786102 0.257444 0.796853 0.252551 0.789155 0.240079 0.795834 0.235881 0.816252 0.257062 0.800795 0.272518 0.786102 0.257444
3 0.663758 0.273264 0.667001 0.259334 0.688373 0.264677 0.682839 0.281660 0.663758 0.273264
3 0.627627 0.346534 0.630794 0.329730 0.649059 0.333139 0.646136 0.352135 0.627627 0.346534
3 0.626653 0.361876 0.643457 0.354327 0.652712 0.371374 0.637613 0.379168 0.626653 0.361876
3 0.539343 0.384978 0.551033 0.376211 0.559556 0.375724 0.564671 0.394476 0.550546 0.398860 0.539343 0.384978
3 0.658399 0.380664 0.666923 0.376037 0.674472 0.376037 0.680074 0.380664 0.681778 0.390406 0.677151 0.396251 0.669114 0.399660 0.661321 0.395033 0.656938 0.388457 0.658399 0.380664
3 0.697778 0.358034 0.710211 0.335966 0.734144 0.350886 0.721711 0.370778 0.697778 0.358034
3 0.922702 0.355720 0.923189 0.343786 0.977741 0.345491 0.978472 0.352797 0.983586 0.353528 0.984560 0.359860 0.964590 0.360590 0.964103 0.354989 0.922702 0.355720
3 0.788821 0.320885 0.798768 0.320885 0.805606 0.326791 0.805295 0.336116 0.799389 0.339224 0.787267 0.337359 0.787889 0.329588 0.788821 0.320885
3 0.902422 0.269748 0.909260 0.269126 0.909881 0.263531 0.933193 0.266018 0.936301 0.303006 0.898381 0.303006 0.899935 0.274099 0.902422 0.269748
3 0.877976 0.000006 0.902562 0.011881 0.887219 0.029903 0.868466 0.045732 0.860186 0.038183 0.850555 0.024702 0.844067 0.017451 0.841205 0.010581 0.842783 0.000006 0.877976 0.000006
3 0.806620 0.317473 0.848892 0.286391 0.866920 0.310013 0.824959 0.339852 0.806620 0.317473
