0 0.198117 0.149683 0.224338 0.154983 0.219875 0.173671 0.195607 0.170882 0.198117 0.149683
4 0.245823 0.107496 0.277628 0.097046 0.279900 0.106133 0.269904 0.110222 0.272176 0.116583 0.262180 0.121127 0.259454 0.117492 0.250367 0.119309 0.245823 0.107496
0 0.292126 0.199734 0.307204 0.170159 0.357654 0.186976 0.343737 0.218870 0.334459 0.214811 0.337358 0.203213 0.332139 0.203793 0.328080 0.211911 0.318801 0.207852 0.325180 0.195095 0.315322 0.192775 0.310103 0.207272 0.292126 0.199734
0 0.380090 0.190067 0.421891 0.202789 0.414622 0.221872 0.369185 0.209604 0.380090 0.190067
3 0.596744 0.139003 0.605831 0.139457 0.608103 0.144455 0.650359 0.162175 0.640363 0.193526 0.623097 0.188982 0.619462 0.196252 0.582659 0.181713 0.596744 0.139003
0 0.662834 0.171670 0.672937 0.165848 0.675335 0.166704 0.679787 0.174067 0.667629 0.180061 0.662834 0.171670
0 0.672423 0.181088 0.689205 0.181944 0.689719 0.191020 0.672252 0.191363 0.672423 0.181088
0 0.681301 0.238237 0.688322 0.233956 0.695514 0.243716 0.687465 0.249539 0.681301 0.238237
0 0.700172 0.248342 0.706270 0.255386 0.701434 0.260852 0.694390 0.254019 0.700172 0.248342
0 0.504033 0.048348 0.501200 0.042480 0.512532 0.035802 0.515770 0.040456 0.504033 0.048348
0 0.417145 0.000009 0.417917 0.002757 0.417917 0.012830 0.409395 0.014896 0.400619 0.000009 0.417145 0.000009
0 0.674693 0.255856 0.682441 0.254823 0.685024 0.262830 0.690964 0.271352 0.672627 0.278842 0.674951 0.265670 0.674693 0.255856
3 0.583159 0.184186 0.596919 0.189447 0.593884 0.210897 0.579112 0.204826 0.583159 0.184186
