0 0.268264 0.211568 0.300480 0.340194 0.254914 0.351839 0.223523 0.222360 0.268264 0.211568
0 0.190510 0.399374 0.209484 0.397189 0.211676 0.417646 0.193056 0.419240 0.190267 0.407926 0.190510 0.399374
0 0.310156 0.443836 0.301955 0.449576 0.298503 0.443900 0.306829 0.438352 0.310156 0.443836
0 0.301725 0.415145 0.304837 0.412779 0.309761 0.419142 0.314497 0.426873 0.310156 0.429544 0.313553 0.433634 0.294482 0.446324 0.287336 0.436250 0.290971 0.432782 0.282820 0.421149 0.298327 0.410687 0.301725 0.415145
3 0.652891 0.288560 0.659188 0.295811 0.651936 0.301535 0.646021 0.294475 0.652891 0.288560
3 0.675309 0.320674 0.681140 0.325458 0.681140 0.328598 0.688017 0.334728 0.687718 0.337569 0.679794 0.343101 0.678149 0.341157 0.678149 0.338615 0.670674 0.331140 0.669029 0.326057 0.675309 0.320674
3 0.689891 0.317579 0.699759 0.309057 0.707234 0.318775 0.697516 0.326998 0.689891 0.317579
3 0.733068 0.384696 0.731732 0.385840 0.734404 0.391756 0.704408 0.412512 0.701546 0.410986 0.686224 0.386797 0.690870 0.383121 0.688761 0.380192 0.695249 0.376257 0.697539 0.379501 0.709751 0.372632 0.705744 0.366525 0.704492 0.367031 0.700781 0.361123 0.713564 0.353457 0.733068 0.384696
3 0.714940 0.351493 0.713867 0.352705 0.700527 0.360703 0.692441 0.347813 0.706735 0.338518 0.714940 0.351493
4 0.740663 0.436920 0.751622 0.436920 0.753327 0.460056 0.742611 0.460786 0.740663 0.436920
0 0.348630 0.874552 0.374118 0.872998 0.374118 0.906567 0.348630 0.908121 0.348630 0.874552
0 0.358570 0.946236 0.377857 0.963776 0.356646 0.986051 0.347245 0.974981 0.353594 0.968463 0.353410 0.965509 0.347693 0.958830 0.358570 0.946236
0 0.279595 0.999008 0.267356 0.993646 0.272141 0.985273 0.294866 0.995440 0.292877 0.999008 0.279595 0.999008
0 0.230935 0.844244 0.242624 0.861048 0.213156 0.881505 0.203415 0.868110 0.216566 0.853498 0.230935 0.844244
0 0.087314 0.709902 0.092957 0.712290 0.098954 0.716962 0.091321 0.729175 0.079872 0.721542 0.087314 0.709902
0 0.143788 0.384640 0.131576 0.365041 0.129982 0.357009 0.150264 0.347813 0.163436 0.377488 0.143788 0.384640
0 0.224081 0.915350 0.188221 0.942326 0.173417 0.932891 0.169055 0.916708 0.178069 0.909559 0.179001 0.906451 0.193533 0.894877 0.200766 0.903956 0.211102 0.904031 0.209070 0.900676 0.212544 0.898186 0.216063 0.902708 0.216112 0.904769 0.224081 0.915350
2 0.164131 0.275889 0.140204 0.281415 0.144952 0.303906 0.167737 0.299265 0.172528 0.321138 0.126802 0.331814 0.112119 0.262452 0.159824 0.252338 0.164131 0.275889
4 0.717881 0.441807 0.727243 0.435291 0.734495 0.443919 0.724765 0.450527 0.717881 0.441807
3 0.719512 0.433382 0.706727 0.441969 0.699094 0.430711 0.711306 0.422887 0.719512 0.433382
2 0.107439 0.229768 0.111172 0.239493 0.104394 0.242047 0.100759 0.232420 0.107439 0.229768
0 0.173072 0.726787 0.185713 0.740389 0.175472 0.749509 0.162805 0.735723 0.173072 0.726787
0 0.148909 0.918383 0.163245 0.938193 0.148649 0.948619 0.137441 0.932719 0.137441 0.926464 0.148909 0.918383
4 0.764442 0.527559 0.762856 0.542969 0.741100 0.540703 0.743820 0.524613 0.764442 0.527559
0 0.983190 0.006931 0.989727 0.010018 0.985460 0.017825 0.978288 0.013921 0.983190 0.006931
0 0.998841 0.009707 0.984461 0.001847 0.985730 0.000003 0.998841 0.000003 0.998841 0.009707
