1 0.065145 0.255235 0.065689 0.247613 0.108698 0.257413 0.088010 0.363574 0.044457 0.356497 0.047723 0.338531 0.031935 0.336898 0.044457 0.271568 0.060789 0.275923 0.065145 0.255235
3 0.054790 0.166580 0.076849 0.146861 0.092558 0.160564 0.083868 0.171928 0.101248 0.173933 0.103921 0.164241 0.122972 0.170257 0.113280 0.212035 0.095231 0.208358 0.099242 0.187637 0.088547 0.187302 0.087544 0.202342 0.067157 0.200337 0.069162 0.182957 0.056127 0.168586 0.054790 0.166580
3 0.140018 0.167917 0.141020 0.162904 0.163748 0.166915 0.149710 0.233760 0.127317 0.228412 0.140018 0.167917
3 0.231361 0.262372 0.254089 0.246664 0.266455 0.266717 0.255091 0.273402 0.261442 0.281423 0.246067 0.291450 0.228353 0.266717 0.231361 0.262372
3 0.185179 0.349875 0.186488 0.351447 0.191202 0.359827 0.200368 0.356160 0.214771 0.382610 0.210319 0.385490 0.217389 0.397536 0.187798 0.413249 0.161610 0.361922 0.185179 0.349875
0 0.196199 0.460545 0.216587 0.437150 0.238645 0.440492 0.237977 0.456869 0.245330 0.456869 0.246667 0.490292 0.244662 0.490292 0.244662 0.519369 0.217923 0.519035 0.217923 0.488620 0.221600 0.488286 0.221600 0.465559 0.196533 0.465893 0.196199 0.460545
3 0.218647 0.537312 0.264101 0.529625 0.268780 0.551350 0.275131 0.551015 0.276468 0.561711 0.281481 0.560374 0.290839 0.606831 0.276802 0.610842 0.279141 0.617526 0.273460 0.621871 0.275131 0.630895 0.243045 0.636243 0.236695 0.607165 0.232684 0.606831 0.229676 0.590120 0.236361 0.591457 0.234355 0.579425 0.222323 0.579759 0.219315 0.557366 0.224663 0.556363 0.217310 0.540989 0.218647 0.537312
3 0.285325 0.661766 0.299949 0.661182 0.299949 0.657672 0.308723 0.657087 0.311648 0.720848 0.289127 0.722602 0.288250 0.698327 0.274795 0.699496 0.273626 0.662351 0.283277 0.662351 0.285325 0.661766
1 0.413125 0.722354 0.418098 0.731713 0.402889 0.740195 0.398209 0.731421 0.410493 0.723231 0.413125 0.722354
1 0.405228 0.743705 0.421315 0.734346 0.426287 0.742535 0.411370 0.753064 0.406398 0.745752 0.405228 0.743705
1 0.436231 0.771198 0.446468 0.763594 0.455828 0.775878 0.444128 0.783482 0.437401 0.772953 0.436231 0.771198
1 0.353034 0.757334 0.358884 0.753239 0.366781 0.773128 0.357129 0.776345 0.364734 0.798866 0.346307 0.805593 0.331098 0.765816 0.353034 0.757334
1 0.355452 0.837562 0.375742 0.831637 0.379153 0.840255 0.391004 0.835946 0.396750 0.853363 0.382026 0.858391 0.386156 0.873114 0.371073 0.877783 0.365327 0.879399 0.361197 0.864496 0.358324 0.865393 0.351681 0.838819 0.355452 0.837562
0 0.998857 0.939615 0.993630 0.950450 0.990956 0.948779 0.988951 0.953124 0.998643 0.953458 0.991625 0.977857 0.951852 0.960477 0.959205 0.940758 0.970234 0.946106 0.973576 0.938418 0.968229 0.935076 0.970568 0.930397 0.965555 0.924381 0.966892 0.915357 0.963216 0.913351 0.972908 0.883940 0.973576 0.884608 0.976919 0.874247 0.995635 0.882269 0.993964 0.884608 0.998857 0.887976 0.998857 0.939615
3 0.880077 0.903568 0.888013 0.902938 0.888643 0.929391 0.875542 0.929895 0.877684 0.904198 0.880077 0.903568
0 0.271289 0.999008 0.268674 0.988928 0.293296 0.984004 0.292681 0.979695 0.314020 0.973129 0.327655 0.999008 0.271289 0.999008
0 0.262108 0.932092 0.287141 0.926142 0.287962 0.922859 0.298426 0.923679 0.302119 0.944608 0.299042 0.946045 0.304171 0.957945 0.299452 0.959792 0.301709 0.967589 0.287346 0.972308 0.281396 0.954457 0.274214 0.950559 0.265391 0.953021 0.261698 0.934144 0.262108 0.932092
0 0.285576 0.845901 0.292260 0.859604 0.293070 0.860634 0.256666 0.879025 0.246200 0.883169 0.230137 0.844060 0.257633 0.830181 0.266537 0.852964 0.284083 0.844060 0.285576 0.845901
3 0.161361 0.760025 0.187431 0.747659 0.195452 0.765039 0.208487 0.758688 0.217845 0.777071 0.178407 0.795787 0.164369 0.767712 0.161361 0.760025
0 0.165162 0.670530 0.166598 0.657603 0.183013 0.659245 0.181166 0.673197 0.191836 0.674428 0.188963 0.697820 0.143412 0.694126 0.145669 0.679968 0.137257 0.679763 0.139309 0.663964 0.145669 0.664785 0.146695 0.660271 0.153466 0.662117 0.152440 0.669914 0.163520 0.670940 0.165162 0.670530
0 0.020538 0.408278 0.043845 0.409850 0.043497 0.426165 0.017131 0.425361 0.018578 0.408963 0.020538 0.408278
0 0.036607 0.429160 0.061674 0.420470 0.065016 0.428826 0.063011 0.445537 0.061006 0.449882 0.062677 0.467596 0.020230 0.481299 0.013880 0.459240 0.029923 0.455230 0.030925 0.441861 0.035939 0.440524 0.036942 0.431165 0.036607 0.429160
1 0.052316 0.492329 0.066688 0.487984 0.069027 0.508037 0.051313 0.512382 0.048305 0.499682 0.050645 0.495002 0.052316 0.492329
0 0.107129 0.420136 0.109134 0.422141 0.130190 0.454895 0.135872 0.452222 0.139549 0.458238 0.137543 0.460911 0.146902 0.471941 0.142557 0.474615 0.146233 0.478960 0.134535 0.485978 0.130859 0.479628 0.125177 0.482970 0.109134 0.460911 0.100779 0.467262 0.092757 0.454227 0.096434 0.450885 0.086073 0.433171 0.107129 0.420136
3 0.192369 0.188054 0.209080 0.190727 0.205404 0.229163 0.186019 0.225487 0.192035 0.190059 0.192369 0.188054
3 0.210208 0.355272 0.221468 0.347415 0.228539 0.358676 0.217540 0.367056 0.210469 0.357628 0.210208 0.355272
3 0.121164 0.311483 0.121574 0.308815 0.123011 0.303070 0.159123 0.302865 0.151326 0.357239 0.133680 0.354367 0.135732 0.341030 0.127730 0.336310 0.127319 0.340209 0.118291 0.338567 0.118702 0.333027 0.111315 0.321947 0.112751 0.310457 0.121164 0.311483
3 0.023074 0.574007 0.026217 0.575055 0.045857 0.575840 0.044024 0.595481 0.016265 0.592339 0.017313 0.580030 0.023074 0.580292 0.023074 0.574007
3 0.217519 0.789686 0.245802 0.774760 0.251301 0.788377 0.248944 0.789424 0.255491 0.799376 0.247897 0.804089 0.258110 0.821111 0.226685 0.837609 0.216995 0.820587 0.227994 0.814303 0.225899 0.810374 0.227994 0.809327 0.218305 0.791519 0.217519 0.789686
0 0.256722 0.336838 0.245393 0.320716 0.245829 0.317884 0.283301 0.289344 0.284826 0.290215 0.291580 0.299148 0.284173 0.306555 0.294194 0.322895 0.292234 0.326163 0.278944 0.333788 0.276765 0.332263 0.274151 0.328123 0.260208 0.336620 0.256722 0.336838
0 0.388788 0.987778 0.379334 0.921323 0.380446 0.919933 0.407417 0.914928 0.420208 0.987222 0.418261 0.988612 0.398798 0.993061 0.394071 0.990558 0.388788 0.987778
3 0.524274 0.961694 0.521659 0.903089 0.524709 0.900257 0.542138 0.900039 0.544099 0.963436 0.539960 0.966922 0.525581 0.966704 0.524274 0.961694
3 -0.000000 0.941897 0.013576 0.946690 0.014229 0.947997 0.012486 0.952790 0.026865 0.957147 0.027737 0.959326 0.024251 0.971308 0.018369 0.971090 0.011833 0.989826 0.019022 0.993094 0.016379 0.999003 -0.000000 0.999003 -0.000000 0.944392 -0.000000 0.941897
1 0.043541 0.843189 0.035784 0.840782 0.035383 0.839043 0.037121 0.834629 0.045547 0.835967 0.045949 0.837171 0.043541 0.843189
3 0.130187 0.563713 0.114404 0.564917 0.113468 0.564114 0.113334 0.560637 0.114939 0.559567 0.128849 0.558095 0.129919 0.559299 0.130187 0.563713
