0 0.017535 0.029852 0.034533 0.026412 0.034331 0.024389 0.047686 0.021758 0.047686 0.015080 0.079659 0.009616 0.080873 0.015687 0.082694 0.017306 0.083908 0.024186 0.088158 0.023377 0.093217 0.041387 0.087348 0.044422 0.086539 0.051909 0.074600 0.055754 0.069541 0.052314 0.061649 0.052516 0.062256 0.056159 0.048091 0.061015 0.050924 0.068098 0.055376 0.070526 0.061446 0.073764 0.084718 0.067895 0.086741 0.078620 0.074397 0.081858 0.059018 0.085905 0.060232 0.089548 0.045258 0.094607 0.041818 0.089143 0.028260 0.092381 0.017535 0.029852
0 0.836764 0.000006 0.829152 0.006051 0.826723 0.004027 0.823890 0.008884 0.826521 0.009288 0.825509 0.021835 0.852220 0.023656 0.851816 0.044903 0.811550 0.041909 0.812329 0.034219 0.796463 0.033149 0.798020 0.016601 0.802108 0.016601 0.802692 0.014362 0.800162 0.008036 0.800920 0.000006 0.836764 0.000006
0 0.956197 0.044626 0.985336 0.045638 0.994038 0.056363 0.990193 0.074980 0.981087 0.085907 0.973397 0.086110 0.969553 0.091776 0.967934 0.100882 0.961863 0.101084 0.960244 0.098656 0.954578 0.099061 0.948507 0.098049 0.949115 0.100275 0.937782 0.100679 0.931307 0.090157 0.935152 0.069719 0.942639 0.049483 0.947293 0.048674 0.948507 0.054137 0.956197 0.054340 0.956197 0.044626
0 -0.000000 0.255547 0.001144 0.248919 0.013603 0.251741 0.013797 0.245512 0.018080 0.245512 0.019054 0.237335 0.044069 0.239282 0.043875 0.249211 0.060617 0.251352 0.056002 0.290247 -0.000000 0.277382 -0.000000 0.255547
0 -0.000000 0.281643 0.000476 0.283710 0.005829 0.283710 0.003980 0.296072 -0.000000 0.296549 -0.000000 0.281643
0 0.456678 0.071714 0.492835 0.077395 0.501874 0.046145 0.515562 0.048986 0.509622 0.077137 0.518662 0.078429 0.520469 0.069131 0.541647 0.074038 0.533899 0.109679 0.540356 0.110712 0.538031 0.125174 0.528734 0.123625 0.530542 0.117943 0.512205 0.114327 0.513238 0.106063 0.452287 0.093150 0.456678 0.071714
0 0.258721 0.141994 0.276933 0.135923 0.276528 0.135113 0.284420 0.132888 0.282599 0.126817 0.295955 0.122163 0.293526 0.114878 0.314572 0.108200 0.332177 0.155754 0.330558 0.161015 0.302835 0.173359 0.297574 0.163039 0.289804 0.165872 0.283813 0.150695 0.264185 0.156968 0.258721 0.141994
0 0.620992 0.083422 0.650328 0.079137 0.655602 0.069908 0.667468 0.074193 0.676039 0.076171 0.679689 0.078663 0.668482 0.103216 0.662195 0.103199 0.661535 0.111440 0.650328 0.112099 0.648680 0.105507 0.634507 0.106825 0.632859 0.114406 0.630222 0.114736 0.633188 0.146379 0.606159 0.145720 0.606159 0.106496 0.620992 0.083422
0 0.462179 0.134334 0.475351 0.133559 0.476900 0.130460 0.492138 0.132784 0.494204 0.138982 0.503501 0.139499 0.503760 0.149313 0.504018 0.159127 0.488006 0.156544 0.487489 0.167650 0.502210 0.167908 0.502210 0.174365 0.503243 0.174365 0.503243 0.178497 0.511766 0.181338 0.507634 0.199933 0.500402 0.199158 0.499111 0.193735 0.487489 0.192701 0.489297 0.199675 0.485939 0.204840 0.478966 0.204840 0.475609 0.195284 0.473284 0.195026 0.471993 0.205356 0.451074 0.200966 0.442293 0.190894 0.441518 0.181338 0.448749 0.180305 0.447974 0.172815 0.454431 0.174106 0.455206 0.166617 0.458563 0.166100 0.462179 0.134334
0 0.796318 0.057910 0.798531 0.063999 0.802881 0.072822 0.804877 0.075182 0.775951 0.090162 0.778792 0.093519 0.767428 0.098426 0.763813 0.093777 0.752966 0.097910 0.752966 0.100750 0.749092 0.123220 0.737728 0.122703 0.734629 0.129676 0.729980 0.126577 0.737470 0.095069 0.724556 0.069759 0.746509 0.059170 0.749092 0.064593 0.755032 0.062269 0.753999 0.058395 0.762521 0.056071 0.767945 0.064852 0.774402 0.061236 0.771819 0.056587 0.790156 0.047806 0.796318 0.057910
0 0.810817 0.057104 0.814949 0.059428 0.817015 0.066660 0.810300 0.072858 0.803585 0.072341 0.803105 0.072187 0.798981 0.063807 0.798780 0.058571 0.804619 0.054521 0.810817 0.057104
0 0.905770 0.108987 0.918923 0.111820 0.922971 0.105547 0.946242 0.111213 0.955348 0.117891 0.950491 0.144198 0.938754 0.149256 0.938350 0.146626 0.932886 0.145007 0.932077 0.149661 0.927220 0.155732 0.920947 0.157351 0.907794 0.152494 0.906580 0.152899 0.905163 0.158970 0.895855 0.154922 0.896462 0.143590 0.892010 0.140150 0.896867 0.124974 0.898890 0.124974 0.905770 0.108987
0 0.126246 0.203798 0.145656 0.191272 0.154227 0.205446 0.136427 0.215994 0.126246 0.203798
0 0.124890 0.220938 0.140053 0.223905 0.133461 0.261481 0.139064 0.262470 0.139064 0.258185 0.149612 0.253570 0.152908 0.257855 0.153567 0.254229 0.161149 0.251263 0.164774 0.257526 0.167411 0.257855 0.172356 0.268733 0.159500 0.273677 0.162797 0.281258 0.149941 0.286202 0.149612 0.291147 0.139723 0.290158 0.137746 0.284554 0.133461 0.283566 0.132801 0.287521 0.117309 0.285543 0.115002 0.276314 0.115002 0.275655 0.116315 0.268281 0.117433 0.268405 0.117930 0.262815 0.116688 0.262318 0.116688 0.256355 0.119670 0.255858 0.120788 0.247162 0.119670 0.246292 0.120167 0.236975 0.121906 0.236602 0.122775 0.236105 0.128490 0.236850 0.128241 0.232999 0.122403 0.232130 0.124890 0.220938
0 -0.000000 0.405882 0.003082 0.407370 0.008300 0.394947 0.016250 0.396314 0.022959 0.394823 0.044699 0.401283 0.045072 0.410103 0.043237 0.415527 0.050848 0.416796 0.050689 0.418381 0.059568 0.421077 0.053068 0.440420 0.038164 0.434871 0.037847 0.439310 -0.000000 0.426818 -0.000000 0.405882
0 0.880910 0.227018 0.898472 0.227018 0.897698 0.207906 0.901055 0.208422 0.901572 0.192927 0.912161 0.192410 0.913968 0.195767 0.927398 0.195509 0.927656 0.198350 0.939537 0.198350 0.939795 0.204290 0.947801 0.206615 0.947801 0.213329 0.948318 0.228051 0.938762 0.228825 0.940053 0.237348 0.944444 0.240706 0.942119 0.247937 0.923008 0.247679 0.920683 0.243546 0.914743 0.242255 0.910094 0.234249 0.908028 0.231925 0.905446 0.231925 0.906479 0.245871 0.883751 0.244580 0.884268 0.239156 0.879361 0.237865 0.880910 0.227018
0 0.897121 0.255014 0.918041 0.265603 0.920107 0.261729 0.953423 0.278000 0.943867 0.303309 0.932762 0.298661 0.927080 0.311316 0.939476 0.315964 0.933162 0.329165 0.868195 0.298402 0.877235 0.282390 0.894280 0.291946 0.897638 0.284456 0.888082 0.278258 0.897121 0.255014
0 0.998871 0.403713 0.977659 0.385984 0.992026 0.369391 0.998871 0.375467 0.998871 0.403713
0 0.986158 0.338025 0.995669 0.348345 0.991120 0.354179 0.983730 0.355023 0.978873 0.346727 0.980289 0.342072 0.986158 0.338025
0 0.319071 0.267149 0.345930 0.245971 0.347996 0.240806 0.358585 0.232799 0.378213 0.253719 0.365042 0.265082 0.353937 0.255010 0.329660 0.273089 0.333534 0.282903 0.327852 0.286002 0.319071 0.267149
0 0.380021 0.257851 0.402749 0.257335 0.403265 0.250878 0.414629 0.243130 0.412563 0.237448 0.418244 0.232283 0.421344 0.229958 0.421344 0.216787 0.447687 0.218337 0.444329 0.234607 0.450011 0.235899 0.445104 0.253719 0.449495 0.258626 0.442263 0.266632 0.438389 0.263791 0.423410 0.278771 0.378213 0.278771 0.380021 0.257851
0 0.310985 0.356373 0.326481 0.352241 0.336295 0.343460 0.332680 0.342943 0.335262 0.327964 0.345076 0.329255 0.351017 0.305237 0.356440 0.307045 0.359281 0.298005 0.377876 0.302654 0.374002 0.314018 0.375810 0.317633 0.389756 0.321766 0.384849 0.338295 0.385366 0.344493 0.381750 0.356890 0.371936 0.354307 0.352566 0.351208 0.345076 0.364638 0.310211 0.376001 0.310985 0.356373
0 0.419939 0.317139 0.428342 0.311431 0.435953 0.321262 0.427074 0.327762 0.419939 0.317139
0 0.393980 0.364097 0.400067 0.364346 0.401806 0.357637 0.461934 0.366458 0.464667 0.369936 0.464542 0.374533 0.471996 0.374533 0.477959 0.369812 0.476717 0.368694 0.474729 0.370309 0.466779 0.360992 0.466779 0.359874 0.464791 0.355029 0.466157 0.350308 0.467027 0.350432 0.469884 0.340618 0.496842 0.346084 0.495351 0.362110 0.498706 0.362234 0.497588 0.378881 0.496345 0.378632 0.496345 0.381614 0.482680 0.382856 0.481686 0.391179 0.488395 0.390931 0.487525 0.395527 0.465785 0.411926 0.459573 0.403230 0.439945 0.402236 0.440193 0.393167 0.428019 0.392422 0.427646 0.389316 0.389756 0.383726 0.393980 0.364097
0 0.522319 0.313147 0.536484 0.313552 0.538305 0.302624 0.541948 0.304243 0.542555 0.301410 0.547209 0.301815 0.547412 0.291899 0.558541 0.292304 0.556113 0.310921 0.564005 0.312338 0.562386 0.308493 0.579384 0.309909 0.578575 0.312540 0.587478 0.312742 0.588658 0.284547 0.603896 0.284547 0.605187 0.288421 0.610610 0.289712 0.610352 0.317863 0.602862 0.318121 0.602862 0.328452 0.602088 0.334392 0.600538 0.334392 0.598730 0.349113 0.593307 0.345756 0.592532 0.347564 0.581943 0.342915 0.581427 0.341107 0.576261 0.341623 0.576261 0.344464 0.562573 0.344464 0.563090 0.340074 0.553017 0.339041 0.550693 0.363059 0.531840 0.362801 0.535972 0.339816 0.534422 0.337491 0.533131 0.326128 0.519443 0.326386 0.522319 0.313147
0 0.634221 0.293926 0.682775 0.296767 0.678643 0.329825 0.674769 0.329050 0.673736 0.334990 0.667021 0.333183 0.666763 0.331375 0.659273 0.332149 0.658498 0.340672 0.653333 0.339639 0.652300 0.345837 0.645585 0.346096 0.643519 0.365466 0.627248 0.364174 0.634221 0.293926
0 0.725084 0.320406 0.734640 0.322730 0.738513 0.309042 0.783968 0.321439 0.780611 0.332286 0.770280 0.329445 0.767439 0.339001 0.760208 0.337968 0.756076 0.356563 0.736964 0.352172 0.736964 0.349331 0.727666 0.347265 0.726117 0.352430 0.714753 0.348815 0.725084 0.320406
0 0.799662 0.390509 0.814494 0.370072 0.824053 0.378642 0.835920 0.365128 0.842182 0.371061 0.850093 0.363809 0.877781 0.384575 0.848775 0.426107 0.823064 0.406990 0.827349 0.400727 0.819768 0.395453 0.814824 0.401716 0.799662 0.390509
0 0.921212 0.412793 0.932544 0.423923 0.937198 0.419674 0.942459 0.425137 0.936186 0.429387 0.938412 0.436065 0.941043 0.444564 0.941447 0.473703 0.938210 0.478560 0.921212 0.463990 0.916355 0.468442 0.910689 0.464395 0.913320 0.454277 0.907249 0.447801 0.898547 0.459133 0.886406 0.449622 0.904011 0.429791 0.899155 0.427566 0.911094 0.413805 0.916760 0.416436 0.921212 0.412793
0 0.998871 0.533685 0.960749 0.520331 0.980580 0.483906 0.993328 0.490584 0.990698 0.495036 0.998871 0.498578 0.998871 0.533685
0 0.085425 0.431651 0.099185 0.421533 0.098578 0.415664 0.108696 0.409998 0.114159 0.412629 0.122051 0.392596 0.139252 0.398464 0.129943 0.421735 0.131562 0.421735 0.131157 0.433067 0.128729 0.432662 0.127110 0.436305 0.124480 0.438126 0.124884 0.443792 0.129134 0.442375 0.138240 0.454315 0.124277 0.467265 0.118611 0.462611 0.110112 0.468075 0.097161 0.455124 0.085627 0.441971 0.085425 0.431651
0 0.196359 0.479231 0.208756 0.477682 0.216245 0.460636 0.248012 0.472000 0.256276 0.467093 0.256793 0.465801 0.267124 0.469934 0.265832 0.475874 0.273838 0.484396 0.267382 0.491628 0.268157 0.501442 0.264283 0.515388 0.260409 0.521070 0.249562 0.514613 0.248529 0.512806 0.248529 0.511256 0.247495 0.510223 0.238714 0.502992 0.238973 0.500925 0.233033 0.500409 0.226318 0.496793 0.221152 0.493436 0.219603 0.493436 0.201266 0.497826 0.196101 0.493177 0.196359 0.479231
0 0.304493 0.503342 0.325740 0.508603 0.334644 0.488368 0.344964 0.492415 0.350023 0.485130 0.375115 0.493224 0.362974 0.532886 0.337882 0.523376 0.335251 0.530458 0.299029 0.518924 0.304493 0.503342
0 -0.000000 0.499949 0.001911 0.496056 0.017897 0.501722 0.009803 0.527219 0.017695 0.529242 0.019111 0.525802 0.034086 0.530659 0.032871 0.534908 0.040359 0.538146 0.042382 0.535313 0.048251 0.537943 0.047036 0.539967 0.064237 0.546443 0.053512 0.577201 0.030443 0.570725 0.030241 0.567690 0.027003 0.566678 0.022349 0.569714 -0.000000 0.562509 -0.000000 0.499949
0 0.413191 0.508148 0.425588 0.507889 0.427912 0.491360 0.444698 0.492048 0.444183 0.496009 0.450381 0.497559 0.472075 0.494459 0.475691 0.499367 0.477757 0.512021 0.484472 0.512021 0.486538 0.539139 0.481373 0.538881 0.479307 0.543788 0.456579 0.542497 0.457647 0.532371 0.411417 0.531338 0.413191 0.508148
0 0.557607 0.464644 0.577235 0.469034 0.577235 0.471359 0.586533 0.472650 0.584467 0.478332 0.591182 0.478074 0.591182 0.481431 0.597205 0.482348 0.587566 0.515522 0.546502 0.504933 0.557607 0.464644
0 0.550193 0.442599 0.575014 0.431016 0.579784 0.439387 0.582270 0.443713 0.582898 0.449412 0.570828 0.457686 0.563723 0.456518 0.555547 0.458075 0.550193 0.442599
0 0.642344 0.475489 0.664199 0.481964 0.662580 0.489451 0.664603 0.489856 0.679173 0.486618 0.683423 0.493903 0.694920 0.496662 0.683561 0.544620 0.669679 0.539151 0.667996 0.545040 0.671782 0.545461 0.673044 0.549247 0.668837 0.565233 0.634762 0.555558 0.648224 0.511806 0.634762 0.508441 0.642344 0.475489
0 0.736124 0.515685 0.742064 0.502256 0.759367 0.508971 0.755235 0.518268 0.762725 0.523950 0.767374 0.516719 0.774088 0.520076 0.775638 0.516719 0.771764 0.515427 0.777188 0.501481 0.786743 0.506904 0.785969 0.513361 0.789326 0.514652 0.794491 0.502256 0.803272 0.507679 0.796557 0.520851 0.797849 0.521884 0.797591 0.530665 0.806630 0.534797 0.804822 0.538929 0.807921 0.541512 0.802756 0.554942 0.796816 0.552617 0.792942 0.563206 0.738706 0.538413 0.743871 0.525758 0.731733 0.519818 0.736124 0.515685
0 0.809329 0.595593 0.836358 0.563620 0.838665 0.566587 0.854487 0.548787 0.868660 0.561313 0.853168 0.579442 0.876345 0.597350 0.856139 0.622177 0.847894 0.616359 0.845370 0.617778 0.832073 0.610096 0.825480 0.618667 0.811636 0.611085 0.809329 0.595593
0 0.998871 0.649722 0.992973 0.650090 0.991759 0.657577 0.998871 0.657969 0.998871 0.690804 0.992568 0.691573 0.985283 0.688943 0.990545 0.672957 0.971118 0.669517 0.966262 0.666279 0.972333 0.639365 0.998437 0.644019 0.998871 0.646450 0.998871 0.649722
0 0.085679 0.544210 0.121319 0.554799 0.120544 0.560739 0.123385 0.560480 0.122869 0.557381 0.130100 0.554540 0.131391 0.557898 0.132425 0.557123 0.131650 0.554540 0.140172 0.552991 0.140431 0.557898 0.145338 0.556090 0.148437 0.574943 0.116670 0.583983 0.118182 0.589064 0.114296 0.592536 0.105565 0.589923 0.102208 0.593538 0.075348 0.584241 0.078964 0.559189 0.085679 0.544210
0 0.200748 0.589783 0.199198 0.594949 0.209787 0.598048 0.211078 0.600114 0.229157 0.608378 0.223733 0.625682 0.201264 0.621033 0.201006 0.625940 0.198165 0.623616 0.193000 0.634205 0.179570 0.630073 0.178795 0.633430 0.163299 0.628007 0.162783 0.624391 0.155551 0.623616 0.152969 0.613285 0.165882 0.606312 0.166572 0.602637 0.169502 0.599236 0.175552 0.582734 0.177578 0.581387 0.200748 0.589783
0 0.167121 0.578625 0.172358 0.579062 0.175098 0.582549 0.169074 0.598985 0.166396 0.602100 0.150644 0.597015 0.158964 0.574725 0.167121 0.578625
0 0.182153 0.562924 0.177324 0.580967 0.175459 0.582207 0.172610 0.578593 0.167265 0.578147 0.159788 0.572960 0.165477 0.557851 0.182153 0.562924
0 0.242611 0.596111 0.259422 0.603362 0.253159 0.621821 0.291724 0.636654 0.290076 0.640939 0.310513 0.642257 0.300954 0.663682 0.284802 0.657749 0.276562 0.672582 0.257114 0.663682 0.256125 0.667308 0.245248 0.662364 0.246567 0.656760 0.242281 0.655771 0.249203 0.640279 0.240633 0.638302 0.243930 0.622810 0.233382 0.620173 0.242611 0.596111
0 0.296618 0.704414 0.309273 0.694859 0.313405 0.700540 0.314438 0.700799 0.322186 0.706481 0.320637 0.709063 0.324511 0.712679 0.327868 0.709063 0.324769 0.704156 0.330451 0.700799 0.332517 0.703123 0.333808 0.703123 0.332775 0.697958 0.337424 0.696408 0.342073 0.696666 0.342073 0.699249 0.351370 0.697441 0.359118 0.697958 0.372031 0.712162 0.367124 0.713712 0.364283 0.713195 0.364800 0.716811 0.365058 0.718361 0.359118 0.727400 0.354986 0.725334 0.353436 0.729208 0.351628 0.734631 0.356535 0.755293 0.350337 0.754518 0.344139 0.735923 0.338199 0.731790 0.329676 0.733857 0.325802 0.735923 0.319345 0.729724 0.322444 0.725850 0.321411 0.723009 0.313147 0.726625 0.296618 0.704414
0 0.364390 0.619352 0.382190 0.634184 0.409878 0.639129 0.430973 0.627592 0.449762 0.651654 0.420755 0.673409 0.417459 0.669454 0.402626 0.672750 0.385156 0.667806 0.378894 0.667476 0.369664 0.660554 0.368346 0.655939 0.366368 0.656269 0.358787 0.650995 0.359117 0.648358 0.348898 0.640447 0.364390 0.619352
0 0.520184 0.681464 0.525850 0.674179 0.542241 0.688344 0.541229 0.690367 0.548918 0.696033 0.551144 0.692998 0.561667 0.701902 0.562881 0.712020 0.551144 0.730839 0.572189 0.736542 0.576485 0.742985 0.577518 0.761580 0.556082 0.761838 0.540328 0.752799 0.535421 0.752799 0.528964 0.743502 0.528964 0.737303 0.528447 0.727489 0.530513 0.720774 0.529739 0.716384 0.525865 0.716384 0.521733 0.714576 0.516567 0.715609 0.503912 0.706828 0.508561 0.698047 0.510369 0.686167 0.520184 0.681464
0 0.662131 0.778705 0.679271 0.783979 0.675316 0.796834 0.682568 0.801119 0.683556 0.799141 0.694434 0.801778 0.696412 0.797823 0.703333 0.799471 0.700367 0.812656 0.714870 0.834081 0.714211 0.844958 0.700367 0.850232 0.696741 0.842981 0.694763 0.843640 0.691467 0.836058 0.687182 0.839684 0.680590 0.829136 0.647958 0.816611 0.647958 0.798812 0.652243 0.798812 0.662131 0.778705
0 0.944624 0.634374 0.961105 0.637011 0.955831 0.666347 0.937702 0.662062 0.939655 0.655470 0.938703 0.654994 0.939338 0.650396 0.940130 0.650396 0.940448 0.648811 0.939496 0.648018 0.940289 0.641993 0.941557 0.642151 0.944624 0.634374
0 0.824856 0.738992 0.828903 0.736968 0.835378 0.745669 0.852781 0.734944 0.861685 0.748098 0.855007 0.753359 0.861685 0.764893 0.852984 0.769952 0.859426 0.780418 0.849762 0.789546 0.843856 0.812096 0.842824 0.815586 0.839198 0.814927 0.835901 0.841296 0.817891 0.835957 0.820107 0.819492 0.829309 0.799435 0.824035 0.797127 0.828650 0.779987 0.823706 0.775043 0.820409 0.776361 0.816124 0.769439 0.808214 0.774054 0.798984 0.760540 0.807225 0.752959 0.803811 0.740813 0.808263 0.734540 0.818583 0.730088 0.824856 0.738992
0 0.818832 0.818945 0.816472 0.834093 0.800303 0.830749 0.803599 0.816905 0.818832 0.818945
0 0.811779 0.863836 0.821161 0.864973 0.818989 0.877809 0.809242 0.875568 0.811779 0.863836
0 0.827903 0.869027 0.836631 0.868951 0.835879 0.878422 0.827000 0.877471 0.827903 0.869027
0 0.922994 0.793787 0.925060 0.794562 0.927126 0.789139 0.935649 0.792496 0.934616 0.796887 0.940556 0.798436 0.941331 0.795854 0.949854 0.798953 0.949079 0.801019 0.953728 0.802827 0.955019 0.800761 0.962250 0.802052 0.964833 0.814449 0.960184 0.823488 0.958635 0.824779 0.957602 0.828395 0.965866 0.839759 0.958635 0.868168 0.928418 0.858095 0.931259 0.851639 0.905432 0.843116 0.908015 0.835626 0.906982 0.828912 0.911114 0.820131 0.920928 0.822971 0.924544 0.813416 0.916021 0.809542 0.922994 0.793787
0 0.899736 0.911444 0.917815 0.919192 0.922722 0.909378 0.934344 0.915060 0.935377 0.912736 0.955780 0.920225 0.954747 0.923841 0.968693 0.930556 0.958621 0.960514 0.890181 0.931589 0.899736 0.911444
0 0.763675 0.161262 0.778396 0.148090 0.781754 0.149382 0.787694 0.147057 0.792342 0.149124 0.798799 0.143700 0.810938 0.142667 0.811454 0.136727 0.843479 0.137760 0.845287 0.143958 0.856134 0.143958 0.855617 0.156355 0.854843 0.165136 0.850194 0.166944 0.849677 0.177533 0.810938 0.176241 0.811196 0.170560 0.809130 0.167719 0.809388 0.157130 0.798283 0.156355 0.792084 0.159454 0.790276 0.161004 0.790793 0.162812 0.772714 0.174692 0.763675 0.161262
0 0.599689 0.265312 0.613358 0.265928 0.611757 0.283538 0.597349 0.282676 0.599689 0.265312
0 0.152821 0.308062 0.164274 0.310032 0.164397 0.314219 0.160703 0.321608 0.149496 0.318160 0.152821 0.308062
