3 0.062817 0.619010 0.087634 0.617997 0.087379 0.615065 0.102802 0.614683 0.105947 0.614675 0.105989 0.640431 0.086614 0.640686 0.086741 0.635460 0.063024 0.636035 0.062817 0.619010
3 0.102802 0.614683 0.091967 0.614900 0.091330 0.610349 0.083937 0.610604 0.084192 0.592376 0.090183 0.592121 0.090310 0.594798 0.097321 0.594543 0.097958 0.602956 0.102420 0.603211 0.102802 0.614683
3 0.052292 0.485005 0.053667 0.506318 0.030751 0.507005 0.030522 0.485922 0.052292 0.485005
0 0.266962 0.316788 0.280249 0.326305 0.277197 0.331332 0.264628 0.322534 0.266962 0.316788
0 0.286089 0.318602 0.301081 0.323783 0.295018 0.338334 0.279696 0.334145 0.286089 0.318602
0 0.393623 0.350815 0.411069 0.362211 0.404878 0.368683 0.400658 0.379093 0.382650 0.366572 0.386870 0.359116 0.393623 0.350815
0 0.407734 0.312661 0.428415 0.328418 0.411392 0.352054 0.391273 0.337000 0.407734 0.312661
0 0.519926 0.237601 0.532503 0.256887 0.532480 0.258245 0.503547 0.280304 0.490093 0.259830 0.519926 0.237601
0 0.484395 0.380248 0.525874 0.402477 0.516020 0.418748 0.493791 0.406602 0.490582 0.412561 0.471791 0.402707 0.484395 0.380248
0 0.371612 0.667334 0.403676 0.690918 0.375587 0.728812 0.362337 0.718212 0.368962 0.710262 0.350678 0.696748 0.371612 0.667334
0 0.480107 0.731862 0.508726 0.749616 0.497861 0.767371 0.486201 0.760216 0.463942 0.797050 0.442478 0.783535 0.480107 0.731862
0 0.388469 0.806177 0.403834 0.827563 0.361063 0.859330 0.356287 0.852271 0.336147 0.866389 0.324105 0.845627 0.344245 0.832754 0.347152 0.823410 0.357118 0.822165 0.360024 0.825279 0.388469 0.806177
0 0.415724 0.857734 0.432419 0.837860 0.446728 0.848460 0.430034 0.869129 0.415724 0.857734
0 0.303121 0.898063 0.329885 0.904953 0.322200 0.933042 0.315840 0.938077 0.303386 0.949471 0.292786 0.956891 0.289341 0.958481 0.255422 0.950531 0.264697 0.925622 0.283511 0.930922 0.289606 0.925622 0.291726 0.921117 0.294376 0.915552 0.294641 0.912373 0.297821 0.913962 0.303121 0.898063
0 0.361510 0.988623 0.367531 0.971182 0.385179 0.975127 0.383518 0.986339 0.374590 0.983225 0.372306 0.991530 0.361510 0.988623
0 0.404759 0.999004 0.407193 0.989867 0.440413 0.998587 0.440112 0.999003 0.404759 0.999004
0 0.138783 0.849252 0.156450 0.847936 0.156350 0.844540 0.199751 0.842034 0.200133 0.847133 0.215100 0.845013 0.216160 0.865417 0.201321 0.866212 0.201851 0.877077 0.194166 0.877607 0.194961 0.885821 0.174291 0.887411 0.174026 0.880521 0.158392 0.881846 0.157597 0.874427 0.140372 0.875752 0.138783 0.849252
0 0.188778 0.950943 0.198586 0.955776 0.181676 0.984087 0.172206 0.979014 0.188778 0.950943
0 0.100727 0.855466 0.113347 0.860947 0.108120 0.872292 0.094609 0.866938 0.100727 0.855466
3 0.301010 0.467783 0.295656 0.463322 0.297568 0.460645 0.290430 0.454272 0.302795 0.440123 0.305216 0.442163 0.313119 0.434642 0.314904 0.433368 0.316943 0.432221 0.317708 0.431966 0.319238 0.431456 0.321022 0.430946 0.323444 0.430691 0.325228 0.432221 0.326493 0.433557 0.327720 0.431962 0.335878 0.438214 0.334858 0.439489 0.353468 0.454912 0.340721 0.469953 0.322239 0.451981 0.318542 0.457207 0.314208 0.453638 0.301010 0.467783
0 0.417584 0.458593 0.441721 0.477986 0.435214 0.486120 0.430170 0.482216 0.417644 0.497671 0.409510 0.491651 0.412506 0.488167 0.410608 0.486769 0.413804 0.483573 0.402918 0.475184 0.417584 0.458593
0 0.488262 0.510996 0.505725 0.511633 0.505215 0.530753 0.486605 0.529988 0.488262 0.510996
3 0.028974 0.543972 0.058158 0.542164 0.064873 0.575739 0.056609 0.577030 0.050410 0.553270 0.028458 0.554044 0.028974 0.543972
4 0.200338 0.490600 0.203179 0.489309 0.207827 0.492924 0.211960 0.495507 0.210926 0.509970 0.198013 0.507904 0.200338 0.490600
0 0.484919 0.958690 0.476678 0.983412 0.452461 0.976953 0.460420 0.952109 0.484919 0.958690
0 0.459941 0.951982 0.451992 0.976826 0.427235 0.970227 0.435805 0.945505 0.459941 0.951982
3 -0.000000 0.372630 0.022342 0.370527 0.025286 0.392403 0.030755 0.395768 0.035383 0.464340 0.017293 0.468547 -0.000000 0.465602 -0.000000 0.372630
0 0.399251 0.543778 0.394966 0.536856 0.393977 0.525320 0.411447 0.524661 0.412106 0.538834 0.399251 0.543778
0 0.130812 0.999004 0.129791 0.998664 0.133968 0.989475 0.155852 0.998162 0.155699 0.999004 0.130812 0.999004
4 0.389536 0.661136 0.398451 0.655295 0.409211 0.662365 0.401833 0.670666 0.389536 0.661136
4 0.331012 0.520758 0.348052 0.520424 0.348887 0.530782 0.338530 0.532118 0.338196 0.526104 0.331179 0.526605 0.331012 0.520758
