4 0.059217 0.050888 0.075857 0.051160 0.079676 0.024700 0.116229 0.029065 0.106681 0.102444 0.069037 0.099171 0.072310 0.068619 0.057034 0.067255 0.059217 0.050888
4 0.608615 0.103984 0.708591 0.106205 0.708147 0.125312 0.704592 0.125312 0.703259 0.130644 0.611281 0.127089 0.608615 0.103984
4 0.667995 0.319455 0.677309 0.321923 0.678702 0.319137 0.692628 0.328886 0.691583 0.332715 0.699077 0.338200 0.686599 0.361929 0.657464 0.344552 0.667995 0.319455
4 0.718739 0.298596 0.737191 0.300337 0.737191 0.306256 0.758776 0.306604 0.761562 0.338286 0.719435 0.337937 0.718739 0.298596
4 0.611701 0.245594 0.694213 0.250120 0.692820 0.273446 0.612397 0.265439 0.611701 0.245594
4 0.508037 0.416706 0.524132 0.416706 0.523041 0.432255 0.505855 0.429527 0.508037 0.416706
4 0.659154 0.439790 0.677372 0.442012 0.677816 0.464673 0.655599 0.462452 0.659154 0.439790
4 0.406847 0.026279 0.487911 0.026279 0.488634 0.046545 0.408295 0.043650 0.406847 0.026279
4 0.409339 0.054637 0.429003 0.054210 0.430285 0.070454 0.410621 0.070667 0.409339 0.054637
4 0.726736 0.126639 0.739178 0.126195 0.739178 0.137303 0.743621 0.135970 0.744066 0.151522 0.726736 0.151522 0.726736 0.126639
