3 0.574498 0.000009 0.578506 0.011473 0.582182 0.010136 0.583853 0.019160 0.585524 0.019160 0.591206 0.047235 0.562463 0.055256 0.555444 0.026513 0.560792 0.025510 0.557115 0.011138 0.561460 0.010136 0.559790 0.000009 0.574498 0.000009
0 0.597556 0.090016 0.632650 0.105056 0.633987 0.102048 0.660391 0.111072 0.654375 0.121767 0.664736 0.125778 0.658385 0.139147 0.628973 0.127783 0.626634 0.134468 0.606246 0.127449 0.607917 0.124107 0.567591 0.121204 0.571065 0.086463 0.592604 0.087852 0.597556 0.090016
3 0.571708 0.059555 0.581515 0.057626 0.581997 0.055536 0.587142 0.054571 0.588749 0.058912 0.590678 0.058430 0.591643 0.061002 0.589231 0.061484 0.590839 0.070166 0.584087 0.074989 0.569939 0.077239 0.568653 0.061966 0.570261 0.060198 0.571708 0.059555
3 0.685663 0.015631 0.692640 0.014810 0.707618 0.028763 0.708849 0.039227 0.699821 0.040869 0.695512 0.042100 0.696333 0.047845 0.675609 0.050718 0.673763 0.039432 0.669454 0.040664 0.668633 0.033687 0.648320 0.037996 0.645242 0.024864 0.670069 0.019529 0.685663 0.015631
0 0.694064 0.102183 0.699826 0.094327 0.717371 0.106111 0.717895 0.106373 0.712134 0.115801 0.696421 0.105326 0.694064 0.102183
0 0.763199 0.096422 0.766342 0.096160 0.778912 0.114230 0.775769 0.117110 0.792791 0.142250 0.780483 0.151154 0.784673 0.157177 0.776031 0.163200 0.773674 0.159534 0.761890 0.167128 0.754557 0.156129 0.766604 0.146964 0.760319 0.147749 0.758485 0.141988 0.755081 0.143036 0.751153 0.137275 0.753510 0.135180 0.749320 0.130728 0.748272 0.131251 0.736750 0.114230 0.745654 0.108992 0.745130 0.107945 0.753772 0.101660 0.754819 0.102445 0.763199 0.096422
0 0.822771 0.502460 0.826184 0.507579 0.833862 0.518243 0.825330 0.540425 0.745563 0.508859 0.768171 0.460230 0.818079 0.481132 0.840260 0.470895 0.850498 0.489663 0.822771 0.502460
0 0.914635 0.663598 0.908285 0.661927 0.889234 0.640536 0.915638 0.616138 0.948058 0.620817 0.983485 0.663264 0.940370 0.695684 0.914635 0.663598
0 0.904344 0.761219 0.907330 0.761645 0.940176 0.779134 0.944868 0.771030 0.988804 0.790652 0.980273 0.809847 0.974728 0.807714 0.969609 0.829469 0.944868 0.829042 0.938470 0.806861 0.916715 0.796624 0.915009 0.791078 0.917141 0.785533 0.898373 0.774869 0.904344 0.761219
0 0.556847 0.358857 0.653753 0.438342 0.614011 0.492239 0.615644 0.495505 0.594956 0.521093 0.511116 0.436164 0.541059 0.406765 0.529082 0.397510 0.546503 0.375734 0.541603 0.369745 0.553580 0.353412 0.556847 0.358857
0 0.328805 0.545358 0.340168 0.556053 0.321117 0.582791 0.326131 0.593821 0.306746 0.636602 0.286024 0.623901 0.275329 0.624570 0.277334 0.606521 0.294045 0.611869 0.300061 0.595492 0.285021 0.588473 0.305409 0.549703 0.328805 0.545358
0 0.240079 0.540008 0.284612 0.505925 0.288470 0.510909 0.286863 0.517501 0.294258 0.524735 0.294419 0.535507 0.263391 0.557693 0.255835 0.546439 0.245545 0.551262 0.240562 0.543224 0.240079 0.540008
3 0.619888 0.197085 0.643195 0.194466 0.648694 0.242127 0.625387 0.245532 0.624863 0.225105 0.617007 0.225891 0.614912 0.196823 0.619888 0.197085
0 0.687451 0.228248 0.707877 0.226677 0.707877 0.238199 0.685618 0.240556 0.685356 0.229295 0.687451 0.228248
0 0.710813 0.221419 0.725282 0.221097 0.726086 0.229779 0.709205 0.229940 0.709205 0.221901 0.710813 0.221419
0 0.696996 0.142392 0.702234 0.137679 0.707733 0.142392 0.701186 0.150249 0.695163 0.145535 0.696996 0.142392
0 0.704853 0.114634 0.710090 0.118300 0.705900 0.123799 0.707995 0.125894 0.704853 0.130870 0.694901 0.125109 0.700925 0.113848 0.704853 0.114634
0 0.695296 0.146484 0.697081 0.150948 0.689429 0.155106 0.687085 0.149312 0.695125 0.146252 0.695296 0.146484
0 0.351136 0.548416 0.356374 0.538203 0.362397 0.541084 0.354802 0.556796 0.350089 0.553130 0.350612 0.550773 0.351136 0.548416
0 0.672833 0.247899 0.688910 0.245327 0.689714 0.252562 0.673155 0.255938 0.671868 0.249507 0.672833 0.247899
