3 0.026904 0.498398 0.027506 0.500547 0.029225 0.501660 -0.000000 0.552759 -0.000000 0.539405 0.024243 0.496737 0.026904 0.498398
3 0.039482 0.497979 0.035361 0.504951 0.027926 0.500234 0.027354 0.498213 0.028323 0.495624 0.030254 0.492891 0.039482 0.497979
3 0.043655 0.490926 0.039482 0.497979 0.030254 0.492891 0.030425 0.492657 0.032651 0.488577 0.035618 0.485980 0.043655 0.490926
3 0.176084 0.464158 0.183141 0.464686 0.184872 0.467406 0.184872 0.470992 0.176093 0.470497 0.176084 0.464158
3 0.225563 0.488966 0.241879 0.494562 0.240459 0.498507 0.259907 0.504190 0.261719 0.507614 0.257893 0.516676 0.250038 0.513454 0.251448 0.509829 0.247017 0.507815 0.243218 0.513209 0.240170 0.512447 0.240502 0.508849 0.233779 0.506933 0.231979 0.510017 0.220828 0.507839 0.220927 0.498707 0.222983 0.498707 0.225563 0.488966
2 0.266920 0.506359 0.269034 0.506451 0.270706 0.507938 0.271752 0.510083 0.271628 0.512160 0.269882 0.513603 0.267806 0.513632 0.265823 0.512531 0.264720 0.510187 0.265361 0.507918 0.266920 0.506359
0 0.289583 0.578688 0.305896 0.577882 0.305896 0.586341 0.290187 0.586744 0.289583 0.578688
3 0.274640 0.505458 0.283171 0.505582 0.282800 0.512629 0.274145 0.512134 0.274640 0.505458
3 0.309362 0.506393 0.309857 0.507135 0.309486 0.519005 0.302627 0.518779 0.303252 0.506338 0.309362 0.506393
3 0.302764 0.506338 0.302139 0.518760 0.294662 0.518510 0.295020 0.506270 0.302764 0.506338
0 0.322729 0.536537 0.325727 0.529120 0.332039 0.531329 0.329357 0.539061 0.322729 0.536537
3 0.180735 0.726376 0.185469 0.728743 0.185785 0.732057 0.180420 0.741682 0.174108 0.738211 0.180735 0.726376
0 0.739409 0.315302 0.745771 0.322422 0.727710 0.339313 0.717686 0.331602 0.716657 0.322606 0.732334 0.308223 0.739409 0.315302
0 0.756241 0.298445 0.763438 0.305899 0.749629 0.318809 0.736250 0.304639 0.750843 0.291248 0.756241 0.298445
0 0.880395 0.315199 0.871937 0.321413 0.868311 0.316781 0.863881 0.319601 0.850215 0.300771 0.858336 0.294680 0.861344 0.294881 0.864941 0.292695 0.880395 0.315199
0 0.859795 0.285215 0.855291 0.289204 0.849898 0.292999 0.845498 0.294277 0.831859 0.275495 0.835081 0.271065 0.836894 0.273079 0.845726 0.266394 0.859795 0.285215
0 0.878817 0.236199 0.897838 0.271156 0.887813 0.276040 0.886014 0.272184 0.881902 0.273727 0.865965 0.243653 0.878817 0.236199
0 0.862543 0.328372 0.854832 0.334284 0.850833 0.333532 0.843887 0.324297 0.854014 0.316357 0.862543 0.328372
0 0.849756 0.310371 0.839463 0.318408 0.834012 0.311150 0.831442 0.313207 0.825530 0.306781 0.824759 0.299841 0.836069 0.291102 0.849756 0.310371
0 0.846536 0.340994 0.837700 0.346359 0.832019 0.341783 0.827412 0.335859 0.837295 0.328242 0.846536 0.340994
0 0.833877 0.323535 0.830904 0.327400 0.824404 0.331689 0.817979 0.322490 0.827462 0.314757 0.833877 0.323535
0 0.828886 0.312486 0.823223 0.317354 0.819414 0.312168 0.824664 0.307610 0.828886 0.312486
3 0.934843 0.226335 0.936541 0.227118 0.937611 0.228665 0.938087 0.230508 0.937159 0.231788 0.935407 0.232730 0.933805 0.232649 0.932670 0.231579 0.932251 0.229950 0.932337 0.228105 0.933273 0.226627 0.934843 0.226335
0 0.998841 0.041656 0.979764 0.030699 0.986838 0.017373 0.986762 0.015020 0.988508 0.012212 0.993441 0.014565 0.993289 0.016159 0.998841 0.018922 0.998841 0.041656
3 0.015579 0.500902 0.010255 0.498240 0.011173 0.495303 0.009521 0.494660 0.011448 0.491081 0.018240 0.493375 0.015579 0.500902
3 0.011448 0.491081 0.011173 0.486675 0.017414 0.485114 0.017690 0.491448 0.018240 0.493375 0.011448 0.491081
0 0.673987 0.312875 0.685677 0.306543 0.700532 0.329435 0.683728 0.338690 0.665707 0.313362 0.670090 0.308004 0.673987 0.312875
3 0.204500 0.020328 0.204799 0.021075 0.197024 0.021075 0.196778 0.014290 0.204799 0.014198 0.204500 0.020328
3 0.622605 0.113681 0.630363 0.113312 0.630732 0.122671 0.623097 0.122794 0.622605 0.113681
