0 0.078646 0.000005 0.089803 0.033706 0.065780 0.043119 0.052149 0.005164 0.063261 0.000004 0.078646 0.000005
0 0.108444 0.000005 0.117667 0.024367 0.094547 0.034157 0.082348 0.004260 0.087621 0.000005 0.108444 0.000005
0 0.136572 0.000006 0.142266 0.013995 0.121029 0.024162 0.111108 0.000005 0.136572 0.000006
0 0.169313 0.000006 0.174357 0.006753 0.150409 0.019433 0.140379 0.000006 0.169313 0.000006
0 0.083421 0.054976 0.103592 0.048878 0.105226 0.052818 0.124737 0.047628 0.134258 0.077536 0.129513 0.078741 0.130492 0.081979 0.095549 0.092597 0.083421 0.054976
0 0.129779 0.040521 0.136634 0.038872 0.136057 0.035123 0.141055 0.033585 0.141824 0.037622 0.151820 0.035123 0.151243 0.031375 0.156530 0.030317 0.157106 0.033874 0.171523 0.030413 0.178890 0.065104 0.136889 0.076253 0.129779 0.040521
0 0.102174 0.136516 0.124014 0.126801 0.139000 0.162196 0.116709 0.172061 0.102174 0.136516
0 0.124397 0.123617 0.145970 0.113811 0.162269 0.150449 0.140354 0.160767 0.124397 0.123617
0 0.151016 0.116119 0.157263 0.112947 0.155341 0.108910 0.181676 0.096704 0.185713 0.103528 0.190422 0.101029 0.207339 0.131785 0.189654 0.141012 0.190807 0.143319 0.176198 0.148509 0.173891 0.143703 0.164376 0.147644 0.151016 0.116119
0 0.189656 0.155411 0.213973 0.146376 0.228582 0.188858 0.214453 0.194818 0.210417 0.183092 0.201670 0.185975 0.189656 0.155411
0 0.166012 0.166079 0.187926 0.157814 0.203016 0.198758 0.182063 0.206351 0.166012 0.166079
0 0.120488 0.203316 0.136926 0.176942 0.140238 0.179518 0.147107 0.173753 0.149438 0.177433 0.153609 0.173753 0.174094 0.194239 0.152873 0.224906 0.120488 0.203316
0 0.125359 0.230043 0.162074 0.229178 0.162747 0.252342 0.125647 0.253015 0.125359 0.230043
0 0.129207 0.265186 0.163520 0.254037 0.172074 0.275663 0.173860 0.275142 0.181503 0.292260 0.146666 0.307717 0.129207 0.265186
0 0.150823 0.313997 0.185146 0.295917 0.194790 0.315439 0.204481 0.333471 0.167558 0.353589 0.158358 0.335311 0.160321 0.333839 0.150823 0.313997
0 0.182213 0.372587 0.202621 0.340054 0.224084 0.351952 0.200291 0.388926 0.182213 0.372587
0 0.224534 0.356030 0.242988 0.366506 0.223957 0.405625 0.202043 0.393707 0.224534 0.356030
0 0.212918 0.305780 0.244443 0.286766 0.257078 0.310441 0.222608 0.327738 0.212918 0.305780
0 0.201179 0.283167 0.232032 0.266347 0.242124 0.286435 0.211175 0.303351 0.201179 0.283167
0 0.180499 0.230140 0.203315 0.224988 0.217300 0.267431 0.191907 0.274301 0.180499 0.230140
0 0.203227 0.213570 0.241584 0.204490 0.253013 0.243786 0.217317 0.254276 0.203227 0.213570
0 0.638022 0.000008 0.620855 0.022185 0.590446 0.000009 0.638022 0.000008
0 0.643627 0.034336 0.664107 0.000008 0.672960 0.000008 0.716001 0.023050 0.693185 0.067947 0.664726 0.052859 0.665830 0.049056 0.655157 0.044272 0.652949 0.048198 0.639578 0.040347 0.643627 0.034336
0 0.721461 0.016460 0.730661 0.020018 0.734832 0.013762 0.755195 0.021490 0.762555 0.007260 0.782059 0.016706 0.783954 0.013041 0.801373 0.020647 0.803091 0.016844 0.822840 0.026167 0.797710 0.070621 0.781467 0.063220 0.782909 0.059856 0.779160 0.058126 0.775604 0.064566 0.755132 0.054570 0.754075 0.056685 0.742733 0.051687 0.737158 0.063989 0.720242 0.054570 0.715821 0.064085 0.709574 0.060721 0.718993 0.042171 0.711880 0.038519 0.721461 0.016460
0 0.847114 0.024403 0.870755 0.038494 0.868563 0.042251 0.878113 0.047731 0.881557 0.041468 0.921323 0.064796 0.896117 0.110824 0.827075 0.072311 0.828953 0.068553 0.820186 0.062917 0.817994 0.066674 0.807818 0.060569 0.827231 0.029100 0.839286 0.036458 0.847114 0.024403
0 0.453190 0.136530 0.470241 0.107581 0.476988 0.111506 0.485698 0.096663 0.499927 0.105005 0.504098 0.098503 0.521762 0.109053 0.524722 0.104139 0.537986 0.111925 0.546636 0.094528 0.569896 0.107984 0.548691 0.149027 0.528328 0.137619 0.516920 0.155896 0.509928 0.152339 0.513976 0.144488 0.505634 0.140440 0.495575 0.157123 0.478279 0.145347 0.475212 0.149886 0.453190 0.136530
0 0.580815 0.107273 0.592556 0.089739 0.630914 0.106804 0.633105 0.102890 0.669740 0.120268 0.687275 0.128096 0.688841 0.125591 0.706532 0.133106 0.686336 0.180074 0.669271 0.168645 0.664730 0.177725 0.614631 0.150797 0.613535 0.153928 0.597410 0.144535 0.596157 0.146726 0.581910 0.138742 0.579719 0.141873 0.561871 0.129035 0.564689 0.124025 0.566568 0.124965 0.576587 0.108682 0.579405 0.110405 0.580815 0.107273
0 0.716527 0.123876 0.726118 0.124076 0.727117 0.119081 0.741503 0.120479 0.741503 0.126074 0.763683 0.126274 0.762884 0.121279 0.775472 0.120479 0.774473 0.129071 0.784264 0.130071 0.782066 0.152849 0.787061 0.152250 0.786062 0.180024 0.700342 0.173230 0.702939 0.143458 0.707935 0.143458 0.710732 0.123077 0.716527 0.123876
0 0.853953 0.130050 0.876140 0.129540 0.874865 0.136170 0.933774 0.139485 0.933774 0.133875 0.972792 0.135660 0.986563 0.136425 0.984268 0.186154 0.955196 0.181818 0.954941 0.184624 0.912608 0.184114 0.912098 0.189469 0.901897 0.187939 0.901387 0.192019 0.841712 0.184879 0.844518 0.152236 0.850128 0.153001 0.853953 0.130050
0 0.842732 0.128774 0.838907 0.182328 0.786062 0.180024 0.787061 0.152250 0.782066 0.152849 0.784264 0.130071 0.784843 0.123164 0.797849 0.125459 0.799379 0.118064 0.814680 0.120104 0.813915 0.126224 0.842732 0.128774
0 0.319751 0.591204 0.354820 0.610148 0.341513 0.632066 0.307696 0.611713 0.319751 0.591204
0 0.327192 0.575714 0.339827 0.575101 0.339582 0.569581 0.351603 0.569581 0.351603 0.571666 0.368531 0.572525 0.368531 0.576941 0.391961 0.578291 0.389998 0.596077 0.356265 0.594605 0.355774 0.600984 0.340686 0.600984 0.339827 0.595709 0.327192 0.594237 0.327192 0.575714
0 0.447857 0.595001 0.467080 0.599711 0.463812 0.613167 0.470540 0.614704 0.465446 0.640078 0.437189 0.632678 0.447857 0.595001
0 0.565523 0.622547 0.581838 0.625859 0.579262 0.638862 0.585396 0.639721 0.580366 0.669407 0.553624 0.663641 0.565523 0.622547
0 0.593024 0.624972 0.611302 0.628407 0.605414 0.676616 0.584315 0.672200 0.593024 0.624972
0 0.629021 0.633805 0.646417 0.633805 0.646165 0.643119 0.653374 0.643599 0.653278 0.679738 0.627615 0.680315 0.629021 0.633805
0 0.657057 0.633456 0.679383 0.631248 0.686007 0.676268 0.670183 0.677372 0.668834 0.665227 0.660860 0.666331 0.657057 0.633456
0 0.704791 0.626614 0.739391 0.627084 0.741270 0.674208 0.730154 0.674991 0.730780 0.671390 0.716220 0.671860 0.716690 0.665911 0.704948 0.666537 0.704791 0.626614
0 0.743825 0.627361 0.776859 0.625795 0.779520 0.669162 0.751496 0.670728 0.750087 0.643016 0.742103 0.642390 0.743825 0.627361
0 0.782804 0.629365 0.788678 0.629290 0.788452 0.623793 0.800351 0.623642 0.800954 0.628537 0.824525 0.628010 0.825127 0.646987 0.807882 0.645632 0.808710 0.654142 0.791540 0.653916 0.791338 0.660143 0.781534 0.659758 0.782804 0.629365
0 0.828153 0.630035 0.842138 0.629445 0.841784 0.624311 0.866625 0.622895 0.866684 0.628147 0.875004 0.628206 0.875605 0.646688 0.870334 0.646612 0.870560 0.653541 0.828237 0.653767 0.828153 0.630035
0 0.545853 0.688885 0.549454 0.679491 0.573564 0.690137 0.554307 0.738514 0.522838 0.725207 0.537242 0.687476 0.545853 0.688885
0 0.574979 0.691384 0.601751 0.702343 0.588756 0.742266 0.564020 0.734907 0.568717 0.724261 0.562141 0.720973 0.574979 0.691384
0 0.607768 0.711969 0.612920 0.695654 0.630707 0.701542 0.625432 0.719206 0.632547 0.721537 0.624451 0.746929 0.591821 0.738588 0.600653 0.709883 0.607768 0.711969
0 0.630857 0.750359 0.638215 0.707148 0.650114 0.709027 0.651366 0.703234 0.667492 0.705426 0.659194 0.755055 0.630857 0.750359
0 0.674435 0.712510 0.675907 0.697912 0.694921 0.700611 0.694430 0.712019 0.703631 0.712633 0.701300 0.734468 0.690260 0.733241 0.689401 0.752377 0.665113 0.749924 0.668179 0.711774 0.674435 0.712510
0 0.704717 0.701594 0.735384 0.699264 0.738941 0.744528 0.706802 0.747472 0.704717 0.701594
0 0.740462 0.696723 0.770762 0.693656 0.775668 0.732542 0.761316 0.733278 0.762911 0.742724 0.750031 0.743950 0.749417 0.734505 0.743038 0.735118 0.740462 0.696723
0 0.779193 0.691084 0.786986 0.691284 0.786786 0.688287 0.806568 0.689286 0.806568 0.695480 0.812962 0.695080 0.811962 0.730248 0.802571 0.729648 0.802971 0.745234 0.784988 0.745034 0.786186 0.715461 0.777395 0.715461 0.779193 0.691084
0 0.817105 0.693421 0.840433 0.695613 0.837301 0.740075 0.815070 0.738353 0.817105 0.693421
0 0.584979 0.767861 0.610371 0.761114 0.618713 0.783808 0.628772 0.782608 0.634660 0.800123 0.598105 0.811408 0.584979 0.767861
0 0.635895 0.756622 0.662615 0.757199 0.665576 0.803717 0.638491 0.804030 0.635895 0.756622
0 0.666979 0.758752 0.695717 0.758079 0.697404 0.800512 0.675324 0.801370 0.675201 0.793887 0.669190 0.793887 0.666979 0.758752
0 0.870773 0.785024 0.886965 0.777173 0.880586 0.764538 0.897514 0.758773 0.918736 0.807963 0.884113 0.821494 0.870773 0.785024
0 0.838421 0.829731 0.878656 0.814520 0.886262 0.830712 0.844922 0.849112 0.838421 0.829731
0 0.802855 0.814556 0.826427 0.810414 0.833691 0.854140 0.810705 0.858762 0.800011 0.860419 0.796351 0.824319 0.805674 0.823338 0.802855 0.814556
0 0.768313 0.815309 0.785613 0.814637 0.786094 0.821076 0.792629 0.821076 0.794840 0.860002 0.764660 0.862021 0.762450 0.823287 0.768793 0.823191 0.768313 0.815309
0 0.703223 0.821122 0.737670 0.830813 0.740578 0.824398 0.761122 0.830567 0.752781 0.858413 0.692918 0.840013 0.703223 0.821122
0 0.940820 0.817369 0.971610 0.799214 0.988538 0.826447 0.946463 0.852452 0.940084 0.842762 0.951615 0.836260 0.940820 0.817369
0 0.917777 0.792585 0.943660 0.760691 0.963042 0.776270 0.933233 0.812212 0.915201 0.797369 0.917777 0.792585
0 0.898750 0.754184 0.931135 0.753570 0.931748 0.771480 0.924511 0.780803 0.909913 0.780680 0.909913 0.772216 0.904884 0.772216 0.898750 0.754184
0 0.855749 0.741338 0.858259 0.748869 0.862164 0.764769 0.828692 0.773137 0.831481 0.781505 0.815303 0.785689 0.810003 0.758911 0.810003 0.753053 0.855749 0.741338
0 0.780714 0.752495 0.798009 0.750822 0.800519 0.794615 0.782946 0.797962 0.780714 0.752495
0 0.743337 0.753611 0.769278 0.750543 0.773183 0.796568 0.745289 0.799357 0.744173 0.778715 0.737758 0.777879 0.738316 0.768674 0.744173 0.767558 0.743337 0.753611
0 0.420959 0.000009 0.416643 0.004408 0.414830 0.022311 0.375625 0.038174 0.360334 0.000008 0.420959 0.000009
0 0.886928 0.639261 0.917666 0.662983 0.910483 0.676682 0.909982 0.684700 0.876069 0.652626 0.886928 0.639261
0 0.452705 0.653709 0.476683 0.658320 0.484369 0.665391 0.477606 0.683529 0.452705 0.653709
0 0.351871 0.650942 0.364783 0.625734 0.389991 0.640490 0.375543 0.666928 0.351871 0.650942
0 0.424069 0.596910 0.436760 0.603708 0.431095 0.615492 0.417044 0.608921 0.424069 0.596910
0 0.015363 0.318946 0.027660 0.330628 0.023048 0.343540 0.016285 0.345384 0.004911 0.335854 0.004911 0.330013 0.008292 0.327554 0.015363 0.318946
0 0.003373 0.299579 0.010752 0.305420 0.005218 0.313413 -0.000000 0.311568 -0.000000 0.304805 0.003373 0.299579
