0 0.817149 0.552368 0.820604 0.553388 0.836345 0.558224 0.838786 0.550578 0.857982 0.556760 0.855892 0.563768 0.865157 0.567263 0.869344 0.568462 0.867418 0.573354 0.878968 0.576608 0.872136 0.599708 0.864977 0.597431 0.863452 0.603695 0.844154 0.599220 0.846021 0.593140 0.831628 0.589134 0.829838 0.595641 0.806737 0.587995 0.817149 0.552368
0 0.820604 0.553388 0.823281 0.545613 0.838786 0.550578 0.836345 0.558224 0.820604 0.553388
0 0.865157 0.567263 0.855892 0.563768 0.857982 0.556760 0.868054 0.560072 0.865157 0.567263
0 0.821221 0.651876 0.825915 0.650278 0.832207 0.648481 0.837101 0.646084 0.843493 0.639692 0.846089 0.635497 0.847987 0.628506 0.858374 0.631103 0.858074 0.635997 0.857475 0.640691 0.856077 0.643387 0.852781 0.647282 0.848187 0.652475 0.841995 0.656570 0.833306 0.660865 0.825216 0.663761 0.824317 0.663761 0.821221 0.651876
0 0.821221 0.651876 0.819510 0.640987 0.824717 0.639093 0.829910 0.638294 0.834305 0.635597 0.836302 0.632101 0.837700 0.628606 0.838599 0.625510 0.841296 0.625010 0.847987 0.628506 0.846089 0.635497 0.843493 0.639692 0.837101 0.646084 0.832207 0.648481 0.825915 0.650278 0.821221 0.651876
0 0.901403 0.572166 0.913687 0.584550 0.902301 0.594237 0.890417 0.581554 0.901403 0.572166
0 0.657998 0.553584 0.653340 0.573180 0.612669 0.557562 0.616338 0.537363 0.657998 0.553584
0 0.659684 0.546500 0.657998 0.553584 0.616338 0.537363 0.617550 0.530720 0.659684 0.546500
0 0.629798 0.399532 0.633669 0.393298 0.619587 0.385209 0.629474 0.368930 0.640460 0.375621 0.649249 0.359841 0.652745 0.363037 0.659017 0.354057 0.661677 0.355466 0.667625 0.346076 0.677445 0.352907 0.678548 0.351067 0.687351 0.356192 0.684929 0.359634 0.701755 0.369448 0.705069 0.363840 0.720747 0.372763 0.714567 0.383468 0.711436 0.388476 0.714880 0.391372 0.700460 0.416566 0.685950 0.408696 0.687985 0.404783 0.685044 0.402957 0.682931 0.406713 0.673071 0.400844 0.674558 0.398496 0.663362 0.389976 0.660260 0.394070 0.657074 0.392158 0.648151 0.409238 0.629798 0.399532
0 0.733828 0.322881 0.743914 0.329226 0.737081 0.344518 0.725205 0.339963 0.733828 0.322881
0 0.698926 0.169535 0.702901 0.200804 0.669247 0.201864 0.664212 0.172715 0.698926 0.169535
0 0.569489 0.157116 0.584781 0.156465 0.584944 0.164599 0.617318 0.164274 0.617318 0.192743 0.573882 0.193231 0.561843 0.203480 0.547039 0.177776 0.569652 0.165575 0.569489 0.157116
0 0.494000 0.183825 0.524910 0.177968 0.532556 0.213107 0.500020 0.219289 0.494000 0.183825
0 0.391159 0.207209 0.449722 0.186275 0.463767 0.218869 0.403614 0.239803 0.391159 0.207209
0 0.262093 0.262534 0.352893 0.229004 0.357669 0.243122 0.268804 0.278419 0.262093 0.262534
0 0.178414 0.263321 0.198428 0.257313 0.202328 0.267551 0.208185 0.265924 0.219410 0.290815 0.192567 0.300088 0.178414 0.263321
0 0.230765 0.224104 0.243943 0.217597 0.256469 0.245090 0.243292 0.250784 0.230765 0.224104
0 0.521849 0.864439 0.516623 0.867116 0.518369 0.870262 0.498013 0.879352 0.492021 0.868564 0.517432 0.856748 0.521849 0.864439
0 0.517432 0.856748 0.492021 0.868564 0.488453 0.862145 0.513946 0.850673 0.517432 0.856748
0 0.509331 0.733224 0.516886 0.741098 0.530226 0.755902 0.513307 0.770056 0.498178 0.779491 0.482723 0.786974 0.459297 0.787300 0.458321 0.760295 0.472149 0.760457 0.483374 0.755089 0.479632 0.749720 0.493460 0.741261 0.496714 0.745653 0.509331 0.733224
0 0.516886 0.741098 0.522461 0.736202 0.535295 0.750679 0.530226 0.755902 0.516886 0.741098
0 0.162637 0.900925 0.199403 0.897508 0.202494 0.921911 0.192245 0.923049 0.193872 0.951356 0.171259 0.954284 0.171096 0.930370 0.163938 0.931021 0.162637 0.900925
0 0.180571 0.786921 0.190110 0.787186 0.190905 0.817395 0.180571 0.817660 0.180571 0.786921
0 0.162036 0.502750 0.190390 0.496390 0.194263 0.525660 0.197842 0.524847 0.200770 0.536560 0.198004 0.536723 0.199306 0.547785 0.205813 0.546646 0.210694 0.568934 0.202977 0.571885 0.196352 0.593350 0.201917 0.596265 0.194762 0.617464 0.172503 0.607129 0.177803 0.594145 0.171862 0.592162 0.174666 0.585534 0.167309 0.581625 0.171701 0.555270 0.162036 0.502750
0 0.308913 0.488541 0.334452 0.482313 0.335698 0.489787 0.359159 0.485219 0.365388 0.511380 0.314312 0.524046 0.308913 0.488541
0 0.335282 0.534427 0.367465 0.526537 0.374732 0.551660 0.341719 0.559965 0.335282 0.534427
0 0.351850 0.518745 0.382951 0.511097 0.386648 0.523334 0.367975 0.528190 0.367465 0.526537 0.354478 0.529730 0.351850 0.518745
0 0.278753 0.523160 0.284713 0.518668 0.301641 0.549589 0.295941 0.554166 0.278753 0.523160
0 0.065789 0.544765 0.085767 0.536183 0.096459 0.558412 0.074653 0.567416 0.065789 0.544765
0 0.002605 0.589611 0.015242 0.582809 0.014139 0.578730 0.014690 0.575754 0.017667 0.573218 0.021084 0.572557 0.025604 0.572998 0.026155 0.575754 0.034422 0.570903 0.041698 0.586116 0.051051 0.580978 0.058767 0.598946 0.061743 0.596962 0.077720 0.632178 0.058012 0.641574 0.046555 0.614963 0.036848 0.619606 0.033049 0.612430 0.015744 0.619465 0.002605 0.589611
0 -0.000000 0.643283 0.004660 0.641454 0.013946 0.663683 -0.000000 0.668888 -0.000000 0.643283
0 0.880805 0.064412 0.914318 0.040823 0.920988 0.050584 0.912203 0.057091 0.916107 0.062622 0.892356 0.079541 0.880805 0.064412
0 0.764346 0.047225 0.787935 0.041368 0.793791 0.070977 0.770528 0.076996 0.764346 0.047225
4 0.446288 0.106955 0.470449 0.110714 0.468301 0.121452 0.445751 0.117157 0.446288 0.106955
4 0.480650 0.110177 0.519845 0.120915 0.518771 0.127895 0.480114 0.121989 0.480650 0.110177
0 0.476219 0.165059 0.486742 0.164250 0.487551 0.177200 0.477231 0.177200 0.477393 0.168882 0.476219 0.165059
0 0.885306 0.000005 0.863393 0.000985 0.863885 0.005541 0.844797 0.004679 0.844330 0.000006 0.885306 0.000005
4 0.245102 0.000007 0.241085 0.016736 0.229825 0.015902 0.232992 0.000007 0.245102 0.000007
0 0.358355 0.192614 0.364369 0.194786 0.360359 0.220345 0.348832 0.225023 0.346995 0.217004 0.351004 0.214666 0.348164 0.196957 0.358355 0.192614
