0 0.955979 0.394544 0.961511 0.397534 0.965248 0.394245 0.977060 0.406356 0.970033 0.412635 0.977209 0.419363 0.970033 0.428334 0.964052 0.430128 0.961810 0.430875 0.960613 0.434912 0.953138 0.444630 0.944765 0.446424 0.930412 0.458385 0.911873 0.437603 0.932804 0.417120 0.934898 0.418466 0.941028 0.414280 0.939682 0.410990 0.946559 0.406206 0.945662 0.403066 0.955979 0.394544
0 0.879205 0.465901 0.905004 0.473361 0.905314 0.478334 0.909666 0.479888 0.919301 0.487037 0.913085 0.495429 0.909044 0.493875 0.907801 0.499159 0.905004 0.503200 0.908112 0.507551 0.906558 0.515633 0.901585 0.512524 0.894746 0.520917 0.889773 0.518119 0.885111 0.520295 0.888841 0.524025 0.885733 0.527133 0.878895 0.526822 0.880759 0.529930 0.886354 0.532417 0.881070 0.543296 0.874543 0.542363 0.873611 0.538012 0.866151 0.534282 0.870502 0.528065 0.861178 0.521849 0.858691 0.525579 0.849366 0.520606 0.854961 0.509105 0.871124 0.515633 0.872989 0.508794 0.876408 0.506308 0.879827 0.505997 0.887598 0.488280 0.887287 0.484861 0.873611 0.482685 0.879205 0.465901
0 0.745013 0.397831 0.735271 0.426325 0.719441 0.418532 0.728939 0.391499 0.745013 0.397831
0 0.743064 0.410495 0.759381 0.410495 0.759625 0.413661 0.781787 0.411713 0.782761 0.417558 0.789093 0.417314 0.790311 0.428517 0.785683 0.429978 0.786414 0.436067 0.744039 0.438745 0.743064 0.410495
0 0.719843 0.512125 0.737865 0.516752 0.739813 0.516752 0.746389 0.527711 0.747606 0.538183 0.729585 0.573739 0.683313 0.555231 0.696464 0.528929 0.709371 0.532825 0.719843 0.512125
0 0.825630 0.577024 0.835934 0.593434 0.823912 0.601449 0.819142 0.598586 0.812845 0.600113 0.806357 0.592480 0.816852 0.584848 0.815707 0.583321 0.825630 0.577024
0 0.867419 0.604502 0.886691 0.616142 0.876578 0.632934 0.856161 0.618050 0.867419 0.604502
0 0.832308 0.603357 0.844330 0.615569 0.848719 0.611371 0.866465 0.630644 0.867800 0.631598 0.857687 0.641139 0.853680 0.638086 0.846429 0.644764 0.832499 0.630262 0.830973 0.629308 0.821050 0.638849 0.813227 0.634269 0.801014 0.621294 0.802159 0.617668 0.813990 0.607937 0.817997 0.613279 0.819333 0.614424 0.832308 0.603357
3 0.913992 0.316184 0.936154 0.321785 0.926169 0.353445 0.902302 0.347113 0.913992 0.316184
0 0.814610 0.269765 0.837015 0.282429 0.827517 0.296798 0.818994 0.293389 0.815828 0.297772 0.807060 0.291684 0.810957 0.284865 0.805843 0.281212 0.814610 0.269765
3 0.507522 0.013634 0.528658 0.035081 0.499751 0.057771 0.496643 0.054974 0.486697 0.062433 0.476440 0.049690 0.485143 0.043784 0.482345 0.039122 0.507522 0.013634
3 0.530523 0.005864 0.555388 0.022027 0.555078 0.024824 0.565024 0.030419 0.556943 0.040365 0.553834 0.037568 0.551659 0.036324 0.548861 0.040676 0.519955 0.024513 0.530523 0.005864
0 0.226174 0.795291 0.237620 0.792369 0.246631 0.798214 0.252963 0.806007 0.255885 0.816722 0.251502 0.831822 0.241760 0.837910 0.222521 0.838154 0.210100 0.829874 0.208395 0.816966 0.210831 0.806737 0.220085 0.798457 0.226174 0.795291
0 0.198956 0.626678 0.216247 0.624973 0.219900 0.642020 0.227936 0.647135 0.229641 0.659311 0.226962 0.660529 0.226719 0.669540 0.204070 0.672219 0.198956 0.626678
3 0.729003 0.903525 0.733965 0.901044 0.737590 0.912302 0.738544 0.916501 0.736254 0.919744 0.741407 0.939208 0.732247 0.947604 0.720416 0.951039 0.703434 0.952183 0.696755 0.906387 0.720607 0.902952 0.724233 0.904479 0.729003 0.903525
3 0.822382 0.751153 0.837838 0.744475 0.842227 0.753634 0.868751 0.744284 0.873712 0.752298 0.863026 0.757832 0.828679 0.769090 0.822382 0.751153
3 0.834594 0.784737 0.867033 0.772143 0.868942 0.771952 0.867797 0.769472 0.876383 0.764892 0.884016 0.780348 0.876574 0.782638 0.879627 0.787600 0.843563 0.802674 0.834594 0.784737
3 0.853414 0.873430 0.885260 0.859526 0.892137 0.859077 0.897220 0.861469 0.898716 0.867450 0.893034 0.873430 0.901556 0.888381 0.901407 0.891970 0.905294 0.897202 0.869262 0.910359 0.853414 0.873430
3 0.769903 0.858309 0.787076 0.850867 0.787267 0.846097 0.793755 0.841899 0.799479 0.843044 0.802151 0.847051 0.817225 0.846478 0.818179 0.849913 0.826003 0.851249 0.830201 0.853538 0.830201 0.859454 0.821996 0.860790 0.819515 0.860599 0.819324 0.862125 0.813981 0.862125 0.812264 0.862698 0.812264 0.877009 0.803105 0.876627 0.802151 0.863652 0.796426 0.865560 0.782306 0.873384 0.775245 0.873193 0.768758 0.867850 0.769903 0.858309
0 0.663791 0.185414 0.669173 0.202607 0.638673 0.210232 0.634188 0.195730 0.639570 0.194384 0.639122 0.191992 0.663791 0.185414
3 0.261896 0.891210 0.263721 0.907146 0.274026 0.905620 0.275934 0.926610 0.231855 0.932143 0.229374 0.913062 0.235862 0.913062 0.234145 0.894743 0.261896 0.891210
3 0.902258 0.999005 0.915942 0.979293 0.939751 0.999004 0.902258 0.999005
3 0.950297 0.960579 0.952002 0.986150 0.932032 0.986637 0.933249 0.962527 0.940068 0.960091 0.950297 0.960579
0 0.160766 0.550396 0.165322 0.547564 0.169017 0.554706 0.163721 0.557046 0.160766 0.550396
0 0.157340 0.518963 0.158031 0.517483 0.158623 0.516792 0.159264 0.515904 0.159807 0.515066 0.160645 0.514326 0.161780 0.513339 0.162717 0.512895 0.164197 0.512550 0.167108 0.512648 0.168489 0.513290 0.169673 0.514424 0.170660 0.515806 0.171054 0.517483 0.171400 0.519456 0.171449 0.520887 0.171449 0.521972 0.170758 0.523304 0.170265 0.523847 0.168884 0.524932 0.167404 0.526264 0.164099 0.527201 0.163211 0.526905 0.161977 0.526609 0.161089 0.526264 0.159215 0.524982 0.158425 0.524143 0.157883 0.522367 0.157636 0.521282 0.157488 0.519802 0.157340 0.518963
0 0.998848 0.349763 0.980715 0.349033 0.979485 0.331818 0.998848 0.329930 0.998848 0.349763
0 0.965058 0.950387 0.965920 0.950141 0.967398 0.949895 0.969614 0.950387 0.971339 0.951865 0.971831 0.953220 0.972324 0.954698 0.972324 0.956299 0.971831 0.957653 0.970353 0.958762 0.968137 0.959747 0.966043 0.959993 0.964319 0.959377 0.962841 0.957899 0.961856 0.955806 0.961856 0.953836 0.962349 0.952850 0.963457 0.951373 0.965058 0.950387
