0 0.855604 0.999006 0.857070 0.979801 0.882969 0.980212 0.883704 0.999005 0.855604 0.999006
0 0.919020 0.999005 0.919252 0.990470 0.932266 0.990470 0.931948 0.993486 0.947596 0.993977 0.947943 0.999004 0.919020 0.999005
0 0.820792 0.886836 0.842355 0.886836 0.842488 0.913723 0.820127 0.913989 0.820792 0.886836
0 0.767709 0.792303 0.784894 0.773170 0.815710 0.799514 0.798766 0.818506 0.767709 0.792303
0 0.801975 0.830473 0.814372 0.817607 0.812033 0.815502 0.819635 0.807315 0.831331 0.817490 0.836009 0.810941 0.845366 0.819946 0.836243 0.832812 0.828056 0.826145 0.812384 0.840531 0.801975 0.830473
0 0.739525 0.768172 0.753101 0.754329 0.767210 0.768571 0.754432 0.781482 0.739525 0.768172
0 0.265266 0.715789 0.268714 0.699413 0.286641 0.703550 0.281470 0.724408 0.264059 0.720960 0.265266 0.715789
0 0.326229 0.769354 0.292095 0.761900 0.295430 0.749541 0.309751 0.753072 0.314067 0.739340 0.306024 0.737182 0.309359 0.719526 0.338588 0.727569 0.326229 0.769354
0 0.000040 0.999003 -0.000000 0.953116 0.020443 0.956775 0.012010 0.999003 0.000040 0.999003
4 -0.000000 0.881791 0.004850 0.882753 0.004506 0.894647 0.023123 0.895854 0.017279 0.948118 -0.000000 0.948364 -0.000000 0.881791
0 0.122142 0.999006 0.126526 0.988184 0.135196 0.991706 0.132493 0.999006 0.122142 0.999006
0 0.144921 0.965942 0.165578 0.971389 0.163112 0.986188 0.140296 0.980947 0.144921 0.965942
3 0.288736 0.571300 0.301156 0.554740 0.347672 0.589322 0.331598 0.607100 0.288736 0.571300
0 0.765540 0.766285 0.768021 0.762660 0.784894 0.773170 0.767709 0.792303 0.798766 0.818506 0.794736 0.824103 0.750657 0.792809 0.751420 0.788420 0.741688 0.780787 0.746649 0.774872 0.754432 0.781482 0.767210 0.768571 0.765540 0.766285
0 0.815710 0.799514 0.811043 0.795522 0.815050 0.791706 0.838711 0.805827 0.836009 0.810941 0.831331 0.817490 0.819635 0.807315 0.812033 0.815502 0.814372 0.817607 0.801975 0.830473 0.794736 0.824103 0.798766 0.818506 0.815710 0.799514
0 0.969836 0.992372 0.971103 0.974224 0.984468 0.975630 0.983343 0.989559 0.998845 0.992701 0.998845 0.999003 0.970570 0.999004 0.969836 0.992372
0 0.089538 0.998391 0.094510 0.983182 0.104455 0.986692 0.099583 0.999005 0.093221 0.999005 0.089538 0.998391
3 0.252707 0.471739 0.282394 0.488962 0.276729 0.497574 0.246588 0.479444 0.252707 0.471739
