3 0.205023 0.021325 0.211306 0.019959 0.216223 0.039900 0.209667 0.041539 0.205023 0.021325
3 0.182624 0.127859 0.186721 0.127312 0.189726 0.130317 0.189180 0.135781 0.183717 0.136873 0.180165 0.133595 0.182624 0.127859
3 0.250915 0.089616 0.256105 0.095898 0.249823 0.101908 0.244359 0.095352 0.250915 0.089616
3 0.300085 0.069128 0.326309 0.072679 0.323031 0.097537 0.321119 0.099176 0.295987 0.095898 0.300085 0.069128
2 0.339967 0.073772 0.356903 0.078143 0.365644 0.072679 0.371108 0.079235 0.358815 0.092347 0.337782 0.089889 0.339967 0.073772
3 0.354031 0.109682 0.381213 0.102833 0.387206 0.124236 0.414174 0.119099 0.418668 0.132369 0.413103 0.134510 0.411819 0.136864 0.415244 0.144783 0.417598 0.144141 0.420381 0.153987 0.386778 0.164046 0.386564 0.167471 0.382283 0.172393 0.374150 0.169611 0.371581 0.159765 0.348038 0.165758 0.344185 0.154629 0.333912 0.156983 0.330273 0.140503 0.359167 0.134296 0.354031 0.109682
0 0.046285 0.312408 0.060875 0.305867 0.064229 0.313749 0.048801 0.319283 0.046285 0.312408
0 0.067583 0.275681 0.087875 0.271657 0.089719 0.280712 0.069595 0.284905 0.067583 0.275681
3 0.091732 0.277359 0.101794 0.276520 0.102464 0.283731 0.092067 0.284402 0.091732 0.277359
3 0.234381 0.298957 0.265844 0.325283 0.245725 0.345402 0.228388 0.328922 0.230743 0.326782 0.218757 0.315652 0.234381 0.298957
3 0.411344 0.271371 0.417550 0.276293 0.400428 0.291490 0.395291 0.285711 0.411344 0.271371
3 0.316991 0.405622 0.330103 0.397700 0.338571 0.411632 0.324640 0.420646 0.316991 0.405622
3 0.315079 0.421466 0.324640 0.433212 0.330376 0.431300 0.332288 0.430480 0.327644 0.422558 0.339391 0.414910 0.345673 0.424197 0.350590 0.420373 0.357693 0.432392 0.351956 0.435397 0.357693 0.445504 0.328464 0.464079 0.324913 0.462440 0.312620 0.470089 0.309889 0.466265 0.306064 0.468177 0.298962 0.448782 0.300601 0.447416 0.297870 0.440314 0.307157 0.434031 0.303333 0.428295 0.315079 0.421466
2 0.699906 0.303710 0.716640 0.304756 0.715246 0.324977 0.698511 0.324628 0.699906 0.303710
0 0.519234 0.890227 0.552355 0.891622 0.552703 0.909053 0.544685 0.909751 0.543988 0.918118 0.530042 0.926485 0.505986 0.925090 0.505638 0.895456 0.519932 0.895108 0.519234 0.890227
0 0.446330 0.757308 0.458896 0.770420 0.448788 0.779161 0.466817 0.798009 0.446876 0.814126 0.419013 0.781893 0.446330 0.757308
0 0.206341 0.623915 0.239121 0.655329 0.203609 0.689475 0.194868 0.680187 0.188312 0.685924 0.167279 0.662158 0.206341 0.623915
2 0.226555 0.601789 0.257423 0.628013 0.243765 0.644949 0.213717 0.618725 0.226555 0.601789
3 0.357959 0.571050 0.380004 0.575330 0.381288 0.571906 0.403333 0.578541 0.398625 0.596947 0.391776 0.595663 0.387281 0.614498 0.372085 0.611287 0.368018 0.622631 0.347899 0.617280 0.351110 0.605937 0.348755 0.605081 0.357959 0.571050
3 0.421312 0.565271 0.431388 0.578635 0.413632 0.591473 0.404306 0.578001 0.421312 0.565271
3 0.614897 0.449870 0.621104 0.448372 0.623672 0.460786 0.617893 0.462498 0.614897 0.449870
0 0.639432 0.653590 0.665110 0.712866 0.633969 0.727617 0.628233 0.712320 0.619491 0.710681 0.620038 0.698662 0.624135 0.693745 0.635062 0.689101 0.623589 0.660965 0.639432 0.653590
0 0.662796 0.778967 0.669352 0.777328 0.678093 0.779787 0.687108 0.790167 0.687654 0.804645 0.681644 0.815298 0.669625 0.819669 0.656786 0.816391 0.648318 0.803552 0.650504 0.788801 0.662796 0.778967
