0 0.441222 0.000009 0.443001 0.012767 0.416301 0.018463 0.417725 0.035551 0.482161 0.029143 0.484653 0.052995 0.400636 0.060827 0.393160 0.001731 0.404143 0.000008 0.441222 0.000009
0 0.289848 0.164331 0.304074 0.142016 0.314116 0.148989 0.314674 0.152057 0.320531 0.155405 0.322205 0.152057 0.331689 0.157636 0.332247 0.161820 0.341731 0.169351 0.355120 0.155126 0.370182 0.165446 0.350099 0.198361 0.328342 0.185530 0.324437 0.189993 0.289848 0.164331
0 0.264419 0.122894 0.282829 0.114526 0.288129 0.124009 0.269719 0.134051 0.264419 0.122894
0 0.449202 0.142180 0.455339 0.143296 0.458686 0.145249 0.458686 0.159474 0.446134 0.167006 0.438045 0.165053 0.432187 0.153059 0.435534 0.144691 0.449202 0.142180
0 0.135412 0.095580 0.182049 0.135809 0.183473 0.137945 0.174928 0.148269 0.172792 0.146133 0.164960 0.151117 0.157128 0.147557 0.152144 0.150405 0.120104 0.125841 0.122596 0.124061 0.115120 0.115873 0.135412 0.095580
0 0.121172 0.029364 0.136124 0.027228 0.136124 0.021175 0.136836 0.016547 0.150720 0.014767 0.151788 0.018327 0.168876 0.016903 0.168876 0.011919 0.191661 0.009071 0.199493 0.043604 0.144668 0.052504 0.146092 0.061404 0.125444 0.062828 0.124020 0.051080 0.119392 0.044672 0.121172 0.029364
0 0.058553 0.184505 0.091661 0.178809 0.095933 0.197677 0.062113 0.203730 0.058553 0.184505
0 0.115598 0.169771 0.125433 0.168678 0.129367 0.183103 0.119095 0.185507 0.115598 0.169771
0 0.037327 0.081213 0.060823 0.077297 0.062959 0.091893 0.041599 0.096165 0.037327 0.081213
0 0.624743 0.646049 0.684195 0.660645 0.668887 0.729710 0.654291 0.727930 0.655003 0.722946 0.632575 0.717962 0.635779 0.699094 0.651087 0.702298 0.655359 0.678090 0.641831 0.675598 0.638271 0.688770 0.617267 0.683074 0.624743 0.646049
0 0.616496 0.777064 0.650709 0.771265 0.655348 0.787502 0.676804 0.781123 0.695361 0.845491 0.662887 0.852450 0.654768 0.817656 0.647230 0.817076 0.625774 0.819396 0.616496 0.777064
0 0.811696 0.898808 0.822376 0.891688 0.838396 0.883500 0.870437 0.926576 0.839108 0.944021 0.811696 0.898808
0 0.878361 0.883928 0.885382 0.881360 0.891718 0.885298 0.891547 0.891806 0.884183 0.894374 0.877505 0.891121 0.878361 0.883928
0 0.906972 0.889612 0.908695 0.893090 0.919470 0.913983 0.924238 0.924144 0.902428 0.930959 0.888797 0.897791 0.906972 0.889612
0 0.919470 0.913983 0.908695 0.893090 0.917600 0.888809 0.928046 0.910214 0.919470 0.913983
0 0.917600 0.888809 0.936950 0.880075 0.957842 0.922372 0.937293 0.930763 0.928046 0.910214 0.917600 0.888809
0 0.929346 0.999004 0.926106 0.995639 0.929460 0.990675 0.939389 0.996042 0.942000 0.999004 0.929346 0.999004
0 0.843860 0.025175 0.884800 0.032296 0.886224 0.045824 0.884800 0.063624 0.841724 0.057572 0.841012 0.040484 0.843860 0.025175
0 0.976380 0.147607 0.986704 0.162560 0.985280 0.166832 0.989552 0.176088 0.988128 0.179292 0.988484 0.181784 0.981720 0.185344 0.963208 0.161492 0.976380 0.147607
0 0.662926 0.927195 0.660948 0.942357 0.650071 0.942028 0.650730 0.927524 0.662926 0.927195
0 0.655015 0.976308 0.653697 0.989163 0.624031 0.988174 0.624031 0.976637 0.655015 0.976308
0 0.616450 0.983889 0.614472 0.995426 0.584477 0.989822 0.586125 0.978615 0.616450 0.983889
0 0.555470 0.981252 0.554481 0.995096 0.550856 0.995755 0.540308 0.994767 0.542285 0.979934 0.555470 0.981252
0 0.414896 0.112304 0.417862 0.109008 0.423136 0.107689 0.427421 0.109338 0.430717 0.114282 0.428739 0.120215 0.426432 0.121863 0.419510 0.120215 0.414896 0.112304
0 0.516418 0.113952 0.523010 0.116919 0.520373 0.124830 0.515759 0.122852 0.512463 0.121863 0.513781 0.116589 0.516418 0.113952
0 0.421742 0.164927 0.428715 0.169317 0.423033 0.177582 0.417610 0.174224 0.421742 0.164927
0 0.726977 0.000007 0.726977 0.017668 0.657715 0.020890 0.651809 0.010151 0.640533 0.008541 0.634097 0.000008 0.726977 0.000007
0 0.702296 0.933598 0.716161 0.933263 0.716328 0.947964 0.701126 0.948466 0.702296 0.933598
0 0.700625 0.950470 0.716161 0.949635 0.717164 0.954480 0.714157 0.954480 0.714825 0.960494 0.705470 0.960828 0.705303 0.954981 0.702128 0.955148 0.700625 0.950470
0 0.556316 0.000009 0.558773 0.013723 0.552010 0.014338 0.552010 0.022638 0.544325 0.022331 0.540636 0.013416 0.540943 0.000009 0.556316 0.000009
