0 0.438042 0.244672 0.458430 0.231303 0.468791 0.246678 0.459098 0.252025 0.462106 0.257039 0.449740 0.265394 0.437708 0.247012 0.438042 0.244672
0 0.339739 0.360494 0.339534 0.358442 0.341176 0.340591 0.356564 0.327048 0.367234 0.334435 0.362104 0.339975 0.372364 0.342437 0.375031 0.338334 0.391856 0.341206 0.393293 0.346541 0.399653 0.343668 0.406835 0.359673 0.403757 0.361109 0.405399 0.365008 0.391241 0.370137 0.387958 0.361725 0.381392 0.364802 0.378519 0.357416 0.375236 0.356800 0.370312 0.369317 0.339739 0.360494
0 0.526069 0.503410 0.539406 0.494382 0.555000 0.515310 0.538380 0.528442 0.525658 0.513259 0.526479 0.504641 0.526069 0.503410
0 0.544330 0.527622 0.555410 0.518799 0.572646 0.541369 0.558283 0.552244 0.543099 0.531725 0.544535 0.528442 0.544330 0.527622
0 0.458152 0.530289 0.470874 0.511822 0.501241 0.535008 0.503088 0.533367 0.538995 0.548961 0.546382 0.563734 0.533250 0.582816 0.487904 0.555527 0.458563 0.533162 0.458152 0.530289
3 0.612351 0.744559 0.610680 0.740214 0.633407 0.739546 0.633741 0.763276 0.612685 0.763276 0.612351 0.744559
3 0.570358 0.808200 0.587798 0.797530 0.601956 0.824820 0.599904 0.831796 0.604418 0.838157 0.585336 0.847800 0.570152 0.816612 0.570152 0.810251 0.570358 0.808200
0 0.566869 0.761417 0.579796 0.754851 0.589440 0.773113 0.574667 0.780910 0.566664 0.763674 0.566869 0.761417
3 0.565124 0.732096 0.603358 0.711670 0.610166 0.723192 0.595240 0.731572 0.597335 0.733929 0.586598 0.740214 0.581098 0.732358 0.568790 0.740738 0.564077 0.733929 0.565124 0.732096
3 0.800866 0.873970 0.816240 0.873636 0.816240 0.879317 0.843312 0.893689 0.841975 0.899371 0.849328 0.904384 0.859355 0.899371 0.865037 0.908729 0.845318 0.931457 0.801200 0.911403 0.799529 0.876978 0.800866 0.873970
3 0.873727 0.831189 0.908820 0.795093 0.927537 0.813141 0.909155 0.832526 0.902804 0.828181 0.886093 0.846898 0.871387 0.833529 0.873727 0.831189
0 0.641143 0.904908 0.663714 0.894649 0.676230 0.920092 0.675204 0.926042 0.653454 0.935071 0.640938 0.906755 0.641143 0.904908
0 0.024989 0.637609 0.044687 0.635352 0.046123 0.650741 0.024579 0.652587 0.024168 0.641302 0.024989 0.637609
0 0.592182 0.146184 0.617830 0.141670 0.631167 0.199942 0.603877 0.205277 0.593002 0.150082 0.592182 0.146184
0 0.172434 0.302894 0.206495 0.289557 0.212240 0.310075 0.193773 0.318078 0.206290 0.344341 0.183104 0.353985 0.167715 0.318898 0.173665 0.316231 0.169767 0.304330 0.172434 0.302894
0 0.006557 0.095477 0.024522 0.078600 0.038677 0.097655 0.034322 0.102010 0.040855 0.117254 0.046844 0.114532 0.058276 0.134131 0.033233 0.150463 0.006012 0.104188 0.006557 0.095477
4 0.044874 0.000004 0.048579 0.014538 0.032663 0.023541 0.019000 0.000003 0.044874 0.000004
0 0.068417 0.050825 0.077378 0.065270 0.076843 0.070486 0.068015 0.073830 0.066410 0.072493 0.057048 0.055507 0.059857 0.051762 0.068417 0.050825
4 0.052415 0.101794 0.055999 0.098550 0.066583 0.093600 0.074777 0.100087 0.075630 0.104354 0.072557 0.108109 0.073411 0.112889 0.069143 0.116303 0.065217 0.117327 0.052415 0.101794
4 0.088778 0.218303 0.069830 0.180067 0.070684 0.176311 0.073756 0.174092 0.064709 0.155144 0.068294 0.152072 0.073073 0.152072 0.097313 0.211134 0.095606 0.214377 0.088778 0.218303
0 0.165161 0.238161 0.150651 0.217848 0.150481 0.215629 0.157650 0.211361 0.163112 0.220579 0.173696 0.213751 0.176256 0.213751 0.183767 0.224846 0.184791 0.228431 0.168063 0.239527 0.165161 0.238161
4 0.283141 0.225232 0.275391 0.212713 0.275517 0.209182 0.292905 0.198616 0.294376 0.199819 0.302802 0.210386 0.302133 0.213462 0.294643 0.217474 0.300662 0.226034 0.300796 0.230046 0.290898 0.234995 0.290096 0.234326 0.286752 0.236333 0.281803 0.228709 0.283275 0.226837 0.283141 0.225232
0 0.254713 0.485228 0.242423 0.488642 0.240545 0.487788 0.238497 0.481643 0.248397 0.476864 0.248568 0.470206 0.250104 0.469353 0.270247 0.468158 0.273661 0.470548 0.272808 0.478058 0.270418 0.478571 0.255738 0.480619 0.256079 0.483521 0.254713 0.485228
0 0.282855 0.443812 0.259640 0.445348 0.258786 0.443300 0.257421 0.428790 0.258957 0.428108 0.280807 0.425206 0.282172 0.426230 0.284562 0.440739 0.282855 0.443812
0 0.223466 0.383426 0.207562 0.386911 0.206037 0.385169 0.202551 0.369918 0.203859 0.368393 0.211484 0.365997 0.211702 0.362293 0.215405 0.359679 0.227170 0.357282 0.228259 0.357718 0.230369 0.365751 0.229426 0.367009 0.222404 0.370677 0.220204 0.373087 0.220413 0.373716 0.223871 0.373401 0.224605 0.374764 0.225234 0.382833 0.223466 0.383426
0 0.254462 0.401409 0.217420 0.412334 0.214860 0.409944 0.209739 0.393045 0.210592 0.389801 0.225272 0.384851 0.226126 0.386046 0.226126 0.387412 0.240635 0.383144 0.237733 0.378876 0.240635 0.375633 0.244049 0.374438 0.242342 0.372048 0.244220 0.368805 0.254974 0.365220 0.274434 0.389118 0.274946 0.390655 0.262656 0.397824 0.261461 0.397995 0.253096 0.385192 0.252072 0.385534 0.255315 0.396800 0.254462 0.401409
3 0.486966 0.274047 0.473459 0.254875 0.471498 0.224810 0.480648 0.215660 0.482391 0.215878 0.491759 0.226553 0.504613 0.217185 0.508535 0.216749 0.535114 0.256618 0.535767 0.260975 0.527489 0.266639 0.528796 0.268818 0.529014 0.273175 0.517685 0.277750 0.513110 0.276225 0.504831 0.282108 0.502435 0.282543 0.493284 0.273175 0.489363 0.274918 0.486966 0.274047
4 0.723573 0.965982 0.712819 0.961714 0.711283 0.959495 0.715209 0.948399 0.717257 0.948741 0.728011 0.953520 0.729889 0.956593 0.726816 0.965128 0.723573 0.965982
4 0.399118 0.618304 0.374500 0.618086 0.371668 0.612639 0.372757 0.606975 0.399118 0.607629 0.401515 0.610025 0.401950 0.616125 0.399118 0.618304
4 0.393838 0.647550 0.394507 0.625615 0.398118 0.623743 0.402130 0.624679 0.402130 0.632035 0.409620 0.633105 0.411627 0.636582 0.410289 0.651027 0.406678 0.652632 0.394398 0.649393 0.393838 0.647550
0 0.475131 0.612410 0.463353 0.605752 0.462499 0.603704 0.457037 0.599266 0.456525 0.596022 0.464035 0.575368 0.468474 0.573149 0.471888 0.574685 0.473082 0.569393 0.475472 0.569905 0.490665 0.574856 0.492884 0.579977 0.499370 0.581684 0.496468 0.586463 0.495786 0.586805 0.499370 0.592779 0.502784 0.595169 0.499712 0.607971 0.496810 0.609166 0.493908 0.609849 0.491006 0.614970 0.485544 0.616848 0.477521 0.615482 0.476667 0.612410 0.475131 0.612410
4 0.202006 0.561654 0.196714 0.556874 0.193641 0.547144 0.201664 0.539121 0.208151 0.540658 0.216344 0.548339 0.216174 0.550217 0.207127 0.558240 0.209004 0.561824 0.211223 0.566092 0.215662 0.568823 0.223855 0.576846 0.223685 0.578212 0.218222 0.582308 0.216857 0.582308 0.200981 0.566945 0.201152 0.564385 0.202006 0.561654
4 0.130663 0.664127 0.119769 0.644520 0.116719 0.645391 0.112362 0.638637 0.112362 0.632320 0.123909 0.627309 0.128048 0.629705 0.143081 0.656066 0.140902 0.660859 0.132841 0.664127 0.130663 0.664127
3 0.166080 0.584396 0.155326 0.591224 0.152936 0.591224 0.146961 0.579105 0.146961 0.576715 0.159081 0.569033 0.158910 0.554695 0.160959 0.552817 0.158228 0.544794 0.159935 0.543087 0.167104 0.541551 0.180077 0.561181 0.188441 0.583201 0.187417 0.589859 0.193562 0.590883 0.207607 0.588967 0.211704 0.594941 0.211704 0.600574 0.208802 0.603306 0.194463 0.603135 0.192895 0.608301 0.189311 0.609837 0.185555 0.639368 0.184872 0.640904 0.181629 0.642782 0.170704 0.641416 0.169168 0.639027 0.171728 0.627590 0.170534 0.627590 0.173094 0.616836 0.166607 0.616324 0.166949 0.611544 0.168314 0.610349 0.174801 0.609837 0.176277 0.596163 0.167583 0.596564 0.165978 0.592953 0.167851 0.585597 0.166080 0.584396
4 0.266735 0.517725 0.255128 0.521821 0.251543 0.520114 0.247276 0.508677 0.246251 0.501337 0.255299 0.496046 0.261444 0.495704 0.265028 0.497241 0.270662 0.493827 0.274076 0.495363 0.275953 0.499460 0.279026 0.501679 0.279197 0.506629 0.269637 0.510726 0.269125 0.514823 0.266735 0.517725
4 0.285687 0.506260 0.283146 0.492484 0.285687 0.490477 0.291706 0.491146 0.294782 0.503986 0.292910 0.505725 0.286891 0.507463 0.285687 0.506260
3 0.305134 0.957598 0.302574 0.952989 0.303086 0.951112 0.310426 0.947868 0.312474 0.948893 0.314864 0.952648 0.307695 0.957257 0.305134 0.957598
3 0.393434 0.945379 0.388996 0.937186 0.390191 0.936332 0.396165 0.932577 0.397702 0.934455 0.400774 0.942136 0.400091 0.944697 0.395995 0.946404 0.393434 0.945379
0 0.435351 0.966140 0.431339 0.957446 0.434014 0.953969 0.439364 0.951963 0.444446 0.961191 0.443376 0.965204 0.438026 0.967076 0.435351 0.966140
0 0.925312 0.782813 0.936171 0.788493 0.935168 0.794841 0.933163 0.793672 0.931827 0.796011 0.921135 0.792001 0.922639 0.785152 0.925312 0.782813
0 0.932328 0.782145 0.932829 0.779973 0.938676 0.775797 0.945526 0.785319 0.939679 0.788827 0.932328 0.782145
