0 0.227928 0.148682 0.227793 0.150844 0.231445 0.153707 0.233600 0.151515 0.244304 0.161434 0.219263 0.186795 0.207474 0.176315 0.202261 0.180326 0.207296 0.190292 0.189268 0.201139 0.168494 0.177838 0.181978 0.162878 0.186207 0.165351 0.198282 0.152663 0.199786 0.154013 0.203478 0.148685 0.211516 0.142737 0.216178 0.145952 0.221001 0.142255 0.225622 0.145021 0.227928 0.148682
0 0.241110 0.135948 0.229987 0.149716 0.219063 0.135627 0.230309 0.123594 0.241110 0.135948
0 0.264891 0.100618 0.277832 0.095324 0.288237 0.118669 0.274239 0.124178 0.264891 0.100618
0 0.277751 0.200938 0.278874 0.200420 0.284661 0.214930 0.257109 0.226763 0.251408 0.211217 0.277751 0.200938
0 0.215067 0.284539 0.242501 0.271314 0.244612 0.275675 0.249677 0.273283 0.252631 0.279333 0.273875 0.269063 0.285702 0.291174 0.257702 0.305670 0.260575 0.311595 0.245492 0.320214 0.239387 0.310338 0.235257 0.312314 0.230768 0.308722 0.221252 0.314109 0.211939 0.295222 0.217566 0.292268 0.214471 0.285233 0.215067 0.284539
0 0.142343 0.309228 0.154620 0.331664 0.127104 0.345634 0.111441 0.317060 0.137899 0.302032 0.142343 0.309228
0 0.074044 0.332915 0.098246 0.321084 0.101105 0.325632 0.102794 0.324203 0.105783 0.330050 0.107992 0.328491 0.110721 0.333039 0.112670 0.331999 0.115139 0.336157 0.110721 0.338626 0.114762 0.347561 0.111280 0.349883 0.113933 0.355024 0.113436 0.358507 0.109787 0.360663 0.104978 0.360994 0.099671 0.359668 0.099543 0.358812 0.098626 0.358914 0.098117 0.360339 0.098219 0.363190 0.101274 0.368484 0.093230 0.372862 0.073581 0.333258 0.074044 0.332915
0 0.122251 0.372416 0.135519 0.356661 0.146962 0.366280 0.141987 0.371587 0.143313 0.371421 0.143147 0.374406 0.154425 0.373909 0.160561 0.363295 0.162551 0.363958 0.168687 0.357822 0.182949 0.367441 0.175652 0.378055 0.168853 0.374572 0.166863 0.378221 0.168189 0.388005 0.168521 0.391156 0.185271 0.390161 0.183778 0.407243 0.166365 0.408570 0.165868 0.418852 0.144806 0.420510 0.144142 0.411057 0.132534 0.412052 0.131041 0.382201 0.121422 0.373411 0.122251 0.372416
0 0.025183 0.391079 0.043001 0.379120 0.046916 0.384676 0.049369 0.383560 0.065309 0.403558 0.070708 0.400048 0.080550 0.414942 0.074962 0.419315 0.097174 0.451917 0.078102 0.465238 0.070694 0.455501 0.065874 0.458647 0.035064 0.410064 0.031415 0.413085 0.022730 0.397784 0.025293 0.396284 0.023105 0.392408 0.025183 0.391079
0 0.031589 0.430052 0.052934 0.458384 0.039679 0.469609 0.031612 0.460494 0.018471 0.470736 0.010059 0.460433 0.020288 0.451272 0.013844 0.439837 0.031589 0.430052
0 0.067230 0.554062 0.059873 0.563408 0.039131 0.542608 0.041624 0.539486 0.029043 0.526025 0.035225 0.520430 0.067230 0.554062
0 0.012203 0.526458 0.019906 0.520606 0.030869 0.533134 0.023233 0.539854 0.012203 0.526458
0 0.152255 0.528580 0.150841 0.505544 0.167991 0.504233 0.170858 0.530600 0.191545 0.527152 0.194157 0.548378 0.177409 0.549907 0.175340 0.554044 0.166376 0.554044 0.168445 0.559216 0.162584 0.559905 0.150943 0.560540 0.150519 0.564774 0.144381 0.566044 0.144804 0.570488 0.129353 0.571758 0.127436 0.539365 0.129126 0.538585 0.129126 0.536766 0.161871 0.532738 0.161481 0.527930 0.152255 0.528580
0 0.104002 0.544737 0.111181 0.579130 0.085139 0.586960 0.076359 0.550279 0.104002 0.544737
0 0.169172 0.605715 0.172039 0.624315 0.136384 0.631778 0.133438 0.612315 0.169172 0.605715
0 0.168386 0.783337 0.204785 0.775889 0.207154 0.787361 0.162997 0.796601 0.155947 0.761641 0.163105 0.760088 0.168386 0.783337
0 0.176446 0.652653 0.163534 0.656040 0.169364 0.678587 0.177551 0.676508 0.180881 0.695652 0.173105 0.699073 0.179075 0.725276 0.193363 0.720475 0.199785 0.751631 0.155850 0.761162 0.153545 0.749730 0.160656 0.748439 0.138605 0.642660 0.171377 0.634583 0.176446 0.652653
0 0.137268 0.899298 0.147299 0.899739 0.147016 0.913781 0.136133 0.913435 0.137083 0.899443 0.137268 0.899298
0 0.133823 0.997883 0.132060 0.974403 0.153776 0.972970 0.157245 0.999006 0.136060 0.999005 0.133823 0.997883
0 0.132980 0.919298 0.156616 0.919298 0.157801 0.965102 0.132303 0.965102 0.131765 0.919135 0.132980 0.919298
0 0.168005 0.999006 0.167529 0.988674 0.165406 0.957909 0.176359 0.957191 0.176272 0.948352 0.162203 0.949055 0.161218 0.927389 0.172755 0.926404 0.171348 0.918104 0.188190 0.916594 0.187749 0.913397 0.208473 0.910752 0.210641 0.934025 0.197551 0.935176 0.198949 0.944950 0.185244 0.947302 0.185525 0.956447 0.196217 0.955322 0.198285 0.993106 0.210947 0.991699 0.211813 0.999007 0.168005 0.999006
0 0.346051 0.849801 0.349505 0.849715 0.349646 0.841696 0.369202 0.842680 0.364000 0.900019 0.342812 0.898942 0.345260 0.849456 0.346051 0.849801
0 0.378189 0.836232 0.384753 0.836577 0.384753 0.834418 0.389589 0.834677 0.383272 0.911940 0.373241 0.911499 0.373462 0.902239 0.372139 0.901798 0.373682 0.883169 0.377488 0.836287 0.378189 0.836232
0 0.348324 0.906468 0.366781 0.906151 0.369143 0.964984 0.347902 0.967587 0.348324 0.906468
0 0.369640 0.953539 0.378234 0.953607 0.378031 0.964299 0.369775 0.964299 0.369640 0.953539
0 0.386463 0.999008 0.390673 0.993068 0.396046 0.996202 0.400977 0.991038 0.412576 0.999009 0.386463 0.999008
0 0.407470 0.933451 0.426324 0.933271 0.426476 0.930721 0.462406 0.930635 0.470870 0.930462 0.470301 0.961234 0.450459 0.960132 0.450348 0.970053 0.441971 0.970604 0.441750 0.962557 0.438554 0.964431 0.435467 0.964431 0.432050 0.970163 0.427640 0.970935 0.421027 0.970825 0.418381 0.970053 0.417058 0.970053 0.415294 0.965974 0.414523 0.964211 0.413310 0.963108 0.410665 0.961896 0.406476 0.961455 0.407027 0.933786 0.407470 0.933451
0 0.472508 0.966763 0.485118 0.966763 0.485032 0.976696 0.472249 0.976437 0.472422 0.967022 0.472508 0.966763
0 0.552374 0.864693 0.608755 0.862359 0.609225 0.881850 0.549871 0.884142 0.549642 0.865121 0.552374 0.864693
0 0.533657 0.907605 0.552948 0.907384 0.552617 0.911573 0.567388 0.912014 0.566670 0.923147 0.532016 0.924404 0.532913 0.908064 0.533657 0.907605
0 0.635897 0.908311 0.636176 0.918834 0.619399 0.919218 0.619609 0.907947 0.635897 0.908311
0 0.599539 0.999008 0.597608 0.988371 0.600230 0.988856 0.602293 0.981892 0.595821 0.980626 0.600528 0.962589 0.593791 0.961207 0.596723 0.950779 0.603758 0.951764 0.607134 0.934600 0.627593 0.936286 0.618804 0.985186 0.614154 0.984440 0.612864 0.990039 0.619754 0.991159 0.617760 0.999008 0.599539 0.999008
0 0.569583 0.928816 0.572734 0.928570 0.573093 0.931802 0.578300 0.931084 0.577761 0.936829 0.574170 0.937368 0.574170 0.939882 0.559985 0.940959 0.560344 0.948860 0.542029 0.949578 0.541616 0.933103 0.552529 0.932442 0.552419 0.931450 0.558702 0.931229 0.558702 0.929576 0.569583 0.928816
0 0.597902 0.903665 0.597918 0.904088 0.597808 0.916214 0.600343 0.915993 0.600123 0.920844 0.598580 0.920954 0.598580 0.925473 0.573303 0.923776 0.574201 0.903126 0.597902 0.903665
0 0.698295 0.825966 0.693088 0.878038 0.681057 0.877858 0.686444 0.823991 0.698295 0.825966
0 0.682059 0.882111 0.692329 0.882393 0.690781 0.895054 0.679808 0.894492 0.681637 0.882111 0.682059 0.882111
0 0.802771 0.799866 0.830219 0.817503 0.788162 0.878716 0.776246 0.870237 0.766850 0.881008 0.760433 0.875737 0.763412 0.872758 0.756767 0.869091 0.757683 0.866570 0.749892 0.860154 0.753329 0.854654 0.747142 0.849383 0.760433 0.826925 0.781821 0.841214 0.783475 0.839120 0.787553 0.841435 0.798307 0.828178 0.793036 0.823824 0.799911 0.814428 0.795098 0.810303 0.802432 0.799532 0.802771 0.799866
0 0.688130 0.745289 0.705810 0.750101 0.702012 0.771345 0.684285 0.768250 0.688130 0.745289
0 0.705847 0.724548 0.704862 0.741993 0.686714 0.740727 0.687839 0.724689 0.705847 0.724548
0 0.656563 0.661908 0.676042 0.660533 0.676008 0.655595 0.684727 0.654891 0.685209 0.659845 0.691235 0.659470 0.692691 0.693212 0.656941 0.695733 0.656253 0.661816 0.656563 0.661908
0 0.682066 0.606451 0.679738 0.641512 0.660557 0.641071 0.662542 0.606237 0.682066 0.606451
0 0.593364 0.599785 0.592209 0.579655 0.625411 0.579655 0.625552 0.599632 0.593364 0.599785
0 0.587496 0.585125 0.588048 0.595707 0.571513 0.596920 0.570631 0.586007 0.587496 0.585125
0 0.565361 0.597740 0.525486 0.601636 0.525028 0.593615 0.563986 0.588115 0.565132 0.597511 0.565361 0.597740
0 0.526402 0.627005 0.527041 0.637644 0.511982 0.638565 0.511419 0.627591 0.526402 0.627005
0 0.516423 0.648137 0.526528 0.647187 0.527651 0.665584 0.516855 0.666016 0.515818 0.648224 0.516423 0.648137
0 0.443022 0.608621 0.445204 0.625432 0.404804 0.628708 0.403236 0.612127 0.443022 0.608621
0 0.478584 0.564031 0.480232 0.583543 0.453797 0.585241 0.452072 0.565814 0.478584 0.564031
0 0.738881 0.559615 0.755602 0.545645 0.764703 0.557075 0.778852 0.544305 0.773545 0.538335 0.792948 0.521491 0.795677 0.526429 0.798146 0.524090 0.803993 0.529288 0.808801 0.525649 0.811659 0.528638 0.815168 0.525909 0.813738 0.524090 0.818328 0.519269 0.820161 0.522119 0.827186 0.517843 0.837533 0.531627 0.831729 0.536209 0.838143 0.544557 0.830435 0.552121 0.826202 0.547464 0.822392 0.550639 0.828319 0.557412 0.777097 0.596357 0.771806 0.590514 0.767343 0.593955 0.755936 0.580973 0.762680 0.575163 0.758272 0.570628 0.748727 0.577733 0.735668 0.562114 0.738881 0.559615
0 0.973997 0.999003 0.970042 0.991429 0.984206 0.964141 0.986934 0.966220 0.988753 0.964531 0.998868 0.969665 0.998868 0.999003 0.973997 0.999003
0 0.998868 0.860356 0.980562 0.847251 0.998868 0.813426 0.998868 0.860356
0 0.965448 0.802818 0.965564 0.803040 0.963629 0.843281 0.958444 0.842882 0.958683 0.844239 0.934402 0.843198 0.936307 0.847642 0.938635 0.852087 0.940964 0.850394 0.940752 0.860342 0.943292 0.860342 0.952182 0.868808 0.962341 0.867750 0.961918 0.899287 0.931670 0.900472 0.931504 0.887702 0.924870 0.880737 0.905301 0.882561 0.889380 0.869791 0.885897 0.861997 0.887888 0.845744 0.899165 0.831814 0.898448 0.822885 0.916028 0.818076 0.919676 0.829187 0.919013 0.811939 0.930290 0.801491 0.965448 0.802818
0 0.931596 0.749499 0.931265 0.767907 0.937069 0.767741 0.936737 0.769565 0.962609 0.769565 0.962940 0.785818 0.931762 0.786979 0.928943 0.781838 0.924963 0.779350 0.920319 0.776862 0.916837 0.774872 0.915842 0.754971 0.918827 0.754805 0.918329 0.749664 0.931596 0.749499
0 0.991438 0.717811 0.993007 0.735266 0.979972 0.736243 0.977422 0.718637 0.991438 0.717811
0 0.987500 0.640114 0.989120 0.658716 0.978360 0.660292 0.976301 0.641259 0.987500 0.640114
0 0.907213 0.453097 0.889336 0.460071 0.883736 0.448681 0.902330 0.440901 0.907213 0.453097
0 0.909932 0.434600 0.899567 0.439736 0.877502 0.449987 0.871378 0.436027 0.881050 0.432158 0.880134 0.430121 0.893166 0.424420 0.894166 0.426054 0.903781 0.421636 0.909932 0.434600
0 0.898830 0.395101 0.876995 0.386746 0.882522 0.372642 0.877113 0.370808 0.884166 0.353915 0.890742 0.356662 0.894013 0.351556 0.880875 0.345715 0.883319 0.339199 0.888715 0.327593 0.893602 0.327898 0.893500 0.329323 0.895841 0.322706 0.899507 0.324640 0.904600 0.312311 0.916611 0.317004 0.916306 0.319651 0.933105 0.327083 0.931476 0.330749 0.933715 0.331156 0.928455 0.345829 0.924946 0.344529 0.912748 0.380154 0.905617 0.377123 0.898830 0.395101
0 0.998868 0.367054 0.982387 0.345169 0.998240 0.332045 0.995121 0.327887 0.998868 0.324825 0.998868 0.367054
0 0.728873 0.346701 0.729080 0.346296 0.738780 0.346075 0.739552 0.341666 0.727536 0.341335 0.728776 0.326231 0.754461 0.325661 0.753774 0.331599 0.762024 0.332287 0.762482 0.326328 0.770274 0.326557 0.770503 0.322891 0.783107 0.322891 0.782649 0.334807 0.790211 0.334120 0.790670 0.331141 0.806253 0.330224 0.806941 0.356349 0.772712 0.356146 0.772712 0.359363 0.764294 0.359855 0.764294 0.357162 0.758907 0.357701 0.758571 0.361960 0.749749 0.361872 0.749302 0.357898 0.737469 0.357510 0.737513 0.359039 0.728658 0.359279 0.728873 0.346701
0 0.616471 0.341634 0.616730 0.341759 0.630556 0.341939 0.629251 0.358599 0.623233 0.358930 0.622682 0.363339 0.645721 0.364221 0.645611 0.360804 0.646713 0.358268 0.648477 0.358158 0.650130 0.358379 0.652004 0.361355 0.651286 0.329264 0.659725 0.338062 0.660443 0.330880 0.670140 0.329444 0.669601 0.335369 0.669960 0.344167 0.676424 0.343090 0.676963 0.360866 0.670140 0.361405 0.670140 0.369305 0.657750 0.369305 0.658468 0.377385 0.644426 0.377103 0.614994 0.376441 0.615349 0.367891 0.612671 0.367977 0.613276 0.355453 0.616299 0.355367 0.616471 0.341634
0 0.610481 0.331038 0.624300 0.331038 0.622918 0.339070 0.609703 0.339070 0.610049 0.331297 0.610481 0.331038
0 0.443986 0.408234 0.443875 0.408234 0.434947 0.409116 0.434726 0.390817 0.454568 0.389605 0.454458 0.400959 0.444427 0.400077 0.443986 0.408234
0 0.379869 0.392013 0.414619 0.391732 0.415323 0.409459 0.405334 0.410162 0.404912 0.401721 0.379306 0.401721 0.379447 0.392295 0.379869 0.392013
0 0.439862 0.367183 0.439820 0.377128 0.433431 0.377708 0.432862 0.367331 0.439862 0.367183
0 0.879881 0.198492 0.879246 0.227066 0.859398 0.226855 0.859664 0.198929 0.879881 0.198492
0 0.858818 0.064998 0.882312 0.063286 0.877656 0.056089 0.899830 0.040686 0.911541 0.063391 0.907468 0.065835 0.910699 0.070746 0.907238 0.073088 0.895427 0.081335 0.898787 0.089683 0.897565 0.097217 0.910801 0.105159 0.908867 0.118802 0.898787 0.119820 0.888911 0.134073 0.886061 0.129492 0.867836 0.128372 0.869465 0.115034 0.887384 0.111064 0.888199 0.102613 0.871345 0.097804 0.871157 0.088153 0.850165 0.088189 0.851276 0.065269 0.858818 0.064998
0 0.824053 0.052992 0.822149 0.085588 0.812412 0.086858 0.810719 0.126015 0.799924 0.126861 0.799713 0.132999 0.741930 0.132999 0.741506 0.088339 0.760344 0.088339 0.760344 0.086011 0.780663 0.085588 0.780663 0.088974 0.797380 0.087493 0.796882 0.086000 0.802687 0.085171 0.802789 0.049924 0.823532 0.049500 0.824053 0.052992
0 0.794047 0.169803 0.816241 0.168665 0.817486 0.193558 0.795106 0.194290 0.794047 0.169803
0 0.230074 0.593754 0.240808 0.592148 0.241773 0.599061 0.231162 0.600830 0.230074 0.593754
0 0.087679 0.819305 0.085413 0.846046 0.078841 0.848765 0.074762 0.844233 0.074762 0.822251 0.078161 0.822477 0.077708 0.818398 0.087679 0.819305
0 0.964164 0.904127 0.966657 0.925656 0.953739 0.925656 0.953513 0.904127 0.964164 0.904127
0 0.937423 0.915685 0.941502 0.912059 0.948527 0.912059 0.950793 0.916591 0.950113 0.923843 0.936516 0.923390 0.937423 0.915685
0 0.363118 0.016171 0.405950 0.041326 0.400737 0.047671 0.357226 0.021610 0.363118 0.016171
