0 0.080847 0.000004 0.078869 0.111168 0.042519 0.111267 0.042465 0.113335 0.025604 0.113494 0.025551 0.111850 0.018658 0.111744 0.018552 0.114130 -0.000000 0.113600 -0.000000 0.000003 0.080847 0.000004
0 0.143123 0.000006 0.142842 0.018748 0.118143 0.018293 0.117878 0.008430 0.095984 0.008078 0.096212 0.004497 0.088204 0.004530 0.088432 0.000005 0.143123 0.000006
0 0.251069 0.000007 0.250933 0.011852 0.217636 0.011655 0.217477 0.000007 0.251069 0.000007
0 0.087127 0.045182 0.100514 0.045633 0.100638 0.050036 0.126415 0.049521 0.126291 0.045824 0.148756 0.046863 0.147656 0.095328 0.122177 0.093946 0.121552 0.103378 0.084858 0.102829 0.087127 0.045182
0 -0.000000 0.944369 0.010783 0.926145 0.019292 0.931115 0.036120 0.904475 0.044564 0.909627 0.057265 0.887009 0.066003 0.891964 0.081493 0.898829 0.086815 0.893233 0.123344 0.912250 0.125446 0.934415 0.080868 0.999004 -0.000000 0.999003 -0.000000 0.944369
0 0.187733 0.999006 0.202429 0.972395 0.206026 0.973794 0.214218 0.960406 0.250185 0.980787 0.246588 0.988780 0.258577 0.996373 0.257779 0.999007 0.187733 0.999006
0 0.231010 0.953452 0.241999 0.931673 0.258784 0.941264 0.246087 0.963111 0.231010 0.953452
0 0.101869 0.488234 0.103168 0.478852 0.110661 0.479442 0.110897 0.476197 0.138641 0.478027 0.139113 0.474841 0.163305 0.477142 0.162951 0.482925 0.238671 0.494150 0.238514 0.491488 0.265027 0.494483 0.264739 0.499961 0.291056 0.503334 0.291233 0.508526 0.298668 0.508939 0.293195 0.557461 0.228352 0.549117 0.228544 0.542485 0.202947 0.539136 0.200442 0.562620 0.179307 0.559489 0.181968 0.536474 0.157701 0.531934 0.157075 0.534439 0.131399 0.532091 0.131086 0.529116 0.095704 0.524263 0.097507 0.505795 0.096411 0.505952 0.099072 0.488104 0.101869 0.488234
0 -0.000000 0.438840 0.028091 0.444166 0.023551 0.463736 0.026995 0.463736 0.010869 0.526203 -0.000000 0.522602 -0.000000 0.438840
0 0.342216 0.497433 0.379871 0.495361 0.382324 0.528972 0.385819 0.528853 0.389937 0.588149 0.415574 0.586554 0.417292 0.619552 0.392758 0.632923 0.380000 0.606304 0.358043 0.608389 0.353718 0.543541 0.348828 0.543722 0.347510 0.516570 0.343084 0.516570 0.342216 0.497433
0 0.513299 0.519156 0.533868 0.517234 0.537965 0.563112 0.556347 0.561735 0.557994 0.581154 0.539320 0.583018 0.542995 0.625312 0.520918 0.626947 0.513299 0.519156
0 0.611174 0.470033 0.641025 0.458738 0.642658 0.454413 0.660632 0.447781 0.664957 0.449223 0.702603 0.433201 0.708309 0.450808 0.707526 0.481180 0.694735 0.477992 0.694499 0.470912 0.686474 0.471089 0.682604 0.494288 0.648649 0.506141 0.653628 0.553943 0.609008 0.571008 0.611174 0.470033
0 0.711571 0.555938 0.748743 0.479916 0.798588 0.503907 0.738111 0.630608 0.715333 0.619219 0.717331 0.616022 0.684761 0.598638 0.706096 0.554517 0.711571 0.555938
0 0.757128 0.454341 0.766835 0.434615 0.795015 0.433362 0.794702 0.428665 0.807980 0.428205 0.807830 0.426021 0.821084 0.426247 0.821084 0.428129 0.834489 0.427602 0.834865 0.431895 0.847366 0.431142 0.846990 0.426397 0.862364 0.426000 0.862364 0.424795 0.874669 0.424665 0.874799 0.425609 0.888634 0.425284 0.889252 0.430492 0.951448 0.427839 0.954393 0.482886 0.801807 0.493353 0.752257 0.465016 0.757128 0.454341
0 0.878605 0.520156 0.881800 0.514887 0.921704 0.512296 0.923431 0.533716 0.908921 0.545549 0.910164 0.567075 0.941029 0.593421 0.941029 0.601468 0.944887 0.601027 0.944777 0.597059 0.960430 0.596618 0.960650 0.624838 0.892527 0.625389 0.879409 0.611610 0.876738 0.564154 0.874346 0.564013 0.873698 0.545803 0.872615 0.545533 0.872422 0.520532 0.878605 0.520156
0 0.846083 0.287952 0.838767 0.357593 0.693448 0.352293 0.695788 0.335621 0.702223 0.318658 0.722648 0.317539 0.760184 0.305013 0.759507 0.301697 0.781772 0.295268 0.782719 0.298855 0.818925 0.291084 0.819467 0.285873 0.846083 0.287952
0 0.868334 0.277330 0.998866 0.269787 0.998866 0.384935 0.987831 0.384457 0.988162 0.373324 0.962698 0.372993 0.962588 0.353151 0.936683 0.354584 0.935667 0.328688 0.910839 0.329520 0.910494 0.316910 0.880936 0.317365 0.881007 0.301918 0.867783 0.302481 0.868334 0.277330
0 0.656368 0.792119 0.664387 0.791697 0.664246 0.782552 0.674235 0.781708 0.674094 0.775096 0.739374 0.772423 0.740218 0.790431 0.766949 0.788461 0.764838 0.756666 0.791428 0.754977 0.793117 0.785929 0.826882 0.783818 0.829140 0.829012 0.942049 0.822810 0.947046 0.894960 0.854541 0.897011 0.858312 0.923765 0.634522 0.929076 0.634944 0.905862 0.621720 0.906284 0.621298 0.892637 0.633960 0.891652 0.632412 0.873363 0.683295 0.871657 0.680663 0.842701 0.654632 0.844456 0.656368 0.792119
0 0.564284 0.499927 0.575491 0.499267 0.576809 0.526296 0.563624 0.526955 0.564284 0.499927
0 0.063179 0.403635 0.088200 0.412809 0.084447 0.426988 0.059842 0.419482 0.059425 0.412392 0.063179 0.403635
