0 0.882430 0.734708 0.886467 0.731718 0.889606 0.734708 0.890952 0.738895 0.886167 0.741137 0.881981 0.735904 0.882430 0.734708
0 0.890952 0.738895 0.889606 0.734708 0.886467 0.731718 0.891849 0.730223 0.896185 0.730970 0.897680 0.736801 0.895437 0.738895 0.890952 0.738895
0 0.897680 0.736801 0.896185 0.730970 0.900072 0.727831 0.902913 0.729027 0.905454 0.734559 0.901866 0.737848 0.897680 0.736801
0 0.905454 0.734559 0.902913 0.729027 0.905903 0.727382 0.908893 0.725887 0.912182 0.732167 0.911435 0.734858 0.905454 0.734559
2 0.874821 0.746835 0.873103 0.744927 0.873485 0.738821 0.878255 0.738058 0.883598 0.739393 0.885125 0.744736 0.879019 0.748362 0.874821 0.746835
2 0.874821 0.746835 0.870814 0.749888 0.866425 0.749316 0.864517 0.743210 0.867951 0.739203 0.873485 0.738821 0.873103 0.744927 0.874821 0.746835
2 0.866425 0.749316 0.859174 0.752178 0.853640 0.745690 0.857838 0.740729 0.867951 0.739203 0.864517 0.743210 0.866425 0.749316
4 0.831827 0.778319 0.840351 0.762002 0.852284 0.770282 0.840351 0.786843 0.831827 0.778319
4 0.857411 0.778842 0.860334 0.767639 0.886392 0.774215 0.883470 0.785174 0.864961 0.784443 0.857411 0.778842
3 0.410758 0.948862 0.402965 0.939852 0.426831 0.914524 0.434868 0.923535 0.410758 0.948862
3 0.407465 0.935126 0.402234 0.931084 0.420256 0.911601 0.426831 0.914524 0.407465 0.935126
3 0.434868 0.923535 0.442661 0.932789 0.431702 0.944966 0.422953 0.935955 0.434868 0.923535
3 0.442661 0.932789 0.446623 0.927074 0.451775 0.934325 0.434029 0.954170 0.428686 0.949972 0.431702 0.944966 0.442661 0.932789
3 0.451775 0.934325 0.456927 0.929173 0.461698 0.936806 0.448150 0.951308 0.442234 0.945393 0.451775 0.934325
4 0.254621 0.970582 0.268741 0.968102 0.270268 0.986229 0.256147 0.987183 0.254621 0.970582
4 0.277519 0.967148 0.277328 0.965239 0.288777 0.965430 0.289159 0.981459 0.277328 0.981077 0.277519 0.967148
4 0.274622 0.932339 0.287025 0.928523 0.297711 0.932339 0.297520 0.950849 0.273859 0.950849 0.274622 0.932339
4 0.248671 0.926424 0.248861 0.921844 0.261074 0.922035 0.259738 0.930431 0.266989 0.930431 0.267371 0.932912 0.274622 0.932339 0.271569 0.947223 0.245045 0.943598 0.248671 0.926424
4 0.229303 0.926800 0.228730 0.923366 0.237317 0.915351 0.244568 0.920503 0.241515 0.923747 0.248003 0.929281 0.238844 0.937868 0.229303 0.926800
0 0.193453 0.961947 0.220485 0.959755 0.223912 0.983871 0.211904 0.983340 0.210987 0.970714 0.196132 0.972906 0.193453 0.961947
0 0.207868 0.893969 0.225423 0.900075 0.219889 0.915531 0.202334 0.906181 0.207868 0.893969
0 0.189358 0.898167 0.171040 0.886718 0.183252 0.871262 0.199663 0.882711 0.189358 0.898167
0 0.512599 0.888653 0.505422 0.876992 0.508562 0.873553 0.507216 0.866376 0.521121 0.862638 0.519327 0.870413 0.526055 0.880580 0.512599 0.888653
1 0.493985 0.603255 0.498022 0.595779 0.506693 0.603404 0.499517 0.611926 0.492938 0.605348 0.493985 0.603255
3 0.561241 0.498594 0.565128 0.486932 0.577687 0.492315 0.571108 0.503528 0.567221 0.499192 0.561241 0.498594
0 0.321013 0.257583 0.319105 0.244225 0.334180 0.239073 0.337996 0.251858 0.321013 0.257583
0 0.426985 0.115890 0.425041 0.115890 0.423396 0.110956 0.438796 0.107368 0.441039 0.113946 0.426985 0.115890
3 0.703732 0.085177 0.704463 0.063989 0.732957 0.063989 0.731982 0.089317 0.706655 0.089561 0.703732 0.085177
0 0.077439 0.420406 0.056449 0.412201 0.066562 0.386059 0.087170 0.396935 0.077439 0.420406
0 0.155977 0.315331 0.149847 0.303818 0.157173 0.295894 0.166741 0.306809 0.155977 0.315331
0 0.928420 0.718732 0.924222 0.713008 0.947502 0.700414 0.951127 0.707665 0.928420 0.718732
0 0.211400 0.973806 0.211854 0.981795 0.185799 0.984336 0.185708 0.974623 0.211400 0.973806
0 0.219487 0.984366 0.220425 0.991865 0.194772 0.994282 0.194525 0.985156 0.219487 0.984366
0 0.200183 0.959898 0.200117 0.953607 0.202191 0.953541 0.200451 0.950529 0.213434 0.949391 0.215241 0.952671 0.215776 0.959028 0.200183 0.959898
4 0.143929 0.890724 0.152735 0.890361 0.152553 0.902344 0.144110 0.902617 0.143929 0.890724
4 0.144292 0.904886 0.150011 0.902708 0.155912 0.912875 0.149466 0.915780 0.144292 0.904886
0 0.197143 0.866566 0.205843 0.872388 0.199954 0.881891 0.190451 0.876135 0.197143 0.866566
0 0.880286 0.824019 0.904343 0.823020 0.905523 0.829011 0.894992 0.829193 0.895628 0.834277 0.880014 0.834277 0.880286 0.824019
