0 0.352304 0.984939 0.349869 0.983722 0.322349 0.966674 0.328437 0.955715 0.326976 0.952792 0.342075 0.928926 0.359854 0.936719 0.357905 0.939885 0.373979 0.948165 0.372761 0.951331 0.391757 0.961316 0.380067 0.982991 0.359367 0.971301 0.352304 0.984939
0 0.374775 0.937567 0.373314 0.939759 0.339218 0.914918 0.340193 0.910778 0.330451 0.904933 0.337270 0.893730 0.347012 0.902254 0.354561 0.892025 0.361137 0.896409 0.364790 0.891538 0.380133 0.902010 0.380620 0.911752 0.388413 0.917353 0.374775 0.937567
0 0.292428 0.934077 0.309029 0.913660 0.320096 0.922819 0.304449 0.945908 0.292428 0.934077
0 0.221640 0.909043 0.226267 0.903441 0.227728 0.906364 0.232599 0.895892 0.229676 0.893456 0.227485 0.884689 0.237226 0.872999 0.267912 0.891752 0.274000 0.909043 0.261093 0.916349 0.255735 0.914401 0.246480 0.929987 0.219448 0.914888 0.221640 0.909043
0 0.296319 0.865814 0.309410 0.847962 0.327261 0.861450 0.311790 0.880888 0.296319 0.865814
0 0.286297 0.754919 0.293437 0.740241 0.305338 0.748969 0.313272 0.732307 0.351752 0.754919 0.332710 0.781895 0.286297 0.759283 0.286297 0.754919
0 0.331410 0.732762 0.313072 0.720018 0.323950 0.704166 0.313693 0.696085 0.328302 0.681476 0.338559 0.690801 0.346019 0.684274 0.358452 0.695153 0.351614 0.703856 0.368087 0.718464 0.350681 0.735559 0.338248 0.724370 0.331410 0.732762
0 0.342651 0.621926 0.357726 0.595744 0.370817 0.600901 0.372403 0.597727 0.378750 0.600901 0.386288 0.585430 0.436668 0.611215 0.421990 0.635414 0.444602 0.642951 0.434288 0.670323 0.406123 0.652868 0.410486 0.646124 0.375974 0.631843 0.366056 0.649298 0.337097 0.634224 0.342651 0.621926
0 0.047516 0.999003 0.024031 0.991023 0.031802 0.980145 0.025585 0.970198 0.047032 0.930102 0.083087 0.951860 0.064749 0.982631 0.051272 0.999003 0.047516 0.999003
0 0.087245 0.825556 0.105023 0.789756 0.131325 0.803394 0.130594 0.807777 0.143502 0.817762 0.119392 0.851127 0.086758 0.833105 0.087245 0.825556
0 0.129429 0.766280 0.105496 0.747942 0.121348 0.720278 0.129740 0.725873 0.137511 0.713440 0.151809 0.725252 0.129429 0.766280
0 -0.000000 0.776553 0.009400 0.757115 0.033202 0.773380 0.044310 0.776157 0.023681 0.806702 -0.000000 0.787264 -0.000000 0.776553
0 0.009400 0.757115 -0.000000 0.742438 0.013764 0.721413 0.051053 0.746801 0.044310 0.776157 0.033202 0.773380 0.009400 0.757115
0 0.494045 0.518888 0.473258 0.510060 0.481650 0.490789 0.494441 0.495586 0.494045 0.518888
0 0.385295 0.547980 0.383430 0.548913 0.397728 0.508506 0.427567 0.517831 0.425702 0.523736 0.439067 0.527466 0.428810 0.563522 0.385295 0.547980
0 0.427785 0.481275 0.434360 0.466663 0.430707 0.463497 0.437526 0.446449 0.475031 0.460331 0.473083 0.469342 0.468456 0.468368 0.456035 0.497592 0.427785 0.485659 0.427785 0.481275
0 0.319943 0.395783 0.322118 0.387080 0.314969 0.381174 0.324294 0.363147 0.328956 0.364701 0.337970 0.346984 0.355065 0.351957 0.349782 0.371228 0.359728 0.378688 0.344187 0.414743 0.319943 0.402621 0.319943 0.395783
0 0.270968 0.496944 0.228125 0.479489 0.240026 0.448944 0.282869 0.465208 0.270968 0.496944
0 0.182076 0.638059 0.188819 0.628935 0.193183 0.630919 0.209051 0.607910 0.187629 0.592836 0.195563 0.578555 0.229282 0.594422 0.233646 0.591249 0.257448 0.605530 0.215398 0.660274 0.182076 0.638059
0 -0.000000 0.646767 -0.000000 0.605335 0.032559 0.626140 0.018845 0.655098 -0.000000 0.646767
0 0.068059 0.571223 0.085117 0.543058 0.088291 0.547421 0.096225 0.533934 0.110902 0.541074 0.116853 0.531950 0.133117 0.542661 0.098208 0.595421 0.068059 0.571223
0 0.023168 0.443261 0.030628 0.420881 0.047395 0.427716 0.039321 0.450085 0.023168 0.443261
0 0.021217 0.410198 0.025880 0.398075 0.046394 0.406468 0.041421 0.419522 0.021217 0.410198
0 0.059053 0.408438 0.044551 0.401759 0.054282 0.378098 0.068975 0.384013 0.059053 0.408438
0 0.283583 0.442287 0.294462 0.411826 0.337045 0.429543 0.324612 0.469328 0.297881 0.457517 0.301611 0.448193 0.283583 0.442287
0 0.460739 0.334908 0.466584 0.313964 0.478031 0.317860 0.486311 0.296186 0.496052 0.300082 0.493373 0.309580 0.497576 0.311358 0.497026 0.343718 0.492156 0.345624 0.460739 0.334908
0 0.403902 0.300466 0.387428 0.291452 0.380590 0.288033 0.378103 0.294560 0.361941 0.286790 0.368157 0.267829 0.375617 0.249180 0.399550 0.258194 0.397685 0.263478 0.400483 0.264100 0.402658 0.259437 0.418510 0.264721 0.403902 0.300466
0 0.268072 0.267208 0.277086 0.245139 0.280195 0.237369 0.293871 0.243585 0.299155 0.228666 0.319669 0.237680 0.312520 0.251045 0.327439 0.258505 0.311588 0.289898 0.268072 0.267208
0 0.153459 0.262817 0.162784 0.243236 0.181122 0.252249 0.185785 0.248830 0.192933 0.252871 0.196663 0.245411 0.209407 0.255669 0.202880 0.269034 0.192001 0.262196 0.183298 0.273075 0.175527 0.286440 0.157500 0.277115 0.159986 0.270899 0.153459 0.262817
0 0.216556 0.280845 0.246084 0.225023 0.267842 0.237641 0.235205 0.293278 0.228678 0.288616 0.225881 0.292346 0.217488 0.286751 0.219042 0.283332 0.216556 0.280845
0 0.120084 0.209795 0.124986 0.192991 0.140085 0.195670 0.142520 0.190799 0.164926 0.196644 0.159812 0.220997 0.151288 0.220023 0.149583 0.226842 0.119628 0.220023 0.120084 0.209795
0 0.079201 0.215396 0.086507 0.198348 0.109886 0.205898 0.100876 0.232200 0.078714 0.225381 0.079201 0.215396
0 0.050429 0.235651 0.018047 0.224759 0.029494 0.193587 0.043862 0.197727 0.047515 0.188229 0.064319 0.192369 0.050429 0.235651
0 0.131109 0.387952 0.111838 0.345991 0.127379 0.341018 0.133595 0.355626 0.146961 0.349410 0.153177 0.364018 0.142609 0.369613 0.147272 0.387330 0.132352 0.391992 0.131109 0.387952
0 0.191460 0.445622 0.196575 0.431497 0.213135 0.439046 0.211187 0.454389 0.191460 0.445622
0 0.286171 0.999004 0.295937 0.980130 0.330521 0.999004 0.286171 0.999004
0 0.175823 0.994309 0.184215 0.979079 0.203175 0.991512 0.197688 0.999004 0.180694 0.999004 0.175823 0.994309
0 0.214016 0.549251 0.222053 0.535126 0.228628 0.538292 0.236665 0.523436 0.261993 0.533908 0.265159 0.529281 0.276118 0.533664 0.273926 0.538048 0.288295 0.545598 0.279771 0.563619 0.263454 0.558018 0.255418 0.576283 0.212068 0.552904 0.214016 0.549251
0 0.168028 0.480917 0.171137 0.465998 0.201286 0.475633 0.195692 0.490863 0.168028 0.480917
0 0.177042 0.486512 0.169583 0.502364 0.147203 0.490863 0.154352 0.475011 0.177042 0.486512
0 0.057374 0.267799 0.068481 0.238047 0.095060 0.248361 0.084349 0.280493 0.057374 0.267799
0 0.385316 0.176994 0.404358 0.118283 0.435300 0.130581 0.433316 0.139308 0.464655 0.151606 0.456325 0.180565 0.436490 0.173821 0.430936 0.190085 0.407928 0.187705 0.403168 0.196433 0.383333 0.184532 0.385316 0.176994
0 0.336126 0.165094 0.348423 0.127011 0.386110 0.138118 0.382936 0.153193 0.377779 0.152399 0.373019 0.161523 0.365481 0.161920 0.359928 0.176994 0.336919 0.167870 0.336126 0.165094
0 0.262340 0.121889 0.272812 0.092421 0.284258 0.096805 0.282066 0.103867 0.307150 0.111417 0.299844 0.129682 0.294486 0.126273 0.288155 0.138449 0.270863 0.134796 0.272568 0.128708 0.262340 0.121889
0 0.437890 0.016646 0.460979 0.015120 0.460597 0.011113 0.478152 0.010731 0.478725 0.018745 0.477962 0.021989 0.471855 0.023897 0.468039 0.026378 0.470710 0.050993 0.445713 0.053283 0.442851 0.041262 0.434837 0.037636 0.434837 0.030385 0.435409 0.017219 0.437890 0.016646
0 0.422478 0.000003 0.419999 0.005067 0.424770 0.006403 0.421144 0.020714 0.404352 0.019379 0.409122 0.000003 0.422478 0.000003
0 0.341745 0.000004 0.337363 0.010995 0.307651 0.004420 0.308138 0.000004 0.341745 0.000004
0 0.208736 0.054597 0.210601 0.035947 0.255108 0.043368 0.251008 0.062989 0.249454 0.074178 0.230494 0.069827 0.230183 0.062367 0.215574 0.059881 0.214953 0.055218 0.208736 0.054597
0 -0.000000 0.068668 -0.000000 0.034670 0.007789 0.036620 0.012657 0.026532 0.008760 0.023909 0.014044 0.009301 0.033626 0.016761 0.029274 0.027950 0.037667 0.032302 0.022851 0.076918 -0.000000 0.068668
0 0.181880 0.000004 0.190269 0.011083 0.188404 0.029421 0.161052 0.032219 0.119091 0.023205 0.102770 0.000003 0.181880 0.000004
0 0.143843 0.079019 0.149438 0.059748 0.179277 0.071248 0.172439 0.094871 0.144154 0.083681 0.143843 0.079019
0 0.079284 0.040809 0.097413 0.049647 0.097413 0.054179 0.102625 0.057578 0.092881 0.060978 0.091068 0.064830 0.074751 0.058258 0.075658 0.056899 0.076111 0.053726 0.073165 0.051460 0.071805 0.049647 0.069992 0.047154 0.072032 0.044888 0.077924 0.045114 0.079284 0.040809
0 -0.000000 0.160404 0.012820 0.164891 0.009131 0.173192 0.015279 0.176266 0.011590 0.187026 0.015279 0.188563 0.009131 0.204241 0.004212 0.206393 -0.000000 0.204388 -0.000000 0.160404
0 -0.000000 0.336431 0.007901 0.338891 0.007286 0.353954 0.012512 0.355184 0.008823 0.366866 0.002675 0.364714 -0.000000 0.367481 -0.000000 0.336431
0 0.018997 0.557675 0.045285 0.571499 0.038486 0.582377 0.013558 0.569913 0.013332 0.566060 0.018997 0.557675
0 0.046418 0.887634 0.055483 0.869731 0.078372 0.881515 0.077465 0.883101 0.080411 0.884914 0.071573 0.899191 0.046418 0.887634
0 0.358379 0.067532 0.380064 0.076290 0.375477 0.096307 0.352958 0.090469 0.353792 0.078792 0.358379 0.067532
