0 0.707836 0.197976 0.742368 0.194416 0.743080 0.196908 0.748776 0.195128 0.749844 0.198332 0.764440 0.197264 0.766576 0.201180 0.777969 0.199400 0.782597 0.220761 0.792921 0.218981 0.796125 0.234645 0.738808 0.244969 0.736672 0.223965 0.711396 0.227525 0.707836 0.197976
0 0.704070 0.129672 0.775627 0.120772 0.779187 0.141064 0.785595 0.139640 0.788799 0.165273 0.769219 0.168477 0.770999 0.177377 0.752487 0.179869 0.745011 0.150321 0.731483 0.149965 0.732907 0.158865 0.708342 0.161713 0.704070 0.129672
0 0.704336 0.046506 0.780852 0.038168 0.781306 0.055434 0.761314 0.059068 0.764949 0.087693 0.741322 0.089965 0.736324 0.065429 0.707699 0.067701 0.704336 0.046506
0 0.749448 0.000007 0.755143 0.034269 0.712067 0.040321 0.709219 0.018961 0.714559 0.018961 0.710644 0.000008 0.749448 0.000007
0 0.530885 0.058321 0.576073 0.055253 0.576631 0.052463 0.606478 0.048837 0.607035 0.067526 0.612056 0.067526 0.615125 0.101836 0.580815 0.102951 0.578547 0.074997 0.563800 0.077471 0.530327 0.077847 0.530885 0.058321
0 0.544223 0.131562 0.579823 0.128714 0.583027 0.163246 0.605455 0.157906 0.607591 0.178910 0.535679 0.185674 0.533899 0.164670 0.544935 0.163602 0.544223 0.131562
0 0.600821 0.241708 0.608596 0.282838 0.594455 0.294512 0.597418 0.302578 0.568776 0.349321 0.554931 0.341213 0.580375 0.300775 0.572197 0.244434 0.600821 0.241708
0 0.641373 0.299418 0.660954 0.314014 0.661309 0.315794 0.694062 0.310810 0.699402 0.348191 0.663090 0.354243 0.659173 0.342851 0.649561 0.341071 0.644221 0.339290 0.637457 0.340714 0.633541 0.348191 0.615741 0.336442 0.641373 0.299418
0 0.779155 0.263328 0.785207 0.275077 0.794819 0.269737 0.799803 0.282909 0.784495 0.290385 0.770966 0.299641 0.754946 0.306761 0.756726 0.313525 0.745334 0.319221 0.739282 0.316373 0.735366 0.311389 0.724686 0.318153 0.716498 0.301065 0.750318 0.286469 0.744622 0.274365 0.767762 0.262616 0.770254 0.266889 0.779155 0.263328
0 0.735582 0.319147 0.751974 0.332479 0.739079 0.348215 0.721376 0.334446 0.735582 0.319147
4 0.511394 0.098846 0.514242 0.124123 0.494662 0.126259 0.492881 0.099914 0.511394 0.098846
0 0.486690 0.096261 0.489750 0.129910 0.477729 0.129481 0.456066 0.129287 0.448008 0.128428 0.447132 0.139098 0.447132 0.144999 0.425932 0.144780 0.426369 0.114619 0.422653 0.109593 0.425058 0.096916 0.486690 0.096261
0 0.425638 0.153456 0.476846 0.154715 0.477178 0.162563 0.479688 0.166190 0.477736 0.171768 0.478014 0.186273 0.473830 0.185994 0.473273 0.180694 0.459211 0.184231 0.459610 0.174311 0.445658 0.174558 0.444542 0.166190 0.424737 0.167305 0.425638 0.153456
0 0.424737 0.167305 0.444542 0.166190 0.445658 0.174558 0.445658 0.183662 0.459211 0.184231 0.473273 0.180694 0.473830 0.185994 0.478014 0.186273 0.478572 0.207194 0.443705 0.206357 0.443984 0.199383 0.422506 0.199941 0.423621 0.191015 0.417764 0.190457 0.418601 0.182926 0.424458 0.182926 0.424737 0.167305
0 0.435112 0.223879 0.436536 0.217471 0.445792 0.219963 0.444012 0.233491 0.447216 0.232779 0.461100 0.232779 0.460032 0.251647 0.451488 0.252003 0.446148 0.248799 0.436536 0.246307 0.435824 0.252715 0.439384 0.254139 0.439384 0.261615 0.434400 0.262683 0.431196 0.273719 0.402360 0.266955 0.410904 0.220675 0.435112 0.223879
0 0.432826 0.293718 0.431989 0.297344 0.445936 0.298739 0.446494 0.301807 0.459325 0.304039 0.452909 0.347274 0.410232 0.342253 0.411875 0.328154 0.424918 0.328638 0.433607 0.328837 0.434485 0.318875 0.427487 0.317679 0.413820 0.316850 0.413579 0.313523 0.402421 0.311012 0.406327 0.288976 0.432826 0.293718
0 0.424918 0.328638 0.411875 0.328154 0.413820 0.316850 0.427487 0.317679 0.424918 0.328638
0 0.446063 0.358207 0.443215 0.379567 0.442859 0.383483 0.452828 0.384195 0.448911 0.410896 0.400495 0.404844 0.409395 0.357139 0.422211 0.359631 0.423991 0.353223 0.446063 0.358207
0 0.462441 0.477366 0.512994 0.493030 0.503738 0.519018 0.507298 0.522578 0.492701 0.561739 0.456745 0.547855 0.469205 0.502998 0.457101 0.497302 0.462441 0.477366
0 0.427909 0.525070 0.450693 0.533615 0.440369 0.557823 0.419721 0.548923 0.427909 0.525070
0 0.325444 0.513344 0.344806 0.503276 0.341097 0.489367 0.358097 0.483494 0.365206 0.496167 0.372081 0.493408 0.383117 0.515836 0.364249 0.523312 0.364249 0.527584 0.357485 0.531500 0.348584 0.532924 0.346448 0.532212 0.336836 0.537196 0.325088 0.557488 0.283436 0.537552 0.301592 0.504444 0.315476 0.511208 0.318324 0.516904 0.325444 0.513344
0 0.320416 0.425375 0.328604 0.441039 0.314008 0.448871 0.290867 0.462755 0.279475 0.446735 0.275107 0.440244 0.276983 0.434987 0.273240 0.427942 0.280090 0.423670 0.274847 0.415050 0.321128 0.385502 0.331096 0.398318 0.325756 0.400454 0.334300 0.415762 0.320416 0.425375
0 0.292558 0.308931 0.329939 0.312136 0.325311 0.336700 0.316678 0.334655 0.315329 0.344631 0.325311 0.347024 0.322107 0.373012 0.281522 0.365892 0.292558 0.308931
0 0.291355 0.238434 0.307506 0.240068 0.313785 0.251150 0.336926 0.255066 0.324466 0.305263 0.293849 0.298855 0.298833 0.273223 0.286373 0.270375 0.289221 0.252574 0.291355 0.238434
0 0.318769 0.228366 0.324466 0.223738 0.346894 0.226942 0.343334 0.246166 0.329806 0.245098 0.313785 0.251150 0.307506 0.240068 0.318769 0.228366
0 0.328579 0.150964 0.355279 0.156304 0.346023 0.203297 0.319322 0.197601 0.328579 0.150964
0 0.286286 0.054564 0.335811 0.099546 0.317182 0.115903 0.269020 0.080463 0.286286 0.054564
0 0.397048 0.000009 0.394916 0.004564 0.408444 0.017380 0.420548 0.003496 0.429804 0.009548 0.433720 0.006344 0.442620 0.015956 0.439416 0.018092 0.444400 0.023788 0.433008 0.037672 0.425532 0.029840 0.416988 0.039808 0.411173 0.035773 0.403697 0.044040 0.390288 0.033400 0.373556 0.017736 0.367503 0.022720 0.353619 0.007768 0.362154 0.000008 0.397048 0.000009
0 0.193298 0.074419 0.250971 0.060179 0.260583 0.093643 0.256311 0.100764 0.235663 0.106104 0.229967 0.091507 0.221423 0.091863 0.200774 0.098272 0.193298 0.074419
0 0.150573 0.000006 0.155790 0.015107 0.121575 0.030614 0.109827 0.022425 0.088467 0.027765 0.080991 0.012457 0.094519 0.007117 0.105191 0.000005 0.150573 0.000006
0 0.083259 0.038406 0.055644 0.074389 0.046658 0.068948 0.035839 0.062673 0.023566 0.073831 0.012129 0.064347 0.023287 0.050679 0.030260 0.054584 0.055923 0.022506 0.083259 0.038406
0 -0.000000 0.111908 0.030513 0.110513 0.030234 0.132271 -0.000000 0.133108 -0.000000 0.111908
0 0.000150 0.284674 0.009355 0.253433 0.025534 0.259849 0.021071 0.279374 0.049244 0.288858 0.031670 0.344367 -0.000000 0.330141 0.000150 0.284674
0 0.054908 0.342052 0.063808 0.327100 0.066867 0.329076 0.078474 0.336978 0.089440 0.344544 0.080540 0.360920 0.082320 0.364124 0.067012 0.386196 0.060960 0.380856 0.055976 0.387620 0.039956 0.377296 0.049924 0.362700 0.038532 0.354512 0.048144 0.336712 0.054908 0.342052
0 0.120650 0.443176 0.145214 0.482692 0.121362 0.494440 0.111393 0.480200 0.080777 0.496576 0.068673 0.476284 0.120650 0.443176
0 -0.000000 0.512860 0.020521 0.506808 0.019453 0.501468 0.031914 0.496483 0.034406 0.506096 0.056478 0.500400 0.067514 0.528880 -0.000000 0.543832 -0.000000 0.512860
0 0.155954 0.112575 0.175037 0.139382 0.154591 0.154831 0.183670 0.191634 0.140960 0.216169 0.105974 0.164372 0.138234 0.141654 0.131873 0.128478 0.155954 0.112575
0 0.217293 0.153922 0.229106 0.170279 0.214113 0.181184 0.200482 0.164372 0.217293 0.153922
0 0.185752 0.224142 0.213468 0.244589 0.178483 0.285027 0.188933 0.311380 0.168032 0.314560 0.160308 0.293660 0.140316 0.277303 0.151675 0.259128 0.185752 0.224142
0 0.206482 0.322256 0.207550 0.361417 0.161269 0.358925 0.164117 0.335428 0.184410 0.336140 0.184766 0.320120 0.206482 0.322256
0 0.044637 0.722454 0.021465 0.719274 0.025554 0.696556 0.021919 0.693375 0.027371 0.677473 0.019647 0.667931 0.019647 0.647939 0.027826 0.637034 0.039639 0.630219 0.055088 0.633399 0.062812 0.632036 0.059177 0.622495 0.085075 0.614771 0.095526 0.652937 0.091436 0.655209 0.074171 0.661116 0.060994 0.692012 0.051453 0.694738 0.044637 0.722454
0 0.112104 0.714422 0.140940 0.719050 0.141296 0.729731 0.153756 0.731155 0.151620 0.750379 0.150196 0.753583 0.147739 0.771062 0.142009 0.771062 0.144144 0.799507 0.123140 0.803423 0.122747 0.780294 0.127523 0.779817 0.126886 0.771698 0.122981 0.771907 0.118868 0.767823 0.122428 0.746107 0.112816 0.745751 0.113528 0.735071 0.107476 0.730799 0.112104 0.714422
0 -0.000000 0.788042 0.008214 0.788042 0.010485 0.800310 0.015029 0.801219 0.026842 0.846655 -0.000000 0.852108 -0.000000 0.788042
0 0.013695 0.854143 0.024622 0.852394 0.026371 0.863541 0.015224 0.864634 0.013695 0.854143
0 0.377476 0.788756 0.393654 0.776483 0.396165 0.779830 0.405649 0.773972 0.410390 0.785409 0.423780 0.788477 0.419038 0.823623 0.416806 0.824181 0.426569 0.836733 0.430753 0.833107 0.443584 0.848449 0.423222 0.865464 0.416527 0.855422 0.409833 0.858490 0.396722 0.845659 0.383333 0.854306 0.368271 0.828644 0.384728 0.818323 0.388354 0.805492 0.377476 0.788756
0 0.078474 0.336978 0.066867 0.329076 0.067679 0.318477 0.067882 0.310990 0.083261 0.307955 0.082047 0.320501 0.082249 0.329202 0.078474 0.336978
0 0.252495 0.461938 0.253484 0.456664 0.258099 0.447435 0.268976 0.429965 0.273240 0.427942 0.276983 0.434987 0.275107 0.440244 0.273921 0.445127 0.267328 0.450401 0.265021 0.462927 0.252495 0.461938
0 0.528566 0.565604 0.528566 0.569736 0.528307 0.573868 0.527016 0.575418 0.523142 0.575418 0.518751 0.575418 0.516944 0.572061 0.516944 0.567412 0.518235 0.563538 0.520818 0.562247 0.523142 0.562247 0.528049 0.563796 0.528566 0.565604
0 0.049337 0.070578 0.055644 0.074389 0.044328 0.089683 0.037572 0.084208 0.049337 0.070578
0 0.052544 0.289563 0.057730 0.286846 0.062669 0.290550 0.063410 0.297465 0.056742 0.299441 0.051803 0.295983 0.052544 0.289563
0 -0.000000 0.357095 0.031561 0.395826 -0.000000 0.418791 -0.000000 0.357095
