1 -0.000000 0.014631 0.038714 0.036290 0.040529 0.040524 0.034480 0.054436 0.028129 0.057763 0.022685 0.055949 0.019056 0.063509 0.005272 0.071646 -0.000000 0.070924 -0.000000 0.014631
1 0.060818 0.147373 0.060091 0.132971 0.083076 0.106349 0.084822 0.106494 0.089768 0.103585 0.094278 0.098493 0.101697 0.098348 0.105043 0.101839 0.107080 0.105330 0.114063 0.110131 0.116678 0.107046 0.122377 0.112631 0.124315 0.111491 0.131154 0.117076 0.131268 0.118900 0.114818 0.135127 0.106525 0.137891 0.104343 0.136436 0.101579 0.139491 0.102161 0.142692 0.089505 0.154621 0.079903 0.157530 0.068265 0.156366 0.061573 0.149238 0.060818 0.147373
0 0.001339 0.234626 0.019349 0.219587 0.019906 0.217916 0.031418 0.208447 0.034017 0.207704 0.038102 0.213274 0.045900 0.208447 0.049057 0.208632 0.057534 0.219674 0.060392 0.217530 0.062892 0.218781 0.076982 0.237143 0.077250 0.239197 0.063149 0.249422 0.052434 0.257173 0.050041 0.256831 0.034083 0.236200 0.029865 0.238821 0.027814 0.240987 0.015915 0.251166 0.012278 0.251166 0.001804 0.238364 0.001513 0.235018 0.001339 0.234626
0 0.077863 0.301164 0.078337 0.298557 0.099427 0.285761 0.108431 0.284813 0.117673 0.279363 0.120517 0.280074 0.146109 0.324149 0.145398 0.335050 0.125730 0.345476 0.115066 0.351875 0.109853 0.349979 0.094450 0.321780 0.089237 0.323912 0.077863 0.302348 0.077863 0.301164
1 0.090764 0.077230 0.096729 0.069519 0.099493 0.070101 0.102839 0.074320 0.102402 0.077084 0.099638 0.081885 0.096438 0.085231 0.092510 0.083776 0.090764 0.078975 0.090764 0.077230
0 0.036766 0.336450 0.044935 0.332179 0.046792 0.332736 0.050691 0.339049 0.053476 0.338492 0.060903 0.358916 0.059232 0.362258 0.047906 0.368014 0.042336 0.365229 0.036208 0.349447 0.038808 0.344434 0.036766 0.337564 0.036766 0.336450
0 0.014739 0.385170 0.031991 0.391208 0.034174 0.394263 0.030682 0.403719 0.039120 0.407065 0.040865 0.400082 0.042175 0.397609 0.050176 0.400082 0.051340 0.402119 0.048576 0.410993 0.046103 0.412157 0.041884 0.412157 0.038683 0.421613 0.035628 0.424231 0.031700 0.425104 0.023408 0.422049 0.019044 0.435869 0.015698 0.437324 -0.000000 0.430487 -0.000000 0.424522 0.013516 0.385825 0.014739 0.385170
0 0.034356 0.434489 0.050469 0.440413 0.051417 0.445153 0.041465 0.465058 0.036251 0.467191 0.023218 0.464110 0.021796 0.460792 0.032223 0.435674 0.034356 0.434489
0 0.001314 0.535644 0.035266 0.509960 0.039455 0.510070 0.055769 0.528259 0.056431 0.532668 0.031518 0.552620 0.029313 0.553061 0.020054 0.542699 0.012117 0.548431 0.008920 0.547549 0.001645 0.537187 0.001314 0.535644
0 0.017714 0.567572 0.062603 0.562006 0.067092 0.566315 0.067810 0.590376 0.067990 0.596122 0.064758 0.599354 0.042852 0.601150 0.041236 0.595404 0.026691 0.594506 0.024357 0.590915 0.018611 0.582835 0.016995 0.569009 0.017714 0.567572
0 -0.000000 0.609504 0.007534 0.605134 0.021093 0.605244 0.031014 0.615386 0.035643 0.613843 0.046115 0.628283 0.047108 0.637653 0.022984 0.653743 0.018685 0.651979 -0.000000 0.619954 -0.000000 0.609504
0 -0.000000 0.657546 0.002239 0.658576 0.002598 0.663424 0.005111 0.665399 0.005111 0.667733 -0.000000 0.683194 -0.000000 0.657546
0 -0.000000 0.732684 0.001651 0.727613 0.002974 0.727282 0.055377 0.742589 0.058586 0.750152 0.028935 0.839099 0.012511 0.852911 -0.000000 0.850471 -0.000000 0.732684
0 0.052490 0.815088 0.040341 0.860481 0.036750 0.863175 0.029208 0.860302 0.026156 0.853658 0.040186 0.810811 0.052490 0.815088
0 0.058047 0.794336 0.052617 0.814619 0.040342 0.810352 0.046963 0.790127 0.058047 0.794336
0 0.063623 0.773516 0.058174 0.793857 0.047109 0.789658 0.053721 0.769482 0.063623 0.773516
0 0.065053 0.764514 0.065412 0.766849 0.063750 0.773037 0.053877 0.769023 0.056293 0.761644 0.057691 0.761462 0.065053 0.764514
0 0.011688 0.876306 0.042167 0.885931 0.045146 0.888451 0.022459 0.958805 0.016730 0.964076 -0.000000 0.959640 -0.000000 0.911512 0.011688 0.876306
0 0.116563 0.906530 0.147172 0.913622 0.152398 0.917728 0.147172 0.961030 0.143439 0.965509 0.108724 0.958417 0.104244 0.953191 0.113203 0.906530 0.116563 0.906530
0 0.203187 0.979722 0.204803 0.967871 0.208754 0.964280 0.265135 0.982775 0.266392 0.987802 0.284707 0.993728 0.286861 0.986186 0.289734 0.986186 0.291889 0.987982 0.291992 0.999008 0.254065 0.999007 0.204085 0.982416 0.203187 0.979722
0 0.294604 0.853153 0.302342 0.851043 0.304734 0.851465 0.307548 0.859625 0.306985 0.862439 0.299810 0.865675 0.297981 0.864549 0.295026 0.854138 0.294604 0.853153
0 0.264108 0.822198 0.279909 0.818248 0.281884 0.819685 0.291580 0.861522 0.290682 0.862958 0.287091 0.864215 0.289605 0.873193 0.289246 0.875168 0.278831 0.879118 0.275599 0.878041 0.273445 0.868165 0.265185 0.870859 0.261953 0.868524 0.256387 0.846798 0.256028 0.845361 0.262492 0.843207 0.261773 0.837461 0.266442 0.835306 0.263389 0.824174 0.264108 0.822198
0 0.137779 0.829730 0.150528 0.832064 0.153221 0.836194 0.150887 0.852893 0.145860 0.856843 0.134188 0.855586 0.132572 0.851277 0.136523 0.830448 0.137779 0.829730
0 0.231910 0.723061 0.242324 0.718931 0.244659 0.719470 0.245916 0.723959 0.254355 0.720188 0.250764 0.713544 0.251123 0.709414 0.260998 0.706182 0.265667 0.707619 0.271054 0.718213 0.278954 0.716238 0.281468 0.718931 0.284700 0.730064 0.280570 0.732937 0.282366 0.739760 0.282007 0.742992 0.276261 0.745506 0.272670 0.744608 0.268899 0.736348 0.259921 0.739221 0.260280 0.741735 0.258664 0.742633 0.252739 0.745865 0.248609 0.742453 0.236758 0.746403 0.232090 0.746403 0.228858 0.737964 0.229037 0.736528 0.235142 0.732757 0.231731 0.724138 0.231910 0.723061
0 0.359280 0.763577 0.384946 0.771598 0.385863 0.772515 0.383800 0.781681 0.380821 0.791077 0.378071 0.800473 0.374175 0.803223 0.356300 0.799098 0.338655 0.793369 0.337509 0.792452 0.337738 0.782827 0.342330 0.775952 0.352405 0.778473 0.354821 0.770999 0.356962 0.764833 0.359280 0.763577
0 0.438313 0.776340 0.448396 0.778632 0.449542 0.780465 0.447250 0.789632 0.453208 0.794903 0.456417 0.796736 0.448854 0.821028 0.446563 0.826299 0.442208 0.827903 0.418146 0.819882 0.415625 0.810945 0.422271 0.791236 0.428917 0.792153 0.431438 0.787570 0.435334 0.787340 0.436709 0.778632 0.438313 0.776340
0 0.434740 0.667768 0.475320 0.681773 0.476577 0.684826 0.470472 0.707630 0.467599 0.710682 0.413911 0.692008 0.412834 0.688058 0.414450 0.679798 0.421632 0.675130 0.428814 0.677284 0.431148 0.669204 0.434740 0.667768
0 0.516691 0.699347 0.530517 0.699527 0.531953 0.701322 0.531774 0.711198 0.529619 0.711737 0.518307 0.712455 0.515075 0.709582 0.515434 0.700963 0.516691 0.699347
0 0.534950 0.701578 0.558902 0.701890 0.560731 0.703578 0.560872 0.708784 0.564248 0.708221 0.564248 0.734670 0.558340 0.739735 0.540050 0.739876 0.538362 0.735936 0.538080 0.721446 0.533860 0.718913 0.533860 0.702875 0.534950 0.701578
1 0.533404 0.746579 0.562668 0.750096 0.564496 0.754598 0.560979 0.773591 0.557040 0.774716 0.554508 0.780062 0.543572 0.770114 0.539454 0.781891 0.536500 0.788644 0.534248 0.790895 0.523134 0.789770 0.520039 0.786534 0.522571 0.771621 0.519195 0.763039 0.522290 0.756567 0.531857 0.757834 0.532701 0.747704 0.533404 0.746579
3 0.520663 0.793156 0.551546 0.801236 0.553701 0.802493 0.552983 0.814523 0.556933 0.814703 0.551906 0.834274 0.548853 0.834993 0.546698 0.839661 0.538080 0.842354 0.530538 0.837686 0.531077 0.830863 0.528383 0.827092 0.532513 0.812548 0.517430 0.808777 0.516712 0.806622 0.519765 0.793515 0.520663 0.793156
3 0.528677 0.848085 0.550763 0.852933 0.551122 0.856525 0.547172 0.869273 0.550942 0.871248 0.547221 0.891678 0.543989 0.896167 0.536807 0.896705 0.496227 0.885752 0.495150 0.883059 0.499459 0.866001 0.501434 0.864385 0.519210 0.869412 0.526931 0.849661 0.528677 0.848085
0 0.559324 0.920921 0.578803 0.919546 0.580636 0.921379 0.581324 0.965608 0.558178 0.981879 0.555886 0.982337 0.543740 0.964691 0.543740 0.961483 0.560240 0.952316 0.558865 0.922296 0.559324 0.920921
0 0.582765 0.999009 0.582131 0.996792 0.586944 0.982813 0.590152 0.981438 0.602986 0.986938 0.603673 0.989229 0.597431 0.999009 0.582765 0.999009
0 0.468505 0.916669 0.480496 0.919009 0.481666 0.916376 0.524953 0.923103 0.525831 0.924566 0.524661 0.947087 0.522613 0.950304 0.484883 0.947672 0.482251 0.940945 0.466750 0.937727 0.465287 0.934803 0.467042 0.918131 0.468505 0.916669
0 0.441131 0.999009 0.446317 0.984558 0.449728 0.982942 0.466607 0.987790 0.479060 0.999009 0.441131 0.999009
0 0.378949 0.526376 0.432356 0.528218 0.436023 0.531197 0.435565 0.546322 0.431898 0.547927 0.415857 0.548385 0.415398 0.563968 0.412419 0.567864 0.405086 0.567406 0.382398 0.567864 0.376898 0.565114 0.377357 0.529364 0.378949 0.526376
0 0.463662 0.505984 0.465953 0.502088 0.469620 0.500713 0.475807 0.501400 0.479245 0.505067 0.479474 0.509880 0.476495 0.516067 0.469162 0.517671 0.463662 0.513775 0.463203 0.507588 0.463662 0.505984
0 0.457899 0.418468 0.461431 0.414936 0.477490 0.416143 0.473329 0.463529 0.469819 0.466454 0.459875 0.464699 0.459582 0.455047 0.453733 0.453000 0.448761 0.457972 0.430627 0.456802 0.435117 0.421719 0.441582 0.413828 0.457899 0.418468
0 0.433552 0.390116 0.433259 0.395966 0.441156 0.398891 0.444666 0.405910 0.454025 0.409127 0.457828 0.401523 0.478594 0.403570 0.477529 0.415654 0.461244 0.414433 0.457756 0.417920 0.431908 0.410577 0.428645 0.415418 0.407161 0.413125 0.405169 0.408985 0.406351 0.387191 0.406936 0.385729 0.433552 0.390116
0 0.904636 0.648289 0.913614 0.638234 0.915948 0.638054 0.933006 0.652239 0.932468 0.654933 0.926363 0.660499 0.924028 0.661038 0.916846 0.657806 0.914691 0.658344 0.904995 0.648648 0.904636 0.648289
0 0.917758 0.659768 0.930214 0.669248 0.931317 0.672334 0.915660 0.691701 0.903727 0.705567 0.907165 0.709233 0.907852 0.711754 0.895707 0.724129 0.891123 0.724358 0.877144 0.711067 0.877373 0.706942 0.891123 0.688379 0.886769 0.684483 0.886769 0.680129 0.890436 0.676692 0.895477 0.681504 0.897317 0.681912 0.909838 0.668124 0.915606 0.661231 0.917758 0.659768
0 0.885574 0.671659 0.895384 0.659358 0.898035 0.659252 0.906678 0.665986 0.906837 0.668266 0.899678 0.677651 0.896974 0.678870 0.889551 0.672826 0.887642 0.673515 0.886210 0.672030 0.885574 0.671659
0 0.954879 0.616372 0.968617 0.612176 0.970782 0.613462 0.974437 0.624357 0.974030 0.626455 0.970241 0.630380 0.961511 0.632207 0.960496 0.631463 0.955150 0.617454 0.954879 0.616372
0 0.960258 0.635136 0.993165 0.624167 0.994634 0.625635 0.998861 0.639650 0.998861 0.659084 0.986105 0.664188 0.972944 0.664481 0.959782 0.637572 0.960258 0.635136
0 0.983531 0.614486 0.987665 0.615462 0.988251 0.617025 0.987633 0.619792 0.986265 0.620670 0.982652 0.619857 0.981838 0.617969 0.982880 0.614648 0.983531 0.614486
0 0.825883 0.681452 0.843480 0.682350 0.845455 0.687916 0.844018 0.691507 0.830911 0.691328 0.826781 0.686659 0.826422 0.681991 0.825883 0.681452
0 0.862164 0.617426 0.876604 0.616213 0.876715 0.619631 0.876164 0.625804 0.875392 0.627457 0.862054 0.628890 0.859188 0.627457 0.861613 0.617205 0.862164 0.617426
0 0.839785 0.610278 0.845887 0.609097 0.847355 0.610220 0.848996 0.618770 0.848305 0.619202 0.840446 0.618598 0.838977 0.610911 0.839785 0.610278
0 0.846103 0.520379 0.857056 0.516070 0.861185 0.516070 0.864956 0.531512 0.869625 0.553239 0.866752 0.556291 0.859749 0.556291 0.855260 0.537078 0.851489 0.537437 0.844846 0.522534 0.846103 0.520379
0 0.788686 0.413151 0.797690 0.407664 0.799941 0.408508 0.824562 0.447901 0.823717 0.451418 0.817386 0.455076 0.814713 0.455217 0.787842 0.416246 0.788686 0.413151
0 0.922100 0.464798 0.944606 0.451605 0.950814 0.459366 0.962454 0.453157 0.982632 0.476439 0.986512 0.488855 0.984960 0.501272 0.964007 0.509808 0.950038 0.509032 0.922877 0.473334 0.922100 0.464798
0 0.872228 0.400568 0.903522 0.383052 0.911085 0.386031 0.917502 0.399094 0.929418 0.392219 0.936981 0.394739 0.950960 0.428198 0.949814 0.433927 0.935606 0.433698 0.899627 0.451573 0.891835 0.450427 0.870523 0.404594 0.872228 0.400568
0 0.866256 0.334200 0.903693 0.328936 0.909250 0.332445 0.912468 0.366666 0.909250 0.374270 0.878832 0.378365 0.868303 0.373393 0.864793 0.336248 0.866256 0.334200
0 0.850136 0.209735 0.886586 0.205605 0.890536 0.209197 0.892332 0.246365 0.889279 0.260191 0.862705 0.264141 0.855163 0.255522 0.848340 0.212429 0.850136 0.209735
0 0.761038 0.181421 0.783726 0.178900 0.787393 0.182796 0.792434 0.217859 0.790601 0.221984 0.776163 0.224734 0.776851 0.229317 0.765622 0.230921 0.764476 0.225880 0.755997 0.227025 0.753247 0.224046 0.749580 0.201588 0.758288 0.196546 0.763559 0.194255 0.761268 0.183713 0.761038 0.181421
0 0.738123 0.172013 0.748357 0.163754 0.755001 0.164113 0.758053 0.166806 0.758233 0.177759 0.756078 0.182607 0.749076 0.183864 0.739200 0.175425 0.738123 0.172013
0 0.820497 0.038018 0.846608 0.033555 0.851792 0.041235 0.852377 0.057322 0.847990 0.061709 0.848867 0.081013 0.846820 0.084522 0.835998 0.089787 0.823714 0.087740 0.818742 0.040065 0.820497 0.038018
0 0.866235 0.000006 0.862332 0.007853 0.859459 0.008212 0.858023 0.018447 0.855150 0.021140 0.824086 0.022936 0.821932 0.021859 0.821932 0.007135 0.825702 0.007135 0.841863 0.006596 0.841431 0.000006 0.866235 0.000006
1 0.559668 0.004050 0.568045 0.004050 0.568045 0.005704 0.580281 0.005814 0.580061 0.000009 0.591966 0.000009 0.591635 0.026538 0.589210 0.027861 0.578958 0.027750 0.577856 0.026538 0.577966 0.019373 0.561541 0.020255 0.559888 0.019152 0.559227 0.004381 0.559668 0.004050
1 0.532313 0.008731 0.543804 0.007833 0.545600 0.010168 0.545600 0.013759 0.544882 0.015734 0.534467 0.015554 0.532672 0.014118 0.532492 0.009090 0.532313 0.008731
1 0.496042 0.008193 0.522257 0.006936 0.525130 0.009449 0.528901 0.010168 0.529260 0.028123 0.527465 0.029739 0.523514 0.030278 0.522078 0.028123 0.520462 0.015914 0.496581 0.017350 0.495503 0.008911 0.496042 0.008193
1 0.467945 0.009009 0.491553 0.008013 0.494543 0.009531 0.495287 0.016502 0.494407 0.016975 0.467980 0.018410 0.467397 0.017456 0.467238 0.009396 0.467945 0.009009
1 0.462451 0.020074 0.513158 0.019743 0.514922 0.020625 0.515473 0.027900 0.514371 0.029223 0.463774 0.028231 0.462010 0.025806 0.462010 0.020625 0.462451 0.020074
1 0.558105 0.045437 0.563978 0.045351 0.565014 0.045956 0.564928 0.049670 0.563892 0.050965 0.559228 0.050879 0.557759 0.050188 0.557673 0.045869 0.558105 0.045437
1 0.572701 0.044660 0.581425 0.044142 0.582375 0.044919 0.583152 0.048460 0.582548 0.049497 0.574170 0.050015 0.572615 0.049497 0.572442 0.045437 0.572701 0.044660
0 0.622435 0.213650 0.625963 0.208028 0.627506 0.207477 0.632025 0.209791 0.632136 0.211886 0.629711 0.215744 0.627947 0.216185 0.622656 0.213980 0.622435 0.213650
0 0.628718 0.202296 0.634010 0.195461 0.635773 0.195020 0.640183 0.197997 0.640403 0.199540 0.635553 0.207587 0.633899 0.207917 0.627175 0.203949 0.628718 0.202296
0 0.604598 0.163276 0.617448 0.162823 0.621573 0.164656 0.619969 0.175198 0.614927 0.179781 0.606448 0.178635 0.603469 0.164656 0.604598 0.163276
0 0.583022 0.164422 0.596669 0.163577 0.598357 0.164844 0.597935 0.178631 0.595966 0.180882 0.586118 0.181304 0.584148 0.180179 0.582600 0.165969 0.583022 0.164422
0 0.591110 0.181691 0.600761 0.181002 0.602669 0.182275 0.603412 0.191130 0.602404 0.193410 0.591269 0.194046 0.590103 0.192614 0.590050 0.181956 0.591110 0.181691
0 0.560785 0.165003 0.574605 0.164312 0.576591 0.166558 0.577628 0.179686 0.576332 0.182795 0.563636 0.182795 0.561563 0.181327 0.560267 0.165867 0.560785 0.165003
0 0.571466 0.184406 0.579843 0.183965 0.580835 0.184957 0.581387 0.200941 0.581056 0.202594 0.570363 0.203807 0.569151 0.203035 0.569040 0.196201 0.570363 0.185398 0.571466 0.184406
0 0.545614 0.201465 0.553661 0.201465 0.556638 0.202898 0.557078 0.213040 0.553441 0.217008 0.546606 0.217559 0.543299 0.213701 0.543189 0.201575 0.545614 0.201465
0 0.537611 0.167380 0.552873 0.167919 0.555028 0.170074 0.554669 0.189466 0.552873 0.192698 0.538688 0.193596 0.536713 0.191800 0.536713 0.168278 0.537611 0.167380
1 0.490677 0.253769 0.515427 0.250790 0.520239 0.252852 0.522989 0.274852 0.519323 0.283790 0.496177 0.285852 0.491594 0.282186 0.489531 0.254227 0.490677 0.253769
0 0.737202 0.311646 0.744764 0.304542 0.757139 0.310501 0.756910 0.313938 0.752326 0.317376 0.745222 0.318751 0.736972 0.312792 0.737202 0.311646
3 0.408788 0.274430 0.416807 0.277244 0.420183 0.279214 0.417229 0.289343 0.415541 0.290891 0.405692 0.287796 0.405552 0.285123 0.408084 0.275697 0.408788 0.274430
3 0.421284 0.294360 0.445560 0.299625 0.449070 0.306645 0.443513 0.331506 0.439418 0.334430 0.417774 0.329458 0.412802 0.320391 0.418652 0.293776 0.421284 0.294360
0 0.507518 0.357773 0.517278 0.358810 0.518141 0.360364 0.518055 0.371074 0.516587 0.372456 0.506481 0.371765 0.505186 0.370124 0.506136 0.358464 0.507518 0.357773
0 0.487463 0.167715 0.501759 0.166787 0.503802 0.169572 0.503059 0.180526 0.501202 0.182569 0.490062 0.183311 0.487091 0.180341 0.486906 0.168458 0.487463 0.167715
0 0.468710 0.163630 0.479293 0.163445 0.481893 0.164187 0.484121 0.175328 0.483192 0.176442 0.472795 0.176813 0.470938 0.175328 0.469824 0.164187 0.468710 0.163630
0 0.434918 0.167344 0.449586 0.166973 0.450700 0.169572 0.468212 0.168987 0.469462 0.171487 0.470600 0.185828 0.469873 0.187574 0.438159 0.185974 0.435686 0.183646 0.434231 0.167935 0.434918 0.167344
0 0.416550 0.169693 0.429934 0.169693 0.431534 0.172166 0.431970 0.181477 0.429206 0.183659 0.418005 0.183804 0.415386 0.181186 0.414513 0.171875 0.416550 0.169693
0 0.473128 0.197139 0.475892 0.194230 0.479238 0.196266 0.483457 0.196994 0.487094 0.195102 0.490149 0.195393 0.490731 0.204849 0.488694 0.207177 0.476474 0.208341 0.474001 0.205286 0.473564 0.197575 0.473128 0.197139
0 0.491207 0.197986 0.501423 0.197776 0.503593 0.199736 0.503733 0.205754 0.502823 0.207293 0.492396 0.208273 0.491207 0.207153 0.490787 0.198826 0.491207 0.197986
0 0.803556 0.275864 0.810553 0.274465 0.812513 0.276144 0.814052 0.280413 0.813002 0.281952 0.805865 0.283002 0.803206 0.282302 0.802646 0.276284 0.803556 0.275864
0 0.373013 0.424031 0.380997 0.424402 0.382668 0.427559 0.381368 0.444640 0.378769 0.450211 0.371342 0.451510 0.369300 0.447425 0.371342 0.424588 0.373013 0.424031
0 0.860111 0.510359 0.893523 0.502776 0.895656 0.505145 0.900158 0.525287 0.898025 0.529079 0.888784 0.531685 0.867997 0.532193 0.865945 0.530483 0.860421 0.511344 0.860111 0.510359
0 0.472337 0.178988 0.474715 0.178036 0.477252 0.177878 0.480581 0.179146 0.482167 0.181208 0.482484 0.184379 0.480899 0.186757 0.478837 0.187708 0.473922 0.187391 0.471710 0.185353 0.470910 0.179781 0.472337 0.178988
0 0.816046 0.110952 0.848574 0.109701 0.848157 0.148484 0.822302 0.144731 0.816046 0.110952
