0 0.998878 0.038696 0.987272 0.039501 0.987455 0.054413 0.956682 0.056764 0.955374 0.030967 0.955357 0.019739 0.998878 0.018201 0.998878 0.038696
0 0.936440 0.142325 0.959933 0.144448 0.958717 0.158733 0.963124 0.159645 0.962516 0.163748 0.969050 0.164355 0.966315 0.189141 0.956710 0.188264 0.955934 0.196797 0.931086 0.195040 0.936440 0.142325
0 0.892125 0.145208 0.900659 0.145596 0.900271 0.160335 0.891738 0.159948 0.892125 0.145208
0 0.891663 0.167556 0.891918 0.184980 0.884174 0.185249 0.883918 0.167723 0.891663 0.167556
0 0.929401 0.230155 0.939030 0.229633 0.939160 0.224110 0.960200 0.223615 0.960448 0.228813 0.967131 0.228688 0.967411 0.231167 0.974062 0.230919 0.974805 0.257032 0.954260 0.258022 0.954377 0.255885 0.929323 0.257032 0.929401 0.230155
0 0.961583 0.272320 0.961583 0.265338 0.985439 0.264174 0.986602 0.285508 0.975159 0.285896 0.975547 0.291714 0.969535 0.292102 0.969923 0.295399 0.964686 0.295787 0.964830 0.301850 0.931004 0.303801 0.929789 0.273560 0.961583 0.272320
0 0.998878 0.340841 0.998727 0.340813 0.998132 0.348195 0.981939 0.346409 0.983367 0.334383 0.979557 0.334026 0.981407 0.318468 0.984077 0.318972 0.984820 0.315259 0.982097 0.314764 0.985315 0.296942 0.998878 0.298542 0.998878 0.340841
0 0.969809 0.361824 0.983709 0.362263 0.983158 0.379685 0.969561 0.379038 0.969809 0.361824
0 0.998878 0.397447 0.980911 0.383318 0.985662 0.377567 0.998878 0.388087 0.998878 0.397447
0 0.831824 0.889213 0.840029 0.889022 0.840220 0.899136 0.832206 0.899136 0.831824 0.889213
0 0.998878 0.919353 0.991620 0.917324 0.996742 0.894747 0.998878 0.894977 0.998878 0.919353
0 0.973282 0.984992 0.976159 0.984992 0.976159 0.985855 0.982991 0.985927 0.983063 0.991896 0.982128 0.991896 0.982056 0.995780 0.978245 0.995780 0.978173 0.994773 0.976087 0.994701 0.976159 0.993479 0.972347 0.993335 0.972491 0.988533 0.973282 0.988516 0.973282 0.984992
