0 0.077978 0.000005 0.063580 0.011772 0.057161 0.003004 0.038687 0.015686 0.041505 0.020069 0.014108 0.037917 -0.000000 0.016155 -0.000000 0.000003 0.077978 0.000005
0 0.247497 0.000007 0.259227 0.007506 0.263611 0.003436 0.278640 0.017213 0.257035 0.042889 0.216956 0.009698 0.221036 0.000007 0.247497 0.000007
0 0.296734 0.000008 0.295199 0.003388 0.271940 0.003388 0.269446 0.000008 0.296734 0.000008
0 0.348855 0.024431 0.368270 0.024046 0.368558 0.027987 0.383648 0.027987 0.383936 0.030390 0.389799 0.030486 0.389799 0.033369 0.398161 0.033850 0.397882 0.063449 0.358996 0.061486 0.359486 0.064553 0.337897 0.065902 0.338633 0.049464 0.334462 0.049587 0.334217 0.034499 0.348569 0.034131 0.348855 0.024431
0 0.243597 0.074069 0.263305 0.076313 0.262605 0.083476 0.272504 0.085398 0.271255 0.098085 0.274811 0.098277 0.273658 0.113848 0.268852 0.113271 0.265665 0.138636 0.225970 0.134311 0.231483 0.079802 0.243136 0.080784 0.243597 0.074069
0 0.551164 0.048666 0.574471 0.049138 0.574205 0.077953 0.585124 0.077802 0.584823 0.073886 0.602521 0.073961 0.603698 0.120348 0.581668 0.120647 0.582036 0.101878 0.550878 0.101878 0.551164 0.048666
0 0.619633 0.088706 0.658765 0.079996 0.675335 0.148864 0.650433 0.154630 0.644667 0.128747 0.617312 0.135125 0.610628 0.098794 0.622066 0.097160 0.619633 0.088706
0 0.720945 0.070055 0.734071 0.047238 0.761671 0.062572 0.754066 0.076065 0.759095 0.092135 0.756151 0.101458 0.748423 0.103666 0.743148 0.111762 0.730636 0.107591 0.723398 0.118754 0.704875 0.108327 0.711500 0.095447 0.698742 0.088455 0.712358 0.064780 0.720945 0.070055
0 0.785305 0.000007 0.803699 0.016901 0.786634 0.033183 0.791174 0.038506 0.768160 0.056667 0.746868 0.028956 0.780429 0.000007 0.785305 0.000007
0 0.813706 0.024565 0.865829 0.000006 0.865843 0.000006 0.892143 0.050867 0.869731 0.062963 0.837917 0.079014 0.826191 0.057100 0.829940 0.055274 0.813706 0.024565
0 0.865825 0.000006 0.846042 0.006944 0.845060 0.004859 0.837455 0.007557 0.836474 0.005349 0.831689 0.007189 0.828993 0.000006 0.865825 0.000006
0 0.900135 0.000005 0.906018 0.007145 0.914476 0.000005 0.951845 0.000004 0.939952 0.008236 0.939461 0.021484 0.930261 0.026513 0.929034 0.047980 0.927317 0.054359 0.918853 0.062455 0.911492 0.062087 0.906954 0.060370 0.902538 0.054727 0.891297 0.022724 0.874860 0.000153 0.899314 0.000005 0.900135 0.000005
0 -0.000000 0.174882 0.003259 0.173111 0.004203 0.174705 0.020253 0.167211 0.025150 0.176888 0.023439 0.177773 0.034602 0.201229 0.022327 0.208233 0.018712 0.200702 0.004630 0.208158 -0.000000 0.196334 -0.000000 0.174882
0 0.042465 0.182438 0.053794 0.182143 0.053853 0.178720 0.067955 0.178425 0.068073 0.182851 0.084477 0.183205 0.084536 0.188692 0.093597 0.188837 0.093597 0.206007 0.105242 0.205543 0.106494 0.223391 0.084889 0.223235 0.085046 0.218851 0.068763 0.218851 0.068763 0.213841 0.059683 0.213841 0.059526 0.221356 0.041052 0.220573 0.042465 0.182438
0 0.113283 0.190551 0.125059 0.189447 0.124323 0.180124 0.150206 0.179511 0.149961 0.176076 0.175721 0.175953 0.176335 0.183436 0.174127 0.183927 0.175231 0.198892 0.176948 0.198892 0.178052 0.216066 0.167748 0.216066 0.168238 0.221463 0.154500 0.221831 0.154745 0.227229 0.112670 0.227965 0.113283 0.190551
0 0.205828 0.192898 0.240394 0.193350 0.240695 0.197416 0.248226 0.197642 0.248000 0.212056 0.241981 0.211997 0.242217 0.217307 0.236671 0.217189 0.236848 0.222972 0.202719 0.222147 0.203333 0.206813 0.206032 0.206813 0.205828 0.192898
0 0.413641 0.203513 0.434051 0.209451 0.438713 0.207120 0.443742 0.207120 0.445705 0.208715 0.447422 0.211413 0.448035 0.213376 0.456745 0.216565 0.457603 0.213989 0.476004 0.220859 0.466780 0.251632 0.453615 0.247172 0.454309 0.244537 0.449871 0.243381 0.447374 0.245045 0.445201 0.245138 0.441549 0.244259 0.440208 0.243011 0.439237 0.241162 0.438590 0.239035 0.438312 0.237556 0.435955 0.236955 0.428061 0.235246 0.427553 0.237142 0.415857 0.234674 0.416857 0.231077 0.408864 0.228879 0.413641 0.203513
0 0.506954 0.248286 0.526384 0.254084 0.524350 0.265456 0.519004 0.264929 0.517271 0.276225 0.500327 0.273363 0.501909 0.261464 0.504318 0.262293 0.506954 0.248286
0 0.563264 0.262097 0.572299 0.266807 0.574990 0.264020 0.606323 0.279879 0.604113 0.283242 0.613148 0.289009 0.602094 0.317940 0.556729 0.296698 0.562495 0.283146 0.553688 0.279673 0.563264 0.262097
0 0.287404 0.341989 0.326780 0.312303 0.340764 0.329477 0.330460 0.337082 0.338311 0.347386 0.303228 0.372411 0.287404 0.341989
0 0.383658 0.339276 0.403653 0.324065 0.416288 0.337190 0.422912 0.331793 0.429904 0.340502 0.450757 0.324923 0.463883 0.341484 0.407300 0.384131 0.397609 0.368797 0.401289 0.365485 0.383658 0.339276
0 0.501506 0.384271 0.503314 0.371167 0.526584 0.374933 0.524249 0.390973 0.522686 0.409318 0.515954 0.418086 0.492470 0.432959 0.472900 0.431393 0.465385 0.429984 0.457087 0.415424 0.477597 0.403213 0.484329 0.408066 0.491061 0.400708 0.494505 0.401804 0.496854 0.384582 0.501506 0.384271
0 -0.000000 0.391751 0.010918 0.387334 0.007851 0.379974 0.037537 0.371756 0.045388 0.394695 0.032017 0.399233 0.039132 0.417634 0.031771 0.419964 0.034838 0.425484 -0.000000 0.438365 -0.000000 0.391751
0 0.180298 0.429033 0.187219 0.421728 0.182797 0.413846 0.188084 0.406542 0.196638 0.402793 0.200194 0.407407 0.204423 0.412213 0.211920 0.421536 0.212977 0.426053 0.208075 0.428936 0.212689 0.435376 0.218840 0.440470 0.218263 0.454022 0.211439 0.459597 0.208652 0.468920 0.192985 0.473918 0.189237 0.481222 0.165305 0.479204 0.165785 0.451427 0.166870 0.440732 0.166502 0.431287 0.168465 0.427607 0.172268 0.427361 0.176193 0.428465 0.180298 0.429033
0 0.265899 0.387212 0.274363 0.391873 0.277675 0.398375 0.281232 0.412727 0.288470 0.411623 0.293102 0.439504 0.284178 0.442165 0.284648 0.461422 0.241124 0.473321 0.234549 0.450776 0.261320 0.440287 0.264765 0.429484 0.259598 0.416646 0.255528 0.411480 0.253962 0.402712 0.255997 0.395197 0.265899 0.387212
0 0.114769 0.462115 0.133556 0.444111 0.155005 0.467595 0.134808 0.487165 0.114769 0.462115
0 0.013559 0.704331 0.059723 0.701770 0.063086 0.735444 0.048243 0.735444 0.049102 0.752126 0.014509 0.754580 0.013559 0.704331
0 -0.000000 0.700128 0.008085 0.701109 0.010813 0.748431 -0.000000 0.747022 -0.000000 0.700128
0 0.073134 0.710943 0.076200 0.710943 0.077059 0.707999 0.080003 0.707263 0.082211 0.707631 0.084787 0.710084 0.121833 0.708612 0.123428 0.745535 0.073992 0.749461 0.073134 0.710943
0 0.123587 0.700689 0.128181 0.698128 0.132247 0.698354 0.135034 0.700086 0.136013 0.703023 0.135636 0.705283 0.169525 0.704078 0.170504 0.723432 0.147489 0.724320 0.149084 0.742475 0.125532 0.744315 0.123587 0.700689
0 0.187665 0.712645 0.200299 0.711663 0.199931 0.697924 0.215388 0.697679 0.215142 0.689215 0.236961 0.687091 0.239553 0.739754 0.213425 0.741349 0.213180 0.733989 0.186438 0.735952 0.187665 0.712645
0 0.249654 0.685042 0.270213 0.684440 0.269987 0.681578 0.278949 0.681277 0.278874 0.683988 0.297625 0.683461 0.301589 0.722536 0.299258 0.726093 0.297909 0.737869 0.276564 0.737501 0.275215 0.719592 0.249945 0.719837 0.249654 0.685042
0 0.547263 0.466706 0.552430 0.451676 0.580297 0.462948 0.582489 0.474534 0.579984 0.486432 0.583429 0.487372 0.574661 0.514926 0.553526 0.509760 0.556187 0.500836 0.525815 0.491286 0.533173 0.469994 0.537400 0.471246 0.540218 0.464514 0.547263 0.466706
0 0.631594 0.407957 0.642553 0.398407 0.653982 0.411402 0.665568 0.407018 0.669482 0.416255 0.696566 0.407331 0.703299 0.426588 0.710970 0.424709 0.719737 0.453673 0.706899 0.456491 0.701576 0.434103 0.692809 0.436295 0.694531 0.450228 0.663689 0.458369 0.663063 0.461188 0.646937 0.461344 0.648503 0.435668 0.631594 0.407957
0 0.661205 0.480853 0.686283 0.481681 0.686433 0.485221 0.706465 0.485672 0.706917 0.482359 0.718816 0.482585 0.718515 0.492074 0.724614 0.492300 0.724957 0.509776 0.717941 0.509487 0.717460 0.532266 0.709002 0.531882 0.709579 0.530056 0.701698 0.530152 0.701698 0.536207 0.684782 0.534477 0.685935 0.512947 0.680168 0.513043 0.680168 0.504201 0.671037 0.503720 0.671614 0.495455 0.660753 0.495455 0.661205 0.480853
0 0.656345 0.559340 0.666604 0.564159 0.662989 0.569732 0.669315 0.573573 0.674285 0.565440 0.682042 0.570335 0.680084 0.574778 0.687464 0.578543 0.688594 0.575757 0.707722 0.573799 0.710977 0.588210 0.706438 0.588946 0.709750 0.605016 0.673931 0.611640 0.657002 0.603053 0.655040 0.584408 0.643264 0.578397 0.656345 0.559340
0 0.706110 0.702436 0.717557 0.705976 0.716849 0.707687 0.725995 0.710992 0.725228 0.713293 0.742930 0.720728 0.739607 0.732073 0.761197 0.739924 0.754940 0.762740 0.709430 0.748265 0.712129 0.740169 0.694956 0.734526 0.706110 0.702436
0 0.637939 0.694978 0.648030 0.695128 0.652925 0.701303 0.655787 0.701379 0.658799 0.697162 0.665954 0.697387 0.669493 0.694752 0.672807 0.694902 0.675292 0.701002 0.687944 0.701906 0.687567 0.725402 0.677777 0.725628 0.677476 0.736999 0.655185 0.737978 0.650214 0.729905 0.648335 0.722390 0.637845 0.721764 0.637939 0.694978
0 0.580277 0.707038 0.592964 0.704250 0.590416 0.682958 0.622678 0.678665 0.631019 0.732639 0.600597 0.736687 0.598512 0.724052 0.582442 0.727242 0.580277 0.707038
0 0.537897 0.708141 0.559345 0.696086 0.583911 0.743458 0.567552 0.752774 0.564955 0.746874 0.535571 0.761625 0.524890 0.734364 0.544097 0.723226 0.537897 0.708141
0 0.460075 0.743964 0.478433 0.735026 0.477856 0.733680 0.500923 0.721378 0.503807 0.727241 0.507363 0.725991 0.521434 0.753104 0.503157 0.763163 0.510272 0.779600 0.479114 0.793462 0.463658 0.760587 0.459242 0.763776 0.453108 0.750528 0.460959 0.747093 0.460075 0.743964
0 0.313198 0.685740 0.324828 0.682569 0.323771 0.678340 0.335497 0.674880 0.336073 0.677282 0.344051 0.675072 0.350010 0.694391 0.355488 0.692372 0.366056 0.720289 0.341258 0.729708 0.335203 0.710581 0.327418 0.714041 0.328764 0.716540 0.309445 0.723460 0.301083 0.690589 0.314346 0.687418 0.313198 0.685740
0 0.351072 0.666977 0.385713 0.652443 0.399720 0.679553 0.391813 0.683017 0.401151 0.702748 0.371886 0.713818 0.351072 0.666977
0 0.404354 0.650385 0.435353 0.620169 0.459619 0.643653 0.452887 0.650072 0.447721 0.645219 0.440832 0.653047 0.445999 0.658213 0.425803 0.679819 0.404354 0.650385
0 0.450142 0.596294 0.478949 0.564356 0.499615 0.584239 0.503372 0.580012 0.511357 0.588622 0.474409 0.626197 0.450142 0.596294
0 0.496375 0.547926 0.505567 0.513557 0.542133 0.522150 0.532542 0.559715 0.496375 0.547926
0 -0.000000 0.822782 0.007489 0.823641 0.006753 0.857007 -0.000000 0.857130 -0.000000 0.822782
0 0.009608 0.814306 0.024325 0.814306 0.024382 0.822906 0.037109 0.822530 0.036733 0.826822 0.055334 0.826220 0.056428 0.849452 0.009908 0.849356 0.009608 0.814306
0 0.067702 0.813046 0.097978 0.813142 0.097785 0.809394 0.118258 0.808625 0.118834 0.850819 0.064530 0.851972 0.064530 0.848031 0.064049 0.830154 0.067509 0.829866 0.067702 0.813046
0 0.125252 0.808835 0.150276 0.807608 0.149540 0.819629 0.154079 0.819139 0.154079 0.813373 0.169413 0.812637 0.169658 0.844531 0.130036 0.844531 0.131017 0.826867 0.125252 0.826253 0.125252 0.808835
0 0.188744 0.808161 0.208126 0.808406 0.208248 0.819446 0.215731 0.818465 0.215486 0.804603 0.238915 0.806566 0.241001 0.849378 0.230574 0.849132 0.230206 0.857719 0.198435 0.857474 0.199416 0.849132 0.188989 0.848642 0.188744 0.808161
0 0.252517 0.806693 0.269048 0.806500 0.269240 0.811787 0.273662 0.811979 0.273758 0.801022 0.300285 0.801406 0.303075 0.846894 0.274581 0.847207 0.274581 0.836561 0.251880 0.836091 0.252517 0.806693
0 0.312013 0.803888 0.331911 0.803214 0.331911 0.806578 0.337486 0.806289 0.336332 0.799753 0.358727 0.798889 0.360265 0.832240 0.356324 0.832528 0.356324 0.836469 0.351614 0.836181 0.352095 0.842813 0.314610 0.844831 0.312013 0.803888
0 0.374747 0.805220 0.381474 0.807046 0.385607 0.798780 0.403677 0.804163 0.400121 0.822328 0.418478 0.827326 0.409572 0.861526 0.376538 0.851819 0.378260 0.845557 0.370432 0.843522 0.373903 0.826356 0.367524 0.824271 0.374747 0.805220
0 0.431393 0.831165 0.454332 0.839997 0.451388 0.847848 0.473591 0.853736 0.461741 0.891521 0.453801 0.889275 0.451693 0.895676 0.424732 0.887317 0.426841 0.880840 0.415846 0.876698 0.431393 0.831165
0 0.477490 0.854315 0.494953 0.855676 0.495759 0.849558 0.519154 0.851849 0.511731 0.883406 0.471742 0.878812 0.477490 0.854315
0 0.531849 0.845437 0.539874 0.841602 0.543945 0.842841 0.544889 0.844847 0.553386 0.844080 0.553091 0.841248 0.563948 0.839123 0.563122 0.836350 0.572740 0.834226 0.573035 0.836822 0.583361 0.834816 0.594808 0.878218 0.566226 0.877728 0.549052 0.877114 0.531849 0.845437
0 0.626751 0.801204 0.635951 0.801250 0.636182 0.795795 0.662121 0.795685 0.662799 0.813759 0.658506 0.825432 0.650126 0.836961 0.617251 0.835980 0.617741 0.827147 0.606333 0.827515 0.599832 0.812182 0.612221 0.805558 0.610136 0.801755 0.620440 0.796848 0.624488 0.801878 0.626751 0.801204
0 0.707975 0.822470 0.697548 0.847862 0.677185 0.840870 0.687121 0.814619 0.707975 0.822470
0 0.729180 0.818841 0.751938 0.824919 0.744217 0.841008 0.723130 0.833548 0.729180 0.818841
0 0.782893 0.832189 0.783015 0.847891 0.766578 0.848259 0.766578 0.844088 0.753820 0.843474 0.754556 0.827896 0.768418 0.828018 0.768663 0.824093 0.790253 0.823479 0.789762 0.831453 0.782893 0.832189
0 0.822302 0.837328 0.844024 0.830408 0.848733 0.842518 0.876799 0.833580 0.885831 0.854451 0.891425 0.881226 0.874995 0.886156 0.838568 0.895671 0.837223 0.891827 0.828957 0.893749 0.817808 0.860590 0.828380 0.857322 0.822302 0.837328
0 0.902543 0.813635 0.923496 0.805465 0.934741 0.834396 0.901244 0.865849 0.889614 0.869117 0.885674 0.850182 0.909414 0.840379 0.902543 0.813635
0 0.037109 0.822530 0.035569 0.815099 0.052616 0.814125 0.055334 0.826220 0.036733 0.826822 0.037109 0.822530
0 0.118265 0.312006 0.141887 0.305790 0.149658 0.333453 0.143441 0.333764 0.144684 0.338426 0.135981 0.341224 0.134116 0.338115 0.126035 0.340913 0.115778 0.313560 0.118265 0.312006
0 0.328661 0.200765 0.338181 0.195211 0.335008 0.186484 0.369917 0.174186 0.378645 0.190451 0.391736 0.184104 0.403636 0.206716 0.394909 0.211079 0.401653 0.229724 0.383802 0.238055 0.375471 0.220203 0.358016 0.230517 0.346909 0.217030 0.326677 0.228534 0.317553 0.211873 0.327867 0.208302 0.328661 0.200765
0 0.502506 0.081443 0.507168 0.070565 0.495668 0.062172 0.503438 0.049118 0.505614 0.043523 0.510898 0.032955 0.526750 0.036374 0.545089 0.054713 0.542602 0.075227 0.529858 0.072430 0.523020 0.088592 0.502506 0.081443
0 0.077290 0.128228 0.024450 0.123566 0.022275 0.111133 0.011085 0.105849 0.011396 0.093727 -0.000000 0.091862 -0.000000 0.071348 0.005179 0.057671 0.043721 0.056428 0.049938 0.042130 0.080709 0.042130 0.081331 0.061401 0.096561 0.062955 0.099669 0.086578 0.089723 0.090619 0.091588 0.107403 0.076047 0.110511 0.077290 0.128228
0 0.112671 0.031703 0.129729 0.026149 0.159481 0.018612 0.169002 0.046777 0.148374 0.051934 0.153531 0.061852 0.115844 0.061455 0.112671 0.031703
0 0.491377 0.000009 0.479573 0.027995 0.462293 0.000009 0.491377 0.000009
0 0.058095 0.374220 0.078077 0.358542 0.068547 0.331181 0.085148 0.324418 0.095600 0.350856 0.113123 0.342248 0.134642 0.398199 0.128186 0.402810 0.134642 0.416644 0.085148 0.438163 0.061784 0.394202 0.066395 0.391436 0.058095 0.374220
0 0.424620 0.476213 0.418274 0.464202 0.393799 0.482105 0.411023 0.498648 0.389947 0.514738 0.365925 0.483691 0.370911 0.481651 0.363659 0.473493 0.369324 0.471000 0.364565 0.463975 0.384961 0.451964 0.378163 0.445166 0.401504 0.431342 0.408756 0.440860 0.412382 0.439727 0.416008 0.442673 0.424166 0.437234 0.429832 0.446525 0.437764 0.442220 0.450001 0.459443 0.424620 0.476213
0 0.136924 0.103609 0.135337 0.120152 0.107916 0.118566 0.109050 0.102929 0.136924 0.103609
0 0.585630 0.172726 0.586862 0.178883 0.584645 0.184055 0.566173 0.183563 0.565803 0.174696 0.568636 0.171001 0.585630 0.172726
4 0.661072 0.343960 0.663339 0.338294 0.675349 0.338294 0.675123 0.344640 0.661072 0.343960
0 0.998859 0.714989 0.989799 0.715011 0.989553 0.702819 0.994233 0.699248 0.998859 0.699346 0.998859 0.714989
