0 0.125579 0.077077 0.139399 0.077950 0.142018 0.081732 0.138963 0.119120 0.135762 0.124212 0.102302 0.119265 0.098084 0.115919 0.099102 0.092643 0.102593 0.090316 0.122815 0.092061 0.123687 0.078241 0.125579 0.077077
0 0.164160 0.079704 0.209092 0.096971 0.210949 0.100128 0.207235 0.112196 0.198509 0.115167 0.162489 0.103098 0.158219 0.094372 0.162489 0.081932 0.164160 0.079704
0 0.219887 0.089832 0.242570 0.094391 0.243824 0.097583 0.240860 0.113313 0.237782 0.115479 0.216125 0.111831 0.212820 0.107500 0.216809 0.090744 0.219887 0.089832
0 0.253551 0.098143 0.272358 0.100536 0.275208 0.103044 0.273612 0.120598 0.272814 0.122421 0.253437 0.119800 0.249561 0.117520 0.251271 0.099282 0.253551 0.098143
0 0.304842 0.121667 0.318808 0.131560 0.320554 0.139706 0.311534 0.155127 0.306879 0.156145 0.291313 0.147417 0.289712 0.140288 0.302514 0.122540 0.304842 0.121667
0 0.083327 0.103816 0.090736 0.112593 0.090622 0.116126 0.080819 0.122168 0.073866 0.125815 0.065203 0.123877 0.063151 0.120116 0.080363 0.105298 0.083327 0.103816
0 0.092427 0.118567 0.100283 0.123513 0.099556 0.131369 0.089518 0.136315 0.088500 0.137625 0.086754 0.130642 0.083990 0.126277 0.084572 0.124677 0.091264 0.119586 0.092427 0.118567
0 0.071698 0.129362 0.083535 0.128872 0.085232 0.130301 0.085321 0.136017 0.084071 0.137624 0.073175 0.138160 0.071746 0.136642 0.071210 0.129854 0.071698 0.129362
0 0.002726 0.026912 0.018583 0.026621 0.021492 0.028657 0.021201 0.045969 0.017273 0.053534 0.015673 0.054552 0.009127 0.054116 0.003162 0.051934 0.001998 0.028657 0.002726 0.026912
0 -0.000000 0.063248 0.020301 0.052866 0.023272 0.053794 0.032555 0.071433 0.040674 0.077228 0.042274 0.085172 0.034783 0.099469 0.024912 0.099963 0.005612 0.091947 -0.000000 0.079207 -0.000000 0.063248
0 0.092524 0.005137 0.098465 0.004580 0.099951 0.006623 0.099579 0.020548 0.106078 0.035030 0.105149 0.037072 0.099208 0.038186 0.096423 0.035216 0.091038 0.022033 0.091781 0.006623 0.092524 0.005137
0 0.131169 0.000003 0.130714 0.003170 0.126725 0.008414 0.113160 0.007844 0.111565 0.005792 0.112813 0.000003 0.131169 0.000003
0 0.173930 0.000004 0.176786 0.004976 0.173750 0.006315 0.175983 0.011495 0.175357 0.014264 0.168034 0.017568 0.165176 0.016943 0.155443 0.000003 0.173930 0.000004
0 0.187717 0.003236 0.194263 0.000618 0.211575 0.002509 0.213466 0.005419 0.210848 0.021712 0.207526 0.037001 0.227456 0.037001 0.227602 0.042675 0.227020 0.047621 0.211890 0.046894 0.211163 0.050094 0.177267 0.050676 0.173484 0.049076 0.173630 0.033073 0.175085 0.032200 0.180904 0.032491 0.185995 0.005578 0.187717 0.003236
0 0.254008 0.040652 0.260620 0.039170 0.264153 0.040424 0.265749 0.043274 0.271676 0.045554 0.272474 0.044072 0.286950 0.050569 0.288888 0.053761 0.287520 0.057066 0.286380 0.058092 0.282391 0.058092 0.279769 0.063791 0.276235 0.063791 0.251957 0.052735 0.250475 0.048061 0.252983 0.041450 0.254008 0.040652
0 0.294622 0.078500 0.302031 0.073143 0.304767 0.073827 0.316736 0.085795 0.316736 0.088075 0.313316 0.090582 0.310922 0.090810 0.303171 0.087733 0.295534 0.079868 0.294622 0.078500
0 -0.000000 0.152247 0.002161 0.154867 0.004440 0.160338 0.002845 0.167063 -0.000000 0.167975 -0.000000 0.152247
0 0.071419 0.140075 0.086840 0.139493 0.086985 0.145457 0.096296 0.145166 0.095277 0.160296 0.094695 0.166842 0.091640 0.168734 0.081020 0.166697 0.081457 0.153604 0.067491 0.147930 0.067200 0.140075 0.070255 0.139929 0.071419 0.140075
0 0.294587 0.000003 0.320183 0.011175 0.320525 0.014139 0.313116 0.029071 0.308557 0.030439 0.303085 0.025081 0.282226 0.016875 0.281314 0.014139 0.288835 0.000003 0.294587 0.000003
0 0.366132 0.026943 0.368534 0.028314 0.371126 0.033478 0.370121 0.048486 0.365189 0.049843 0.342641 0.048389 0.340037 0.044702 0.341808 0.026736 0.343573 0.025895 0.366132 0.026943
0 0.341853 0.016114 0.341031 0.025836 0.339326 0.039769 0.338889 0.040507 0.333304 0.040621 0.332278 0.039709 0.332734 0.030362 0.323729 0.030362 0.322475 0.028424 0.323486 0.015081 0.324641 0.013834 0.339904 0.014051 0.341853 0.016114
0 0.376294 0.026219 0.398101 0.020873 0.399789 0.021576 0.404713 0.034238 0.403728 0.038037 0.382625 0.045915 0.380233 0.044790 0.374465 0.028048 0.376294 0.026219
0 0.389483 0.005721 0.398942 0.000003 0.407453 0.000003 0.412170 0.008471 0.411025 0.011221 0.401170 0.017408 0.397275 0.016492 0.389254 0.008242 0.389483 0.005721
0 0.427295 0.034029 0.423505 0.035050 0.417112 0.029428 0.415899 0.026011 0.423971 0.007766 0.427594 0.001916 0.427844 0.001803 0.427295 0.034029
0 0.408735 0.083159 0.410110 0.086826 0.403694 0.106992 0.399569 0.116159 0.394527 0.118451 0.374819 0.110888 0.373215 0.108367 0.375735 0.101721 0.375723 0.099945 0.382236 0.075625 0.383069 0.075367 0.408735 0.083159
0 0.379402 0.076513 0.380460 0.078346 0.374082 0.101240 0.358548 0.096680 0.355569 0.091638 0.361298 0.071930 0.363819 0.071471 0.379402 0.076513
0 0.425070 0.164797 0.415491 0.169432 0.414055 0.169432 0.404718 0.153272 0.404538 0.148603 0.421955 0.136932 0.424648 0.137291 0.425516 0.138560 0.425070 0.164797
0 0.008354 0.017376 0.012759 0.017203 0.014314 0.015475 0.017941 0.015216 0.018805 0.015475 0.019755 0.016685 0.019755 0.020226 0.018805 0.020917 0.009477 0.021694 0.008181 0.020658 0.008095 0.017203 0.008354 0.017376
0 0.256984 0.000004 0.252857 0.005468 0.247650 0.003852 0.241371 0.000004 0.256984 0.000004
0 0.173322 0.072592 0.188676 0.073738 0.190281 0.075571 0.190281 0.080613 0.188906 0.081529 0.175385 0.080384 0.173322 0.078321 0.173322 0.073738 0.173322 0.072592
0 0.218222 0.015380 0.227847 0.017443 0.228993 0.019505 0.228534 0.023630 0.224868 0.025464 0.217076 0.023860 0.215472 0.021797 0.217076 0.017443 0.218222 0.015380
