0 0.998872 0.057928 0.986710 0.071013 0.972394 0.057930 0.978117 0.051739 0.968008 0.042313 0.983714 0.024637 0.998872 0.038657 0.998872 0.057928
0 0.942061 0.000004 0.931186 0.011314 0.921144 0.002946 0.913613 0.009919 0.899951 0.000005 0.942061 0.000004
0 0.998872 0.183081 0.987528 0.197035 0.973581 0.184204 0.974418 0.182530 0.963591 0.172370 0.968731 0.165160 0.982507 0.148221 0.993944 0.156589 0.989759 0.162168 0.998872 0.169614 0.998872 0.183081
0 0.945091 0.127145 0.962201 0.141677 0.959825 0.145095 0.969955 0.153553 0.954055 0.171094 0.930493 0.147115 0.945091 0.127145
0 0.883695 0.067643 0.909341 0.090253 0.892621 0.110042 0.865285 0.088006 0.883695 0.067643
0 0.843622 0.048022 0.856732 0.058343 0.865937 0.048859 0.879326 0.061132 0.848922 0.090421 0.825212 0.068663 0.833022 0.058343 0.843622 0.048022
0 0.762014 0.000007 0.755899 0.008639 0.744762 0.000007 0.762014 0.000007
0 0.963491 0.245153 0.974884 0.252985 0.965984 0.263309 0.969544 0.271141 0.980936 0.282889 0.962780 0.304606 0.932875 0.279329 0.945691 0.261885 0.948280 0.263786 0.963491 0.245153
0 0.956015 0.237321 0.924970 0.272296 0.912939 0.261885 0.920415 0.254053 0.906531 0.241593 0.926275 0.218480 0.934907 0.225764 0.938215 0.222534 0.956015 0.237321
0 0.866664 0.221003 0.892885 0.191994 0.906274 0.202035 0.898647 0.210735 0.913837 0.223908 0.899021 0.240250 0.890653 0.232440 0.885353 0.238576 0.866664 0.221003
0 0.833468 0.196786 0.843683 0.186818 0.847599 0.177561 0.855787 0.170387 0.864784 0.177314 0.871560 0.169482 0.883338 0.177809 0.876122 0.187433 0.883145 0.192828 0.862962 0.215436 0.851159 0.205221 0.847955 0.208534 0.833468 0.196786
0 0.824143 0.143381 0.850921 0.165975 0.835579 0.184664 0.823306 0.174901 0.816890 0.181317 0.803223 0.169601 0.824143 0.143381
0 0.769752 0.140109 0.791131 0.117312 0.818296 0.141622 0.803234 0.159720 0.791788 0.149593 0.785372 0.156008 0.769752 0.140109
0 0.735441 0.112053 0.762497 0.079657 0.775313 0.089981 0.769973 0.097813 0.786267 0.110421 0.764595 0.136261 0.735441 0.112053
0 0.704624 0.088364 0.729096 0.060125 0.756152 0.080061 0.737284 0.101065 0.722688 0.091453 0.716280 0.098217 0.704624 0.088364
0 0.670929 0.060090 0.692072 0.033424 0.719128 0.055141 0.697699 0.082128 0.670929 0.060090
0 0.638673 0.027471 0.653474 0.006482 0.684419 0.029423 0.676609 0.042254 0.664894 0.034723 0.659495 0.042839 0.638673 0.027471
0 0.640735 0.000008 0.625264 0.025969 0.611865 0.018393 0.613260 0.015882 0.598197 0.008351 0.603168 0.000008 0.640735 0.000008
0 0.594678 0.000008 0.591374 0.007406 0.573808 0.000009 0.594678 0.000008
0 0.891566 0.336311 0.900964 0.343961 0.904242 0.340027 0.921071 0.355763 0.903586 0.374777 0.899609 0.371150 0.894844 0.376963 0.878889 0.364287 0.884353 0.357948 0.879108 0.353359 0.891566 0.336311
0 0.906993 0.384204 0.923451 0.363841 0.937119 0.375278 0.942976 0.365515 0.956644 0.375557 0.932377 0.406240 0.906993 0.384204
0 0.846254 0.323455 0.863550 0.303249 0.876565 0.312838 0.879818 0.312667 0.893004 0.324483 0.871085 0.352396 0.843686 0.326709 0.846254 0.323455
0 0.808144 0.300372 0.832461 0.273315 0.849585 0.287528 0.844448 0.296776 0.853524 0.305338 0.834173 0.326572 0.808144 0.300372
0 0.778106 0.271841 0.797631 0.250363 0.807394 0.257336 0.810184 0.253710 0.824967 0.266820 0.800979 0.293320 0.778106 0.271841
0 0.746277 0.241911 0.764198 0.223990 0.780809 0.237540 0.778842 0.241037 0.790644 0.251746 0.774033 0.267701 0.747588 0.246064 0.746277 0.241911
0 0.709823 0.220231 0.722096 0.207121 0.720701 0.205169 0.732696 0.192058 0.745806 0.203216 0.740506 0.209632 0.754174 0.223300 0.735206 0.242546 0.723491 0.235294 0.724048 0.231668 0.709823 0.220231
0 0.679825 0.186660 0.693594 0.172673 0.703210 0.180541 0.706489 0.176169 0.723317 0.189720 0.706270 0.209827 0.695124 0.201741 0.687474 0.195402 0.685392 0.197909 0.677639 0.189939 0.679825 0.186660
0 0.646012 0.163606 0.667769 0.139896 0.683389 0.149659 0.687294 0.163885 0.691758 0.168905 0.674742 0.185642 0.666932 0.179784 0.661911 0.177832 0.658006 0.179226 0.644338 0.165837 0.646012 0.163606
0 0.556444 0.057837 0.579038 0.067600 0.576527 0.074853 0.587239 0.081135 0.577941 0.101285 0.543334 0.087126 0.556444 0.057837
0 0.535021 0.046708 0.532231 0.058145 0.545062 0.065118 0.535578 0.088828 0.516332 0.079623 0.513821 0.083528 0.500990 0.077113 0.514658 0.040851 0.535021 0.046708
0 0.422339 0.013329 0.438635 0.016510 0.436993 0.026410 0.453587 0.028867 0.447512 0.056084 0.415851 0.050227 0.422339 0.013329
0 0.408369 0.013117 0.406223 0.042126 0.368202 0.042684 0.370154 0.018975 0.383543 0.018975 0.383822 0.014790 0.408369 0.013117
0 0.845648 0.393265 0.874279 0.419054 0.857668 0.436102 0.843025 0.422770 0.834283 0.429545 0.821170 0.418617 0.845648 0.393265
0 0.752824 0.362852 0.781276 0.333564 0.809728 0.362573 0.792433 0.379031 0.783786 0.371499 0.779602 0.374010 0.773745 0.367594 0.764818 0.376799 0.752824 0.362852
0 0.689608 0.307319 0.712202 0.281936 0.730891 0.297556 0.735354 0.292257 0.743722 0.301183 0.720570 0.326008 0.704671 0.312340 0.697418 0.319314 0.686819 0.310388 0.689608 0.307319
0 0.752610 0.298410 0.764412 0.286170 0.783863 0.304092 0.779711 0.311086 0.772499 0.315894 0.752610 0.298410
0 0.682720 0.246342 0.711912 0.272331 0.680940 0.306151 0.668480 0.293335 0.673464 0.287639 0.659580 0.274823 0.667056 0.261650 0.682720 0.246342
0 0.619950 0.251578 0.654818 0.217827 0.665417 0.229263 0.662070 0.235679 0.675738 0.249347 0.655654 0.268035 0.640592 0.254925 0.629155 0.264130 0.619950 0.251578
0 0.616496 0.192214 0.624801 0.198334 0.621960 0.203579 0.639445 0.221064 0.612999 0.249257 0.596608 0.234614 0.604694 0.226965 0.593329 0.216255 0.616496 0.192214
0 0.582569 0.165190 0.612136 0.187784 0.594005 0.208983 0.579780 0.201173 0.568064 0.213725 0.552444 0.199221 0.582569 0.165190
0 0.516393 0.172844 0.542334 0.140208 0.574133 0.164197 0.564650 0.175075 0.556002 0.186791 0.537314 0.175354 0.528945 0.186512 0.516393 0.172844
0 0.471642 0.156781 0.485170 0.138981 0.483390 0.136489 0.489086 0.126877 0.490866 0.128301 0.497631 0.119045 0.532163 0.135777 0.518635 0.162121 0.499411 0.153933 0.492646 0.169241 0.471642 0.156781
0 0.446560 0.096777 0.457051 0.099181 0.457051 0.108142 0.479781 0.113387 0.470383 0.151197 0.448746 0.146608 0.451587 0.133932 0.436288 0.132402 0.446560 0.096777
0 0.403092 0.094180 0.437625 0.102724 0.432285 0.134408 0.417332 0.128356 0.414840 0.134764 0.392056 0.131204 0.403092 0.094180
0 0.351116 0.078872 0.371764 0.079940 0.372120 0.082788 0.381020 0.081720 0.382444 0.090264 0.385648 0.090264 0.388496 0.126576 0.369984 0.128000 0.369628 0.115184 0.352184 0.116964 0.351116 0.078872
0 0.304238 0.082519 0.318122 0.080027 0.319190 0.088215 0.321682 0.088927 0.340906 0.087503 0.341262 0.098539 0.345534 0.097115 0.346602 0.106371 0.340550 0.106727 0.341262 0.128444 0.325598 0.129156 0.325242 0.119899 0.303882 0.118475 0.304238 0.082519
0 0.253705 0.098180 0.284147 0.089547 0.297324 0.124079 0.267790 0.138164 0.253705 0.098180
0 0.159614 0.000006 0.159891 0.000877 0.162401 0.011197 0.117492 0.020681 0.110799 0.000005 0.159614 0.000006
0 0.118461 0.027557 0.165454 0.015097 0.172574 0.035033 0.164742 0.035033 0.169014 0.049273 0.133413 0.062802 0.118461 0.027557
0 0.131989 0.067074 0.160114 0.059954 0.167234 0.079178 0.184678 0.073838 0.188950 0.088078 0.144805 0.100894 0.131989 0.067074
0 0.171693 0.101724 0.181305 0.098164 0.184153 0.107776 0.170269 0.113116 0.177389 0.131628 0.182373 0.140528 0.153537 0.150141 0.146773 0.136612 0.152113 0.134832 0.148909 0.129848 0.148909 0.120592 0.144993 0.109912 0.171693 0.101724
0 0.032837 0.087688 0.072821 0.077692 0.079182 0.096321 0.085928 0.093594 0.088285 0.102073 0.081470 0.104168 0.085089 0.116767 0.055555 0.124945 0.049980 0.104606 0.037835 0.107594 0.032837 0.087688
0 0.063734 0.034527 0.074184 0.072694 0.027429 0.086676 0.023296 0.069762 0.041573 0.064061 0.034420 0.042662 0.063734 0.034527
0 0.063935 0.000004 0.068638 0.015231 0.055616 0.019558 0.054735 0.030385 0.029291 0.038110 0.020658 0.019026 0.012479 0.022207 0.007936 0.003578 0.026570 0.000003 0.063935 0.000004
0 0.280636 0.277345 0.344361 0.277345 0.342937 0.299773 0.279568 0.297993 0.280636 0.277345
0 0.348091 0.276200 0.397742 0.277037 0.396347 0.311067 0.347812 0.309394 0.348091 0.276200
0 0.411611 0.255150 0.492942 0.255604 0.492488 0.315580 0.474768 0.314671 0.473404 0.328756 0.430240 0.328756 0.429331 0.314217 0.412066 0.313308 0.411611 0.255150
0 0.332842 0.322563 0.419310 0.323952 0.419742 0.402495 0.332102 0.401014 0.332842 0.322563
0 0.483824 0.327744 0.493462 0.327182 0.526226 0.326764 0.530946 0.326886 0.563726 0.326782 0.568937 0.327004 0.568937 0.405455 0.483084 0.403975 0.483824 0.327744
0 0.493462 0.327182 0.493818 0.310471 0.526718 0.310428 0.526226 0.326764 0.493462 0.327182
0 0.531259 0.310888 0.563512 0.311266 0.563726 0.326782 0.530946 0.326886 0.531259 0.310888
0 0.371087 0.409072 0.402838 0.409422 0.402460 0.428066 0.370436 0.427146 0.371087 0.409072
0 0.338275 0.408146 0.371087 0.409072 0.370436 0.427146 0.338275 0.427080 0.338275 0.408146
0 0.303030 0.407500 0.334359 0.408568 0.334359 0.426368 0.303386 0.425300 0.303030 0.407500
0 0.270634 0.408568 0.303030 0.407500 0.303386 0.425300 0.270990 0.425300 0.270634 0.408568
0 0.998872 0.966480 0.985426 0.934822 0.997446 0.928484 0.998872 0.931413 0.998872 0.966480
0 0.977420 0.938947 0.996387 0.977440 0.966541 0.991945 0.955384 0.970467 0.963473 0.966841 0.962078 0.963214 0.971004 0.959867 0.964310 0.946199 0.977420 0.938947
0 0.916005 0.999004 0.903713 0.976311 0.920449 0.971569 0.925191 0.983006 0.942206 0.976869 0.942206 0.977148 0.952611 0.999004 0.916005 0.999004
0 0.873730 0.999005 0.888149 0.995646 0.884523 0.985883 0.898749 0.980584 0.908011 0.999005 0.873730 0.999005
0 0.998872 0.846529 0.990098 0.851472 0.972525 0.819394 0.998872 0.801607 0.998872 0.846529
0 0.989261 0.861235 0.975593 0.870161 0.970851 0.863466 0.961925 0.870161 0.960530 0.868208 0.951604 0.872392 0.934310 0.841709 0.946304 0.835293 0.948815 0.839477 0.967504 0.828320 0.989261 0.861235
0 0.900960 0.863052 0.931933 0.847032 0.936917 0.853440 0.937985 0.859136 0.953649 0.885480 0.940121 0.891176 0.933001 0.880140 0.912709 0.890820 0.905589 0.878360 0.905589 0.875156 0.900960 0.863052
0 0.864732 0.887747 0.879812 0.880534 0.876971 0.872885 0.882872 0.870699 0.884839 0.875070 0.896204 0.869825 0.914125 0.904794 0.901449 0.909165 0.896859 0.902608 0.877845 0.912880 0.864732 0.887747
0 0.824660 0.896163 0.857056 0.886194 0.871652 0.924287 0.854564 0.930695 0.851004 0.918947 0.846020 0.920015 0.844596 0.917879 0.832136 0.921795 0.824660 0.896163
0 0.785044 0.913069 0.819393 0.899570 0.828293 0.926626 0.810849 0.932322 0.812985 0.943714 0.796609 0.950478 0.785044 0.913069
0 0.743983 0.919864 0.756087 0.914524 0.758935 0.921288 0.781363 0.915236 0.790975 0.951904 0.777803 0.956532 0.771751 0.945496 0.753239 0.951192 0.743983 0.919864
0 0.704003 0.933544 0.739149 0.925176 0.744170 0.951396 0.726597 0.955301 0.727991 0.968411 0.709302 0.972874 0.704003 0.933544
0 0.661707 0.929605 0.696952 0.924621 0.703360 0.972682 0.683067 0.975886 0.680575 0.964138 0.666335 0.965206 0.661707 0.929605
0 0.621473 0.936997 0.657786 0.932725 0.660990 0.966545 0.640697 0.967969 0.641409 0.980073 0.625033 0.983277 0.621473 0.936997
0 0.617682 0.945354 0.620530 0.979886 0.606290 0.983090 0.604510 0.974902 0.584218 0.977038 0.581014 0.946066 0.617682 0.945354
0 0.963662 0.462725 0.994067 0.489503 0.969799 0.514886 0.953621 0.498150 0.965336 0.485598 0.953063 0.474440 0.963662 0.462725
0 0.915253 0.523648 0.925962 0.510753 0.935141 0.518184 0.948255 0.504415 0.971640 0.528237 0.947162 0.555120 0.915253 0.523648
0 0.998872 0.608796 0.998745 0.608873 0.981451 0.591021 0.998872 0.570063 0.998872 0.608796
0 0.913967 0.527937 0.929866 0.543558 0.937398 0.553042 0.910062 0.577309 0.886352 0.551089 0.895278 0.543558 0.894162 0.541605 0.902530 0.535469 0.904483 0.536584 0.913967 0.527937
0 0.886637 0.557278 0.905047 0.583220 0.879664 0.601630 0.866554 0.582383 0.878548 0.574852 0.872132 0.564810 0.886637 0.557278
0 0.975522 0.597578 0.995458 0.620718 0.969114 0.641723 0.942770 0.613598 0.958078 0.600070 0.965554 0.605766 0.975522 0.597578
0 0.941152 0.627499 0.956494 0.644793 0.943942 0.652603 0.952589 0.664877 0.934737 0.675197 0.914653 0.643956 0.941152 0.627499
0 0.907527 0.651845 0.921752 0.673881 0.901390 0.686154 0.896648 0.677228 0.885211 0.683365 0.877401 0.670813 0.907527 0.651845
0 0.837543 0.692362 0.868871 0.674918 0.875280 0.687022 0.878484 0.692718 0.882400 0.692718 0.889164 0.706958 0.879196 0.711942 0.874568 0.706246 0.852851 0.715502 0.837543 0.692362
0 0.807629 0.717641 0.837754 0.703137 0.848633 0.729357 0.818229 0.743304 0.807629 0.717641
0 0.764483 0.730572 0.781220 0.725272 0.776757 0.717183 0.791540 0.712162 0.796003 0.720809 0.802698 0.736988 0.804929 0.745077 0.788751 0.750377 0.790425 0.759024 0.772852 0.764324 0.764483 0.730572
0 0.722840 0.752102 0.738740 0.745408 0.757429 0.739550 0.765797 0.766049 0.746550 0.773580 0.743761 0.769117 0.732603 0.772186 0.722840 0.752102
0 0.679932 0.747066 0.708768 0.743506 0.710904 0.754542 0.717668 0.752762 0.720160 0.764866 0.718024 0.768782 0.721584 0.781242 0.703784 0.785158 0.703072 0.774478 0.700224 0.773410 0.683136 0.774834 0.679576 0.757746 0.679932 0.747066
0 0.636747 0.759643 0.669500 0.755015 0.675552 0.785275 0.654192 0.787411 0.653480 0.783139 0.640307 0.784919 0.636747 0.759643
0 0.593637 0.764636 0.630178 0.763521 0.634920 0.794762 0.595589 0.798109 0.593079 0.776631 0.593637 0.764636
0 0.998872 0.747856 0.997175 0.745510 0.978207 0.719569 0.989365 0.712037 0.985180 0.706179 0.998872 0.696129 0.998872 0.747856
0 0.970397 0.722637 0.994107 0.750531 0.965934 0.769499 0.946408 0.748857 0.945571 0.739373 0.970397 0.722637
0 0.935675 0.747542 0.952969 0.770415 0.932328 0.783246 0.932049 0.785478 0.921449 0.788825 0.921449 0.786035 0.908897 0.770136 0.921170 0.763162 0.916986 0.758978 0.935675 0.747542
0 0.902661 0.769640 0.917445 0.797534 0.900988 0.807297 0.899593 0.806739 0.885646 0.813154 0.875883 0.793629 0.887041 0.788050 0.882857 0.780518 0.902661 0.769640
0 0.865004 0.792513 0.878951 0.822359 0.846874 0.836864 0.834042 0.806739 0.865004 0.792513
0 0.824928 0.806845 0.838559 0.844557 0.809480 0.855916 0.798575 0.833198 0.815387 0.825929 0.809480 0.814570 0.824928 0.806845
0 0.786220 0.827827 0.796216 0.854180 0.762593 0.866902 0.755778 0.846910 0.768500 0.840095 0.764865 0.836914 0.786220 0.827827
0 0.731844 0.840662 0.734692 0.849918 0.746796 0.847070 0.753560 0.868786 0.720808 0.877686 0.711196 0.846002 0.731844 0.840662
0 0.701369 0.844488 0.708064 0.872103 0.673196 0.881308 0.667618 0.857877 0.681565 0.854530 0.679891 0.850625 0.701369 0.844488
0 0.660194 0.853864 0.665494 0.885105 0.630348 0.892078 0.626443 0.866416 0.641227 0.864742 0.640111 0.856374 0.660194 0.853864
0 0.620730 0.855041 0.626426 0.893846 0.590470 0.899898 0.587978 0.870349 0.599014 0.868569 0.599014 0.858601 0.620730 0.855041
0 0.856023 0.583139 0.872399 0.608771 0.869907 0.615535 0.843919 0.629064 0.831458 0.610551 0.847479 0.604143 0.840715 0.590971 0.856023 0.583139
0 0.793577 0.618662 0.805292 0.612525 0.812545 0.625077 0.827329 0.615872 0.840718 0.643487 0.809198 0.657992 0.803340 0.648508 0.793577 0.618662
0 0.787154 0.623145 0.801380 0.655502 0.767907 0.670286 0.757865 0.646018 0.770976 0.640997 0.766792 0.631792 0.787154 0.623145
0 0.715890 0.653462 0.734021 0.648720 0.737926 0.660435 0.755778 0.654298 0.761915 0.673266 0.727048 0.684982 0.715890 0.653462
0 0.637039 0.667781 0.656264 0.666713 0.657688 0.682022 0.677980 0.680954 0.680472 0.709790 0.643092 0.714062 0.637039 0.667781
0 0.695424 0.655321 0.715890 0.653462 0.726753 0.695194 0.689016 0.706230 0.679048 0.672409 0.698272 0.669917 0.695424 0.655321
0 0.632187 0.669379 0.636103 0.694300 0.621863 0.695368 0.625067 0.710320 0.600503 0.716016 0.596231 0.687536 0.616879 0.683976 0.614743 0.670447 0.632187 0.669379
0 0.539618 0.665552 0.537482 0.705781 0.496542 0.704356 0.496898 0.685844 0.508290 0.685844 0.510426 0.663772 0.539618 0.665552
0 0.465165 0.666089 0.461539 0.702351 0.421372 0.699561 0.422209 0.684499 0.434482 0.684777 0.436992 0.664136 0.465165 0.666089
0 0.421478 0.707619 0.458147 0.711179 0.456723 0.734320 0.466335 0.734320 0.464555 0.749628 0.427175 0.744644 0.426819 0.724352 0.418986 0.723284 0.421478 0.707619
0 0.419305 0.749461 0.453837 0.752642 0.454291 0.761729 0.449293 0.761729 0.448384 0.784447 0.429301 0.781721 0.428847 0.768544 0.416579 0.766727 0.419305 0.749461
0 0.415285 0.794080 0.457995 0.796807 0.457086 0.807711 0.449362 0.804985 0.448908 0.832701 0.421192 0.829066 0.422555 0.809074 0.413467 0.807257 0.415285 0.794080
0 0.411196 0.837699 0.457540 0.838153 0.458904 0.854056 0.449816 0.852239 0.450725 0.874048 0.419374 0.876774 0.419828 0.858600 0.411196 0.857237 0.411196 0.837699
0 0.405864 0.880609 0.446302 0.881063 0.444939 0.905145 0.449483 0.911960 0.449028 0.917867 0.420404 0.916958 0.420404 0.895603 0.404955 0.894694 0.405864 0.880609
0 0.406041 0.921652 0.447694 0.922364 0.445202 0.960100 0.417077 0.959744 0.415653 0.938028 0.404973 0.936960 0.406041 0.921652
0 0.438784 0.964986 0.436709 0.999009 0.401801 0.999008 0.402472 0.982786 0.417424 0.984210 0.417780 0.965698 0.438784 0.964986
0 0.502042 0.710529 0.540727 0.713371 0.540071 0.724735 0.529143 0.723643 0.527176 0.749869 0.493300 0.747247 0.494393 0.733259 0.500512 0.733041 0.502042 0.710529
0 0.498244 0.751421 0.524471 0.752514 0.524471 0.771966 0.537365 0.772621 0.536710 0.793166 0.488190 0.788794 0.488190 0.768906 0.497151 0.769999 0.498244 0.751421
0 0.489761 0.795247 0.524134 0.796315 0.523422 0.812691 0.534459 0.813047 0.534459 0.836187 0.496366 0.835475 0.494942 0.824439 0.487466 0.824083 0.489761 0.795247
0 0.497711 0.839060 0.526547 0.838348 0.526191 0.853657 0.525835 0.856149 0.518715 0.856149 0.519783 0.875373 0.489523 0.876797 0.490235 0.862557 0.497355 0.861489 0.497711 0.839060
0 0.494206 0.880752 0.527426 0.882501 0.527645 0.904793 0.516499 0.903045 0.516936 0.921404 0.482623 0.920967 0.483060 0.904575 0.488961 0.904138 0.490709 0.881408 0.494206 0.880752
0 0.485170 0.923834 0.513622 0.924670 0.513343 0.946428 0.523942 0.946707 0.523942 0.963443 0.482381 0.962885 0.485170 0.923834
0 0.256638 0.656264 0.273932 0.657380 0.273932 0.661843 0.287042 0.662122 0.285927 0.700616 0.241297 0.700058 0.242691 0.680532 0.255801 0.680811 0.256638 0.656264
0 0.238204 0.705403 0.280924 0.709319 0.279500 0.732459 0.285552 0.732103 0.285552 0.744564 0.232864 0.745632 0.233932 0.731747 0.248884 0.733883 0.248172 0.722135 0.236424 0.720355 0.238204 0.705403
0 0.273065 0.752431 0.271641 0.787676 0.250993 0.786252 0.252773 0.764891 0.230701 0.765959 0.231057 0.751363 0.240669 0.751007 0.241025 0.746023 0.252773 0.746735 0.252417 0.751363 0.273065 0.752431
0 0.236521 0.791726 0.280665 0.795998 0.278173 0.829462 0.241861 0.830530 0.245421 0.809882 0.234741 0.809526 0.236521 0.791726
0 0.232656 0.853399 0.246603 0.853678 0.247440 0.835547 0.280355 0.835826 0.281192 0.853399 0.266408 0.853120 0.267245 0.872088 0.231819 0.872088 0.232656 0.853399
0 0.230094 0.878295 0.267119 0.881500 0.266407 0.907132 0.273171 0.907488 0.272815 0.917456 0.240419 0.918168 0.242199 0.900012 0.230094 0.898944 0.230094 0.878295
0 0.226796 0.919035 0.246146 0.919206 0.246146 0.921432 0.266182 0.921090 0.265974 0.959658 0.239196 0.959658 0.238080 0.936506 0.227759 0.935669 0.226796 0.919035
0 0.261155 0.965055 0.258444 0.999007 0.221315 0.999007 0.222661 0.981233 0.234934 0.981233 0.235492 0.964776 0.261155 0.965055
0 0.302852 0.962393 0.347352 0.964529 0.345572 0.991229 0.325992 0.993721 0.306768 0.994077 0.306412 0.982329 0.302496 0.981973 0.302852 0.962393
0 0.308378 0.920231 0.347538 0.922011 0.347894 0.934472 0.335078 0.934828 0.332942 0.959036 0.298765 0.958680 0.299121 0.946576 0.308021 0.946220 0.309446 0.934828 0.307309 0.934472 0.308378 0.920231
0 0.314530 0.877996 0.325130 0.877160 0.324851 0.881623 0.334679 0.881460 0.335391 0.898548 0.348563 0.897836 0.347851 0.916704 0.310471 0.914212 0.314530 0.877996
0 0.313381 0.835595 0.352432 0.835316 0.352432 0.849821 0.340159 0.851216 0.337927 0.873810 0.311149 0.871578 0.313381 0.835595
0 0.312314 0.791893 0.358211 0.793204 0.356899 0.830577 0.310971 0.828748 0.312314 0.791893
0 0.312841 0.749025 0.356985 0.749381 0.354493 0.786762 0.311417 0.786762 0.312841 0.749025
0 0.318992 0.706837 0.365296 0.708231 0.364459 0.723294 0.351628 0.723294 0.350233 0.744493 0.318434 0.743378 0.318713 0.727757 0.312018 0.727478 0.313134 0.707116 0.318992 0.706837
0 0.320455 0.664302 0.367708 0.667937 0.364528 0.702014 0.319546 0.701106 0.320455 0.664302
0 0.053038 0.657347 0.092911 0.658771 0.091843 0.686183 0.099675 0.686539 0.099319 0.697219 0.062651 0.698643 0.062651 0.674791 0.051258 0.675503 0.053038 0.657347
0 0.054504 0.719586 0.067893 0.720702 0.067335 0.713728 0.070125 0.713170 0.071519 0.704523 0.099413 0.705918 0.098576 0.725165 0.089929 0.724328 0.088535 0.741064 0.052273 0.739390 0.054504 0.719586
0 0.042835 0.742271 0.083705 0.744457 0.079333 0.783359 0.060319 0.783359 0.060975 0.761941 0.042616 0.761067 0.042835 0.742271
0 0.040561 0.823183 0.039687 0.804824 0.057608 0.805480 0.058701 0.786465 0.087551 0.787558 0.087769 0.803731 0.096293 0.803731 0.096074 0.825587 0.040561 0.823183
0 0.042332 0.844327 0.051232 0.844327 0.053368 0.828663 0.080069 0.830443 0.078288 0.866399 0.041264 0.865687 0.042332 0.844327
0 0.053982 0.872966 0.084879 0.874783 0.084879 0.880690 0.093057 0.881144 0.090785 0.910678 0.059434 0.911132 0.060797 0.894321 0.052619 0.893412 0.053982 0.872966
0 0.053297 0.914114 0.074278 0.914551 0.074497 0.925479 0.086299 0.927227 0.084769 0.947116 0.075371 0.946460 0.075808 0.951706 0.071656 0.953673 0.047177 0.953236 0.046085 0.941871 0.046522 0.925916 0.051548 0.926572 0.053297 0.914114
0 0.044249 0.958497 0.070695 0.960683 0.067635 0.994996 0.027421 0.993247 0.028295 0.976200 0.041845 0.977293 0.044249 0.958497
0 0.150101 0.662904 0.176042 0.662625 0.176321 0.680756 0.179948 0.680756 0.181342 0.700282 0.148985 0.698329 0.148707 0.695261 0.139780 0.693587 0.140059 0.682430 0.148149 0.682430 0.150101 0.662904
0 0.144522 0.705303 0.182737 0.705303 0.181342 0.719528 0.171579 0.719249 0.169069 0.743238 0.141175 0.741843 0.144522 0.705303
0 0.131080 0.745806 0.178785 0.748654 0.179497 0.768590 0.164901 0.768234 0.165613 0.787102 0.133216 0.785678 0.133572 0.772506 0.131792 0.772506 0.131080 0.745806
0 0.129574 0.803463 0.140254 0.803819 0.141322 0.791003 0.169090 0.793139 0.166598 0.828383 0.152002 0.825535 0.150578 0.821263 0.143458 0.827315 0.128150 0.826247 0.129574 0.803463
0 0.133867 0.833110 0.173755 0.831994 0.173476 0.847894 0.161482 0.847615 0.159808 0.870767 0.131357 0.868535 0.133867 0.833110
0 0.129435 0.872948 0.159560 0.874064 0.157887 0.894426 0.170160 0.896100 0.169323 0.914231 0.129714 0.911441 0.129435 0.900563 0.120788 0.901400 0.120788 0.883269 0.129714 0.884105 0.129435 0.872948
0 0.122554 0.936302 0.129674 0.935590 0.131454 0.917434 0.169190 0.918502 0.169902 0.938082 0.159578 0.937014 0.155662 0.955526 0.120062 0.954814 0.122554 0.936302
0 0.112797 0.959076 0.167265 0.963348 0.165129 0.981504 0.154449 0.982928 0.154449 0.999006 0.146262 0.999006 0.127749 0.997524 0.127393 0.979368 0.108169 0.979368 0.112797 0.959076
0 0.056255 0.170571 0.049708 0.130766 0.082180 0.123172 0.091084 0.161930 0.056255 0.170571
0 0.961880 0.000003 0.976487 0.010836 0.978125 0.015875 0.974598 0.020032 0.977117 0.021921 0.976991 0.026078 0.970819 0.034644 0.966032 0.033132 0.963135 0.034896 0.960490 0.035148 0.960238 0.037541 0.961623 0.041320 0.949405 0.046107 0.941217 0.029605 0.945374 0.027212 0.943862 0.021921 0.942476 0.021039 0.938697 0.021417 0.935800 0.010206 0.937816 0.006301 0.938697 0.005294 0.945626 0.004286 0.945751 0.000004 0.961880 0.000003
0 0.944159 0.118514 0.916464 0.153014 0.890361 0.127583 0.915676 0.098316 0.944159 0.118514
0 0.830557 0.057728 0.823001 0.057407 0.823001 0.053548 0.799207 0.033131 0.816536 0.012880 0.837309 0.030559 0.836023 0.034578 0.838435 0.038115 0.834576 0.050655 0.834415 0.051458 0.830396 0.051137 0.830557 0.057728
0 0.793427 0.000007 0.795349 0.001781 0.795831 0.007890 0.809336 0.018340 0.803066 0.026218 0.790365 0.016411 0.782648 0.026057 0.768179 0.012874 0.765607 0.009659 0.767375 0.003550 0.771066 0.000007 0.793427 0.000007
0 0.236994 0.057396 0.230242 0.031673 0.243425 0.027654 0.240531 0.017043 0.263360 0.010773 0.264164 0.013828 0.269951 0.012059 0.270434 0.023635 0.267540 0.024599 0.267701 0.032155 0.265450 0.035692 0.267058 0.049036 0.236994 0.057396
0 0.282033 0.045744 0.277049 0.009732 0.299075 0.007159 0.299718 0.009892 0.313544 0.007963 0.313544 0.011500 0.319975 0.010696 0.320618 0.034972 0.315151 0.035615 0.316759 0.042850 0.282033 0.045744
0 0.323325 0.045826 0.324450 0.015441 0.332650 0.015924 0.332066 0.019543 0.342296 0.018638 0.342296 0.006278 0.363035 0.006599 0.361909 0.019621 0.365929 0.019621 0.364321 0.038592 0.358694 0.038431 0.357408 0.045987 0.323325 0.045826
0 0.491697 0.061274 0.488170 0.060392 0.485651 0.068580 0.483888 0.069462 0.480738 0.069588 0.477967 0.067698 0.475700 0.065179 0.474566 0.062282 0.464237 0.059007 0.466000 0.051701 0.456679 0.049056 0.463355 0.027515 0.473026 0.030902 0.474440 0.025878 0.498248 0.033058 0.498122 0.034569 0.506309 0.038474 0.506309 0.042127 0.500263 0.057495 0.493461 0.053338 0.491697 0.061274
0 0.612534 0.091404 0.625825 0.102659 0.608819 0.125332 0.607308 0.123947 0.598868 0.132638 0.574179 0.110972 0.580225 0.100517 0.591940 0.088928 0.604915 0.100265 0.612534 0.091404
0 0.645896 0.131065 0.656361 0.139888 0.648359 0.147890 0.644050 0.144608 0.637279 0.153430 0.615529 0.133322 0.627635 0.119780 0.625788 0.115266 0.637484 0.109316 0.654104 0.123473 0.645896 0.131065
0 0.998872 0.487598 0.976222 0.462971 0.984019 0.454764 0.979710 0.449840 0.995715 0.433630 0.998872 0.436491 0.998872 0.487598
0 0.867290 0.461656 0.854268 0.448151 0.881759 0.419696 0.887708 0.424840 0.894139 0.418249 0.905392 0.427895 0.900891 0.434165 0.909894 0.442042 0.890602 0.463746 0.876936 0.451688 0.867290 0.461656
0 0.817051 0.420116 0.802893 0.406984 0.811100 0.396725 0.797558 0.384003 0.816846 0.361638 0.831003 0.374154 0.831003 0.377642 0.834902 0.377848 0.843315 0.368820 0.853163 0.376822 0.817051 0.420116
0 0.748798 0.361851 0.732039 0.347186 0.737800 0.340901 0.726277 0.329379 0.744085 0.308952 0.760321 0.323356 0.765297 0.319166 0.777343 0.328855 0.748798 0.361851
0 0.700049 0.387881 0.696648 0.399344 0.689468 0.398588 0.686445 0.406650 0.675612 0.402241 0.680651 0.385991 0.693247 0.389266 0.694003 0.385362 0.700049 0.387881
0 0.719079 0.449843 0.688596 0.450346 0.688974 0.437876 0.718576 0.435734 0.719079 0.449843
0 0.577806 0.450723 0.576359 0.422910 0.655296 0.423071 0.656100 0.450241 0.577806 0.450723
0 0.388922 0.460519 0.388101 0.488014 0.310541 0.487194 0.310746 0.460109 0.388922 0.460519
0 0.102773 0.457949 0.117511 0.445227 0.139807 0.459587 0.155175 0.485284 0.139807 0.499392 0.119149 0.481505 0.102773 0.457949
0 0.490216 0.999009 0.490842 0.996298 0.487147 0.995436 0.487763 0.988786 0.483207 0.985953 0.483207 0.980904 0.477542 0.980165 0.478896 0.966373 0.489241 0.966003 0.488625 0.969328 0.511900 0.969328 0.511654 0.968466 0.513378 0.968589 0.513871 0.965634 0.530619 0.964895 0.529141 0.982751 0.524215 0.982382 0.524338 0.989155 0.535545 0.989278 0.535176 0.998022 0.534710 0.999009 0.516172 0.999009 0.516826 0.998638 0.516457 0.996298 0.509314 0.995313 0.509314 0.998268 0.507467 0.998391 0.507277 0.999009 0.490216 0.999009
0 0.998872 0.319305 0.993016 0.314250 0.984404 0.322408 0.970127 0.310624 0.980099 0.297027 0.983498 0.300879 0.997095 0.283430 0.998002 0.285016 0.998872 0.283467 0.998872 0.319305
