0 0.706067 0.886641 0.685482 0.898593 0.692271 0.906392 0.676228 0.917772 0.684620 0.922696 0.662241 0.947562 0.625355 0.917884 0.626819 0.916330 0.613890 0.892833 0.638941 0.882403 0.640794 0.884154 0.667836 0.871721 0.664727 0.866748 0.688230 0.854386 0.706067 0.886641
0 0.672038 0.832466 0.689784 0.842389 0.682533 0.855746 0.664787 0.846968 0.672038 0.832466
0 0.214435 0.663099 0.214626 0.659282 0.265001 0.659473 0.264620 0.689050 0.260422 0.689431 0.260231 0.699354 0.222163 0.699756 0.222067 0.689431 0.219205 0.689241 0.219014 0.693248 0.202604 0.693057 0.202795 0.663099 0.214435 0.663099
0 0.177923 0.661182 0.177879 0.677487 0.164358 0.677588 0.164508 0.661496 0.177923 0.661182
0 0.198932 0.370979 0.219756 0.391546 0.212165 0.398307 0.218122 0.403923 0.181211 0.437590 0.157483 0.413696 0.167256 0.405135 0.164775 0.402273 0.198932 0.370979
0 0.187899 0.713347 0.214804 0.732620 0.206408 0.744641 0.178930 0.725368 0.187899 0.713347
0 0.139792 0.411215 0.152790 0.423132 0.137577 0.436720 0.131585 0.431541 0.129310 0.432859 0.123126 0.426953 0.139792 0.411215
0 0.045286 0.203881 0.033455 0.208079 0.022388 0.177548 0.066276 0.161710 0.065131 0.158275 0.079251 0.153123 0.092609 0.186707 0.069520 0.195485 0.070855 0.200065 0.047194 0.208461 0.045286 0.203881
0 0.297627 0.000008 0.307581 0.002631 0.300275 0.024305 0.287367 0.020652 0.282253 0.034290 0.254733 0.024549 0.263741 0.000008 0.297627 0.000008
0 0.330754 0.000008 0.359941 0.006527 0.358724 0.012372 0.374797 0.016025 0.367978 0.049146 0.364325 0.047929 0.361403 0.057670 0.357506 0.056939 0.356045 0.063515 0.318296 0.054260 0.330715 0.000008 0.330754 0.000008
0 0.404022 0.011154 0.423017 0.015782 0.421556 0.020896 0.427645 0.022357 0.424479 0.034778 0.415224 0.032586 0.412302 0.045493 0.439334 0.052556 0.432028 0.081537 0.410354 0.076666 0.410597 0.072526 0.385513 0.066681 0.397690 0.014077 0.402804 0.014564 0.404022 0.011154
0 0.487324 0.061886 0.476481 0.017419 0.519195 0.007554 0.521953 0.019549 0.509922 0.022141 0.510876 0.025958 0.505563 0.026805 0.508055 0.040709 0.527045 0.035958 0.533808 0.064438 0.514205 0.069337 0.513351 0.065528 0.506620 0.067848 0.507985 0.073481 0.485986 0.078468 0.482425 0.063164 0.487324 0.061886
0 0.625860 0.000009 0.612595 0.017695 0.586449 0.000009 0.625860 0.000009
0 -0.000000 0.435726 0.009270 0.435726 0.009652 0.459387 -0.000000 0.459578 -0.000000 0.435726
0 0.259964 0.464953 0.268047 0.459915 0.272733 0.466476 0.265353 0.471278 0.259964 0.464953
0 0.171666 0.679261 0.173594 0.678894 0.175888 0.678985 0.178000 0.679261 0.180019 0.679903 0.180845 0.681647 0.181029 0.684401 0.180294 0.686420 0.178550 0.687981 0.175980 0.688439 0.172768 0.688164 0.170473 0.687522 0.169188 0.685686 0.169096 0.683575 0.169188 0.681647 0.170014 0.680270 0.171666 0.679261
0 0.196540 0.673754 0.196357 0.686053 0.189106 0.685961 0.189381 0.673662 0.196540 0.673754
4 0.090179 0.147279 0.095044 0.145168 0.097522 0.150400 0.092565 0.152511 0.090179 0.147279
0 0.284109 0.774511 0.321686 0.765281 0.329597 0.794288 0.326960 0.802858 0.323004 0.801210 0.319378 0.801539 0.292350 0.806813 0.284109 0.774511
0 -0.000000 0.634938 0.005939 0.633389 0.011879 0.645011 0.007230 0.648110 0.007747 0.650693 0.003873 0.651467 -0.000000 0.647852 -0.000000 0.634938
4 0.089630 0.541872 0.096603 0.544971 0.093246 0.551428 0.087822 0.548587 0.089630 0.541872
4 0.105126 0.553236 0.112358 0.555302 0.110033 0.560725 0.103060 0.558401 0.105126 0.553236
4 0.125787 0.561758 0.129661 0.565116 0.127854 0.567698 0.122688 0.564858 0.125787 0.561758
4 0.155230 0.578546 0.164011 0.580612 0.162203 0.585519 0.154971 0.583969 0.155230 0.578546
4 0.127337 0.582420 0.130178 0.586294 0.128887 0.590168 0.125787 0.590168 0.123980 0.584744 0.127337 0.582420
4 0.113051 0.573480 0.115634 0.580969 0.106078 0.582519 0.105045 0.574513 0.108661 0.571672 0.113051 0.573480
4 0.249157 0.565215 0.252773 0.572705 0.245799 0.577354 0.241667 0.568573 0.249157 0.565215
