0 0.044522 0.439537 0.050217 0.437966 0.050217 0.435216 0.047271 0.430503 0.043736 0.413808 0.045504 0.412826 0.063376 0.409095 0.063966 0.409880 0.065340 0.420290 0.068483 0.421468 0.071822 0.430895 0.076745 0.428890 0.079502 0.421621 0.082841 0.411219 0.088558 0.400195 0.104890 0.406319 0.105707 0.413261 0.105707 0.417344 0.111015 0.420610 0.107340 0.432860 0.101215 0.443476 0.091886 0.445641 0.078763 0.451983 0.056952 0.459498 0.048135 0.457358 0.042827 0.440618 0.044522 0.439537
0 0.035778 0.276178 0.071929 0.239387 0.078648 0.248345 0.089205 0.257623 0.077368 0.267860 0.080887 0.273299 0.063196 0.287492 0.062012 0.288335 0.049855 0.295373 0.042816 0.288975 0.044416 0.287055 0.035778 0.276178
0 0.063196 0.287492 0.080887 0.273299 0.077368 0.267860 0.089205 0.257623 0.095176 0.269029 0.086142 0.276885 0.085945 0.280421 0.084767 0.284152 0.067680 0.296133 0.067287 0.293776 0.063196 0.287492
0 0.238269 0.079095 0.250250 0.064757 0.256927 0.069668 0.260855 0.065543 0.256364 0.059418 0.265347 0.047577 0.280863 0.059827 0.253506 0.095758 0.235948 0.081876 0.238269 0.079095
0 0.141491 0.263678 0.144798 0.235382 0.164601 0.237889 0.160938 0.266840 0.141491 0.263678
0 0.167928 0.313717 0.174007 0.267009 0.201200 0.270528 0.193842 0.338991 0.164089 0.338031 0.162490 0.347949 0.146174 0.348269 0.150333 0.314037 0.167928 0.313717
0 0.135086 0.383871 0.148049 0.380925 0.150406 0.390156 0.162976 0.388977 0.165136 0.388388 0.161405 0.383281 0.175349 0.371104 0.173385 0.357160 0.188116 0.353232 0.191258 0.364230 0.200686 0.362266 0.205792 0.383871 0.193419 0.394477 0.176724 0.408814 0.171677 0.411747 0.174685 0.417011 0.155133 0.431801 0.148115 0.432803 0.142851 0.415257 0.139341 0.415006 0.132824 0.385427 0.135086 0.383871
0 0.209455 0.357708 0.219482 0.348183 0.229508 0.360466 0.216724 0.369490 0.209455 0.357708
0 0.165969 0.578775 0.163089 0.574936 0.173967 0.559260 0.192202 0.572377 0.194442 0.569497 0.216517 0.526308 0.231553 0.533986 0.230273 0.540064 0.233792 0.541984 0.221635 0.570137 0.222915 0.572057 0.219076 0.579095 0.203080 0.605969 0.165969 0.578775
0 0.256302 0.694733 0.265729 0.683734 0.266515 0.680003 0.267300 0.678235 0.269068 0.678235 0.270246 0.678628 0.278299 0.669593 0.277710 0.666843 0.280852 0.661541 0.297743 0.672146 0.292047 0.679610 0.294993 0.681770 0.298332 0.681574 0.309527 0.690216 0.295919 0.713438 0.268562 0.743653 0.259171 0.745286 0.243655 0.729770 0.247738 0.726912 0.252230 0.721604 0.249372 0.719154 0.255496 0.705680 0.258763 0.702005 0.253863 0.695880 0.256302 0.694733
0 0.225805 0.759015 0.229537 0.757836 0.235625 0.784548 0.223841 0.787297 0.217752 0.769621 0.226394 0.766871 0.224234 0.759997 0.225805 0.759015
0 0.206164 0.747820 0.218341 0.743695 0.226394 0.766871 0.215395 0.770406 0.206164 0.747820
0 0.208897 0.802385 0.230109 0.794529 0.236001 0.809259 0.214593 0.817115 0.208897 0.802385
0 0.214593 0.817115 0.236001 0.809259 0.238750 0.815937 0.217146 0.822811 0.214593 0.817115
0 0.155680 0.847055 0.170803 0.841949 0.172767 0.849216 0.157448 0.854519 0.155680 0.847055
0 0.159412 0.856679 0.173356 0.852162 0.175320 0.857465 0.160983 0.862571 0.159412 0.856679
0 0.155680 0.847055 0.154502 0.843913 0.169232 0.838806 0.170803 0.841949 0.155680 0.847055
0 -0.000000 0.829321 0.012588 0.839487 0.014552 0.845575 0.026337 0.864234 0.023783 0.868751 0.019266 0.867769 0.011999 0.882303 0.015731 0.894087 0.012588 0.897622 -0.000000 0.896484 -0.000000 0.829321
0 0.019342 0.952488 0.050609 0.942066 0.068328 0.994699 0.068312 0.999004 0.031233 0.999003 0.019342 0.952488
0 0.195172 0.901083 0.223325 0.892445 0.225884 0.892445 0.228124 0.900443 0.236442 0.897564 0.232923 0.888926 0.266514 0.881248 0.283790 0.944272 0.261396 0.952590 0.209888 0.965067 0.206689 0.947152 0.208928 0.945552 0.205089 0.936914 0.202210 0.936594 0.199331 0.925077 0.199651 0.924757 0.193252 0.901723 0.195172 0.901083
3 0.331745 0.910464 0.360735 0.880657 0.367268 0.888007 0.371351 0.894132 0.354202 0.913731 0.362777 0.924755 0.377476 0.915772 0.384009 0.920264 0.390134 0.927613 0.354611 0.958645 0.349303 0.951295 0.345628 0.948437 0.351344 0.941496 0.341545 0.929655 0.333787 0.925980 0.326029 0.915364 0.331745 0.910464
0 0.542067 0.198098 0.555101 0.193085 0.565629 0.218151 0.560867 0.220658 0.563373 0.225421 0.557107 0.226925 0.562371 0.234445 0.551592 0.239959 0.523517 0.250237 0.515997 0.231687 0.547832 0.217149 0.541315 0.198349 0.542067 0.198098
0 0.539432 0.263852 0.538646 0.259531 0.549252 0.249318 0.559465 0.241658 0.576945 0.254228 0.577927 0.252068 0.596193 0.269940 0.589515 0.290956 0.584605 0.295080 0.565554 0.281332 0.539432 0.263852
0 0.803162 0.000006 0.802492 0.011227 0.790027 0.011843 0.786795 0.039389 0.777254 0.042313 0.768329 0.039081 0.768175 0.031849 0.768637 0.026770 0.777408 0.026770 0.777870 0.009996 0.774023 0.009535 0.768175 0.008611 0.768021 0.003687 0.772945 0.003225 0.772484 0.000763 0.772802 0.000007 0.803162 0.000006
0 0.638222 0.220718 0.636942 0.199603 0.654538 0.197683 0.658377 0.227116 0.663176 0.228076 0.683971 0.226476 0.683971 0.231595 0.693569 0.230955 0.698048 0.260068 0.691329 0.262628 0.689410 0.269346 0.670214 0.271905 0.669574 0.265507 0.655178 0.269666 0.635663 0.272225 0.633423 0.261668 0.633423 0.254310 0.635343 0.251110 0.634703 0.236394 0.633103 0.233515 0.632463 0.221997 0.638222 0.220718
0 0.514485 0.959334 0.511539 0.945782 0.525484 0.943032 0.528203 0.957263 0.513896 0.959530 0.514485 0.959334
0 0.752590 0.218094 0.752339 0.209822 0.758104 0.209070 0.757102 0.197038 0.762115 0.196035 0.762366 0.192526 0.751587 0.192776 0.751336 0.179992 0.758856 0.179491 0.759107 0.178739 0.756099 0.176734 0.755848 0.157933 0.775902 0.158685 0.775651 0.177235 0.773144 0.178739 0.773646 0.184003 0.779662 0.181246 0.780163 0.175480 0.787934 0.175480 0.792697 0.181998 0.792947 0.184504 0.795955 0.184755 0.811747 0.179992 0.812750 0.170718 0.830547 0.171219 0.832051 0.196787 0.823529 0.199294 0.819518 0.202552 0.811246 0.202552 0.819017 0.208819 0.818014 0.222355 0.803726 0.225864 0.789939 0.220851 0.785177 0.220099 0.784675 0.228622 0.781667 0.230627 0.776403 0.230878 0.770638 0.230376 0.769134 0.226616 0.768883 0.220350 0.752590 0.218094
0 0.849649 0.114253 0.851221 0.104040 0.860255 0.104040 0.860255 0.127216 0.836687 0.126627 0.835901 0.114450 0.849649 0.114253
0 0.686094 0.576668 0.684495 0.554913 0.712008 0.554913 0.717447 0.549474 0.721606 0.553633 0.720006 0.560032 0.718406 0.570589 0.726404 0.572829 0.727684 0.582107 0.723525 0.585626 0.718726 0.588505 0.715847 0.597143 0.714567 0.600982 0.693772 0.600982 0.691853 0.608020 0.683215 0.608340 0.679376 0.610900 0.677456 0.610900 0.671698 0.609620 0.671058 0.607380 0.661460 0.607060 0.661460 0.611219 0.658581 0.613459 0.654742 0.615059 0.649623 0.613779 0.647064 0.607380 0.633947 0.605461 0.633947 0.600022 0.625309 0.598742 0.623069 0.591704 0.619550 0.591704 0.617951 0.571869 0.630108 0.570909 0.647384 0.571229 0.650263 0.569949 0.661460 0.570909 0.661780 0.572509 0.668179 0.573469 0.675217 0.577308 0.686094 0.576668
0 0.862000 0.747741 0.866799 0.713829 0.883755 0.715428 0.883435 0.727586 0.889833 0.729505 0.896232 0.728225 0.906149 0.733024 0.907749 0.732064 0.922465 0.737183 0.922785 0.733024 0.941341 0.733344 0.941341 0.737823 0.944220 0.744541 0.952858 0.748061 0.951258 0.761817 0.930463 0.760858 0.929184 0.762137 0.918946 0.762457 0.913188 0.765656 0.861680 0.756698 0.862000 0.747741
0 0.805378 0.729412 0.804125 0.717380 0.826685 0.715625 0.827687 0.734174 0.806130 0.735929 0.805378 0.729412
0 0.804125 0.717380 0.803623 0.711865 0.825933 0.710110 0.826685 0.715625 0.804125 0.717380
0 0.806130 0.735929 0.827687 0.734174 0.827687 0.740942 0.806381 0.741694 0.806130 0.735929
0 0.998866 0.845843 0.981449 0.850720 0.974430 0.830667 0.960142 0.828160 0.963401 0.794822 0.966158 0.793067 0.971673 0.793819 0.977939 0.796326 0.991995 0.797266 0.991419 0.791604 0.998866 0.788464 0.998866 0.845843
3 0.343525 0.011292 0.340755 0.005753 0.353681 0.003290 0.357067 0.020526 0.360914 0.030375 0.349834 0.034376 0.346141 0.033606 0.337985 0.012677 0.343525 0.011292
0 0.353681 0.003290 0.358606 0.003906 0.362607 0.018833 0.357067 0.020526 0.353681 0.003290
0 0.002567 0.157989 0.008170 0.156341 0.013774 0.145463 0.040143 0.141508 0.046076 0.147441 0.047065 0.151067 0.049373 0.170185 0.049373 0.173481 0.049043 0.179085 0.050361 0.191940 0.051021 0.197873 0.050691 0.207761 0.047395 0.214683 0.026629 0.218968 0.021685 0.216661 0.014763 0.201169 0.008500 0.201499 0.002567 0.157989
0 0.998865 0.518956 0.993737 0.520036 0.981212 0.441916 0.975279 0.395440 0.987145 0.395111 0.991430 0.426754 0.995715 0.425436 0.998865 0.444823 0.998865 0.518956
0 0.847730 0.659545 0.855825 0.658938 0.856634 0.668651 0.847933 0.669258 0.847730 0.659545
0 0.776064 0.782855 0.792050 0.782434 0.792050 0.815668 0.773540 0.816089 0.776064 0.782855
0 0.474464 0.145943 0.483986 0.144941 0.485657 0.154463 0.477137 0.155465 0.474464 0.145943
