0 0.080337 0.080336 0.104993 0.060709 0.113458 0.070551 0.104135 0.078619 0.112108 0.088923 0.129532 0.073441 0.147702 0.095412 0.105815 0.131563 0.090849 0.113286 0.100417 0.105803 0.080337 0.080336
0 0.483644 0.000009 0.477800 0.000626 0.476499 0.005371 0.490916 0.010081 0.480440 0.035455 0.464389 0.028439 0.462947 0.031611 0.441706 0.022384 0.442667 0.020269 0.425366 0.012772 0.430800 0.000009 0.483644 0.000009
0 0.062398 0.234214 0.084330 0.233169 0.084792 0.254686 0.101132 0.254205 0.102194 0.272265 0.096998 0.272114 0.097751 0.289661 0.082313 0.290490 0.082237 0.274675 0.086605 0.274675 0.086681 0.263153 0.080430 0.263379 0.080267 0.256192 0.062805 0.257057 0.062398 0.234214
0 0.450254 0.133372 0.472799 0.118656 0.485793 0.140261 0.493045 0.135581 0.494552 0.137840 0.499070 0.135129 0.497790 0.133548 0.504266 0.129557 0.505772 0.131665 0.514809 0.126318 0.517029 0.116843 0.543588 0.124509 0.546363 0.130971 0.545911 0.133607 0.545083 0.136845 0.539706 0.138800 0.536631 0.138415 0.531056 0.141587 0.535670 0.150718 0.523751 0.157158 0.525672 0.160172 0.514226 0.167251 0.512268 0.164013 0.502779 0.170716 0.500066 0.166429 0.489875 0.165806 0.478551 0.165265 0.476343 0.171766 0.463708 0.168699 0.467117 0.158996 0.450254 0.133372
0 0.517029 0.116843 0.521338 0.097218 0.529189 0.098690 0.529680 0.095501 0.543664 0.098322 0.543173 0.102002 0.547957 0.102984 0.543588 0.124509 0.517029 0.116843
0 0.872540 0.000005 0.873477 0.002186 0.833085 0.016920 0.827165 0.000006 0.872540 0.000005
0 0.554393 0.111599 0.557167 0.090620 0.571446 0.092380 0.571717 0.090552 0.586199 0.092380 0.585929 0.093936 0.594726 0.094816 0.594185 0.101245 0.597839 0.101516 0.597704 0.108215 0.592222 0.107877 0.591343 0.118096 0.582207 0.116201 0.581914 0.118205 0.572056 0.116810 0.572529 0.114035 0.554393 0.111599
0 0.646442 0.021095 0.662932 0.025973 0.658637 0.041562 0.642094 0.035783 0.646442 0.021095
0 0.854237 0.462779 0.871654 0.447517 0.910438 0.491688 0.920135 0.482710 0.931267 0.498152 0.894099 0.532088 0.881350 0.516646 0.893021 0.504257 0.854237 0.462779
0 0.901568 0.540007 0.924777 0.517969 0.939879 0.535827 0.915958 0.557212 0.901568 0.540007
0 0.808333 0.509633 0.827766 0.521293 0.840549 0.517060 0.852152 0.551125 0.835224 0.557257 0.833928 0.552852 0.792920 0.563676 0.778149 0.574148 0.768118 0.560369 0.779084 0.530550 0.784852 0.529424 0.783445 0.524922 0.797514 0.520702 0.808333 0.509633
0 0.601999 0.386443 0.607480 0.383736 0.605653 0.379405 0.618274 0.373344 0.620144 0.377041 0.624880 0.374424 0.632648 0.389778 0.608787 0.400966 0.601999 0.386443
0 0.639274 0.392119 0.651247 0.385661 0.663146 0.407982 0.651056 0.414822 0.639274 0.392119
0 0.671871 0.491201 0.691933 0.478788 0.700257 0.493338 0.680361 0.505722 0.671871 0.491201
0 0.689217 0.514419 0.703162 0.505935 0.711275 0.520941 0.696979 0.529314 0.689217 0.514419
0 0.672481 0.530606 0.686811 0.522338 0.697173 0.539204 0.712605 0.529503 0.721424 0.545708 0.690779 0.563565 0.672481 0.530606
0 0.729155 0.457802 0.744652 0.448626 0.767056 0.486284 0.741703 0.502392 0.734240 0.489542 0.737083 0.487782 0.727284 0.472241 0.734453 0.467404 0.729155 0.457802
0 0.936530 0.727440 0.991206 0.735928 0.984040 0.770210 0.929145 0.758746 0.930798 0.750809 0.922531 0.749156 0.927216 0.729424 0.935428 0.731519 0.936530 0.727440
0 0.804300 0.785816 0.841468 0.764988 0.858526 0.798924 0.856551 0.800181 0.863733 0.813109 0.830156 0.831244 0.823512 0.818137 0.820674 0.819380 0.804300 0.785816
0 0.772504 0.772407 0.789457 0.763942 0.816702 0.820868 0.766465 0.848419 0.743392 0.800444 0.759149 0.792284 0.767449 0.808323 0.777795 0.803066 0.776241 0.800215 0.783323 0.796329 0.772504 0.772407
0 0.661440 0.791733 0.678857 0.785780 0.684038 0.799008 0.705974 0.788756 0.723816 0.837583 0.682200 0.856826 0.680559 0.851644 0.613741 0.877900 0.579707 0.793588 0.601859 0.785175 0.623718 0.838461 0.638527 0.832589 0.639543 0.834890 0.650438 0.830288 0.652739 0.835296 0.672635 0.827919 0.669793 0.821693 0.672190 0.820694 0.661440 0.791733
0 0.480008 0.714759 0.495554 0.710441 0.504451 0.741880 0.488140 0.747102 0.480008 0.714759
0 0.472998 0.696283 0.476194 0.710534 0.437068 0.720899 0.434391 0.706302 0.472998 0.696283
0 0.289185 0.599351 0.321891 0.590987 0.320931 0.587165 0.337660 0.582932 0.338783 0.586559 0.349925 0.583795 0.356581 0.612868 0.295733 0.627784 0.289185 0.599351
0 0.353746 0.668538 0.332024 0.674189 0.324879 0.645553 0.345678 0.640231 0.353746 0.668538
0 0.376793 0.659079 0.354150 0.664961 0.345541 0.632753 0.367745 0.627703 0.376793 0.659079
0 0.352948 0.675044 0.378080 0.668456 0.379724 0.674224 0.386776 0.672050 0.387677 0.674595 0.394305 0.672527 0.396885 0.684095 0.390752 0.685391 0.393137 0.697457 0.362223 0.707156 0.352948 0.675044
0 0.379331 0.732733 0.394284 0.728862 0.395397 0.731884 0.399374 0.730665 0.402894 0.744303 0.398467 0.745312 0.398760 0.747167 0.383643 0.750992 0.383145 0.749122 0.377868 0.750161 0.374661 0.735730 0.379804 0.734511 0.379331 0.732733
0 0.404907 0.818016 0.425142 0.812670 0.432703 0.842609 0.411812 0.847911 0.404907 0.818016
0 0.518507 0.846098 0.539751 0.840049 0.544534 0.857072 0.548333 0.855665 0.553397 0.878597 0.549740 0.879441 0.556236 0.903129 0.476723 0.924853 0.471518 0.897840 0.493670 0.892667 0.494211 0.895035 0.500911 0.893682 0.500437 0.891381 0.525051 0.886440 0.521855 0.872880 0.518724 0.873527 0.517062 0.864678 0.522338 0.863722 0.518507 0.846098
0 0.379823 0.928176 0.395098 0.923522 0.401710 0.951238 0.406011 0.949922 0.421768 0.945842 0.429567 0.943922 0.417999 0.891669 0.435618 0.887868 0.440977 0.909350 0.444403 0.908817 0.456885 0.962428 0.439087 0.966894 0.438343 0.964797 0.433402 0.966015 0.434688 0.971361 0.412324 0.977360 0.410361 0.971404 0.392310 0.975972 0.379823 0.928176
0 0.406011 0.949922 0.401368 0.930225 0.416422 0.926708 0.421768 0.945842 0.406011 0.949922
0 0.906695 0.848259 0.929064 0.835878 0.951715 0.874708 0.919075 0.894967 0.906273 0.873864 0.918231 0.866970 0.906695 0.848259
0 0.905533 0.901715 0.874019 0.919019 0.870080 0.911563 0.878662 0.907905 0.861779 0.876953 0.881928 0.866255 0.888951 0.878218 0.895404 0.874280 0.901172 0.884832 0.896981 0.886792 0.905533 0.901715
0 0.014347 0.686466 0.025838 0.673538 0.056363 0.698676 0.045192 0.713337 0.014347 0.686466
0 0.022247 0.667254 0.033739 0.654325 0.059954 0.677309 0.049181 0.690057 0.022247 0.667254
0 0.013497 0.710154 0.022647 0.699351 0.049874 0.721508 0.039071 0.733082 0.013497 0.710154
0 0.006758 0.729426 0.018159 0.716730 0.044329 0.739273 0.033188 0.751710 0.006758 0.729426
0 0.010436 0.737146 0.040088 0.759964 0.028073 0.775286 -0.000000 0.750704 0.010436 0.737146
0 0.026538 0.776769 0.016838 0.790048 -0.000000 0.775828 -0.000000 0.761387 0.003610 0.757860 0.026538 0.776769
0 -0.000000 0.786716 0.009601 0.790641 0.020023 0.790641 0.018872 0.803567 0.010684 0.801942 0.010210 0.804988 -0.000000 0.801330 -0.000000 0.786716
0 -0.000000 0.815348 0.014054 0.818025 0.011981 0.830117 -0.000000 0.828303 -0.000000 0.815348
0 -0.000000 0.830999 0.011193 0.832802 0.009550 0.845316 -0.000000 0.843884 -0.000000 0.830999
0 -0.000000 0.854838 0.006004 0.855609 0.004351 0.867735 -0.000000 0.866522 -0.000000 0.854838
0 0.066041 0.624147 0.086018 0.622318 0.089254 0.661007 0.069136 0.662976 0.066041 0.624147
0 0.104542 0.651032 0.116071 0.663905 0.084645 0.689923 0.073291 0.674711 0.104542 0.651032
0 0.113379 0.668750 0.122650 0.680187 0.093762 0.705720 0.084221 0.693159 0.113379 0.668750
0 0.120651 0.685534 0.129652 0.697107 0.100397 0.721682 0.091464 0.710313 0.120651 0.685534
0 0.127502 0.700594 0.136603 0.712560 0.108033 0.736836 0.099104 0.724931 0.127502 0.700594
0 0.104630 0.742074 0.129312 0.720094 0.139071 0.732532 0.113959 0.755178 0.104630 0.742074
0 0.069858 0.758982 0.098890 0.757240 0.099025 0.772178 0.070196 0.773532 0.069858 0.758982
0 0.118427 0.760648 0.129817 0.762735 0.125141 0.789263 0.113095 0.787368 0.118427 0.760648
0 0.096545 0.773000 0.096420 0.785962 0.074526 0.786586 0.075066 0.774039 0.096545 0.773000
0 0.074687 0.788880 0.100127 0.788122 0.100623 0.803474 0.074800 0.804005 0.074687 0.788880
0 0.083656 0.838407 0.096351 0.837821 0.096547 0.839514 0.103382 0.839155 0.103817 0.850822 0.080967 0.851072 0.080468 0.841308 0.083833 0.841142 0.083656 0.838407
0 0.053414 0.795678 0.069452 0.798351 0.064528 0.831835 0.047224 0.830006 0.053414 0.795678
0 0.041675 0.836357 0.050586 0.835720 0.050586 0.832910 0.061880 0.832539 0.061986 0.834766 0.070947 0.833970 0.071371 0.845052 0.041625 0.846961 0.041675 0.836357
0 0.043228 0.847643 0.071354 0.845857 0.071479 0.856950 0.057519 0.857033 0.057561 0.859650 0.048130 0.860024 0.048130 0.858487 0.043352 0.858695 0.043228 0.847643
0 0.018220 0.849076 0.039960 0.843826 0.040437 0.860476 0.017372 0.865354 0.018220 0.849076
0 0.013899 0.868428 0.039411 0.861525 0.040562 0.870999 0.014305 0.878782 0.013899 0.868428
0 0.011259 0.881895 0.041374 0.872082 0.042795 0.882572 0.012342 0.892452 0.011259 0.881895
0 0.012740 0.897630 0.034109 0.885647 0.039146 0.894077 0.017672 0.906273 0.012740 0.897630
0 0.044290 0.861051 0.072374 0.858476 0.073081 0.867740 0.045079 0.870690 0.044290 0.861051
0 0.043549 0.873618 0.060410 0.873299 0.060463 0.872027 0.073401 0.871444 0.073454 0.882950 0.058772 0.882958 0.058805 0.884781 0.057861 0.884879 0.058036 0.894014 0.049572 0.894209 0.049735 0.887145 0.048205 0.887048 0.048205 0.889294 0.044168 0.889099 0.044299 0.883793 0.043647 0.883760 0.043549 0.873618
0 0.104923 0.852612 0.104964 0.863746 0.078727 0.864633 0.078780 0.852702 0.104923 0.852612
0 0.107565 0.864963 0.107498 0.878092 0.082188 0.878633 0.081966 0.865882 0.107565 0.864963
0 0.085621 0.879169 0.107437 0.878916 0.107596 0.884855 0.103990 0.884855 0.104202 0.891960 0.099229 0.892052 0.099164 0.890554 0.094411 0.890684 0.094411 0.892019 0.084223 0.891954 0.084157 0.887266 0.085394 0.887234 0.085621 0.879169
0 0.092125 0.897066 0.110224 0.896740 0.110419 0.905595 0.090035 0.906117 0.089872 0.899932 0.092053 0.899964 0.092125 0.897066
0 0.025141 0.908815 0.038005 0.908469 0.038091 0.910456 0.061239 0.909333 0.061929 0.924361 0.040483 0.925061 0.040608 0.930587 0.030429 0.930670 0.030040 0.922105 0.025290 0.922277 0.025141 0.908815
0 0.043371 0.931454 0.077660 0.928776 0.078783 0.941127 0.079539 0.940977 0.080251 0.949073 0.057104 0.952528 0.056154 0.946223 0.043630 0.947173 0.043371 0.931454
0 0.129837 0.842322 0.134674 0.844049 0.135279 0.842322 0.146507 0.845258 0.140461 0.864864 0.146593 0.866764 0.142361 0.880411 0.119300 0.872206 0.129837 0.842322
0 0.089506 0.910337 0.110026 0.909276 0.110397 0.924017 0.088446 0.924441 0.088393 0.921684 0.087120 0.921684 0.087014 0.915374 0.089479 0.915215 0.089506 0.910337
0 0.056235 0.956440 0.081748 0.950484 0.083846 0.963342 0.058130 0.969839 0.056235 0.956440
0 0.088014 0.999005 0.067639 0.974036 0.070505 0.971876 0.070007 0.970795 0.079022 0.965228 0.080102 0.966475 0.082803 0.964397 0.103963 0.992944 0.095146 0.999005 0.088014 0.999005
0 0.068154 0.985303 0.055345 0.999004 0.048130 0.999004 0.042266 0.991592 0.059648 0.975547 0.068154 0.985303
0 0.059336 0.975176 0.041963 0.991211 0.030694 0.976960 0.048400 0.962622 0.059336 0.975176
0 0.077610 0.996030 0.074721 0.999004 0.056015 0.999004 0.068477 0.985674 0.077610 0.996030
0 0.017258 0.976674 0.020367 0.974601 0.025031 0.982375 0.021922 0.984188 0.022334 0.985059 0.000111 0.999003 -0.000000 0.999003 -0.000000 0.979399 0.013506 0.970439 0.017258 0.976674
0 0.013252 0.970020 -0.000000 0.978099 -0.000000 0.963388 0.006934 0.959521 0.013252 0.970020
0 0.006680 0.959102 -0.000000 0.961949 -0.000000 0.947485 0.006680 0.959102
0 0.128560 0.912850 0.137142 0.887808 0.146850 0.890903 0.144739 0.900470 0.150086 0.902580 0.144739 0.919322 0.128560 0.912850
0 0.951869 0.696521 0.958842 0.708401 0.946703 0.713825 0.939214 0.702203 0.951869 0.696521
0 0.998864 0.727855 0.996290 0.728288 0.965557 0.667595 0.966590 0.661914 0.977437 0.658298 0.979245 0.659589 0.996290 0.688257 0.998864 0.688526 0.998864 0.727855
0 0.923460 0.700912 0.921910 0.700137 0.911579 0.680250 0.924493 0.673794 0.936373 0.694972 0.923460 0.700912
0 0.750231 0.665301 0.760220 0.661813 0.774172 0.688767 0.758793 0.695743 0.745316 0.668947 0.750231 0.665301
0 0.470438 0.666624 0.483293 0.663658 0.487249 0.678491 0.472416 0.682446 0.471757 0.674535 0.470438 0.666624
0 0.512917 0.581101 0.520665 0.605636 0.500779 0.611060 0.493289 0.587041 0.512917 0.581101
0 0.606409 0.603828 0.612607 0.615967 0.601760 0.621907 0.595562 0.608735 0.606409 0.603828
0 0.417445 0.882745 0.415637 0.878096 0.425193 0.875772 0.426226 0.880421 0.417445 0.882745
0 0.263719 0.917284 0.275599 0.917026 0.276116 0.927356 0.264752 0.928906 0.263719 0.917284
0 0.384036 0.025158 0.393396 0.026513 0.389948 0.043877 0.380465 0.041660 0.384036 0.025158
0 0.997281 0.854045 0.998864 0.860974 0.998864 0.862025 0.971446 0.867868 0.969180 0.870135 0.956036 0.873760 0.955129 0.864469 0.963741 0.857670 0.961021 0.854271 0.976658 0.843847 0.982097 0.847246 0.997281 0.854045
0 0.998864 0.623911 0.995252 0.622991 0.993407 0.613461 0.994637 0.608850 0.976807 0.581490 0.998864 0.572719 0.998864 0.623911
0 0.672709 0.033124 0.679725 0.034961 0.677219 0.043147 0.669869 0.041644 0.672709 0.033124
0 0.652590 0.511226 0.665501 0.526289 0.666424 0.536434 0.655664 0.540123 0.656586 0.541968 0.648286 0.544734 0.639678 0.522908 0.652590 0.511226
0 0.078041 0.820649 0.089735 0.819479 0.089735 0.823154 0.100260 0.822820 0.105606 0.831507 0.103768 0.836686 0.080547 0.837521 0.078041 0.820649
0 0.138023 0.811183 0.134397 0.829992 0.137343 0.830672 0.134397 0.838830 0.124652 0.845402 0.118307 0.840190 0.121027 0.830672 0.114908 0.828406 0.121933 0.806424 0.138023 0.811183
0 0.255208 0.802163 0.267646 0.801670 0.267646 0.813492 0.255700 0.814231 0.255208 0.802163
