3 0.184897 0.662371 0.194704 0.680616 0.169616 0.692020 0.160950 0.670809 0.184897 0.662371
1 0.346596 0.608483 0.355034 0.608711 0.354806 0.636079 0.345228 0.636079 0.346596 0.608483
3 0.207838 0.386222 0.235890 0.388047 0.233838 0.440958 0.208750 0.438678 0.208750 0.430695 0.199628 0.429099 0.203049 0.385766 0.207838 0.386222
3 0.180242 0.340153 0.183435 0.346767 0.170891 0.352240 0.167470 0.344714 0.180242 0.340153
1 0.251634 0.424016 0.259423 0.424126 0.258655 0.440911 0.249879 0.441130 0.251634 0.424016
3 0.187681 0.535276 0.207017 0.532086 0.208872 0.539508 0.189406 0.543675 0.187551 0.539508 0.187290 0.535407 0.187681 0.535276
3 0.707909 0.954671 0.711787 0.960601 0.694910 0.969724 0.691033 0.963794 0.707909 0.954671
3 0.711950 0.929364 0.713924 0.928596 0.727089 0.935617 0.724566 0.940664 0.710853 0.933533 0.711950 0.929364
3 0.715690 0.940554 0.724357 0.940883 0.724247 0.951634 0.715361 0.951415 0.715690 0.940554
3 0.759941 0.971657 0.779061 0.984344 0.771020 0.997568 0.746181 0.980770 0.749934 0.974873 0.755473 0.979341 0.759941 0.971657
3 0.181873 0.758110 0.200222 0.745182 0.218154 0.756441 0.198971 0.769786 0.181873 0.758110
