0 0.677479 0.465794 0.691382 0.526688 0.617420 0.542815 0.606297 0.489985 0.620478 0.487204 0.622703 0.479419 0.629654 0.477472 0.627986 0.470243 0.662742 0.462735 0.664132 0.468296 0.677479 0.465794
0 0.677302 0.602647 0.645783 0.637261 0.634106 0.628069 0.664881 0.592710 0.677302 0.602647
0 0.635427 0.648425 0.641363 0.679103 0.633042 0.681487 0.626144 0.652024 0.635427 0.648425
0 0.574839 0.148155 0.600745 0.155963 0.594357 0.179739 0.567386 0.170867 0.574839 0.148155
0 0.496057 0.192160 0.493573 0.201386 0.499251 0.214517 0.544675 0.225873 0.536512 0.258876 0.485056 0.245745 0.464473 0.208484 0.471216 0.181868 0.496057 0.192160
0 0.446717 0.279038 0.502425 0.310742 0.489744 0.338370 0.434488 0.309836 0.446717 0.279038
3 0.457151 0.145622 0.473000 0.150071 0.464102 0.189832 0.449922 0.188720 0.445195 0.173427 0.447141 0.164252 0.452424 0.165086 0.457151 0.145622
3 0.120616 0.006321 0.135430 0.010460 0.138263 0.003053 0.153295 0.006974 0.143709 0.038564 0.113862 0.029414 0.120616 0.006321
0 0.095504 0.039198 0.114133 0.043369 0.111353 0.061165 0.123309 0.062555 0.116636 0.115107 0.108850 0.114273 0.083399 0.104830 0.090777 0.068672 0.095504 0.039198
0 0.076761 0.117019 0.095715 0.111137 0.102686 0.128348 0.083079 0.135755 0.076761 0.117019
0 0.063544 0.154079 0.088013 0.142957 0.093574 0.155469 0.119711 0.145459 0.128887 0.170762 0.076891 0.190782 0.063544 0.154079
3 0.139723 0.219553 0.174480 0.211768 0.178095 0.225670 0.195334 0.220387 0.201451 0.245412 0.148621 0.256812 0.139723 0.219553
0 0.150961 0.000006 0.149495 0.004675 0.139645 0.000903 0.139957 0.000006 0.150961 0.000006
0 0.069778 0.254265 0.084320 0.263091 0.089441 0.258653 0.107364 0.268895 0.105657 0.272821 0.116582 0.277771 0.082850 0.320059 0.056924 0.303284 0.070868 0.276487 0.061717 0.271694 0.069778 0.254265
0 0.125802 0.276504 0.139799 0.284185 0.133825 0.293744 0.137751 0.296305 0.132630 0.305352 0.113170 0.292891 0.117267 0.286233 0.119315 0.287258 0.125802 0.276504
0 0.076628 0.361907 0.102487 0.390269 0.117779 0.386376 0.116389 0.406118 0.083301 0.431977 0.072735 0.417796 0.082745 0.408342 0.077740 0.401391 0.081355 0.396386 0.064393 0.373864 0.076628 0.361907
0 0.015181 0.523837 0.041039 0.513549 0.042430 0.516886 0.065230 0.508266 0.068011 0.514383 0.072737 0.513549 0.079689 0.538852 0.070513 0.542466 0.072737 0.547749 0.039927 0.558315 0.036591 0.550530 0.030751 0.553310 0.025190 0.539130 0.020742 0.540798 0.015181 0.523837
3 0.207253 0.100315 0.230347 0.087610 0.242968 0.114441 0.215180 0.125755 0.207253 0.100315
0 0.142865 0.162640 0.153323 0.158065 0.158987 0.172662 0.148530 0.175930 0.142865 0.162640
3 0.209336 0.144451 0.225022 0.162315 0.190164 0.185844 0.178181 0.163622 0.209336 0.144451
0 0.468251 0.861750 0.477983 0.857579 0.478261 0.848960 0.494944 0.837560 0.503842 0.840618 0.512462 0.833945 0.525530 0.851184 0.525530 0.862028 0.517745 0.867311 0.521359 0.872594 0.492998 0.892614 0.481598 0.875375 0.478261 0.877043 0.468251 0.861750
0 0.702126 0.895033 0.695154 0.921612 0.677289 0.916383 0.683607 0.890458 0.702126 0.895033
0 0.644883 0.887550 0.659328 0.886747 0.659462 0.895040 0.645017 0.894906 0.644883 0.887550
0 0.595989 0.896301 0.611181 0.898178 0.613230 0.892033 0.653344 0.901934 0.645663 0.935391 0.590527 0.922759 0.595989 0.896301
0 0.605528 0.999009 0.643134 0.983687 0.650446 0.999008 0.605528 0.999009
0 0.566502 0.999009 0.561676 0.988551 0.584477 0.980765 0.591861 0.999009 0.566502 0.999009
0 0.687198 0.826283 0.717784 0.822112 0.711667 0.875498 0.684696 0.874664 0.684418 0.868547 0.676076 0.868269 0.677188 0.846859 0.677467 0.834347 0.686086 0.834903 0.687198 0.826283
0 0.388630 0.973166 0.413655 0.969829 0.415045 0.985957 0.388908 0.986791 0.388630 0.973166
0 -0.000000 0.624542 0.007678 0.623832 0.008388 0.620993 0.041391 0.620284 0.041746 0.644770 0.021873 0.646189 0.022228 0.650803 -0.000000 0.651158 -0.000000 0.624542
0 -0.000000 0.459358 0.009387 0.468944 0.005029 0.474391 0.012655 0.480491 -0.000000 0.500098 -0.000000 0.459358
3 0.275772 0.000008 0.269387 0.020674 0.242771 0.012512 0.245610 0.003640 0.236029 0.001866 0.236736 0.000007 0.275772 0.000008
3 0.167982 0.056650 0.166826 0.079194 0.178387 0.079772 0.176075 0.097692 0.161045 0.097114 0.161045 0.106941 0.136767 0.106362 0.140235 0.056072 0.167982 0.056650
0 0.214346 0.059176 0.212870 0.048109 0.225412 0.046634 0.227626 0.075406 0.209919 0.075406 0.209182 0.060651 0.214346 0.059176
0 0.081550 0.225171 0.072697 0.244353 0.048351 0.236237 0.054253 0.218531 0.081550 0.225171
0 0.001617 0.292737 0.015168 0.281523 0.036661 0.311427 0.052081 0.309558 0.057688 0.331519 0.046006 0.333388 0.040399 0.339462 0.036194 0.339462 0.029653 0.335724 0.021709 0.342733 0.007692 0.320772 0.013766 0.316567 0.001617 0.292737
0 -0.000000 0.333388 0.004421 0.328715 0.015168 0.342733 0.003954 0.354414 -0.000000 0.350676 -0.000000 0.333388
0 -0.000000 0.578632 0.013970 0.593548 -0.000000 0.615349 -0.000000 0.578632
0 0.832406 0.455886 0.847608 0.450763 0.851938 0.461134 0.836744 0.466874 0.832406 0.455886
0 0.642645 0.836916 0.649567 0.837245 0.654841 0.840541 0.657808 0.846145 0.659785 0.855045 0.657478 0.864604 0.652204 0.870537 0.645612 0.871526 0.641986 0.871526 0.637701 0.869548 0.627483 0.863944 0.625175 0.859000 0.626494 0.852078 0.628472 0.844167 0.633086 0.839223 0.642645 0.836916
0 0.644003 0.649308 0.652502 0.655581 0.648860 0.659628 0.641575 0.653760 0.644003 0.649308
0 0.218358 0.035344 0.225848 0.034569 0.226106 0.042576 0.219391 0.042317 0.218358 0.035344
0 0.007697 0.200212 0.021870 0.201530 0.021211 0.209771 0.040988 0.213726 0.040658 0.223944 0.026155 0.225263 0.023518 0.233174 0.015607 0.232514 0.014289 0.222296 0.004730 0.215045 0.007697 0.200212
3 0.198772 0.197771 0.209423 0.195958 0.212142 0.215674 0.203757 0.217260 0.198772 0.197771
