0 0.560899 0.298984 0.570660 0.276697 0.583846 0.282597 0.580909 0.289874 0.591496 0.295345 0.589531 0.299635 0.597665 0.303051 0.596556 0.304981 0.594412 0.310046 0.586278 0.306142 0.584573 0.309169 0.575541 0.303864 0.574077 0.306305 0.560899 0.298984
0 0.591496 0.295345 0.596507 0.283632 0.617157 0.291917 0.609254 0.310272 0.596556 0.304981 0.597665 0.303051 0.589531 0.299635 0.591496 0.295345
0 0.594412 0.310046 0.603652 0.313987 0.594729 0.333871 0.575992 0.325459 0.584573 0.309169 0.586278 0.306142 0.594412 0.310046
0 0.637751 0.326020 0.661460 0.337492 0.654322 0.348454 0.650179 0.360933 0.627554 0.351105 0.637751 0.326020
0 0.801453 0.353375 0.813911 0.377045 0.814326 0.386388 0.782351 0.387218 0.781728 0.379121 0.798702 0.351794 0.801453 0.353375
0 0.821661 0.385607 0.837648 0.385399 0.837856 0.377717 0.846991 0.377678 0.848030 0.392459 0.855297 0.395573 0.849068 0.402840 0.849275 0.415921 0.822284 0.417789 0.821661 0.385607
0 0.778802 0.589502 0.788607 0.572278 0.789667 0.562208 0.805301 0.555848 0.804771 0.562473 0.823586 0.573868 0.826500 0.569628 0.835352 0.573996 0.818299 0.606519 0.809011 0.600897 0.813251 0.594007 0.792847 0.580757 0.785878 0.592333 0.778802 0.589502
0 0.732971 0.658526 0.742407 0.668287 0.725000 0.685369 0.715564 0.674957 0.732971 0.658526
0 0.812047 0.763990 0.822371 0.747674 0.835628 0.755832 0.824411 0.772657 0.812047 0.763990
0 0.854875 0.738114 0.866602 0.746017 0.872465 0.742065 0.876544 0.753155 0.861503 0.775079 0.839452 0.759146 0.854875 0.738114
0 0.998869 0.409354 0.989411 0.406015 0.991280 0.391481 0.998869 0.392927 0.998869 0.409354
0 0.974215 0.271233 0.991863 0.278707 0.981897 0.323555 0.961757 0.320233 0.974215 0.271233
0 0.907272 0.255283 0.940700 0.265041 0.931772 0.292863 0.899797 0.283312 0.907272 0.255283
0 0.966986 0.193257 0.990087 0.204807 0.976096 0.233277 0.952019 0.221564 0.966986 0.193257
0 0.783501 0.233421 0.798242 0.224700 0.803433 0.232175 0.809039 0.228437 0.821496 0.248577 0.800318 0.261035 0.783501 0.233421
0 0.794455 0.177339 0.817501 0.178170 0.816878 0.194780 0.793624 0.193742 0.794455 0.177339
0 0.794455 0.177339 0.791963 0.163013 0.818332 0.162183 0.817501 0.178170 0.794455 0.177339
0 0.831101 0.178839 0.868266 0.182991 0.866605 0.199394 0.830063 0.195657 0.831101 0.178839
0 0.707139 0.062431 0.724580 0.060355 0.725103 0.065401 0.732470 0.065130 0.733279 0.071782 0.749911 0.071982 0.749894 0.086516 0.708644 0.088318 0.707139 0.062431
0 0.773726 0.000007 0.771443 0.010937 0.755871 0.009898 0.747587 0.000007 0.773726 0.000007
0 0.819490 0.000006 0.825506 0.007253 0.804743 0.014312 0.796234 0.000007 0.819490 0.000006
0 0.970773 0.061369 0.998870 0.062995 0.998870 0.083677 0.971450 0.083352 0.970773 0.061369
0 0.847581 0.045890 0.862385 0.044751 0.864338 0.061019 0.848720 0.061995 0.847581 0.045890
0 0.874299 0.064322 0.899027 0.061556 0.901304 0.079939 0.876902 0.082542 0.874299 0.064322
0 0.830996 0.731043 0.835940 0.732362 0.842203 0.737636 0.834622 0.749502 0.831326 0.749502 0.829348 0.746865 0.826052 0.742909 0.823745 0.741591 0.830996 0.731043
0 0.790071 0.405804 0.797044 0.406578 0.797044 0.414843 0.789038 0.414068 0.790071 0.405804
0 0.677721 0.400220 0.690576 0.402527 0.689258 0.410438 0.676073 0.407801 0.677721 0.400220
0 0.624761 0.350668 0.610596 0.345811 0.608370 0.347835 0.602502 0.349454 0.571136 0.336503 0.574981 0.327599 0.591979 0.335693 0.597241 0.335693 0.600276 0.325576 0.629618 0.338931 0.624761 0.350668
4 0.881601 0.132898 0.887720 0.149894 0.884321 0.149215 0.885907 0.158279 0.860752 0.157826 0.859846 0.132445 0.881601 0.132898
4 0.908796 0.202244 0.905396 0.190686 0.917407 0.187287 0.922166 0.197031 0.908796 0.202244
0 0.685311 0.427019 0.694667 0.433200 0.695669 0.436875 0.691492 0.450741 0.681636 0.452578 0.678629 0.447232 0.685311 0.427019
0 0.650800 0.054778 0.660652 0.055024 0.660036 0.062659 0.670750 0.061428 0.670750 0.078915 0.657573 0.079161 0.657696 0.071772 0.647844 0.071772 0.650800 0.054778
0 0.660113 0.101342 0.661926 0.092957 0.673030 0.087972 0.678696 0.091144 0.678696 0.112900 0.661020 0.113353 0.660113 0.101342
0 0.693200 0.087518 0.702718 0.088425 0.701358 0.096356 0.706797 0.095677 0.707703 0.102022 0.691840 0.101569 0.693200 0.087518
0 0.922200 0.000004 0.920044 0.001704 0.920290 0.010940 0.899478 0.016974 0.893938 0.000005 0.922200 0.000004
0 0.887140 0.361761 0.896055 0.393733 0.893903 0.405107 0.886832 0.399881 0.880069 0.379899 0.881606 0.362991 0.887140 0.361761
0 0.875458 0.573265 0.875765 0.581873 0.864083 0.585255 0.861317 0.576340 0.875458 0.573265
