0 0.658758 0.999008 0.661173 0.993401 0.684163 0.980717 0.687809 0.982461 0.690346 0.984522 0.695900 0.997215 0.690137 0.999008 0.658758 0.999008
0 0.640717 0.974090 0.648002 0.970245 0.650026 0.965389 0.657918 0.961342 0.658727 0.961544 0.662369 0.960330 0.668572 0.958545 0.671476 0.964579 0.675927 0.962353 0.685296 0.977593 0.650633 0.995343 0.640717 0.974090
0 0.613753 0.958776 0.619144 0.955764 0.616449 0.949739 0.636426 0.938481 0.640232 0.944506 0.647208 0.941177 0.656404 0.957032 0.629450 0.971302 0.626755 0.966704 0.621047 0.969399 0.613753 0.958776
0 0.586622 0.926151 0.595939 0.921430 0.600784 0.927517 0.613207 0.921430 0.618820 0.921180 0.626533 0.934709 0.597430 0.950624 0.587737 0.935737 0.589479 0.932114 0.586622 0.926151
0 0.007768 0.916161 0.020731 0.905293 0.037574 0.924696 0.026445 0.934611 0.030285 0.939903 0.023207 0.945336 0.014505 0.936230 0.011065 0.939063 0.006816 0.934409 0.010256 0.930969 0.006816 0.927529 0.010458 0.921053 0.007768 0.916161
0 0.062445 0.943548 0.082478 0.949011 0.085716 0.954677 0.078228 0.981389 0.052653 0.972813 0.062445 0.943548
0 0.152335 0.968366 0.151066 0.986283 0.144566 0.985014 0.142980 0.994052 0.127759 0.993259 0.124590 0.986631 0.125684 0.965469 0.152335 0.968366
0 0.125195 0.965410 0.124131 0.986211 0.120307 0.985331 0.119039 0.988819 0.105245 0.987868 0.104135 0.991832 0.097000 0.991198 0.098269 0.979940 0.093671 0.978989 0.096484 0.962286 0.125195 0.965410
0 0.166411 0.968752 0.173409 0.969387 0.173616 0.968007 0.176691 0.968302 0.176597 0.969994 0.181271 0.970850 0.181318 0.969497 0.195108 0.971237 0.193189 0.999006 0.162180 0.999006 0.166411 0.968752
0 0.205953 0.976348 0.217536 0.976737 0.218295 0.973780 0.227639 0.973665 0.227465 0.978684 0.231456 0.978684 0.231467 0.999007 0.202030 0.999007 0.205953 0.976348
0 0.255136 0.974758 0.270094 0.968142 0.273529 0.965101 0.289318 0.958226 0.296603 0.974617 0.283247 0.981092 0.280414 0.988175 0.278998 0.992424 0.263005 0.995590 0.255948 0.989687 0.254058 0.982885 0.255136 0.974758
0 0.341176 0.999008 0.341122 0.987365 0.344359 0.977248 0.349418 0.962880 0.375725 0.965106 0.383212 0.969153 0.383414 0.989389 0.371273 0.989996 0.371151 0.999008 0.341176 0.999008
0 0.743632 0.975141 0.758202 0.967654 0.761642 0.974331 0.764678 0.973927 0.761845 0.961381 0.775605 0.954905 0.780461 0.957738 0.789972 0.976760 0.771962 0.983842 0.772974 0.986068 0.763666 0.989913 0.762856 0.993353 0.757393 0.994567 0.752738 0.992139 0.743632 0.975141
0 0.727849 0.946811 0.732300 0.943775 0.756583 0.932039 0.758607 0.934062 0.761035 0.933455 0.765285 0.940335 0.763059 0.942359 0.765082 0.946001 0.764273 0.948227 0.767308 0.955715 0.746424 0.966647 0.741609 0.958952 0.737157 0.961381 0.734931 0.958345 0.735538 0.953286 0.729509 0.950827 0.727849 0.946811
0 0.712786 0.917551 0.740057 0.903122 0.749887 0.920087 0.749412 0.927381 0.731467 0.938992 0.719445 0.935308 0.712786 0.924527 0.712786 0.917551
0 0.788004 0.903725 0.797920 0.898261 0.798932 0.899273 0.825643 0.885108 0.828678 0.891179 0.825850 0.893182 0.826452 0.894416 0.833130 0.891179 0.842226 0.905748 0.801765 0.926591 0.788004 0.903725
0 0.692335 0.891349 0.721518 0.875595 0.727828 0.886377 0.729008 0.892124 0.733915 0.900905 0.712864 0.912435 0.708985 0.904584 0.701890 0.907362 0.692335 0.891349
0 0.787469 0.868928 0.799983 0.862423 0.803471 0.867020 0.816948 0.860520 0.817424 0.861471 0.821863 0.859093 0.830267 0.873680 0.794275 0.893182 0.788409 0.880973 0.793007 0.879070 0.787469 0.868928
0 0.678728 0.858786 0.705237 0.845430 0.716367 0.865666 0.712319 0.868499 0.715355 0.873558 0.697952 0.882664 0.693096 0.874165 0.686418 0.877200 0.684799 0.876998 0.678121 0.866070 0.678728 0.858786
0 0.673917 0.817756 0.690406 0.810145 0.702773 0.830599 0.702456 0.837258 0.698651 0.842490 0.694370 0.845978 0.685491 0.850259 0.684381 0.847564 0.680734 0.849149 0.683588 0.852479 0.674868 0.856760 0.668367 0.848515 0.663611 0.839160 0.661232 0.835989 0.647438 0.842173 0.644267 0.835989 0.659647 0.827428 0.659964 0.823781 0.671221 0.816563 0.673917 0.817756
0 0.767344 0.841799 0.789806 0.830467 0.792639 0.836538 0.802756 0.832086 0.812672 0.848882 0.782116 0.864666 0.767344 0.841799
0 0.746035 0.813336 0.752694 0.809531 0.752853 0.806202 0.773306 0.794310 0.777270 0.801445 0.783612 0.797798 0.794076 0.814288 0.766013 0.831887 0.758719 0.834424 0.752694 0.824752 0.750633 0.824752 0.750474 0.819678 0.746035 0.813336
0 0.720392 0.787183 0.724514 0.785597 0.723246 0.782902 0.744333 0.772438 0.746236 0.777035 0.751468 0.776243 0.752102 0.776877 0.756859 0.776877 0.764786 0.792732 0.733393 0.806685 0.731173 0.800977 0.727210 0.803038 0.720392 0.787183
0 0.896020 0.880879 0.923496 0.864185 0.932319 0.878175 0.938130 0.888285 0.931280 0.893387 0.930481 0.900264 0.927651 0.903758 0.920166 0.892407 0.911922 0.894468 0.916678 0.899066 0.905738 0.903664 0.901774 0.891456 0.896020 0.880879
0 0.998872 0.856545 0.989849 0.860147 0.983824 0.847238 0.981460 0.845179 0.978714 0.845484 0.977342 0.843272 0.971011 0.845026 0.964681 0.832747 0.985655 0.821841 0.989087 0.828629 0.992061 0.827027 0.989773 0.819019 0.998872 0.814552 0.998872 0.856545
0 0.881055 0.851833 0.906872 0.834075 0.909116 0.836779 0.913716 0.834234 0.920514 0.846411 0.917680 0.855480 0.918314 0.860078 0.898178 0.872128 0.893739 0.864041 0.889141 0.867530 0.881055 0.851833
0 0.955650 0.799012 0.978508 0.786589 0.987329 0.801621 0.975775 0.807957 0.977763 0.811063 0.966085 0.817150 0.961737 0.816156 0.952793 0.801497 0.955650 0.799012
0 0.863863 0.823807 0.889961 0.808797 0.893402 0.813047 0.902871 0.831652 0.885177 0.842829 0.879059 0.833798 0.871381 0.838735 0.863863 0.823807
0 0.848715 0.795424 0.872949 0.780042 0.877820 0.788359 0.886113 0.784842 0.890962 0.793207 0.883486 0.797870 0.885914 0.804952 0.868916 0.815475 0.862643 0.814665 0.861631 0.808999 0.857787 0.810618 0.848715 0.795424
0 0.829781 0.769156 0.862899 0.752163 0.864707 0.757587 0.868839 0.756554 0.876329 0.770500 0.860058 0.779281 0.860575 0.780314 0.852310 0.785738 0.853602 0.788062 0.842238 0.791692 0.829781 0.769156
0 0.834169 0.728686 0.851101 0.720276 0.854553 0.725840 0.857934 0.725989 0.860790 0.732647 0.865737 0.742042 0.837412 0.759644 0.831359 0.748717 0.831134 0.742649 0.834978 0.738804 0.834169 0.728686
0 0.940840 0.772678 0.964718 0.758311 0.968361 0.759728 0.974836 0.764382 0.978276 0.772678 0.969980 0.776726 0.971599 0.778749 0.975268 0.778425 0.978276 0.783808 0.954196 0.794331 0.950149 0.789676 0.941043 0.792712 0.937530 0.785004 0.944887 0.781178 0.940840 0.772678
0 0.907892 0.716159 0.935639 0.701572 0.939127 0.703158 0.944359 0.713305 0.942457 0.719013 0.938176 0.720599 0.941506 0.725989 0.940871 0.729002 0.927077 0.736295 0.921845 0.735978 0.920260 0.739942 0.909637 0.737405 0.911856 0.725514 0.907892 0.716159
0 0.998872 0.616364 0.983986 0.603128 0.992390 0.591395 0.998872 0.594819 0.998872 0.616364
0 0.547475 0.000009 0.557945 0.020272 0.532853 0.032009 0.513380 0.000009 0.547475 0.000009
0 0.584946 0.000009 0.557136 0.008333 0.552102 0.000009 0.584946 0.000009
0 0.477812 0.008007 0.488401 0.002325 0.492533 0.009556 0.498732 0.006974 0.498215 0.005424 0.508029 0.000775 0.525591 0.028151 0.525591 0.030476 0.535664 0.043389 0.518360 0.051137 0.520168 0.054236 0.508029 0.060434 0.477812 0.008007
0 0.456552 0.036698 0.467141 0.032308 0.467658 0.033599 0.484703 0.026884 0.508980 0.067948 0.489352 0.080087 0.476955 0.076471 0.456552 0.036698
0 0.699403 0.000008 0.698530 0.002682 0.680641 0.012248 0.677908 0.007155 0.674678 0.008894 0.671210 0.000008 0.699403 0.000008
0 0.681037 0.016750 0.700856 0.004066 0.701807 0.005334 0.710211 0.000895 0.720992 0.018335 0.719248 0.024360 0.719882 0.030703 0.696575 0.042753 0.694831 0.038630 0.691660 0.040374 0.677390 0.019604 0.681037 0.016750
0 0.699796 0.046320 0.720032 0.034988 0.728935 0.034988 0.733792 0.044499 0.736220 0.051581 0.727924 0.056033 0.731536 0.063656 0.704337 0.078232 0.690488 0.051986 0.699796 0.046320
0 0.817299 0.000006 0.820189 0.008141 0.819555 0.011153 0.822250 0.018922 0.792443 0.032399 0.780234 0.008458 0.785783 0.004335 0.787908 0.000007 0.817299 0.000006
0 0.935443 0.000004 0.901106 0.019279 0.889572 0.004507 0.893012 0.003495 0.888706 0.000005 0.935443 0.000004
0 0.998872 0.071475 0.993341 0.067267 0.994926 0.063938 0.984779 0.065682 0.981291 0.042850 0.982084 0.039679 0.990328 0.038569 0.989694 0.034447 0.998872 0.032968 0.998872 0.071475
0 0.944031 0.050302 0.947361 0.048400 0.947361 0.046180 0.962423 0.041899 0.964326 0.044753 0.971143 0.044277 0.977010 0.064730 0.978278 0.077573 0.965277 0.082330 0.962106 0.079634 0.949422 0.078683 0.941970 0.058547 0.945300 0.057120 0.944031 0.050302
0 0.800270 0.043296 0.829761 0.025221 0.831188 0.027282 0.836261 0.024111 0.843713 0.033466 0.846567 0.042504 0.842445 0.045199 0.845616 0.050114 0.824370 0.063908 0.819455 0.057883 0.812161 0.062481 0.800270 0.043296
0 0.826669 0.075445 0.839512 0.066407 0.839195 0.064505 0.848391 0.059431 0.849659 0.061492 0.853464 0.061651 0.862819 0.077664 0.861075 0.078299 0.864246 0.085116 0.848391 0.096374 0.846488 0.094154 0.838560 0.097801 0.832377 0.088922 0.826193 0.079408 0.826669 0.075445
0 0.907337 0.069980 0.913679 0.067602 0.912410 0.064431 0.928266 0.059516 0.928424 0.060784 0.934925 0.058723 0.939840 0.070615 0.940791 0.069663 0.945072 0.077749 0.943011 0.080445 0.946182 0.087263 0.931278 0.093446 0.930010 0.090751 0.917326 0.095983 0.907337 0.069980
0 0.849116 0.112670 0.881290 0.089196 0.897681 0.109432 0.893634 0.115503 0.889385 0.121776 0.883516 0.126025 0.877850 0.125216 0.873399 0.127846 0.872791 0.132905 0.870970 0.135131 0.855186 0.132703 0.854782 0.127846 0.849116 0.118943 0.849116 0.112670
0 0.716690 0.079757 0.728582 0.073415 0.727155 0.070719 0.739680 0.064536 0.740632 0.066438 0.747925 0.063267 0.756170 0.075317 0.758231 0.083562 0.755853 0.085147 0.757438 0.088636 0.756804 0.092282 0.738253 0.101478 0.737302 0.098783 0.729057 0.102271 0.720178 0.087526 0.721447 0.086574 0.716690 0.079757
0 0.731013 0.114124 0.749722 0.105086 0.749880 0.102232 0.765419 0.094305 0.771919 0.101598 0.776517 0.110953 0.775090 0.116819 0.768272 0.117771 0.765894 0.111746 0.761613 0.114282 0.746868 0.120942 0.744965 0.122527 0.747978 0.128869 0.747978 0.132833 0.740209 0.136955 0.733550 0.127601 0.730379 0.123796 0.731488 0.121259 0.729744 0.118563 0.731013 0.114124
0 0.608887 0.034502 0.616962 0.028290 0.618950 0.030899 0.624540 0.026924 0.631870 0.033881 0.636963 0.029781 0.647896 0.040838 0.631249 0.055869 0.630752 0.058727 0.618329 0.069410 0.604664 0.055497 0.608018 0.051521 0.603794 0.044565 0.608018 0.037980 0.608887 0.034502
0 0.623811 0.068583 0.633641 0.060180 0.633641 0.057326 0.643471 0.051142 0.648228 0.057485 0.650764 0.055899 0.661229 0.067790 0.658851 0.070486 0.658851 0.075718 0.658058 0.081743 0.656155 0.085548 0.643313 0.094903 0.636812 0.087927 0.630945 0.087927 0.619903 0.072295 0.623811 0.068583
0 0.646604 0.097169 0.658020 0.094316 0.657544 0.088925 0.669435 0.086229 0.670387 0.088925 0.681961 0.086864 0.686559 0.098914 0.686242 0.102402 0.680217 0.104304 0.682278 0.111915 0.673082 0.114135 0.671972 0.111756 0.668960 0.112708 0.670704 0.117464 0.658020 0.120001 0.658495 0.123172 0.649141 0.124599 0.643908 0.102560 0.647872 0.101609 0.646604 0.097169
0 0.649727 0.127354 0.666375 0.121963 0.671765 0.123549 0.673034 0.118158 0.681279 0.117682 0.687226 0.137959 0.680010 0.139721 0.679740 0.148684 0.672400 0.149393 0.668436 0.146697 0.667485 0.150502 0.661142 0.151137 0.656544 0.142892 0.652739 0.139721 0.649727 0.127354
0 0.516517 0.124020 0.540800 0.107022 0.547882 0.117747 0.551929 0.115319 0.562857 0.133126 0.531289 0.152552 0.522183 0.140816 0.516955 0.135337 0.523599 0.130900 0.516517 0.124020
0 0.536887 0.155654 0.557932 0.142096 0.566431 0.142096 0.575335 0.153428 0.568657 0.159297 0.575740 0.170022 0.566836 0.175890 0.564610 0.173259 0.561372 0.175890 0.553480 0.166177 0.552266 0.166986 0.555504 0.173866 0.540125 0.181556 0.535673 0.173462 0.536887 0.155654
0 0.476329 0.160946 0.494721 0.150164 0.500746 0.158092 0.507088 0.155080 0.509942 0.159678 0.510576 0.159202 0.516918 0.169032 0.518187 0.182033 0.513430 0.185046 0.509625 0.183302 0.496465 0.192498 0.476488 0.169666 0.481720 0.166495 0.476329 0.160946
0 0.449052 0.182033 0.458158 0.176367 0.459372 0.172117 0.473335 0.166654 0.480013 0.176164 0.479810 0.178188 0.486083 0.188913 0.479203 0.192960 0.480620 0.196400 0.479810 0.202673 0.463824 0.210565 0.449861 0.189115 0.449052 0.182033
0 0.418267 0.196751 0.431420 0.190882 0.433848 0.185621 0.441740 0.184002 0.447406 0.192096 0.451858 0.195334 0.457119 0.203833 0.455096 0.212939 0.454084 0.219010 0.444775 0.226092 0.430610 0.221641 0.418267 0.196751
0 0.389956 0.216776 0.398042 0.210434 0.410092 0.204092 0.412471 0.208056 0.419922 0.210117 0.426582 0.223911 0.425313 0.231522 0.410251 0.239608 0.408824 0.237864 0.402006 0.242779 0.389639 0.221533 0.389956 0.216776
0 0.363092 0.242044 0.374972 0.232230 0.373681 0.230939 0.379363 0.226290 0.383495 0.231456 0.381687 0.233780 0.405964 0.260898 0.395892 0.269162 0.392276 0.265547 0.384528 0.272261 0.381429 0.268646 0.374714 0.272003 0.361284 0.256765 0.368516 0.249792 0.363092 0.242044
0 0.774842 0.147432 0.789209 0.142171 0.788197 0.138731 0.802160 0.134077 0.822193 0.177786 0.789816 0.188916 0.774842 0.147432
0 0.751570 0.169489 0.766747 0.162609 0.767961 0.163419 0.775246 0.162002 0.783543 0.176774 0.782531 0.179203 0.789614 0.194784 0.773830 0.201462 0.768973 0.194986 0.760677 0.198426 0.760069 0.196403 0.757034 0.197212 0.748737 0.178393 0.755213 0.175358 0.751570 0.169489
0 0.716513 0.181063 0.720953 0.179319 0.720001 0.176624 0.736174 0.169965 0.737918 0.173611 0.742516 0.171392 0.754883 0.199297 0.754248 0.203102 0.740296 0.208176 0.735698 0.205322 0.724124 0.209127 0.713976 0.182966 0.716513 0.181063
0 0.686271 0.194386 0.687304 0.189220 0.704866 0.183280 0.710289 0.184572 0.714680 0.192320 0.715971 0.201617 0.723719 0.216080 0.709256 0.221504 0.706415 0.218146 0.692727 0.223570 0.683688 0.202134 0.686271 0.194386
0 0.652320 0.196494 0.670735 0.189614 0.672556 0.196292 0.677615 0.194066 0.691173 0.228467 0.671746 0.235752 0.667902 0.225836 0.660617 0.228062 0.650499 0.204994 0.655153 0.203172 0.652320 0.196494
0 0.620500 0.210303 0.635273 0.204232 0.633654 0.201804 0.643367 0.197959 0.660162 0.237823 0.631630 0.249560 0.617465 0.213945 0.620500 0.210303
0 0.590754 0.220825 0.608157 0.213743 0.609978 0.219206 0.612406 0.218802 0.624952 0.246525 0.630011 0.251988 0.628595 0.256238 0.609168 0.260892 0.602693 0.249762 0.598443 0.251786 0.587314 0.227098 0.591159 0.226086 0.590754 0.220825
0 0.553926 0.225997 0.568901 0.221949 0.571127 0.224782 0.582256 0.221949 0.595814 0.263028 0.567889 0.272943 0.554533 0.236317 0.553926 0.225997
0 0.521972 0.242502 0.535530 0.239467 0.535126 0.237646 0.547469 0.234610 0.564063 0.276094 0.562039 0.279129 0.545041 0.282367 0.541803 0.276903 0.531281 0.279331 0.521972 0.242502
0 0.487824 0.258801 0.505644 0.251053 0.507452 0.256219 0.510035 0.255186 0.514167 0.259834 0.514167 0.261900 0.517266 0.266807 0.520882 0.265774 0.528371 0.287727 0.509518 0.295733 0.500220 0.276363 0.495055 0.276880 0.487824 0.258801
0 0.443583 0.288299 0.457545 0.278182 0.459771 0.282229 0.465235 0.279598 0.464425 0.277979 0.473734 0.270897 0.487696 0.289514 0.486280 0.292144 0.495993 0.307928 0.474948 0.323105 0.460176 0.303476 0.455319 0.306916 0.443583 0.288299
0 0.340489 0.275738 0.367606 0.280129 0.370189 0.284003 0.377679 0.285036 0.371739 0.310346 0.359600 0.306472 0.358051 0.308538 0.346687 0.307505 0.338423 0.304148 0.340230 0.298466 0.336098 0.296141 0.340489 0.275738
0 0.430458 0.320693 0.438147 0.312801 0.438147 0.311183 0.442397 0.307338 0.444825 0.309766 0.448670 0.306528 0.471334 0.332835 0.461013 0.339108 0.460811 0.342346 0.457371 0.345988 0.453526 0.342750 0.448063 0.348821 0.434505 0.338906 0.435516 0.335870 0.428232 0.328990 0.433493 0.324133 0.430458 0.320693
0 0.336766 0.323234 0.343444 0.324449 0.344861 0.323032 0.364894 0.323032 0.365096 0.329305 0.368739 0.329508 0.367120 0.345089 0.363275 0.345089 0.363275 0.354600 0.349515 0.353588 0.348908 0.347517 0.338588 0.347517 0.335755 0.347113 0.336159 0.341244 0.332517 0.338816 0.334540 0.323234 0.336766 0.323234
0 0.411249 0.337242 0.417908 0.337718 0.448667 0.355000 0.446130 0.367843 0.439947 0.366574 0.433129 0.372441 0.429324 0.370221 0.428978 0.373495 0.430685 0.375537 0.428372 0.379893 0.418383 0.373392 0.415847 0.368318 0.410931 0.369111 0.401418 0.361342 0.401577 0.351512 0.411249 0.337242
0 0.349077 0.375772 0.376800 0.364238 0.388537 0.390746 0.385299 0.392163 0.384692 0.404507 0.379633 0.405114 0.381656 0.410780 0.367896 0.416648 0.356766 0.395401 0.353731 0.396210 0.352112 0.391961 0.349077 0.392163 0.351303 0.384473 0.349077 0.375772
0 0.380038 0.423716 0.411808 0.393363 0.417474 0.398422 0.421723 0.394577 0.436900 0.408944 0.429008 0.415015 0.435281 0.421288 0.418890 0.439500 0.412010 0.434239 0.398463 0.441069 0.380038 0.423716
0 0.881489 0.194685 0.899297 0.181127 0.906986 0.188614 0.912652 0.184770 0.914473 0.188007 0.916295 0.187198 0.929245 0.203993 0.923175 0.208243 0.926412 0.212695 0.909010 0.226253 0.905367 0.222813 0.904356 0.223015 0.887965 0.203589 0.886143 0.205410 0.878859 0.196304 0.881489 0.194685
0 0.867126 0.210611 0.879493 0.201098 0.887262 0.211879 0.888531 0.211879 0.892019 0.214892 0.892177 0.216795 0.898202 0.224405 0.901373 0.230272 0.901373 0.235345 0.891702 0.240577 0.891860 0.242480 0.884884 0.246919 0.880762 0.244541 0.874737 0.241212 0.872517 0.237882 0.867285 0.234235 0.864114 0.231064 0.859674 0.227100 0.856662 0.223137 0.858406 0.218063 0.862528 0.218063 0.866968 0.218697 0.867285 0.213624 0.867126 0.210611
0 0.834080 0.232637 0.848448 0.225554 0.846424 0.221709 0.851483 0.218876 0.854114 0.223531 0.853709 0.224947 0.855328 0.226768 0.856340 0.231220 0.858566 0.232232 0.859982 0.238100 0.863827 0.238303 0.864434 0.243766 0.869695 0.246195 0.876575 0.256920 0.847841 0.275334 0.846424 0.267240 0.843996 0.268049 0.839746 0.259348 0.838127 0.260360 0.833271 0.250647 0.838735 0.247813 0.837925 0.245385 0.836306 0.247409 0.833473 0.243564 0.837318 0.240529 0.834080 0.232637
0 0.796482 0.245125 0.803190 0.241895 0.804184 0.238665 0.821825 0.232951 0.841702 0.271959 0.827042 0.280034 0.823316 0.278170 0.810644 0.280253 0.796482 0.245125
0 0.433405 0.065341 0.442702 0.060950 0.446834 0.054752 0.458198 0.050620 0.484025 0.092975 0.458715 0.105630 0.442702 0.086002 0.441411 0.086002 0.432113 0.071539 0.433405 0.065341
0 0.401701 0.082669 0.417080 0.075384 0.414651 0.072146 0.426793 0.067087 0.453909 0.111201 0.429221 0.123747 0.403724 0.088740 0.401701 0.082669
0 0.372634 0.100206 0.381538 0.094338 0.383966 0.097980 0.391048 0.094945 0.389632 0.090291 0.399547 0.085232 0.427675 0.130762 0.397929 0.145129 0.372634 0.100206
0 0.349095 0.126303 0.356584 0.122170 0.356068 0.120621 0.362266 0.118038 0.360200 0.113131 0.372080 0.108482 0.395841 0.149288 0.371564 0.159360 0.366398 0.157036 0.349095 0.126303
0 0.315019 0.142968 0.323316 0.137302 0.319673 0.131636 0.332624 0.122530 0.353265 0.148837 0.355288 0.148634 0.357514 0.152479 0.356300 0.153086 0.365608 0.166239 0.341528 0.183440 0.324530 0.164621 0.322911 0.158955 0.313603 0.147015 0.315019 0.142968
0 0.290262 0.160972 0.307058 0.150652 0.336602 0.188695 0.327293 0.197599 0.325270 0.195171 0.312521 0.203872 0.297951 0.187279 0.295118 0.188291 0.287834 0.181006 0.282572 0.179792 0.277513 0.173114 0.290262 0.160972
0 0.267823 0.195685 0.274415 0.185466 0.282656 0.189752 0.284634 0.195025 0.314299 0.211506 0.300785 0.234580 0.295181 0.235898 0.263868 0.218758 0.262549 0.213484 0.254367 0.209994 0.260571 0.197333 0.267823 0.195685
0 0.190801 0.193092 0.227732 0.205489 0.232123 0.209621 0.229024 0.226667 0.225408 0.224342 0.217918 0.228216 0.204489 0.226667 0.203972 0.229766 0.183569 0.224342 0.179953 0.228475 0.167298 0.224342 0.170656 0.215561 0.170139 0.214528 0.171689 0.209363 0.174272 0.209880 0.178146 0.197999 0.182794 0.199807 0.186668 0.190768 0.190801 0.193092
0 0.236940 0.257764 0.240814 0.258281 0.243913 0.247950 0.252177 0.251308 0.255277 0.246401 0.288334 0.260864 0.278520 0.280234 0.250111 0.278426 0.250111 0.274293 0.247270 0.273260 0.245462 0.276360 0.240039 0.272227 0.241847 0.270161 0.233582 0.269386 0.236940 0.257764
0 0.237376 0.299564 0.241221 0.299362 0.241626 0.284995 0.280479 0.291268 0.279669 0.304219 0.272789 0.305837 0.270563 0.321824 0.241626 0.317574 0.242233 0.310896 0.237579 0.308468 0.237376 0.299564
0 0.233038 0.332827 0.240322 0.332827 0.240727 0.329590 0.249631 0.329590 0.249226 0.327769 0.255499 0.327364 0.256309 0.329185 0.272093 0.329387 0.274318 0.355289 0.246191 0.359539 0.239918 0.352861 0.233038 0.346790 0.233038 0.332827
0 0.246949 0.369520 0.250565 0.369004 0.251081 0.366938 0.268127 0.363064 0.268127 0.364355 0.280524 0.362806 0.285431 0.379851 0.288788 0.393281 0.257021 0.398248 0.256247 0.390182 0.247724 0.389407 0.246949 0.369520
0 0.078437 0.261900 0.116480 0.257448 0.118908 0.281529 0.092602 0.284159 0.079246 0.285373 0.078437 0.261900
0 0.142382 0.261698 0.149667 0.263316 0.152904 0.257853 0.168486 0.266149 0.156142 0.292456 0.150476 0.290837 0.144405 0.301764 0.125991 0.292456 0.142382 0.261698
0 0.155688 0.308359 0.174507 0.291361 0.177745 0.291766 0.177340 0.290754 0.179566 0.287314 0.181994 0.284886 0.190088 0.296622 0.194136 0.305526 0.194945 0.307145 0.188470 0.312001 0.187053 0.321715 0.187255 0.326571 0.173090 0.333654 0.155688 0.308359
0 0.033745 0.276223 0.040880 0.266710 0.049600 0.260368 0.076237 0.284943 0.074810 0.286529 0.082104 0.295091 0.087177 0.301591 0.088604 0.305714 0.077506 0.308568 0.067834 0.316812 0.039929 0.292554 0.036758 0.295566 0.026293 0.286529 0.027562 0.282724 0.033745 0.276223
0 0.032172 0.334100 0.069362 0.333842 0.076594 0.330743 0.077885 0.339265 0.075044 0.341331 0.079176 0.350371 0.074786 0.351404 0.074786 0.365350 0.074269 0.370515 0.054383 0.370257 0.054383 0.365350 0.032689 0.362767 0.032172 0.334100
0 0.154173 0.345734 0.173285 0.336695 0.175351 0.342119 0.182582 0.340569 0.184907 0.347542 0.188781 0.345476 0.197304 0.363555 0.162438 0.377243 0.153915 0.360455 0.159080 0.357356 0.154173 0.345734
0 0.051353 0.380610 0.096858 0.374110 0.099077 0.397734 0.096065 0.402490 0.063086 0.404710 0.062769 0.396624 0.055476 0.396624 0.051353 0.380610
0 0.058288 0.420912 0.106044 0.408366 0.111305 0.426780 0.110901 0.436696 0.073060 0.445600 0.066989 0.445600 0.058288 0.420912
0 0.154512 0.389929 0.185762 0.374691 0.188861 0.377532 0.195576 0.376499 0.199709 0.385022 0.194801 0.386571 0.202291 0.397676 0.176981 0.409557 0.172332 0.402325 0.162777 0.406199 0.154512 0.389929
0 0.073445 0.456190 0.116654 0.438989 0.125558 0.454368 0.125153 0.468331 0.086503 0.484115 0.073445 0.456190
0 0.098036 0.489296 0.137034 0.469927 0.148656 0.497303 0.113790 0.513832 0.098036 0.489296
0 0.114370 0.520195 0.151216 0.501628 0.158746 0.513685 0.160440 0.524010 0.158051 0.531465 0.124556 0.550809 0.120232 0.543188 0.123594 0.540226 0.118809 0.533117 0.114370 0.520195
0 0.136254 0.547414 0.160132 0.537701 0.159323 0.535879 0.165394 0.533451 0.181625 0.558909 0.142932 0.577970 0.138278 0.566840 0.142527 0.565424 0.136254 0.547414
0 0.137627 0.584070 0.177916 0.564700 0.190313 0.592593 0.175850 0.599307 0.174559 0.599307 0.155189 0.609380 0.146666 0.613770 0.138660 0.596983 0.142276 0.594917 0.137627 0.584070
0 0.169060 0.421988 0.196176 0.409037 0.198402 0.413691 0.201640 0.412477 0.207913 0.424619 0.204675 0.428059 0.208318 0.434332 0.191724 0.443640 0.179785 0.443843 0.175333 0.436355 0.169060 0.421988
0 0.210531 0.492221 0.218537 0.488863 0.218537 0.487314 0.234550 0.478791 0.239199 0.486539 0.243331 0.484989 0.250562 0.482665 0.254695 0.491446 0.254695 0.495062 0.247980 0.497903 0.246688 0.506167 0.243331 0.510041 0.219829 0.522954 0.213630 0.516558 0.214360 0.509601 0.210531 0.503326 0.210531 0.492221
0 0.230029 0.522305 0.242328 0.512864 0.249285 0.512864 0.255496 0.507398 0.259720 0.509509 0.262453 0.514106 0.269161 0.526032 0.269286 0.528392 0.264813 0.530877 0.265029 0.534243 0.245558 0.545785 0.238160 0.534030 0.232017 0.531871 0.230029 0.522305
0 0.255244 0.546788 0.267419 0.537471 0.266377 0.536027 0.266676 0.533158 0.271755 0.530409 0.273608 0.532979 0.280539 0.529692 0.283229 0.533457 0.285977 0.531903 0.295295 0.544451 0.292437 0.553892 0.284238 0.558737 0.283741 0.561222 0.274176 0.564203 0.273057 0.568924 0.270573 0.568427 0.255244 0.546788
0 0.267422 0.584566 0.281603 0.580796 0.281400 0.576141 0.294351 0.572297 0.295970 0.574927 0.311956 0.572499 0.317825 0.571690 0.319444 0.584236 0.315599 0.584438 0.316004 0.588485 0.311349 0.589295 0.311552 0.596377 0.307302 0.596579 0.308314 0.603055 0.294756 0.601436 0.293744 0.605281 0.271283 0.609126 0.267422 0.584566
0 0.278572 0.453671 0.292518 0.441533 0.297425 0.447214 0.309047 0.437142 0.311630 0.439466 0.313954 0.438175 0.327384 0.453671 0.309564 0.467617 0.308014 0.467101 0.304398 0.469942 0.307361 0.473247 0.291227 0.484146 0.284254 0.475107 0.286062 0.472524 0.279605 0.465551 0.280638 0.461419 0.278572 0.453671
0 0.302328 0.481555 0.316598 0.468871 0.315608 0.467049 0.322366 0.460386 0.323416 0.461894 0.332612 0.454125 0.345772 0.467602 0.344979 0.469980 0.349101 0.475054 0.343393 0.484726 0.327697 0.499154 0.312793 0.497569 0.302328 0.481555
0 0.334176 0.507034 0.358774 0.475976 0.380887 0.493990 0.371445 0.513618 0.369458 0.511879 0.361259 0.521693 0.364861 0.524178 0.359022 0.533992 0.336785 0.521569 0.334176 0.507034
0 0.388090 0.491836 0.394023 0.494473 0.392375 0.497440 0.413141 0.504362 0.413141 0.513262 0.401934 0.540290 0.389079 0.534028 0.388090 0.539961 0.381827 0.537983 0.380838 0.543257 0.367324 0.536335 0.388090 0.491836
0 0.762169 0.253252 0.772894 0.249408 0.774311 0.251836 0.781191 0.249205 0.780786 0.247182 0.789690 0.244956 0.797784 0.264787 0.795356 0.266203 0.796368 0.267417 0.798594 0.270250 0.801832 0.284213 0.776132 0.293242 0.772807 0.279105 0.767020 0.273322 0.769657 0.270857 0.762169 0.253252
0 0.737887 0.266810 0.741529 0.265191 0.740517 0.262763 0.757313 0.256490 0.765407 0.275916 0.766682 0.276023 0.771278 0.288446 0.763452 0.291427 0.764570 0.297142 0.753637 0.300744 0.752271 0.294533 0.744444 0.296396 0.742457 0.291924 0.738233 0.292918 0.730448 0.273693 0.738357 0.269811 0.737887 0.266810
0 0.701389 0.281304 0.713281 0.276706 0.714390 0.277816 0.726123 0.274169 0.728343 0.281145 0.730404 0.280670 0.735002 0.289390 0.735002 0.293671 0.735636 0.297476 0.735319 0.303818 0.717720 0.309368 0.715342 0.304294 0.708207 0.306672 0.701389 0.281304
0 0.669923 0.293086 0.681545 0.288954 0.681029 0.283014 0.696525 0.278623 0.698591 0.288437 0.697816 0.300059 0.700915 0.298509 0.710987 0.323303 0.692134 0.328985 0.681767 0.328869 0.669923 0.293086
0 0.637768 0.307911 0.646469 0.304674 0.644648 0.300019 0.665086 0.291925 0.676013 0.318232 0.673383 0.321672 0.656789 0.328147 0.657599 0.329766 0.653552 0.331385 0.650314 0.331385 0.648088 0.329159 0.644648 0.329968 0.636958 0.312768 0.637768 0.307911
0 0.612311 0.311458 0.617255 0.309150 0.616926 0.306513 0.630110 0.303547 0.645155 0.337965 0.627803 0.346727 0.612311 0.342112 0.602752 0.317391 0.612311 0.311458
0 0.579820 0.324557 0.590545 0.320914 0.589938 0.318284 0.599651 0.315046 0.607746 0.338317 0.605317 0.339329 0.610174 0.355113 0.583058 0.364421 0.574559 0.342971 0.577594 0.341757 0.575773 0.336900 0.581034 0.334675 0.579820 0.324557
0 0.530318 0.347854 0.537136 0.345317 0.537136 0.343890 0.543002 0.338023 0.552674 0.335804 0.553467 0.338975 0.561870 0.337072 0.565200 0.344207 0.568371 0.343890 0.569639 0.351818 0.576298 0.355781 0.575188 0.371478 0.574237 0.374649 0.562029 0.378930 0.555211 0.376393 0.551406 0.377503 0.546490 0.368783 0.541100 0.369734 0.536977 0.360855 0.532221 0.360696 0.530318 0.347854
0 0.502653 0.382617 0.509938 0.377963 0.506700 0.374320 0.508319 0.368452 0.518437 0.361572 0.521270 0.366631 0.526733 0.363393 0.535839 0.375939 0.535030 0.378165 0.536244 0.379784 0.539684 0.379986 0.547981 0.391116 0.531062 0.400494 0.530673 0.405068 0.529797 0.405847 0.520842 0.404290 0.509745 0.390954 0.503126 0.394848 0.497578 0.386282 0.502653 0.382617
0 0.489817 0.399556 0.510659 0.405222 0.509445 0.409876 0.516933 0.412102 0.513088 0.425256 0.508838 0.427077 0.505398 0.441242 0.478080 0.437802 0.482734 0.418780 0.481115 0.415138 0.489817 0.399556
0 0.470793 0.447182 0.477136 0.446548 0.477611 0.449719 0.491564 0.448451 0.494259 0.447499 0.511066 0.449085 0.511383 0.455427 0.512810 0.457488 0.511383 0.466526 0.508846 0.466684 0.509005 0.476039 0.503455 0.476197 0.503297 0.482064 0.487917 0.481747 0.485380 0.478576 0.479514 0.478259 0.478404 0.470807 0.471269 0.470490 0.469684 0.466050 0.467622 0.459232 0.460646 0.458915 0.461280 0.453207 0.470159 0.454159 0.470793 0.447182
0 0.467887 0.484846 0.477398 0.484442 0.477398 0.482418 0.505324 0.487679 0.503098 0.514390 0.492777 0.513176 0.491766 0.516819 0.465459 0.512974 0.467887 0.484846
0 0.457936 0.521311 0.466881 0.522056 0.467378 0.524168 0.508995 0.528516 0.508622 0.530131 0.511852 0.530131 0.511107 0.540691 0.501914 0.541436 0.497442 0.544790 0.496075 0.562058 0.481416 0.560940 0.481540 0.554356 0.467254 0.553611 0.468372 0.541436 0.459676 0.541933 0.460173 0.534479 0.455452 0.533982 0.456073 0.521559 0.457936 0.521311
0 0.065273 0.000004 0.041443 0.020482 0.018522 0.000003 0.065273 0.000004
0 0.047428 0.019284 0.057594 0.008428 0.072447 0.023769 0.056070 0.039812 0.046378 0.028114 0.047428 0.019284
0 -0.000000 0.033060 0.014519 0.048769 -0.000000 0.065814 -0.000000 0.033060
0 0.352143 0.899013 0.357888 0.906810 0.357683 0.909683 0.366095 0.921378 0.343525 0.937793 0.335933 0.926918 0.330804 0.911529 0.352143 0.899013
0 0.305361 0.950515 0.303104 0.937793 0.313978 0.931843 0.312337 0.928149 0.326290 0.921584 0.339832 0.950104 0.311721 0.964878 0.305361 0.950515
0 -0.000000 0.865434 0.002960 0.865308 0.006109 0.880298 -0.000000 0.882691 -0.000000 0.865434
0 0.849527 0.907653 0.864317 0.934179 0.832485 0.949131 0.827019 0.940610 0.821714 0.943826 0.812711 0.927588 0.831521 0.917620 0.849527 0.907653
0 0.945903 0.732818 0.952333 0.739731 0.960854 0.753236 0.938829 0.767705 0.927414 0.756612 0.924038 0.744072 0.945903 0.732818
0 0.939745 0.689405 0.939745 0.694535 0.914507 0.709513 0.907121 0.697613 0.903222 0.685917 0.902578 0.684863 0.911777 0.681576 0.916611 0.688063 0.926885 0.679414 0.929691 0.682224 0.933795 0.679146 0.939745 0.689405
0 0.923125 0.673196 0.926553 0.679053 0.916693 0.687355 0.911953 0.680994 0.902314 0.684434 0.896451 0.674837 0.916970 0.663347 0.923125 0.673196
