0 0.233524 0.079379 0.250545 0.090290 0.247431 0.096964 0.256775 0.102304 0.249655 0.112538 0.233115 0.103397 0.233524 0.079379
0 0.233003 0.110012 0.246986 0.117877 0.236752 0.133451 0.233637 0.131671 0.232929 0.114336 0.233003 0.110012
0 0.232333 0.149404 0.238616 0.135957 0.268580 0.151581 0.245465 0.189465 0.233265 0.183044 0.232320 0.150114 0.232333 0.149404
0 0.304110 0.062544 0.316951 0.069607 0.310102 0.079881 0.297261 0.072818 0.304110 0.062544
0 0.307748 0.081593 0.325941 0.093579 0.319734 0.102140 0.326797 0.107705 0.315881 0.123329 0.290197 0.105778 0.307748 0.081593
0 0.460579 0.000005 0.450739 0.015687 0.423044 0.002466 0.424723 0.000005 0.460579 0.000005
0 0.306126 0.000004 0.298127 0.015580 0.289693 0.021832 0.259298 0.000003 0.306126 0.000004
0 0.361303 0.005008 0.388000 0.020136 0.363528 0.062407 0.329266 0.040159 0.339055 0.022361 0.347509 0.027700 0.361303 0.005008
0 0.379434 0.055415 0.405111 0.068253 0.397463 0.082185 0.372059 0.068527 0.379434 0.055415
0 0.253022 0.293026 0.260513 0.296451 0.264794 0.290244 0.270786 0.293669 0.263509 0.306082 0.250239 0.300304 0.253022 0.293026
0 0.594852 0.000006 0.570252 0.040381 0.526525 0.014258 0.535207 0.000006 0.594852 0.000006
0 0.520846 0.062529 0.552080 0.061393 0.550944 0.116478 0.519710 0.116478 0.520846 0.062529
0 0.542895 0.120856 0.566011 0.121712 0.565369 0.138835 0.542253 0.138193 0.542895 0.120856
0 0.620882 0.051041 0.650516 0.058362 0.645635 0.073702 0.640057 0.071959 0.638314 0.078931 0.632038 0.077885 0.628900 0.090436 0.611120 0.085555 0.620882 0.051041
0 0.648883 0.066370 0.665577 0.068724 0.662367 0.097190 0.658300 0.096762 0.657016 0.104039 0.642676 0.102541 0.648883 0.066370
0 0.442188 0.202812 0.459670 0.194071 0.479611 0.233407 0.461856 0.242694 0.456119 0.232314 0.410227 0.253621 0.398755 0.230402 0.411047 0.223846 0.410227 0.220568 0.441095 0.205544 0.442188 0.202812
0 0.496530 0.265130 0.509641 0.267042 0.505817 0.295178 0.492159 0.292446 0.496530 0.265130
0 0.374757 0.300983 0.403602 0.315405 0.397397 0.327312 0.403266 0.329492 0.395217 0.344753 0.381801 0.337374 0.373080 0.351293 0.388006 0.360181 0.379621 0.374100 0.344739 0.352802 0.374757 0.300983
0 0.335628 0.420285 0.352536 0.404018 0.360242 0.412580 0.375652 0.399524 0.387210 0.413436 0.375010 0.425422 0.374154 0.429702 0.383357 0.439762 0.366234 0.454102 0.335628 0.420285
0 0.356429 0.466210 0.362985 0.478229 0.340039 0.491614 0.332937 0.479322 0.356429 0.466210
0 0.275960 0.543513 0.315770 0.542229 0.317268 0.587818 0.272107 0.588674 0.271251 0.571980 0.293083 0.571338 0.293297 0.561278 0.284735 0.561920 0.284949 0.566201 0.276816 0.566201 0.275960 0.543513
0 0.327756 0.571124 0.351941 0.569625 0.353225 0.594881 0.327970 0.595737 0.327756 0.571124
0 0.266871 0.611425 0.355076 0.618049 0.351590 0.650821 0.319167 0.648729 0.320212 0.638270 0.299643 0.636876 0.291973 0.674528 0.256761 0.671739 0.258853 0.648381 0.266523 0.649426 0.267917 0.636178 0.263385 0.636178 0.266871 0.611425
0 0.234221 0.685587 0.263115 0.684089 0.262901 0.716408 0.267824 0.716622 0.267182 0.733959 0.271890 0.737811 0.302497 0.737383 0.302069 0.757502 0.286659 0.757502 0.286231 0.750439 0.268252 0.750867 0.268038 0.756004 0.247919 0.756004 0.248561 0.742306 0.235719 0.742520 0.233579 0.746372 0.222877 0.740166 0.222877 0.728180 0.230582 0.717264 0.234221 0.685587
0 0.531616 0.219155 0.568102 0.229834 0.567213 0.235173 0.592130 0.242292 0.585901 0.268990 0.623277 0.277889 0.617048 0.303697 0.590795 0.297467 0.592575 0.289013 0.557423 0.280559 0.559648 0.269435 0.537400 0.261871 0.542740 0.244072 0.526721 0.240513 0.531616 0.219155
0 0.654240 0.331808 0.653421 0.383437 0.624738 0.383163 0.625285 0.369232 0.609168 0.369505 0.608895 0.358852 0.605617 0.358852 0.606163 0.342189 0.610260 0.342189 0.610260 0.330716 0.654240 0.331808
0 0.565536 0.428099 0.602815 0.428496 0.603088 0.439745 0.630062 0.439745 0.630268 0.432950 0.639122 0.432641 0.639019 0.447158 0.646226 0.447364 0.646843 0.464969 0.631886 0.464794 0.611124 0.464366 0.611124 0.460086 0.600423 0.460300 0.600851 0.488552 0.576665 0.490264 0.576879 0.472071 0.573669 0.472071 0.573669 0.460086 0.565750 0.460514 0.565536 0.428099
0 0.490809 0.468890 0.518205 0.470174 0.517135 0.493076 0.489525 0.491578 0.490809 0.468890
0 0.476041 0.512553 0.494875 0.511697 0.493805 0.534384 0.483318 0.533956 0.482676 0.545300 0.474328 0.544871 0.476041 0.512553
0 0.542057 0.594314 0.599631 0.598380 0.597491 0.652745 0.579084 0.651460 0.580582 0.633910 0.556611 0.632197 0.558323 0.614219 0.539488 0.613149 0.542057 0.594314
0 0.631775 0.468826 0.650697 0.468301 0.650697 0.486828 0.631775 0.486828 0.631775 0.468826
0 0.579265 0.514908 0.614058 0.513526 0.614914 0.538996 0.622191 0.538782 0.622904 0.563425 0.643664 0.564518 0.644210 0.587464 0.599116 0.587274 0.599035 0.580659 0.586613 0.580498 0.586371 0.585983 0.576046 0.585983 0.576449 0.569608 0.578546 0.569769 0.579265 0.514908
0 0.545462 0.671053 0.604033 0.677677 0.598106 0.747404 0.544068 0.741826 0.546857 0.723000 0.568472 0.725092 0.570912 0.700687 0.540930 0.696852 0.545462 0.671053
0 0.479467 0.744670 0.503224 0.744670 0.503010 0.754516 0.541322 0.755800 0.539395 0.803957 0.493807 0.801817 0.494449 0.791543 0.488670 0.791329 0.489098 0.775705 0.458063 0.773779 0.459348 0.756870 0.478824 0.757940 0.479467 0.744670
0 0.532636 0.822010 0.566509 0.820645 0.567602 0.887843 0.541378 0.888663 0.541378 0.846322 0.532910 0.846868 0.532636 0.822010
0 0.430971 0.880776 0.448747 0.881111 0.448076 0.890167 0.430971 0.889999 0.430971 0.880776
0 0.466858 0.870714 0.492013 0.871887 0.490672 0.893185 0.465852 0.891508 0.466858 0.870714
0 0.476008 0.914729 0.488921 0.913891 0.489257 0.907518 0.513405 0.908524 0.513070 0.935189 0.510051 0.935021 0.509045 0.944412 0.497977 0.949778 0.528163 0.949108 0.527827 0.958666 0.486909 0.959840 0.482884 0.956319 0.480872 0.958666 0.468797 0.947766 0.475170 0.943573 0.476008 0.914729
0 0.580818 0.906957 0.605432 0.906101 0.605432 0.925150 0.580604 0.924722 0.580818 0.906957
0 0.220520 0.843589 0.230301 0.812778 0.226477 0.812778 0.234398 0.790652 0.282202 0.804037 0.275646 0.825890 0.261715 0.822066 0.257891 0.832173 0.271549 0.835724 0.266359 0.848563 0.253520 0.845831 0.241774 0.880523 0.220057 0.870751 0.220520 0.843589
0 0.429437 0.971937 0.442065 0.972365 0.442707 0.972365 0.442493 0.988631 0.429009 0.989487 0.429437 0.971937
0 0.462142 0.999006 0.461756 0.989701 0.472029 0.989059 0.471601 0.984351 0.481661 0.984137 0.481861 0.999006 0.462142 0.999006
0 0.828063 0.000005 0.818477 0.001133 0.819358 0.009432 0.832200 0.009432 0.833056 0.022488 0.821926 0.023130 0.822783 0.030622 0.791748 0.031906 0.789569 0.000005 0.828063 0.000005
0 0.998876 0.816129 0.986061 0.816493 0.987107 0.784419 0.998876 0.785189 0.998876 0.816129
0 0.998876 0.848880 0.997160 0.895255 0.972464 0.893890 0.973510 0.884128 0.945619 0.882734 0.947013 0.849613 0.960959 0.850659 0.960959 0.853448 0.970721 0.854494 0.970372 0.843686 0.998876 0.845574 0.998876 0.848880
0 0.899356 0.926014 0.913014 0.925740 0.913287 0.942130 0.899902 0.941857 0.899356 0.926014
0 0.863298 0.814562 0.887337 0.816748 0.885698 0.826035 0.895258 0.826582 0.888976 0.898151 0.857015 0.895419 0.860020 0.860454 0.868215 0.861274 0.870400 0.841059 0.860293 0.840240 0.863298 0.814562
0 0.671106 0.827970 0.698106 0.827802 0.697603 0.841218 0.670436 0.841051 0.671106 0.827970
0 0.700957 0.807678 0.718901 0.808349 0.718901 0.805666 0.745062 0.806672 0.744223 0.838032 0.734329 0.837864 0.734664 0.835181 0.721919 0.835013 0.721584 0.840212 0.737348 0.840547 0.735671 0.896391 0.707497 0.896559 0.707497 0.880125 0.709510 0.880125 0.710516 0.859330 0.699112 0.859162 0.700957 0.807678
0 0.747046 0.808686 0.774871 0.809328 0.774871 0.825380 0.760745 0.825166 0.759246 0.859840 0.744478 0.859840 0.747046 0.808686
0 0.797145 0.764111 0.820047 0.762399 0.820689 0.781234 0.798002 0.782090 0.797145 0.764111
0 0.697835 0.726442 0.758620 0.727298 0.758406 0.782304 0.696337 0.781876 0.696979 0.772673 0.681568 0.772673 0.682424 0.744420 0.697835 0.744206 0.697835 0.726442
0 0.722448 0.663730 0.760546 0.664158 0.760332 0.675074 0.768037 0.675074 0.767609 0.707607 0.764827 0.707393 0.764613 0.717238 0.713031 0.715526 0.714101 0.693695 0.721164 0.694123 0.722448 0.663730
0 0.765742 0.733273 0.777173 0.733404 0.777042 0.743653 0.765742 0.743259 0.765742 0.733273
0 0.811074 0.736558 0.816593 0.740631 0.811205 0.748646 0.805687 0.744179 0.811074 0.736558
0 0.807228 0.677993 0.814455 0.678125 0.814060 0.698623 0.806702 0.698491 0.807228 0.677993
0 0.749256 0.594475 0.771331 0.594606 0.771068 0.603804 0.748862 0.603673 0.749256 0.594475
0 0.771310 0.604390 0.772406 0.604442 0.770729 0.649183 0.761338 0.648345 0.761505 0.654382 0.741885 0.654382 0.741885 0.653040 0.730481 0.653040 0.730481 0.632413 0.723773 0.633084 0.724276 0.610109 0.753704 0.610362 0.753893 0.604042 0.771310 0.604390
0 0.911828 0.770467 0.918384 0.771286 0.918657 0.783033 0.911009 0.783033 0.911828 0.770467
0 0.925213 0.739326 0.925486 0.737960 0.945427 0.738234 0.944881 0.754623 0.924940 0.754897 0.925213 0.739326
0 0.936959 0.659289 0.976841 0.658469 0.977388 0.667484 0.981758 0.667757 0.981762 0.671684 0.991865 0.671854 0.992139 0.691249 0.936959 0.691522 0.936959 0.659289
0 0.910801 0.721373 0.918229 0.721174 0.918179 0.729346 0.910850 0.729494 0.910801 0.721373
0 0.974175 0.571922 0.991281 0.571251 0.991616 0.586009 0.974343 0.586009 0.974175 0.571922
0 0.923867 0.605909 0.925576 0.605515 0.928072 0.605252 0.931357 0.606566 0.933985 0.608011 0.935430 0.611691 0.935036 0.614976 0.932277 0.617472 0.927678 0.619443 0.924130 0.618917 0.921371 0.615895 0.920714 0.611691 0.921897 0.608800 0.923867 0.605909
0 0.736733 0.486006 0.758313 0.485460 0.757494 0.506494 0.763584 0.506507 0.763504 0.509772 0.768147 0.509772 0.767055 0.525615 0.759679 0.525342 0.758040 0.552932 0.730451 0.551839 0.732090 0.507040 0.736187 0.507313 0.736733 0.486006
0 0.788125 0.502343 0.798355 0.508883 0.792150 0.517603 0.782255 0.510225 0.788125 0.502343
0 0.845417 0.484072 0.911658 0.480585 0.913401 0.505338 0.894575 0.505687 0.895272 0.510917 0.846463 0.514054 0.845417 0.484072
0 0.998875 0.530568 0.994141 0.533495 0.970384 0.497965 0.986650 0.488120 0.992429 0.497751 0.997780 0.494755 0.998875 0.496328 0.998875 0.530568
0 0.944433 0.372935 0.946359 0.371651 0.955562 0.387490 0.961769 0.383851 0.968832 0.395623 0.960485 0.400118 0.963910 0.407181 0.940366 0.419594 0.942934 0.423661 0.928380 0.432008 0.917465 0.411889 0.925170 0.406538 0.915538 0.388988 0.944433 0.372935
0 0.730600 0.330165 0.748712 0.319767 0.757432 0.335196 0.766320 0.331171 0.772190 0.341904 0.775712 0.340059 0.791140 0.368568 0.783090 0.372928 0.793152 0.390704 0.775376 0.400263 0.767327 0.384164 0.761122 0.387350 0.730600 0.330165
0 0.910027 0.302733 0.921968 0.305380 0.920933 0.310810 0.943606 0.316820 0.953440 0.337854 0.933284 0.350167 0.925006 0.337553 0.922116 0.336502 0.920539 0.344385 0.903983 0.340838 0.904114 0.338341 0.901355 0.337421 0.910027 0.302733
0 0.816757 0.297175 0.843511 0.295463 0.844795 0.336557 0.835164 0.336343 0.824890 0.341694 0.822964 0.338483 0.809266 0.347045 0.796852 0.324571 0.816971 0.312586 0.816757 0.297175
0 0.417598 0.281817 0.430983 0.286461 0.427978 0.295202 0.414320 0.291105 0.417598 0.281817
0 0.471946 0.696970 0.484859 0.697305 0.484691 0.706193 0.471946 0.706193 0.471946 0.696970
0 0.596411 0.299678 0.622870 0.305647 0.622789 0.305647 0.620046 0.318957 0.604720 0.320812 0.604800 0.322667 0.590845 0.322587 0.596411 0.299678
0 0.946397 0.497094 0.961389 0.503718 0.953370 0.523590 0.943957 0.519406 0.942214 0.522196 0.936984 0.519058 0.946397 0.497094
0 0.873175 0.113378 0.888932 0.136185 0.864790 0.155974 0.848356 0.131322 0.873175 0.113378
0 0.887262 0.111365 0.900510 0.101471 0.917783 0.126291 0.904032 0.136185 0.887262 0.111365
0 0.959006 0.002105 0.960851 0.008310 0.943578 0.012334 0.942236 0.005626 0.959006 0.002105
0 0.945087 0.029775 0.952801 0.040843 0.942236 0.048557 0.933851 0.037154 0.945087 0.029775
0 0.864641 0.000004 0.866921 0.013940 0.853465 0.018729 0.854940 0.000005 0.864641 0.000004
