0 0.186388 0.041011 0.221298 0.050532 0.213760 0.088218 0.196306 0.083458 0.199876 0.063226 0.182818 0.057276 0.186388 0.041011
0 0.291496 0.166390 0.313711 0.167183 0.312124 0.185828 0.290702 0.184241 0.291496 0.166390
0 0.275358 0.265265 0.276275 0.251888 0.298680 0.253106 0.297706 0.279164 0.273632 0.277994 0.274063 0.265265 0.275358 0.265265
0 0.261411 0.250457 0.276040 0.251888 0.275123 0.264796 0.274063 0.264913 0.273741 0.275015 0.260266 0.274118 0.260457 0.262287 0.261411 0.250457
0 0.289028 0.379294 0.288729 0.377949 0.288879 0.376902 0.288879 0.376453 0.289028 0.375257 0.289327 0.374510 0.290075 0.373463 0.291420 0.373164 0.293215 0.372865 0.295009 0.373015 0.296354 0.373912 0.297550 0.375257 0.297999 0.376154 0.298746 0.377500 0.298896 0.378696 0.298447 0.380191 0.297999 0.381537 0.297102 0.382583 0.296205 0.383331 0.294859 0.383181 0.293215 0.383181 0.291570 0.382284 0.290224 0.381088 0.289327 0.380042 0.289028 0.379294
0 0.304024 0.371496 0.309108 0.371496 0.309108 0.377178 0.304024 0.377178 0.304024 0.371496
0 0.199429 0.385612 0.210323 0.387018 0.207277 0.406229 0.208683 0.406581 0.207512 0.415601 0.197203 0.414430 0.197554 0.410564 0.194274 0.409861 0.196149 0.398381 0.200366 0.398849 0.201420 0.393109 0.198726 0.392523 0.199429 0.385612
0 0.064451 0.388573 0.092646 0.405377 0.091240 0.407065 0.097162 0.410756 0.087100 0.428009 0.052817 0.407120 0.064451 0.388573
0 0.054369 0.338637 0.052665 0.345943 0.060945 0.348135 0.057779 0.360312 0.049499 0.358120 0.047307 0.366643 0.011507 0.356902 0.019057 0.329382 0.054369 0.338637
0 0.268838 0.317426 0.297461 0.298726 0.312535 0.320098 0.292881 0.333264 0.298606 0.339561 0.269029 0.359788 0.259297 0.341851 0.261396 0.340515 0.262159 0.327731 0.265022 0.325822 0.263304 0.323151 0.270174 0.319525 0.268838 0.317426
