0 0.267359 0.226416 0.279088 0.226266 0.279469 0.238443 0.267849 0.238294 0.267359 0.226416
4 -0.000000 0.283504 0.009635 0.286557 0.007154 0.294762 -0.000000 0.292663 -0.000000 0.283504
0 0.266904 0.249723 0.267085 0.239439 0.279201 0.239477 0.279018 0.249955 0.266904 0.249723
0 0.136113 0.234241 0.153171 0.233448 0.153567 0.249316 0.136509 0.250109 0.136113 0.234241
4 0.004075 0.273522 0.008129 0.265739 0.016959 0.270532 0.012773 0.278034 0.004075 0.273522
0 0.191046 0.140796 0.191527 0.129439 0.207174 0.130202 0.206602 0.141651 0.191046 0.140796
0 0.120134 0.171131 0.121595 0.142150 0.145461 0.142394 0.143757 0.178924 0.124517 0.179168 0.124030 0.171375 0.120134 0.171131
4 0.091720 0.118861 0.105601 0.119242 0.104871 0.138100 0.091232 0.137613 0.091720 0.118861
4 0.071155 0.147590 0.105494 0.159036 0.101841 0.170239 0.067259 0.158793 0.071155 0.147590
4 0.033591 0.165496 0.033591 0.153685 0.045091 0.153685 0.045091 0.165807 0.033591 0.165496
4 0.018029 0.163767 0.018220 0.153463 0.028715 0.153654 0.028334 0.164340 0.018029 0.163767
0 0.033266 0.106841 0.046490 0.105669 0.047422 0.115113 0.034368 0.116357 0.033266 0.106841
0 0.029214 0.120177 0.041325 0.119877 0.041773 0.128699 0.029364 0.128848 0.029214 0.120177
0 0.018201 0.124389 0.024331 0.122146 0.029713 0.137845 0.023733 0.139788 0.018201 0.124389
0 0.006009 0.150104 0.005928 0.135187 0.017691 0.135088 0.017799 0.150047 0.006009 0.150104
0 0.005798 0.134466 0.005974 0.126711 0.011102 0.126704 0.011246 0.127791 0.014103 0.127836 0.013966 0.134378 0.005798 0.134466
0 0.015432 0.118780 0.011214 0.126596 0.000263 0.120578 0.004407 0.112950 0.015432 0.118780
0 0.005109 0.113038 0.008397 0.107099 0.017782 0.112243 0.014548 0.118128 0.005109 0.113038
4 0.111734 0.164727 0.112093 0.157053 0.119276 0.157277 0.118737 0.165266 0.111734 0.164727
4 0.106477 0.146650 0.112058 0.146706 0.112104 0.156710 0.106502 0.156696 0.106477 0.146650
0 0.051153 0.108476 0.051382 0.095643 0.062841 0.096101 0.062612 0.108934 0.051153 0.108476
0 0.019500 0.100891 0.017452 0.082757 0.027397 0.081587 0.029444 0.099429 0.019500 0.100891
0 0.090317 0.028391 0.099484 0.033154 0.093247 0.045269 0.083851 0.040457 0.090317 0.028391
4 0.012157 0.279076 0.008841 0.285031 0.000720 0.280497 0.004036 0.274541 0.012157 0.279076
4 -0.000000 0.257649 -0.000000 0.242387 0.009183 0.244721 0.006669 0.259265 -0.000000 0.257649
4 0.134314 0.194507 0.135231 0.205736 0.126752 0.206194 0.125835 0.195194 0.134314 0.194507
4 0.097891 0.139084 0.103378 0.141898 0.100986 0.147385 0.095359 0.144571 0.097891 0.139084
0 -0.000000 0.084198 0.012715 0.083073 0.013559 0.095031 -0.000000 0.095875 -0.000000 0.084198
0 0.012980 0.083232 0.016761 0.082989 0.017503 0.093912 0.013791 0.094018 0.012980 0.083232
0 0.009688 0.078141 0.009125 0.069137 0.016863 0.068575 0.017285 0.077719 0.009688 0.078141
0 0.192590 0.044548 0.202215 0.044090 0.202215 0.059215 0.193048 0.059215 0.192590 0.044548
4 0.193433 0.061081 0.193963 0.060394 0.194705 0.060006 0.195457 0.059690 0.196020 0.059637 0.196389 0.059637 0.196954 0.059584 0.197570 0.059637 0.198516 0.059584 0.199572 0.060025 0.200188 0.060606 0.201189 0.061644 0.201523 0.062857 0.201456 0.064227 0.201105 0.065687 0.199309 0.067218 0.197339 0.067500 0.195510 0.067078 0.194244 0.065952 0.193259 0.064545 0.192888 0.063085 0.192941 0.061819 0.193433 0.061081
4 0.141138 0.010859 0.159992 0.011118 0.158700 0.018091 0.139847 0.017058 0.139589 0.012926 0.141138 0.010859
4 0.162316 0.020157 0.161541 0.027130 0.140622 0.025322 0.140622 0.020932 0.162316 0.020157
