0 0.998872 0.047782 0.986452 0.046895 0.987763 0.007555 0.998872 0.004521 0.998872 0.047782
0 0.977491 0.008429 0.976179 0.045584 0.942085 0.047114 0.943615 0.016079 0.951227 0.016516 0.951701 0.008211 0.977491 0.008429
0 0.933427 0.008613 0.933985 0.047665 0.908323 0.047386 0.907207 0.057428 0.898002 0.057707 0.898281 0.020329 0.908881 0.020050 0.909657 0.008311 0.933427 0.008613
0 0.859255 0.006357 0.877767 0.005645 0.878123 0.019173 0.893787 0.017749 0.894855 0.048366 0.857831 0.048722 0.859255 0.006357
0 0.821488 0.005267 0.854960 0.006104 0.855518 0.018935 0.853566 0.048224 0.819814 0.049619 0.818141 0.041529 0.821488 0.018098 0.821488 0.005267
0 0.781877 0.000446 0.804192 0.001004 0.804192 0.015509 0.815908 0.015509 0.815071 0.040334 0.784946 0.040892 0.786061 0.014951 0.781598 0.014672 0.781877 0.000446
0 0.778463 0.004013 0.778026 0.043572 0.740710 0.042226 0.741619 0.014964 0.751615 0.011329 0.758884 0.010421 0.758430 0.002242 0.778463 0.004013
0 0.738614 0.000007 0.737902 0.039287 0.700878 0.037863 0.701234 0.011518 0.713694 0.012586 0.715117 0.000008 0.738614 0.000007
0 0.700703 0.000008 0.698193 0.039488 0.658304 0.040046 0.660815 0.007411 0.680898 0.007968 0.680341 0.000008 0.700703 0.000008
0 0.653911 0.000008 0.643592 0.046033 0.616535 0.039618 0.616256 0.025671 0.622670 0.000008 0.653911 0.000008
0 0.622669 0.000008 0.607251 0.042079 0.577263 0.036627 0.582261 0.003458 0.592257 0.004821 0.592257 0.000008 0.622669 0.000008
0 0.575642 0.000009 0.530239 0.011957 0.528876 0.005142 0.539780 0.001507 0.536618 0.000009 0.575642 0.000009
0 0.482357 0.000009 0.484029 0.014203 0.452230 0.012808 0.451951 0.001930 0.442467 0.002767 0.442189 0.000009 0.482357 0.000009
0 0.442609 0.028339 0.452222 0.027983 0.452934 0.017659 0.484029 0.014203 0.483906 0.050768 0.444389 0.050056 0.442609 0.028339
0 0.441702 0.053216 0.486890 0.053773 0.487169 0.090593 0.439749 0.090593 0.441702 0.053216
0 0.439749 0.090593 0.480949 0.091765 0.482479 0.127390 0.452099 0.129575 0.452755 0.109468 0.440953 0.109250 0.439749 0.090593
0 0.989540 0.136554 0.967225 0.128465 0.972246 0.117028 0.960251 0.113681 0.970572 0.084392 0.973640 0.084113 0.974198 0.079929 0.981451 0.081603 0.983124 0.085508 0.992887 0.088298 0.994840 0.094434 0.997350 0.095829 0.996513 0.103360 0.991771 0.102802 0.992050 0.111449 0.997350 0.113960 0.996513 0.119260 0.991771 0.123444 0.989540 0.136554
0 0.922139 0.079224 0.930786 0.079224 0.931902 0.073924 0.947523 0.074203 0.948360 0.082850 0.957007 0.082571 0.956449 0.096518 0.957843 0.111023 0.952823 0.113254 0.953101 0.122738 0.936644 0.121622 0.937202 0.110744 0.919629 0.108791 0.918792 0.094286 0.922139 0.079224
0 0.877573 0.084087 0.913277 0.086318 0.915508 0.095802 0.914951 0.117838 0.907977 0.118954 0.907977 0.128159 0.896541 0.127601 0.890683 0.127043 0.891520 0.117559 0.886778 0.110586 0.877573 0.110307 0.877573 0.084087
0 0.836799 0.083760 0.869156 0.085434 0.865809 0.124485 0.851025 0.124485 0.849910 0.112212 0.835405 0.111654 0.836799 0.083760
0 0.797735 0.084821 0.834889 0.085696 0.833141 0.100994 0.832922 0.112796 0.831174 0.112796 0.830737 0.115856 0.828988 0.116075 0.829207 0.126128 0.815656 0.126347 0.815656 0.114108 0.795986 0.114108 0.797735 0.084821
0 0.757876 0.081102 0.797735 0.084821 0.792407 0.126780 0.774267 0.125687 0.775141 0.113011 0.754160 0.112574 0.757876 0.081102
0 0.715110 0.082711 0.745515 0.082711 0.746072 0.100285 0.748025 0.100842 0.749420 0.111163 0.747188 0.125668 0.727941 0.126784 0.727941 0.113395 0.714273 0.113116 0.715110 0.082711
0 0.707579 0.088011 0.710926 0.116742 0.706184 0.116742 0.707858 0.127621 0.692795 0.131805 0.692237 0.122042 0.675501 0.123437 0.672433 0.104748 0.672712 0.089127 0.707579 0.088011
0 0.628588 0.097193 0.665128 0.091057 0.667918 0.105562 0.669313 0.126761 0.664850 0.127040 0.665686 0.132061 0.653134 0.134850 0.651461 0.123972 0.633887 0.126761 0.630819 0.110025 0.628588 0.097193
0 0.590735 0.105294 0.616676 0.101389 0.619744 0.114778 0.621697 0.121752 0.629786 0.119241 0.632575 0.140441 0.608587 0.147972 0.604960 0.134304 0.599661 0.129004 0.594082 0.131515 0.590735 0.105294
0 0.548957 0.113632 0.576851 0.107496 0.581593 0.122559 0.587730 0.122280 0.592750 0.147384 0.572109 0.152126 0.569320 0.139016 0.564020 0.139295 0.560951 0.135948 0.555094 0.134553 0.553420 0.131485 0.548957 0.113632
0 0.512145 0.120285 0.548957 0.113632 0.553420 0.131485 0.552033 0.139811 0.517723 0.150689 0.512145 0.120285
0 0.439729 0.139717 0.457581 0.135812 0.460650 0.142227 0.480175 0.136927 0.489938 0.163984 0.462881 0.174863 0.456466 0.158684 0.446145 0.163147 0.439729 0.139717
0 0.933249 0.205360 0.956746 0.187203 0.974546 0.207496 0.979174 0.205004 0.993414 0.219244 0.975614 0.234196 0.969918 0.228856 0.961374 0.238824 0.933249 0.205360
0 0.935741 0.215684 0.961018 0.246656 0.936809 0.269796 0.908685 0.237400 0.935741 0.215684
0 0.881064 0.263979 0.903492 0.246891 0.930193 0.278931 0.917733 0.289967 0.907764 0.278575 0.898864 0.288899 0.881064 0.263979
0 0.879640 0.187919 0.880198 0.212187 0.875735 0.211908 0.876014 0.225576 0.845610 0.226134 0.846447 0.201308 0.860115 0.201587 0.860672 0.187640 0.879640 0.187919
0 0.835010 0.194056 0.835568 0.206608 0.835010 0.233386 0.799306 0.234223 0.800143 0.205213 0.818553 0.206050 0.818832 0.192661 0.835010 0.194056
0 0.998872 0.344617 0.984519 0.325480 0.994003 0.317391 0.986193 0.309301 0.998872 0.295587 0.998872 0.344617
0 0.968881 0.327055 0.998872 0.351489 0.998872 0.357385 0.998167 0.360494 0.981557 0.382350 0.957734 0.364210 0.963417 0.355030 0.952926 0.346944 0.968881 0.327055
0 0.943577 0.361150 0.963513 0.378950 0.974549 0.386426 0.955325 0.412415 0.930761 0.395327 0.935745 0.387494 0.928269 0.381086 0.943577 0.361150
0 0.795446 0.185996 0.795090 0.229072 0.754505 0.227292 0.758065 0.197388 0.766609 0.197744 0.767677 0.184928 0.795446 0.185996
0 0.747741 0.184572 0.748097 0.192048 0.751301 0.192404 0.749165 0.226580 0.710717 0.224088 0.712853 0.199168 0.723533 0.199524 0.725669 0.183148 0.747741 0.184572
0 0.676834 0.187285 0.683249 0.214621 0.659818 0.219363 0.661771 0.225500 0.644477 0.230521 0.637782 0.207369 0.652287 0.204301 0.650056 0.192585 0.676834 0.187285
0 0.656147 0.230379 0.682368 0.222848 0.689620 0.247673 0.668142 0.254647 0.668142 0.263573 0.651405 0.267478 0.642758 0.243210 0.657821 0.239584 0.656147 0.230379
0 0.691275 0.262578 0.699107 0.295686 0.657811 0.306366 0.653539 0.284650 0.664575 0.282870 0.661371 0.268986 0.691275 0.262578
0 0.657700 0.310105 0.698285 0.301205 0.704337 0.337517 0.676568 0.344281 0.673720 0.333601 0.664108 0.336093 0.657700 0.310105
0 0.675982 0.348133 0.713360 0.342275 0.719776 0.372121 0.696903 0.377142 0.692998 0.364032 0.677935 0.367100 0.675982 0.348133
0 0.768312 0.261863 0.768870 0.291431 0.749065 0.291989 0.749344 0.307330 0.730934 0.306772 0.731213 0.261863 0.768312 0.261863
0 0.782817 0.271347 0.819637 0.270510 0.820753 0.294499 0.805969 0.295057 0.803737 0.298125 0.785048 0.300078 0.785606 0.290594 0.783375 0.285015 0.782817 0.271347
0 0.737060 0.322565 0.764116 0.324701 0.763760 0.337517 0.778712 0.338941 0.778356 0.358165 0.757708 0.360657 0.756640 0.352825 0.735636 0.352469 0.737060 0.322565
0 0.677121 0.412536 0.687441 0.393847 0.700551 0.401100 0.705293 0.391895 0.728166 0.402773 0.716172 0.433457 0.677121 0.412536
0 0.781947 0.374339 0.797010 0.390239 0.787526 0.400559 0.793662 0.407812 0.776089 0.426501 0.754332 0.403628 0.773579 0.384102 0.781947 0.374339
0 0.816814 0.395817 0.836619 0.413112 0.830203 0.421201 0.832714 0.425664 0.816814 0.445747 0.791989 0.422038 0.816814 0.395817
0 0.730044 0.459739 0.744828 0.448303 0.749012 0.452487 0.759890 0.441329 0.771327 0.451092 0.770490 0.453603 0.788621 0.471455 0.768816 0.488470 0.761285 0.480939 0.754870 0.487633 0.730044 0.459739
0 0.701102 0.483854 0.725666 0.469614 0.736702 0.489194 0.740974 0.485990 0.753791 0.503078 0.740262 0.514826 0.746671 0.525150 0.729226 0.532626 0.701102 0.483854
0 0.697542 0.488126 0.719970 0.523370 0.696830 0.537610 0.690066 0.525150 0.680454 0.528710 0.675114 0.518030 0.668350 0.506282 0.697542 0.488126
0 0.637190 0.525844 0.658668 0.513850 0.672894 0.536723 0.677078 0.533097 0.685725 0.547044 0.668152 0.556249 0.660900 0.543975 0.649184 0.550670 0.634679 0.528076 0.637190 0.525844
0 0.601583 0.548718 0.629476 0.532261 0.650676 0.565176 0.634776 0.574102 0.629197 0.562665 0.614693 0.574660 0.601583 0.548718
0 0.556945 0.564361 0.584560 0.554878 0.595439 0.576635 0.600181 0.573845 0.606596 0.589745 0.612175 0.586398 0.619706 0.601460 0.601575 0.608713 0.597112 0.599229 0.586234 0.603971 0.581213 0.593650 0.572566 0.597555 0.562803 0.580261 0.563640 0.576077 0.556945 0.564361
0 0.910345 0.413016 0.944877 0.433462 0.925793 0.462995 0.903530 0.448910 0.909436 0.440277 0.896714 0.433008 0.910345 0.413016
0 0.888990 0.447547 0.921704 0.471174 0.903075 0.497527 0.878994 0.482987 0.883538 0.477535 0.873542 0.469356 0.888990 0.447547
0 0.857810 0.483769 0.872406 0.494805 0.873830 0.498365 0.870626 0.501213 0.885935 0.515453 0.865642 0.536101 0.843926 0.518301 0.853894 0.509045 0.843214 0.500501 0.857810 0.483769
0 0.833504 0.513778 0.863764 0.542971 0.842404 0.563619 0.822824 0.545107 0.831012 0.537274 0.819976 0.525170 0.833504 0.513778
0 0.803629 0.537575 0.807255 0.542038 0.809766 0.541202 0.819808 0.553754 0.813671 0.560169 0.825944 0.576627 0.803629 0.590853 0.784382 0.566585 0.794703 0.559890 0.787730 0.550128 0.803629 0.537575
0 0.971226 0.466555 0.989078 0.465718 0.989357 0.473249 0.996331 0.471297 0.997446 0.479665 0.972900 0.488591 0.969553 0.482454 0.975968 0.479107 0.971226 0.466555
0 0.919902 0.527921 0.933291 0.540195 0.941659 0.530153 0.958116 0.543821 0.930222 0.580083 0.897308 0.550794 0.919902 0.527921
0 0.774428 0.559688 0.800772 0.601341 0.773360 0.617717 0.754136 0.588524 0.761612 0.581760 0.754848 0.569656 0.774428 0.559688
0 0.741320 0.579980 0.764816 0.617361 0.737759 0.635517 0.718179 0.606681 0.734555 0.599917 0.727791 0.588168 0.741320 0.579980
0 0.708567 0.602765 0.730995 0.640501 0.701091 0.655809 0.685783 0.631601 0.695395 0.623413 0.687563 0.612377 0.708567 0.602765
0 0.634658 0.641207 0.665100 0.666197 0.640564 0.690278 0.611940 0.661653 0.634658 0.641207
0 0.873015 0.301586 0.903457 0.314308 0.886191 0.354292 0.868925 0.347477 0.873923 0.335209 0.858021 0.327939 0.862564 0.312037 0.873015 0.301586
0 0.867562 0.284320 0.862564 0.312037 0.848933 0.308856 0.848025 0.320215 0.821672 0.315217 0.826215 0.300223 0.832122 0.302041 0.840755 0.274779 0.867562 0.284320
0 0.541355 0.208534 0.573161 0.202173 0.574978 0.213986 0.577250 0.213532 0.579976 0.220347 0.587246 0.218530 0.591789 0.235341 0.547262 0.243065 0.541355 0.208534
0 0.572758 0.255150 0.594118 0.252302 0.596610 0.272950 0.580590 0.275442 0.579878 0.266898 0.573470 0.268678 0.572758 0.255150
0 0.554675 0.284397 0.586026 0.278945 0.589207 0.293484 0.585572 0.300754 0.590570 0.315294 0.561945 0.319383 0.554675 0.284397
0 0.562916 0.323924 0.576584 0.321692 0.578536 0.333687 0.606709 0.332013 0.608941 0.351539 0.590810 0.353770 0.590252 0.347912 0.567937 0.351818 0.562916 0.323924
0 0.600428 0.361608 0.604700 0.380120 0.590460 0.384748 0.594732 0.397565 0.579423 0.401481 0.579780 0.407177 0.565539 0.412161 0.557707 0.367660 0.584764 0.362320 0.587968 0.363744 0.600428 0.361608
0 0.614909 0.418435 0.590362 0.446050 0.567210 0.428198 0.583110 0.408672 0.594546 0.416482 0.602357 0.406719 0.614909 0.418435
0 0.648656 0.428862 0.669856 0.420994 0.677069 0.437385 0.669638 0.440445 0.679254 0.462301 0.642756 0.474758 0.635106 0.448313 0.653465 0.442631 0.648656 0.428862
0 0.584074 0.467049 0.611967 0.459518 0.617825 0.476533 0.630935 0.472907 0.636514 0.487690 0.594115 0.501079 0.584074 0.467049
0 0.495986 0.215939 0.502801 0.248199 0.459637 0.257286 0.456002 0.242292 0.470542 0.237749 0.465089 0.221392 0.486444 0.215485 0.495986 0.215939
0 0.460846 0.260780 0.500363 0.253660 0.505347 0.286056 0.480782 0.291040 0.477222 0.278936 0.462626 0.281072 0.460846 0.260780
0 0.466640 0.299354 0.505133 0.289591 0.510991 0.305770 0.509875 0.316091 0.511828 0.326411 0.485050 0.333664 0.481145 0.313580 0.467756 0.315254 0.466640 0.299354
0 0.471408 0.337449 0.488702 0.334381 0.489260 0.337170 0.513528 0.333265 0.518549 0.362554 0.491771 0.367853 0.490097 0.358927 0.476150 0.360601 0.471408 0.337449
0 0.477615 0.373844 0.518340 0.366034 0.525592 0.400622 0.496583 0.407875 0.493235 0.391418 0.480683 0.393928 0.477615 0.373844
0 0.485081 0.412380 0.523017 0.406522 0.529433 0.438321 0.500702 0.443063 0.499028 0.435811 0.488429 0.437485 0.485918 0.423259 0.485081 0.412380
0 0.492847 0.449884 0.507708 0.447699 0.531968 0.442235 0.539617 0.477422 0.510987 0.482449 0.509457 0.474144 0.505086 0.474363 0.497873 0.475893 0.492847 0.464091 0.493065 0.460375 0.492847 0.449884
0 0.496226 0.489417 0.513274 0.484171 0.514148 0.486357 0.535785 0.481549 0.543216 0.514769 0.525076 0.518485 0.517864 0.506027 0.503439 0.508868 0.496226 0.489417
0 0.506509 0.526371 0.543608 0.518282 0.553370 0.550918 0.524361 0.557333 0.521292 0.535855 0.511809 0.538644 0.506509 0.526371
0 0.517682 0.571834 0.545220 0.564622 0.548935 0.578172 0.556366 0.578391 0.561830 0.604618 0.541504 0.611611 0.536259 0.600465 0.524457 0.603743 0.517682 0.571834
0 0.928100 0.999004 0.931091 0.981557 0.945317 0.985462 0.945596 0.980999 0.969864 0.984904 0.967787 0.999003 0.928100 0.999004
0 0.944480 0.942227 0.944201 0.924933 0.947827 0.910986 0.981300 0.916564 0.979347 0.934695 0.975721 0.960916 0.959822 0.957290 0.960938 0.944737 0.944480 0.942227
0 0.900966 0.913496 0.933880 0.917401 0.932207 0.933022 0.928581 0.960358 0.912681 0.959521 0.914355 0.942506 0.895666 0.941390 0.898176 0.928001 0.900966 0.913496
0 0.857491 0.905136 0.892916 0.907368 0.890127 0.948929 0.868091 0.945861 0.867533 0.933309 0.852470 0.932193 0.857491 0.905136
0 0.837678 0.884754 0.847076 0.897431 0.847076 0.901365 0.854507 0.910763 0.839208 0.920379 0.845764 0.931307 0.831121 0.939612 0.824127 0.928028 0.818445 0.930214 0.802709 0.908577 0.827843 0.893715 0.829373 0.889781 0.837678 0.884754
0 0.842728 0.957355 0.846633 0.960144 0.841054 0.970186 0.846633 0.976602 0.839101 0.995570 0.823481 0.985807 0.826549 0.979949 0.803955 0.964050 0.816786 0.942292 0.842728 0.957355
0 0.793677 0.999007 0.791403 0.996127 0.797261 0.987759 0.803118 0.990828 0.807581 0.984133 0.831678 0.999006 0.793677 0.999007
0 0.573400 0.714591 0.582798 0.713717 0.587825 0.741473 0.578864 0.743659 0.573400 0.714591
0 0.569466 0.746937 0.584983 0.743659 0.591977 0.773601 0.576241 0.777753 0.569466 0.746937
0 0.580612 0.777972 0.595474 0.773601 0.601812 0.805073 0.585639 0.808570 0.580612 0.777972
0 0.582922 0.818635 0.597706 0.817240 0.603563 0.848202 0.588780 0.850991 0.582922 0.818635
0 0.577001 0.891810 0.593458 0.878421 0.589274 0.856385 0.596527 0.851364 0.604337 0.854433 0.609916 0.878142 0.609637 0.880095 0.610753 0.886232 0.605174 0.887626 0.604895 0.891810 0.586764 0.905199 0.579233 0.904084 0.577001 0.891810
0 0.183101 0.000006 0.175834 0.019242 0.148118 0.011518 0.151297 0.000006 0.183101 0.000006
0 0.227177 0.000007 0.227177 0.003794 0.220361 0.005157 0.220361 0.011063 0.199006 0.010609 0.199006 0.005157 0.196280 0.006065 0.193557 0.000006 0.227177 0.000007
0 0.272509 0.000007 0.268886 0.009866 0.252986 0.009587 0.254660 0.014050 0.244339 0.013492 0.244060 0.007076 0.235134 0.007076 0.234856 0.000007 0.272509 0.000007
0 0.304826 0.000008 0.303474 0.011261 0.278091 0.010982 0.272516 0.000007 0.304826 0.000008
0 0.381045 0.000008 0.384601 0.006880 0.379617 0.015425 0.361104 0.016493 0.358969 0.000008 0.381045 0.000008
0 0.333692 0.000008 0.334048 0.007236 0.313044 0.007236 0.313399 0.000008 0.333692 0.000008
0 0.384734 0.050946 0.387802 0.095855 0.353214 0.096134 0.352656 0.051504 0.384734 0.050946
0 0.347004 0.053611 0.350208 0.084583 0.335968 0.084939 0.337748 0.096331 0.314964 0.099891 0.312472 0.083515 0.319592 0.083871 0.317812 0.053967 0.347004 0.053611
0 0.287239 0.049581 0.308997 0.047070 0.312472 0.083515 0.295050 0.084727 0.297560 0.097279 0.274966 0.098953 0.274966 0.055996 0.288076 0.056833 0.287239 0.049581
0 0.270797 0.053527 0.274144 0.084210 0.259918 0.083095 0.259918 0.096205 0.237603 0.099273 0.238998 0.054922 0.270797 0.053527
0 0.197825 0.046356 0.235760 0.046914 0.235482 0.074250 0.198104 0.077318 0.197267 0.061418 0.197825 0.046356
0 0.189099 0.043605 0.190917 0.053601 0.175923 0.056782 0.183193 0.074956 0.183647 0.084952 0.164564 0.086770 0.159111 0.059962 0.162292 0.059053 0.158657 0.047694 0.189099 0.043605
0 0.118673 0.069958 0.131395 0.066323 0.130487 0.061325 0.143663 0.056782 0.145935 0.064051 0.155022 0.062234 0.158657 0.092222 0.140483 0.096765 0.142754 0.108579 0.124126 0.111305 0.118673 0.069958
0 0.139999 0.152127 0.158512 0.151415 0.159580 0.165299 0.173108 0.165299 0.177380 0.179539 0.177024 0.191999 0.141067 0.195559 0.139999 0.152127
0 0.185924 0.168147 0.205148 0.167435 0.205860 0.180963 0.221168 0.183455 0.220812 0.208019 0.189840 0.209443 0.190196 0.183811 0.185924 0.184167 0.185924 0.168147
0 0.240393 0.152483 0.263177 0.152483 0.264245 0.158891 0.266381 0.159603 0.265669 0.184879 0.264601 0.202323 0.247513 0.201967 0.247513 0.193779 0.228644 0.195559 0.228288 0.163519 0.239681 0.163875 0.240393 0.152483
0 0.270294 0.150979 0.290099 0.150701 0.291215 0.163532 0.305441 0.163532 0.305162 0.180826 0.303209 0.191147 0.275594 0.190868 0.275315 0.162416 0.270852 0.162416 0.270294 0.150979
0 0.314016 0.165410 0.342865 0.163443 0.347018 0.174152 0.346144 0.190981 0.313142 0.192511 0.311612 0.177212 0.309864 0.166066 0.314016 0.165410
0 0.352375 0.149296 0.373017 0.148738 0.373854 0.161011 0.388080 0.161290 0.386964 0.189742 0.350702 0.191416 0.349865 0.164638 0.353491 0.161011 0.352375 0.149296
0 0.395020 0.221181 0.401994 0.249353 0.387489 0.251864 0.390836 0.265811 0.372705 0.267763 0.370474 0.246285 0.369358 0.228991 0.367684 0.225086 0.395020 0.221181
0 0.357085 0.228154 0.360432 0.239033 0.366290 0.237359 0.369637 0.251027 0.362106 0.252422 0.366011 0.269716 0.347880 0.271947 0.345648 0.258837 0.324170 0.266090 0.320544 0.235964 0.357085 0.228154
0 0.311897 0.234849 0.314128 0.246843 0.317754 0.247680 0.320544 0.263579 0.320823 0.267484 0.316918 0.269437 0.319149 0.277247 0.303250 0.281152 0.300181 0.269716 0.285677 0.272505 0.281213 0.241264 0.311897 0.234849
0 0.240262 0.248994 0.275687 0.242857 0.281266 0.255410 0.284613 0.280235 0.260903 0.284977 0.258951 0.276051 0.245004 0.279119 0.242772 0.264057 0.240262 0.248994
0 0.158169 0.267014 0.193873 0.260598 0.198057 0.277892 0.201683 0.294071 0.182437 0.296860 0.184389 0.308855 0.165700 0.312481 0.159564 0.284029 0.158169 0.267014
0 0.377555 0.321602 0.403453 0.314332 0.408451 0.328871 0.415267 0.326145 0.423899 0.362948 0.388914 0.374762 0.377555 0.321602
0 0.372102 0.317967 0.382098 0.362040 0.375737 0.363857 0.373920 0.366583 0.356654 0.370218 0.353473 0.367492 0.346204 0.367946 0.342569 0.340230 0.353928 0.338413 0.352110 0.325691 0.372102 0.317967
0 0.335299 0.329780 0.341206 0.367492 0.307128 0.376579 0.302585 0.346137 0.319851 0.342957 0.317124 0.332362 0.335299 0.329780
0 0.294421 0.335956 0.302071 0.377919 0.287209 0.379668 0.288739 0.386006 0.267539 0.389940 0.263168 0.369614 0.263386 0.354752 0.282619 0.351911 0.279778 0.339672 0.294421 0.335956
0 0.252237 0.357179 0.257577 0.378539 0.249033 0.379963 0.251525 0.393847 0.224469 0.400967 0.220909 0.377115 0.233369 0.374979 0.230165 0.360383 0.252237 0.357179
0 0.165041 0.351311 0.186396 0.344495 0.191394 0.360398 0.205025 0.358126 0.210023 0.370394 0.212749 0.385842 0.175946 0.394929 0.165041 0.351311
0 0.391062 0.406552 0.427411 0.402008 0.433772 0.431996 0.416052 0.433359 0.417415 0.444264 0.399241 0.445172 0.391062 0.406552
0 0.381521 0.410641 0.386973 0.437903 0.392880 0.436994 0.395606 0.450625 0.372434 0.454714 0.369707 0.442446 0.359257 0.443809 0.354259 0.416548 0.381521 0.410641
0 0.315338 0.419867 0.350088 0.416151 0.351618 0.430576 0.358831 0.456147 0.340253 0.458988 0.337631 0.448060 0.317961 0.450902 0.314682 0.435384 0.315338 0.419867
0 0.274493 0.428652 0.311161 0.423668 0.314682 0.435384 0.319705 0.466389 0.299057 0.469593 0.296921 0.455708 0.276985 0.460337 0.275917 0.454284 0.274493 0.428652
0 0.233535 0.423332 0.260591 0.419060 0.264863 0.439708 0.271627 0.439352 0.273407 0.458220 0.254539 0.462136 0.252047 0.449676 0.237807 0.452168 0.233535 0.423332
0 0.186769 0.446713 0.219405 0.442808 0.223310 0.455918 0.227215 0.470981 0.216616 0.473491 0.219126 0.484928 0.196253 0.488554 0.194021 0.473770 0.188722 0.474049 0.187606 0.461776 0.186769 0.446713
0 0.409790 0.501221 0.430794 0.496237 0.433998 0.514749 0.443966 0.512613 0.446814 0.517241 0.451798 0.536822 0.416198 0.542518 0.410502 0.527922 0.418334 0.526498 0.416910 0.520090 0.411926 0.519733 0.409790 0.501221
0 0.371697 0.520801 0.390209 0.519377 0.387005 0.506561 0.406586 0.503713 0.410502 0.527922 0.411926 0.544654 0.376681 0.551418 0.373121 0.534686 0.371697 0.520801
0 0.344997 0.508341 0.365645 0.505493 0.369917 0.532194 0.368849 0.554622 0.355677 0.556046 0.353541 0.552130 0.338589 0.556758 0.333605 0.528634 0.344285 0.523650 0.344997 0.508341
0 0.325467 0.515967 0.334011 0.559044 0.299123 0.566164 0.292715 0.535548 0.303751 0.534836 0.304107 0.528428 0.309803 0.526648 0.308023 0.519527 0.325467 0.515967
0 0.289948 0.538207 0.293574 0.563033 0.272654 0.566101 0.274328 0.572796 0.251734 0.574191 0.248107 0.554107 0.266517 0.552154 0.265402 0.539044 0.287996 0.534860 0.289948 0.538207
0 0.200740 0.532910 0.224999 0.529850 0.225874 0.533128 0.221721 0.535314 0.223032 0.542526 0.238331 0.539029 0.245544 0.553673 0.247511 0.570064 0.206204 0.579025 0.201614 0.553017 0.203800 0.546679 0.200740 0.532910
0 0.423136 0.586188 0.458737 0.581560 0.461229 0.595800 0.466213 0.612532 0.448413 0.616805 0.451261 0.626061 0.431324 0.630333 0.428832 0.613956 0.424204 0.598292 0.423136 0.586188
0 0.381597 0.595665 0.411164 0.589528 0.417022 0.612401 0.425390 0.631090 0.402517 0.634995 0.398612 0.621885 0.386060 0.624117 0.382713 0.612959 0.383828 0.603754 0.381597 0.595665
0 0.376018 0.597060 0.378528 0.609891 0.382434 0.636390 0.358724 0.642248 0.357887 0.629695 0.346172 0.631090 0.343382 0.615748 0.341709 0.601244 0.376018 0.597060
0 0.335689 0.603833 0.343220 0.629774 0.342105 0.638979 0.342941 0.644558 0.326205 0.649579 0.323416 0.636190 0.304448 0.640653 0.301659 0.623638 0.299985 0.609412 0.335689 0.603833
0 0.261506 0.618244 0.288842 0.611828 0.292468 0.626891 0.296094 0.641396 0.294142 0.654785 0.277963 0.658132 0.275453 0.643627 0.264016 0.646416 0.257879 0.628564 0.261506 0.618244
0 0.235124 0.610440 0.237972 0.620052 0.249009 0.617560 0.253281 0.633936 0.256485 0.654941 0.240820 0.658145 0.239396 0.649245 0.218392 0.652805 0.216968 0.637852 0.215900 0.622900 0.215188 0.615780 0.235124 0.610440
0 0.251334 0.715273 0.288002 0.707797 0.292630 0.727377 0.305802 0.724885 0.310787 0.743041 0.258810 0.750517 0.251334 0.715273
0 0.309338 0.745071 0.312923 0.766537 0.297970 0.769742 0.300462 0.780778 0.270202 0.787542 0.264506 0.755857 0.292274 0.751585 0.291562 0.747669 0.309338 0.745071
0 0.265218 0.790805 0.301113 0.785353 0.306111 0.802164 0.316561 0.799438 0.320650 0.818521 0.273397 0.825791 0.265218 0.790805
0 0.285341 0.860875 0.283668 0.852228 0.278926 0.854739 0.276415 0.839676 0.282273 0.839118 0.280321 0.831587 0.306262 0.828518 0.304867 0.822382 0.320650 0.818521 0.326345 0.842186 0.312398 0.844139 0.314351 0.856691 0.285341 0.860875
0 0.282552 0.864501 0.312398 0.860038 0.314909 0.871754 0.329693 0.870359 0.333598 0.893511 0.287294 0.900763 0.282552 0.864501
0 0.326489 0.932620 0.294132 0.938756 0.287294 0.900763 0.333598 0.893511 0.338483 0.918673 0.325931 0.920904 0.326489 0.932620
0 0.298880 0.939707 0.327135 0.934741 0.328848 0.948612 0.342547 0.946557 0.345116 0.968476 0.327992 0.972757 0.326793 0.965222 0.320114 0.966421 0.320628 0.970531 0.301791 0.973613 0.299908 0.964195 0.301620 0.958201 0.298880 0.939707
0 0.284504 0.999008 0.282504 0.989674 0.296928 0.985740 0.298021 0.977435 0.308949 0.974594 0.309823 0.978528 0.345116 0.968476 0.347196 0.984866 0.350474 0.995357 0.341732 0.997761 0.341477 0.999008 0.284504 0.999008
0 0.016740 0.000003 0.013673 0.006417 0.008652 0.008091 0.013115 0.028732 -0.000000 0.032079 -0.000000 0.000002 0.016740 0.000003
0 -0.000000 0.038584 0.017409 0.037322 0.022037 0.070786 0.014561 0.075414 0.005399 0.077212 0.006758 0.080838 -0.000000 0.083958 -0.000000 0.038584
0 -0.000000 0.133443 -0.000000 0.088942 0.006017 0.085738 0.033785 0.111727 0.017053 0.132731 0.008865 0.137003 0.006017 0.132375 0.002457 0.135223 -0.000000 0.133443
0 -0.000000 0.215610 0.008697 0.193853 0.020133 0.177674 0.055559 0.196921 0.034917 0.231509 -0.000000 0.238204 -0.000000 0.215610
0 0.006109 0.239382 0.048364 0.230749 0.051091 0.250741 0.056997 0.274822 0.012470 0.281184 0.006109 0.239382
0 -0.000000 0.285920 0.003834 0.283428 0.007394 0.289836 0.017362 0.283428 0.030534 0.297668 0.038722 0.294464 0.055098 0.318316 0.028042 0.337540 0.018074 0.334336 0.009174 0.340388 -0.000000 0.325080 -0.000000 0.285920
0 -0.000000 0.364527 0.015909 0.361458 0.023719 0.396605 -0.000000 0.400510 -0.000000 0.364527
0 0.037108 0.381542 0.051334 0.362295 0.059423 0.356995 0.085643 0.380147 0.084807 0.384331 0.066118 0.409715 0.037108 0.381542
0 0.037974 0.421837 0.077862 0.412632 0.084836 0.423232 0.084557 0.434389 0.088462 0.450568 0.042995 0.458657 0.037974 0.421837
0 0.042027 0.470968 0.087215 0.466226 0.091399 0.505556 0.050674 0.512809 0.042027 0.470968
0 -0.000000 0.481510 0.010763 0.478721 0.017458 0.512751 0.018015 0.517493 -0.000000 0.522514 -0.000000 0.481510
0 -0.000000 0.548166 0.002735 0.547729 0.004484 0.563247 0.005358 0.584228 -0.000000 0.592314 -0.000000 0.548166
0 0.020657 0.538113 0.062401 0.549696 0.061527 0.562372 0.053877 0.584228 0.050380 0.584228 0.030710 0.579638 0.030273 0.576360 0.011259 0.571115 0.016504 0.547292 0.020657 0.538113
0 0.090945 0.535294 0.115770 0.580482 0.072535 0.609213 0.063888 0.590803 0.069466 0.586898 0.063609 0.567093 0.079787 0.556772 0.073650 0.545615 0.090945 0.535294
0 0.081459 0.608379 0.103035 0.603241 0.122386 0.602556 0.123242 0.635435 0.098583 0.639716 0.096871 0.628928 0.084541 0.630127 0.081459 0.608379
0 0.047987 0.658065 0.071154 0.628560 0.077711 0.633805 0.080989 0.631182 0.087327 0.635335 0.084923 0.637958 0.105686 0.657628 0.088638 0.675331 0.076399 0.688662 0.045364 0.665058 0.047987 0.658065
0 0.000743 0.653419 0.006322 0.648398 0.013574 0.649514 0.020548 0.650908 0.036447 0.648677 0.040074 0.671829 0.002138 0.675176 0.000743 0.653419
0 -0.000000 0.736946 0.014132 0.731606 0.014844 0.737302 0.026948 0.735522 0.031932 0.767206 -0.000000 0.777530 -0.000000 0.736946
0 0.030508 0.720570 0.063260 0.715942 0.065752 0.725910 0.068600 0.741930 0.062548 0.742642 0.062192 0.745134 0.056852 0.748694 0.057208 0.756170 0.036560 0.759018 0.033712 0.736590 0.029796 0.731962 0.030508 0.720570
0 0.092808 0.708822 0.132681 0.730538 0.118797 0.755102 0.108829 0.762934 0.093520 0.752254 0.087824 0.757594 0.070736 0.749050 0.092808 0.708822
0 0.105904 0.769979 0.139655 0.769700 0.139655 0.801778 0.124314 0.802615 0.124314 0.807078 0.105067 0.806520 0.105904 0.769979
0 0.111761 0.814052 0.148860 0.824930 0.136308 0.860355 0.110646 0.854777 0.115388 0.836924 0.103672 0.832461 0.111761 0.814052
0 0.056973 0.830324 0.090445 0.823072 0.093235 0.842319 0.098813 0.855429 0.060878 0.863797 0.056136 0.844550 0.056973 0.830324
0 0.011506 0.826977 0.039121 0.822514 0.040515 0.830324 0.051394 0.829209 0.053625 0.847897 0.057530 0.867144 0.018758 0.873839 0.015969 0.855708 0.011506 0.826977
0 -0.000000 0.829488 0.011506 0.826977 0.014574 0.872723 -0.000000 0.875791 -0.000000 0.829488
0 0.013997 0.911999 0.051650 0.906184 0.058465 0.950711 0.038473 0.954346 0.035747 0.943442 0.015755 0.949348 0.014847 0.926630 0.013997 0.911999
0 0.090915 0.905793 0.095068 0.915628 0.099658 0.941636 0.080643 0.936391 0.070590 0.941418 0.062066 0.946007 0.059880 0.942292 0.057258 0.939888 0.053105 0.912568 0.090915 0.905793
0 0.153343 0.944403 0.174703 0.973239 0.159039 0.985699 0.153699 0.982495 0.138035 0.986767 0.124507 0.967899 0.134475 0.959711 0.141951 0.951167 0.153343 0.944403
0 0.164735 0.929807 0.130203 0.958643 0.107062 0.928739 0.109554 0.926603 0.105282 0.919839 0.136611 0.896698 0.164735 0.929807
0 0.398210 0.690077 0.438439 0.683313 0.442355 0.700757 0.401058 0.709657 0.398210 0.690077
0 0.392158 0.693993 0.397854 0.731729 0.380054 0.735289 0.375426 0.696841 0.392158 0.693993
0 0.400702 0.722829 0.415298 0.720693 0.417078 0.724253 0.418502 0.720337 0.432743 0.717489 0.433811 0.722473 0.435947 0.718557 0.449475 0.714285 0.451967 0.717489 0.453035 0.714997 0.469411 0.711793 0.470835 0.714641 0.471903 0.711793 0.478461 0.711452 0.479513 0.715237 0.482561 0.715237 0.483928 0.721229 0.481195 0.721124 0.482141 0.725014 0.483613 0.724699 0.484874 0.730060 0.482036 0.729850 0.482456 0.732583 0.484769 0.731322 0.485749 0.736589 0.484000 0.736589 0.485530 0.741397 0.484000 0.742927 0.476351 0.741835 0.475258 0.741835 0.458210 0.745113 0.457773 0.741397 0.456462 0.742053 0.457118 0.746206 0.440945 0.749265 0.439415 0.746206 0.437885 0.746643 0.438759 0.749484 0.422804 0.752544 0.422149 0.749921 0.420182 0.750140 0.420400 0.753199 0.404227 0.754729 0.398763 0.723476 0.400702 0.722829
0 0.432909 0.752632 0.436621 0.775719 0.437651 0.779968 0.420914 0.783595 0.417567 0.754864 0.432909 0.752632
0 0.432909 0.752632 0.473634 0.744543 0.473797 0.746440 0.475584 0.760309 0.476981 0.769369 0.436621 0.775719 0.432909 0.752632
0 0.475584 0.760309 0.473797 0.746440 0.480951 0.745147 0.483768 0.759504 0.475584 0.760309
0 0.478769 0.777128 0.479735 0.789472 0.482989 0.806768 0.484519 0.814351 0.465154 0.818749 0.447138 0.823251 0.443222 0.802247 0.459599 0.799042 0.457462 0.780886 0.478769 0.777128
0 0.512999 0.764510 0.519763 0.803315 0.504816 0.804693 0.482989 0.806768 0.479735 0.789472 0.496979 0.787294 0.493419 0.769494 0.512999 0.764510
0 0.570458 0.818778 0.575479 0.841372 0.559858 0.844440 0.565707 0.860274 0.540491 0.863074 0.536113 0.839966 0.535029 0.835408 0.533359 0.823799 0.559967 0.820668 0.570458 0.818778
0 0.565707 0.860274 0.571285 0.882868 0.555386 0.886774 0.559991 0.898843 0.533908 0.902673 0.528329 0.863901 0.540491 0.863074 0.565707 0.860274
0 0.559991 0.898843 0.565773 0.921638 0.548289 0.923386 0.551348 0.941308 0.529056 0.945242 0.524628 0.924419 0.521843 0.904590 0.533908 0.902673 0.559991 0.898843
0 0.427849 0.926766 0.462596 0.922609 0.482739 0.917918 0.491930 0.916442 0.493912 0.930498 0.502966 0.980523 0.474129 0.985151 0.474841 0.987287 0.459177 0.990847 0.459889 0.994051 0.441021 0.995475 0.427849 0.926766
0 0.467086 0.834112 0.469812 0.835475 0.472630 0.857554 0.474810 0.874096 0.470266 0.875913 0.472538 0.883637 0.482080 0.879548 0.490258 0.908627 0.482080 0.910444 0.482739 0.917918 0.462596 0.922609 0.463723 0.918087 0.456603 0.919155 0.455891 0.907051 0.460163 0.904559 0.456181 0.878185 0.437552 0.880002 0.430283 0.840018 0.467086 0.834112
0 0.516165 0.784657 0.536612 0.781931 0.538429 0.794199 0.566600 0.785566 0.571143 0.801469 0.571598 0.802832 0.558037 0.806602 0.559967 0.820668 0.533359 0.823799 0.535029 0.835408 0.529342 0.836454 0.524344 0.803740 0.519763 0.803315 0.516165 0.784657
0 0.484519 0.814351 0.482989 0.806768 0.504816 0.804693 0.505058 0.809728 0.492819 0.813006 0.490852 0.815847 0.491071 0.826556 0.488190 0.829126 0.491292 0.845375 0.528477 0.839238 0.529342 0.836454 0.535029 0.835408 0.540491 0.863074 0.528329 0.863901 0.533908 0.902673 0.521843 0.904590 0.524628 0.924419 0.493912 0.930498 0.491930 0.916442 0.482739 0.917918 0.482080 0.910444 0.490258 0.908627 0.482080 0.879548 0.482954 0.871438 0.493990 0.870014 0.490074 0.856842 0.472630 0.857554 0.469812 0.835475 0.465154 0.818749 0.484519 0.814351
0 0.502239 0.949753 0.529056 0.945242 0.532856 0.962569 0.536060 0.980725 0.506511 0.984641 0.502239 0.949753
0 -0.000000 0.954350 -0.000000 0.938714 0.002617 0.938260 0.004430 0.952764 -0.000000 0.954350
0 0.196312 0.233300 0.223058 0.230226 0.226132 0.248364 0.227054 0.258816 0.215372 0.261275 0.211991 0.253897 0.200924 0.256664 0.196312 0.233300
