0 0.960274 0.413495 0.985962 0.404532 0.998835 0.447359 0.998835 0.457026 0.976011 0.464501 0.967169 0.434786 0.960274 0.413495
0 0.908604 0.374112 0.931649 0.359024 0.942538 0.376989 0.920216 0.391144 0.909328 0.374812 0.908604 0.374112
0 0.854799 0.163229 0.855414 0.180259 0.838976 0.179940 0.839572 0.163367 0.854799 0.163229
0 0.838881 0.160936 0.837715 0.179766 0.818481 0.179233 0.819096 0.162613 0.819917 0.161177 0.838881 0.160936
0 0.762939 0.270972 0.769552 0.267320 0.772513 0.268110 0.780211 0.264557 0.785344 0.271762 0.777843 0.275611 0.776362 0.273440 0.768762 0.278769 0.763334 0.271268 0.762939 0.270972
0 0.873671 0.147469 0.913866 0.143004 0.914224 0.151438 0.915398 0.161789 0.868205 0.167726 0.866115 0.144093 0.873028 0.143772 0.873671 0.147469
0 0.916393 0.151543 0.921520 0.151023 0.921093 0.159472 0.916346 0.158997 0.916062 0.155205 0.916393 0.151543
0 0.929663 0.149000 0.946810 0.148092 0.948325 0.161664 0.931601 0.163118 0.930571 0.157604 0.929663 0.149000
0 0.948143 0.137270 0.954869 0.137088 0.955414 0.154781 0.949113 0.154902 0.948992 0.151509 0.947901 0.151509 0.947780 0.148601 0.948870 0.148540 0.948265 0.137937 0.948143 0.137270
0 0.957015 0.144351 0.959228 0.144253 0.959293 0.145165 0.962353 0.145328 0.962125 0.153563 0.956917 0.153791 0.956624 0.144481 0.957015 0.144351
0 0.960991 0.156283 0.961365 0.161518 0.951062 0.162183 0.950896 0.156283 0.960991 0.156283
0 0.938483 0.135977 0.945546 0.135811 0.945836 0.146529 0.938732 0.146612 0.938691 0.136268 0.938483 0.135977
0 0.996447 0.129881 0.996394 0.143031 0.984941 0.142448 0.985578 0.133699 0.989130 0.133646 0.989501 0.129139 0.996447 0.129881
0 0.953727 0.104457 0.962052 0.105094 0.961468 0.111297 0.953886 0.111191 0.953939 0.105147 0.953727 0.104457
0 0.954151 0.112252 0.962105 0.112305 0.962158 0.119145 0.954045 0.119039 0.954151 0.112517 0.954151 0.112252
0 0.883391 0.099488 0.903228 0.090343 0.906464 0.098503 0.886064 0.106804 0.882688 0.100613 0.883391 0.099488
0 0.877410 0.105572 0.883295 0.103557 0.885257 0.109019 0.878205 0.110821 0.876720 0.105996 0.877410 0.105572
0 0.857579 0.113641 0.863311 0.110996 0.867169 0.116177 0.863972 0.119594 0.859894 0.120035 0.857358 0.113752 0.857579 0.113641
0 0.820357 0.115877 0.838927 0.115531 0.840482 0.131337 0.818803 0.131855 0.819235 0.115963 0.820357 0.115877
0 0.716020 0.096033 0.723534 0.096810 0.722670 0.103633 0.715242 0.102597 0.715588 0.096292 0.716020 0.096033
0 0.802599 0.008457 0.807339 0.008457 0.807560 0.016394 0.802269 0.016504 0.802158 0.009008 0.802599 0.008457
0 0.801166 0.019260 0.806568 0.018819 0.807119 0.028079 0.800285 0.028630 0.799954 0.019150 0.801166 0.019260
0 0.799098 0.030785 0.804720 0.030896 0.804831 0.040596 0.798878 0.040155 0.798988 0.030675 0.799098 0.030785
0 0.797793 0.043052 0.803320 0.043312 0.803666 0.051949 0.798483 0.051949 0.797793 0.043571 0.797793 0.043052
0 0.835883 0.035093 0.841238 0.034748 0.841498 0.043558 0.835452 0.043730 0.835365 0.035007 0.835883 0.035093
0 0.835036 0.023549 0.840132 0.023549 0.840045 0.031236 0.834950 0.031323 0.834950 0.023463 0.835036 0.023549
0 0.834159 0.010878 0.839859 0.010878 0.840205 0.019169 0.834159 0.019169 0.834072 0.011483 0.834159 0.010878
0 0.839409 0.000006 0.839859 0.006905 0.834072 0.006905 0.832290 0.000007 0.839409 0.000006
0 0.647564 0.115553 0.655599 0.120275 0.650308 0.128543 0.642922 0.124574 0.647564 0.115553
0 0.482178 0.188616 0.490666 0.194568 0.491437 0.197985 0.484493 0.206914 0.474902 0.195670 0.482178 0.188616
0 0.454070 0.186845 0.463219 0.183648 0.465093 0.191585 0.456164 0.194561 0.453960 0.187837 0.454070 0.186845
0 0.487038 0.047367 0.508754 0.047587 0.509084 0.063791 0.497179 0.063902 0.497069 0.057177 0.487479 0.057067 0.486927 0.047587 0.487038 0.047367
0 0.786178 0.103146 0.797208 0.103349 0.797953 0.108628 0.786245 0.108560 0.785975 0.103552 0.786178 0.103146
0 0.949221 0.037483 0.966638 0.008051 0.982511 0.016869 0.975787 0.028113 0.988464 0.035499 0.985928 0.040018 0.998054 0.047845 0.988464 0.069120 0.972700 0.059750 0.969504 0.065262 0.957047 0.057545 0.954843 0.062065 0.939741 0.054128 0.948008 0.040459 0.949221 0.037483
4 0.059894 0.000005 0.055749 0.005161 0.047847 0.000004 0.059894 0.000005
4 0.102265 0.000005 0.101522 0.005679 0.094281 0.005420 0.093783 0.000005 0.102265 0.000005
