0 0.475777 0.999009 0.479635 0.971799 0.505851 0.975798 0.504962 0.984685 0.514293 0.986018 0.514293 0.999009 0.475777 0.999009
0 0.485192 0.928797 0.515376 0.930434 0.514653 0.943063 0.519836 0.942518 0.519290 0.962704 0.483282 0.961613 0.485192 0.928797
0 0.488131 0.879467 0.514591 0.880558 0.514864 0.889014 0.527139 0.889560 0.527139 0.914929 0.505862 0.914929 0.502589 0.910837 0.488404 0.910292 0.488131 0.879467
0 0.483906 0.834505 0.518959 0.830230 0.523447 0.865496 0.508058 0.867206 0.507417 0.863145 0.487540 0.864641 0.483906 0.834505
0 0.476790 0.784327 0.502438 0.778984 0.508850 0.804418 0.512270 0.804205 0.510774 0.796724 0.515476 0.795869 0.519751 0.820021 0.497736 0.825151 0.496881 0.818525 0.487477 0.821303 0.484912 0.806128 0.481065 0.806342 0.476790 0.784327
0 0.501472 0.681295 0.524342 0.680868 0.527121 0.697325 0.537594 0.697539 0.536739 0.717416 0.502327 0.716134 0.501472 0.681295
0 0.545192 0.678044 0.584733 0.681250 0.585801 0.694929 0.580031 0.694929 0.582382 0.713738 0.549467 0.714379 0.545192 0.678044
0 0.634666 0.679586 0.648444 0.681555 0.642933 0.724593 0.629943 0.722887 0.634666 0.679586
0 0.649552 0.678505 0.664379 0.679030 0.657556 0.723250 0.644304 0.721675 0.649552 0.678505
0 0.661440 0.705308 0.692218 0.711293 0.687943 0.720697 0.694142 0.721552 0.694355 0.716636 0.716370 0.719415 0.716584 0.729674 0.712309 0.728819 0.711454 0.734162 0.660585 0.726254 0.661440 0.705308
0 0.591974 0.999008 0.584136 0.983985 0.574387 0.982941 0.577173 0.962748 0.613729 0.967622 0.609341 0.999008 0.591974 0.999008
0 0.581002 0.917140 0.626306 0.917060 0.625469 0.944692 0.614919 0.943855 0.614416 0.954908 0.591138 0.954406 0.592143 0.941511 0.579958 0.940814 0.581002 0.917140
0 0.581728 0.868824 0.602246 0.864550 0.601605 0.861771 0.610368 0.860489 0.612719 0.866260 0.603529 0.867114 0.604811 0.872244 0.622124 0.870962 0.622979 0.889343 0.619559 0.889343 0.622124 0.908365 0.593270 0.908365 0.595193 0.884000 0.584720 0.884000 0.581728 0.868824
0 0.579743 0.820354 0.611809 0.816156 0.621187 0.840941 0.620518 0.855343 0.595565 0.859362 0.593110 0.837539 0.581926 0.839176 0.579743 0.820354
0 0.576706 0.791851 0.591564 0.792195 0.588153 0.772119 0.613346 0.768970 0.614133 0.775268 0.618463 0.775268 0.619907 0.786290 0.621875 0.785503 0.624267 0.800559 0.615893 0.801731 0.617400 0.806420 0.594458 0.809937 0.593788 0.804411 0.579051 0.806420 0.576706 0.791851
0 0.647320 0.789244 0.662472 0.785256 0.666291 0.803805 0.673929 0.802169 0.680476 0.829993 0.670428 0.832170 0.671767 0.837026 0.678466 0.835352 0.681313 0.847074 0.656595 0.853076 0.653594 0.839982 0.659323 0.838891 0.647320 0.789244
0 0.683709 0.814440 0.698243 0.812517 0.703159 0.831753 0.704655 0.830898 0.707006 0.842867 0.686915 0.847569 0.684564 0.834959 0.687557 0.833249 0.683709 0.814440
0 0.658057 0.869705 0.682636 0.863507 0.684774 0.877827 0.662332 0.883171 0.658057 0.869705
0 0.688194 0.863080 0.707430 0.858805 0.711277 0.871843 0.692468 0.877186 0.688194 0.863080
0 0.665206 0.683331 0.677803 0.685562 0.676363 0.700058 0.662333 0.697696 0.665206 0.683331
0 0.678624 0.684666 0.718887 0.693461 0.714398 0.710132 0.677303 0.701044 0.678624 0.684666
0 0.723865 0.692733 0.735755 0.700437 0.738100 0.697255 0.740779 0.699097 0.727549 0.720868 0.713532 0.712715 0.723865 0.692733
0 0.745571 0.701419 0.750481 0.707420 0.755664 0.698964 0.766848 0.705783 0.757301 0.743973 0.743389 0.749702 0.730295 0.731425 0.745571 0.701419
0 0.670578 0.882095 0.680518 0.879424 0.688604 0.877327 0.697133 0.922990 0.669316 0.929420 0.665248 0.913674 0.667872 0.912887 0.666166 0.902127 0.662755 0.903177 0.661180 0.896353 0.665248 0.896616 0.662492 0.887037 0.670759 0.886119 0.670578 0.882095
0 0.691948 0.881212 0.708620 0.874586 0.715887 0.914127 0.700284 0.917333 0.691948 0.881212
0 0.665736 0.934352 0.712758 0.922169 0.716391 0.951878 0.710193 0.963206 0.674927 0.972397 0.665736 0.934352
0 0.757947 0.802908 0.795272 0.795354 0.797049 0.809573 0.760613 0.815794 0.757947 0.802908
0 0.757503 0.834012 0.800159 0.825569 0.803714 0.838455 0.759280 0.846898 0.757503 0.834012
0 0.765744 0.887742 0.782629 0.884187 0.785739 0.899739 0.791071 0.897961 0.798181 0.923733 0.793293 0.927288 0.799514 0.966390 0.782184 0.970389 0.765744 0.887742
0 0.790918 0.999006 0.783225 0.978360 0.801865 0.971948 0.794598 0.929629 0.819216 0.929038 0.835865 0.999006 0.790918 0.999006
0 0.760349 0.854284 0.802027 0.844453 0.808012 0.871169 0.766975 0.880574 0.760349 0.854284
0 0.795547 0.878192 0.820265 0.871925 0.827925 0.912659 0.802510 0.918926 0.795547 0.878192
0 0.771933 0.712702 0.774284 0.733648 0.783047 0.731083 0.784757 0.741128 0.791383 0.739418 0.794161 0.754594 0.758681 0.763143 0.755903 0.750105 0.761032 0.748823 0.759964 0.735357 0.761887 0.735571 0.767231 0.710564 0.771933 0.712702
0 0.868253 0.700941 0.874030 0.699989 0.873816 0.685241 0.880870 0.686523 0.881938 0.676050 0.900533 0.674982 0.899678 0.687378 0.918487 0.686096 0.920197 0.676050 0.943067 0.674554 0.943921 0.692935 0.934945 0.693149 0.936013 0.701271 0.952471 0.700630 0.953539 0.717515 0.922975 0.718370 0.922762 0.720507 0.895831 0.721148 0.896045 0.718156 0.868736 0.716255 0.868253 0.700941
0 0.867531 0.737409 0.889331 0.737623 0.891041 0.742539 0.919896 0.743180 0.920964 0.735913 0.950887 0.735913 0.949818 0.754935 0.942765 0.755576 0.943834 0.786141 0.877149 0.785713 0.879072 0.761775 0.868172 0.762202 0.867531 0.737409
0 0.880099 0.799242 0.940385 0.789967 0.942567 0.800061 0.952114 0.798697 0.952933 0.807426 0.943931 0.809062 0.945295 0.815609 0.936020 0.816428 0.937930 0.825430 0.927291 0.827885 0.927837 0.831976 0.921835 0.833886 0.921017 0.829521 0.905545 0.831280 0.903363 0.821733 0.893543 0.823642 0.892179 0.817914 0.880449 0.820369 0.877449 0.799364 0.880099 0.799242
0 0.886576 0.857760 0.961592 0.844666 0.964866 0.864034 0.959410 0.865125 0.960774 0.870036 0.955591 0.871399 0.956955 0.889949 0.891759 0.900587 0.886576 0.857760
0 0.909829 0.935592 0.925844 0.924103 0.931762 0.935244 0.938029 0.931066 0.955437 0.954044 0.961355 0.949518 0.978763 0.975629 0.940696 0.999004 0.938409 0.999004 0.925147 0.979111 0.935592 0.973540 0.916096 0.948474 0.918792 0.947262 0.909829 0.935592
0 0.998878 0.968154 0.952321 0.903124 0.964596 0.891940 0.970870 0.902851 0.991329 0.887030 0.998878 0.899379 0.998878 0.902026 0.991329 0.907488 0.998878 0.918861 0.998878 0.968154
0 0.998878 0.449517 0.996976 0.449727 0.996993 0.441698 0.973761 0.441922 0.972428 0.451697 0.947989 0.450808 0.947989 0.422815 0.955098 0.421926 0.953765 0.412151 0.998878 0.414571 0.998878 0.449517
0 0.998878 0.575629 0.958828 0.576624 0.959717 0.512639 0.969048 0.513528 0.968159 0.509085 0.998878 0.508006 0.998878 0.575629
0 0.673048 0.999008 0.668461 0.979867 0.725286 0.967537 0.729039 0.981832 0.724393 0.983262 0.726895 0.992018 0.694660 0.999008 0.673048 0.999008
0 0.592254 0.715960 0.591342 0.676732 0.627604 0.675592 0.626236 0.703416 0.608675 0.703872 0.608675 0.716644 0.592254 0.715960
