0 0.890940 0.159794 0.912771 0.160008 0.912985 0.167071 0.927753 0.167071 0.928181 0.202386 0.915339 0.202814 0.915339 0.182267 0.891154 0.181625 0.890940 0.159794
0 0.895648 0.203028 0.911487 0.203028 0.911701 0.220579 0.895862 0.221007 0.895648 0.203028
0 0.919620 0.432256 0.918764 0.464361 0.899501 0.463933 0.898645 0.472066 0.877884 0.471852 0.879596 0.444242 0.885589 0.444884 0.885803 0.438035 0.907420 0.438891 0.907206 0.432256 0.919620 0.432256
0 0.764515 0.531331 0.809034 0.500082 0.821234 0.517205 0.775431 0.548882 0.764515 0.531331
0 0.748955 0.593538 0.755831 0.599743 0.749794 0.605780 0.743253 0.599240 0.748955 0.593538
0 0.758284 0.600836 0.766005 0.606602 0.763740 0.609690 0.767755 0.612676 0.757254 0.625030 0.745003 0.617103 0.758284 0.600836
3 0.808163 0.625214 0.819385 0.646423 0.808163 0.652806 0.818561 0.672985 0.795500 0.684824 0.777277 0.646629 0.783866 0.643437 0.781395 0.638804 0.808163 0.625214
3 0.757435 0.661690 0.775862 0.661031 0.776068 0.673797 0.773803 0.673694 0.773597 0.677195 0.776619 0.677195 0.776619 0.683239 0.778590 0.683239 0.778459 0.698613 0.768473 0.698613 0.768078 0.718979 0.756910 0.719110 0.757435 0.661690
0 0.650415 0.693622 0.662193 0.694106 0.661951 0.706528 0.650093 0.706448 0.650415 0.693622
0 0.665016 0.702656 0.685262 0.712365 0.688901 0.706158 0.711802 0.718144 0.699541 0.741699 0.684456 0.732503 0.669130 0.758235 0.630249 0.737343 0.639525 0.719838 0.660095 0.730405 0.663645 0.724275 0.655739 0.719838 0.665016 0.702656
0 0.643946 0.624500 0.653505 0.614270 0.670275 0.630201 0.660883 0.640431 0.643946 0.624500
0 0.626505 0.575196 0.635896 0.583581 0.641766 0.577376 0.653672 0.587606 0.641598 0.599680 0.650151 0.607897 0.635561 0.622319 0.633045 0.620139 0.626673 0.626344 0.601518 0.602028 0.626505 0.575196
0 0.590966 0.561319 0.584790 0.568677 0.589389 0.572488 0.583345 0.579058 0.569971 0.567617 0.582598 0.554209 0.590966 0.561319
0 0.582227 0.553887 0.569600 0.567305 0.557066 0.556589 0.560088 0.553435 0.559980 0.553350 0.569756 0.543281 0.582227 0.553887
0 0.569385 0.542969 0.559590 0.553047 0.547342 0.543449 0.557591 0.532937 0.569385 0.542969
0 0.588940 0.494148 0.629468 0.523651 0.597044 0.563047 0.559033 0.532167 0.588940 0.494148
0 0.495932 0.610524 0.508509 0.597108 0.534167 0.619915 0.532658 0.621425 0.541713 0.628133 0.530981 0.640207 0.520248 0.629977 0.518068 0.632493 0.512366 0.626456 0.510689 0.628133 0.496602 0.615052 0.498615 0.613040 0.495932 0.610524
0 0.604508 0.428101 0.618260 0.437492 0.608365 0.451076 0.594782 0.441517 0.604508 0.428101
0 0.577844 0.400934 0.584384 0.405629 0.586900 0.401940 0.600148 0.412002 0.598136 0.415021 0.605179 0.419716 0.599142 0.428101 0.600760 0.429859 0.591595 0.442356 0.561242 0.420052 0.571304 0.406468 0.572981 0.407642 0.577844 0.400934
3 0.498237 0.332609 0.506286 0.325733 0.514000 0.335627 0.518864 0.332106 0.493373 0.303094 0.510311 0.290348 0.555925 0.344348 0.544186 0.353907 0.537814 0.345857 0.528255 0.353236 0.535634 0.362291 0.526410 0.369335 0.498237 0.332609
0 0.456936 0.121513 0.477562 0.136516 0.459941 0.158117 0.439181 0.142274 0.456936 0.121513
0 0.502527 0.157014 0.515404 0.163321 0.509360 0.175279 0.496483 0.168709 0.502527 0.157014
4 0.386007 0.223818 0.397439 0.213044 0.405980 0.222373 0.394285 0.232753 0.386007 0.223818
4 0.372868 0.229863 0.382328 0.238403 0.372211 0.250098 0.362619 0.241688 0.372868 0.229863
4 0.380226 0.234067 0.387058 0.227497 0.393760 0.234461 0.386927 0.240900 0.380226 0.234067
3 0.383670 0.340449 0.393262 0.327967 0.404036 0.336508 0.393787 0.348727 0.383670 0.340449
3 0.410080 0.330595 0.419015 0.337165 0.413891 0.343603 0.425454 0.352407 0.414416 0.365678 0.400226 0.354903 0.405219 0.348727 0.399306 0.344260 0.410080 0.330595
3 0.336358 0.364842 0.353631 0.370879 0.351954 0.374065 0.362687 0.378090 0.355643 0.397208 0.327135 0.386978 0.336358 0.364842
3 0.374594 0.388655 0.389854 0.397040 0.378283 0.416828 0.362687 0.408444 0.374594 0.388655
3 0.407798 0.396369 0.410649 0.394357 0.416015 0.393015 0.423059 0.400226 0.423897 0.402909 0.430773 0.410456 0.430773 0.412468 0.438152 0.418338 0.418698 0.438462 0.407966 0.427226 0.404612 0.431083 0.400587 0.427226 0.396562 0.431251 0.384823 0.420518 0.387171 0.418002 0.383817 0.415487 0.401258 0.399220 0.403102 0.401065 0.407798 0.396369
3 0.443187 0.424867 0.444525 0.423838 0.450394 0.429397 0.456571 0.429191 0.466454 0.439487 0.466660 0.443399 0.472323 0.451841 0.459659 0.466917 0.450497 0.460283 0.447923 0.462960 0.436804 0.453591 0.431656 0.458842 0.420435 0.447929 0.423111 0.445458 0.421258 0.443502 0.431039 0.435163 0.432377 0.436192 0.443187 0.424867
3 0.471352 0.459952 0.485674 0.471252 0.474242 0.485706 0.483440 0.492933 0.472272 0.506467 0.463205 0.498452 0.467410 0.493327 0.453350 0.481370 0.471352 0.459952
3 0.339374 0.482690 0.382604 0.500691 0.370647 0.528810 0.343185 0.517116 0.336615 0.528679 0.319139 0.519218 0.327023 0.501086 0.330833 0.503056 0.339374 0.482690
0 0.390736 0.537124 0.419580 0.550373 0.406332 0.576198 0.378159 0.561441 0.390736 0.537124
0 0.271347 0.472087 0.278048 0.480365 0.276471 0.498498 0.269507 0.497972 0.268512 0.507065 0.256389 0.505744 0.256825 0.501250 0.260045 0.500970 0.260572 0.496658 0.241126 0.494687 0.244411 0.468802 0.271347 0.472087
3 0.274642 0.569327 0.293477 0.580885 0.288982 0.587306 0.292406 0.589446 0.275498 0.612562 0.254309 0.596723 0.274642 0.569327
3 0.230071 0.609573 0.238204 0.622415 0.245053 0.618134 0.251902 0.628622 0.230285 0.642106 0.226646 0.636755 0.210341 0.647023 0.198009 0.627450 0.219369 0.612141 0.221296 0.614924 0.230071 0.609573
0 0.366863 0.648304 0.380659 0.645939 0.382367 0.658816 0.393667 0.657896 0.393667 0.658816 0.407070 0.657765 0.407333 0.658685 0.423232 0.656845 0.424283 0.669590 0.408778 0.672218 0.408778 0.676029 0.392485 0.677737 0.392616 0.680628 0.369622 0.683256 0.368439 0.673532 0.367125 0.671693 0.366337 0.666174 0.368965 0.665649 0.366863 0.648304
3 0.228144 0.648064 0.237211 0.658444 0.223283 0.670795 0.214216 0.660415 0.228144 0.648064
3 0.284513 0.694315 0.274527 0.711134 0.257314 0.701299 0.266592 0.684521 0.284513 0.694315
3 0.266162 0.684287 0.256895 0.701055 0.237736 0.690111 0.247722 0.674212 0.266162 0.684287
