0 0.869986 0.185205 0.888561 0.168835 0.937190 0.212539 0.922622 0.226902 0.904976 0.210487 0.898615 0.219105 0.882611 0.205563 0.886363 0.199576 0.869986 0.185205
0 0.586733 0.493516 0.590409 0.489839 0.595757 0.489839 0.604447 0.493850 0.606118 0.498863 0.605115 0.506216 0.600770 0.510896 0.592749 0.512232 0.587736 0.509224 0.584728 0.503877 0.584393 0.498529 0.586733 0.493516
0 0.903625 0.999005 0.903834 0.982657 0.965666 0.979983 0.965984 0.999004 0.903625 0.999005
0 0.811588 0.930852 0.833981 0.936868 0.829302 0.950572 0.858380 0.955251 0.856040 0.973633 0.826628 0.967617 0.826294 0.969622 0.804570 0.966614 0.811588 0.930852
2 0.776284 0.855682 0.799679 0.832286 0.816056 0.851003 0.854492 0.826270 0.859172 0.830615 0.862514 0.826939 0.878557 0.844318 0.840789 0.879078 0.798677 0.879412 0.776284 0.855682
0 0.891038 0.852665 0.941028 0.840300 0.946462 0.860156 0.895371 0.874314 0.891038 0.852665
4 0.998838 0.888550 0.979618 0.885972 0.980582 0.862018 0.970615 0.860732 0.970936 0.848353 0.981708 0.849317 0.982190 0.847227 0.998838 0.849084 0.998838 0.888550
3 0.796247 0.767048 0.799255 0.760698 0.816300 0.753345 0.816969 0.757690 0.824322 0.754682 0.830338 0.766380 0.833011 0.763706 0.846046 0.791447 0.860418 0.787436 0.864094 0.798800 0.857076 0.801808 0.850057 0.804816 0.852731 0.809161 0.811287 0.823533 0.802597 0.799803 0.806608 0.798131 0.796247 0.767048
0 0.832725 0.718670 0.839534 0.715266 0.837701 0.713957 0.857603 0.705577 0.846605 0.676509 0.862055 0.671271 0.870173 0.689864 0.879077 0.685936 0.896361 0.730193 0.867816 0.741715 0.863626 0.728622 0.858127 0.724955 0.838225 0.731502 0.832725 0.718670
0 0.888166 0.656214 0.896807 0.649667 0.907021 0.655690 0.897069 0.665380 0.888166 0.656214
0 0.932539 0.656184 0.953014 0.666421 0.944909 0.692442 0.941923 0.692868 0.947469 0.711211 0.954720 0.716756 0.950881 0.724861 0.931259 0.732539 0.930406 0.730406 0.912064 0.735098 0.905239 0.715050 0.932539 0.656184
4 0.998838 0.757080 0.968528 0.746235 0.973504 0.729737 0.980312 0.732356 0.985812 0.723190 0.994192 0.723714 0.994716 0.736284 0.998838 0.736369 0.998838 0.757080
0 0.890357 0.827975 0.902102 0.823928 0.904372 0.829653 0.901805 0.831528 0.901016 0.846431 0.889863 0.846925 0.890357 0.827975
3 0.979886 0.060137 0.968019 0.072662 0.961757 0.068707 0.961757 0.066729 0.957472 0.062115 0.951868 0.064092 0.943628 0.056841 0.935717 0.054533 0.931432 0.051567 0.947583 0.035745 0.966371 0.048600 0.973952 0.047941 0.975930 0.050908 0.977249 0.055522 0.979886 0.060137
3 0.784147 0.808779 0.785564 0.810398 0.785766 0.810601 0.785766 0.812220 0.785766 0.813029 0.785766 0.813434 0.785766 0.815053 0.783742 0.816469 0.780687 0.817278 0.780100 0.817278 0.778684 0.816469 0.776862 0.815053 0.776458 0.814243 0.775851 0.812827 0.775851 0.812017 0.775851 0.811410 0.775851 0.810196 0.777692 0.808834 0.777875 0.808650 0.778939 0.808504 0.778279 0.808577 0.780505 0.808172 0.782055 0.807841 0.784147 0.808779
3 0.858792 0.312649 0.865319 0.306984 0.870245 0.304029 0.878250 0.313634 0.869999 0.322994 0.858792 0.312649
