0 0.134688 0.920249 0.165384 0.923559 0.167279 0.908394 0.195715 0.911948 0.196426 0.897493 0.221545 0.900811 0.220834 0.912185 0.226758 0.913607 0.219886 0.979484 0.183722 0.976860 0.174480 0.975913 0.174151 0.982290 0.154246 0.980668 0.154483 0.972429 0.130400 0.967978 0.134688 0.920249
0 0.087399 0.899998 0.102529 0.894616 0.108057 0.909018 0.093655 0.914837 0.093509 0.916437 0.087254 0.919347 0.081580 0.901744 0.087399 0.899998
0 0.100663 0.867296 0.100292 0.875280 0.100106 0.879550 0.096392 0.882150 0.062972 0.881964 0.062972 0.866925 0.100663 0.867296
0 0.017003 0.863498 0.020203 0.856661 0.031696 0.857825 0.031842 0.862771 0.038243 0.863207 0.038970 0.857825 0.054536 0.859716 0.054536 0.878337 0.050899 0.886338 0.016421 0.881101 0.016276 0.874991 0.017003 0.863498
0 -0.000000 0.952592 0.005204 0.954621 -0.000000 0.971066 -0.000000 0.952592
0 0.768448 0.056803 0.768634 0.060888 0.781445 0.061259 0.780516 0.079640 0.765663 0.078898 0.765292 0.081683 0.738926 0.080383 0.737627 0.069800 0.739298 0.054204 0.768448 0.056803
3 0.781345 0.093595 0.781524 0.100115 0.786436 0.100383 0.786525 0.109581 0.791884 0.109841 0.792241 0.135035 0.805548 0.135392 0.806709 0.144770 0.790365 0.145216 0.790098 0.142894 0.773843 0.143609 0.773397 0.140483 0.760447 0.140215 0.760268 0.122531 0.751516 0.122174 0.750801 0.110296 0.751605 0.098328 0.760982 0.097346 0.771878 0.097793 0.772414 0.093238 0.781345 0.093595
3 0.834971 0.397511 0.837996 0.393881 0.901205 0.395394 0.903322 0.403257 0.902717 0.420193 0.835576 0.418076 0.834971 0.397511
0 0.943897 0.516364 0.963160 0.532207 0.960197 0.538477 0.939565 0.522405 0.940021 0.519555 0.943897 0.516364
0 0.922468 0.495618 0.929535 0.495732 0.930902 0.499380 0.931016 0.511120 0.929421 0.512602 0.923266 0.512488 0.922240 0.508385 0.922468 0.495618
0 0.409382 0.533881 0.407486 0.517767 0.419572 0.515871 0.420046 0.513265 0.438529 0.511843 0.439240 0.516345 0.444216 0.516345 0.444453 0.519663 0.456538 0.517767 0.459145 0.524876 0.465306 0.532222 0.463410 0.538857 0.466017 0.548810 0.465543 0.554497 0.458671 0.554971 0.458434 0.560895 0.450140 0.563028 0.449192 0.570611 0.430946 0.570848 0.428576 0.554260 0.418861 0.554023 0.415306 0.543122 0.412463 0.540516 0.412700 0.532933 0.409382 0.533881
0 0.599730 0.664304 0.605486 0.693454 0.605857 0.707008 0.583948 0.709607 0.581349 0.700138 0.580235 0.666903 0.599730 0.664304
0 0.379640 0.908370 0.388015 0.948766 0.386044 0.960096 0.350574 0.961082 0.347618 0.936943 0.346140 0.913789 0.379640 0.908370
0 0.371617 0.785691 0.358821 0.802752 0.348868 0.795406 0.341759 0.791141 0.358110 0.772894 0.371617 0.785691
0 0.359531 0.806307 0.373039 0.791378 0.379437 0.794932 0.384176 0.802989 0.372091 0.815311 0.367588 0.815785 0.359531 0.806307
0 0.875835 0.841384 0.884954 0.842410 0.891337 0.846969 0.888146 0.871818 0.882560 0.872616 0.871846 0.870108 0.871048 0.865321 0.875835 0.841384
0 0.880216 0.898876 0.878616 0.908332 0.870032 0.908477 0.870469 0.902222 0.872215 0.898003 0.880216 0.898876
0 0.886617 0.912987 0.897819 0.913714 0.901164 0.915024 0.899710 0.929426 0.885889 0.928407 0.885017 0.924043 0.886617 0.912987
0 0.940639 0.960535 0.959122 0.954611 0.969786 0.981388 0.965757 0.986365 0.940876 0.994421 0.935663 0.977597 0.945141 0.974279 0.940639 0.960535
0 0.998857 0.747630 0.998631 0.747719 0.989477 0.730495 0.998857 0.726184 0.998857 0.747630
0 0.993368 0.810339 0.985548 0.814130 0.974647 0.817685 0.965169 0.794462 0.976780 0.790196 0.988154 0.791618 0.993368 0.810339
0 0.998858 0.864671 0.993842 0.855599 0.991472 0.856310 0.987917 0.849438 0.998581 0.844225 0.998858 0.844759 0.998858 0.864671
0 0.560440 0.820742 0.590408 0.829907 0.578188 0.889116 0.519997 0.873114 0.527562 0.837181 0.555203 0.843873 0.560440 0.820742
0 0.520408 0.833724 0.516771 0.845944 0.490730 0.838524 0.493494 0.827468 0.492476 0.823831 0.497568 0.806956 0.527972 0.815248 0.522735 0.834015 0.520408 0.833724
0 0.627944 0.888830 0.628090 0.893630 0.616015 0.892321 0.615433 0.900759 0.622562 0.901486 0.625180 0.901195 0.625035 0.905269 0.611505 0.903814 0.613687 0.887084 0.627944 0.888830
0 0.404229 0.957133 0.423493 0.961465 0.418250 0.984490 0.398530 0.979816 0.404229 0.957133
0 0.405141 0.954968 0.409701 0.932627 0.411525 0.927155 0.428736 0.931031 0.431928 0.932285 0.424633 0.959641 0.405141 0.954968
0 0.412892 0.925674 0.419161 0.900369 0.422125 0.896721 0.439223 0.900369 0.434663 0.928295 0.432726 0.931031 0.412892 0.925674
0 0.474047 0.999009 0.427098 0.988607 0.429942 0.978654 0.511515 0.999009 0.474047 0.999009
0 0.529015 0.999009 0.438225 0.973948 0.430018 0.970757 0.432881 0.960775 0.458460 0.967831 0.461478 0.970301 0.568244 0.999009 0.529015 0.999009
0 0.568402 0.999009 0.462802 0.969338 0.466335 0.957028 0.593087 0.993047 0.591718 0.999009 0.568402 0.999009
0 0.564064 0.926539 0.562519 0.932974 0.568612 0.934719 0.570320 0.928833 0.575595 0.930305 0.574302 0.935778 0.582304 0.937996 0.583758 0.931903 0.591323 0.934085 0.589719 0.940410 0.598089 0.942814 0.599324 0.938595 0.606744 0.941068 0.596706 0.979619 0.582304 0.976128 0.580994 0.979765 0.571684 0.977146 0.572411 0.973800 0.551899 0.968127 0.550590 0.971909 0.540843 0.969145 0.541716 0.965944 0.534574 0.963744 0.544218 0.927738 0.555099 0.931030 0.557119 0.924705 0.564064 0.926539
0 0.463515 0.899340 0.461402 0.906626 0.486935 0.914611 0.489328 0.907316 0.497685 0.909738 0.495303 0.916918 0.519205 0.924859 0.520805 0.920931 0.526624 0.923113 0.525606 0.927041 0.535871 0.930579 0.526465 0.960654 0.525181 0.961409 0.515384 0.958816 0.514366 0.962744 0.504619 0.960271 0.505413 0.956095 0.484979 0.950233 0.482943 0.953870 0.474360 0.951251 0.475669 0.947760 0.453265 0.941795 0.451083 0.945723 0.442937 0.942523 0.443809 0.939468 0.434935 0.936849 0.437845 0.926957 0.452684 0.932048 0.453411 0.930012 0.442449 0.926406 0.445264 0.916628 0.456757 0.919974 0.458066 0.915318 0.444100 0.911245 0.446934 0.902071 0.455061 0.904125 0.457218 0.897465 0.463515 0.899340
0 0.608149 0.970173 0.602563 0.968463 0.604159 0.960712 0.609858 0.962080 0.612024 0.952619 0.620345 0.954785 0.618224 0.969474 0.614304 0.983509 0.605670 0.981288 0.608149 0.970173
0 0.796821 0.596017 0.797833 0.593184 0.799856 0.592982 0.802285 0.592982 0.804308 0.594803 0.804510 0.596827 0.804510 0.599053 0.803903 0.600671 0.802487 0.601278 0.799856 0.601278 0.797630 0.599862 0.797023 0.598648 0.796821 0.596017
0 0.793988 0.590756 0.794797 0.593184 0.794797 0.595005 0.792369 0.597434 0.790345 0.597434 0.788322 0.596017 0.787715 0.595005 0.787310 0.592982 0.787310 0.590958 0.788690 0.588971 0.788929 0.588732 0.790953 0.588732 0.792976 0.588732 0.793988 0.590756
0 0.042775 0.910041 0.040751 0.924003 0.020718 0.919754 0.023956 0.899518 0.043382 0.902958 0.042775 0.910041
0 0.545665 0.053712 0.554580 0.052175 0.557962 0.059553 0.545973 0.060783 0.545665 0.053712
0 0.527835 0.064472 0.539824 0.062935 0.540746 0.070620 0.537365 0.074309 0.528757 0.069390 0.527835 0.064472
