0 0.094212 0.154069 0.114734 0.151763 0.115196 0.158451 0.120269 0.158220 0.120730 0.164216 0.125803 0.164216 0.125342 0.151763 0.140330 0.150610 0.142867 0.191195 0.096748 0.194193 0.094212 0.154069
0 0.123442 0.087702 0.123442 0.097617 0.102920 0.096464 0.103611 0.085626 0.123442 0.087702
0 0.274231 0.240526 0.326912 0.225222 0.328383 0.229931 0.348396 0.224045 0.370174 0.284965 0.352516 0.290851 0.347513 0.277019 0.338978 0.279668 0.340450 0.283199 0.323969 0.288203 0.321026 0.281728 0.310725 0.284965 0.308076 0.277608 0.293361 0.281728 0.283943 0.256712 0.280412 0.258478 0.274231 0.240526
0 0.404392 0.295056 0.417342 0.310654 0.400861 0.323309 0.409690 0.334787 0.423522 0.322426 0.435294 0.335670 0.427054 0.343911 0.433234 0.351268 0.429408 0.356271 0.436471 0.364512 0.395563 0.398062 0.367016 0.368043 0.370253 0.353622 0.354950 0.335081 0.404392 0.295056
0 0.457673 0.144069 0.464434 0.152708 0.489224 0.132801 0.509883 0.155713 0.500493 0.163977 0.508005 0.171865 0.494483 0.185387 0.502371 0.192899 0.464434 0.224075 0.452414 0.211680 0.442273 0.221070 0.424994 0.203041 0.439268 0.190645 0.423492 0.173367 0.457673 0.144069
0 -0.000000 0.787986 0.035757 0.773228 0.037602 0.778071 0.053051 0.771153 0.074266 0.823959 0.078186 0.823267 0.092252 0.856703 0.068271 0.867310 0.057202 0.844482 0.050745 0.847710 0.040599 0.823728 0.034834 0.826495 0.037602 0.833644 -0.000000 0.845526 -0.000000 0.787986
0 0.586688 0.933381 0.618740 0.925080 0.632576 0.923235 0.633037 0.927386 0.646411 0.925772 0.648026 0.941222 0.654713 0.950445 0.637188 0.964050 0.633959 0.960130 0.626350 0.965895 0.623352 0.962436 0.614128 0.969585 0.617126 0.977886 0.613898 0.984573 0.606749 0.987340 0.598217 0.982037 0.598217 0.974196 0.602829 0.970738 0.596142 0.961744 0.595220 0.944911 0.588532 0.946064 0.586688 0.933381
0 0.519065 0.940012 0.526112 0.940734 0.525750 0.944890 0.531170 0.944529 0.531170 0.932423 0.545083 0.932785 0.545083 0.936759 0.559898 0.937482 0.560259 0.928268 0.569655 0.928990 0.572003 0.945251 0.567125 0.968558 0.573629 0.976508 0.559898 0.989517 0.553213 0.982651 0.551406 0.983555 0.545083 0.976870 0.540566 0.976870 0.531532 0.971269 0.529725 0.968197 0.512380 0.979760 0.507863 0.973256 0.504250 0.975244 0.497023 0.964945 0.501178 0.961331 0.501540 0.959525 0.512380 0.951756 0.512199 0.947419 0.513826 0.946697 0.514006 0.942541 0.519065 0.940012
0 0.471903 0.929922 0.472109 0.928301 0.494668 0.932910 0.489658 0.973735 0.431318 0.965895 0.437083 0.926002 0.471903 0.929922
0 0.497729 0.908016 0.494736 0.932422 0.472178 0.927813 0.474900 0.906863 0.497729 0.908016
0 0.413546 0.702856 0.443747 0.699021 0.444226 0.705253 0.460046 0.704294 0.460526 0.723470 0.474428 0.721552 0.472510 0.707171 0.518052 0.701897 0.527160 0.801610 0.501753 0.804966 0.498397 0.763738 0.493603 0.764218 0.491206 0.751754 0.478263 0.754151 0.478742 0.746481 0.459087 0.747919 0.460046 0.755589 0.434639 0.756548 0.433680 0.744084 0.415942 0.745522 0.413546 0.702856
0 0.539787 0.739627 0.554502 0.738744 0.555385 0.756991 0.540081 0.757579 0.539787 0.739627
0 0.634997 0.713764 0.638822 0.751729 0.614101 0.755260 0.613512 0.741722 0.607626 0.742017 0.606449 0.721416 0.614984 0.719944 0.614690 0.715824 0.634997 0.713764
0 0.551942 0.655607 0.571366 0.653253 0.571660 0.660611 0.595498 0.657079 0.595498 0.661788 0.612862 0.660316 0.615511 0.679446 0.601384 0.681212 0.601679 0.691807 0.585198 0.693572 0.584609 0.682977 0.562242 0.685921 0.561948 0.684449 0.546350 0.685626 0.545467 0.663259 0.552236 0.663259 0.551942 0.655607
0 0.619064 0.674247 0.628518 0.672864 0.628749 0.682318 0.619294 0.682779 0.619064 0.674247
0 0.651036 0.850041 0.629552 0.852395 0.623857 0.795615 0.645439 0.791797 0.651036 0.850041
0 0.645391 0.791309 0.623809 0.795127 0.621312 0.770285 0.643090 0.767342 0.645391 0.791309
0 0.531792 0.579319 0.570105 0.574811 0.572358 0.592841 0.534046 0.598851 0.531792 0.579319
0 0.521275 0.590963 0.525407 0.630778 0.488972 0.636788 0.482587 0.596597 0.521275 0.590963
0 0.983836 0.169414 0.997340 0.188823 0.977451 0.204346 0.964680 0.187443 0.935382 0.192326 0.909840 0.189697 0.908713 0.153263 0.935382 0.152511 0.960548 0.145750 0.971065 0.160399 0.975573 0.157394 0.983836 0.169414
0 0.900124 0.161092 0.894128 0.194528 0.874989 0.191761 0.881907 0.158555 0.900124 0.161092
0 0.880062 0.164781 0.871530 0.179309 0.853313 0.168240 0.863229 0.154174 0.880062 0.164781
0 0.763814 0.030879 0.764967 0.029265 0.795175 0.037336 0.794022 0.040564 0.812700 0.045637 0.811778 0.048635 0.829072 0.052555 0.826536 0.062240 0.850056 0.068005 0.845444 0.085299 0.834837 0.082994 0.828611 0.103286 0.716543 0.075845 0.723922 0.047482 0.780417 0.062471 0.783415 0.053939 0.759202 0.047252 0.763814 0.030879
0 0.645977 0.342856 0.662277 0.336624 0.670906 0.356759 0.653648 0.363470 0.645977 0.342856
0 0.663715 0.363950 0.700148 0.349568 0.717406 0.396068 0.638307 0.427708 0.629199 0.401821 0.646936 0.394630 0.648854 0.397986 0.668988 0.387439 0.666591 0.382646 0.671385 0.380249 0.663715 0.363950
0 0.738761 0.475694 0.757937 0.467545 0.767525 0.486720 0.748349 0.496787 0.738761 0.475694
0 0.619394 0.475215 0.649116 0.459874 0.660621 0.485282 0.628982 0.498226 0.619394 0.475215
0 0.645281 0.524592 0.672126 0.519319 0.673085 0.533221 0.717668 0.525551 0.721503 0.560067 0.673085 0.564381 0.672126 0.551438 0.662059 0.544247 0.646240 0.544247 0.645281 0.524592
0 0.363367 0.478170 0.410318 0.468029 0.411821 0.471785 0.420835 0.469531 0.428348 0.491692 0.375011 0.502585 0.374260 0.499580 0.367874 0.500707 0.363367 0.478170
0 0.429219 0.429382 0.468067 0.441154 0.458649 0.473233 0.435399 0.466464 0.435105 0.474704 0.420835 0.469531 0.418918 0.459695 0.423039 0.459106 0.429219 0.429382
0 0.468994 0.228477 0.491067 0.222003 0.494304 0.230832 0.471643 0.236129 0.468994 0.228477
0 0.176231 0.442104 0.245179 0.414202 0.257631 0.442565 0.184763 0.471620 0.175078 0.448330 0.178307 0.447638 0.176231 0.442104
0 0.951650 0.846447 0.965172 0.846071 0.964796 0.857715 0.952025 0.857715 0.951650 0.846447
0 0.923854 0.870861 0.944137 0.870486 0.943762 0.908798 0.923479 0.908047 0.923854 0.870861
0 0.920474 0.895652 0.920474 0.927579 0.885542 0.927955 0.887044 0.895276 0.920474 0.895652
0 0.896434 0.815271 0.926108 0.817900 0.923103 0.859969 0.892678 0.858466 0.896434 0.815271
0 0.156556 0.298593 0.182473 0.292583 0.188107 0.327891 0.202381 0.333150 0.193366 0.356438 0.181346 0.351930 0.177590 0.359442 0.154678 0.359818 0.153927 0.353057 0.140780 0.358691 0.128760 0.324510 0.153175 0.313242 0.158809 0.312866 0.156556 0.298593
0 0.112217 0.806026 0.117640 0.798536 0.127713 0.796729 0.134944 0.801894 0.135719 0.809125 0.134428 0.816357 0.127713 0.819456 0.120740 0.819456 0.114283 0.815324 0.112217 0.806026
0 0.053418 0.739756 0.060908 0.737690 0.068656 0.763516 0.059875 0.765066 0.053418 0.739756
0 0.355212 0.000008 0.356644 0.011574 0.311157 0.021133 0.309509 0.016848 0.301268 0.016189 0.297974 0.000008 0.355212 0.000008
0 0.954132 0.372429 0.955780 0.379351 0.928422 0.389569 0.926114 0.382647 0.954132 0.372429
0 0.769633 0.321049 0.776225 0.317753 0.783147 0.329949 0.784466 0.329619 0.802925 0.368185 0.821713 0.410706 0.817757 0.414991 0.823361 0.428175 0.812154 0.433120 0.804573 0.416639 0.809847 0.414002 0.769633 0.324675 0.769633 0.321049
0 0.760529 0.306387 0.769566 0.303533 0.773530 0.312254 0.763858 0.315742 0.760529 0.306387
0 0.156247 0.619519 0.188653 0.634023 0.182535 0.644901 0.149901 0.628811 0.156247 0.619519
0 0.149448 0.639009 0.170524 0.642861 0.166898 0.650793 0.147635 0.644448 0.149448 0.639009
0 -0.000000 0.518718 -0.000000 0.451805 0.012514 0.515566 -0.000000 0.518718
0 -0.000000 0.334804 0.010055 0.332344 0.040489 0.473450 0.031574 0.483902 0.021122 0.488206 0.003292 0.370157 -0.000000 0.358782 -0.000000 0.334804
0 0.854453 0.829640 0.861970 0.830141 0.861803 0.844341 0.854286 0.843673 0.854453 0.829640
