3 0.663169 0.132844 0.685557 0.132496 0.685325 0.142009 0.691358 0.142357 0.690894 0.149085 0.705046 0.149085 0.704814 0.163933 0.688458 0.163817 0.688342 0.158133 0.683353 0.158133 0.683353 0.166369 0.677785 0.172286 0.667809 0.164049 0.668041 0.159061 0.662589 0.158249 0.663169 0.132844
3 0.657861 0.198606 0.671781 0.198026 0.671781 0.203826 0.689878 0.204406 0.689298 0.208930 0.702406 0.208930 0.702058 0.229811 0.694518 0.229811 0.694518 0.225055 0.684658 0.224243 0.683266 0.242339 0.672129 0.241527 0.672593 0.236307 0.656701 0.235611 0.657861 0.198606
3 0.743535 0.508856 0.762620 0.521516 0.760541 0.525106 0.768666 0.530586 0.768855 0.540790 0.752983 0.557985 0.744480 0.552128 0.746369 0.549293 0.732575 0.541168 0.730119 0.544191 0.721049 0.537956 0.743535 0.508856
0 0.640991 0.525471 0.666259 0.534469 0.664078 0.540831 0.682347 0.547921 0.683438 0.553465 0.678257 0.564009 0.642991 0.566008 0.634174 0.553647 0.634810 0.539832 0.640991 0.525471
3 0.678694 0.512234 0.699691 0.486713 0.716860 0.498429 0.710363 0.506550 0.713728 0.509566 0.704563 0.520702 0.697719 0.516294 0.692383 0.522790 0.678694 0.512234
3 0.707575 0.488535 0.716559 0.477988 0.730565 0.489985 0.721525 0.500587 0.707575 0.488535
0 0.590604 0.494553 0.632018 0.486433 0.633642 0.495829 0.628305 0.496641 0.628305 0.500237 0.643734 0.499309 0.643502 0.508241 0.638978 0.508125 0.638398 0.514390 0.632134 0.515202 0.631438 0.526802 0.623781 0.527614 0.623201 0.532718 0.604409 0.536662 0.603249 0.534110 0.595012 0.534574 0.590604 0.494553
3 0.544703 0.626305 0.579853 0.603336 0.587161 0.610412 0.584029 0.632453 0.561408 0.645213 0.558276 0.641733 0.547952 0.648925 0.542615 0.641965 0.544703 0.626305
3 0.443816 0.702443 0.447816 0.694626 0.459450 0.688809 0.461268 0.692354 0.469993 0.687355 0.468539 0.684810 0.475992 0.681538 0.478992 0.684446 0.487899 0.684992 0.490535 0.690718 0.486990 0.697716 0.478265 0.698080 0.474174 0.702897 0.477356 0.708351 0.452269 0.720530 0.443816 0.702443
3 0.951075 0.613222 0.969093 0.608450 0.971443 0.615928 0.953354 0.621127 0.951075 0.613222
3 0.851560 0.613966 0.882069 0.614198 0.884854 0.622782 0.898890 0.616634 0.903066 0.629859 0.888914 0.637283 0.894714 0.648419 0.871977 0.658396 0.851560 0.613966
0 0.866260 0.748880 0.896800 0.730611 0.910888 0.753970 0.880349 0.770876 0.866260 0.748880
3 0.912163 0.742545 0.953345 0.707048 0.966337 0.720272 0.924344 0.755769 0.912163 0.742545
1 0.955496 0.763098 0.985829 0.742330 0.994281 0.754328 0.963378 0.773960 0.955496 0.763098
3 0.998867 0.818578 0.979067 0.824332 0.973337 0.806607 0.995060 0.801608 0.998867 0.814431 0.998867 0.818578
3 0.998867 0.850935 0.989832 0.850162 0.984419 0.826945 0.984277 0.823100 0.998867 0.818598 0.998867 0.850935
3 0.942544 0.818043 0.972170 0.807574 0.982354 0.832144 0.951731 0.843040 0.942544 0.818043
3 0.905233 0.818197 0.935732 0.807389 0.947724 0.842774 0.917373 0.853878 0.905233 0.818197
3 0.878748 0.831441 0.904969 0.823789 0.914699 0.861839 0.888938 0.868501 0.878748 0.831441
3 0.998867 0.911604 0.997350 0.917314 0.973105 0.909773 0.982966 0.876944 0.998867 0.880059 0.998867 0.911604
0 0.778638 0.866888 0.802474 0.857857 0.810914 0.879769 0.803659 0.883470 0.806472 0.889392 0.789742 0.895759 0.778638 0.866888
1 0.679123 0.892773 0.701391 0.895500 0.699028 0.917405 0.675857 0.914968 0.679123 0.892773
1 0.695343 0.886171 0.733541 0.865740 0.745978 0.886171 0.708076 0.907787 0.695343 0.886171
0 0.700814 0.826957 0.720433 0.788359 0.738792 0.796354 0.736423 0.801092 0.745158 0.806570 0.751672 0.823448 0.724727 0.814121 0.722358 0.818118 0.727895 0.820699 0.721469 0.835737 0.700814 0.826957
0 0.566967 0.999009 0.567150 0.986642 0.591007 0.986856 0.591073 0.999009 0.566967 0.999009
3 0.478346 0.890700 0.518868 0.895044 0.525563 0.903732 0.523782 0.922961 0.474857 0.916551 0.478346 0.890700
3 0.485253 0.869099 0.501261 0.850770 0.529218 0.877451 0.530610 0.895896 0.512630 0.893808 0.485253 0.869099
3 0.606039 0.795912 0.612085 0.796367 0.612768 0.789300 0.632604 0.791736 0.629588 0.820853 0.603603 0.817373 0.606039 0.795912
3 0.604743 0.824264 0.626784 0.826816 0.623420 0.850249 0.602307 0.846769 0.604743 0.824264
0 0.604471 0.940899 0.615809 0.938443 0.613919 0.926727 0.631492 0.924838 0.641696 0.972455 0.636216 0.985682 0.614486 0.987194 0.612785 0.975101 0.619399 0.966220 0.616376 0.949213 0.607117 0.951292 0.604471 0.940899
3 0.215349 0.960728 0.251770 0.926083 0.266427 0.940296 0.230598 0.974053 0.215349 0.960728
3 0.051872 0.893293 0.085332 0.882337 0.098657 0.913132 0.058090 0.926161 0.051280 0.914317 0.060290 0.909084 0.051872 0.893293
3 0.151640 0.563136 0.171592 0.562091 0.171012 0.570908 0.182033 0.570792 0.182149 0.599445 0.151756 0.598633 0.151640 0.563136
3 0.044566 0.531376 0.064849 0.524121 0.071659 0.543813 0.083060 0.548698 0.089130 0.572683 0.056558 0.579790 0.044566 0.531376
3 0.328059 0.529514 0.341400 0.510257 0.370517 0.528817 0.356944 0.549582 0.328059 0.529514
0 0.382219 0.488510 0.402520 0.496630 0.390803 0.523543 0.370503 0.515539 0.382219 0.488510
3 0.157992 0.306230 0.157252 0.301641 0.168504 0.295423 0.174426 0.305194 0.180645 0.302233 0.191897 0.316446 0.179904 0.324885 0.173094 0.318075 0.167912 0.321036 0.157992 0.306230
3 0.196436 0.260342 0.211419 0.245021 0.207570 0.240580 0.215861 0.234065 0.235404 0.251684 0.234960 0.256717 0.213788 0.277297 0.196436 0.260342
3 0.255011 0.182225 0.267071 0.184553 0.263368 0.201574 0.251047 0.198725 0.255011 0.182225
3 -0.000000 0.123633 -0.000000 0.079339 0.017076 0.079033 0.018069 0.122073 -0.000000 0.123633
3 0.025567 0.095517 0.039164 0.085941 0.047924 0.098034 0.060508 0.089003 0.075758 0.108694 0.068799 0.115356 0.071168 0.119946 0.051845 0.133991 0.025567 0.095517
3 0.057119 0.000004 0.052634 0.025253 0.030710 0.029429 0.021429 0.019801 -0.000000 0.019337 -0.000000 0.000003 0.057119 0.000004
3 0.462535 0.239989 0.479383 0.238191 0.480474 0.262550 0.473013 0.263024 0.473021 0.265640 0.461473 0.265957 0.460185 0.252596 0.463686 0.252026 0.462535 0.239989
3 0.451309 0.192683 0.472641 0.190321 0.478024 0.219226 0.482664 0.218182 0.484056 0.226767 0.479880 0.227115 0.481388 0.236859 0.458999 0.239759 0.451309 0.192683
3 -0.000000 0.570975 0.010061 0.570817 0.010577 0.582181 -0.000000 0.586167 -0.000000 0.570975
3 0.004846 0.447121 0.012078 0.444022 0.014144 0.449187 0.007945 0.451511 0.004846 0.447121
3 0.004846 0.461842 0.009495 0.460551 0.012336 0.463392 0.013111 0.468040 0.006138 0.468557 0.004846 0.461842
3 0.172782 0.291366 0.184316 0.286510 0.192006 0.300270 0.186138 0.305734 0.180472 0.299663 0.175817 0.302698 0.170758 0.292783 0.172782 0.291366
3 0.175998 0.144653 0.197423 0.160805 0.176328 0.190141 0.147981 0.173990 0.164791 0.145972 0.171054 0.145642 0.175998 0.144653
3 0.137904 0.117267 0.143844 0.126048 0.134289 0.130438 0.131189 0.122174 0.137904 0.117267
3 0.130673 0.134570 0.136355 0.140769 0.132222 0.145159 0.125508 0.137411 0.130673 0.134570
3 -0.000000 0.024260 0.004758 0.024680 0.004758 0.054897 -0.000000 0.073641 -0.000000 0.024260
3 0.593381 0.246849 0.602162 0.246849 0.603195 0.257180 0.594414 0.257180 0.593381 0.246849
3 0.573753 0.249948 0.588732 0.248915 0.589507 0.260537 0.592348 0.261312 0.592348 0.276033 0.575044 0.277324 0.573753 0.249948
3 0.559032 0.250723 0.568846 0.250981 0.567813 0.262603 0.559806 0.261312 0.559032 0.250723
3 0.971150 0.672343 0.981038 0.691790 0.965546 0.699042 0.954669 0.679595 0.971150 0.672343
3 0.876099 0.705568 0.883331 0.701694 0.888238 0.710991 0.880490 0.714091 0.876099 0.705568
3 0.719626 0.761067 0.735897 0.767524 0.730474 0.788702 0.717044 0.783020 0.718593 0.774497 0.714978 0.769590 0.719626 0.761067
3 0.785312 0.745215 0.783246 0.730752 0.795643 0.727136 0.799775 0.741341 0.785312 0.745215
3 0.772915 0.747539 0.774207 0.752704 0.778855 0.757611 0.778855 0.762777 0.750188 0.766392 0.746831 0.754512 0.741924 0.753996 0.735983 0.748314 0.737791 0.742115 0.749672 0.741599 0.755353 0.745989 0.770849 0.745215 0.772915 0.747539
3 0.185158 0.978996 0.186160 0.967803 0.203367 0.966800 0.205205 0.985511 0.199191 0.988351 0.185158 0.978996
3 0.807755 0.614902 0.820451 0.623923 0.821620 0.626763 0.813769 0.633946 0.810260 0.631273 0.806084 0.636953 0.799235 0.627598 0.802743 0.619412 0.807755 0.614902
3 0.330349 0.615536 0.350366 0.613450 0.349115 0.633051 0.338689 0.634719 0.338689 0.631383 0.326596 0.631383 0.330349 0.615536
3 0.324511 0.636387 0.349532 0.637221 0.348281 0.650983 0.337855 0.648898 0.336187 0.665579 0.316587 0.660991 0.319506 0.637221 0.324511 0.636387
