0 -0.000000 0.651688 0.003942 0.646383 0.009569 0.649920 0.011498 0.647508 0.051047 0.674196 0.044455 0.684324 0.048153 0.686414 0.030147 0.719050 0.013588 0.709726 0.022109 0.695578 -0.000000 0.678697 -0.000000 0.651688
0 0.056796 0.752788 0.090051 0.726713 0.094082 0.731373 0.099247 0.727720 0.104411 0.736034 0.069770 0.768030 0.056796 0.753040 0.056796 0.752788
0 0.074994 0.691469 0.079435 0.696396 0.089480 0.707467 0.077261 0.719182 0.063909 0.702176 0.074994 0.691469
0 0.090848 0.711503 0.101555 0.705961 0.112748 0.718082 0.103243 0.724492 0.098658 0.718054 0.095383 0.719439 0.091226 0.712007 0.090848 0.711503
0 0.200570 0.550046 0.202021 0.549512 0.204746 0.565371 0.203442 0.565640 0.196671 0.567691 0.197697 0.571180 0.174716 0.576514 0.170202 0.563793 0.145580 0.569128 0.139014 0.546968 0.140511 0.546611 0.150360 0.544969 0.149334 0.541891 0.163287 0.539634 0.162671 0.536762 0.170263 0.534300 0.172110 0.537377 0.197082 0.533836 0.200570 0.550046
0 0.222525 0.561741 0.205225 0.565273 0.202490 0.549336 0.216164 0.544300 0.222525 0.561741
0 0.242893 0.543746 0.250759 0.543584 0.250562 0.549506 0.242765 0.549309 0.242666 0.544275 0.242893 0.543746
0 0.222334 0.547828 0.229342 0.548519 0.229539 0.551085 0.234869 0.551480 0.234770 0.556513 0.227072 0.555625 0.227170 0.554243 0.221643 0.553454 0.221051 0.550986 0.222334 0.547828
0 0.242310 0.549499 0.242215 0.555861 0.235948 0.555766 0.235710 0.549832 0.242310 0.549499
0 0.233997 0.541343 0.237463 0.541343 0.237368 0.539776 0.243017 0.540061 0.242210 0.545521 0.233000 0.545046 0.233475 0.541580 0.233997 0.541343
0 0.244152 0.551588 0.248341 0.551482 0.248447 0.556413 0.243198 0.555936 0.243463 0.551535 0.244152 0.551588
0 0.252212 0.550686 0.254121 0.550846 0.254333 0.547770 0.262021 0.548619 0.261597 0.556996 0.249985 0.555989 0.250674 0.550527 0.252212 0.550686
0 0.232306 0.540040 0.231832 0.543694 0.224862 0.543018 0.226350 0.532122 0.236704 0.532596 0.236501 0.539566 0.232915 0.539431 0.232306 0.540040
0 0.040403 0.494752 0.042388 0.486264 0.055285 0.490343 0.052750 0.498941 0.040073 0.495964 0.040403 0.494752
0 0.037514 0.446195 0.045671 0.438258 0.055151 0.449832 0.045782 0.458431 0.037073 0.447297 0.037514 0.446195
0 0.303791 0.704327 0.304223 0.702514 0.305173 0.700873 0.306814 0.700354 0.310269 0.701391 0.310960 0.702255 0.311305 0.704500 0.311392 0.706141 0.309751 0.707869 0.308628 0.709164 0.306296 0.709164 0.304655 0.708214 0.303618 0.705882 0.303791 0.704327
0 0.118654 0.779498 0.118654 0.777062 0.119331 0.774964 0.120414 0.773949 0.124001 0.774287 0.125963 0.775438 0.126775 0.779363 0.124677 0.782679 0.122309 0.783356 0.119060 0.780310 0.118654 0.779498
0 0.169610 0.620452 0.169469 0.637757 0.155541 0.638038 0.155963 0.631285 0.159340 0.630863 0.158214 0.620733 0.169610 0.620452
0 0.566566 0.645500 0.565684 0.642303 0.567889 0.639216 0.570976 0.638886 0.575495 0.641972 0.576377 0.645279 0.573291 0.649137 0.568991 0.648476 0.567889 0.646712 0.566566 0.645500
0 0.798939 0.686623 0.833593 0.668488 0.842033 0.681237 0.806660 0.699911 0.799118 0.687521 0.798939 0.686623
0 0.375794 0.284823 0.399628 0.288032 0.398482 0.298344 0.416357 0.302011 0.424607 0.296740 0.447982 0.300177 0.444773 0.338219 0.357690 0.325386 0.360899 0.301094 0.372357 0.302698 0.375107 0.284823 0.375794 0.284823
0 0.583120 0.349155 0.606954 0.373905 0.589308 0.390635 0.565245 0.365885 0.583120 0.349155
0 0.580486 0.332702 0.586102 0.326408 0.601667 0.342041 0.602209 0.344274 0.598825 0.347319 0.596254 0.348064 0.580215 0.333243 0.580486 0.332702
0 0.632572 0.460689 0.635107 0.448564 0.643044 0.451540 0.642713 0.463225 0.633564 0.461351 0.632572 0.460689
0 0.592705 0.467468 0.593146 0.460523 0.596674 0.453248 0.613099 0.461626 0.615193 0.458429 0.625004 0.463830 0.622138 0.470444 0.612768 0.466476 0.608689 0.474523 0.593808 0.467909 0.592705 0.467468
0 0.809425 0.452877 0.825804 0.457557 0.822587 0.469548 0.833116 0.470426 0.836041 0.468964 0.832484 0.408144 0.853590 0.405203 0.862610 0.440317 0.867290 0.472782 0.890150 0.474521 0.895707 0.493824 0.862364 0.503476 0.846863 0.498504 0.843353 0.507279 0.795386 0.489730 0.807963 0.453170 0.809425 0.452877
4 0.869337 0.441779 0.877526 0.422768 0.892443 0.429203 0.882499 0.450554 0.867875 0.442657 0.869337 0.441779
0 0.405206 0.517291 0.408864 0.504770 0.427434 0.510116 0.422088 0.522778 0.405768 0.517291 0.405206 0.517291
0 0.815050 0.205017 0.817724 0.190312 0.821400 0.191314 0.827082 0.177945 0.846870 0.183468 0.845359 0.186869 0.866521 0.190900 0.866395 0.193545 0.875843 0.196064 0.876472 0.192033 0.894989 0.199339 0.887809 0.219998 0.879874 0.219116 0.874835 0.237255 0.870426 0.239270 0.865135 0.240026 0.853421 0.234610 0.850523 0.245191 0.827472 0.238893 0.832006 0.226926 0.813489 0.219872 0.818150 0.207149 0.815127 0.206267 0.815050 0.205017
0 0.716486 0.169461 0.719509 0.161777 0.714848 0.158502 0.717493 0.153841 0.716234 0.151952 0.723101 0.136539 0.728825 0.139599 0.737215 0.119958 0.752315 0.124696 0.753302 0.126176 0.753993 0.128446 0.754783 0.129137 0.748960 0.143942 0.752710 0.145521 0.753598 0.144534 0.763468 0.148284 0.762679 0.150456 0.770180 0.153219 0.775213 0.140882 0.794657 0.149765 0.791597 0.156674 0.804033 0.161312 0.793077 0.186579 0.779260 0.181249 0.773930 0.194179 0.760606 0.190033 0.755375 0.198423 0.726950 0.187369 0.730404 0.178584 0.715896 0.172761 0.716486 0.169461
0 0.623935 0.121296 0.629730 0.105046 0.633005 0.106180 0.639429 0.089930 0.648121 0.092575 0.647743 0.098874 0.650640 0.099881 0.653411 0.091568 0.679486 0.102149 0.680116 0.098244 0.689941 0.099630 0.692964 0.101645 0.696995 0.106054 0.690445 0.127216 0.702412 0.131625 0.695988 0.147874 0.679864 0.142332 0.673188 0.153165 0.659961 0.147874 0.654671 0.156314 0.641948 0.150772 0.643460 0.143718 0.635020 0.140820 0.635272 0.138805 0.619652 0.134396 0.623935 0.121296
0 0.540361 0.105538 0.530787 0.105160 0.531543 0.076062 0.550312 0.076314 0.551194 0.082990 0.564042 0.083998 0.564294 0.089036 0.584953 0.089036 0.585079 0.090674 0.588606 0.090548 0.588606 0.092563 0.597549 0.093949 0.595912 0.109191 0.590747 0.109821 0.591377 0.113726 0.587094 0.114355 0.587976 0.117379 0.568703 0.118008 0.566706 0.128639 0.544125 0.127092 0.544744 0.114101 0.542579 0.114333 0.542965 0.105594 0.540361 0.105538
4 0.281760 0.000008 0.281070 0.012541 0.271837 0.012336 0.272657 0.022390 0.259320 0.021569 0.259115 0.013362 0.259248 0.000008 0.281760 0.000008
4 0.127742 0.000006 0.127616 0.004008 0.089826 0.004386 0.079508 0.000005 0.127742 0.000006
4 0.094487 0.006527 0.125726 0.006149 0.126104 0.014589 0.127616 0.014211 0.127364 0.012322 0.132025 0.012448 0.132277 0.017990 0.129505 0.018116 0.129128 0.019628 0.131521 0.021391 0.131143 0.023910 0.093479 0.023407 0.094487 0.006527
0 0.998845 0.237286 0.998252 0.237291 0.997748 0.233638 0.986663 0.233764 0.986789 0.238047 0.982002 0.238173 0.982128 0.241322 0.973562 0.242078 0.970917 0.237795 0.970539 0.240062 0.957061 0.240188 0.957313 0.234646 0.968020 0.234898 0.966382 0.232756 0.966004 0.202902 0.983640 0.202524 0.987544 0.202398 0.987670 0.204540 0.998845 0.204413 0.998845 0.237286
