3 -0.000000 0.817771 0.025677 0.821111 0.019199 0.848411 -0.000000 0.843251 -0.000000 0.817771
3 0.068246 0.825738 0.081664 0.807693 0.094620 0.814633 0.101560 0.806305 0.121919 0.821574 0.112202 0.834530 0.119605 0.840545 0.107575 0.860441 0.068246 0.825738
3 0.295457 0.563280 0.320443 0.559115 0.325533 0.582713 0.299159 0.589654 0.295457 0.563280
3 0.376422 0.599768 0.394467 0.596529 0.398631 0.609948 0.380123 0.613187 0.376422 0.599768
3 0.668964 0.933523 0.683738 0.935780 0.683532 0.941115 0.690509 0.941731 0.687020 0.962454 0.677582 0.961634 0.673683 0.978048 0.640854 0.965327 0.651729 0.946245 0.663835 0.949938 0.668964 0.933523
3 0.740574 0.910953 0.753500 0.912184 0.753090 0.918955 0.739548 0.919981 0.740574 0.910953
3 0.666092 0.863145 0.698306 0.859657 0.699742 0.875045 0.695228 0.874840 0.695433 0.879354 0.697895 0.880175 0.697895 0.883458 0.672042 0.883663 0.666912 0.877713 0.666092 0.863145
3 0.673569 0.831546 0.722814 0.828468 0.724045 0.845088 0.711118 0.846730 0.711734 0.856989 0.672954 0.857605 0.673569 0.831546
3 0.668029 0.792971 0.697166 0.794202 0.697781 0.807540 0.712965 0.808360 0.712554 0.823339 0.667824 0.823954 0.668029 0.792971
3 0.422925 0.842288 0.443443 0.839621 0.445905 0.864038 0.424156 0.864654 0.422925 0.842288
3 0.291938 0.803826 0.297889 0.799722 0.309379 0.815316 0.302608 0.820446 0.291938 0.803826
3 0.243813 0.783708 0.252226 0.776526 0.263101 0.787812 0.269461 0.783297 0.277053 0.793146 0.272129 0.798686 0.282798 0.810792 0.273975 0.817974 0.243813 0.783708
3 0.244879 0.773064 0.241801 0.775116 0.226412 0.758291 0.243853 0.742286 0.261294 0.759932 0.244879 0.773064
3 0.171192 0.889811 0.188774 0.913871 0.149907 0.938857 0.122705 0.899482 0.159189 0.875264 0.171192 0.889811
3 -0.000000 0.909102 0.005297 0.908474 0.005297 0.903385 0.021492 0.901534 0.022417 0.925594 -0.000000 0.927274 -0.000000 0.909102
3 0.048329 0.932072 0.061284 0.923281 0.085345 0.956133 0.057583 0.978805 0.042314 0.954745 0.054344 0.943177 0.048329 0.932072
3 0.055564 0.751696 0.073621 0.756621 0.066029 0.783500 0.047562 0.777755 0.055564 0.751696
3 0.319823 0.655814 0.346659 0.648873 0.352212 0.677560 0.318434 0.685426 0.312419 0.657664 0.319823 0.655814
3 0.123208 0.600159 0.163463 0.589979 0.177806 0.633936 0.138014 0.645503 0.123208 0.600159
3 0.361051 0.937200 0.365995 0.936211 0.367313 0.947418 0.363688 0.947748 0.361051 0.937200
3 0.188170 0.620751 0.193773 0.620092 0.195092 0.635255 0.189488 0.635255 0.187510 0.622729 0.188170 0.620751
3 0.291187 0.466060 0.298768 0.465731 0.298438 0.476938 0.291187 0.476938 0.291187 0.466060
3 0.017150 0.984332 0.027671 0.979072 0.033307 0.990344 0.040070 0.986211 0.040070 0.982454 0.060360 0.991096 0.057482 0.999004 0.020013 0.999003 0.017150 0.984332
