0 -0.000000 0.779788 0.001811 0.782069 0.005004 0.777964 0.007285 0.777964 0.019144 0.789139 0.019144 0.790735 0.015951 0.794384 0.017776 0.799402 0.013670 0.806928 0.014811 0.808297 0.009109 0.816051 0.005460 0.814910 0.002723 0.819016 -0.000000 0.817002 -0.000000 0.779788
0 0.018804 0.844111 0.003226 0.830398 0.003226 0.826668 0.023521 0.804069 0.025495 0.804069 0.027470 0.804727 0.032187 0.801546 0.035040 0.802423 0.057529 0.821731 0.057748 0.823816 0.040635 0.843343 0.038879 0.843562 0.028457 0.836980 0.018804 0.844111
0 0.058121 0.791497 0.041879 0.775115 0.040759 0.773435 0.061761 0.748233 0.064561 0.747533 0.066941 0.749633 0.067081 0.752153 0.086403 0.767695 0.086284 0.770204 0.069389 0.785892 0.068731 0.785892 0.068950 0.787208 0.064891 0.786660 0.060064 0.791157 0.058121 0.791497
0 0.084828 0.735790 0.074633 0.717436 0.074861 0.709682 0.100860 0.699419 0.104281 0.700103 0.115789 0.724942 0.118729 0.723542 0.120549 0.725222 0.120409 0.729003 0.118309 0.729423 0.118309 0.730963 0.103187 0.735443 0.100947 0.735303 0.097587 0.731663 0.088066 0.735023 0.084828 0.735790
0 0.135549 0.711017 0.125363 0.707265 0.123576 0.702797 0.128580 0.682069 0.132511 0.680460 0.161561 0.689854 0.162401 0.690974 0.161701 0.694054 0.163382 0.695314 0.163241 0.696994 0.161281 0.707915 0.158201 0.708196 0.155961 0.714636 0.152180 0.714076 0.149100 0.724717 0.147420 0.725977 0.133419 0.722197 0.132859 0.720377 0.135549 0.711017
0 0.175841 0.755745 0.169455 0.740236 0.172876 0.737043 0.203894 0.722675 0.205946 0.722903 0.222367 0.754832 0.220999 0.757113 0.198648 0.767376 0.195455 0.766464 0.188385 0.751639 0.180403 0.755745 0.175841 0.755745
0 0.191752 0.830768 0.171023 0.822191 0.168700 0.818081 0.173346 0.807001 0.166734 0.803249 0.166913 0.798781 0.176741 0.783413 0.180315 0.783413 0.206762 0.799317 0.207477 0.801998 0.194968 0.830589 0.191752 0.830768
0 0.193225 0.871113 0.172927 0.854008 0.172471 0.850815 0.182734 0.840096 0.186383 0.840324 0.206453 0.857201 0.207593 0.861990 0.198242 0.872937 0.193225 0.871113
0 0.143500 0.859454 0.121699 0.843550 0.119019 0.840691 0.128668 0.828182 0.125988 0.824429 0.125809 0.820498 0.136173 0.811742 0.138318 0.811920 0.169947 0.837831 0.171019 0.839797 0.154043 0.857131 0.152971 0.857131 0.148146 0.853735 0.143500 0.859454
0 0.115905 0.882335 0.099465 0.902170 0.093568 0.901455 0.073554 0.878939 0.074447 0.876795 0.071231 0.872328 0.071767 0.869290 0.075698 0.866431 0.078557 0.869290 0.088922 0.857138 0.091424 0.857675 0.096070 0.852492 0.098750 0.853028 0.112688 0.865716 0.112867 0.867503 0.110723 0.871077 0.112331 0.872685 0.115369 0.869826 0.117335 0.870005 0.121623 0.876616 0.115905 0.882335
0 0.114194 0.922581 0.101422 0.911177 0.101878 0.907072 0.107808 0.901598 0.107123 0.900458 0.124457 0.881529 0.127421 0.881072 0.153877 0.903423 0.154105 0.909809 0.132439 0.928966 0.129018 0.928738 0.119439 0.921668 0.116702 0.923493 0.114194 0.922581
0 0.153685 0.940677 0.143499 0.931742 0.142963 0.929955 0.158688 0.909941 0.162798 0.910119 0.187280 0.931920 0.187101 0.934601 0.166908 0.962478 0.162977 0.963371 0.152970 0.953721 0.152255 0.950326 0.157080 0.942821 0.153685 0.940677
0 0.186040 0.982654 0.170136 0.969609 0.169421 0.966929 0.180679 0.953884 0.180500 0.952276 0.190150 0.941554 0.195332 0.939946 0.222851 0.960496 0.224281 0.965856 0.213202 0.978723 0.209628 0.977829 0.200157 0.970324 0.188899 0.981760 0.186040 0.982654
0 0.210211 0.999007 0.206874 0.996108 0.205754 0.994567 0.226476 0.969645 0.228856 0.969785 0.255179 0.993867 0.255739 0.995408 0.252415 0.999007 0.210211 0.999007
0 0.059290 0.999004 0.078283 0.971807 0.081223 0.971387 0.095084 0.983148 0.095504 0.986088 0.090884 0.994209 0.095869 0.999005 0.059290 0.999004
0 0.026917 0.999003 0.025271 0.997756 0.023735 0.993807 0.031085 0.985250 0.019895 0.976144 0.020005 0.971646 0.045676 0.945208 0.048638 0.945976 0.058401 0.955520 0.058292 0.957056 0.051161 0.965174 0.064216 0.977900 0.064874 0.980313 0.062899 0.982617 0.065422 0.985469 0.064435 0.987334 0.059828 0.992490 0.056865 0.990515 0.047104 0.999004 0.026917 0.999003
0 0.042329 0.943763 0.031907 0.955062 0.029275 0.956159 0.024338 0.961096 0.024309 0.965484 0.012638 0.976775 -0.000000 0.970632 -0.000000 0.931994 0.004612 0.927374 0.007132 0.927234 0.013713 0.932415 0.014973 0.931854 0.022954 0.937735 0.029114 0.931294 0.031635 0.931434 0.041435 0.941375 0.042329 0.943763
0 -0.000000 0.927007 -0.000000 0.914965 0.001813 0.911885 0.006014 0.915385 0.006434 0.917346 -0.000000 0.927007
0 0.041445 0.721884 0.030769 0.711645 0.031859 0.710120 0.043841 0.700534 0.050377 0.709684 0.050159 0.715348 0.041445 0.721884
0 -0.000000 0.707317 0.001628 0.710041 0.008126 0.704382 0.010117 0.705745 0.014099 0.710461 0.011165 0.716224 0.017976 0.729848 0.017767 0.732991 0.006239 0.741689 -0.000000 0.736974 -0.000000 0.707317
