0 0.610385 0.000008 0.597366 0.031153 0.577784 0.022450 0.586684 0.000009 0.610385 0.000008
0 0.324122 0.017911 0.387618 0.007413 0.389172 0.013008 0.395389 0.015495 0.398808 0.036631 0.328251 0.045645 0.324122 0.017911
0 0.446169 0.000009 0.450943 0.024186 0.418810 0.042831 0.398808 0.036631 0.395389 0.015495 0.389172 0.013008 0.387618 0.007413 0.395617 0.001370 0.400844 0.000009 0.446169 0.000009
0 0.342034 0.081399 0.361305 0.079315 0.364124 0.104089 0.345142 0.105332 0.342034 0.081399
0 0.365656 0.063060 0.384807 0.061168 0.387103 0.085129 0.367472 0.087855 0.365656 0.063060
0 0.462783 0.109455 0.482928 0.107350 0.485969 0.132468 0.465765 0.134148 0.462783 0.109455
0 0.513836 0.026579 0.534421 0.028034 0.534661 0.048429 0.513029 0.046924 0.513836 0.026579
0 0.185301 0.134522 0.192761 0.115872 0.262385 0.139495 0.257723 0.154414 0.253993 0.153482 0.250263 0.160631 0.239074 0.158455 0.236898 0.164982 0.204262 0.150995 0.206437 0.147576 0.189653 0.142292 0.185301 0.134522
0 0.162165 0.112752 0.168081 0.093954 0.193080 0.101311 0.187373 0.120902 0.162165 0.112752
0 0.036009 0.126613 0.048177 0.120136 0.053291 0.129878 0.040501 0.136247 0.036009 0.126613
0 0.071856 0.125610 0.062153 0.107195 0.074235 0.098705 0.077889 0.102845 0.091527 0.095539 0.099004 0.109690 0.086169 0.117701 0.071856 0.125610
0 0.220858 0.029948 0.235169 0.028994 0.236123 0.044641 0.222957 0.045213 0.220858 0.029948
0 0.380301 0.091282 0.395934 0.090742 0.396285 0.111496 0.379912 0.111561 0.380301 0.091282
0 0.498454 0.509566 0.492025 0.500446 0.490979 0.496260 0.493520 0.491176 0.498604 0.489233 0.502790 0.490279 0.509817 0.499101 0.510565 0.505230 0.503089 0.509865 0.498454 0.509566
0 0.086206 0.119557 0.096372 0.114623 0.100559 0.121501 0.090542 0.127332 0.086206 0.119557
0 0.604200 0.048300 0.614517 0.049496 0.613171 0.062952 0.602705 0.062055 0.604200 0.048300
4 0.412021 0.124041 0.421313 0.122681 0.424938 0.133332 0.414967 0.134692 0.412021 0.124041
