0 0.712653 0.999008 0.712809 0.994562 0.715671 0.994562 0.717007 0.985975 0.713381 0.985021 0.713381 0.980632 0.723304 0.980250 0.723876 0.975671 0.746965 0.976816 0.746417 0.999007 0.712653 0.999008
4 0.677806 0.988114 0.676751 0.982609 0.685186 0.982023 0.685420 0.987412 0.677806 0.988114
0 0.540840 0.987690 0.545223 0.966259 0.562271 0.969182 0.559105 0.984037 0.555208 0.983063 0.553016 0.992074 0.540840 0.987690
0 0.459125 0.971342 0.463705 0.949780 0.473246 0.951497 0.468094 0.974395 0.459125 0.971342
0 0.429930 0.947681 0.431266 0.928027 0.443097 0.926882 0.443288 0.924210 0.450348 0.925546 0.449966 0.933179 0.448440 0.932988 0.447104 0.947681 0.429930 0.947681
4 0.336576 0.980170 0.328353 0.979870 0.329698 0.970152 0.337921 0.970451 0.336576 0.980170
0 0.332112 0.942521 0.356333 0.936690 0.361416 0.953435 0.349156 0.954930 0.348259 0.952837 0.345867 0.954033 0.346764 0.958967 0.335700 0.961957 0.332112 0.942521
0 0.337046 0.940427 0.330019 0.924430 0.342149 0.916546 0.346114 0.916640 0.352146 0.934896 0.337046 0.940427
0 0.346114 0.916640 0.361190 0.911251 0.366273 0.935023 0.359545 0.935622 0.352146 0.934896 0.346114 0.916640
0 0.345012 0.916164 0.342149 0.916546 0.335089 0.907578 0.330509 0.908150 0.324403 0.894984 0.328983 0.892885 0.329555 0.887923 0.334135 0.888114 0.344248 0.883534 0.346347 0.890786 0.351690 0.888877 0.357415 0.904524 0.358941 0.910058 0.353217 0.908532 0.352835 0.911394 0.347492 0.911585 0.345012 0.916164
0 0.345012 0.916164 0.347492 0.911585 0.352835 0.911394 0.353217 0.908532 0.358941 0.910058 0.361190 0.911251 0.346114 0.916640 0.345012 0.916164
0 0.290393 0.907640 0.284413 0.894632 0.301457 0.887456 0.300560 0.881475 0.320296 0.875645 0.328070 0.890297 0.317754 0.894782 0.316408 0.890297 0.316558 0.897623 0.324403 0.894984 0.330509 0.908150 0.335089 0.907578 0.334350 0.910630 0.324332 0.912723 0.324930 0.921096 0.305195 0.928571 0.302952 0.927076 0.287403 0.931711 0.282619 0.919750 0.281722 0.914368 0.290393 0.907640
0 0.442086 0.809064 0.442235 0.800691 0.452701 0.800392 0.452047 0.808962 0.442086 0.809064
0 0.451803 0.730330 0.458011 0.724707 0.465509 0.733493 0.458363 0.739936 0.451803 0.730330
0 0.660520 0.929697 0.660842 0.919890 0.680777 0.921337 0.680295 0.924391 0.676597 0.924552 0.676436 0.926320 0.673703 0.925999 0.673060 0.930179 0.660520 0.929697
0 0.648624 0.929697 0.621615 0.929697 0.621936 0.921176 0.648463 0.920694 0.648624 0.929697
0 0.153051 0.687867 0.153680 0.672877 0.156830 0.671743 0.157081 0.669728 0.168670 0.670232 0.168922 0.688119 0.153051 0.687867
0 0.164997 0.668609 0.152624 0.661494 0.156954 0.655617 0.168090 0.662345 0.164997 0.668609
