0 0.753750 0.677124 0.764356 0.667696 0.765730 0.668089 0.775747 0.659644 0.785960 0.669071 0.774569 0.678892 0.763177 0.689890 0.753750 0.677124
0 0.763177 0.689890 0.774569 0.678892 0.785960 0.669071 0.788121 0.673196 0.766123 0.692640 0.763177 0.689890
0 0.725819 0.657617 0.733898 0.654241 0.736551 0.658944 0.742459 0.656653 0.748367 0.665093 0.745835 0.666178 0.755963 0.682456 0.750537 0.683782 0.740569 0.689165 0.725819 0.657617
0 0.747590 0.695452 0.754822 0.692220 0.760055 0.700992 0.752668 0.703300 0.747590 0.695452
0 0.732556 0.695815 0.736524 0.691752 0.751546 0.704979 0.746822 0.710081 0.742571 0.714048 0.727360 0.700066 0.732556 0.695815
0 0.955502 0.999004 0.962015 0.992178 0.963389 0.985696 0.969674 0.979608 0.976941 0.986286 0.987351 0.994927 0.987744 0.996695 0.990761 0.999003 0.955502 0.999004
0 0.779333 0.999007 0.777042 0.988952 0.817899 0.987005 0.818174 0.989063 0.822440 0.988518 0.825840 0.999006 0.779333 0.999007
0 0.953310 0.969247 0.964440 0.980781 0.956345 0.989078 0.945620 0.976734 0.953310 0.969247
3 0.933559 0.885001 0.936083 0.879953 0.945338 0.866070 0.936083 0.863126 0.927669 0.862705 0.928511 0.854291 0.936925 0.850505 0.950807 0.834940 0.979834 0.852188 0.948704 0.895518 0.933559 0.885001
0 0.535160 0.724533 0.544974 0.740287 0.524571 0.750618 0.501327 0.745194 0.489706 0.735380 0.487123 0.727890 0.481958 0.727890 0.476792 0.723242 0.469819 0.727116 0.464396 0.719109 0.461038 0.717302 0.458197 0.708779 0.453290 0.707488 0.440893 0.680886 0.465945 0.669523 0.474726 0.684502 0.478858 0.684502 0.481958 0.691992 0.485057 0.691475 0.489706 0.699481 0.489189 0.703355 0.499778 0.719109 0.504943 0.724275 0.521214 0.728923 0.532061 0.725049 0.535160 0.724533
3 0.917019 0.768109 0.954184 0.798022 0.939227 0.816832 0.930162 0.810033 0.936961 0.801875 0.908860 0.778986 0.917019 0.768109
