3 0.925798 0.937353 0.949378 0.940138 0.953462 0.946822 0.953648 0.951835 0.947521 0.952392 0.926912 0.950164 0.923755 0.948493 0.924127 0.938652 0.925798 0.937353
3 0.759109 0.999007 0.755710 0.991146 0.758432 0.972395 0.762061 0.969976 0.784744 0.973605 0.788978 0.980864 0.808939 0.985098 0.811358 0.979654 0.812870 0.979049 0.832831 0.982981 0.834948 0.985098 0.831121 0.997053 0.829835 0.999006 0.798756 0.999007 0.798995 0.998290 0.793181 0.997606 0.792715 0.999007 0.759109 0.999007
3 0.674610 0.927193 0.695122 0.942468 0.697595 0.950469 0.695995 0.954543 0.697013 0.955997 0.697304 0.957598 0.690321 0.965453 0.685375 0.964726 0.660062 0.946396 0.659917 0.942322 0.670828 0.927193 0.674610 0.927193
0 0.582260 0.999009 0.528524 0.951392 0.528435 0.949070 0.537188 0.940585 0.538974 0.940764 0.574021 0.971348 0.578329 0.967450 0.580267 0.967564 0.603415 0.989036 0.603147 0.992698 0.597572 0.999009 0.582260 0.999009
0 0.584145 0.958748 0.599750 0.971414 0.599890 0.972604 0.596811 0.976452 0.594921 0.976732 0.580506 0.964346 0.580086 0.962247 0.582885 0.958818 0.584145 0.958748
0 0.567668 0.950357 0.571419 0.945713 0.573116 0.945177 0.579903 0.950983 0.580528 0.953126 0.577224 0.957413 0.575706 0.957770 0.567757 0.952054 0.567668 0.950357
0 0.532604 0.901496 0.535283 0.898906 0.537427 0.899352 0.576544 0.934987 0.576902 0.936594 0.574222 0.939631 0.572347 0.939631 0.532693 0.903371 0.532604 0.901496
0 0.507212 0.999009 0.461097 0.963502 0.460488 0.955950 0.483609 0.928936 0.488514 0.928597 0.562838 0.992681 0.563066 0.996443 0.560627 0.999009 0.507212 0.999009
3 0.450190 0.869150 0.467962 0.864410 0.473887 0.867017 0.495451 0.906353 0.495214 0.911804 0.477441 0.919387 0.475782 0.919150 0.463460 0.892135 0.452086 0.893557 0.418673 0.908960 0.414882 0.907538 0.404692 0.885500 0.405640 0.880998 0.421517 0.873889 0.425308 0.874837 0.448057 0.868913 0.450190 0.869150
3 0.396377 0.915350 0.401390 0.908666 0.403618 0.909409 0.409002 0.914422 0.409374 0.917764 0.405289 0.922591 0.402318 0.922777 0.396191 0.917393 0.396377 0.915350
3 0.365012 0.940041 0.370582 0.935028 0.373182 0.935213 0.381908 0.943940 0.382465 0.945796 0.378195 0.951181 0.376153 0.951366 0.365384 0.941897 0.365012 0.940041
0 0.312305 0.961943 0.317952 0.957418 0.320862 0.957563 0.330486 0.968734 0.331091 0.972061 0.326554 0.976598 0.323530 0.976900 0.312642 0.964803 0.312305 0.961943
