0 0.150870 0.669231 0.235718 0.674992 0.228650 0.779251 0.138984 0.771454 0.150471 0.670728 0.150870 0.669231
0 0.264416 0.643691 0.298338 0.645942 0.299122 0.648606 0.284689 0.806620 0.282251 0.807854 0.250593 0.800154 0.264442 0.643931 0.264416 0.643691
0 0.352699 0.661562 0.393767 0.664998 0.394826 0.669459 0.382035 0.804592 0.379570 0.807970 0.339337 0.805009 0.352699 0.661562
0 0.043553 0.999003 0.044147 0.991067 0.092747 0.997610 0.092626 0.999005 0.043553 0.999003
0 0.266705 0.513899 0.266220 0.511239 0.282392 0.508535 0.282817 0.510709 0.350136 0.497807 0.349485 0.494714 0.365750 0.491997 0.371487 0.505164 0.367821 0.518227 0.380103 0.556977 0.363678 0.560725 0.362355 0.555654 0.338765 0.559292 0.340088 0.564253 0.315999 0.568189 0.314787 0.564000 0.292630 0.568740 0.294394 0.573590 0.279182 0.577008 0.276037 0.558807 0.277029 0.558807 0.272106 0.529552 0.269350 0.529882 0.266705 0.513899
0 0.149240 0.512918 0.215490 0.515012 0.215490 0.511816 0.231143 0.512146 0.230765 0.531233 0.228010 0.530682 0.226953 0.561093 0.229198 0.561352 0.228852 0.578657 0.212270 0.577985 0.212356 0.572630 0.190072 0.572025 0.190107 0.574853 0.163444 0.573973 0.163714 0.569981 0.142864 0.569449 0.142999 0.572900 0.127772 0.572968 0.127754 0.556444 0.130163 0.556485 0.132895 0.524750 0.129714 0.524909 0.130271 0.508758 0.147730 0.509367 0.149240 0.512918
0 -0.000000 0.521380 0.026651 0.523870 0.026662 0.521181 0.028937 0.521116 0.028407 0.508284 0.037466 0.508113 0.037625 0.513097 0.065622 0.514264 0.065410 0.510287 0.075962 0.510234 0.075696 0.519884 0.080893 0.520202 0.078813 0.544109 0.082399 0.544515 0.081539 0.575099 0.060886 0.573919 0.060939 0.575456 0.044854 0.575734 0.044748 0.571333 0.028310 0.571121 0.028574 0.574894 -0.000000 0.574731 -0.000000 0.521380
0 -0.000000 0.394294 0.029241 0.393640 0.023790 0.448960 -0.000000 0.446485 -0.000000 0.394294
0 -0.000000 0.301737 0.059116 0.303057 0.063651 0.310606 0.059749 0.347343 -0.000000 0.344902 -0.000000 0.301737
0 -0.000000 0.116542 0.029807 0.118650 0.028173 0.160930 0.019734 0.161056 0.016134 0.223136 -0.000000 0.225562 -0.000000 0.116542
0 0.415378 0.000008 0.415485 0.005858 0.310749 0.005450 0.310441 0.000008 0.415378 0.000008
0 0.526431 0.000009 0.527128 0.006054 0.497970 0.004028 0.494465 0.000009 0.526431 0.000009
0 0.649299 0.000008 0.647532 0.012027 0.546824 0.005132 0.542311 0.000009 0.649299 0.000008
0 0.692305 0.002362 0.693054 0.002524 0.706559 0.002203 0.707523 0.011206 0.771695 0.010087 0.771695 0.036966 0.691468 0.035940 0.692156 0.025429 0.687654 0.024786 0.687333 0.006375 0.692591 0.006220 0.692305 0.002362
0 0.746712 0.000007 0.747124 0.006729 0.719174 0.006017 0.719393 0.000007 0.746712 0.000007
0 0.836602 0.000006 0.836002 0.024837 0.808793 0.022948 0.810700 0.000006 0.836602 0.000006
0 0.843739 0.005225 0.843958 0.005001 0.860638 0.005791 0.860638 0.008160 0.885904 0.009147 0.885806 0.007074 0.910480 0.008061 0.912553 0.034611 0.843801 0.031567 0.843739 0.005225
0 0.880312 0.000005 0.880751 0.005261 0.847989 0.004208 0.847935 0.000006 0.880312 0.000005
0 0.956310 0.004230 0.977695 0.008088 0.972735 0.042702 0.949476 0.038733 0.955759 0.003789 0.956310 0.004230
0 0.575358 0.250925 0.574727 0.250571 0.573259 0.245475 0.579011 0.164594 0.584744 0.164802 0.584910 0.162392 0.607919 0.164000 0.607809 0.166947 0.615622 0.167077 0.615498 0.165063 0.638991 0.166998 0.639115 0.169200 0.647268 0.169218 0.647561 0.167070 0.666846 0.168559 0.666710 0.171740 0.678980 0.172200 0.678980 0.169349 0.701923 0.171493 0.701664 0.173911 0.708919 0.174429 0.708964 0.171147 0.733329 0.172796 0.733198 0.175703 0.740425 0.175865 0.740457 0.173554 0.762987 0.174901 0.762469 0.178701 0.776787 0.178409 0.776681 0.176659 0.794126 0.177276 0.794043 0.178937 0.801148 0.179062 0.801189 0.177483 0.825889 0.179643 0.825805 0.182219 0.833491 0.182177 0.833533 0.179518 0.857159 0.181018 0.856900 0.184841 0.863634 0.185371 0.863793 0.181659 0.879594 0.182720 0.872646 0.270626 0.575358 0.250925
0 0.874444 0.298202 0.874175 0.298685 0.873456 0.321489 0.880280 0.322207 0.877703 0.357693 0.578245 0.337743 0.579161 0.322618 0.584661 0.279076 0.874444 0.298202
0 0.676429 0.398003 0.682181 0.400169 0.682722 0.397462 0.703633 0.402808 0.702551 0.406733 0.710536 0.408696 0.711551 0.406124 0.734253 0.412869 0.732931 0.415735 0.746730 0.419915 0.747508 0.416633 0.764350 0.422160 0.763745 0.425011 0.771000 0.426824 0.771690 0.423297 0.793611 0.430814 0.792834 0.435737 0.799916 0.437550 0.800521 0.433837 0.822667 0.440606 0.822887 0.444024 0.832602 0.448254 0.818502 0.491849 0.659594 0.441558 0.675272 0.398257 0.676429 0.398003
0 0.659417 0.469414 0.812041 0.517715 0.796310 0.564684 0.642215 0.515593 0.658301 0.469381 0.659417 0.469414
0 0.600961 0.619884 0.623072 0.625326 0.621863 0.631631 0.631882 0.634394 0.632486 0.632235 0.643714 0.634394 0.643369 0.636295 0.651920 0.638108 0.651845 0.636601 0.693400 0.647074 0.688146 0.663924 0.692865 0.664931 0.693433 0.661924 0.711756 0.666188 0.711014 0.670059 0.714990 0.670960 0.715574 0.668362 0.732316 0.672559 0.731020 0.677482 0.744839 0.680505 0.745789 0.676877 0.768277 0.682683 0.751762 0.742446 0.742617 0.743572 0.742195 0.748355 0.740366 0.752716 0.737411 0.755390 0.732347 0.757922 0.726016 0.758907 0.719825 0.757359 0.717152 0.754123 0.712510 0.744416 0.685692 0.738186 0.688745 0.732979 0.668455 0.728490 0.670430 0.723283 0.657861 0.717537 0.660195 0.707661 0.630912 0.699474 0.633067 0.691393 0.613316 0.685827 0.615650 0.679184 0.591463 0.670955 0.590056 0.669267 0.588931 0.666172 0.593171 0.650365 0.596217 0.651245 0.598094 0.642320 0.595417 0.641456 0.600341 0.620071 0.600961 0.619884
0 0.834042 0.721714 0.914326 0.748384 0.907615 0.768958 0.934220 0.777610 0.926991 0.806689 0.918592 0.829692 0.922875 0.832589 0.913873 0.857032 0.899361 0.850333 0.890943 0.850114 0.887666 0.843236 0.874552 0.834073 0.872820 0.836095 0.862801 0.827888 0.860431 0.830361 0.841158 0.815371 0.843207 0.812070 0.838160 0.807404 0.824705 0.798236 0.822084 0.800184 0.807157 0.781280 0.827469 0.755241 0.823767 0.751539 0.834042 0.721714
0 0.998873 0.898449 0.965763 0.886216 0.961686 0.886893 0.941061 0.873372 0.956873 0.850914 0.978169 0.783007 0.998873 0.791155 0.998873 0.898449
0 0.998873 0.706378 0.956761 0.709696 0.902181 0.714138 0.898592 0.656353 0.925040 0.653724 0.925272 0.657513 0.998873 0.651529 0.998873 0.706378
0 0.998873 0.625754 0.921539 0.630752 0.917599 0.574179 0.922385 0.573816 0.921961 0.570301 0.944807 0.568817 0.945271 0.572220 0.954010 0.571292 0.953468 0.568353 0.976513 0.566652 0.976823 0.569436 0.984633 0.569049 0.984247 0.566111 0.998873 0.564603 0.998873 0.625754
0 0.998873 0.523750 0.990190 0.523973 0.990289 0.528217 0.967588 0.529204 0.967490 0.525059 0.962358 0.524763 0.957914 0.471699 0.998873 0.468441 0.998873 0.523750
0 0.998873 0.442086 0.993759 0.441045 0.989396 0.386080 0.994094 0.385913 0.993679 0.381754 0.998873 0.381793 0.998873 0.442086
0 0.401565 0.812597 0.399345 0.810549 0.407368 0.739708 0.409588 0.737831 0.458578 0.741928 0.460115 0.743464 0.454140 0.815158 0.452092 0.817718 0.401565 0.812597
0 0.517569 0.796676 0.517787 0.781426 0.514737 0.778376 0.515826 0.752015 0.518005 0.745914 0.550902 0.724128 0.554606 0.724564 0.564498 0.739039 0.569842 0.736629 0.570576 0.737258 0.580741 0.733066 0.582103 0.733380 0.586924 0.738096 0.585981 0.744908 0.593660 0.759544 0.593125 0.760881 0.598609 0.769843 0.599988 0.771677 0.611201 0.763608 0.613506 0.764970 0.618537 0.771258 0.618641 0.774506 0.623881 0.780270 0.623043 0.781842 0.628047 0.790938 0.638421 0.783183 0.642508 0.784231 0.656006 0.809081 0.655494 0.812153 0.627670 0.827858 0.628182 0.833832 0.627499 0.834856 0.568207 0.870747 0.565646 0.870235 0.558135 0.859140 0.529799 0.857774 0.528946 0.859993 0.513072 0.858539 0.511850 0.857317 0.512551 0.836468 0.514333 0.836259 0.518210 0.801362 0.519153 0.800943 0.520620 0.800733 0.520620 0.798218 0.518105 0.798427 0.517569 0.796676
0 0.501244 0.822226 0.465226 0.817788 0.464714 0.815398 0.467445 0.782965 0.468640 0.781771 0.508072 0.782965 0.510120 0.784843 0.508584 0.815569 0.505682 0.817276 0.502098 0.816593 0.502098 0.819325 0.501244 0.822226
