0 -0.000000 0.366857 0.006175 0.367117 0.006044 0.372759 0.012736 0.372890 0.012998 0.366986 0.024414 0.366855 0.024676 0.377877 0.031631 0.385749 0.030450 0.408974 -0.000000 0.407662 -0.000000 0.366857
0 -0.000000 0.466413 0.011503 0.467010 0.011930 0.463163 0.027319 0.464659 0.024540 0.493727 0.020480 0.493727 0.019197 0.505482 -0.000000 0.503986 -0.000000 0.466413
0 -0.000000 0.517688 -0.000000 0.512679 0.012256 0.513621 0.011734 0.520041 0.014099 0.520041 0.013996 0.525078 0.020899 0.525418 0.018172 0.551333 0.010937 0.551373 0.010834 0.554251 -0.000000 0.553737 -0.000000 0.517688
0 -0.000000 0.561801 0.019572 0.562719 0.018916 0.588437 -0.000000 0.587125 -0.000000 0.561801
0 -0.000000 0.609834 0.019214 0.611717 0.019047 0.621933 0.026415 0.622100 0.023234 0.653919 -0.000000 0.650219 -0.000000 0.609834
0 -0.000000 0.834967 0.002177 0.851098 0.012816 0.843187 0.023727 0.862827 -0.000000 0.878071 -0.000000 0.834967
0 -0.000000 0.898349 0.016803 0.890968 0.028519 0.921866 0.021537 0.922819 0.026818 0.935481 -0.000000 0.939431 -0.000000 0.898349
0 -0.000000 0.953384 0.025219 0.953825 0.025613 0.980855 0.019184 0.980987 0.016297 0.996732 -0.000000 0.993101 -0.000000 0.953384
0 0.124380 0.979561 0.128734 0.978556 0.130811 0.994199 0.110254 0.996211 0.103949 0.993628 0.092059 0.994298 0.089882 0.969178 0.098423 0.965494 0.099260 0.953101 0.116007 0.948747 0.124380 0.979561
0 0.143229 0.955165 0.179067 0.947963 0.184426 0.977103 0.169186 0.978610 0.170707 0.989034 0.146578 0.991672 0.143229 0.955165
0 0.284488 0.951554 0.273849 0.955646 0.276533 0.962500 0.250264 0.970381 0.244661 0.954009 0.252845 0.951281 0.249571 0.937642 0.277123 0.929186 0.284488 0.951554
0 0.093645 0.890962 0.107288 0.889494 0.107419 0.896055 0.110437 0.895924 0.109912 0.888445 0.132784 0.887233 0.133876 0.900326 0.124601 0.901690 0.125965 0.919694 0.131693 0.918058 0.132512 0.927605 0.096777 0.931697 0.093645 0.890962
0 0.082312 0.843092 0.106317 0.836545 0.108226 0.847184 0.113955 0.845547 0.117228 0.860005 0.111500 0.861096 0.114773 0.875554 0.083403 0.884010 0.076583 0.855368 0.082312 0.843092
0 0.054729 0.811672 0.063455 0.806172 0.059603 0.799138 0.066914 0.794961 0.061692 0.784168 0.094070 0.768153 0.105907 0.794264 0.088499 0.803664 0.099640 0.826642 0.069351 0.840917 0.054729 0.811672
0 0.030351 0.776269 0.040990 0.769177 0.031442 0.757174 0.058175 0.735624 0.072360 0.749809 0.077816 0.762903 0.043445 0.791545 0.030351 0.776269
0 0.071762 0.676791 0.081808 0.679997 0.082877 0.670807 0.093991 0.674654 0.092495 0.677860 0.095914 0.679142 0.098265 0.674654 0.117929 0.682562 0.111517 0.702226 0.104036 0.704149 0.098907 0.719111 0.064068 0.703081 0.071762 0.676791
0 0.078819 0.628474 0.086479 0.628474 0.088916 0.617334 0.119901 0.622208 0.115375 0.654238 0.094834 0.651452 0.092745 0.659460 0.075686 0.655630 0.078819 0.628474
0 0.082910 0.580090 0.089912 0.580337 0.091084 0.569919 0.119981 0.571659 0.116848 0.611000 0.080640 0.608215 0.082910 0.580090
0 0.084335 0.519103 0.117678 0.525087 0.116609 0.534919 0.123662 0.534705 0.120670 0.555651 0.114686 0.555651 0.114044 0.562277 0.088183 0.560140 0.088824 0.548384 0.083908 0.548598 0.084335 0.519103
0 0.087935 0.475428 0.108667 0.477338 0.108121 0.481430 0.132945 0.483339 0.132945 0.504071 0.129126 0.504344 0.127216 0.516073 0.101847 0.515255 0.102666 0.502980 0.087390 0.502707 0.087935 0.475428
0 0.093321 0.431675 0.107426 0.425377 0.107259 0.423702 0.113455 0.423535 0.112618 0.429731 0.118479 0.429563 0.119149 0.423702 0.133147 0.423491 0.129055 0.462227 0.109960 0.459772 0.110233 0.463591 0.098231 0.462500 0.097958 0.454589 0.091957 0.455134 0.093321 0.431675
0 0.096635 0.379648 0.116821 0.378284 0.115730 0.383739 0.135371 0.383739 0.133188 0.418383 0.107819 0.414837 0.107274 0.400106 0.094998 0.398743 0.096635 0.379648
0 0.104907 0.329246 0.113670 0.333093 0.116235 0.321337 0.145303 0.331169 0.135043 0.365581 0.117303 0.360023 0.116021 0.364084 0.097426 0.357672 0.104907 0.329246
0 -0.000000 0.324038 0.019736 0.325378 0.019234 0.320689 0.040502 0.322866 0.039665 0.343967 0.027775 0.342962 0.027105 0.356192 -0.000000 0.355689 -0.000000 0.324038
0 0.026014 0.254308 0.042471 0.260720 0.044181 0.257728 0.056578 0.262644 0.049524 0.289147 0.045891 0.287437 0.039906 0.301116 0.012976 0.287651 0.026014 0.254308
0 0.050718 0.198130 0.068722 0.208769 0.071995 0.203313 0.085907 0.218316 0.072541 0.243140 0.062993 0.237957 0.058628 0.246413 0.033805 0.229228 0.050718 0.198130
0 0.072411 0.166663 0.101047 0.145897 0.124995 0.179056 0.099038 0.199989 0.072411 0.166663
0 0.125570 0.145139 0.129087 0.141623 0.124900 0.132412 0.137962 0.126216 0.142484 0.133584 0.158896 0.126383 0.172628 0.155690 0.137795 0.174279 0.125570 0.145139
0 0.177527 0.102523 0.202896 0.098704 0.203442 0.105251 0.211080 0.104978 0.216808 0.130893 0.208352 0.133075 0.210261 0.145351 0.188166 0.149988 0.189257 0.152716 0.181073 0.155171 0.177527 0.134985 0.182710 0.133348 0.177527 0.102523
0 0.220082 0.101978 0.227720 0.100887 0.227720 0.105797 0.261545 0.105797 0.264546 0.148624 0.246542 0.145896 0.246542 0.152170 0.231266 0.152989 0.220082 0.101978
0 0.316604 0.137339 0.278687 0.138158 0.277596 0.121790 0.281415 0.122063 0.281318 0.114414 0.316604 0.113086 0.316604 0.137339
0 0.316604 0.112598 0.281318 0.113926 0.281142 0.099968 0.299691 0.100513 0.298327 0.096421 0.304874 0.096421 0.303510 0.094239 0.316604 0.092875 0.316604 0.112598
0 0.330305 0.094034 0.360115 0.093532 0.360617 0.129369 0.352746 0.128365 0.352579 0.134059 0.325951 0.134059 0.325449 0.108604 0.328463 0.108939 0.330305 0.094034
0 0.372882 0.092783 0.415628 0.091287 0.416270 0.136385 0.372882 0.135743 0.372882 0.092783
0 0.430858 0.098977 0.462311 0.099291 0.466772 0.113593 0.461130 0.113724 0.461261 0.118973 0.465329 0.119366 0.463975 0.134097 0.453609 0.133278 0.453882 0.139552 0.443789 0.139280 0.444062 0.135461 0.425512 0.136279 0.422785 0.117184 0.430423 0.117730 0.430858 0.098977
0 0.480471 0.098860 0.516817 0.099385 0.515899 0.144785 0.477322 0.141768 0.477584 0.122610 0.472992 0.123266 0.473123 0.107521 0.477847 0.107783 0.477453 0.098729 0.480471 0.098860
0 0.531686 0.108346 0.569031 0.113705 0.566185 0.145523 0.525825 0.137150 0.531686 0.108346
0 0.592598 0.111709 0.608561 0.118094 0.607044 0.151773 0.606277 0.153814 0.589606 0.146334 0.589178 0.148685 0.574431 0.142914 0.579988 0.127739 0.583835 0.129876 0.592598 0.111709
0 0.512657 0.999003 0.496644 0.953899 0.530469 0.943261 0.532651 0.949262 0.542745 0.946261 0.550655 0.970266 0.546564 0.971085 0.550382 0.979268 0.526377 0.986906 0.529402 0.999003 0.512657 0.999003
0 0.373029 0.999004 0.371643 0.995539 0.393556 0.988453 0.397114 0.999004 0.373029 0.999004
0 0.400893 0.987623 0.417351 0.982707 0.415427 0.977578 0.422694 0.976509 0.424832 0.982921 0.439793 0.976936 0.447769 0.999004 0.403448 0.999004 0.400893 0.987623
0 0.464763 0.999003 0.454440 0.966447 0.480946 0.959457 0.483290 0.964648 0.479103 0.966491 0.480443 0.970510 0.489821 0.966323 0.498086 0.990180 0.468428 0.999003 0.464763 0.999003
0 0.119222 0.278726 0.136639 0.285257 0.140491 0.276381 0.176329 0.292960 0.173984 0.303846 0.161089 0.299827 0.154893 0.323774 0.126256 0.311214 0.125251 0.314564 0.108337 0.303511 0.119222 0.278726
0 0.151738 0.238882 0.157539 0.241983 0.165622 0.231427 0.190200 0.252248 0.173288 0.274889 0.167832 0.270525 0.161012 0.281436 0.134825 0.260705 0.151738 0.238882
0 0.219739 0.202432 0.261845 0.203501 0.262700 0.220599 0.266974 0.223164 0.266974 0.240049 0.260135 0.240049 0.259493 0.243683 0.227861 0.243897 0.227220 0.212050 0.220166 0.210981 0.219739 0.202432
0 0.224514 0.255722 0.250803 0.254653 0.249735 0.250378 0.272177 0.252515 0.272604 0.275813 0.260421 0.276454 0.258712 0.266408 0.253368 0.269828 0.254009 0.290774 0.242254 0.290560 0.242468 0.284576 0.238621 0.284789 0.238407 0.282225 0.224942 0.281797 0.224514 0.255722
0 0.230453 0.297289 0.267280 0.297834 0.266734 0.314201 0.251731 0.315020 0.252276 0.333296 0.231817 0.333569 0.228544 0.324295 0.221452 0.324022 0.221179 0.306836 0.229635 0.307109 0.230453 0.297289
0 0.230303 0.343744 0.248755 0.344092 0.249799 0.339566 0.265814 0.339566 0.265466 0.381344 0.228214 0.380299 0.230303 0.343744
0 0.219996 0.387621 0.253418 0.388317 0.252374 0.398762 0.258640 0.399458 0.259337 0.428006 0.237403 0.427658 0.237403 0.421391 0.218951 0.422088 0.219996 0.387621
0 0.218603 0.441932 0.240885 0.441932 0.240885 0.436362 0.261426 0.437406 0.260381 0.473962 0.217210 0.474310 0.217907 0.457251 0.213381 0.457947 0.212684 0.442280 0.218603 0.441932
0 0.221385 0.481219 0.254459 0.483656 0.254459 0.498627 0.261074 0.498975 0.258637 0.521605 0.218251 0.516731 0.221385 0.481219
0 0.220340 0.529612 0.266279 0.527585 0.265776 0.551700 0.259915 0.552370 0.258985 0.558509 0.249585 0.558509 0.250281 0.568257 0.224170 0.565820 0.225214 0.553983 0.219992 0.554331 0.220340 0.529612
0 0.218776 0.581265 0.233737 0.580197 0.233310 0.574212 0.258103 0.573571 0.258103 0.594090 0.254042 0.593662 0.254469 0.612684 0.249553 0.615677 0.249126 0.612684 0.239508 0.613539 0.239508 0.615463 0.219417 0.615677 0.218776 0.581265
0 0.218839 0.622385 0.237833 0.622728 0.238620 0.619054 0.256334 0.620891 0.256728 0.630076 0.250823 0.630732 0.252261 0.636311 0.255395 0.636311 0.255395 0.647800 0.246691 0.647452 0.247039 0.659637 0.221276 0.660333 0.218839 0.622385
0 0.223741 0.677942 0.238703 0.677300 0.237848 0.668537 0.259221 0.667255 0.259863 0.708719 0.224383 0.709147 0.223741 0.677942
0 0.218927 0.722432 0.238163 0.720081 0.237522 0.715378 0.259750 0.715165 0.259964 0.755561 0.237308 0.755988 0.219354 0.756202 0.218927 0.722432
0 0.221603 0.769091 0.256766 0.767351 0.268603 0.767699 0.267907 0.783714 0.256766 0.783017 0.257114 0.787892 0.248411 0.788240 0.248063 0.799032 0.221951 0.799032 0.221603 0.769091
0 0.213589 0.816057 0.232389 0.813968 0.232041 0.808746 0.254322 0.808746 0.254322 0.839035 0.249796 0.838687 0.249796 0.848783 0.213589 0.850176 0.213589 0.816057
0 0.212544 0.873154 0.235870 0.866539 0.233433 0.862361 0.252582 0.855398 0.262330 0.886036 0.222989 0.902051 0.212544 0.873154
0 0.316812 0.912173 0.346545 0.900170 0.349819 0.907262 0.361548 0.903443 0.373005 0.935359 0.349000 0.945180 0.346272 0.934541 0.329633 0.941088 0.316812 0.912173
0 0.317903 0.845886 0.350364 0.848886 0.349819 0.861435 0.356366 0.862253 0.352547 0.891714 0.328814 0.898533 0.323904 0.893623 0.323904 0.875347 0.316539 0.875619 0.317630 0.863890 0.307810 0.864981 0.309446 0.854069 0.317084 0.853524 0.317903 0.845886
0 0.358523 0.806485 0.346767 0.807176 0.347168 0.819307 0.346785 0.819281 0.348118 0.837055 0.322346 0.836610 0.322791 0.826390 0.314348 0.823280 0.313904 0.794842 0.357549 0.791934 0.358523 0.806485
0 0.382480 0.809619 0.371456 0.811052 0.369502 0.791133 0.380555 0.790399 0.382480 0.809619
0 0.318862 0.745481 0.355961 0.746572 0.352960 0.784490 0.314224 0.782853 0.318862 0.745481
0 0.316748 0.692274 0.334852 0.694711 0.334504 0.700282 0.368971 0.702371 0.369319 0.728482 0.357830 0.737186 0.330326 0.734401 0.328933 0.717341 0.315007 0.715949 0.316748 0.692274
0 0.315703 0.642489 0.334155 0.643185 0.333807 0.649104 0.350170 0.648755 0.349126 0.679741 0.323363 0.678348 0.324407 0.669993 0.313615 0.668948 0.315703 0.642489
0 0.318227 0.595516 0.343323 0.594425 0.343596 0.603154 0.354507 0.602609 0.357781 0.623067 0.352598 0.624431 0.353143 0.636434 0.318500 0.636434 0.318227 0.595516
0 0.322319 0.552143 0.331048 0.546687 0.359963 0.544778 0.357235 0.581604 0.322319 0.582150 0.322319 0.552143
0 0.321528 0.495652 0.339631 0.496348 0.338935 0.502963 0.370269 0.505052 0.368528 0.525244 0.363654 0.525244 0.362958 0.536385 0.335802 0.536037 0.335802 0.520022 0.322224 0.518629 0.321528 0.495652
0 0.321752 0.447653 0.340858 0.448097 0.341303 0.451652 0.357299 0.449430 0.355966 0.486755 0.323529 0.487199 0.321752 0.447653
0 0.321668 0.395007 0.335560 0.395435 0.335133 0.399068 0.353300 0.399282 0.352018 0.437113 0.325729 0.437540 0.325942 0.425144 0.320813 0.425571 0.321668 0.395007
0 0.332323 0.357651 0.332716 0.347154 0.345444 0.347679 0.345969 0.351615 0.351611 0.351878 0.351480 0.345710 0.375623 0.345973 0.368538 0.385075 0.325893 0.383763 0.325762 0.363424 0.331142 0.363424 0.332323 0.357651
0 0.326024 0.298998 0.344788 0.298736 0.344788 0.304903 0.367094 0.304640 0.368144 0.336657 0.344132 0.336525 0.343607 0.327603 0.326549 0.327209 0.326812 0.318680 0.316314 0.318549 0.316314 0.308839 0.325893 0.308708 0.326024 0.298998
0 0.329912 0.258371 0.335029 0.257846 0.335161 0.252729 0.336210 0.252204 0.336735 0.247874 0.350381 0.246824 0.350381 0.250761 0.353793 0.251285 0.353793 0.246299 0.368095 0.246299 0.367833 0.266375 0.369801 0.267162 0.369801 0.280809 0.368883 0.281334 0.368883 0.288813 0.317578 0.285401 0.318103 0.273198 0.328337 0.274248 0.329912 0.258371
0 0.332258 0.194883 0.365249 0.196725 0.365082 0.215816 0.373958 0.216318 0.373958 0.221342 0.381159 0.230218 0.375967 0.236749 0.328742 0.238089 0.332258 0.194883
0 0.439674 0.198219 0.464741 0.200656 0.464573 0.212211 0.470602 0.212379 0.470435 0.240346 0.436439 0.235992 0.439674 0.198219
0 0.435044 0.253447 0.451684 0.252901 0.452230 0.249355 0.472689 0.249628 0.471870 0.271178 0.466415 0.270632 0.468324 0.288909 0.433953 0.290546 0.435044 0.253447
0 0.437772 0.299275 0.456049 0.299820 0.456867 0.296001 0.470506 0.294637 0.471325 0.307731 0.469143 0.338283 0.438591 0.339101 0.437772 0.299275
0 0.432317 0.350831 0.450866 0.351377 0.450593 0.347285 0.471598 0.347558 0.468597 0.383838 0.433680 0.384384 0.432317 0.350831
0 0.430953 0.397478 0.454139 0.398841 0.454685 0.394204 0.472962 0.393659 0.470506 0.422301 0.453594 0.422301 0.453048 0.432121 0.430680 0.431030 0.430953 0.397478
0 0.436230 0.441015 0.454704 0.442830 0.454704 0.438308 0.470279 0.438978 0.470111 0.477663 0.435341 0.478340 0.436230 0.441015
0 0.429408 0.490681 0.447362 0.491536 0.447148 0.488758 0.468094 0.490895 0.468949 0.525734 0.428767 0.525520 0.429408 0.490681
0 0.430193 0.536091 0.462467 0.538442 0.462253 0.545281 0.465032 0.544640 0.464604 0.549983 0.469307 0.549342 0.470375 0.575418 0.449002 0.576486 0.447933 0.567723 0.432117 0.568578 0.430193 0.536091
0 0.426740 0.585089 0.463020 0.585908 0.461929 0.594910 0.467112 0.595182 0.467658 0.608822 0.426740 0.608003 0.426740 0.585089
0 0.425642 0.635162 0.435901 0.634735 0.435474 0.628536 0.465610 0.627682 0.465183 0.641147 0.474373 0.640933 0.474373 0.650551 0.470099 0.650551 0.470526 0.661238 0.463473 0.661452 0.460908 0.670856 0.445947 0.671497 0.436970 0.661879 0.436329 0.652689 0.425214 0.653116 0.425642 0.635162
0 0.424250 0.680616 0.433654 0.680616 0.432799 0.677837 0.458447 0.678906 0.458020 0.685746 0.463791 0.684463 0.466997 0.713317 0.432372 0.714814 0.431730 0.702203 0.425318 0.701776 0.424250 0.680616
0 0.426601 0.728493 0.466997 0.728706 0.465928 0.747515 0.473195 0.766110 0.456096 0.766965 0.426601 0.766537 0.426601 0.728493
0 0.432895 0.773888 0.458329 0.775170 0.458329 0.788208 0.464741 0.789063 0.464527 0.811933 0.435673 0.811933 0.436101 0.806376 0.430116 0.805307 0.430116 0.793979 0.432040 0.793338 0.432895 0.773888
0 0.416444 0.823475 0.456804 0.821466 0.458144 0.831681 0.466852 0.831179 0.467689 0.847925 0.464675 0.848260 0.465010 0.859983 0.422138 0.864002 0.416444 0.823475
0 0.473018 0.882168 0.461934 0.885371 0.467598 0.904023 0.438798 0.912251 0.432814 0.890023 0.421700 0.894084 0.414646 0.874634 0.433455 0.871214 0.434524 0.875275 0.468935 0.865657 0.473018 0.882168
0 0.538074 0.205431 0.563988 0.203522 0.572717 0.241985 0.547076 0.252078 0.538892 0.228073 0.534255 0.228073 0.533164 0.220707 0.537255 0.219343 0.538074 0.205431
0 0.534550 0.260420 0.562335 0.261275 0.561694 0.303808 0.545450 0.304449 0.539893 0.299533 0.532840 0.299533 0.534550 0.260420
0 0.531731 0.329432 0.543788 0.328594 0.545128 0.312015 0.573262 0.311680 0.572258 0.350030 0.530726 0.349360 0.531731 0.329432
0 0.533077 0.367783 0.538938 0.367114 0.539273 0.355223 0.564393 0.354219 0.564226 0.396923 0.531905 0.396253 0.533077 0.367783
0 0.531232 0.421870 0.537003 0.420801 0.537858 0.404984 0.550896 0.403916 0.551751 0.407977 0.556453 0.408190 0.556239 0.404130 0.566926 0.403061 0.567139 0.441961 0.531660 0.442602 0.531232 0.421870
0 0.530962 0.465696 0.536947 0.464841 0.536733 0.452230 0.563022 0.450734 0.563450 0.460566 0.568793 0.459925 0.570289 0.488565 0.532245 0.489848 0.530962 0.465696
0 0.530123 0.516251 0.542398 0.514342 0.543489 0.499884 0.574041 0.497156 0.574314 0.502885 0.581679 0.502612 0.581407 0.534255 0.530941 0.536164 0.530123 0.516251
0 0.527493 0.560864 0.534456 0.562605 0.533412 0.545894 0.570664 0.543109 0.570316 0.582798 0.527841 0.584539 0.527493 0.560864
0 0.528372 0.593724 0.577272 0.592384 0.578612 0.606619 0.572750 0.607791 0.570741 0.627552 0.565884 0.631907 0.525692 0.628892 0.528372 0.593724
0 0.526324 0.660067 0.533860 0.657220 0.534195 0.640808 0.560152 0.643990 0.558310 0.683847 0.532018 0.682340 0.531851 0.676646 0.525152 0.676646 0.526324 0.660067
0 0.526992 0.688713 0.560762 0.688927 0.560762 0.704529 0.564823 0.710941 0.565036 0.722697 0.545800 0.722056 0.545800 0.728040 0.525923 0.728040 0.526992 0.688713
0 0.533889 0.737319 0.558558 0.739681 0.558033 0.770253 0.544649 0.769860 0.544255 0.776289 0.524704 0.775108 0.524311 0.750178 0.532840 0.751096 0.533889 0.737319
0 0.523393 0.795720 0.530762 0.795218 0.531599 0.784835 0.557389 0.786509 0.555379 0.824859 0.550523 0.824524 0.550355 0.821175 0.544494 0.821007 0.542987 0.828041 0.522723 0.827706 0.523393 0.795720
0 0.529656 0.830932 0.545063 0.829927 0.545398 0.836123 0.561307 0.835453 0.561307 0.847846 0.567838 0.848850 0.566666 0.860071 0.562144 0.860573 0.562981 0.867439 0.538866 0.868612 0.538699 0.856219 0.530493 0.856721 0.529656 0.830932
0 0.176976 0.595638 0.200736 0.595638 0.200736 0.613075 0.176592 0.612692 0.176976 0.595638
0 0.200068 0.963689 0.198809 0.959156 0.198053 0.957141 0.199564 0.956638 0.198557 0.950594 0.213918 0.946313 0.214674 0.949083 0.220465 0.947824 0.219710 0.944550 0.226257 0.943291 0.230287 0.958400 0.234316 0.957645 0.239604 0.972754 0.219206 0.978798 0.218199 0.975021 0.214925 0.975776 0.215681 0.978042 0.204601 0.981316 0.201831 0.972251 0.196542 0.973510 0.194024 0.965200 0.200068 0.963689
