4 0.998844 0.876073 0.984248 0.863645 0.989613 0.858280 0.998844 0.866694 0.998844 0.876073
3 0.919599 0.976941 0.921082 0.983000 0.898951 0.994251 0.895049 0.987266 0.917139 0.975957 0.919599 0.976941
3 0.902907 0.977560 0.902537 0.980032 0.904355 0.981953 0.894814 0.986836 0.890667 0.979414 0.899940 0.973974 0.902907 0.977560
3 0.901047 0.953524 0.906487 0.963044 0.905127 0.964033 0.907476 0.968361 0.900058 0.972441 0.898574 0.969968 0.896473 0.971081 0.895607 0.969350 0.893011 0.970710 0.889054 0.964281 0.888683 0.961190 0.892763 0.958841 0.891403 0.956368 0.898327 0.952288 0.901047 0.953524
3 0.891961 0.954869 0.884172 0.959938 0.880059 0.953281 0.881186 0.950745 0.886982 0.947334 0.891961 0.954869
3 0.883340 0.948906 0.880803 0.950404 0.879642 0.953123 0.876507 0.954869 0.873292 0.949676 0.881328 0.945596 0.883340 0.948906
3 0.886629 0.939561 0.880742 0.942236 0.873672 0.927256 0.878369 0.924119 0.886629 0.939561
3 0.866543 0.918340 0.869589 0.924699 0.861983 0.928668 0.857904 0.923487 0.857207 0.919072 0.863876 0.915791 0.866543 0.918340
3 0.869308 0.905420 0.871463 0.912243 0.866543 0.918340 0.863876 0.915791 0.857207 0.919072 0.855149 0.914448 0.850629 0.910700 0.850814 0.907215 0.864819 0.899674 0.869308 0.905420
3 0.845158 0.937160 0.847672 0.953859 0.839053 0.955296 0.836719 0.938956 0.845158 0.937160
3 0.843363 0.905199 0.841567 0.914716 0.834744 0.913997 0.836539 0.904660 0.843363 0.905199
3 0.815479 0.851725 0.821542 0.851835 0.820660 0.862638 0.817573 0.863740 0.814597 0.862417 0.815479 0.851725
3 0.792873 0.886584 0.799597 0.886364 0.802463 0.890443 0.801471 0.891765 0.794306 0.891765 0.792873 0.886584
3 0.455340 0.000009 0.455423 0.001550 0.447265 0.006334 0.445171 0.005562 0.443877 0.003357 0.449058 0.000009 0.455340 0.000009
3 0.880742 0.942236 0.881033 0.943270 0.872956 0.946116 0.867999 0.938681 0.861983 0.928668 0.869589 0.924699 0.868318 0.921919 0.875067 0.919773 0.878369 0.924119 0.873672 0.927256 0.880742 0.942236
