3 0.910456 0.029937 0.960691 0.029787 0.959495 0.047579 0.908662 0.046831 0.910456 0.029937
0 0.864200 0.032392 0.887099 0.028385 0.888434 0.045940 0.885000 0.045940 0.884809 0.054718 0.866299 0.056817 0.864200 0.032392
0 0.639110 0.146312 0.640157 0.132856 0.645539 0.134052 0.652417 0.119699 0.661088 0.097422 0.668115 0.083069 0.676637 0.088003 0.686954 0.101609 0.685458 0.118055 0.685309 0.122839 0.687402 0.129418 0.681571 0.138089 0.675441 0.138837 0.679628 0.140930 0.678282 0.144817 0.673647 0.144518 0.676787 0.148704 0.672302 0.149751 0.669162 0.157227 0.639110 0.146312
0 0.688308 0.053646 0.673997 0.029221 0.684874 0.026550 0.694987 0.022161 0.697849 0.026931 0.705673 0.022161 0.713306 0.036091 0.703383 0.047349 0.688308 0.053646
4 0.529935 0.278661 0.526038 0.272086 0.524334 0.265023 0.539189 0.259422 0.546739 0.273303 0.529935 0.278661
0 0.724182 0.534103 0.720365 0.533722 0.716549 0.504145 0.702047 0.504908 0.702619 0.514640 0.673997 0.518456 0.671707 0.502809 0.677813 0.501283 0.676286 0.490979 0.688499 0.489261 0.687735 0.483346 0.709107 0.479339 0.708725 0.475904 0.723228 0.472660 0.726471 0.484300 0.750896 0.480865 0.754331 0.494604 0.749370 0.495176 0.752423 0.501283 0.740974 0.506435 0.745362 0.529905 0.724182 0.534103
0 0.757772 0.537825 0.748030 0.539043 0.745362 0.529905 0.740974 0.506435 0.752423 0.501283 0.759720 0.504704 0.762156 0.518829 0.776524 0.515176 0.780177 0.531980 0.757772 0.537825
0 0.568125 0.878731 0.574994 0.870908 0.580719 0.876060 0.580528 0.878540 0.588352 0.889035 0.581101 0.896668 0.568125 0.880258 0.568125 0.878731
0 0.379531 0.456382 0.404337 0.460198 0.406055 0.468022 0.365029 0.480043 0.359304 0.456954 0.379531 0.456382
0 0.654753 0.999008 0.649611 0.992704 0.662948 0.977725 0.679363 0.996808 0.675828 0.999008 0.654753 0.999008
3 0.692944 0.950092 0.682890 0.929573 0.693969 0.923213 0.688019 0.910286 0.690276 0.909260 0.688840 0.906593 0.701151 0.900437 0.704024 0.906388 0.713667 0.901668 0.719823 0.915416 0.729877 0.910286 0.738905 0.930189 0.692944 0.950092
4 0.502136 0.355271 0.494901 0.341606 0.494580 0.330674 0.486541 0.326494 0.481075 0.320385 0.502779 0.304147 0.508566 0.311703 0.499563 0.318455 0.507441 0.335658 0.512264 0.347876 0.502136 0.355271
4 0.551058 0.251271 0.557406 0.258288 0.556905 0.265471 0.547048 0.268311 0.541368 0.257620 0.551058 0.251271
