3 0.782892 0.110846 0.787715 0.109560 0.791895 0.122904 0.764565 0.130460 0.761993 0.116955 0.782892 0.110846
2 0.654948 0.205964 0.655431 0.205642 0.671829 0.221076 0.641283 0.249210 0.624563 0.232651 0.654948 0.205964
1 0.598289 0.391249 0.604902 0.391545 0.604112 0.409113 0.596808 0.408916 0.597697 0.391545 0.598289 0.391249
0 0.481176 0.119540 0.511650 0.114931 0.514027 0.137078 0.484283 0.141695 0.481176 0.119540
3 0.589721 0.155534 0.590495 0.154916 0.598847 0.162339 0.589721 0.171929 0.581447 0.164969 0.589721 0.155534
4 0.674215 0.000008 0.668377 0.002509 0.664231 0.003276 0.660049 0.003089 0.657578 0.001216 0.655575 0.000008 0.674215 0.000008
3 0.372981 0.406121 0.359038 0.376056 0.360563 0.373878 0.374724 0.365163 0.371891 0.360152 0.373199 0.358845 0.378427 0.356666 0.381042 0.359934 0.404135 0.348388 0.407403 0.349259 0.411978 0.354270 0.418514 0.349477 0.421346 0.351438 0.426357 0.363638 0.425921 0.365381 0.419821 0.370174 0.424614 0.381938 0.424614 0.382810 0.413721 0.389564 0.411978 0.387385 0.407403 0.389564 0.408274 0.391742 0.379516 0.406992 0.372981 0.406121
1 0.522079 0.398136 0.487044 0.366438 0.486766 0.360877 0.515962 0.328067 0.517908 0.328623 0.552386 0.365048 0.552386 0.370887 0.525693 0.397858 0.522079 0.398136
3 0.544995 0.175149 0.546085 0.181684 0.544560 0.182992 0.534756 0.184952 0.532577 0.183863 0.528874 0.162948 0.530834 0.161641 0.536063 0.160770 0.533449 0.149659 0.529309 0.143777 0.529745 0.142469 0.522774 0.140944 0.517981 0.141162 0.516304 0.135845 0.516828 0.130291 0.518819 0.129453 0.521020 0.129453 0.520391 0.123689 0.515989 0.124423 0.514942 0.121593 0.515361 0.112266 0.517561 0.110799 0.527691 0.109148 0.521822 0.083054 0.522975 0.081796 0.526533 0.081327 0.526800 0.079455 0.536029 0.078385 0.536965 0.079722 0.540978 0.079053 0.539908 0.073035 0.540844 0.072366 0.549537 0.071563 0.552212 0.086008 0.551142 0.087613 0.544589 0.088282 0.545659 0.093632 0.549003 0.093498 0.550875 0.095638 0.553951 0.105937 0.553684 0.108478 0.549671 0.112223 0.557406 0.153880 0.561038 0.174221 0.558095 0.176495 0.547931 0.176896 0.544995 0.175149
3 0.521053 0.073700 0.520232 0.061219 0.522449 0.059413 0.531973 0.058346 0.535258 0.061958 0.536079 0.073207 0.534847 0.074603 0.530660 0.075096 0.530167 0.072961 0.529100 0.073043 0.529100 0.074521 0.527047 0.074767 0.526801 0.075835 0.525979 0.076656 0.520971 0.074767 0.521053 0.073700
3 0.201819 0.218015 0.202154 0.218617 0.202756 0.218818 0.203157 0.219086 0.203626 0.219755 0.204228 0.220960 0.205031 0.222700 0.206035 0.224038 0.206637 0.225109 0.206637 0.225912 0.205834 0.226983 0.204830 0.228053 0.203960 0.229057 0.202756 0.229659 0.201551 0.228990 0.200213 0.227786 0.198941 0.226180 0.197938 0.224573 0.197402 0.223770 0.197134 0.222967 0.197001 0.222097 0.197001 0.221562 0.197402 0.220759 0.197938 0.220023 0.199142 0.219153 0.200280 0.218551 0.201150 0.218149 0.201819 0.218015
3 0.275901 0.175250 0.283753 0.181431 0.284755 0.188280 0.279576 0.192290 0.271557 0.179426 0.275901 0.175250
3 0.264410 0.221674 0.269335 0.221797 0.273523 0.226969 0.272784 0.230171 0.263424 0.230294 0.264410 0.221674
