0 0.689651 0.476478 0.699149 0.473555 0.701097 0.480131 0.704909 0.478670 0.706752 0.482948 0.717553 0.479348 0.724839 0.497824 0.714736 0.501319 0.718632 0.512521 0.703704 0.517688 0.700123 0.509513 0.696734 0.510678 0.698820 0.515845 0.675782 0.524093 0.668859 0.503384 0.683199 0.497110 0.679179 0.487437 0.691676 0.482233 0.689651 0.476478
0 0.613091 0.497259 0.622840 0.496158 0.624180 0.505543 0.614129 0.507310 0.613091 0.497259
0 0.610956 0.537674 0.618398 0.536339 0.617825 0.532141 0.614963 0.532713 0.614581 0.530614 0.611719 0.530996 0.609048 0.530996 0.605642 0.511237 0.622023 0.507143 0.622405 0.509815 0.629274 0.508861 0.629847 0.511914 0.639769 0.510578 0.640533 0.517829 0.647402 0.516684 0.649119 0.527370 0.646448 0.527752 0.647020 0.529660 0.657134 0.527943 0.659233 0.540155 0.654844 0.540727 0.655416 0.544735 0.613818 0.552749 0.610956 0.537674
0 0.527908 0.561902 0.536432 0.575540 0.539111 0.574322 0.547148 0.588934 0.543251 0.590883 0.546904 0.596484 0.550070 0.594536 0.553236 0.600624 0.550070 0.602572 0.552749 0.608174 0.553685 0.609878 0.522886 0.625727 0.521241 0.622288 0.513223 0.626380 0.507636 0.614757 0.513018 0.611972 0.505542 0.596871 0.510177 0.594628 0.511971 0.593881 0.506888 0.584910 0.513167 0.581770 0.507785 0.570856 0.527908 0.561902
0 0.514441 0.642459 0.547978 0.627168 0.559252 0.649035 0.562175 0.648061 0.568750 0.661942 0.551664 0.669641 0.554869 0.677285 0.534185 0.686091 0.525007 0.667261 0.516633 0.670466 0.511275 0.659750 0.520043 0.655854 0.519312 0.654392 0.513954 0.656341 0.511818 0.651165 0.517745 0.648876 0.514441 0.642459
0 0.532239 0.748223 0.528498 0.730075 0.534380 0.729378 0.533136 0.721759 0.536574 0.720862 0.534182 0.712190 0.543003 0.710097 0.542106 0.706659 0.548386 0.705163 0.547152 0.698658 0.563337 0.694698 0.567374 0.710994 0.572008 0.710396 0.573841 0.718995 0.564084 0.721909 0.564982 0.726992 0.571859 0.726244 0.573055 0.742541 0.564533 0.744335 0.566626 0.751960 0.548383 0.757097 0.541903 0.753614 0.540312 0.751362 0.538967 0.747176 0.532239 0.748223
0 0.535984 0.794366 0.535984 0.793744 0.573283 0.792501 0.574837 0.813948 0.579810 0.814259 0.580432 0.838813 0.538040 0.840368 0.537538 0.835705 0.533187 0.835705 0.521376 0.814880 0.527592 0.814880 0.526970 0.809596 0.528525 0.809596 0.527903 0.801826 0.536606 0.801826 0.535984 0.794366
0 0.511215 0.813042 0.510452 0.800638 0.522283 0.799494 0.523427 0.812088 0.511215 0.813042
0 0.509448 0.869871 0.535352 0.869378 0.535100 0.866943 0.545572 0.866699 0.546546 0.881068 0.548981 0.881312 0.549468 0.893245 0.552147 0.893245 0.552634 0.906396 0.546059 0.906396 0.546302 0.914676 0.510502 0.914433 0.510041 0.896395 0.502978 0.896882 0.502978 0.894690 0.500056 0.894934 0.499812 0.888358 0.502004 0.888115 0.502256 0.885411 0.509545 0.885049 0.509310 0.881052 0.503953 0.881052 0.503843 0.876811 0.509478 0.876450 0.509448 0.869871
0 0.647384 0.715588 0.647695 0.726467 0.655871 0.726467 0.656064 0.728476 0.663150 0.728566 0.663359 0.737977 0.661494 0.738094 0.661808 0.740303 0.670380 0.740030 0.670339 0.746202 0.675047 0.746359 0.675979 0.746359 0.675979 0.765630 0.669763 0.765630 0.669787 0.770155 0.634018 0.770603 0.632775 0.715899 0.647384 0.715588
0 0.635735 0.800760 0.686419 0.781473 0.694193 0.801059 0.695390 0.804648 0.686718 0.807638 0.689110 0.816010 0.685073 0.817954 0.687914 0.825429 0.653676 0.838586 0.650835 0.831410 0.645901 0.832905 0.643958 0.826476 0.644406 0.821542 0.636781 0.810179 0.635735 0.800760
0 0.655534 0.962623 0.683923 0.940581 0.687318 0.945502 0.691325 0.943021 0.696858 0.950272 0.700293 0.947983 0.708117 0.958859 0.701629 0.963820 0.711742 0.977750 0.699148 0.988627 0.695141 0.983665 0.679547 0.995529 0.655534 0.962623
0 0.778681 0.952704 0.779412 0.972165 0.791102 0.972409 0.791345 0.966320 0.802304 0.966320 0.802213 0.999007 0.749213 0.999008 0.749213 0.993840 0.757007 0.993840 0.757737 0.975088 0.749700 0.975088 0.749794 0.956480 0.758197 0.956371 0.758316 0.953178 0.778681 0.952704
0 0.915313 0.961103 0.915313 0.967781 0.924281 0.968163 0.924090 0.984192 0.918557 0.984382 0.918557 0.997358 0.916267 0.997740 0.916267 0.999005 0.882188 0.999005 0.882301 0.997549 0.877531 0.997740 0.877340 0.991443 0.873714 0.991443 0.873905 0.979612 0.879821 0.979230 0.879821 0.976368 0.873714 0.976559 0.874096 0.960721 0.915313 0.961103
0 0.897680 0.865173 0.936020 0.870242 0.934783 0.881859 0.938513 0.882441 0.936975 0.896643 0.934783 0.896959 0.934296 0.906944 0.933604 0.918296 0.878883 0.910372 0.880677 0.895421 0.882321 0.886301 0.900861 0.888992 0.901459 0.885105 0.902655 0.884955 0.902954 0.877779 0.896375 0.876583 0.896468 0.871015 0.897680 0.865173
0 0.921259 0.818847 0.927633 0.800320 0.963705 0.812803 0.961134 0.819096 0.959016 0.825122 0.962581 0.826904 0.958488 0.838120 0.953889 0.836975 0.945302 0.860636 0.911909 0.848615 0.914771 0.840028 0.909047 0.837929 0.912100 0.829724 0.909428 0.828770 0.913245 0.815794 0.921259 0.818847
0 0.946049 0.740388 0.984610 0.746297 0.983083 0.754883 0.992433 0.756410 0.989953 0.772057 0.981557 0.770340 0.977359 0.794955 0.968133 0.792888 0.942518 0.787842 0.943322 0.780211 0.930776 0.777238 0.932153 0.765764 0.936192 0.765764 0.936559 0.761267 0.943076 0.758880 0.946049 0.740388
0 0.955185 0.718259 0.950224 0.717496 0.955185 0.679332 0.963009 0.680096 0.963199 0.677424 0.995638 0.681622 0.989723 0.730662 0.954994 0.726655 0.955185 0.718259
0 0.998849 0.662693 0.979008 0.660391 0.979008 0.657712 0.980225 0.647727 0.958307 0.644561 0.959281 0.631654 0.966344 0.631897 0.966831 0.622643 0.976816 0.623373 0.978521 0.606569 0.994838 0.608274 0.994594 0.610466 0.998849 0.610849 0.998849 0.662693
0 0.100781 0.999005 0.101761 0.992190 0.116037 0.994245 0.115266 0.999005 0.100781 0.999005
0 0.044521 0.913895 0.056734 0.916376 0.057688 0.912560 0.072381 0.914468 0.073144 0.912560 0.087074 0.915040 0.080395 0.952059 0.068183 0.950151 0.067610 0.952631 0.047384 0.948243 0.048529 0.942327 0.040133 0.940992 0.040705 0.923055 0.044521 0.913895
