0 0.142388 0.000006 0.165297 0.018044 0.138322 0.055334 0.097963 0.024024 0.099608 0.019090 0.102897 0.021184 0.118460 0.000006 0.142388 0.000006
0 0.179058 0.067683 0.189553 0.076652 0.195278 0.075507 0.194705 0.081422 0.182684 0.096306 0.167609 0.082949 0.179058 0.067683
0 0.072311 0.137918 0.112765 0.165204 0.093790 0.194788 0.052282 0.166344 0.072311 0.137918
0 0.177170 0.116013 0.179396 0.129016 0.168736 0.130656 0.166627 0.118239 0.177170 0.116013
0 0.173608 0.156676 0.184672 0.154733 0.187363 0.171029 0.176449 0.172973 0.173608 0.156676
3 0.119001 0.338101 0.120462 0.344433 0.116322 0.357584 0.120073 0.359094 0.120462 0.363672 0.128158 0.357779 0.138484 0.345894 0.152521 0.353396 0.160251 0.361801 0.156749 0.365620 0.150417 0.367569 0.147682 0.372725 0.124035 0.387472 0.119975 0.385834 0.109260 0.389000 0.097326 0.389000 0.090751 0.380720 0.090020 0.371222 0.093138 0.361676 0.106581 0.335178 0.119001 0.338101
0 0.143685 0.154668 0.149530 0.150772 0.162438 0.171229 0.156349 0.174882 0.143685 0.154668
3 0.298815 0.163473 0.313890 0.178357 0.313890 0.181029 0.323240 0.189997 0.314844 0.201064 0.310455 0.202782 0.303395 0.196294 0.292900 0.206598 0.281710 0.195719 0.292278 0.185151 0.283202 0.175437 0.294834 0.162949 0.298815 0.163473
3 0.274500 0.135713 0.285458 0.124737 0.298625 0.137522 0.277444 0.159848 0.279268 0.161289 0.287939 0.169268 0.271332 0.186108 0.253799 0.168591 0.256478 0.163964 0.252338 0.160067 0.245276 0.166156 0.240892 0.163964 0.237093 0.162892 0.230664 0.155439 0.234317 0.152274 0.230176 0.145698 0.242039 0.130945 0.260862 0.122075 0.274500 0.135713
3 0.305088 0.026821 0.316278 0.036146 0.308942 0.045918 0.306580 0.044289 0.300115 0.051687 0.291412 0.043605 0.305088 0.026821
0 0.122253 0.179193 0.131412 0.185490 0.125497 0.193123 0.116719 0.186635 0.122253 0.179193
0 0.088077 0.430179 0.096855 0.436094 0.088396 0.449651 0.085329 0.447739 0.086040 0.446417 0.080254 0.443155 0.088077 0.430179
2 0.059878 0.459063 0.063627 0.461171 0.065619 0.464920 0.063041 0.468552 0.063041 0.470309 0.057770 0.477689 0.048515 0.470543 0.054958 0.462226 0.055778 0.463397 0.059878 0.459063
0 0.977041 0.570695 0.987269 0.568990 0.995306 0.609417 0.985263 0.612082 0.977041 0.570695
0 -0.000000 0.019498 0.023982 0.032850 0.016445 0.047527 0.003265 0.039285 0.001157 0.042935 -0.000000 0.042321 -0.000000 0.019498
0 0.153510 0.221771 0.166510 0.221917 0.166656 0.228929 0.171330 0.232726 0.170892 0.253760 0.153364 0.253176 0.153510 0.221771
0 0.157827 0.287859 0.168080 0.289723 0.165843 0.302959 0.155590 0.301095 0.157827 0.287859
3 0.167088 0.299222 0.175517 0.300119 0.174172 0.312942 0.165473 0.311866 0.167088 0.299222
3 0.264702 0.081367 0.258578 0.070231 0.285982 0.056809 0.289711 0.065011 0.277034 0.071163 0.279078 0.074885 0.264702 0.081367
3 0.296601 0.100287 0.303466 0.092837 0.308286 0.097365 0.301129 0.104669 0.296601 0.100287
