0 -0.000000 0.750562 0.034793 0.748487 0.036073 0.774508 0.007920 0.778774 -0.000000 0.781878 -0.000000 0.750562
0 0.028771 0.815677 0.023531 0.837798 0.011751 0.836139 0.015827 0.814565 0.028771 0.815677
0 0.014846 0.814003 0.009881 0.836205 -0.000000 0.832913 -0.000000 0.811984 0.014846 0.814003
0 -0.000000 0.919823 0.010899 0.921899 0.017995 0.927387 0.007520 0.957331 -0.000000 0.950508 -0.000000 0.919823
0 0.088583 0.999004 0.085158 0.982643 0.113965 0.967716 0.117107 0.970596 0.129153 0.964049 0.143033 0.954884 0.151936 0.951218 0.155438 0.953813 0.163498 0.948779 0.176553 0.968501 0.166863 0.973477 0.172363 0.984214 0.151033 0.999006 0.088583 0.999004
0 0.175004 0.999006 0.175767 0.992594 0.222904 0.974263 0.231284 0.993641 0.228886 0.999007 0.175004 0.999006
0 0.105640 0.870654 0.134982 0.865524 0.139496 0.891993 0.110493 0.896859 0.105640 0.870654
0 0.110569 0.821972 0.124234 0.822776 0.130986 0.823901 0.135648 0.811844 0.151564 0.816345 0.141918 0.858467 0.120858 0.856698 0.103816 0.850589 0.110569 0.821972
0 0.072709 0.752932 0.090255 0.753456 0.095492 0.756860 0.093659 0.768906 0.102301 0.770478 0.090928 0.815655 0.061561 0.809235 0.072709 0.752932
0 0.132980 0.748372 0.157105 0.750795 0.151868 0.788505 0.126171 0.786933 0.132980 0.748372
0 0.272021 0.966133 0.277862 0.969491 0.290830 0.973809 0.285349 0.994300 0.251083 0.987529 0.256418 0.964753 0.272021 0.966133
0 0.283912 0.951622 0.299070 0.955777 0.293761 0.973166 0.278062 0.969044 0.272676 0.965947 0.275500 0.951211 0.283912 0.951622
0 0.311718 0.940340 0.313903 0.930750 0.315737 0.931535 0.320974 0.908490 0.319403 0.905086 0.321498 0.893302 0.339567 0.895921 0.328045 0.943582 0.311718 0.940340
0 0.340020 0.825893 0.372755 0.835058 0.369612 0.849723 0.364636 0.849723 0.364898 0.853651 0.368565 0.853913 0.371707 0.858889 0.370398 0.869364 0.360970 0.872244 0.356518 0.884552 0.340544 0.879053 0.347353 0.852080 0.344734 0.846319 0.336878 0.842914 0.340020 0.825893
0 0.381881 0.807384 0.378598 0.821131 0.347205 0.813950 0.351103 0.799587 0.381881 0.807384
0 0.442586 0.827103 0.458590 0.833874 0.436430 0.887222 0.422272 0.881888 0.429659 0.862600 0.404831 0.855008 0.410782 0.837157 0.435404 0.844544 0.442586 0.827103
0 0.455622 0.919992 0.461939 0.928281 0.450364 0.937123 0.443933 0.929406 0.455622 0.919992
0 0.465541 0.927770 0.469710 0.932192 0.475733 0.927478 0.489089 0.937953 0.506896 0.963617 0.481233 0.981686 0.467888 0.961560 0.451007 0.939535 0.465541 0.927770
0 0.560596 0.995557 0.562625 0.999009 0.532167 0.999009 0.534189 0.988955 0.560596 0.995557
0 0.569909 0.985451 0.567980 0.994614 0.560687 0.993923 0.534287 0.988477 0.534380 0.988023 0.536952 0.978377 0.569909 0.985451
0 0.631669 0.999008 0.643036 0.965962 0.649192 0.968014 0.652680 0.956934 0.683458 0.969040 0.679559 0.980325 0.681406 0.983813 0.679970 0.990995 0.677507 0.998176 0.675097 0.999008 0.631669 0.999008
0 0.701148 0.956718 0.723947 0.972212 0.716012 0.986698 0.693464 0.974857 0.694471 0.965032 0.701148 0.956718
0 0.757215 0.864803 0.782879 0.877373 0.782879 0.885753 0.763093 0.922658 0.734608 0.906063 0.741241 0.893086 0.757215 0.864803
0 0.726700 0.904584 0.731911 0.904644 0.736274 0.908522 0.732335 0.917248 0.726579 0.915066 0.724095 0.911855 0.726700 0.904584
0 0.723190 0.835749 0.728689 0.834439 0.732879 0.861412 0.721095 0.876077 0.718476 0.872935 0.707478 0.886290 0.691241 0.874506 0.701454 0.856175 0.701622 0.850682 0.697277 0.852687 0.693935 0.837982 0.691595 0.825949 0.695272 0.826284 0.693814 0.820694 0.697277 0.818931 0.697266 0.818877 0.701768 0.818785 0.718203 0.817559 0.723190 0.835749
0 0.725217 0.812961 0.717952 0.816632 0.701745 0.818297 0.697148 0.818389 0.692598 0.799211 0.720339 0.793195 0.725217 0.812961
0 0.808379 0.784736 0.810789 0.786652 0.823153 0.791202 0.831028 0.795562 0.819981 0.812848 0.792281 0.795407 0.801104 0.780634 0.808379 0.784736
0 0.839473 0.761346 0.839678 0.771401 0.829277 0.791592 0.811018 0.786211 0.808896 0.784531 0.805823 0.775299 0.816698 0.756832 0.823058 0.759500 0.826546 0.753549 0.839473 0.761346
0 0.482034 0.856279 0.493729 0.865308 0.483265 0.875772 0.472595 0.868385 0.482034 0.856279
0 0.849983 0.883211 0.879836 0.901018 0.860196 0.939514 0.836103 0.927206 0.842388 0.908089 0.837675 0.904684 0.849983 0.883211
0 0.944787 0.839251 0.978045 0.858106 0.962332 0.885341 0.941906 0.875651 0.943739 0.868843 0.932478 0.861510 0.944787 0.839251
0 0.866748 0.839251 0.882199 0.813587 0.920170 0.834275 0.905244 0.862034 0.866748 0.839251
0 0.936401 0.749431 0.960131 0.765808 0.935064 0.805915 0.909328 0.791878 0.917684 0.772493 0.936401 0.749431
0 0.998874 0.793173 0.989263 0.782859 0.996858 0.757195 0.983034 0.744887 0.998874 0.715548 0.998874 0.793173
0 0.863229 0.665066 0.891181 0.678761 0.867142 0.723357 0.839956 0.709417 0.847224 0.689537 0.844080 0.685924 0.854776 0.665202 0.863229 0.665066
0 0.981981 0.702524 0.988894 0.709598 0.978927 0.725835 0.970345 0.718132 0.981981 0.702524
0 0.998874 0.645793 0.974277 0.624528 0.984084 0.610862 0.993730 0.616007 0.998874 0.607252 0.998874 0.645793
0 0.968972 0.611214 0.959004 0.606069 0.944053 0.598352 0.944857 0.590957 0.932156 0.581311 0.935210 0.568932 0.941963 0.558321 0.966239 0.572629 0.985370 0.583401 0.968972 0.611214
0 0.010758 0.598316 0.016093 0.597701 0.016708 0.593186 0.045434 0.597701 0.051795 0.603241 0.051179 0.608165 0.058771 0.610012 0.055694 0.624990 0.047076 0.622323 0.042972 0.637917 0.032302 0.637096 0.035175 0.623349 0.030456 0.621912 0.026557 0.637917 0.013631 0.635249 0.009116 0.616372 0.010758 0.598316
0 0.022153 0.533320 0.027282 0.532704 0.027693 0.527985 0.058060 0.528806 0.062779 0.532499 0.062369 0.548503 0.067088 0.549324 0.066678 0.558352 0.061753 0.558352 0.061343 0.565739 0.047801 0.565534 0.047185 0.570048 0.030770 0.569432 0.029129 0.553633 0.022973 0.549529 0.022153 0.533320
0 0.025155 0.463252 0.055008 0.473989 0.046628 0.506462 0.036939 0.503057 0.034844 0.506200 0.018870 0.503057 0.013370 0.489440 0.015727 0.474513 0.025155 0.463252
0 0.006696 0.393530 0.016020 0.379865 0.021165 0.384045 0.024541 0.380669 0.048174 0.398835 0.048496 0.404141 0.047692 0.409607 0.027113 0.430828 0.016503 0.422308 0.018110 0.416359 0.012484 0.421665 0.007017 0.419735 -0.000000 0.411215 0.000587 0.402372 0.006696 0.393530
0 0.120834 0.406922 0.134365 0.407656 0.136828 0.404989 0.165759 0.407451 0.164322 0.450950 0.154884 0.450335 0.154074 0.460475 0.104625 0.454525 0.104214 0.442419 0.111396 0.436263 0.108933 0.434622 0.108728 0.432365 0.108728 0.430723 0.109139 0.429697 0.112216 0.426004 0.118577 0.424568 0.120834 0.406922
0 0.046629 0.324215 0.050117 0.317854 0.045193 0.307595 0.063865 0.300413 0.067148 0.309646 0.073919 0.307595 0.079254 0.319906 0.081100 0.318264 0.086025 0.331191 0.081305 0.334269 0.080074 0.340629 0.085112 0.354567 0.075560 0.356223 0.064070 0.360327 0.059145 0.348221 0.054426 0.346990 0.046629 0.324215
4 0.132977 0.349806 0.127367 0.378699 0.115354 0.376278 0.118149 0.363695 0.123018 0.346484 0.132977 0.349806
4 0.122549 0.346328 0.116597 0.364341 0.111228 0.360681 0.104879 0.363530 0.108971 0.341804 0.122549 0.346328
0 0.214425 0.654941 0.206628 0.694952 0.180979 0.690028 0.180774 0.685309 0.173593 0.684078 0.171776 0.688879 0.162706 0.687226 0.153485 0.681205 0.158614 0.644887 0.214425 0.654941
0 0.182005 0.592975 0.215861 0.600362 0.222837 0.604055 0.222017 0.614109 0.218118 0.616367 0.217297 0.619649 0.224479 0.621907 0.222222 0.631755 0.207448 0.628472 0.206422 0.638321 0.186519 0.634833 0.185904 0.637090 0.172977 0.634833 0.172772 0.626626 0.164359 0.623753 0.171541 0.596258 0.182005 0.592975
0 0.169583 0.546279 0.177870 0.544916 0.178393 0.542559 0.189654 0.543868 0.190701 0.541511 0.203009 0.543082 0.203533 0.540726 0.218722 0.544916 0.223436 0.559581 0.219508 0.568746 0.213151 0.581970 0.182605 0.573449 0.183248 0.567822 0.173923 0.566214 0.174084 0.559623 0.167332 0.558497 0.169583 0.546279
0 0.201799 0.515063 0.199952 0.495776 0.200363 0.489210 0.240990 0.482849 0.242836 0.510344 0.239964 0.511780 0.240169 0.522450 0.211443 0.527580 0.208775 0.523886 0.201594 0.523271 0.201799 0.515063
0 0.224805 0.410509 0.226036 0.404764 0.256403 0.401481 0.262559 0.443954 0.247786 0.445390 0.245734 0.438004 0.237731 0.438004 0.233012 0.439440 0.226241 0.433284 0.224805 0.410509
0 0.234475 0.372850 0.232218 0.364437 0.210058 0.369977 0.201441 0.345150 0.207186 0.338994 0.236938 0.328735 0.238990 0.333454 0.244735 0.330992 0.246992 0.335916 0.246581 0.341251 0.249454 0.349869 0.244119 0.351510 0.249044 0.369156 0.234475 0.372850
0 0.178568 0.321915 0.168738 0.326228 0.162759 0.310587 0.166396 0.308246 0.172458 0.305745 0.178568 0.321915
0 0.168130 0.302333 0.166124 0.307824 0.146235 0.314493 0.140279 0.298401 0.163339 0.289276 0.168130 0.302333
0 0.211248 0.250873 0.218430 0.267288 0.204888 0.273854 0.207965 0.283908 0.181497 0.295398 0.176982 0.283292 0.182780 0.280894 0.177621 0.264990 0.211248 0.250873
0 0.192285 0.202496 0.200493 0.211730 0.207621 0.237231 0.190609 0.243944 0.189595 0.240133 0.177512 0.243533 0.174229 0.232453 0.168073 0.233274 0.164175 0.222194 0.166842 0.215423 0.166022 0.208036 0.174668 0.203809 0.179546 0.206249 0.185587 0.204166 0.192314 0.202314 0.192285 0.202496
0 0.192772 0.194481 0.186652 0.202607 0.182155 0.204351 0.175225 0.203535 0.175255 0.203522 0.170536 0.190801 0.187771 0.182593 0.192772 0.194481
0 0.144519 0.161909 0.171219 0.154132 0.176839 0.180224 0.150265 0.188843 0.142903 0.178788 0.144519 0.161909
0 0.132081 0.121203 0.163324 0.112764 0.169788 0.142212 0.141059 0.149214 0.132081 0.121203
0 0.098037 0.157829 0.085791 0.161980 0.083870 0.156224 0.090073 0.154000 0.096530 0.152289 0.098037 0.157829
0 0.116998 0.151728 0.101810 0.157503 0.101338 0.157637 0.098697 0.149245 0.091317 0.151974 0.088418 0.151377 0.088449 0.151369 0.086474 0.143468 0.090244 0.142212 0.088808 0.138441 0.109098 0.130720 0.116998 0.151728
0 0.083135 0.155915 0.076957 0.157899 0.073637 0.141405 0.079161 0.139924 0.083135 0.155915
0 0.301834 0.644194 0.298961 0.659583 0.314965 0.663687 0.305322 0.707596 0.293216 0.704518 0.290754 0.707801 0.282956 0.705339 0.281110 0.685847 0.273518 0.686052 0.276801 0.666354 0.283572 0.639269 0.301834 0.644194
0 0.296646 0.616678 0.324137 0.622465 0.320922 0.636452 0.299861 0.632433 0.293913 0.629057 0.296646 0.616678
0 0.322250 0.656802 0.334972 0.659469 0.334151 0.665009 0.339075 0.666446 0.339075 0.660495 0.340922 0.650236 0.364313 0.655776 0.352207 0.706252 0.330458 0.699891 0.325738 0.717126 0.307887 0.713638 0.322250 0.656802
0 0.361914 0.681215 0.379920 0.683948 0.383136 0.669318 0.399213 0.673498 0.391174 0.711278 0.357433 0.704550 0.361914 0.681215
0 0.401946 0.694237 0.422363 0.696327 0.420756 0.705812 0.432170 0.708867 0.425579 0.720763 0.424132 0.737162 0.417379 0.735715 0.412235 0.741824 0.400499 0.739734 0.392300 0.736358 0.394550 0.714494 0.401946 0.694237
0 0.397615 0.651958 0.407880 0.655018 0.405018 0.668539 0.394457 0.665381 0.397615 0.651958
0 0.347217 0.606182 0.366068 0.611645 0.361554 0.624367 0.343498 0.618621 0.347217 0.606182
0 0.381191 0.620115 0.389835 0.622288 0.386859 0.634601 0.378419 0.632459 0.381191 0.620115
0 0.406996 0.565702 0.416570 0.567970 0.413798 0.581322 0.403091 0.579811 0.403091 0.581196 0.396163 0.580566 0.396163 0.577669 0.386086 0.576158 0.388857 0.561797 0.399060 0.563813 0.399312 0.561797 0.405485 0.563309 0.406996 0.565702
0 0.413933 0.307826 0.459279 0.290795 0.466665 0.311519 0.471795 0.309672 0.480823 0.333679 0.428911 0.351530 0.413933 0.307826
0 0.302834 0.131977 0.308595 0.129358 0.319332 0.161306 0.325113 0.178089 0.316209 0.180446 0.314638 0.178089 0.306782 0.181232 0.312281 0.194064 0.299711 0.200349 0.293950 0.186469 0.275619 0.192754 0.271953 0.186993 0.271167 0.177566 0.268024 0.178613 0.264620 0.167876 0.266977 0.166829 0.263311 0.161591 0.257811 0.151116 0.258073 0.142213 0.279023 0.133571 0.300235 0.126762 0.302834 0.131977
0 0.351824 0.169448 0.327598 0.177285 0.322109 0.160166 0.323154 0.159735 0.345198 0.152429 0.351824 0.169448
0 0.361308 0.000008 0.345089 0.009311 0.357790 0.021690 0.346054 0.030854 0.331906 0.043554 0.324993 0.034712 0.314061 0.026352 0.304415 0.015902 0.318723 0.002237 0.320170 0.003523 0.325418 0.000008 0.361308 0.000008
0 0.276659 0.015640 0.297559 0.031234 0.287430 0.042327 0.267495 0.026411 0.271193 0.018695 0.276659 0.015640
0 0.295467 0.047987 0.295057 0.053322 0.302033 0.054143 0.295878 0.112005 0.277206 0.111184 0.275975 0.116109 0.255867 0.116519 0.256482 0.102156 0.257713 0.086767 0.267562 0.087178 0.267767 0.083484 0.271256 0.081227 0.266742 0.077944 0.267357 0.070763 0.271871 0.070558 0.274128 0.062350 0.277822 0.045115 0.288902 0.044499 0.295467 0.047987
0 0.362917 0.053780 0.377065 0.067606 0.365972 0.079825 0.354718 0.067767 0.357290 0.065034 0.356486 0.061658 0.362917 0.053780
0 0.480553 0.000009 0.478074 0.009558 0.425699 0.003273 0.410332 0.000008 0.480553 0.000009
0 0.513492 0.211670 0.488352 0.247023 0.453784 0.217955 0.399314 0.231835 0.393291 0.208004 0.434667 0.192553 0.456665 0.166890 0.513492 0.211670
0 0.505687 0.241184 0.499881 0.235740 0.513138 0.218678 0.543430 0.238918 0.535072 0.250714 0.540572 0.274282 0.472746 0.295232 0.459947 0.257368 0.505687 0.241184
0 0.533152 0.167382 0.574600 0.180924 0.563315 0.209855 0.536435 0.200622 0.534999 0.205546 0.524945 0.202263 0.529049 0.187695 0.529049 0.179077 0.533152 0.167382
0 0.511162 0.161406 0.530308 0.167830 0.526529 0.179293 0.525522 0.189748 0.502470 0.180930 0.511162 0.161406
0 0.566660 0.239044 0.583425 0.243840 0.581639 0.253612 0.609954 0.261409 0.600721 0.303266 0.592308 0.301625 0.571584 0.292597 0.555990 0.287467 0.561325 0.260588 0.566660 0.239044
0 0.584650 0.242437 0.575680 0.237720 0.570696 0.233218 0.575519 0.222607 0.580985 0.220196 0.592721 0.228073 0.584650 0.242437
0 0.624189 0.268383 0.637854 0.272080 0.638658 0.269347 0.668722 0.278190 0.660844 0.309379 0.627726 0.298929 0.630138 0.288318 0.620652 0.285585 0.620974 0.276100 0.624189 0.268383
0 0.623744 0.263116 0.629503 0.241450 0.647148 0.245964 0.641608 0.267360 0.638253 0.268445 0.623744 0.263116
0 0.709470 0.218961 0.751893 0.233364 0.744823 0.260599 0.743775 0.277621 0.699353 0.269692 0.705803 0.252219 0.708684 0.241482 0.702923 0.239125 0.703185 0.232055 0.709470 0.218961
0 0.620419 0.159674 0.634560 0.163340 0.626966 0.184028 0.612563 0.179053 0.620419 0.159674
0 0.694268 0.139510 0.709718 0.143700 0.714432 0.149723 0.706838 0.170411 0.687197 0.165173 0.694268 0.139510
0 0.699349 0.128521 0.714591 0.133308 0.711316 0.140992 0.696074 0.136079 0.699349 0.128521
0 0.572510 0.032119 0.576508 0.035616 0.585117 0.040195 0.578898 0.058242 0.559445 0.053419 0.566840 0.031073 0.572510 0.032119
0 0.588705 0.008887 0.610247 0.015317 0.604781 0.036539 0.594171 0.034770 0.591438 0.041522 0.585328 0.039593 0.585283 0.039727 0.576786 0.035211 0.573027 0.031924 0.580666 0.006797 0.588705 0.008887
0 0.655039 0.023496 0.645071 0.065296 0.621599 0.060312 0.630924 0.017869 0.655039 0.023496
0 0.709503 0.053151 0.714919 0.060331 0.711392 0.086532 0.686577 0.081619 0.690860 0.057308 0.695395 0.050506 0.709503 0.053151
0 0.719328 0.050884 0.738557 0.054705 0.742380 0.067763 0.737719 0.085776 0.714415 0.085020 0.717439 0.062095 0.719328 0.050884
0 0.727515 0.029992 0.751118 0.035288 0.744064 0.065141 0.742792 0.065081 0.738760 0.051583 0.724357 0.046870 0.727515 0.029992
0 0.754096 0.064543 0.778530 0.071386 0.779578 0.067196 0.796338 0.071386 0.796600 0.069029 0.809170 0.072957 0.817026 0.078194 0.812312 0.098097 0.797123 0.094954 0.792389 0.105734 0.745404 0.089610 0.748301 0.077014 0.754096 0.064543
0 0.940065 0.119813 0.931102 0.151597 0.921936 0.150288 0.892082 0.138504 0.894177 0.125410 0.897814 0.118430 0.899766 0.107217 0.940065 0.119813
0 0.898367 0.106817 0.899297 0.107080 0.897350 0.118249 0.893047 0.124941 0.865109 0.113364 0.866942 0.104460 0.869823 0.097389 0.898367 0.106817
0 0.970155 0.129973 0.966135 0.147175 0.949898 0.142995 0.953917 0.125310 0.970155 0.129973
0 0.972084 0.130937 0.987678 0.135439 0.984302 0.152480 0.968547 0.148943 0.972084 0.130937
0 0.957627 0.206816 0.952914 0.219581 0.927061 0.210553 0.931562 0.198623 0.957627 0.206816
0 0.982666 0.156179 0.966867 0.208707 0.928208 0.197192 0.939622 0.159251 0.961969 0.166646 0.967435 0.150956 0.982666 0.156179
0 0.998874 0.203772 0.995760 0.202069 0.980576 0.196940 0.987347 0.176011 0.984065 0.174369 0.985090 0.169985 0.987262 0.157253 0.998874 0.160125 0.998874 0.203772
0 0.956058 0.286563 0.981707 0.292923 0.977603 0.310159 0.952570 0.304003 0.951544 0.297848 0.956058 0.286563
0 0.845955 0.166172 0.861549 0.171301 0.878785 0.176431 0.890891 0.178893 0.884325 0.198181 0.898688 0.203105 0.891712 0.229779 0.872424 0.227112 0.855599 0.229163 0.845955 0.226701 0.843288 0.218904 0.831798 0.213980 0.836722 0.199822 0.846776 0.204336 0.849443 0.195923 0.837338 0.191615 0.838569 0.175815 0.845955 0.166172
0 0.828614 0.267630 0.849748 0.258192 0.855288 0.273170 0.862469 0.270708 0.870061 0.286302 0.862264 0.289996 0.871087 0.312771 0.850774 0.321799 0.828614 0.267630
0 0.735334 0.317996 0.780992 0.338413 0.772311 0.357866 0.724402 0.335198 0.735334 0.317996
0 0.855480 0.331770 0.875576 0.338361 0.866412 0.364567 0.848085 0.360387 0.849210 0.353956 0.841493 0.351705 0.845513 0.334342 0.851943 0.335789 0.852426 0.332574 0.855480 0.331770
0 0.691396 0.355580 0.706669 0.364101 0.692682 0.387252 0.677088 0.379213 0.691396 0.355580
0 0.757179 0.365342 0.758061 0.362823 0.764233 0.362067 0.764485 0.366350 0.771917 0.371640 0.760076 0.393936 0.749243 0.391669 0.746346 0.385119 0.757179 0.365342
0 0.815379 0.412581 0.794866 0.459549 0.763773 0.445217 0.787406 0.398916 0.815379 0.412581
0 0.691925 0.474258 0.691882 0.474423 0.705238 0.481494 0.698167 0.494325 0.667790 0.478613 0.675137 0.465918 0.691925 0.474258
0 0.700000 0.459758 0.692217 0.473828 0.675381 0.465488 0.683240 0.451902 0.700000 0.459758
0 0.754955 0.458083 0.764150 0.463752 0.757222 0.476223 0.748027 0.470428 0.754955 0.458083
0 0.766544 0.465138 0.795516 0.479624 0.782289 0.510737 0.742610 0.490961 0.749034 0.476097 0.767677 0.487937 0.769945 0.482395 0.760497 0.476474 0.766544 0.465138
0 0.741388 0.541392 0.751213 0.546431 0.771242 0.561295 0.768848 0.570617 0.763180 0.580568 0.749450 0.573136 0.743403 0.583843 0.716699 0.562681 0.725264 0.547691 0.733704 0.537991 0.741388 0.541392
0 0.766020 0.599535 0.772586 0.604514 0.763968 0.620108 0.757197 0.616209 0.766020 0.599535
0 0.714944 0.597795 0.723333 0.604407 0.717312 0.613093 0.709515 0.607072 0.714944 0.597795
0 0.627383 0.565013 0.636065 0.568871 0.633814 0.576427 0.625132 0.572569 0.627383 0.565013
0 0.652945 0.592986 0.637512 0.624818 0.622256 0.613594 0.632207 0.588105 0.637351 0.582054 0.652945 0.592986
0 0.631081 0.580125 0.631816 0.587764 0.621855 0.613291 0.606852 0.602249 0.599499 0.590886 0.611146 0.570157 0.631081 0.580125
0 0.394535 0.482001 0.414438 0.487746 0.414848 0.508470 0.407462 0.507444 0.396997 0.515241 0.385917 0.511548 0.384891 0.508675 0.373811 0.502109 0.367451 0.493492 0.363552 0.491029 0.369297 0.466818 0.377094 0.469895 0.376273 0.475641 0.380993 0.474409 0.392278 0.475846 0.390431 0.480565 0.394535 0.482001
0 0.498753 0.488987 0.509202 0.490755 0.509202 0.487218 0.520617 0.489951 0.520617 0.493006 0.532192 0.496061 0.530585 0.510369 0.495216 0.503456 0.498753 0.488987
0 0.643070 0.679439 0.687185 0.704061 0.671591 0.729709 0.669128 0.742226 0.640402 0.726837 0.644506 0.715141 0.651277 0.707344 0.633426 0.697290 0.643070 0.679439
0 0.697505 0.631938 0.728254 0.650320 0.702853 0.694772 0.683802 0.685079 0.687813 0.673716 0.682131 0.666697 0.691489 0.650654 0.686141 0.644638 0.689818 0.636617 0.697505 0.631938
0 0.535492 0.735276 0.566655 0.752036 0.551466 0.778486 0.521088 0.763035 0.535492 0.735276
0 0.562434 0.737076 0.569488 0.735439 0.570496 0.743878 0.564071 0.744634 0.562434 0.737076
0 0.866682 0.402537 0.877043 0.411083 0.868019 0.420024 0.859997 0.410749 0.866682 0.402537
0 0.871361 0.362620 0.880385 0.363957 0.884396 0.341564 0.893085 0.339559 0.912805 0.348249 0.920492 0.352259 0.924837 0.363957 0.917818 0.386685 0.869355 0.380000 0.871361 0.362620
0 0.927923 0.364841 0.937204 0.365498 0.937204 0.361142 0.956803 0.366042 0.964425 0.384008 0.956258 0.418851 0.921416 0.407962 0.925227 0.397618 0.919238 0.394352 0.922396 0.377376 0.927923 0.364841
4 0.611413 0.517749 0.620841 0.522987 0.613508 0.537914 0.604081 0.532938 0.611413 0.517749
0 0.545427 0.378730 0.553787 0.381142 0.551375 0.391110 0.540282 0.388537 0.542533 0.377927 0.545427 0.378730
0 0.532887 0.388859 0.538675 0.390788 0.537067 0.398023 0.530636 0.396254 0.532887 0.388859
0 0.546070 0.400595 0.554591 0.399630 0.555555 0.405900 0.546552 0.406704 0.546070 0.400595
0 0.519974 0.394037 0.529073 0.395427 0.528609 0.401459 0.519329 0.400454 0.519974 0.394037
0 0.643157 0.477308 0.650300 0.478312 0.649258 0.485566 0.642488 0.484636 0.643157 0.477308
0 0.636871 0.474815 0.642265 0.476750 0.640554 0.482069 0.635234 0.480246 0.636871 0.474815
0 0.922541 0.441472 0.934886 0.444495 0.933752 0.451801 0.921659 0.448778 0.922541 0.441472
0 0.947574 0.012221 0.944085 0.028636 0.929517 0.024122 0.933826 0.008117 0.947574 0.012221
0 0.995087 0.000003 0.990845 0.014985 0.931710 0.000004 0.995087 0.000003
0 0.969465 0.063074 0.945458 0.055688 0.955307 0.023063 0.978288 0.029424 0.969465 0.063074
0 0.941094 0.054485 0.952304 0.058485 0.949759 0.067997 0.938004 0.063817 0.941094 0.054485
0 0.637676 0.773047 0.646123 0.781748 0.613963 0.836027 0.597549 0.828435 0.599600 0.819818 0.604525 0.810995 0.599395 0.804839 0.616220 0.779806 0.622171 0.784731 0.632840 0.769547 0.637676 0.773047
0 0.658489 0.779806 0.654385 0.786578 0.647451 0.782422 0.638955 0.773662 0.643100 0.768932 0.658489 0.779806
0 0.442990 0.964874 0.440497 0.979378 0.425314 0.973939 0.427580 0.960342 0.436191 0.960115 0.442990 0.964874
