0 0.040586 0.012163 0.235816 0.016006 0.235156 0.064460 0.235486 0.070714 0.039483 0.067031 0.040586 0.012163
0 0.053027 0.223496 0.023388 0.280086 0.017919 0.285555 0.012030 0.295651 -0.000000 0.290182 -0.000000 0.193398 0.053027 0.223496
0 0.051574 0.134108 0.051729 0.133799 0.092188 0.159023 0.090698 0.159770 0.064195 0.210673 0.060409 0.209411 0.053262 0.223057 -0.000000 0.192842 -0.000000 0.106763 0.051574 0.134108
0 0.221531 0.115177 0.222373 0.105080 0.266545 0.110129 0.264021 0.126535 0.246773 0.165659 0.112574 0.148832 0.092705 0.158770 0.051953 0.133369 0.058726 0.120225 0.084388 0.134528 0.093222 0.118542 0.110470 0.120225 0.114677 0.102136 0.221531 0.115177
0 0.290071 0.022349 0.332561 0.022349 0.332140 0.076617 0.286706 0.077038 0.290071 0.022349
0 0.292744 0.120286 0.321351 0.128279 0.312517 0.160672 0.280965 0.149734 0.292744 0.120286
0 0.280124 0.159410 0.313779 0.168244 0.304524 0.204423 0.270448 0.194747 0.280124 0.159410
0 0.476220 0.000009 0.481162 0.016528 0.467318 0.019165 0.472262 0.035316 0.457099 0.039272 0.455451 0.032679 0.437322 0.036305 0.436004 0.030702 0.439270 0.029669 0.433952 0.008947 0.456770 0.003014 0.459407 0.003014 0.457763 0.000009 0.476220 0.000009
0 0.494952 0.027977 0.515569 0.035677 0.511442 0.048906 0.521589 0.051602 0.516335 0.071414 0.488134 0.061749 0.492098 0.050809 0.487871 0.048771 0.494952 0.027977
0 0.521996 0.015907 0.542762 0.019533 0.539466 0.043925 0.538424 0.055716 0.534522 0.055791 0.533863 0.060735 0.521337 0.059049 0.522892 0.050974 0.513032 0.048584 0.521996 0.015907
0 0.998872 0.059844 0.978904 0.051714 0.979564 0.016774 0.998872 0.019103 0.998872 0.059844
0 0.950887 0.001612 0.972642 0.008863 0.968027 0.023037 0.946931 0.014137 0.950887 0.001612
0 0.998872 0.105701 0.995715 0.106760 0.992419 0.067535 0.998872 0.067679 0.998872 0.105701
0 0.909109 0.053583 0.923572 0.047385 0.934161 0.068562 0.939326 0.079926 0.934419 0.081992 0.938035 0.088191 0.939068 0.087674 0.948624 0.106198 0.925968 0.116974 0.921764 0.107044 0.908593 0.113759 0.889481 0.080443 0.891031 0.075794 0.914016 0.065722 0.909109 0.053583
0 0.863413 0.115654 0.884333 0.114104 0.884849 0.120819 0.895438 0.119270 0.899570 0.121077 0.901895 0.145096 0.888465 0.147162 0.890014 0.164724 0.862122 0.169115 0.860056 0.141739 0.865221 0.141480 0.863413 0.115654
0 0.826985 0.122365 0.851779 0.142510 0.841190 0.153873 0.854619 0.166270 0.837316 0.186415 0.829051 0.181766 0.828793 0.176601 0.805291 0.157489 0.807615 0.144576 0.826985 0.122365
0 0.906564 0.181485 0.917922 0.176857 0.913715 0.167602 0.942322 0.156664 0.957467 0.193685 0.918343 0.209671 0.906564 0.181485
0 0.918343 0.209671 0.963080 0.194281 0.971377 0.212291 0.964901 0.214314 0.970567 0.228277 0.930703 0.242442 0.918343 0.209671
0 0.765678 0.175165 0.774091 0.174745 0.790498 0.176427 0.810691 0.180213 0.805643 0.219337 0.757685 0.214710 0.765678 0.175165
0 0.718973 0.235209 0.736983 0.236221 0.731924 0.257873 0.712700 0.248160 0.718973 0.235209
0 0.723222 0.209712 0.742042 0.211736 0.740828 0.222258 0.719985 0.220235 0.723222 0.209712
0 0.682771 0.212390 0.695614 0.213183 0.694663 0.223013 0.682296 0.222538 0.682771 0.212390
0 0.781665 0.225870 0.808174 0.221216 0.811614 0.232143 0.825981 0.228298 0.834480 0.249343 0.821125 0.253593 0.819506 0.251165 0.795223 0.257640 0.792390 0.259259 0.781665 0.225870
0 0.825657 0.255721 0.852611 0.248586 0.856099 0.259367 0.871637 0.255562 0.880674 0.278869 0.836280 0.291078 0.825657 0.255721
0 0.943051 0.246051 0.966524 0.234314 0.965512 0.232897 0.971255 0.230413 0.989762 0.261094 0.950600 0.283643 0.944144 0.268147 0.951892 0.264531 0.943051 0.246051
0 0.998872 0.300004 0.979842 0.322390 0.964088 0.304570 0.974419 0.293206 0.967187 0.285458 0.988623 0.265572 0.998872 0.277011 0.998872 0.300004
0 0.998872 0.337371 0.988723 0.329934 0.998872 0.318694 0.998872 0.337371
0 0.841065 0.300701 0.869193 0.290381 0.866765 0.286131 0.883326 0.280451 0.893637 0.303682 0.878108 0.310391 0.881959 0.319832 0.851633 0.330412 0.841065 0.300701
0 0.864665 0.337948 0.888068 0.323115 0.896309 0.336300 0.909493 0.327400 0.921030 0.345199 0.885431 0.366624 0.864665 0.337948
0 0.894990 0.366954 0.923667 0.350473 0.935863 0.365965 0.927952 0.372887 0.938829 0.387390 0.908504 0.408156 0.899275 0.394972 0.904219 0.390027 0.894331 0.375195 0.894990 0.366954
0 0.921287 0.413830 0.940494 0.389477 0.955080 0.397404 0.959044 0.390745 0.976009 0.401527 0.949348 0.438031 0.921287 0.413830
0 0.998872 0.439536 0.992624 0.446838 0.967573 0.433983 0.968136 0.424846 0.978684 0.410013 0.976047 0.408695 0.984617 0.394851 0.998872 0.402310 0.998872 0.439536
0 -0.000000 0.292137 0.010469 0.296576 0.003175 0.315285 0.007932 0.318298 0.000326 0.333986 0.005929 0.339919 -0.000000 0.361396 -0.000000 0.292137
0 0.162911 0.332613 0.183089 0.340738 0.189280 0.325362 0.202795 0.330965 0.196906 0.346457 0.211365 0.352720 0.203454 0.370240 0.205515 0.371033 0.192751 0.400334 0.188360 0.399042 0.186810 0.403175 0.171831 0.396718 0.174414 0.390003 0.144713 0.375799 0.162911 0.332613
0 -0.000000 0.466790 0.005380 0.451655 0.049801 0.468184 0.045411 0.477223 0.057291 0.481613 0.052384 0.492977 0.038954 0.499434 0.026558 0.494785 0.025525 0.489103 -0.000000 0.477223 -0.000000 0.466790
0 0.105640 0.501880 0.115454 0.506528 0.119328 0.497489 0.154194 0.512210 0.136890 0.552241 0.104607 0.538812 0.107189 0.533905 0.091952 0.526157 0.096342 0.516859 0.099412 0.518497 0.105640 0.501880
0 0.057138 0.622577 0.125578 0.649695 0.106467 0.700573 0.038027 0.671906 0.057138 0.622577
0 -0.000000 0.796196 0.001386 0.792323 0.021789 0.799554 0.015075 0.815825 0.056139 0.831579 0.050715 0.843717 0.045550 0.854823 0.033411 0.884007 -0.000000 0.871352 -0.000000 0.796196
0 0.914523 0.560836 0.921812 0.558368 0.920800 0.556142 0.929906 0.553309 0.930716 0.555131 0.940429 0.551690 0.945845 0.564882 0.938639 0.567366 0.941373 0.574820 0.952109 0.570951 0.958070 0.586406 0.947345 0.593690 0.950785 0.603201 0.927514 0.610486 0.923669 0.598749 0.910718 0.561111 0.914523 0.560836
0 0.945372 0.543991 0.962775 0.539944 0.965001 0.547229 0.968036 0.560382 0.968441 0.591141 0.960549 0.592962 0.945372 0.543991
0 0.873234 0.687461 0.893673 0.693734 0.895291 0.689080 0.910671 0.693734 0.899339 0.731170 0.861295 0.716803 0.873234 0.687461
0 0.465594 0.115255 0.490129 0.112931 0.493228 0.138757 0.467919 0.141340 0.465594 0.115255
0 0.468249 0.148265 0.475331 0.147253 0.474926 0.146444 0.483021 0.145837 0.483223 0.147456 0.495769 0.147658 0.499816 0.177202 0.472498 0.180642 0.468249 0.148265
0 0.471756 0.183078 0.484428 0.180097 0.500081 0.181215 0.501572 0.195625 0.503311 0.195377 0.504553 0.211775 0.476974 0.214011 0.471756 0.183078
0 0.479463 0.221407 0.505289 0.218050 0.509938 0.222957 0.510713 0.230963 0.507613 0.231738 0.507872 0.235353 0.510971 0.235353 0.512520 0.248525 0.484111 0.252657 0.479463 0.221407
0 0.484397 0.259577 0.492800 0.257357 0.492324 0.256406 0.497715 0.255613 0.498191 0.256881 0.504533 0.256247 0.514997 0.284787 0.512143 0.288750 0.492800 0.293031 0.488836 0.285896 0.484397 0.259577
0 0.419445 0.148723 0.419243 0.138200 0.440288 0.137593 0.440895 0.143461 0.452227 0.143461 0.460934 0.219234 0.425005 0.221212 0.422039 0.184954 0.442475 0.183306 0.442145 0.171769 0.419784 0.172504 0.419536 0.161696 0.423263 0.161572 0.423387 0.157721 0.419660 0.158094 0.419445 0.148723
0 0.411823 0.247055 0.425861 0.245689 0.437322 0.319212 0.424137 0.319871 0.411823 0.247055
0 0.399139 0.222552 0.405723 0.222552 0.405723 0.220315 0.412308 0.220191 0.412680 0.224167 0.416159 0.224291 0.416159 0.218949 0.423861 0.218825 0.424109 0.222303 0.432557 0.222055 0.434048 0.239571 0.403736 0.243546 0.397524 0.234602 0.399139 0.222552
0 0.387760 0.244644 0.412970 0.243852 0.413199 0.245987 0.411292 0.246292 0.415499 0.273009 0.394766 0.276319 0.394085 0.263373 0.399049 0.262886 0.398854 0.258603 0.389023 0.258603 0.387760 0.244644
0 0.380833 0.281421 0.387044 0.282043 0.387044 0.278937 0.394995 0.279185 0.394622 0.283782 0.397355 0.283782 0.397479 0.279682 0.406797 0.279806 0.413505 0.285397 0.412387 0.297695 0.416487 0.297820 0.416238 0.301174 0.420524 0.301653 0.422124 0.313630 0.373153 0.315249 0.373760 0.302298 0.379224 0.302096 0.380833 0.281421
0 0.495613 0.306001 0.511195 0.299121 0.529002 0.294669 0.539323 0.319964 0.504719 0.330891 0.495613 0.306001
0 0.433975 0.234079 0.450067 0.231943 0.448466 0.220198 0.457923 0.219893 0.458228 0.222257 0.461355 0.221876 0.476755 0.307557 0.465339 0.309776 0.469937 0.340060 0.458680 0.342597 0.439660 0.244105 0.434896 0.239713 0.433975 0.234079
0 0.342317 0.372359 0.347391 0.372677 0.347391 0.366176 0.371491 0.367603 0.370857 0.374103 0.368003 0.374103 0.367052 0.382982 0.368796 0.383141 0.367527 0.406448 0.346598 0.405338 0.346915 0.398045 0.342634 0.397886 0.343586 0.387105 0.347233 0.387422 0.347233 0.384726 0.342317 0.383617 0.342317 0.372359
0 0.390732 0.385165 0.409956 0.385368 0.409349 0.400747 0.390125 0.401152 0.390732 0.385165
0 0.433227 0.385165 0.468437 0.387796 0.468235 0.402771 0.455284 0.409651 0.435250 0.407222 0.433227 0.385165
0 0.510735 0.338656 0.526749 0.331838 0.544031 0.329143 0.547202 0.338973 0.545775 0.340241 0.547043 0.343729 0.549739 0.342937 0.553385 0.355462 0.519931 0.363707 0.510735 0.338656
0 0.522959 0.373252 0.539440 0.368307 0.555591 0.365011 0.559217 0.373911 0.558557 0.374240 0.559546 0.377866 0.560865 0.377866 0.564491 0.388414 0.532847 0.398632 0.522959 0.373252
0 0.533845 0.409532 0.547016 0.401268 0.567161 0.398169 0.578266 0.422962 0.576717 0.429935 0.545209 0.439491 0.533845 0.409532
0 0.483175 0.391092 0.496732 0.386438 0.495721 0.383403 0.508267 0.380165 0.529312 0.442693 0.518789 0.446741 0.506446 0.417399 0.494507 0.421446 0.483175 0.391092
0 0.518137 0.449968 0.565096 0.434812 0.570686 0.448601 0.568201 0.452328 0.562238 0.456800 0.558511 0.459036 0.534659 0.466490 0.523727 0.465869 0.518137 0.449968
0 0.324288 0.427102 0.360445 0.442856 0.358896 0.455769 0.343658 0.490893 0.301561 0.467908 0.324288 0.427102
0 0.310348 0.483308 0.337707 0.496492 0.334081 0.519236 0.314633 0.552198 0.284308 0.536047 0.285957 0.514951 0.310348 0.483308
0 0.277253 0.549151 0.313410 0.561031 0.299722 0.614492 0.258141 0.603645 0.268213 0.559998 0.277253 0.549151
0 0.377602 0.433273 0.383284 0.435856 0.384834 0.433790 0.394390 0.436889 0.393357 0.439214 0.395939 0.439730 0.397231 0.436631 0.406270 0.439988 0.405495 0.442313 0.414018 0.445412 0.408853 0.464524 0.369596 0.449286 0.377602 0.433273
0 0.420110 0.439441 0.426294 0.441661 0.427562 0.438490 0.432319 0.440076 0.431843 0.444832 0.435807 0.444991 0.436441 0.442612 0.444210 0.444832 0.443417 0.447845 0.448491 0.450698 0.441832 0.469249 0.412500 0.456882 0.420110 0.439441
0 0.449323 0.451029 0.455052 0.452335 0.456873 0.448288 0.466182 0.452942 0.464765 0.456989 0.468205 0.458001 0.468610 0.455370 0.487227 0.461441 0.477716 0.489366 0.472859 0.487748 0.475295 0.480012 0.443331 0.468339 0.449323 0.451029
0 0.370773 0.456358 0.388640 0.463536 0.376327 0.496813 0.357868 0.489561 0.359846 0.481980 0.361829 0.472756 0.366177 0.473377 0.366674 0.470768 0.362698 0.469526 0.365804 0.461327 0.368662 0.462321 0.370773 0.456358
0 0.355521 0.491577 0.369889 0.496231 0.369079 0.497850 0.375555 0.500278 0.372722 0.512015 0.381828 0.514848 0.377578 0.533667 0.371507 0.532655 0.369686 0.539333 0.360175 0.535893 0.364020 0.526584 0.344796 0.519300 0.349653 0.504932 0.354510 0.506753 0.355521 0.503718 0.352486 0.502504 0.355521 0.491577
0 0.389138 0.457974 0.397165 0.461719 0.395103 0.467219 0.400602 0.470657 0.382108 0.514131 0.372965 0.511695 0.376588 0.497138 0.390008 0.462819 0.387771 0.461577 0.389138 0.457974
0 0.340919 0.533366 0.348252 0.534970 0.346877 0.537491 0.357877 0.540929 0.359815 0.536160 0.374481 0.541145 0.345627 0.623468 0.351586 0.625988 0.353877 0.620718 0.364419 0.623926 0.356169 0.652113 0.303129 0.633056 0.319502 0.588634 0.323856 0.573968 0.332106 0.567780 0.330273 0.558155 0.334169 0.547328 0.336501 0.548537 0.337797 0.545082 0.336069 0.544478 0.340919 0.533366
0 0.400711 0.520615 0.424602 0.530320 0.391752 0.621029 0.367489 0.612817 0.400711 0.520615
0 0.487113 0.466562 0.502969 0.473380 0.497736 0.487808 0.490760 0.484795 0.488065 0.496053 0.477125 0.492564 0.487113 0.466562
0 0.416198 0.635604 0.432985 0.641544 0.431952 0.646193 0.434018 0.646709 0.435309 0.643352 0.447189 0.647484 0.450547 0.654457 0.461910 0.653682 0.473791 0.656782 0.472499 0.660397 0.474824 0.661430 0.476115 0.657815 0.495227 0.664013 0.484638 0.699912 0.450030 0.689581 0.451580 0.683641 0.428078 0.675893 0.426528 0.679767 0.402510 0.670986 0.408191 0.656007 0.416198 0.635604
0 0.461678 0.513994 0.467876 0.516061 0.469168 0.513220 0.478465 0.516835 0.477174 0.519418 0.480273 0.520451 0.481048 0.517868 0.492670 0.521484 0.491120 0.525100 0.496544 0.529232 0.483372 0.563581 0.453930 0.552992 0.452122 0.547827 0.447990 0.559707 0.434044 0.555059 0.454705 0.496432 0.464003 0.500823 0.461678 0.513994
0 0.432868 0.557693 0.443650 0.561023 0.438734 0.575451 0.450467 0.574183 0.488678 0.587818 0.477897 0.622700 0.472030 0.621748 0.473457 0.627139 0.456175 0.633005 0.453321 0.621431 0.442064 0.615406 0.427477 0.609381 0.416696 0.602246 0.432868 0.557693
0 0.543836 0.482686 0.566509 0.473966 0.567778 0.476820 0.571583 0.475551 0.569680 0.471905 0.592829 0.463026 0.598378 0.477454 0.582840 0.484113 0.585536 0.491248 0.562070 0.500285 0.563972 0.503298 0.556406 0.507120 0.553508 0.500602 0.540507 0.504725 0.537336 0.494895 0.542885 0.492992 0.543836 0.482686
0 0.582841 0.494564 0.597111 0.485051 0.616295 0.480453 0.621211 0.489649 0.617088 0.491869 0.618832 0.494881 0.622320 0.493137 0.629138 0.502492 0.621528 0.507248 0.625650 0.514542 0.598855 0.524372 0.582841 0.494564
0 0.597795 0.526876 0.629040 0.514222 0.633615 0.523858 0.632252 0.525124 0.633128 0.528238 0.635659 0.527362 0.639845 0.538167 0.637801 0.539822 0.638287 0.543034 0.640234 0.543034 0.641347 0.547275 0.612670 0.559801 0.597795 0.526876
0 0.614275 0.560821 0.628562 0.553243 0.645581 0.547031 0.650675 0.557715 0.649681 0.558336 0.650675 0.561194 0.652911 0.560324 0.656762 0.568399 0.655768 0.579828 0.627941 0.589270 0.614275 0.560821
0 0.523825 0.520824 0.529895 0.518598 0.529895 0.513337 0.537585 0.510504 0.539001 0.514551 0.541834 0.513741 0.540013 0.509694 0.550333 0.505647 0.552155 0.509897 0.558227 0.507322 0.566320 0.526692 0.531514 0.539441 0.523825 0.520824
0 0.511075 0.556553 0.529863 0.549301 0.539422 0.575341 0.532829 0.579297 0.536455 0.587208 0.522611 0.593141 0.518985 0.584900 0.524259 0.582923 0.523600 0.579626 0.518985 0.581934 0.511075 0.556553
0 0.507162 0.630999 0.517380 0.627374 0.517710 0.622759 0.527928 0.618144 0.529906 0.622100 0.532213 0.621111 0.530565 0.617485 0.543750 0.612211 0.555616 0.611882 0.568801 0.644514 0.562209 0.649128 0.561220 0.653743 0.535180 0.664291 0.520347 0.661324 0.507162 0.630999
0 0.531224 0.673520 0.548365 0.666269 0.550342 0.670554 0.554298 0.669235 0.551990 0.664291 0.565834 0.658028 0.568142 0.662972 0.576052 0.660336 0.585941 0.681761 0.559572 0.692968 0.559901 0.711756 0.540124 0.707471 0.536828 0.691979 0.531224 0.673520
0 0.629241 0.598482 0.639572 0.593059 0.659200 0.590476 0.669530 0.611395 0.667206 0.620435 0.642929 0.629991 0.629241 0.598482
0 0.644806 0.631043 0.655560 0.626085 0.669822 0.622425 0.681619 0.644437 0.682253 0.651097 0.657678 0.661244 0.644835 0.638412 0.644806 0.631043
0 0.659923 0.674278 0.674985 0.665241 0.693219 0.660801 0.698134 0.671107 0.695597 0.672851 0.696231 0.674754 0.699085 0.674595 0.705745 0.691243 0.672607 0.704879 0.659923 0.674278
0 0.672807 0.709005 0.686459 0.701912 0.703924 0.695811 0.721451 0.729728 0.688872 0.742882 0.672807 0.709005
0 0.099366 0.999005 0.105112 0.980371 0.097184 0.976090 0.101465 0.964357 0.142847 0.979261 0.133475 0.999005 0.099366 0.999005
0 0.250702 0.999007 0.254983 0.988322 0.284720 0.999008 0.250702 0.999007
0 0.112607 0.938878 0.118289 0.941202 0.122938 0.928547 0.151605 0.940686 0.145665 0.954632 0.158062 0.959539 0.152896 0.978134 0.103310 0.959281 0.112607 0.938878
0 0.526262 0.999009 0.526196 0.991470 0.508755 0.987823 0.511134 0.966101 0.539990 0.970858 0.537929 0.985920 0.541734 0.986713 0.541472 0.999009 0.526262 0.999009
0 0.544874 0.999009 0.548552 0.974029 0.582799 0.978785 0.582153 0.999009 0.544874 0.999009
0 0.585489 0.980372 0.603826 0.980888 0.603826 0.978564 0.610541 0.979855 0.611058 0.982696 0.624487 0.982696 0.620218 0.999008 0.585179 0.999008 0.585489 0.980372
0 0.627376 0.974765 0.637898 0.975777 0.638101 0.981848 0.662345 0.982312 0.661703 0.999008 0.624829 0.999008 0.627376 0.974765
0 0.664810 0.999008 0.665360 0.987477 0.687854 0.987993 0.687854 0.993417 0.703866 0.994191 0.703258 0.999008 0.664810 0.999008
0 0.115162 0.915317 0.127037 0.892540 0.145045 0.901203 0.148241 0.894675 0.152890 0.897516 0.166320 0.904489 0.160122 0.919469 0.142301 0.912496 0.133779 0.929799 0.115162 0.915317
0 0.159326 0.890717 0.154252 0.882948 0.186329 0.863989 0.202769 0.892303 0.183109 0.903877 0.180889 0.900389 0.171376 0.905621 0.159326 0.890717
0 0.206563 0.872613 0.227001 0.874232 0.227001 0.871399 0.238940 0.870994 0.240963 0.908430 0.222549 0.906811 0.222144 0.898717 0.205146 0.896896 0.206563 0.872613
0 0.249327 0.890128 0.282745 0.900687 0.272185 0.934105 0.256408 0.927024 0.260011 0.915098 0.242991 0.908141 0.249327 0.890128
0 0.286798 0.903266 0.304238 0.908974 0.305824 0.912620 0.316288 0.917060 0.307568 0.946392 0.292506 0.941318 0.295677 0.935293 0.277602 0.928158 0.286798 0.903266
0 0.323740 0.909608 0.357829 0.923560 0.344511 0.958601 0.329448 0.951941 0.333888 0.941001 0.315813 0.933866 0.323740 0.909608
0 0.359000 0.929070 0.390972 0.937974 0.381462 0.971363 0.364261 0.966102 0.366082 0.958210 0.349894 0.952948 0.359000 0.929070
0 0.397295 0.934633 0.408659 0.938507 0.407884 0.941606 0.432935 0.948321 0.429824 0.961492 0.432419 0.962009 0.428028 0.982412 0.405559 0.976213 0.407367 0.968207 0.389805 0.963042 0.397295 0.934633
0 0.277339 0.844711 0.274702 0.863170 0.264154 0.867784 0.202775 0.841621 0.210908 0.818330 0.277339 0.844711
0 0.210611 0.816314 0.201567 0.838412 0.185887 0.830114 0.195593 0.810431 0.210611 0.816314
0 0.267121 0.823945 0.261517 0.836800 0.243828 0.829404 0.245771 0.824111 0.249651 0.816034 0.267121 0.823945
0 0.246355 0.816034 0.241489 0.828337 0.217348 0.818342 0.222292 0.805816 0.246355 0.816034
0 0.215193 0.741990 0.209824 0.759043 0.209724 0.759012 0.188468 0.809237 0.158846 0.798532 0.169363 0.777077 0.171467 0.778339 0.182825 0.751836 0.181984 0.749732 0.191239 0.730801 0.215193 0.741990
0 0.201688 0.781232 0.214362 0.787511 0.203422 0.810660 0.191715 0.804922 0.201688 0.781232
0 0.221338 0.764997 0.214838 0.784023 0.206276 0.781011 0.206270 0.781025 0.202542 0.778641 0.209873 0.760107 0.221338 0.764997
0 0.231405 0.736536 0.248160 0.744355 0.248965 0.746680 0.248835 0.746641 0.245209 0.756530 0.218276 0.746766 0.222949 0.735264 0.231405 0.736536
0 0.266964 0.721261 0.255427 0.748619 0.249541 0.746855 0.248554 0.744000 0.231548 0.736063 0.222979 0.734775 0.194195 0.722185 0.205325 0.696210 0.266964 0.721261
0 0.246675 0.759041 0.256591 0.763493 0.265292 0.744674 0.280874 0.752363 0.282088 0.748519 0.301110 0.757625 0.294432 0.772802 0.285528 0.769159 0.274803 0.792430 0.237165 0.775837 0.246675 0.759041
0 0.333115 0.804023 0.325693 0.827034 0.312521 0.822127 0.319962 0.800044 0.333115 0.804023
0 0.335765 0.751621 0.330488 0.766445 0.326468 0.765137 0.322605 0.779851 0.325290 0.784326 0.319408 0.799477 0.319619 0.799561 0.314965 0.811422 0.310640 0.808856 0.311488 0.804048 0.289536 0.796042 0.308389 0.742323 0.335765 0.751621
0 0.330752 0.767051 0.340414 0.771507 0.334215 0.785712 0.338348 0.787778 0.333262 0.803555 0.319912 0.799522 0.325831 0.784279 0.323129 0.779776 0.326808 0.765761 0.330752 0.767051
0 0.356245 0.829440 0.381613 0.837368 0.379340 0.847323 0.393784 0.849263 0.387891 0.872548 0.346415 0.864004 0.356245 0.829440
0 0.400959 0.802339 0.399297 0.810410 0.397089 0.814566 0.372539 0.806621 0.377344 0.793896 0.400959 0.802339
0 0.376875 0.793740 0.372080 0.806465 0.350947 0.799219 0.356914 0.787178 0.376875 0.793740
0 0.396964 0.772511 0.400202 0.769071 0.417002 0.775918 0.407820 0.803403 0.357129 0.786738 0.363212 0.774464 0.364053 0.761191 0.396964 0.772511
0 0.359933 0.755716 0.358719 0.759358 0.363574 0.761025 0.362731 0.774335 0.354023 0.791914 0.351270 0.791064 0.337071 0.785134 0.344469 0.766738 0.340976 0.764556 0.345161 0.754097 0.352041 0.756930 0.353255 0.753692 0.359933 0.755716
0 0.427360 0.813623 0.443311 0.815996 0.439168 0.829828 0.433705 0.828412 0.421361 0.866252 0.399936 0.858491 0.404138 0.843729 0.412109 0.817666 0.415713 0.807051 0.427360 0.813623
0 0.411650 0.817520 0.403798 0.843174 0.400312 0.842568 0.400293 0.842705 0.390384 0.839696 0.399681 0.813857 0.411650 0.817520
0 0.449893 0.794011 0.443447 0.815527 0.427521 0.813153 0.415859 0.806582 0.422548 0.786134 0.449893 0.794011
0 0.440154 0.864465 0.452497 0.866691 0.452295 0.868714 0.462008 0.870940 0.462413 0.869119 0.472935 0.871547 0.469698 0.887938 0.463627 0.887129 0.463425 0.886117 0.451081 0.883891 0.450676 0.884498 0.437321 0.882272 0.440154 0.864465
0 0.502144 0.830851 0.527712 0.837307 0.519964 0.873723 0.517640 0.874239 0.516090 0.881212 0.518931 0.882245 0.514283 0.912462 0.486132 0.906522 0.492588 0.878888 0.494138 0.879663 0.498012 0.864167 0.495429 0.862359 0.502144 0.830851
0 0.533532 0.887588 0.528330 0.915166 0.515455 0.910436 0.520287 0.884592 0.533532 0.887588
0 0.538650 0.861946 0.534502 0.883330 0.520879 0.880713 0.524889 0.858709 0.538650 0.861946
0 0.523082 0.800795 0.569898 0.810195 0.560601 0.853842 0.543039 0.849193 0.545925 0.832572 0.517721 0.827069 0.523082 0.800795
0 0.591775 0.835322 0.607022 0.835234 0.603946 0.851125 0.600457 0.850010 0.598433 0.857295 0.602278 0.858509 0.596207 0.885220 0.584470 0.883197 0.583661 0.887851 0.579816 0.887244 0.580019 0.883399 0.566663 0.878947 0.571520 0.852439 0.575364 0.853653 0.580928 0.832607 0.591775 0.835322
0 0.609765 0.821073 0.607119 0.834746 0.591833 0.834833 0.580809 0.832077 0.580801 0.832100 0.578804 0.831191 0.580423 0.815205 0.609765 0.821073
0 0.656113 0.867530 0.655661 0.892073 0.642710 0.891062 0.643115 0.887622 0.642764 0.887588 0.644697 0.866641 0.656113 0.867530
0 0.645010 0.834807 0.643905 0.866579 0.644209 0.866602 0.642285 0.887549 0.614926 0.885002 0.619153 0.834060 0.645010 0.834807
0 0.601935 0.912867 0.631271 0.914186 0.630781 0.926760 0.618746 0.926052 0.617427 0.951103 0.598969 0.948796 0.601935 0.912867
0 0.635734 0.917003 0.653623 0.917997 0.653689 0.929477 0.634864 0.928432 0.635734 0.917003
0 0.620699 0.930549 0.704244 0.936959 0.703935 0.971353 0.681948 0.970194 0.681948 0.962621 0.619867 0.952152 0.620699 0.930549
0 0.681546 0.856342 0.683525 0.858037 0.681158 0.870917 0.660238 0.868851 0.660996 0.854629 0.681546 0.856342
0 0.672310 0.825350 0.704143 0.829336 0.703885 0.832177 0.719639 0.834760 0.717057 0.859295 0.684170 0.857949 0.681744 0.855868 0.659492 0.854160 0.652490 0.853097 0.657538 0.823731 0.672310 0.825350
0 0.687706 0.906021 0.689600 0.930166 0.688840 0.933451 0.670503 0.929060 0.673613 0.904434 0.687706 0.906021
0 0.719057 0.865785 0.718283 0.879990 0.712859 0.932934 0.690088 0.930146 0.688161 0.905581 0.673682 0.903945 0.676444 0.882056 0.690906 0.883864 0.691165 0.864236 0.719057 0.865785
0 0.778906 0.819824 0.796506 0.822361 0.793176 0.857877 0.770028 0.855340 0.770503 0.829813 0.778906 0.819824
0 0.094089 0.000005 0.077881 0.001212 0.077881 0.005823 0.048676 0.005516 0.040381 0.000003 0.094089 0.000005
0 0.190274 0.999006 0.183716 0.996147 0.186889 0.989122 0.195273 0.992975 0.192939 0.999006 0.190274 0.999006
0 0.214398 0.966422 0.236449 0.976445 0.232440 0.985132 0.237786 0.988139 0.234445 0.994487 0.230268 0.991313 0.226273 0.999007 0.198530 0.999006 0.194017 0.997327 0.201535 0.978450 0.207047 0.981457 0.214398 0.966422
0 0.186329 0.863989 0.201722 0.856107 0.208496 0.866698 0.192609 0.874826 0.186329 0.863989
