0 -0.000000 0.759068 -0.000000 0.736394 0.022476 0.733521 0.022271 0.730238 0.028632 0.728391 0.029453 0.724493 0.045252 0.720800 0.048124 0.729007 0.054280 0.727160 0.059109 0.749419 -0.000000 0.759068
0 0.035375 0.641287 0.038256 0.643120 0.044017 0.633955 0.050302 0.637621 0.055802 0.633693 0.059992 0.638668 0.064967 0.636311 0.071776 0.645477 0.038780 0.688948 0.032495 0.683711 0.012854 0.694709 0.008140 0.690519 0.007093 0.682401 0.035375 0.641287
3 -0.000000 0.849214 0.013535 0.852497 0.013125 0.856806 0.022973 0.858447 0.021948 0.862961 0.034874 0.865629 0.027898 0.895381 -0.000000 0.887994 -0.000000 0.849214
3 0.118780 0.842835 0.154919 0.853572 0.159894 0.836550 0.179535 0.839431 0.164870 0.891282 0.150991 0.886568 0.149158 0.888925 0.133445 0.884997 0.133969 0.880545 0.108305 0.872689 0.118780 0.842835
3 0.126594 0.956857 0.164758 0.958088 0.164348 0.967937 0.171529 0.973066 0.160860 0.987019 0.122900 0.983736 0.126594 0.956857
3 0.169704 0.958354 0.174365 0.959362 0.174239 0.955583 0.176758 0.956213 0.176254 0.954449 0.192126 0.955835 0.193763 0.965912 0.182552 0.973848 0.172853 0.973344 0.168318 0.968809 0.169704 0.958354
3 0.088577 0.728447 0.101277 0.729783 0.100943 0.719757 0.103617 0.719422 0.105288 0.702377 0.131358 0.703714 0.128350 0.763206 0.102280 0.761201 0.101612 0.764543 0.084900 0.763874 0.088577 0.728447
3 0.142243 0.741592 0.190037 0.722207 0.198058 0.743931 0.139903 0.767661 0.142243 0.741592
3 0.184992 0.667279 0.202538 0.672778 0.198086 0.689800 0.180017 0.684824 0.184992 0.667279
3 0.573937 0.936228 0.589720 0.941774 0.569433 0.997846 0.547479 0.986766 0.573937 0.936228
0 0.623669 0.829709 0.642263 0.822115 0.657189 0.820282 0.657451 0.864538 0.650119 0.874228 0.637549 0.871609 0.635454 0.882870 0.610314 0.874752 0.623669 0.829709
0 0.639065 0.713687 0.664466 0.686280 0.696552 0.714355 0.672822 0.747778 0.639065 0.713687
0 0.709038 0.829127 0.730788 0.834462 0.735507 0.824408 0.750486 0.828717 0.743099 0.849646 0.730173 0.846568 0.723607 0.865856 0.699190 0.861136 0.709038 0.829127
3 0.734737 0.465228 0.750450 0.453705 0.763543 0.470727 0.767210 0.467323 0.775590 0.477274 0.780565 0.473084 0.788945 0.484868 0.784493 0.488011 0.794968 0.500581 0.770614 0.519959 0.744427 0.488796 0.749926 0.483559 0.734737 0.465228
0 0.857274 0.313595 0.892367 0.284517 0.914092 0.307245 0.898718 0.321282 0.916097 0.340333 0.885348 0.361389 0.855937 0.331977 0.864961 0.324959 0.857274 0.313595
0 0.998839 0.349354 0.991462 0.346002 0.994195 0.335231 0.998839 0.336781 0.998839 0.349354
0 0.998839 0.458818 0.971766 0.451204 0.973861 0.446228 0.965219 0.442300 0.969409 0.425278 0.985645 0.428683 0.991668 0.411399 0.998839 0.412491 0.998839 0.458818
0 0.902129 0.389565 0.920617 0.380080 0.930263 0.394388 0.958719 0.379115 0.963060 0.386028 0.933318 0.403069 0.935568 0.406606 0.928977 0.410304 0.931388 0.413519 0.942160 0.408214 0.947305 0.415127 0.951806 0.412233 0.948751 0.407571 0.968044 0.395353 0.979137 0.412394 0.957915 0.425095 0.954700 0.420272 0.948108 0.425095 0.923672 0.438117 0.900521 0.401944 0.902129 0.389565
0 0.998840 0.151103 0.983959 0.165744 0.979267 0.158066 0.975428 0.160198 0.949834 0.127780 0.953246 0.124794 0.937890 0.098347 0.953246 0.083417 0.983106 0.117115 0.998840 0.147705 0.998840 0.151103
0 0.362147 0.087815 0.380216 0.080744 0.379692 0.068960 0.411903 0.066865 0.415831 0.095933 0.365551 0.103265 0.362147 0.087815
3 0.100085 0.000005 0.035481 0.031564 0.024744 0.012447 0.031029 0.009566 0.029457 0.004852 0.040447 0.000004 0.100085 0.000005
3 0.230236 0.037385 0.246210 0.027434 0.251971 0.029529 0.269255 0.019316 0.288634 0.055454 0.257995 0.073262 0.245948 0.051788 0.240449 0.053621 0.230236 0.037385
3 0.174672 0.624484 0.182880 0.625715 0.180007 0.643156 0.171184 0.641720 0.174672 0.624484
3 0.178776 0.647875 0.189856 0.637821 0.186778 0.632076 0.188420 0.629203 0.209349 0.634743 0.210169 0.630845 0.223917 0.632281 0.227610 0.635975 0.227610 0.650543 0.204835 0.671882 0.193960 0.653415 0.187599 0.657519 0.178776 0.647875
0 0.309669 0.281353 0.310803 0.279086 0.311055 0.277070 0.318865 0.275181 0.323778 0.275937 0.326297 0.279842 0.327809 0.284628 0.326675 0.288911 0.323274 0.292816 0.314078 0.293824 0.311685 0.291683 0.309040 0.286896 0.309040 0.283747 0.309669 0.281353
0 0.316396 0.296203 0.322850 0.294331 0.326159 0.305034 0.319406 0.307284 0.316396 0.296203
0 0.922633 0.999005 0.922235 0.967683 0.941933 0.966042 0.941522 0.985124 0.968401 0.983072 0.987133 0.999003 0.922633 0.999005
