3 0.054197 0.545634 0.069015 0.534330 0.085130 0.552479 0.079708 0.558203 0.084227 0.564981 0.074286 0.571457 0.054197 0.545634
0 0.645675 0.286108 0.686909 0.261105 0.700525 0.282695 0.657836 0.309191 0.645675 0.286108
3 0.869603 0.060496 0.875552 0.046875 0.880093 0.048441 0.882203 0.040504 0.891918 0.043817 0.897114 0.033801 0.910317 0.045081 0.908976 0.046653 0.916928 0.052710 0.931007 0.089362 0.921316 0.091570 0.899972 0.085804 0.902057 0.080407 0.892734 0.075745 0.889790 0.079426 0.869603 0.060496
3 0.984690 0.999003 0.986163 0.986926 0.993155 0.969507 0.998862 0.971348 0.998863 0.999003 0.984690 0.999003
3 0.409562 0.437397 0.429444 0.427156 0.435468 0.438979 0.413855 0.448618 0.409562 0.437397
3 0.390120 0.448301 0.403160 0.440866 0.407645 0.451369 0.394309 0.458922 0.390120 0.448301
0 0.628116 0.297504 0.633282 0.310675 0.619077 0.316099 0.612879 0.303702 0.628116 0.297504
3 0.538498 0.340634 0.540823 0.346316 0.523261 0.353547 0.521195 0.348382 0.538498 0.340634
3 0.820955 0.107244 0.812655 0.098328 0.823722 0.089413 0.831100 0.099865 0.820955 0.107244
3 0.338371 0.437065 0.334292 0.430039 0.346303 0.423014 0.350155 0.430039 0.338371 0.437065
3 0.226443 0.525510 0.234602 0.510100 0.248652 0.515312 0.242986 0.530949 0.226443 0.525510
3 0.274094 0.780258 0.279320 0.787021 0.274709 0.796859 0.266716 0.792248 0.274094 0.780258
2 0.246426 0.915215 0.258723 0.920134 0.255956 0.927512 0.242430 0.922901 0.246426 0.915215
3 0.866842 0.986184 0.868385 0.985821 0.869928 0.985730 0.872470 0.986366 0.874286 0.989089 0.873560 0.991449 0.872470 0.992720 0.871018 0.993447 0.869293 0.993447 0.867023 0.993900 0.865934 0.993537 0.864845 0.991631 0.864209 0.989543 0.864391 0.988363 0.865752 0.987001 0.866842 0.986184
