0 0.454707 0.000003 0.455334 0.032534 0.451266 0.031933 0.451451 0.039053 0.412245 0.036834 0.413658 0.021095 0.421716 0.021245 0.423146 0.000003 0.454707 0.000003
0 0.490328 0.058961 0.494736 0.066917 0.494261 0.094813 0.489123 0.093802 0.475178 0.067811 0.490328 0.058961
0 0.418819 0.060150 0.433420 0.060355 0.433492 0.084358 0.419508 0.084122 0.418819 0.060150
0 0.393556 0.043468 0.411630 0.046857 0.408768 0.061768 0.390243 0.058078 0.393556 0.043468
0 0.358291 0.000004 0.365225 0.011389 0.349422 0.026956 0.352019 0.030320 0.339496 0.042649 0.329347 0.033327 0.336887 0.025998 0.315349 0.003707 0.321493 0.000004 0.358291 0.000004
0 0.211927 0.025659 0.225542 0.000004 0.225551 0.000004 0.254003 0.016084 0.240813 0.041202 0.222589 0.031949 0.218541 0.040045 0.208605 0.034525 0.213143 0.026429 0.211927 0.025659
0 0.243548 0.047106 0.256919 0.022941 0.276914 0.034226 0.273234 0.041218 0.281330 0.046125 0.270535 0.067224 0.253975 0.058269 0.252257 0.062072 0.240972 0.055448 0.244956 0.048252 0.243548 0.047106
0 0.213016 0.000004 0.202489 0.027817 0.193043 0.024382 0.189608 0.032110 0.179672 0.027203 0.182739 0.019843 0.174520 0.016286 0.180897 0.000004 0.213016 0.000004
0 0.171894 0.000004 0.163429 0.025454 0.136319 0.017726 0.142006 0.000004 0.171894 0.000004
0 0.029931 0.020998 0.044160 0.021489 0.043547 0.034983 0.058145 0.035473 0.057286 0.051911 0.028091 0.051175 0.029931 0.020998
0 -0.000000 0.019114 0.017078 0.019883 0.016502 0.029975 0.019769 0.030167 0.019481 0.046026 0.011888 0.045449 0.011119 0.058809 -0.000000 0.058136 -0.000000 0.019114
0 -0.000000 0.084781 0.015370 0.084685 0.015466 0.078822 0.034593 0.078630 0.034467 0.086977 0.040847 0.087208 0.040490 0.102651 0.032642 0.101825 0.032583 0.104362 0.028217 0.104775 0.027612 0.122231 0.049814 0.123481 0.049526 0.133381 0.013195 0.131362 0.013098 0.137513 0.007139 0.137706 0.007428 0.131074 -0.000000 0.131651 -0.000000 0.084781
0 0.105223 0.089250 0.140429 0.088637 0.140429 0.091213 0.147053 0.090845 0.147544 0.115133 0.104119 0.115256 0.105223 0.089250
0 0.107341 0.054139 0.125640 0.052708 0.126017 0.058280 0.143940 0.056473 0.144693 0.070782 0.107943 0.073869 0.107341 0.054139
0 0.067613 0.041751 0.084721 0.043578 0.085298 0.040310 0.104713 0.042520 0.102310 0.066549 0.077032 0.064338 0.077993 0.058187 0.065691 0.056361 0.067613 0.041751
0 0.171782 0.075236 0.182927 0.065371 0.190383 0.073052 0.194675 0.069287 0.204014 0.082165 0.196709 0.088490 0.191814 0.082918 0.186843 0.087511 0.180668 0.081110 0.178710 0.082466 0.171782 0.075236
0 0.275204 0.124802 0.301443 0.123552 0.308940 0.132299 0.323645 0.132203 0.324318 0.153924 0.310382 0.154309 0.310574 0.151714 0.298752 0.152098 0.275108 0.152483 0.275204 0.124802
0 0.400772 0.142370 0.430217 0.142521 0.430142 0.156980 0.400470 0.156528 0.400772 0.142370
0 0.061488 0.127177 0.059181 0.104433 0.073355 0.102455 0.075003 0.125858 0.061488 0.127177
0 0.472021 0.000003 0.477030 0.004862 0.462663 0.019229 0.455011 0.010208 0.454877 0.006394 0.459294 0.000973 0.460387 0.000003 0.472021 0.000003
0 0.398088 0.104995 0.414292 0.103658 0.417466 0.106833 0.418803 0.117357 0.399758 0.118025 0.398088 0.104995
