0 0.596666 0.363031 0.629860 0.338205 0.654406 0.369168 0.618981 0.394551 0.596666 0.363031
0 0.568878 0.321281 0.591608 0.302267 0.603629 0.317129 0.613026 0.311009 0.623954 0.324997 0.591827 0.350349 0.568878 0.321281
0 0.551777 0.264212 0.565393 0.277525 0.573261 0.270094 0.586374 0.284300 0.560803 0.310308 0.532172 0.281677 0.551777 0.264212
0 0.526708 0.230711 0.540339 0.239344 0.545337 0.232982 0.557604 0.242070 0.528777 0.274446 0.508988 0.255246 0.526708 0.230711
0 0.463660 0.210423 0.505915 0.221782 0.500463 0.241774 0.493193 0.239048 0.490467 0.251770 0.454118 0.241320 0.463660 0.210423
0 0.454118 0.201336 0.447303 0.244955 0.416406 0.240411 0.419132 0.211786 0.430946 0.213604 0.434581 0.199064 0.454118 0.201336
0 0.375716 0.209929 0.393289 0.210208 0.393568 0.199329 0.413651 0.200445 0.412256 0.245075 0.375437 0.242565 0.375716 0.209929
0 0.371531 0.195145 0.372371 0.216352 0.367347 0.216638 0.368742 0.237265 0.337222 0.237823 0.338059 0.211882 0.345311 0.211603 0.347822 0.194866 0.371531 0.195145
0 0.318007 0.194554 0.337525 0.192879 0.336657 0.212162 0.326933 0.213243 0.326654 0.237789 0.297366 0.237789 0.298203 0.208780 0.316892 0.207943 0.318007 0.194554
0 0.267041 0.194284 0.294098 0.196064 0.290538 0.235224 0.256717 0.232732 0.258497 0.203184 0.266685 0.203896 0.267041 0.194284
0 0.213260 0.193329 0.233622 0.194166 0.235296 0.208670 0.252590 0.208391 0.252590 0.241027 0.213260 0.237959 0.213260 0.193329
0 0.206612 0.195613 0.207869 0.238719 0.173376 0.243476 0.172081 0.210153 0.183894 0.208335 0.182531 0.196976 0.206612 0.195613
0 0.159904 0.204651 0.167380 0.247015 0.129643 0.254135 0.126439 0.221027 0.142460 0.219959 0.140324 0.207143 0.159904 0.204651
0 0.112581 0.217534 0.133585 0.267019 0.104393 0.280903 0.086593 0.243879 0.094069 0.241387 0.087661 0.226078 0.112581 0.217534
0 0.067536 0.240724 0.092082 0.282006 0.067257 0.296511 0.049405 0.270849 0.058610 0.265270 0.051078 0.252997 0.067536 0.240724
0 0.031970 0.262896 0.058595 0.299617 0.031894 0.320622 0.014094 0.297125 0.022994 0.290361 0.014677 0.277340 0.031970 0.262896
0 0.000358 0.293895 0.030762 0.324299 0.006773 0.349125 -0.000000 0.342988 0.000358 0.293895
0 0.684448 0.304166 0.719477 0.280126 0.740906 0.312729 0.714479 0.327179 0.706070 0.316290 0.695128 0.322322 0.684448 0.304166
0 0.670878 0.260500 0.693772 0.245286 0.712196 0.271903 0.691778 0.282764 0.695413 0.287762 0.677766 0.298506 0.664062 0.279584 0.676785 0.270042 0.670878 0.260500
0 0.705523 0.085779 0.716204 0.090763 0.711931 0.097527 0.731868 0.105359 0.708395 0.143722 0.690571 0.129923 0.694487 0.123515 0.685587 0.116039 0.705523 0.085779
0 0.691242 0.059961 0.702990 0.059605 0.702990 0.042517 0.731115 0.041805 0.732284 0.076802 0.693022 0.077406 0.691242 0.059961
0 0.732092 0.000007 0.730419 0.027032 0.710335 0.027869 0.711172 0.032611 0.690252 0.031495 0.690252 0.010575 0.708563 0.009475 0.708842 0.000008 0.732092 0.000007
0 0.817060 0.000177 0.818734 0.002130 0.802277 0.028350 0.791677 0.022772 0.783013 0.023461 0.779715 0.030647 0.766504 0.022813 0.769786 0.017070 0.763816 0.012254 0.772983 0.000007 0.774669 0.000007 0.817060 0.000177
0 0.615835 0.000008 0.618325 0.009863 0.630429 0.011643 0.629717 0.030867 0.617613 0.031935 0.617257 0.033359 0.587709 0.031223 0.586285 0.000008 0.615835 0.000008
0 0.588421 0.036919 0.616545 0.038343 0.616901 0.047955 0.631853 0.049379 0.631497 0.075724 0.588777 0.074300 0.588421 0.036919
0 0.589908 0.082695 0.630912 0.079906 0.632028 0.100826 0.625334 0.101384 0.623939 0.115610 0.589629 0.112820 0.589908 0.082695
0 0.585522 0.115501 0.627084 0.125542 0.627642 0.131958 0.625411 0.144231 0.610906 0.140605 0.606443 0.155947 0.576875 0.149531 0.585522 0.115501
0 0.576875 0.149531 0.594812 0.165015 0.596592 0.162522 0.612612 0.176763 0.596375 0.192233 0.587305 0.184873 0.580928 0.193851 0.556364 0.171779 0.576875 0.149531
0 0.532864 0.000009 0.529561 0.032486 0.487909 0.032486 0.487553 0.015398 0.500369 0.014330 0.504306 0.000009 0.532864 0.000009
0 0.499493 0.036607 0.527666 0.038839 0.528782 0.040791 0.526829 0.068964 0.505072 0.069522 0.490009 0.069243 0.487778 0.067848 0.488057 0.044975 0.496983 0.045533 0.499493 0.036607
0 0.482948 0.076921 0.501883 0.075395 0.501637 0.081105 0.526742 0.083336 0.526184 0.111509 0.483424 0.110114 0.482948 0.076921
0 0.482990 0.115519 0.522862 0.119435 0.522506 0.158239 0.494738 0.153967 0.490110 0.151475 0.491534 0.143287 0.479430 0.141507 0.482990 0.115519
0 0.422467 0.000009 0.422426 0.004081 0.428469 0.003932 0.427996 0.024224 0.385596 0.021601 0.387125 0.000008 0.422467 0.000009
0 0.389173 0.093024 0.417297 0.095516 0.416585 0.117944 0.422994 0.119012 0.421569 0.137524 0.402345 0.136812 0.401633 0.125064 0.389173 0.122928 0.389173 0.093024
0 0.346453 0.091600 0.381341 0.091600 0.382053 0.137524 0.362829 0.137168 0.362473 0.123640 0.344673 0.122928 0.346453 0.091600
0 0.295330 0.093932 0.316529 0.095327 0.316529 0.088632 0.338844 0.089469 0.338008 0.129915 0.335218 0.130194 0.334939 0.136052 0.317645 0.136052 0.316529 0.126010 0.309835 0.125731 0.308440 0.123221 0.293377 0.122384 0.292541 0.111784 0.292541 0.105369 0.295330 0.093932
0 0.357688 0.000008 0.357351 0.009468 0.349383 0.009192 0.350199 0.024491 0.322938 0.025503 0.298241 0.025584 0.297585 0.007444 0.307202 0.006788 0.307638 0.000008 0.357688 0.000008
0 0.199708 0.008347 0.199380 0.028151 0.193568 0.028200 0.192964 0.050745 0.175391 0.051582 0.172881 0.052419 0.165349 0.051303 0.165628 0.022015 0.179854 0.021457 0.179296 0.009741 0.199708 0.008347
0 0.077534 0.006956 0.095690 0.007312 0.095334 0.021196 0.112778 0.021196 0.110998 0.052881 0.073618 0.052525 0.077534 0.006956
0 -0.000000 0.127364 0.014068 0.105607 0.022157 0.109791 0.026899 0.102818 0.038056 0.111465 0.033314 0.119833 0.044193 0.128201 0.018531 0.161395 0.004026 0.150516 0.011557 0.140474 -0.000000 0.132385 -0.000000 0.127364
0 0.068738 0.159004 0.052560 0.179367 0.043913 0.172393 0.033313 0.181877 0.017693 0.167930 0.031193 0.148894 0.035416 0.152996 0.046981 0.138920 0.064275 0.151752 0.063717 0.153704 0.068738 0.159004
0 0.083018 0.110504 0.117049 0.103809 0.119838 0.118872 0.128485 0.144255 0.100033 0.151508 0.098639 0.143418 0.090828 0.145929 0.083018 0.110504
0 0.157351 0.088328 0.168387 0.136389 0.140975 0.141017 0.138839 0.128557 0.129583 0.130693 0.123530 0.097941 0.138127 0.095093 0.137415 0.092244 0.157351 0.088328
0 0.195026 0.088487 0.196700 0.111918 0.202557 0.111918 0.203952 0.131443 0.180800 0.133117 0.178847 0.117775 0.168527 0.117775 0.166574 0.090439 0.195026 0.088487
0 0.206621 0.084178 0.242883 0.081668 0.244997 0.113566 0.225589 0.114024 0.226704 0.126856 0.208573 0.126298 0.206621 0.084178
0 -0.000000 0.004213 0.006532 0.004640 0.006484 0.006919 0.006484 0.007251 0.022622 0.007607 0.020839 0.048506 -0.000000 0.047863 -0.000000 0.004213
0 0.029943 0.022815 0.041910 0.022563 0.043674 0.008455 0.067859 0.009714 0.068111 0.028735 0.058664 0.028861 0.059545 0.048638 0.055011 0.048638 0.054759 0.056196 0.043926 0.056070 0.041154 0.051913 0.037753 0.048764 0.028054 0.048638 0.029943 0.022815
0 0.157132 0.054283 0.136554 0.056051 0.136393 0.059267 0.132696 0.059427 0.132053 0.053961 0.127873 0.053801 0.128033 0.049460 0.119513 0.048817 0.120799 0.023094 0.132856 0.022933 0.132856 0.021486 0.130927 0.021486 0.131088 0.013609 0.134464 0.012805 0.134303 0.010715 0.158419 0.011358 0.157132 0.054283
0 0.206567 0.055005 0.206567 0.036333 0.207388 0.026689 0.207593 0.009864 0.227291 0.009864 0.226265 0.024227 0.242474 0.024227 0.243295 0.053774 0.206567 0.055005
0 0.426632 0.043678 0.423143 0.065838 0.406318 0.065222 0.405497 0.059067 0.399957 0.058861 0.399752 0.062350 0.391955 0.062760 0.391955 0.060093 0.385800 0.059477 0.385800 0.057425 0.378434 0.056810 0.378413 0.047987 0.378003 0.037727 0.379234 0.036496 0.383543 0.037317 0.383543 0.028289 0.412269 0.030341 0.411243 0.041831 0.426632 0.043678
0 0.676212 0.250084 0.664476 0.237062 0.663994 0.233525 0.667209 0.229506 0.658045 0.216645 0.658528 0.210857 0.665280 0.201854 0.679749 0.185134 0.683768 0.188993 0.683125 0.190279 0.691003 0.194298 0.703382 0.194459 0.706597 0.219699 0.676212 0.250084
0 0.300376 0.031990 0.322457 0.031078 0.322639 0.036552 0.341618 0.036187 0.341983 0.065568 0.311325 0.065933 0.311325 0.052611 0.300558 0.052794 0.300376 0.031990
