0 -0.000000 0.696643 0.003983 0.692963 0.031729 0.727211 0.008510 0.747672 -0.000000 0.740153 0.002907 0.733828 -0.000000 0.729062 -0.000000 0.696643
0 0.004028 0.819871 0.023475 0.808993 0.025453 0.813278 0.031716 0.809982 0.039611 0.820720 0.015134 0.820278 0.004028 0.819871
0 0.017381 0.776682 0.026679 0.779265 0.030294 0.769967 0.039075 0.771517 0.045532 0.754988 0.069551 0.763252 0.059995 0.791662 0.051472 0.789079 0.047082 0.798635 0.013249 0.786754 0.017381 0.776682
0 0.075407 0.768870 0.081273 0.767284 0.086188 0.775846 0.093164 0.771882 0.107751 0.792811 0.083810 0.808191 0.083017 0.808032 0.079688 0.810252 0.077151 0.805654 0.073504 0.808032 0.069065 0.811362 0.062722 0.801373 0.059393 0.802958 0.056380 0.798677 0.067162 0.787737 0.075407 0.768870
0 0.217239 0.823924 0.217571 0.818942 0.224864 0.809587 0.229621 0.811648 0.232792 0.808794 0.259526 0.824686 0.217239 0.823924
0 0.238976 0.801184 0.241354 0.798171 0.242147 0.794683 0.250233 0.783743 0.251977 0.783426 0.254831 0.779938 0.278138 0.795952 0.277662 0.801025 0.281151 0.802928 0.280199 0.804196 0.287968 0.808953 0.288127 0.814344 0.280201 0.825059 0.278278 0.825024 0.273857 0.821954 0.269576 0.823857 0.250233 0.809746 0.248647 0.810539 0.239293 0.804038 0.238976 0.801184
0 0.075344 0.819278 0.081686 0.816424 0.081844 0.813888 0.112604 0.793434 0.128617 0.816424 0.117978 0.822134 0.074825 0.821355 0.075344 0.819278
0 0.006514 0.680840 0.011112 0.678620 0.008892 0.673864 0.013490 0.672278 0.019515 0.681474 0.024431 0.683060 0.022528 0.687182 0.033944 0.703671 0.027760 0.706525 0.030931 0.710648 0.036005 0.708745 0.049482 0.722539 0.039652 0.729357 0.006514 0.680840
0 0.015162 0.670836 0.022393 0.665995 0.019046 0.660796 0.031572 0.654613 0.050281 0.683469 0.050281 0.689177 0.051549 0.691873 0.053733 0.695560 0.057088 0.703457 0.050825 0.708970 0.046317 0.708838 0.041402 0.699642 0.033651 0.702777 0.023126 0.686913 0.024924 0.682694 0.020116 0.681046 0.015162 0.670836
0 0.147705 0.784546 0.183725 0.761680 0.190200 0.772000 0.186760 0.775035 0.191414 0.782725 0.170774 0.795878 0.172797 0.798509 0.174214 0.798306 0.175833 0.800330 0.162680 0.809436 0.147705 0.784546
0 0.126300 0.758060 0.132169 0.755227 0.131359 0.753203 0.150179 0.740859 0.152202 0.743085 0.159892 0.738431 0.158475 0.736003 0.169403 0.730337 0.184782 0.751584 0.144513 0.779307 0.142691 0.779105 0.126300 0.758060
0 0.108225 0.730666 0.124080 0.719568 0.126142 0.722263 0.150559 0.704505 0.165938 0.726703 0.139936 0.744619 0.138509 0.741924 0.131057 0.747156 0.129788 0.745412 0.122812 0.750168 0.108225 0.730666
0 0.098874 0.701882 0.130267 0.680953 0.147232 0.701882 0.112826 0.725348 0.098874 0.701882
0 0.068479 0.672802 0.080212 0.665350 0.081322 0.667887 0.103044 0.653142 0.108752 0.657581 0.123339 0.677083 0.115570 0.683425 0.115411 0.684852 0.097653 0.695634 0.094165 0.691353 0.090360 0.693572 0.091152 0.698646 0.086554 0.702134 0.068479 0.672802
0 0.040212 0.633668 0.061865 0.611814 0.063079 0.611814 0.065710 0.608374 0.080279 0.622944 0.078256 0.630228 0.074006 0.634680 0.086957 0.646215 0.074209 0.658558 0.057211 0.643382 0.052354 0.647631 0.041427 0.638727 0.040212 0.633668
0 0.061075 0.600328 0.077555 0.587802 0.075248 0.579891 0.083159 0.574288 0.102936 0.598680 0.097662 0.604283 0.108540 0.620764 0.089092 0.636915 0.061075 0.600328
0 0.433302 0.827819 0.445942 0.808248 0.451410 0.812876 0.461928 0.796890 0.477914 0.807407 0.464872 0.825496 0.469500 0.828441 0.467839 0.828441 0.433302 0.827819
0 0.487504 0.828795 0.495312 0.810423 0.519072 0.819463 0.517781 0.824886 0.526306 0.829494 0.487504 0.828795
0 0.669614 0.805715 0.690381 0.812307 0.682470 0.832084 0.677242 0.832213 0.656236 0.831835 0.669614 0.805715
0 0.687250 0.832394 0.695984 0.814614 0.723342 0.826810 0.719698 0.832978 0.687250 0.832394
0 0.741338 0.833367 0.744932 0.829446 0.757073 0.831065 0.762335 0.814674 0.772453 0.817710 0.773869 0.811234 0.781154 0.813258 0.783582 0.808199 0.791272 0.810425 0.788641 0.815281 0.799164 0.818721 0.796331 0.825804 0.802401 0.827828 0.798847 0.834403 0.741338 0.833367
0 0.846161 0.835255 0.834491 0.829653 0.845338 0.804085 0.869357 0.814157 0.866258 0.820872 0.876847 0.825004 0.872198 0.833269 0.873187 0.835741 0.846161 0.835255
0 0.267412 0.713607 0.294336 0.716131 0.307798 0.719076 0.306371 0.734138 0.294797 0.735248 0.294163 0.738578 0.302249 0.739529 0.301139 0.752847 0.288584 0.757001 0.270763 0.755193 0.272829 0.736856 0.265598 0.736598 0.267412 0.713607
0 0.334251 0.751184 0.345873 0.755317 0.346906 0.753251 0.354654 0.755058 0.353879 0.757641 0.373765 0.764873 0.366534 0.784759 0.334509 0.775203 0.335542 0.768488 0.328569 0.766422 0.334251 0.751184
0 0.417770 0.777454 0.427326 0.777713 0.433524 0.765832 0.445404 0.763766 0.464516 0.784428 0.437140 0.811804 0.428875 0.809221 0.426809 0.810512 0.420094 0.804830 0.417770 0.777454
0 0.591099 0.788390 0.600397 0.791230 0.604529 0.785807 0.621316 0.793297 0.634488 0.796396 0.623899 0.821447 0.613052 0.816540 0.610986 0.820156 0.604013 0.817057 0.604529 0.815766 0.583868 0.809309 0.591099 0.788390
0 0.608189 0.754097 0.637373 0.764170 0.629883 0.784056 0.623427 0.781990 0.620328 0.788188 0.601991 0.781732 0.604057 0.775792 0.599150 0.773209 0.608189 0.754097
0 0.853191 0.780949 0.861487 0.784794 0.863713 0.780140 0.888806 0.789043 0.891841 0.796126 0.889817 0.799971 0.895483 0.802804 0.890222 0.818385 0.880104 0.815957 0.850155 0.804827 0.851572 0.800982 0.846311 0.798352 0.853191 0.780949
0 0.862196 0.749797 0.870719 0.745665 0.895771 0.756770 0.895771 0.758836 0.904035 0.762710 0.901969 0.768650 0.907392 0.771233 0.900678 0.787762 0.894479 0.784663 0.894221 0.785179 0.854706 0.767359 0.862196 0.749797
0 0.211305 0.670359 0.238649 0.654373 0.248746 0.668676 0.247484 0.671621 0.257160 0.686766 0.251270 0.700228 0.253794 0.704435 0.240332 0.718738 0.211305 0.670359
0 0.270405 0.682737 0.311945 0.689238 0.309567 0.707788 0.304176 0.706362 0.303066 0.714923 0.263428 0.707313 0.270405 0.682737
0 0.276330 0.649767 0.317408 0.656242 0.312754 0.679514 0.272890 0.673240 0.273902 0.668991 0.268033 0.667574 0.269854 0.657861 0.274711 0.659480 0.276330 0.649767
0 0.196416 0.634986 0.236963 0.626980 0.240837 0.644284 0.236963 0.644542 0.237996 0.649191 0.225600 0.653840 0.224308 0.649449 0.200806 0.653840 0.196416 0.634986
0 0.136414 0.564656 0.147139 0.567286 0.148354 0.562430 0.167577 0.567893 0.166363 0.570929 0.173648 0.572750 0.170208 0.588332 0.162114 0.586510 0.161304 0.595212 0.173243 0.597235 0.171827 0.607555 0.155638 0.604520 0.156448 0.596021 0.142080 0.592783 0.141878 0.590962 0.130546 0.587724 0.136414 0.564656
0 0.193584 0.593299 0.203398 0.592008 0.203656 0.595365 0.217602 0.594590 0.216827 0.590200 0.225350 0.590200 0.225867 0.592782 0.235681 0.592782 0.239555 0.618092 0.194358 0.622483 0.193584 0.593299
0 0.285366 0.614714 0.300858 0.617351 0.299539 0.623284 0.322613 0.626910 0.318328 0.651961 0.275148 0.643720 0.285366 0.614714
0 0.335537 0.717190 0.364213 0.719827 0.364213 0.723782 0.377728 0.724771 0.375091 0.742570 0.363224 0.739933 0.362895 0.745207 0.352347 0.742900 0.351688 0.738945 0.332570 0.734330 0.335537 0.717190
0 0.340007 0.689882 0.346206 0.690657 0.348014 0.681876 0.385979 0.688591 0.382879 0.707444 0.387012 0.707702 0.384687 0.719841 0.364026 0.716225 0.363251 0.708994 0.336650 0.705120 0.340007 0.689882
0 0.346459 0.656505 0.350074 0.657538 0.351882 0.649531 0.391138 0.657021 0.387006 0.672775 0.396304 0.675874 0.393979 0.685688 0.348525 0.677941 0.351107 0.670193 0.343359 0.668126 0.346459 0.656505
0 0.357643 0.616312 0.365224 0.619279 0.365884 0.614664 0.373465 0.618949 0.374783 0.615653 0.393242 0.621586 0.391594 0.625541 0.399834 0.629826 0.393572 0.646637 0.378739 0.641033 0.376761 0.646637 0.351051 0.638726 0.357643 0.616312
0 0.145869 0.526661 0.151130 0.526256 0.160236 0.520995 0.181079 0.534148 0.180269 0.539005 0.185935 0.539814 0.188971 0.545278 0.183507 0.568144 0.174199 0.563895 0.175615 0.560050 0.165700 0.556812 0.162462 0.560050 0.144047 0.552360 0.140810 0.539814 0.145869 0.526661
0 0.167199 0.494373 0.173914 0.499022 0.176754 0.494632 0.189409 0.502896 0.186827 0.505221 0.201806 0.513485 0.201806 0.521491 0.195866 0.531305 0.192250 0.530272 0.190184 0.535954 0.166682 0.522266 0.170298 0.517359 0.157385 0.511161 0.167199 0.494373
0 0.183512 0.464157 0.185738 0.465371 0.187357 0.461728 0.202736 0.470834 0.201320 0.475286 0.220948 0.489046 0.211033 0.506854 0.205569 0.504426 0.204355 0.508270 0.179061 0.492082 0.180882 0.486416 0.170966 0.482166 0.183512 0.464157
0 0.205847 0.437938 0.233998 0.452400 0.232965 0.453434 0.239938 0.457307 0.228058 0.479260 0.203781 0.466347 0.205330 0.463764 0.193192 0.456533 0.205847 0.437938
0 0.202098 0.429751 0.207005 0.422520 0.210104 0.424586 0.218368 0.410123 0.233089 0.420453 0.236963 0.415030 0.246003 0.420712 0.242645 0.425619 0.254525 0.433883 0.242645 0.454028 0.202098 0.429751
0 0.211674 0.554940 0.240341 0.561396 0.241116 0.559330 0.250672 0.561396 0.246023 0.583349 0.224329 0.578442 0.224071 0.583090 0.204442 0.576634 0.211674 0.554940
0 0.294634 0.582050 0.324283 0.589978 0.320795 0.594100 0.329674 0.597906 0.323966 0.620420 0.300342 0.613444 0.301928 0.606626 0.287816 0.603138 0.294634 0.582050
0 0.232273 0.514170 0.269980 0.539480 0.258358 0.555234 0.249060 0.550327 0.248544 0.548261 0.240796 0.542579 0.238213 0.542579 0.229432 0.538705 0.229432 0.535606 0.225300 0.534056 0.224267 0.531216 0.224267 0.529666 0.222459 0.527858 0.232273 0.514170
0 0.236691 0.510620 0.250121 0.490217 0.261226 0.495899 0.260451 0.497190 0.265100 0.498482 0.266133 0.496932 0.271557 0.498740 0.269749 0.502097 0.285503 0.509329 0.273881 0.531281 0.236691 0.510620
0 0.223469 0.403223 0.235813 0.380762 0.270619 0.400390 0.256454 0.424471 0.223469 0.403223
0 0.262569 0.475240 0.266211 0.471396 0.266211 0.468765 0.278150 0.457433 0.277948 0.456017 0.286649 0.446101 0.299600 0.459052 0.285637 0.474431 0.290696 0.479085 0.278960 0.490417 0.262569 0.475240
0 0.288654 0.497783 0.296264 0.490490 0.290556 0.484940 0.298008 0.477330 0.301655 0.480977 0.314498 0.467817 0.333048 0.485258 0.305143 0.515382 0.300704 0.514114 0.287861 0.502223 0.288654 0.497783
0 0.309159 0.516632 0.315659 0.510290 0.318038 0.512668 0.320257 0.512034 0.319623 0.510290 0.325490 0.504740 0.326282 0.505533 0.330563 0.501569 0.328185 0.499032 0.333100 0.494276 0.335954 0.496496 0.340711 0.492056 0.356724 0.507119 0.335478 0.526621 0.332783 0.523132 0.325331 0.528999 0.328661 0.532645 0.324855 0.536451 0.308842 0.521864 0.311537 0.519327 0.309159 0.516632
0 0.317387 0.548500 0.327534 0.554684 0.326742 0.556745 0.333718 0.559758 0.335779 0.566417 0.348939 0.572125 0.341170 0.586394 0.318497 0.574662 0.314692 0.581955 0.302325 0.575613 0.317387 0.548500
0 0.356180 0.514148 0.361846 0.517588 0.362655 0.516778 0.369940 0.523861 0.369536 0.525075 0.376011 0.529932 0.367107 0.540454 0.367107 0.543287 0.346871 0.563523 0.340598 0.558059 0.336349 0.555833 0.337563 0.551179 0.325422 0.540454 0.337158 0.528920 0.341206 0.529932 0.341610 0.527503 0.356180 0.514148
0 0.381543 0.576144 0.388625 0.576346 0.388625 0.569871 0.409063 0.570680 0.410278 0.609735 0.390649 0.609128 0.390649 0.607105 0.381948 0.606902 0.381543 0.576144
0 0.470127 0.749793 0.474174 0.746352 0.476400 0.745745 0.476804 0.743722 0.485304 0.734818 0.488744 0.734211 0.490362 0.734211 0.495421 0.727736 0.499671 0.727331 0.507563 0.732592 0.514443 0.738258 0.514848 0.741496 0.511610 0.747364 0.507765 0.747769 0.501694 0.758089 0.502909 0.760922 0.490565 0.773671 0.480245 0.766183 0.481863 0.764160 0.476804 0.760113 0.476602 0.756470 0.470127 0.749793
0 0.508654 0.757668 0.520546 0.761315 0.522607 0.757192 0.549719 0.768450 0.546865 0.774158 0.550512 0.775902 0.542584 0.791281 0.525302 0.785573 0.524351 0.787476 0.498507 0.776853 0.508654 0.757668
0 0.523756 0.733030 0.537186 0.738196 0.537961 0.735871 0.547258 0.739487 0.547000 0.741812 0.559655 0.746719 0.553715 0.761956 0.548033 0.760665 0.546742 0.761956 0.532795 0.758082 0.532795 0.755758 0.517816 0.748526 0.523756 0.733030
0 0.450707 0.717923 0.457587 0.714685 0.455563 0.709019 0.478632 0.699509 0.484095 0.707198 0.488750 0.719542 0.483488 0.722173 0.485714 0.726827 0.461027 0.736540 0.459003 0.732291 0.458598 0.732291 0.451921 0.724399 0.452325 0.722173 0.450707 0.717923
0 0.438755 0.668826 0.464252 0.667612 0.465668 0.670243 0.468501 0.668017 0.488332 0.667612 0.491772 0.686229 0.484690 0.689871 0.482059 0.687038 0.479833 0.687848 0.481857 0.693716 0.458788 0.696752 0.459800 0.701001 0.454943 0.701406 0.453122 0.698573 0.446849 0.699382 0.439969 0.699180 0.438755 0.684003 0.447861 0.682384 0.447456 0.678135 0.439564 0.678539 0.438755 0.668826
0 0.526045 0.688089 0.533748 0.691567 0.537226 0.683616 0.556606 0.691070 0.553624 0.698151 0.577477 0.706226 0.571265 0.730202 0.526045 0.712810 0.527039 0.710450 0.517225 0.706972 0.526045 0.688089
0 0.613685 0.725300 0.622208 0.727108 0.623499 0.723751 0.639253 0.730465 0.639512 0.732273 0.653200 0.737439 0.643902 0.758100 0.642094 0.764298 0.622208 0.755001 0.621433 0.751127 0.606712 0.745703 0.606712 0.742346 0.613685 0.725300
0 0.676616 0.738318 0.713031 0.752522 0.704767 0.773183 0.707866 0.779640 0.706058 0.781190 0.699602 0.786613 0.693403 0.787646 0.690821 0.782481 0.672484 0.776541 0.672742 0.772409 0.661637 0.769309 0.676616 0.738318
0 0.725428 0.758721 0.752288 0.760270 0.751255 0.780157 0.749189 0.781190 0.747897 0.794878 0.738858 0.794103 0.738858 0.796944 0.731885 0.797202 0.731627 0.802109 0.709932 0.799010 0.709416 0.791779 0.711998 0.790229 0.712515 0.783772 0.718713 0.783256 0.718713 0.778607 0.724395 0.778607 0.724395 0.774217 0.721296 0.773183 0.721812 0.767243 0.727236 0.763886 0.725428 0.758721
0 0.753337 0.755604 0.768558 0.746725 0.770460 0.750055 0.778071 0.745615 0.802646 0.779228 0.772204 0.793340 0.759044 0.773521 0.760154 0.764483 0.753337 0.755604
0 0.874085 0.716742 0.884608 0.720789 0.884001 0.725038 0.897154 0.729895 0.898570 0.724836 0.910712 0.728276 0.909295 0.732323 0.920223 0.735763 0.911521 0.757820 0.901606 0.753368 0.899784 0.756808 0.889262 0.751142 0.890274 0.749928 0.863360 0.740822 0.874085 0.716742
0 0.785003 0.712739 0.820902 0.725910 0.826067 0.732367 0.814704 0.756644 0.792235 0.748379 0.792493 0.745280 0.776739 0.738565 0.779063 0.726168 0.785003 0.712739
0 0.628305 0.696488 0.631476 0.697598 0.633379 0.693000 0.646697 0.697757 0.645746 0.699342 0.661918 0.703623 0.652563 0.725186 0.647490 0.723284 0.646063 0.729943 0.634647 0.725821 0.634489 0.724394 0.621963 0.719161 0.623865 0.706794 0.628305 0.696488
0 0.687663 0.711123 0.726718 0.725288 0.724694 0.733180 0.725099 0.733585 0.719433 0.748155 0.677950 0.731764 0.687663 0.711123
0 0.637009 0.665238 0.676266 0.683045 0.667970 0.701460 0.655828 0.696198 0.657447 0.691949 0.629319 0.682438 0.637009 0.665238
0 0.439879 0.640010 0.454246 0.640212 0.454246 0.635355 0.482779 0.634546 0.483993 0.660043 0.466590 0.660043 0.466590 0.665102 0.445747 0.665911 0.445747 0.660043 0.438867 0.660245 0.439879 0.640010
0 0.499829 0.636601 0.507123 0.639931 0.513623 0.625978 0.536138 0.635015 0.525990 0.661969 0.520917 0.660067 0.513306 0.672434 0.498719 0.666250 0.502842 0.659433 0.494121 0.654517 0.498085 0.648017 0.495865 0.646748 0.499829 0.636601
0 0.562235 0.646929 0.569529 0.650100 0.571114 0.644392 0.587762 0.651527 0.585384 0.658345 0.591726 0.660882 0.578249 0.693385 0.571907 0.689421 0.569846 0.693385 0.560967 0.689897 0.561126 0.687994 0.555893 0.685140 0.561443 0.672297 0.553832 0.669602 0.562235 0.646929
0 0.698176 0.682722 0.738242 0.699113 0.730755 0.717527 0.688665 0.701136 0.690891 0.696078 0.693117 0.697089 0.698176 0.682722
0 0.648642 0.642057 0.654350 0.644594 0.656886 0.640788 0.676230 0.649192 0.674169 0.652680 0.683365 0.656168 0.675754 0.675828 0.640714 0.663937 0.648642 0.642057
0 0.709206 0.653761 0.746466 0.670726 0.735050 0.693716 0.712219 0.682459 0.712377 0.680557 0.699059 0.674532 0.709206 0.653761
0 0.998857 0.724403 0.975885 0.729615 0.966071 0.698881 0.998857 0.687643 0.998857 0.724403
0 0.884201 0.696557 0.899697 0.685451 0.900730 0.681577 0.912352 0.674604 0.925265 0.690358 0.925265 0.694232 0.938953 0.710761 0.931722 0.718251 0.930688 0.716185 0.924490 0.720834 0.925523 0.721350 0.917259 0.726515 0.904862 0.713086 0.895823 0.719284 0.885750 0.706887 0.884201 0.696557
0 0.920760 0.669570 0.924565 0.668143 0.923297 0.666874 0.933286 0.660532 0.933444 0.661167 0.941689 0.657995 0.964203 0.693353 0.941848 0.704768 0.934713 0.696524 0.935505 0.693511 0.929480 0.680827 0.927578 0.681937 0.920760 0.669570
0 0.998857 0.660959 0.982608 0.654343 0.991180 0.633224 0.998857 0.635484 0.998857 0.660959
0 0.947556 0.650338 0.952228 0.647418 0.955343 0.651020 0.970528 0.641578 0.986297 0.664063 0.979483 0.668443 0.983861 0.674256 0.989324 0.671018 0.994990 0.678707 0.987705 0.683766 0.985480 0.679112 0.972326 0.687004 0.947556 0.650338
0 0.774625 0.680038 0.779790 0.681329 0.783148 0.674098 0.816722 0.687269 0.806908 0.713870 0.765586 0.700957 0.774625 0.680038
0 0.440714 0.607813 0.447190 0.607813 0.447392 0.602956 0.468033 0.602349 0.468033 0.603766 0.483614 0.603564 0.483937 0.633220 0.438578 0.633804 0.440714 0.607813
0 0.442501 0.575364 0.445989 0.574571 0.445989 0.572827 0.460418 0.571875 0.460100 0.574254 0.480395 0.573937 0.480712 0.593597 0.473102 0.592963 0.472943 0.599305 0.444562 0.599622 0.445672 0.592963 0.443452 0.592804 0.442501 0.575364
0 0.509257 0.586470 0.539858 0.598361 0.537638 0.603276 0.541919 0.605813 0.536211 0.621827 0.532565 0.629913 0.508306 0.620876 0.508306 0.616119 0.498159 0.607874 0.500537 0.603276 0.509257 0.586470
0 0.422973 0.532484 0.444221 0.522771 0.456767 0.546852 0.450291 0.549280 0.453934 0.556362 0.434710 0.564052 0.426413 0.549685 0.430258 0.547661 0.422973 0.532484
0 0.507098 0.554567 0.528217 0.562021 0.528093 0.564133 0.542504 0.570220 0.536789 0.585376 0.526851 0.581897 0.524490 0.586991 0.500514 0.578419 0.500017 0.567487 0.507098 0.554567
0 0.786445 0.641560 0.803713 0.648268 0.803216 0.649883 0.812284 0.651871 0.811539 0.653859 0.828931 0.661188 0.824832 0.670381 0.818869 0.669512 0.812906 0.683922 0.787811 0.673735 0.787935 0.672121 0.774146 0.666779 0.786445 0.641560
0 0.720253 0.623520 0.740084 0.632019 0.741703 0.628579 0.760724 0.637280 0.749595 0.664396 0.708718 0.646387 0.720253 0.623520
0 0.659503 0.614325 0.698014 0.628488 0.692424 0.644762 0.687082 0.642277 0.683107 0.648364 0.652298 0.636190 0.659503 0.614325
0 0.847350 0.638185 0.873252 0.619366 0.897535 0.650124 0.897333 0.651541 0.902594 0.659028 0.895714 0.663075 0.891262 0.659635 0.871633 0.671372 0.847350 0.638185
0 0.798357 0.615062 0.828165 0.628856 0.825628 0.634088 0.832922 0.638527 0.837520 0.641698 0.829751 0.657395 0.786445 0.641560 0.787576 0.636308 0.798357 0.615062
0 0.876982 0.615664 0.904503 0.601701 0.909967 0.609593 0.913811 0.608177 0.927976 0.631043 0.918263 0.635090 0.920894 0.638935 0.905919 0.647636 0.902884 0.644196 0.898028 0.646422 0.876982 0.615664
0 0.914217 0.602541 0.926097 0.588337 0.929713 0.591694 0.933329 0.587562 0.958639 0.609773 0.940302 0.631725 0.920932 0.613389 0.922482 0.611322 0.914217 0.602541
0 0.943083 0.565039 0.952639 0.567622 0.954447 0.563231 0.968910 0.567105 0.968135 0.571754 0.980790 0.576919 0.968393 0.604037 0.955480 0.597580 0.957804 0.593448 0.953930 0.591640 0.955738 0.586217 0.936885 0.580277 0.943083 0.565039
0 0.810870 0.583002 0.827666 0.581384 0.827666 0.581991 0.834546 0.581181 0.837176 0.610321 0.838391 0.621450 0.820381 0.624081 0.815524 0.618820 0.808846 0.616189 0.806620 0.598584 0.812084 0.598382 0.810870 0.583002
0 0.837784 0.592513 0.844866 0.588871 0.838593 0.579562 0.860852 0.566207 0.877446 0.591906 0.869756 0.598584 0.874005 0.605262 0.845271 0.622867 0.839807 0.614772 0.837784 0.592513
0 0.877702 0.550920 0.910364 0.571374 0.894192 0.591034 0.880556 0.580411 0.885154 0.575813 0.869457 0.562495 0.877702 0.550920
0 0.884678 0.540139 0.880239 0.538395 0.890069 0.522698 0.910047 0.532687 0.911315 0.528723 0.927487 0.533004 0.914169 0.558055 0.906559 0.553457 0.903070 0.559799 0.880239 0.547274 0.884678 0.540139
0 0.559019 0.546440 0.579630 0.552306 0.577094 0.560709 0.581057 0.562453 0.568849 0.591786 0.568690 0.599238 0.558702 0.600030 0.559019 0.594798 0.543956 0.588615 0.543956 0.582114 0.559019 0.546440
0 0.584314 0.573655 0.621257 0.588083 0.614122 0.604573 0.605401 0.601402 0.602547 0.607744 0.580033 0.599816 0.580667 0.596645 0.575118 0.594426 0.584314 0.573655
0 0.670757 0.581929 0.694259 0.590968 0.703557 0.593809 0.696325 0.611371 0.690385 0.609305 0.687544 0.615503 0.661460 0.603881 0.670757 0.581929
0 0.733247 0.594203 0.772100 0.610999 0.764815 0.629211 0.761375 0.627997 0.760363 0.633258 0.749233 0.630020 0.749638 0.627997 0.726569 0.618486 0.729200 0.612010 0.726165 0.609785 0.733247 0.594203
0 0.743920 0.565043 0.752217 0.568281 0.755859 0.562210 0.772857 0.568281 0.770429 0.574959 0.784392 0.579613 0.774072 0.603694 0.736231 0.589326 0.740480 0.582649 0.737647 0.580625 0.743920 0.565043
0 0.684130 0.546065 0.725003 0.563206 0.718411 0.584301 0.706544 0.581005 0.704896 0.584631 0.674242 0.573753 0.674901 0.568479 0.684130 0.546065
0 0.450998 0.511743 0.473412 0.500536 0.483300 0.521302 0.476049 0.524598 0.487915 0.544046 0.468797 0.551627 0.450998 0.511743
0 0.485278 0.508117 0.492859 0.507128 0.490881 0.500536 0.506373 0.496251 0.507362 0.498558 0.515603 0.496910 0.522525 0.533827 0.496815 0.539761 0.495826 0.530202 0.489233 0.530202 0.485278 0.508117
0 0.528922 0.492698 0.553199 0.493990 0.550616 0.540736 0.522982 0.539186 0.524015 0.530405 0.531246 0.530147 0.530213 0.507161 0.521949 0.506386 0.521690 0.493473 0.528922 0.492698
0 0.564243 0.498523 0.586196 0.501364 0.586196 0.508337 0.590328 0.512211 0.588262 0.531839 0.584129 0.530290 0.580514 0.545269 0.561144 0.540620 0.563468 0.532614 0.559336 0.525641 0.564243 0.498523
0 0.599824 0.545127 0.603062 0.547151 0.606907 0.540473 0.634832 0.552614 0.623500 0.578921 0.591123 0.563339 0.599824 0.545127
0 0.604074 0.505263 0.639284 0.516595 0.645962 0.522261 0.638272 0.543306 0.630988 0.541485 0.628964 0.547151 0.596182 0.532783 0.604074 0.505263
0 0.262806 0.343969 0.291186 0.372826 0.296102 0.378851 0.278819 0.401206 0.241401 0.376631 0.243779 0.370606 0.244413 0.361727 0.251548 0.355226 0.249963 0.353007 0.262806 0.343969
0 0.264793 0.337166 0.286229 0.321412 0.301208 0.339491 0.299400 0.342073 0.307148 0.351112 0.308181 0.356019 0.315413 0.362993 0.298367 0.377197 0.271508 0.348530 0.264793 0.337166
0 0.985926 0.563372 0.939788 0.549207 0.941812 0.536256 0.942216 0.522496 0.960024 0.527150 0.960631 0.526543 0.995436 0.538280 0.985926 0.563372
0 0.964071 0.503474 0.972975 0.503677 0.972975 0.496999 0.994829 0.496594 0.998067 0.520675 0.989568 0.520068 0.989973 0.528769 0.977427 0.528769 0.976415 0.519258 0.961643 0.519056 0.961036 0.511973 0.964476 0.511164 0.964071 0.503474
0 0.898539 0.491732 0.917407 0.495854 0.917090 0.496964 0.924700 0.498391 0.923273 0.503623 0.930408 0.505367 0.928347 0.513295 0.935640 0.515673 0.933262 0.524076 0.925651 0.522649 0.924066 0.526455 0.916297 0.524552 0.915663 0.526455 0.889026 0.519320 0.898539 0.491732
0 0.298428 0.411965 0.304903 0.407513 0.303082 0.405489 0.308141 0.402454 0.308546 0.399419 0.313402 0.395776 0.315426 0.397597 0.327567 0.388896 0.343337 0.405984 0.329822 0.416202 0.334789 0.421985 0.319006 0.434127 0.318803 0.437162 0.309900 0.433115 0.294723 0.415105 0.298428 0.411965
0 0.318761 0.439746 0.333533 0.425986 0.346686 0.413845 0.352757 0.410202 0.355185 0.413845 0.358423 0.413440 0.361863 0.418297 0.360649 0.421130 0.365505 0.425986 0.336163 0.455530 0.318761 0.439746
0 0.349653 0.461721 0.380095 0.434450 0.391828 0.446659 0.393414 0.449988 0.396109 0.452367 0.367094 0.480589 0.361862 0.475515 0.349653 0.461721
0 0.375239 0.485047 0.378251 0.478705 0.393473 0.470302 0.401083 0.469826 0.413609 0.490755 0.412499 0.496780 0.409645 0.498683 0.412974 0.505659 0.398546 0.513111 0.392838 0.507244 0.388399 0.501378 0.384594 0.502171 0.381423 0.493926 0.375398 0.489328 0.375239 0.485047
0 0.403718 0.465668 0.416719 0.458058 0.424012 0.455363 0.427817 0.456155 0.435745 0.469157 0.435904 0.474389 0.440977 0.477084 0.443673 0.485170 0.441453 0.489451 0.430830 0.495318 0.433525 0.498647 0.423854 0.504038 0.416560 0.492147 0.419731 0.490403 0.416243 0.484060 0.412914 0.485805 0.403718 0.465668
0 0.292539 0.320484 0.314895 0.307959 0.317432 0.311605 0.322505 0.308276 0.325676 0.309544 0.325042 0.312557 0.327103 0.316362 0.331543 0.314301 0.337092 0.323180 0.333287 0.325875 0.337092 0.331900 0.330909 0.335705 0.336775 0.344743 0.323615 0.354256 0.320920 0.352512 0.314895 0.356634 0.292539 0.320484
0 0.337761 0.314745 0.344842 0.315242 0.344594 0.308906 0.362110 0.307416 0.362607 0.316360 0.368446 0.316236 0.368197 0.326671 0.365588 0.326920 0.366955 0.346548 0.371820 0.347179 0.372296 0.354789 0.343756 0.355741 0.337761 0.314745
0 0.360652 0.391266 0.368354 0.391266 0.368851 0.377229 0.391834 0.376483 0.392579 0.402447 0.384380 0.403193 0.384380 0.416361 0.368727 0.416485 0.368603 0.406919 0.362018 0.407044 0.360652 0.391266
0 0.399660 0.375365 0.430966 0.374247 0.430593 0.410398 0.430469 0.419839 0.424009 0.420709 0.422643 0.417355 0.409350 0.417355 0.408853 0.419839 0.400157 0.420833 0.399660 0.375365
0 0.438382 0.443307 0.457169 0.436591 0.458337 0.439024 0.464177 0.436493 0.471185 0.453722 0.467584 0.455961 0.473132 0.469296 0.475176 0.468128 0.476636 0.472606 0.458531 0.480198 0.461549 0.486427 0.449771 0.490516 0.445488 0.479322 0.448798 0.477862 0.438382 0.443307
0 0.478826 0.429505 0.495315 0.427603 0.495791 0.433311 0.498169 0.433469 0.499121 0.440445 0.497059 0.441555 0.498011 0.450593 0.499121 0.450593 0.500865 0.469143 0.484534 0.471839 0.484534 0.469143 0.477240 0.469302 0.474228 0.442665 0.478985 0.442031 0.478826 0.429505
0 0.512511 0.427718 0.532171 0.426450 0.534867 0.433267 0.534867 0.439927 0.537721 0.469100 0.519963 0.470369 0.515365 0.432158 0.512511 0.427718
0 0.544082 0.431440 0.553754 0.431916 0.554546 0.428903 0.573097 0.430806 0.570243 0.467114 0.543923 0.466956 0.541069 0.460455 0.544082 0.431440
0 0.583794 0.422899 0.606467 0.426070 0.600284 0.469830 0.584111 0.466976 0.583319 0.465708 0.576184 0.465391 0.583794 0.422899
0 0.619699 0.429709 0.628892 0.432442 0.628892 0.434927 0.636346 0.437660 0.634855 0.441511 0.639122 0.444486 0.626054 0.480533 0.613370 0.476252 0.612577 0.478948 0.604333 0.474984 0.605125 0.471337 0.604174 0.467056 0.619699 0.429709
0 0.642358 0.450812 0.649810 0.452398 0.663604 0.458581 0.668202 0.460008 0.657262 0.488230 0.653139 0.486645 0.648828 0.497153 0.634032 0.490437 0.640359 0.476615 0.632767 0.472332 0.642358 0.450812
0 0.710829 0.488736 0.741385 0.503306 0.742802 0.500675 0.747456 0.502699 0.751098 0.496223 0.756967 0.498247 0.748670 0.515650 0.744420 0.514638 0.735314 0.533660 0.701318 0.519899 0.698081 0.510388 0.710829 0.488736
0 0.773557 0.498770 0.778526 0.501875 0.795421 0.508832 0.798403 0.511317 0.785856 0.548089 0.765482 0.536660 0.759146 0.536039 0.760761 0.528336 0.773557 0.498770
0 0.810631 0.511461 0.815497 0.513019 0.817541 0.508639 0.834283 0.515939 0.833310 0.520319 0.830390 0.522169 0.830390 0.523142 0.836328 0.523823 0.824028 0.555513 0.803883 0.546473 0.806466 0.535110 0.803625 0.529428 0.806724 0.524263 0.809824 0.528395 0.811821 0.523498 0.805858 0.521758 0.810631 0.511461
0 0.960849 0.463776 0.982730 0.451884 0.986852 0.457275 0.990182 0.455690 0.998857 0.470302 0.998857 0.481623 0.995097 0.482961 0.996206 0.484863 0.991291 0.488351 0.980034 0.493267 0.967509 0.493108 0.958788 0.495645 0.949751 0.479314 0.963228 0.472179 0.958788 0.466313 0.960849 0.463776
0 0.907128 0.456834 0.923519 0.461488 0.923115 0.465535 0.944565 0.473022 0.943553 0.480914 0.944565 0.481724 0.940113 0.497710 0.932423 0.495686 0.932423 0.497103 0.923924 0.495282 0.923924 0.494472 0.897213 0.485973 0.907128 0.456834
0 0.836448 0.475372 0.845168 0.477592 0.844059 0.481239 0.861024 0.485678 0.858328 0.495033 0.870695 0.497728 0.868158 0.507875 0.858804 0.505339 0.857377 0.511998 0.824398 0.501058 0.827411 0.493447 0.830423 0.494557 0.836448 0.475372
0 0.718542 0.462494 0.727041 0.466541 0.729065 0.461280 0.751122 0.471196 0.748693 0.475648 0.756788 0.479695 0.748491 0.496288 0.744525 0.494915 0.742313 0.499796 0.710815 0.485992 0.714629 0.479433 0.711502 0.477908 0.718542 0.462494
0 0.375189 0.310485 0.382420 0.311518 0.382420 0.308677 0.402823 0.309193 0.403598 0.351549 0.382936 0.352324 0.382678 0.348191 0.374414 0.346642 0.376480 0.327014 0.374155 0.323915 0.375189 0.310485
0 0.409279 0.302737 0.439238 0.304286 0.438205 0.348708 0.408246 0.349999 0.409279 0.302737
0 0.442337 0.307386 0.462999 0.308419 0.463773 0.323140 0.466614 0.325981 0.468422 0.353357 0.441821 0.353099 0.442337 0.307386
0 0.467131 0.305578 0.493474 0.304545 0.493216 0.315650 0.496056 0.315908 0.496056 0.329855 0.499414 0.329338 0.500705 0.348450 0.485468 0.349999 0.485726 0.347933 0.479528 0.346900 0.480819 0.350774 0.471263 0.351807 0.469197 0.327789 0.470230 0.325722 0.467131 0.305578
0 0.496056 0.302737 0.519300 0.297055 0.532730 0.338119 0.516201 0.341735 0.517234 0.345609 0.505612 0.347675 0.496056 0.302737
0 0.433417 0.374380 0.462813 0.373991 0.462813 0.381583 0.459893 0.381583 0.459189 0.387961 0.465259 0.390389 0.465259 0.412042 0.454534 0.412042 0.454534 0.416898 0.432232 0.417736 0.432232 0.408683 0.439143 0.408781 0.439143 0.403622 0.431550 0.403817 0.433417 0.374380
0 0.465772 0.374286 0.473019 0.373926 0.473268 0.372435 0.489915 0.372435 0.490039 0.373304 0.495753 0.372435 0.499232 0.413182 0.493020 0.413306 0.492772 0.416661 0.482833 0.416909 0.482833 0.414052 0.477864 0.414673 0.477616 0.416785 0.474262 0.417033 0.473972 0.396895 0.466766 0.396895 0.465772 0.374286
0 0.496250 0.370571 0.521096 0.366099 0.519978 0.373056 0.523084 0.377280 0.526935 0.391194 0.525693 0.393802 0.529295 0.408461 0.524575 0.408958 0.521842 0.410698 0.511655 0.411319 0.508673 0.399020 0.500723 0.400138 0.496250 0.370571
0 0.529328 0.364026 0.535036 0.362441 0.534561 0.360538 0.560087 0.354038 0.562941 0.364185 0.560087 0.364978 0.569918 0.396212 0.569442 0.404774 0.559453 0.406677 0.559136 0.402396 0.556282 0.401128 0.540268 0.405884 0.529328 0.364026
0 0.561670 0.352865 0.585895 0.347647 0.591734 0.374854 0.600057 0.372618 0.604236 0.391202 0.578949 0.398950 0.577575 0.391779 0.571062 0.392437 0.561670 0.352865
0 0.652703 0.417664 0.677549 0.428596 0.675188 0.433813 0.684257 0.439280 0.677673 0.450336 0.669598 0.446361 0.667113 0.451454 0.643758 0.440025 0.646243 0.435428 0.645622 0.434931 0.652703 0.417664
0 0.736195 0.429105 0.761722 0.439728 0.759027 0.446229 0.768699 0.450668 0.761088 0.465889 0.756173 0.462877 0.753160 0.468902 0.743647 0.464621 0.742537 0.458754 0.736037 0.455108 0.733024 0.458913 0.723828 0.454156 0.736195 0.429105
0 0.644513 0.408684 0.655679 0.380196 0.677129 0.375542 0.709304 0.393552 0.692710 0.432202 0.650696 0.414392 0.644513 0.408684
0 0.749044 0.397593 0.778993 0.412163 0.779196 0.411151 0.792754 0.417627 0.780207 0.446361 0.755722 0.433208 0.752687 0.426328 0.739129 0.418436 0.749044 0.397593
0 0.842426 0.448212 0.850195 0.450749 0.851305 0.446785 0.887138 0.456457 0.885077 0.462799 0.880954 0.462640 0.876991 0.477544 0.865099 0.473739 0.863038 0.479922 0.846707 0.475324 0.849085 0.469458 0.837194 0.465970 0.837828 0.463433 0.842426 0.448212
0 0.825477 0.420235 0.845511 0.428329 0.833167 0.453219 0.825882 0.466372 0.826894 0.472038 0.811515 0.499559 0.795124 0.490250 0.796540 0.480133 0.825477 0.420235
0 0.850887 0.418112 0.863683 0.421342 0.864677 0.418236 0.873994 0.421093 0.873497 0.424075 0.890765 0.429044 0.884554 0.453890 0.850515 0.445443 0.851260 0.439728 0.854490 0.439231 0.854117 0.436125 0.852999 0.436001 0.854366 0.429417 0.847657 0.427305 0.850887 0.418112
0 0.932973 0.411317 0.951568 0.421648 0.936589 0.447216 0.932973 0.444375 0.928583 0.453156 0.913087 0.443342 0.917994 0.435594 0.916186 0.434303 0.921351 0.427329 0.922384 0.427846 0.932973 0.411317
0 0.958025 0.424488 0.971713 0.433011 0.968872 0.437918 0.974295 0.441276 0.961899 0.459354 0.955959 0.455480 0.949244 0.464778 0.944595 0.461420 0.940979 0.465811 0.934006 0.460646 0.944078 0.444633 0.958025 0.424488
0 0.867322 0.386700 0.887759 0.392304 0.886440 0.394282 0.903581 0.399226 0.899625 0.409774 0.898307 0.410103 0.895670 0.417685 0.900944 0.419662 0.899295 0.426584 0.853478 0.410433 0.860071 0.395271 0.863697 0.395271 0.867322 0.386700
0 0.761149 0.385328 0.769178 0.388090 0.775249 0.375949 0.779498 0.378377 0.778689 0.379996 0.791640 0.384448 0.780653 0.408280 0.778800 0.409296 0.755209 0.398241 0.761149 0.385328
0 0.593447 0.341995 0.623147 0.333730 0.633478 0.364205 0.634252 0.376344 0.630120 0.378152 0.631670 0.381251 0.615916 0.386158 0.614108 0.381767 0.607135 0.383317 0.593447 0.341995
0 0.626767 0.335639 0.631731 0.334471 0.630952 0.332427 0.648181 0.326587 0.648862 0.327852 0.651101 0.327463 0.660153 0.349072 0.656357 0.350824 0.661821 0.369238 0.644418 0.372881 0.641585 0.361954 0.634436 0.362883 0.626767 0.335639
0 0.655021 0.323179 0.681935 0.317715 0.690838 0.343414 0.685577 0.344831 0.688208 0.356972 0.674852 0.358793 0.677483 0.366078 0.668174 0.368507 0.655021 0.323179
0 0.687196 0.318929 0.715931 0.310835 0.725239 0.344224 0.719168 0.345438 0.722608 0.359401 0.706622 0.362638 0.705003 0.355556 0.694886 0.346045 0.687196 0.318929
0 0.525211 0.281406 0.549311 0.273954 0.557080 0.303920 0.553116 0.305189 0.556921 0.317873 0.538529 0.323581 0.525211 0.281406
0 0.559628 0.279003 0.571250 0.275646 0.580031 0.275129 0.590104 0.311028 0.585455 0.313869 0.571250 0.319034 0.559628 0.279003
0 0.585432 0.271657 0.591372 0.270107 0.590339 0.265459 0.600153 0.262618 0.601702 0.268041 0.605060 0.267266 0.616940 0.306006 0.593438 0.311946 0.585432 0.271657
0 0.968729 0.356735 0.974595 0.359430 0.975229 0.358479 0.984267 0.361650 0.991877 0.366406 0.989341 0.371797 0.988072 0.371797 0.987279 0.373858 0.991243 0.376395 0.981413 0.395263 0.977291 0.392885 0.974120 0.399702 0.952239 0.388604 0.968729 0.356735
0 0.942476 0.345298 0.950245 0.348786 0.952306 0.345140 0.967369 0.352274 0.949135 0.388266 0.944537 0.386046 0.942952 0.387632 0.924877 0.377960 0.942476 0.345298
0 0.910957 0.330108 0.915814 0.328692 0.930383 0.335774 0.927146 0.343262 0.933419 0.346702 0.921480 0.370377 0.916825 0.367747 0.912778 0.373818 0.895780 0.365521 0.896590 0.360057 0.910957 0.330108
0 0.877812 0.323446 0.880824 0.325508 0.889862 0.311872 0.902387 0.318690 0.903656 0.318056 0.911266 0.319958 0.891923 0.360072 0.872579 0.352303 0.870201 0.347546 0.872896 0.345327 0.868933 0.342156 0.877812 0.323446
0 0.775128 0.347800 0.780422 0.349948 0.783527 0.344482 0.801044 0.353799 0.799304 0.357402 0.818254 0.365399 0.805252 0.389499 0.769895 0.371741 0.772432 0.361594 0.770212 0.358581 0.775128 0.347800
0 0.836797 0.362202 0.864173 0.376406 0.849193 0.405074 0.846611 0.422636 0.836280 0.417729 0.836797 0.412047 0.818202 0.400425 0.836797 0.362202
0 0.806213 0.000007 0.823107 0.017410 0.805803 0.039105 0.796506 0.029807 0.756991 0.001915 0.742585 0.000007 0.806213 0.000007
0 0.832223 0.000006 0.829959 0.009180 0.824568 0.015047 0.806214 0.000007 0.832223 0.000006
0 0.741343 0.034700 0.747276 0.027448 0.750902 0.029755 0.763098 0.012615 0.774603 0.020929 0.771975 0.023752 0.794071 0.039034 0.792027 0.044096 0.789106 0.047016 0.789398 0.048962 0.785116 0.053635 0.783656 0.056555 0.781611 0.058502 0.741343 0.034700
0 0.741595 0.041640 0.779031 0.064911 0.764866 0.087980 0.728847 0.063900 0.741595 0.041640
0 0.935991 0.000004 0.922136 0.013286 0.905260 0.000005 0.935991 0.000004
0 0.902962 0.000005 0.920867 0.017091 0.900255 0.041984 0.872350 0.017567 0.877265 0.012018 0.873143 0.007578 0.877932 0.000005 0.902962 0.000005
0 0.998857 0.065741 0.978904 0.086723 0.952205 0.063320 0.998858 0.010203 0.998857 0.065741
0 0.856145 0.296634 0.876911 0.307182 0.879219 0.308830 0.862408 0.344099 0.838346 0.332892 0.856145 0.296634
0 0.807253 0.277246 0.831788 0.288351 0.828947 0.293775 0.840827 0.298940 0.833854 0.317535 0.821974 0.311078 0.818617 0.316502 0.799763 0.308754 0.802604 0.302039 0.796664 0.298940 0.807253 0.277246
0 0.998857 0.347588 0.993306 0.362152 0.948626 0.339167 0.956890 0.324187 0.998857 0.344049 0.998857 0.347588
0 0.963089 0.295003 0.980651 0.296295 0.986849 0.300685 0.994081 0.301976 0.990981 0.323929 0.962572 0.321088 0.963347 0.314631 0.956890 0.313340 0.958957 0.295778 0.963089 0.295003
0 0.976094 0.325439 0.981808 0.325315 0.988517 0.328545 0.988517 0.335254 0.974851 0.331775 0.976094 0.325439
0 0.882161 0.266369 0.916236 0.252066 0.922126 0.257114 0.925492 0.266790 0.927174 0.270576 0.930540 0.282355 0.891837 0.295817 0.882161 0.266369
0 0.899853 0.298238 0.914598 0.294591 0.913647 0.292054 0.937271 0.284285 0.943138 0.298872 0.935052 0.302677 0.936161 0.305214 0.945833 0.310922 0.936003 0.328997 0.927124 0.323289 0.929978 0.319960 0.913805 0.311398 0.912696 0.307751 0.903658 0.309337 0.899853 0.298238
0 0.652024 0.259711 0.676844 0.260132 0.678527 0.247932 0.709237 0.248773 0.707975 0.256346 0.709658 0.256346 0.712182 0.269807 0.705451 0.269807 0.705030 0.291262 0.677265 0.295049 0.654127 0.295049 0.650762 0.296731 0.647817 0.281587 0.651183 0.279063 0.652024 0.259711
0 0.723084 0.243542 0.765984 0.264789 0.755866 0.284418 0.747772 0.287656 0.746355 0.290286 0.713574 0.275919 0.716609 0.268837 0.722072 0.258516 0.714990 0.253457 0.723084 0.243542
0 0.735642 0.215454 0.758509 0.225774 0.759116 0.230023 0.780566 0.241355 0.772067 0.256735 0.762961 0.253295 0.759925 0.259972 0.726536 0.243784 0.729976 0.237308 0.724310 0.233261 0.735642 0.215454
0 0.818989 0.245336 0.857841 0.263143 0.844688 0.289855 0.835177 0.285807 0.833558 0.286819 0.806443 0.272857 0.818989 0.245336
0 0.837892 0.221979 0.874924 0.237561 0.866627 0.257189 0.858938 0.254154 0.856509 0.259618 0.831012 0.249500 0.833036 0.241608 0.831822 0.238168 0.837892 0.221979
0 0.998857 0.250925 0.998633 0.252196 0.992546 0.251327 0.992546 0.253314 0.988447 0.253439 0.970682 0.246854 0.975278 0.239649 0.969688 0.237537 0.977763 0.219772 0.984968 0.221387 0.988944 0.208716 0.998857 0.211921 0.998857 0.250925
0 0.923724 0.192935 0.931493 0.197216 0.934188 0.191667 0.962410 0.205302 0.949409 0.233524 0.946555 0.232732 0.941798 0.243672 0.933395 0.241769 0.928639 0.251441 0.897404 0.236696 0.903904 0.222743 0.906600 0.224170 0.923724 0.192935
0 0.848344 0.191262 0.889827 0.208058 0.877483 0.232745 0.837012 0.215949 0.848344 0.191262
0 0.755889 0.189277 0.788392 0.207035 0.773646 0.232403 0.741460 0.216389 0.747168 0.201168 0.750339 0.195460 0.755889 0.189277
0 0.712681 0.058876 0.719763 0.064745 0.721787 0.062721 0.769543 0.092872 0.765698 0.096110 0.757806 0.093682 0.750319 0.104812 0.756390 0.108252 0.751128 0.116144 0.705800 0.090039 0.705800 0.088623 0.696897 0.082552 0.712681 0.058876
0 0.864387 0.016725 0.883145 0.028775 0.885630 0.040080 0.895693 0.048528 0.888736 0.056727 0.887245 0.054118 0.878549 0.066417 0.859169 0.050515 0.849852 0.035856 0.854448 0.026166 0.864387 0.016725
0 0.840003 0.043866 0.864895 0.062416 0.862993 0.066222 0.874091 0.073357 0.862834 0.088736 0.860614 0.086833 0.857602 0.092541 0.832868 0.077320 0.829062 0.070661 0.827160 0.061465 0.840003 0.043866
0 0.817689 0.071500 0.862877 0.096551 0.852571 0.110979 0.848766 0.107174 0.846546 0.109711 0.845436 0.119700 0.842899 0.123505 0.820543 0.109235 0.819751 0.111296 0.809920 0.104320 0.810713 0.102735 0.805164 0.100673 0.802310 0.096234 0.817689 0.071500
0 0.865941 0.163021 0.901556 0.182244 0.895486 0.198231 0.891034 0.204908 0.858657 0.185887 0.861490 0.178602 0.857645 0.174960 0.865941 0.163021
0 0.799735 0.105136 0.805760 0.108465 0.807821 0.105770 0.830970 0.120515 0.831604 0.123052 0.839531 0.133358 0.827798 0.150006 0.816700 0.143981 0.818761 0.140493 0.807821 0.133358 0.805443 0.136688 0.785782 0.123211 0.799735 0.105136
0 0.784038 0.131297 0.822408 0.152384 0.806394 0.176801 0.768976 0.154287 0.784038 0.131297
0 0.768047 0.164450 0.805237 0.183046 0.793873 0.204740 0.765722 0.190793 0.768563 0.184853 0.760299 0.179430 0.768047 0.164450
0 0.702814 0.092870 0.747130 0.116343 0.730537 0.146292 0.684400 0.117962 0.691684 0.106832 0.697350 0.109665 0.699779 0.101773 0.696743 0.098536 0.702814 0.092870
0 0.690508 0.123409 0.721671 0.142026 0.721873 0.148299 0.725516 0.147489 0.726527 0.152751 0.723694 0.154572 0.723897 0.155988 0.726730 0.157809 0.719647 0.172177 0.677152 0.148703 0.690508 0.123409
0 0.682364 0.155295 0.692685 0.161164 0.690863 0.163592 0.713123 0.175531 0.701588 0.198600 0.677103 0.184637 0.680341 0.178364 0.670223 0.173305 0.682364 0.155295
0 0.630529 0.198057 0.646718 0.190367 0.643480 0.183689 0.664121 0.174178 0.669382 0.181666 0.677071 0.187332 0.681321 0.189760 0.683547 0.189355 0.691641 0.206758 0.668168 0.218292 0.669179 0.220316 0.647932 0.229220 0.630529 0.198057
0 0.446332 0.071169 0.457273 0.069266 0.461554 0.061973 0.470274 0.056107 0.474713 0.063083 0.473128 0.066412 0.485019 0.088610 0.483434 0.092098 0.465676 0.101928 0.451565 0.080207 0.440308 0.080048 0.440308 0.074023 0.446332 0.071169
0 0.347233 0.163693 0.360791 0.174014 0.357351 0.178870 0.343186 0.169764 0.347233 0.163693
0 0.361779 0.168364 0.379384 0.153389 0.385859 0.160876 0.368052 0.177267 0.361779 0.168364
0 0.287328 0.131632 0.302100 0.131834 0.301897 0.126978 0.313432 0.126978 0.313634 0.132846 0.325168 0.132239 0.324764 0.149844 0.296838 0.151058 0.296636 0.154296 0.272151 0.155915 0.272556 0.137095 0.278222 0.131025 0.287328 0.131632
0 0.434074 0.030468 0.451039 0.030786 0.450247 0.038872 0.433916 0.039347 0.434074 0.030468
0 0.445014 0.058215 0.457381 0.050129 0.461979 0.057581 0.450405 0.065350 0.445014 0.058215
0 0.326183 0.155446 0.330488 0.152047 0.329355 0.147061 0.419550 0.082475 0.436320 0.099698 0.399834 0.125532 0.400061 0.131424 0.396435 0.135504 0.339327 0.168363 0.326183 0.155446
