0 0.773721 0.212402 0.794626 0.222050 0.784173 0.244831 0.763804 0.234915 0.768629 0.223658 0.773721 0.212402
0 0.758634 0.260479 0.763241 0.249455 0.780517 0.256859 0.778213 0.261796 0.783314 0.264099 0.779859 0.274794 0.785453 0.277920 0.774429 0.299968 0.768670 0.297664 0.765051 0.305726 0.756824 0.302107 0.755343 0.306714 0.754685 0.307701 0.740206 0.299145 0.743661 0.291741 0.739383 0.289931 0.739877 0.286476 0.731979 0.281869 0.733131 0.277097 0.733131 0.273642 0.739548 0.262454 0.745142 0.253733 0.758634 0.260479
0 0.700388 0.332546 0.717335 0.306056 0.730005 0.314776 0.735763 0.305891 0.751230 0.315270 0.749091 0.319054 0.755343 0.323167 0.750078 0.331558 0.752546 0.333039 0.752052 0.334520 0.752710 0.335836 0.739712 0.354758 0.736257 0.352619 0.727701 0.366275 0.708450 0.353606 0.705324 0.351303 0.711412 0.340772 0.700388 0.332546
0 0.675567 0.409976 0.677377 0.402243 0.673099 0.399775 0.676061 0.392535 0.675403 0.391877 0.670960 0.389245 0.676390 0.377563 0.674087 0.375917 0.681655 0.359957 0.687414 0.362261 0.689882 0.356831 0.696134 0.359628 0.698438 0.354857 0.715550 0.363906 0.713082 0.369500 0.723612 0.375424 0.712259 0.395003 0.716208 0.397471 0.710284 0.409153 0.709297 0.408989 0.704526 0.406521 0.699919 0.416557 0.693008 0.412938 0.691527 0.417216 0.675567 0.409976
0 0.750071 0.402010 0.753423 0.396080 0.751618 0.392857 0.761416 0.375066 0.763221 0.375840 0.767748 0.369637 0.779395 0.376106 0.780384 0.378353 0.789133 0.383059 0.796482 0.386798 0.790938 0.397111 0.786297 0.394146 0.780109 0.404589 0.784750 0.407554 0.778820 0.417867 0.750071 0.402010
0 0.773415 0.359767 0.770788 0.357848 0.780687 0.340272 0.782910 0.341484 0.787152 0.334211 0.814829 0.350373 0.808465 0.360777 0.805132 0.358858 0.799273 0.368252 0.803920 0.370878 0.796546 0.381585 0.770081 0.365221 0.773415 0.359767
0 0.788060 0.330410 0.791700 0.323604 0.789959 0.322496 0.800794 0.304033 0.802781 0.304530 0.805709 0.298990 0.806421 0.299307 0.820826 0.306113 0.824281 0.307877 0.835055 0.313380 0.828661 0.325028 0.824704 0.322654 0.818847 0.333576 0.822092 0.334763 0.816473 0.345448 0.788060 0.330410
0 0.808200 0.294781 0.812573 0.288846 0.809447 0.286871 0.826230 0.259229 0.856322 0.278691 0.849614 0.291447 0.843453 0.288215 0.838301 0.297104 0.841938 0.299225 0.835978 0.310336 0.808200 0.294781
0 0.671017 0.263582 0.672633 0.260854 0.669805 0.259440 0.674452 0.250046 0.672836 0.248733 0.674856 0.244289 0.681623 0.232167 0.684553 0.233278 0.685664 0.230551 0.686270 0.230551 0.694351 0.233783 0.693745 0.235905 0.704048 0.240046 0.697886 0.251763 0.700916 0.253076 0.694250 0.268430 0.686472 0.282672 0.666270 0.273986 0.671017 0.263582
0 0.653268 0.294430 0.652965 0.289682 0.658015 0.281399 0.664076 0.281399 0.679227 0.291803 0.673773 0.299177 0.670641 0.303218 0.673268 0.304935 0.655995 0.330086 0.641089 0.319131 0.644884 0.310288 0.642863 0.308874 0.653268 0.294430
0 0.803774 0.064168 0.842111 0.033893 0.849679 0.043436 0.850173 0.046562 0.858729 0.055447 0.821873 0.085228 0.803774 0.064168
0 0.770554 0.088731 0.784056 0.081159 0.789914 0.091058 0.791127 0.090149 0.785066 0.080351 0.800275 0.071490 0.807350 0.081033 0.808337 0.081527 0.812451 0.087614 0.813109 0.092057 0.819526 0.100777 0.787112 0.121344 0.783384 0.117245 0.778636 0.108619 0.779190 0.107748 0.772541 0.097776 0.774757 0.095718 0.770554 0.088731
0 0.739475 0.137394 0.731224 0.130432 0.730837 0.123728 0.737799 0.117540 0.740248 0.119603 0.742569 0.117540 0.748112 0.123213 0.749143 0.122181 0.743213 0.115993 0.745921 0.113415 0.744116 0.110837 0.748886 0.105680 0.751722 0.108129 0.753784 0.106067 0.758168 0.110579 0.760488 0.108516 0.773638 0.121537 0.774927 0.121408 0.778150 0.125146 0.778923 0.125791 0.751593 0.156216 0.736767 0.142679 0.739475 0.137394
0 0.708694 0.152902 0.717479 0.141109 0.743847 0.158298 0.740291 0.163759 0.737314 0.162271 0.725631 0.179415 0.731725 0.183926 0.724602 0.193582 0.709169 0.184559 0.709486 0.182106 0.698801 0.169680 0.709248 0.158917 0.715105 0.163270 0.715738 0.162478 0.710119 0.158125 0.711781 0.155434 0.708694 0.152902
0 0.956181 0.386546 0.945867 0.381131 0.946512 0.379068 0.941613 0.375845 0.945738 0.370044 0.940195 0.366048 0.951797 0.348773 0.956310 0.351867 0.959532 0.346968 0.961982 0.348515 0.980030 0.361020 0.966236 0.380100 0.968041 0.381260 0.963013 0.388222 0.957341 0.384870 0.956181 0.386546
0 0.998879 0.416829 0.988410 0.409493 0.988152 0.408591 0.986090 0.406786 0.994211 0.395699 0.996403 0.397633 0.997048 0.400340 0.998879 0.397861 0.998879 0.416829
0 0.998879 0.445823 0.993438 0.453841 0.991246 0.452680 0.988281 0.456161 0.989699 0.457064 0.989699 0.458740 0.982738 0.467764 0.980288 0.466217 0.976421 0.471373 0.966623 0.473565 0.964431 0.474596 0.924338 0.482074 0.921373 0.468795 0.920084 0.468151 0.919052 0.462091 0.920213 0.460029 0.918408 0.447524 0.952313 0.439660 0.953473 0.447137 0.966236 0.443656 0.961982 0.440433 0.970619 0.427413 0.973971 0.429733 0.978483 0.423932 0.975518 0.421096 0.981577 0.412716 0.985832 0.416068 0.998879 0.426278 0.998879 0.445823
0 0.799434 0.437599 0.798776 0.468202 0.792195 0.467873 0.792195 0.471164 0.772615 0.471000 0.772615 0.469025 0.764717 0.468861 0.765375 0.437270 0.781006 0.437599 0.781006 0.441383 0.784297 0.441383 0.784462 0.437270 0.799434 0.437599
0 0.800181 0.429669 0.833150 0.417699 0.835880 0.426729 0.844910 0.424419 0.847640 0.420429 0.842390 0.417069 0.849740 0.404260 0.853309 0.406360 0.854779 0.403630 0.851209 0.401320 0.858979 0.387460 0.886068 0.402790 0.883338 0.409300 0.884598 0.411190 0.875989 0.427359 0.873259 0.426309 0.861709 0.445419 0.843020 0.453608 0.810891 0.462428 0.807741 0.458018 0.804801 0.455078 0.800811 0.439959 0.802071 0.436809 0.800181 0.429669
0 0.862339 0.381371 0.869059 0.367091 0.873049 0.369191 0.875149 0.365621 0.870739 0.362681 0.877879 0.350502 0.887748 0.355961 0.886698 0.358061 0.905598 0.368561 0.902448 0.374231 0.904758 0.375281 0.896148 0.392290 0.892788 0.390400 0.889848 0.396490 0.862339 0.381371
0 0.888558 0.277004 0.900558 0.274904 0.901818 0.272594 0.913577 0.270074 0.915887 0.270704 0.925547 0.269234 0.927437 0.273014 0.927857 0.280574 0.927857 0.285824 0.928487 0.292123 0.931637 0.295273 0.932687 0.303673 0.930587 0.303883 0.934997 0.319632 0.934997 0.323202 0.922817 0.342102 0.924917 0.343992 0.915047 0.359321 0.911898 0.358691 0.908118 0.363731 0.880609 0.347352 0.888168 0.333702 0.892998 0.336852 0.894888 0.334122 0.890268 0.331812 0.896778 0.322782 0.901608 0.325512 0.903288 0.322572 0.904548 0.321522 0.909378 0.324252 0.911478 0.320052 0.909588 0.319632 0.907908 0.314593 0.896568 0.310183 0.896568 0.295063 0.888558 0.277004
0 0.842475 0.230571 0.853394 0.218181 0.865574 0.210411 0.870404 0.215661 0.871874 0.214821 0.884263 0.228681 0.882374 0.230361 0.884893 0.232880 0.887413 0.230571 0.890143 0.233510 0.890143 0.235610 0.891823 0.236660 0.893713 0.234980 0.898333 0.239810 0.898333 0.241070 0.901483 0.243590 0.901063 0.244850 0.905893 0.249890 0.905683 0.251780 0.909883 0.258500 0.885943 0.278239 0.867674 0.254720 0.863894 0.257450 0.855494 0.243590 0.857594 0.241280 0.856334 0.239390 0.851924 0.242960 0.842475 0.230571
0 0.825576 0.167755 0.821586 0.169015 0.815496 0.155785 0.821586 0.151795 0.829776 0.148016 0.844475 0.145286 0.846785 0.151165 0.848465 0.150955 0.855185 0.169645 0.853715 0.170485 0.854555 0.173215 0.858125 0.172375 0.867155 0.197364 0.866735 0.198834 0.868834 0.206394 0.839015 0.214373 0.835656 0.200304 0.839225 0.199254 0.838595 0.196944 0.834396 0.197574 0.831036 0.185814 0.825996 0.187704 0.822426 0.171535 0.826626 0.170485 0.825576 0.167755
0 0.998879 0.697582 0.989864 0.699314 0.991825 0.708835 0.935959 0.719756 0.932459 0.693993 0.982024 0.683773 0.980763 0.675792 0.998879 0.672272 0.998879 0.697582
0 0.998879 0.637487 0.965765 0.648844 0.958765 0.635542 0.958205 0.625321 0.998879 0.609661 0.998879 0.637487
