0 0.961316 0.980810 0.958393 0.958891 0.984208 0.954264 0.987861 0.977887 0.961316 0.980810
0 0.993950 0.972773 0.989323 0.954264 0.998871 0.951190 0.998871 0.974387 0.993950 0.972773
0 0.948895 0.918707 0.950844 0.894597 0.966187 0.895571 0.967648 0.918464 0.948895 0.918707
0 0.967648 0.918464 0.966187 0.895571 0.964725 0.890701 0.980312 0.887778 0.984208 0.915542 0.967648 0.918464
0 0.916145 0.923962 0.916594 0.905273 0.928405 0.905572 0.927209 0.924410 0.916145 0.923962
0 0.859005 0.890008 0.860722 0.876651 0.879804 0.877223 0.879613 0.890389 0.859005 0.890008
0 0.859005 0.890008 0.879613 0.890389 0.878086 0.907181 0.860340 0.906991 0.859005 0.890008
0 0.860722 0.876651 0.861381 0.862287 0.880621 0.862774 0.879804 0.877223 0.860722 0.876651
0 0.860971 0.841130 0.859510 0.819455 0.880210 0.819212 0.878262 0.837964 0.860971 0.841130
0 0.914954 0.844207 0.913809 0.827606 0.919725 0.822454 0.926976 0.827415 0.929075 0.841154 0.914954 0.844207
0 0.816859 0.987007 0.819699 0.979382 0.833454 0.985961 0.829866 0.993885 0.816859 0.987007
0 0.744286 0.888281 0.770344 0.888769 0.770101 0.893152 0.779842 0.894126 0.779599 0.920185 0.742824 0.919698 0.744286 0.888281
0 0.816132 0.863284 0.808339 0.835033 0.821002 0.832842 0.821002 0.828214 0.833423 0.825779 0.836345 0.843070 0.829039 0.844044 0.830013 0.860605 0.816132 0.863284
0 0.669685 0.999008 0.676170 0.980768 0.691400 0.982944 0.702279 0.988228 0.701141 0.999008 0.669685 0.999008
0 0.611267 0.949895 0.607127 0.919209 0.637326 0.913851 0.640005 0.949651 0.611267 0.949895
0 0.637326 0.913851 0.666794 0.908006 0.668985 0.921644 0.683354 0.920914 0.684328 0.938692 0.639517 0.940397 0.637326 0.913851
0 0.545700 0.991665 0.541311 0.991855 0.535205 0.970102 0.547799 0.967049 0.546845 0.963614 0.571651 0.955982 0.578712 0.982505 0.545700 0.991665
0 0.484826 0.934101 0.478982 0.935805 0.473137 0.910965 0.520870 0.901223 0.525497 0.925577 0.484826 0.934101
0 0.363974 0.925622 0.360564 0.926839 0.354963 0.898102 0.394416 0.890796 0.400017 0.918559 0.363974 0.925622
0 0.400017 0.918559 0.394416 0.890796 0.397582 0.888604 0.405619 0.914663 0.400017 0.918559
0 0.303301 0.895402 0.319861 0.891019 0.322053 0.900760 0.332281 0.897351 0.336422 0.916590 0.341292 0.916590 0.343971 0.926819 0.325219 0.932907 0.324245 0.927549 0.311824 0.931446 0.303301 0.895402
0 0.277318 0.908538 0.291821 0.907775 0.295446 0.941359 0.278463 0.940977 0.277318 0.908538
0 0.261832 0.931590 0.277288 0.929109 0.278463 0.940977 0.278815 0.945710 0.264694 0.948000 0.261832 0.931590
0 0.228248 0.927773 0.250001 0.928728 0.249047 0.943230 0.228248 0.941131 0.228248 0.927773
0 0.330925 0.967793 0.367602 0.959090 0.369467 0.997321 0.337452 0.997943 0.330925 0.967793
0 0.286049 0.999008 0.283805 0.987410 0.305967 0.982052 0.309864 0.994473 0.304993 0.995690 0.305368 0.999008 0.286049 0.999008
0 0.393236 0.993161 0.392505 0.974408 0.411014 0.972947 0.415641 0.992430 0.393236 0.993161
0 0.415641 0.992430 0.411014 0.972947 0.430010 0.973678 0.430010 0.992674 0.415641 0.992430
0 0.574205 0.904525 0.597584 0.901115 0.602211 0.934967 0.579806 0.937889 0.574205 0.904525
0 0.638028 0.988437 0.638600 0.978133 0.645851 0.978705 0.645661 0.989773 0.638028 0.988437
0 0.773764 0.999007 0.779330 0.990537 0.786392 0.995651 0.783010 0.999007 0.773764 0.999007
0 0.118859 0.949477 0.117154 0.942657 0.113501 0.942657 0.113988 0.939004 0.113501 0.921957 0.141995 0.920009 0.146378 0.945093 0.134689 0.947528 0.135663 0.954104 0.125434 0.954834 0.124460 0.948746 0.118859 0.949477
0 0.113501 0.921957 0.112283 0.888592 0.128113 0.887131 0.131279 0.898577 0.149544 0.896872 0.150518 0.923175 0.141995 0.920009 0.113501 0.921957
0 0.036187 0.942855 0.062918 0.937571 0.063539 0.916124 0.082189 0.914881 0.093067 0.976424 0.042093 0.979532 0.036187 0.942855
0 0.089093 0.905713 0.112789 0.901817 0.113501 0.942657 0.117154 0.942657 0.118859 0.949477 0.124460 0.948746 0.125434 0.954834 0.135663 0.954104 0.143159 0.984619 0.125137 0.981940 0.127329 0.991438 0.109307 0.994361 0.089093 0.905713
0 0.802033 0.941244 0.805443 0.920300 0.820299 0.923710 0.820299 0.926389 0.833937 0.939296 0.829797 0.948551 0.802033 0.941244
0 0.733794 0.531950 0.722154 0.518020 0.740282 0.509434 0.748105 0.525462 0.733794 0.531950
0 0.920024 0.407506 0.913727 0.403118 0.901133 0.406362 0.899034 0.389570 0.912200 0.386517 0.913536 0.376022 0.928555 0.369738 0.932618 0.374495 0.929374 0.382509 0.936053 0.402164 0.920024 0.407506
0 0.913536 0.376022 0.905372 0.349432 0.925175 0.347405 0.928782 0.370157 0.913536 0.376022
0 0.928555 0.369738 0.925175 0.347405 0.934646 0.349843 0.937127 0.372741 0.928555 0.369738
0 0.937127 0.372741 0.934646 0.349843 0.925175 0.347405 0.938975 0.346739 0.949401 0.350253 0.960992 0.356653 0.955135 0.370593 0.957946 0.380550 0.951972 0.381956 0.952909 0.389571 0.957478 0.390859 0.957595 0.403277 0.939437 0.403159 0.936392 0.381605 0.932618 0.374495 0.928782 0.370157 0.937127 0.372741
0 0.957595 0.403277 0.957478 0.390859 0.952909 0.389571 0.951972 0.381956 0.957946 0.380550 0.955135 0.370593 0.960992 0.356653 0.949401 0.350253 0.938975 0.346739 0.952795 0.348306 0.986970 0.348090 0.988496 0.365645 0.957595 0.403277
0 0.892243 0.321374 0.893006 0.306300 0.918766 0.309162 0.918766 0.312597 0.923537 0.312406 0.922583 0.320802 0.963418 0.331488 0.938975 0.346739 0.925175 0.347405 0.905372 0.349432 0.885564 0.340456 0.892243 0.321374
3 0.876215 0.225138 0.913187 0.224054 0.910944 0.260531 0.878123 0.261486 0.876979 0.238778 0.874307 0.238778 0.874307 0.225993 0.876215 0.225138
3 0.846224 0.219723 0.856391 0.219274 0.856989 0.221816 0.868651 0.220919 0.871791 0.258296 0.861175 0.259493 0.861175 0.262931 0.843085 0.261735 0.841739 0.226152 0.845477 0.226152 0.846224 0.219723
3 0.859855 0.210530 0.860428 0.180762 0.860428 0.178090 0.876456 0.177327 0.885043 0.185151 0.884280 0.194501 0.889623 0.196409 0.890195 0.211674 0.859855 0.210530
3 0.860428 0.178090 0.859855 0.210530 0.852604 0.207476 0.852223 0.193356 0.845735 0.191066 0.846689 0.180380 0.847452 0.167023 0.861764 0.167214 0.860428 0.178090
3 0.933564 0.102626 0.944631 0.094230 0.961232 0.117891 0.948066 0.126669 0.931656 0.103962 0.933564 0.102626
3 0.956431 0.071760 0.962033 0.058609 0.972261 0.061288 0.971531 0.065428 0.976401 0.064454 0.978837 0.058609 0.998563 0.069325 0.996615 0.074683 0.998522 0.076869 0.998871 0.075554 0.998871 0.094711 0.992231 0.090756 0.993936 0.087834 0.974940 0.076388 0.966903 0.085642 0.963007 0.089782 0.955944 0.083207 0.959110 0.076631 0.956431 0.071760
3 0.921208 0.062502 0.937768 0.055195 0.944100 0.062745 0.944100 0.075165 0.932167 0.080767 0.921208 0.062502
0 0.600762 0.231708 0.618890 0.221213 0.622897 0.227892 0.602479 0.238005 0.600762 0.231708
0 0.104006 0.521073 0.111639 0.516493 0.110685 0.515158 0.131102 0.504090 0.133964 0.508288 0.139689 0.505998 0.140071 0.503899 0.151901 0.500083 0.158198 0.511723 0.153428 0.513822 0.161061 0.526797 0.121943 0.541681 0.112974 0.537292 0.104006 0.521073
0 0.191916 0.534628 0.189968 0.528540 0.186072 0.530001 0.182418 0.488113 0.186315 0.487869 0.185097 0.477153 0.201171 0.475692 0.205554 0.512953 0.211156 0.512953 0.210425 0.532193 0.191916 0.534628
0 0.305905 0.516508 0.301765 0.493615 0.289345 0.493371 0.292267 0.477785 0.314916 0.478759 0.314429 0.483874 0.325875 0.482169 0.325875 0.486796 0.342923 0.483630 0.346089 0.503844 0.332938 0.503844 0.331720 0.514559 0.305905 0.516508
3 0.260135 0.410228 0.263058 0.393180 0.298127 0.401948 0.295935 0.418995 0.260135 0.410228
3 0.717844 0.447200 0.718088 0.423820 0.747312 0.419924 0.747556 0.451097 0.737814 0.451827 0.736597 0.447931 0.717844 0.447200
3 0.681557 0.448174 0.680339 0.423333 0.693247 0.422603 0.692273 0.401415 0.705911 0.399223 0.709564 0.439650 0.703232 0.440625 0.702988 0.446226 0.681557 0.448174
3 0.734624 0.366467 0.726609 0.347194 0.741112 0.341469 0.749889 0.359025 0.734624 0.366467
3 0.749889 0.359025 0.741112 0.341469 0.754469 0.337271 0.764582 0.353491 0.751005 0.362650 0.749889 0.359025
0 0.319861 0.891019 0.330390 0.888775 0.332281 0.897351 0.322053 0.900760 0.319861 0.891019
0 0.238317 0.863227 0.251502 0.863557 0.251172 0.879708 0.237987 0.879378 0.238317 0.863227
0 0.413135 0.933401 0.423652 0.933401 0.425756 0.930456 0.439218 0.929194 0.441742 0.944759 0.440480 0.960325 0.423231 0.961587 0.421549 0.969580 0.412282 0.970093 0.411452 0.948125 0.413135 0.933401
0 0.231623 0.624509 0.230964 0.618246 0.237556 0.616268 0.239534 0.621213 0.231623 0.624509
0 0.302378 0.584252 0.304481 0.592666 0.293123 0.595190 0.291861 0.586776 0.302378 0.584252
0 0.867269 0.484293 0.868111 0.495230 0.855911 0.493968 0.850442 0.488499 0.852124 0.480086 0.867269 0.484293
0 0.352571 0.872742 0.367403 0.871424 0.369381 0.872742 0.369051 0.876368 0.355867 0.879335 0.353559 0.878016 0.352571 0.872742
0 0.493984 0.865037 0.495962 0.873936 0.484095 0.875255 0.482777 0.868662 0.493984 0.865037
0 0.998871 0.888298 0.980312 0.887778 0.981247 0.875477 0.973869 0.868099 0.972947 0.857032 0.991085 0.837357 0.998871 0.839630 0.998871 0.888298
0 0.971410 0.810612 0.980633 0.809382 0.980940 0.811841 0.988011 0.809074 0.991392 0.812456 0.997233 0.806000 0.998871 0.808002 0.998871 0.819174 0.992622 0.820449 0.991085 0.820449 0.990777 0.828749 0.983707 0.833361 0.978173 0.831516 0.973869 0.824138 0.971410 0.810612
0 0.782040 0.853958 0.783884 0.846580 0.791877 0.843505 0.794029 0.848732 0.794337 0.854880 0.791877 0.858261 0.782040 0.853958
