0 0.164484 0.497944 0.167719 0.497347 0.170632 0.497916 0.172982 0.499434 0.174852 0.501917 0.175614 0.505241 0.175781 0.508861 0.174343 0.511321 0.171387 0.513367 0.168082 0.514224 0.164806 0.513926 0.161912 0.512228 0.159854 0.508897 0.159553 0.505151 0.160293 0.502233 0.162003 0.499797 0.164484 0.497944
3 0.119646 0.606541 0.119646 0.593682 0.126593 0.592648 0.134722 0.593682 0.134426 0.606689 0.119646 0.606541
3 0.170875 0.616308 0.162746 0.616308 0.162746 0.592364 0.175605 0.592068 0.175605 0.588817 0.188021 0.588669 0.188021 0.592364 0.204131 0.592216 0.203392 0.615569 0.196445 0.615717 0.196150 0.635227 0.171319 0.635079 0.170875 0.616308
0 0.174429 0.675728 0.176745 0.677581 0.176166 0.678508 0.178019 0.679434 0.178830 0.678508 0.183809 0.681982 0.183925 0.683024 0.189716 0.688815 0.180451 0.702017 0.164470 0.690783 0.164817 0.688351 0.164707 0.688496 0.166786 0.681327 0.168359 0.676934 0.169681 0.675149 0.174429 0.675728
0 0.168359 0.676934 0.167112 0.680386 0.164707 0.688496 0.164470 0.690783 0.161690 0.692520 0.143045 0.680013 0.141887 0.679202 0.149404 0.666787 0.150688 0.665885 0.168359 0.676934
0 0.149265 0.666053 0.149404 0.666787 0.142775 0.677829 0.142842 0.677871 0.141887 0.679202 0.125150 0.668252 0.127474 0.659187 0.129111 0.656318 0.131911 0.653791 0.149265 0.666053
0 0.119649 0.649264 0.120592 0.647944 0.126063 0.651716 0.125308 0.653037 0.129111 0.656318 0.127474 0.659187 0.125150 0.668252 0.122547 0.672486 0.103992 0.660470 0.106240 0.656789 0.109248 0.651504 0.115122 0.646435 0.119649 0.649264
0 0.100974 0.642662 0.101917 0.641341 0.108519 0.646057 0.109248 0.651504 0.102165 0.663337 0.085078 0.651494 0.090377 0.642005 0.090537 0.640752 0.092485 0.637569 0.100974 0.642662
0 0.083619 0.635116 0.083619 0.637191 0.090029 0.640752 0.090377 0.642005 0.084937 0.651417 0.085078 0.651494 0.082544 0.654807 0.066642 0.644737 0.068717 0.637003 0.074376 0.630589 0.083619 0.635116
0 0.085860 0.720041 0.083348 0.720218 0.083802 0.724029 0.070645 0.725118 0.070826 0.721760 0.069012 0.722123 0.068027 0.704922 0.072973 0.699712 0.083934 0.699336 0.085860 0.720041
0 0.080804 0.682723 0.081208 0.699412 0.072973 0.699712 0.068027 0.704922 0.062479 0.705064 0.061887 0.696344 0.059375 0.696492 0.058192 0.682894 0.075386 0.681263 0.080804 0.682723
0 0.080804 0.682723 0.076462 0.682723 0.075386 0.681263 0.063330 0.682402 0.061544 0.665389 0.078878 0.663463 0.080804 0.682723
3 0.111690 0.698665 0.106073 0.693688 0.116667 0.681531 0.122141 0.686507 0.111690 0.698665
3 0.114960 0.700798 0.124558 0.688640 0.129606 0.692764 0.119937 0.705063 0.114960 0.700798
3 0.133682 0.735459 0.132939 0.743477 0.127593 0.751013 0.108970 0.738894 0.110371 0.736562 0.110441 0.736644 0.115609 0.731920 0.121670 0.727012 0.133682 0.735459
3 0.148876 0.727513 0.153311 0.734164 0.144147 0.749535 0.133477 0.742959 0.134209 0.735098 0.139565 0.723966 0.148876 0.727513
2 0.121385 0.722783 0.121631 0.726416 0.115290 0.731549 0.110615 0.735820 0.097737 0.724409 0.099954 0.717610 0.105275 0.711107 0.121385 0.722783
3 0.005164 0.681777 0.011302 0.679692 0.013039 0.685598 0.007017 0.687799 0.005164 0.681777
3 0.163606 0.791350 0.144104 0.798813 0.137604 0.787979 0.131104 0.789183 0.128937 0.779312 0.156624 0.769923 0.157346 0.779794 0.163606 0.791350
3 0.040722 0.857763 0.037914 0.851850 0.045304 0.846530 0.046930 0.850520 0.053433 0.847269 0.050920 0.840913 0.066587 0.832932 0.072500 0.843574 0.063484 0.850225 0.068361 0.859093 0.072795 0.867222 0.087428 0.865596 0.089645 0.883924 0.074569 0.884367 0.049590 0.895896 0.032593 0.867370 0.034071 0.862936 0.040722 0.857763
3 0.130721 0.850974 0.134690 0.850541 0.138663 0.851745 0.141870 0.853741 0.143769 0.856780 0.144856 0.860637 0.144404 0.865184 0.142226 0.869463 0.138574 0.872081 0.133907 0.873089 0.129168 0.872524 0.124807 0.869168 0.122974 0.864284 0.122674 0.860210 0.124035 0.856353 0.126727 0.852674 0.130721 0.850974
3 0.168190 0.913989 0.175949 0.911789 0.181392 0.926960 0.173286 0.929855 0.168190 0.913989
3 0.278590 0.754008 0.283024 0.750904 0.279625 0.745879 0.287311 0.740558 0.291006 0.745879 0.295144 0.743070 0.301204 0.752530 0.284798 0.763763 0.278590 0.754008
2 0.232930 0.680986 0.245518 0.688838 0.242389 0.694113 0.229087 0.685836 0.231747 0.680959 0.232930 0.680986
2 0.248449 0.683915 0.245771 0.688418 0.233174 0.680566 0.235443 0.676525 0.248449 0.683915
3 0.285308 0.614153 0.299644 0.612643 0.300517 0.620588 0.286062 0.622264 0.285308 0.614153
3 0.367463 0.687925 0.371425 0.673778 0.381611 0.676230 0.377839 0.690566 0.367463 0.687925
3 0.509924 0.195997 0.506181 0.191009 0.516372 0.184332 0.517309 0.185738 0.520004 0.183629 0.522932 0.187495 0.509924 0.195997
3 0.241898 0.626846 0.234837 0.621313 0.245905 0.607383 0.253156 0.612153 0.241898 0.626846
3 0.202812 0.878769 0.195370 0.872090 0.200522 0.866366 0.206246 0.869228 0.202812 0.878769
3 0.077155 0.992938 0.070876 0.983070 0.077006 0.978136 0.084481 0.986060 0.077155 0.992938
3 0.110406 0.910974 0.114582 0.922167 0.097876 0.931355 0.091695 0.925174 0.094869 0.918659 0.110406 0.910974
3 0.258760 0.640179 0.268115 0.637339 0.272959 0.650871 0.263103 0.654212 0.258760 0.640179
