3 0.838245 0.204816 0.866391 0.216250 0.854737 0.243360 0.857804 0.245445 0.851548 0.262005 0.820513 0.248266 0.838245 0.204816
3 0.944165 0.000004 0.951760 0.002793 0.942723 0.031033 0.931427 0.027795 0.923279 0.049312 0.907222 0.043418 0.919059 0.010344 0.924029 0.012754 0.928245 0.000004 0.944165 0.000004
0 0.998856 0.008758 0.982316 0.000003 0.998856 0.000003 0.998856 0.008758
3 0.702528 0.137458 0.723037 0.113974 0.745895 0.135892 0.748400 0.132134 0.757793 0.142467 0.743604 0.159682 0.724191 0.141678 0.716519 0.150602 0.702528 0.137458
3 0.646517 0.069524 0.662860 0.061318 0.665743 0.066508 0.669011 0.064970 0.670933 0.069199 0.677181 0.066316 0.689676 0.087269 0.686792 0.089287 0.696908 0.109111 0.686169 0.115188 0.681349 0.117977 0.674120 0.104723 0.665579 0.110057 0.646517 0.069524
3 0.713311 0.082072 0.732069 0.088149 0.727744 0.103624 0.721593 0.102182 0.717556 0.111890 0.704869 0.107565 0.713311 0.082072
3 0.281340 0.052249 0.305068 0.058968 0.303637 0.065294 0.314482 0.066499 0.313729 0.074030 0.336246 0.076967 0.339635 0.055128 0.382479 0.062116 0.393351 0.064380 0.379596 0.130109 0.368368 0.127248 0.265679 0.102118 0.281340 0.052249
3 0.051478 0.217846 0.064236 0.208768 0.070246 0.217110 0.075766 0.213429 0.090241 0.232320 0.102631 0.222016 0.120172 0.229867 0.075588 0.260583 0.055653 0.232054 0.059191 0.229819 0.051478 0.217846
3 0.127908 0.244782 0.142325 0.234210 0.149150 0.242572 0.153667 0.239400 0.171160 0.265735 0.124833 0.294473 0.110608 0.274962 0.130979 0.260439 0.129961 0.258867 0.134608 0.255554 0.132181 0.251967 0.129138 0.254395 0.123958 0.247367 0.127908 0.244782
0 0.330940 0.263852 0.361852 0.272193 0.365409 0.260417 0.382092 0.264956 0.370074 0.307609 0.320600 0.294348 0.330940 0.263852
0 0.363433 0.161446 0.383305 0.156907 0.390910 0.186961 0.369689 0.192726 0.363433 0.161446
3 0.265679 0.102118 0.368368 0.127248 0.345294 0.202756 0.241029 0.174093 0.265679 0.102118
3 0.830362 0.299232 0.861407 0.294330 0.861599 0.307882 0.856890 0.308363 0.857370 0.322107 0.862272 0.322300 0.879188 0.349500 0.864195 0.360457 0.849777 0.340081 0.854295 0.337197 0.851507 0.332872 0.846894 0.335371 0.841800 0.328643 0.841791 0.321951 0.837954 0.322183 0.837306 0.309839 0.830557 0.310671 0.830362 0.299232
0 0.918557 0.403415 0.931011 0.397264 0.950041 0.434364 0.938123 0.442918 0.918557 0.403415
0 0.869264 0.415371 0.893215 0.402744 0.921698 0.451039 0.896416 0.464657 0.869264 0.415371
0 0.846786 0.568978 0.836453 0.547372 0.857432 0.537039 0.880134 0.583068 0.884830 0.581003 0.888798 0.589964 0.884882 0.592224 0.886990 0.596667 0.862337 0.608932 0.859742 0.602877 0.841174 0.610483 0.827351 0.578079 0.846786 0.568978
0 0.522192 0.730050 0.541127 0.728993 0.540935 0.725245 0.562849 0.721016 0.565828 0.733414 0.555448 0.736586 0.555256 0.741776 0.545548 0.755713 0.526806 0.756386 0.526614 0.743506 0.521520 0.743218 0.522192 0.730050
0 0.731824 0.751808 0.752678 0.755365 0.751941 0.762480 0.773531 0.765179 0.769728 0.799035 0.733909 0.794374 0.735504 0.780267 0.726181 0.779040 0.731824 0.751808
0 0.670258 0.760586 0.684868 0.761941 0.686223 0.755691 0.704824 0.758025 0.704372 0.762845 0.720037 0.764201 0.718756 0.783479 0.704824 0.782500 0.702414 0.796432 0.686826 0.795830 0.686073 0.804340 0.681253 0.804490 0.681705 0.795303 0.666643 0.794550 0.670258 0.760586
0 0.622936 0.739176 0.636870 0.748256 0.651430 0.752327 0.656283 0.770801 0.652682 0.784735 0.643602 0.780977 0.640784 0.788492 0.605088 0.767356 0.622936 0.739176
0 0.785286 0.804998 0.794291 0.783514 0.816675 0.794141 0.814221 0.801378 0.833848 0.810456 0.832622 0.813032 0.836179 0.814626 0.834830 0.819410 0.845993 0.823949 0.844030 0.829592 0.852249 0.833272 0.845870 0.851427 0.835566 0.847256 0.833848 0.851427 0.799501 0.835971 0.801955 0.830696 0.783800 0.822232 0.790546 0.807144 0.785286 0.804998
3 0.413334 0.515492 0.430192 0.514194 0.430428 0.516200 0.450372 0.514548 0.449959 0.512306 0.482087 0.509907 0.483798 0.531795 0.466209 0.532660 0.465825 0.529777 0.455252 0.530257 0.455829 0.536793 0.452369 0.537081 0.453906 0.555439 0.426566 0.557756 0.424358 0.528929 0.414054 0.529665 0.413334 0.515492
0 0.494960 0.410903 0.503552 0.415099 0.509946 0.402710 0.535522 0.417696 0.508547 0.468449 0.495759 0.463254 0.497757 0.459657 0.474579 0.446469 0.494960 0.410903
0 0.734179 0.529272 0.743791 0.520141 0.757727 0.533117 0.760899 0.530233 0.771760 0.541767 0.776085 0.538019 0.796654 0.559068 0.773394 0.579732 0.748596 0.552532 0.743214 0.557049 0.733987 0.546765 0.736582 0.544362 0.728509 0.535327 0.734179 0.529272
0 0.667029 0.442659 0.688634 0.430291 0.706795 0.463012 0.711336 0.460663 0.720573 0.478981 0.699750 0.487435 0.695836 0.482268 0.688008 0.486496 0.682685 0.476476 0.684720 0.475223 0.667029 0.442659
0 0.966901 0.635520 0.969789 0.661116 0.920316 0.666752 0.919846 0.660646 0.907322 0.662368 0.907165 0.659080 0.891039 0.660489 0.890413 0.650626 0.898398 0.649530 0.898398 0.642798 0.966901 0.635520
3 0.549872 0.194388 0.564737 0.185694 0.587516 0.215682 0.589727 0.214240 0.593476 0.219911 0.597320 0.217988 0.625385 0.231637 0.622694 0.247880 0.617600 0.247111 0.617120 0.256818 0.597993 0.270563 0.595013 0.267103 0.579827 0.267103 0.571369 0.256146 0.558043 0.226231 0.553190 0.227484 0.548493 0.215585 0.550215 0.209479 0.554599 0.206818 0.549872 0.194388
4 0.374101 0.000009 0.370222 0.019260 0.307048 0.008711 0.308764 0.000008 0.374101 0.000009
3 0.259712 0.000008 0.258364 0.009444 0.205984 0.000612 0.208046 0.000007 0.259712 0.000008
0 0.577921 0.526237 0.574373 0.552143 0.571179 0.555337 0.548112 0.551433 0.547757 0.548594 0.551661 0.521979 0.560887 0.521979 0.565146 0.501396 0.569404 0.499622 0.581470 0.501396 0.584309 0.487911 0.587148 0.486137 0.626894 0.493589 0.628313 0.496073 0.627249 0.505300 0.624055 0.506364 0.611279 0.506364 0.607731 0.521269 0.607021 0.522689 0.580405 0.517011 0.581470 0.521979 0.577921 0.526237
0 0.632126 0.591287 0.618779 0.583780 0.617389 0.580443 0.621560 0.572936 0.623506 0.572936 0.636575 0.580721 0.637687 0.583224 0.632126 0.591287
0 0.650475 0.606338 0.636819 0.596779 0.636819 0.595926 0.640404 0.589439 0.642623 0.589439 0.656620 0.597462 0.657132 0.598315 0.655596 0.600705 0.660717 0.604290 0.661741 0.605997 0.657644 0.608728 0.653206 0.607704 0.650475 0.606338
0 0.697671 0.660302 0.698073 0.639838 0.698340 0.639571 0.704091 0.639036 0.704225 0.633418 0.706632 0.632749 0.716129 0.633284 0.717466 0.635291 0.716530 0.640373 0.706231 0.641042 0.706365 0.644252 0.713052 0.644252 0.714122 0.645723 0.714122 0.652945 0.711849 0.654015 0.705830 0.654149 0.704760 0.661238 0.702887 0.662174 0.699276 0.662575 0.697671 0.660302
0 0.708131 0.684766 0.696762 0.682894 0.695826 0.680085 0.697164 0.675939 0.698769 0.676474 0.699036 0.669519 0.700374 0.668315 0.707863 0.668850 0.708398 0.669653 0.708666 0.677677 0.710003 0.677811 0.711207 0.680352 0.709602 0.683696 0.708131 0.684766
0 0.536816 0.567192 0.523331 0.560193 0.522648 0.556608 0.525550 0.553536 0.539718 0.561388 0.540401 0.563436 0.539206 0.566338 0.536816 0.567192
0 0.753650 0.753722 0.734524 0.750779 0.733721 0.747302 0.734925 0.730717 0.737734 0.728176 0.756459 0.731921 0.757662 0.733793 0.754987 0.751047 0.753650 0.753722
3 0.998856 0.809947 0.983952 0.808531 0.981338 0.806788 0.980249 0.788488 0.965870 0.785656 0.963909 0.782605 0.964998 0.769534 0.967831 0.766702 0.982863 0.766266 0.982645 0.757116 0.987438 0.755155 0.998856 0.755936 0.998856 0.809947
0 0.998856 0.723111 0.996142 0.727167 0.993627 0.727691 0.982938 0.714487 0.982938 0.712706 0.997504 0.702436 0.998856 0.702532 0.998856 0.723111
0 0.998856 0.626299 0.995815 0.631224 0.993591 0.630946 0.974683 0.614819 0.974961 0.607590 0.984693 0.598414 0.989698 0.601195 0.998856 0.583982 0.998856 0.626299
0 0.926968 0.504586 0.922175 0.491296 0.922829 0.488900 0.944397 0.481710 0.955290 0.516786 0.953329 0.521361 0.933504 0.528333 0.930672 0.527243 0.925661 0.516568 0.924354 0.516786 0.920432 0.509379 0.921086 0.507636 0.926968 0.504586
0 0.984659 0.482143 0.989610 0.500920 0.986196 0.503139 0.967760 0.505529 0.963322 0.503480 0.958030 0.479241 0.961956 0.477705 0.960761 0.470194 0.988585 0.464049 0.992682 0.466438 0.994731 0.477534 0.992170 0.479924 0.984659 0.482143
0 0.986353 0.535335 0.970990 0.539432 0.969283 0.538578 0.965015 0.521508 0.967234 0.519630 0.978330 0.516387 0.980719 0.517241 0.986011 0.530043 0.986353 0.535335
0 0.816470 0.480355 0.811007 0.481891 0.809471 0.481550 0.794791 0.455091 0.797522 0.450141 0.800595 0.448604 0.798376 0.442118 0.798888 0.440923 0.818177 0.440240 0.819884 0.441435 0.820908 0.448263 0.846172 0.494693 0.847025 0.506301 0.838661 0.513129 0.835930 0.513812 0.815958 0.482915 0.816470 0.480355
3 0.765416 0.411595 0.741225 0.391297 0.737889 0.384068 0.756518 0.360712 0.765972 0.361824 0.780431 0.376283 0.776260 0.382400 0.782933 0.393244 0.787938 0.383790 0.792387 0.385458 0.806290 0.402976 0.805455 0.408815 0.794333 0.422717 0.789884 0.422995 0.777094 0.413542 0.773479 0.414376 0.769865 0.410761 0.767918 0.411595 0.765416 0.411595
3 0.368330 0.742816 0.350587 0.736429 0.348457 0.732880 0.361588 0.686037 0.364782 0.684617 0.380041 0.690295 0.381816 0.693844 0.371169 0.738913 0.368330 0.742816
3 0.424121 0.618555 0.409571 0.661140 0.406377 0.662915 0.395021 0.656527 0.390408 0.650849 0.397860 0.627072 0.395376 0.624588 0.393247 0.621040 0.400699 0.608264 0.406732 0.606490 0.424475 0.613942 0.424121 0.618555
0 0.512216 0.645246 0.505681 0.643721 0.504591 0.641324 0.508948 0.620627 0.513959 0.619974 0.524199 0.622370 0.523981 0.623678 0.547292 0.626728 0.549471 0.629124 0.555789 0.635878 0.547728 0.664418 0.542063 0.665725 0.515702 0.660060 0.511781 0.656792 0.512434 0.648078 0.512216 0.645246
3 0.998856 0.935565 0.967045 0.915306 0.965377 0.910579 0.976777 0.898066 0.984006 0.902515 0.998856 0.892599 0.998856 0.935565
3 0.099771 0.067756 0.066058 0.054271 0.064284 0.043625 0.077414 0.025881 0.113966 0.043625 0.114676 0.047529 0.106159 0.063853 0.099771 0.067756
3 0.189699 0.142160 0.164858 0.135062 0.164503 0.129739 0.174440 0.087509 0.179053 0.085025 0.202830 0.097091 0.203539 0.102769 0.198571 0.117674 0.206023 0.120868 0.199636 0.138611 0.189699 0.142160
3 0.058560 0.195929 0.036203 0.191315 0.033364 0.181734 0.041881 0.158312 0.051818 0.159022 0.060334 0.161506 0.058915 0.174636 0.064948 0.177830 0.061044 0.190606 0.058560 0.195929
0 0.754650 0.697869 0.769351 0.698036 0.769184 0.707725 0.754817 0.707558 0.754650 0.697869
3 0.772982 0.138362 0.788519 0.142706 0.783841 0.160748 0.766801 0.153899 0.772982 0.138362
3 0.851728 0.185451 0.868433 0.191966 0.862586 0.206834 0.847217 0.200319 0.851728 0.185451
