3 0.440184 0.881983 0.448904 0.883644 0.449527 0.879491 0.463646 0.882606 0.460323 0.905860 0.445997 0.903992 0.447243 0.899424 0.437277 0.897347 0.440184 0.881983
3 0.441845 0.922055 0.452641 0.906275 0.470290 0.921640 0.460116 0.937004 0.441845 0.922055
0 0.399119 0.837727 0.413435 0.830243 0.417340 0.838540 0.424010 0.835124 0.428565 0.843258 0.407416 0.854483 0.399119 0.837727
0 0.357868 0.748583 0.376945 0.769006 0.360493 0.785621 0.341393 0.766522 0.357868 0.748583
0 0.329248 0.819752 0.340829 0.820613 0.340125 0.831646 0.328466 0.830864 0.329248 0.819752
0 0.286263 0.718830 0.301049 0.707995 0.305127 0.714368 0.310226 0.711054 0.314942 0.717810 0.309589 0.721634 0.326797 0.745343 0.316727 0.752608 0.308187 0.739862 0.302706 0.744705 0.294293 0.732851 0.296005 0.731532 0.286263 0.718830
3 0.248975 0.669266 0.254405 0.676389 0.261594 0.682904 0.242474 0.703299 0.227499 0.691416 0.248975 0.669266
0 0.192968 0.732722 0.210375 0.728654 0.218184 0.769162 0.200126 0.773229 0.192968 0.732722
4 0.119963 0.996379 0.102556 0.979460 0.108901 0.972627 0.096700 0.961890 0.107437 0.948713 0.103533 0.945297 0.114595 0.933746 0.125657 0.943995 0.128911 0.940416 0.137858 0.949201 0.145016 0.957010 0.146155 0.960751 0.147457 0.966120 0.119963 0.996379
0 0.040917 0.733810 0.054301 0.741840 0.047673 0.752420 0.034544 0.744644 0.040917 0.733810
0 0.082237 0.702327 0.113320 0.674664 0.114785 0.676521 0.122467 0.684826 0.131969 0.695799 0.102441 0.722530 0.082237 0.702327
4 -0.000000 0.701259 0.015241 0.711487 0.021573 0.705642 0.028636 0.712705 0.018650 0.727804 -0.000000 0.714410 -0.000000 0.701259
3 0.176306 0.655115 0.189671 0.665682 0.167292 0.690859 0.154548 0.679048 0.162874 0.669840 0.168257 0.663930 0.176306 0.655115
3 0.156702 0.629854 0.176512 0.637973 0.170181 0.653234 0.150049 0.644632 0.156702 0.629854
3 0.171607 0.592999 0.187754 0.596886 0.182222 0.618864 0.166225 0.614528 0.171607 0.592999
3 0.150367 0.601178 0.166374 0.606754 0.161141 0.624396 0.155759 0.622154 0.153666 0.628284 0.142548 0.624541 0.144935 0.615904 0.147132 0.608513 0.150367 0.601178
3 0.134723 0.594645 0.124610 0.622123 0.112627 0.617842 0.122949 0.590957 0.134723 0.594645
3 0.122949 0.590957 0.112627 0.617842 0.103239 0.614490 0.112207 0.587585 0.122949 0.590957
3 0.119649 0.576491 0.131398 0.581264 0.128094 0.590259 0.116804 0.585578 0.119649 0.576491
0 0.058769 0.581843 0.069233 0.580650 0.071252 0.595519 0.060880 0.596896 0.058769 0.581843
0 0.043308 0.556349 0.052328 0.555529 0.053851 0.570290 0.044362 0.570992 0.043308 0.556349
3 0.080480 0.559987 0.093952 0.565727 0.087977 0.578964 0.074271 0.573224 0.076210 0.568996 0.080480 0.559987
3 0.076210 0.568996 0.072280 0.567367 0.076731 0.558347 0.080480 0.559987 0.076210 0.568996
0 0.098915 0.514387 0.111155 0.506509 0.115094 0.512980 0.118048 0.510870 0.125364 0.521984 0.103135 0.536194 0.096523 0.524657 0.102573 0.520577 0.098915 0.514387
0 0.109694 0.453982 0.114721 0.457573 0.122981 0.449672 0.142912 0.469603 0.130343 0.483250 0.126034 0.479658 0.113824 0.496537 0.091199 0.473194 0.109694 0.453982
3 0.136397 0.362299 0.129504 0.383262 0.111214 0.376509 0.115696 0.363488 0.119736 0.364588 0.122695 0.357243 0.136397 0.362299
3 0.172185 0.397626 0.158898 0.407143 0.152354 0.396650 0.155920 0.394053 0.150211 0.385655 0.160154 0.379491 0.172185 0.397626
3 0.345420 0.473779 0.349964 0.486455 0.335223 0.493099 0.325257 0.470260 0.338408 0.464961 0.345420 0.473779
3 0.370104 0.436001 0.359515 0.456557 0.362630 0.466315 0.345420 0.473779 0.338408 0.464961 0.339168 0.464654 0.333146 0.449705 0.332266 0.450098 0.331787 0.439629 0.335015 0.438701 0.340413 0.440985 0.341244 0.437455 0.343735 0.435586 0.347888 0.433095 0.343943 0.430811 0.344981 0.425620 0.370104 0.436001
3 0.330655 0.439946 0.331787 0.439629 0.332266 0.450098 0.316536 0.457180 0.308023 0.432679 0.325049 0.425620 0.330655 0.439946
0 0.343407 0.404149 0.374636 0.411415 0.371450 0.426328 0.340348 0.419190 0.343407 0.404149
0 0.335942 0.383144 0.345215 0.385097 0.342612 0.398599 0.330899 0.396484 0.335942 0.383144
0 0.365367 0.371234 0.388630 0.372373 0.388467 0.393522 0.365204 0.393359 0.365367 0.371234
0 0.364699 0.376700 0.365204 0.393359 0.365266 0.395883 0.352870 0.395548 0.352870 0.376174 0.364699 0.376700
0 0.413522 0.325510 0.417591 0.350238 0.407105 0.351960 0.390281 0.354688 0.385787 0.333416 0.390481 0.333515 0.391080 0.329920 0.400169 0.326025 0.413522 0.325510
0 0.404882 0.353100 0.420306 0.354119 0.419031 0.369543 0.402715 0.368523 0.404882 0.353100
4 0.443733 0.335936 0.456217 0.333739 0.458614 0.348819 0.445830 0.350617 0.443733 0.335936
3 0.486699 0.317610 0.489375 0.327552 0.493964 0.326277 0.494347 0.330484 0.489630 0.332141 0.494474 0.346162 0.467196 0.353937 0.462735 0.338132 0.464520 0.330993 0.458911 0.325640 0.464392 0.319649 0.469491 0.325003 0.468981 0.320669 0.478413 0.317482 0.478796 0.320286 0.486699 0.317610
3 0.476005 0.309890 0.471450 0.313144 0.449813 0.277354 0.464454 0.267756 0.471612 0.279794 0.476168 0.277191 0.497479 0.309240 0.481048 0.318675 0.476005 0.309890
4 0.487059 0.288140 0.502840 0.274312 0.502677 0.291068 0.493892 0.299365 0.487059 0.288140
3 0.488594 0.317012 0.503252 0.317777 0.503507 0.326445 0.496114 0.326572 0.492800 0.322238 0.488721 0.322238 0.488594 0.317012
3 0.443008 0.238468 0.454793 0.236171 0.456091 0.243361 0.457889 0.251251 0.444406 0.253548 0.442608 0.245459 0.443008 0.238468
0 0.570186 0.125322 0.580935 0.135896 0.596843 0.151272 0.576704 0.173073 0.562585 0.160408 0.571928 0.150649 0.558832 0.137558 0.570186 0.125322
0 0.557578 0.113637 0.564206 0.120010 0.568030 0.115549 0.574276 0.121413 0.570186 0.125322 0.558832 0.137558 0.556813 0.140150 0.551077 0.134796 0.554391 0.131610 0.546616 0.124982 0.557578 0.113637
0 0.525322 0.038044 0.545255 0.052163 0.536119 0.066489 0.515356 0.052371 0.525322 0.038044
4 0.550360 0.000009 0.544504 0.006647 0.535084 0.000009 0.550360 0.000009
0 0.762926 0.132180 0.743582 0.146755 0.734837 0.136155 0.719732 0.148345 0.708338 0.135890 0.712158 0.132744 0.715023 0.135782 0.734756 0.119570 0.745702 0.111776 0.762926 0.132180
0 0.734756 0.119570 0.715023 0.135782 0.712158 0.132744 0.701750 0.120698 0.721852 0.104886 0.734756 0.119570
0 0.760411 0.160909 0.793253 0.130575 0.811289 0.151104 0.780020 0.181578 0.760411 0.160909
0 0.844448 0.000006 0.853785 0.008152 0.832259 0.029932 0.821395 0.016664 0.836807 0.000006 0.844448 0.000006
0 0.886852 0.091782 0.897616 0.100876 0.886144 0.113750 0.875600 0.103382 0.876993 0.101850 0.884930 0.093519 0.886852 0.091782
0 0.963812 0.142666 0.978393 0.143365 0.977594 0.154551 0.963213 0.154151 0.963812 0.142666
0 0.128278 0.029477 0.149887 0.035186 0.141340 0.070216 0.119321 0.066891 0.128278 0.029477
0 0.228710 0.054050 0.198670 0.057262 0.198040 0.041529 0.204884 0.040876 0.224951 0.038711 0.227287 0.038653 0.228710 0.054050
0 0.224951 0.038711 0.204884 0.040876 0.204222 0.026564 0.223471 0.024346 0.224951 0.038711
0 0.125671 0.117861 0.131529 0.124856 0.133823 0.122307 0.139814 0.128680 0.137010 0.131102 0.142073 0.136132 0.123594 0.152535 0.114459 0.142569 0.122141 0.135302 0.115082 0.127619 0.125671 0.117861
0 0.143563 0.151542 0.164326 0.159017 0.155398 0.182271 0.135258 0.175004 0.143563 0.151542
0 0.179222 0.202057 0.195652 0.197502 0.201184 0.217023 0.183777 0.221416 0.179222 0.202057
0 0.032854 0.042086 0.042820 0.036688 0.051748 0.053298 0.040951 0.058904 0.032854 0.042086
4 -0.000000 0.009641 0.005210 0.012250 0.001024 0.019814 -0.000000 0.018796 -0.000000 0.009641
0 -0.000000 0.105984 -0.000000 0.086100 0.004139 0.086482 0.003757 0.084443 0.010767 0.084188 0.010512 0.088139 0.016631 0.089159 0.014719 0.109043 -0.000000 0.105984
0 0.091396 0.323544 0.090191 0.325187 0.098525 0.331206 0.102666 0.325518 0.109364 0.330120 0.095497 0.357853 0.075215 0.345244 0.077107 0.342212 0.068246 0.336863 0.080018 0.316790 0.091396 0.323544
0 0.102666 0.325518 0.098525 0.331206 0.090191 0.325187 0.091396 0.323544 0.080018 0.316790 0.068246 0.336863 0.077107 0.342212 0.075215 0.345244 0.059226 0.335310 0.078249 0.308751 0.102666 0.325518
3 -0.000000 0.249265 0.045781 0.280404 0.031915 0.302388 -0.000000 0.277220 -0.000000 0.249265
4 0.242124 0.327211 0.256865 0.309563 0.271192 0.322021 0.256450 0.340915 0.242124 0.327211
4 0.229864 0.350548 0.241591 0.347361 0.243375 0.354244 0.232031 0.357048 0.229864 0.350548
0 0.203373 0.427965 0.226005 0.434817 0.223306 0.446652 0.230157 0.450804 0.225382 0.465754 0.205242 0.460148 0.198598 0.445821 0.203373 0.427965
3 0.297952 0.460206 0.265578 0.463123 0.265127 0.455234 0.297021 0.452285 0.297952 0.460206
3 0.297021 0.452285 0.265127 0.455234 0.264114 0.440684 0.295349 0.438081 0.297021 0.452285
0 0.215835 0.496046 0.249673 0.496046 0.249510 0.505156 0.215835 0.505318 0.215835 0.496046
0 0.911819 0.150550 0.911820 0.150633 0.919743 0.150753 0.920022 0.157571 0.919719 0.164545 0.905728 0.163894 0.905728 0.150392 0.911819 0.150550
0 0.936946 0.133364 0.937026 0.138165 0.943696 0.138002 0.942883 0.157849 0.920022 0.157571 0.919743 0.150753 0.911820 0.150633 0.912523 0.134489 0.924988 0.135074 0.924988 0.133202 0.936946 0.133364
0 0.892159 0.112291 0.914338 0.095083 0.925810 0.109104 0.912298 0.121086 0.907964 0.115860 0.900444 0.122233 0.892159 0.112291
0 0.858086 0.082719 0.872402 0.068566 0.883139 0.079303 0.877770 0.085648 0.884930 0.093519 0.876993 0.101850 0.858086 0.082719
0 0.855652 0.032740 0.857632 0.030435 0.858915 0.029086 0.857828 0.028088 0.868535 0.016743 0.888547 0.037265 0.858210 0.069769 0.851327 0.063141 0.864584 0.049629 0.860887 0.046443 0.864966 0.042746 0.855652 0.032740
0 0.851008 0.024371 0.857632 0.030435 0.855652 0.032740 0.849881 0.039085 0.842716 0.033561 0.851008 0.024371
0 0.574276 0.121413 0.583648 0.112073 0.594626 0.121865 0.580935 0.135896 0.570186 0.125322 0.574276 0.121413
0 0.442991 0.173640 0.485836 0.185838 0.479082 0.212425 0.468848 0.209013 0.470741 0.201541 0.438502 0.191596 0.442991 0.173640
0 0.380500 0.145461 0.394535 0.155871 0.392772 0.158186 0.408757 0.171031 0.397107 0.189470 0.372599 0.172185 0.375686 0.168548 0.370725 0.164690 0.371649 0.161967 0.367428 0.159168 0.368079 0.148926 0.380500 0.145461
0 0.263866 0.572002 0.275112 0.576914 0.275639 0.574132 0.284131 0.577344 0.280580 0.587844 0.270457 0.589674 0.263987 0.582150 0.264963 0.579059 0.259872 0.577396 0.261569 0.571203 0.263866 0.572002
0 0.287739 0.566696 0.284131 0.577344 0.275639 0.574132 0.275112 0.576914 0.263866 0.572002 0.266102 0.560351 0.287739 0.566696
3 0.408086 0.702207 0.407728 0.716662 0.388098 0.715770 0.388818 0.701172 0.408086 0.702207
3 0.408492 0.685561 0.408096 0.701719 0.388848 0.700684 0.382744 0.699964 0.383848 0.683971 0.408492 0.685561
4 0.357712 0.661238 0.371351 0.664042 0.368802 0.678191 0.354398 0.675132 0.357712 0.661238
3 0.162874 0.669840 0.159574 0.667103 0.165202 0.660984 0.168257 0.663930 0.162874 0.669840
0 0.114785 0.676521 0.120022 0.672188 0.127797 0.681365 0.122467 0.684826 0.114785 0.676521
3 0.147132 0.608513 0.144935 0.615904 0.140399 0.613947 0.142801 0.607077 0.147132 0.608513
3 0.147132 0.608513 0.142801 0.607077 0.136129 0.604257 0.139254 0.596775 0.150367 0.601178 0.147132 0.608513
0 0.473133 0.946959 0.486961 0.947122 0.486961 0.957371 0.474109 0.956557 0.473133 0.946959
0 0.981546 0.079848 0.987809 0.086111 0.982865 0.091715 0.976932 0.085122 0.981546 0.079848
0 0.479973 0.221329 0.490850 0.223637 0.492169 0.223637 0.489532 0.241766 0.473710 0.238469 0.477006 0.221329 0.479973 0.221329
4 0.444803 0.380318 0.453909 0.377282 0.455124 0.382544 0.446422 0.385984 0.444803 0.380318
3 0.287293 0.430371 0.300464 0.425722 0.303822 0.436311 0.297624 0.436311 0.290909 0.436828 0.287293 0.430371
4 0.377363 0.659516 0.387252 0.660834 0.384945 0.666108 0.378023 0.665119 0.377363 0.659516
0 0.412881 0.917426 0.444545 0.944172 0.429789 0.960465 0.401507 0.930338 0.412881 0.917426
3 0.998872 0.454975 0.994144 0.456439 0.994824 0.460291 0.960604 0.466410 0.959698 0.446694 0.982586 0.443522 0.981680 0.439442 0.974428 0.441029 0.970349 0.427658 0.973748 0.426752 0.968309 0.414967 0.980547 0.411115 0.981906 0.415194 0.997543 0.410435 0.996637 0.416101 0.998872 0.416615 0.998872 0.454975
