3 0.736985 0.079516 0.736885 0.078396 0.759700 0.076869 0.760508 0.088456 0.767566 0.088038 0.769322 0.107497 0.762153 0.108082 0.763177 0.115983 0.744835 0.118031 0.744452 0.112683 0.739129 0.113057 0.737329 0.092585 0.738017 0.092585 0.736985 0.079516
3 0.770040 0.089883 0.772626 0.088750 0.769553 0.078070 0.780819 0.073827 0.796913 0.071925 0.806917 0.106829 0.783947 0.114380 0.785204 0.116446 0.779815 0.118243 0.770040 0.089883
3 0.804936 0.071434 0.818347 0.064342 0.824527 0.076821 0.829946 0.074287 0.839557 0.094577 0.833152 0.097814 0.833997 0.099151 0.816153 0.107975 0.803807 0.083714 0.809367 0.081048 0.804936 0.071434
3 0.836125 0.070318 0.829030 0.057801 0.845882 0.049089 0.866058 0.084741 0.845767 0.096548 0.832606 0.072288 0.836125 0.070318
3 0.863379 0.072931 0.849553 0.034539 0.873455 0.026038 0.875323 0.032386 0.881485 0.029399 0.889141 0.052927 0.882045 0.055541 0.885226 0.064901 0.863379 0.072931
3 0.891421 0.013600 0.891224 0.011929 0.914854 0.008710 0.918073 0.044995 0.912952 0.044995 0.913244 0.050116 0.894933 0.051640 0.894201 0.046373 0.890836 0.046812 0.888788 0.021940 0.892007 0.021208 0.891421 0.013600
3 0.923941 0.033894 0.918642 0.033176 0.922325 0.004343 0.947273 0.007632 0.946688 0.015386 0.951077 0.016264 0.947629 0.042645 0.923039 0.039224 0.923941 0.033894
4 0.998863 0.045480 0.995597 0.045029 0.985978 0.043721 0.986244 0.021550 0.998863 0.021339 0.998863 0.045480
3 0.788379 0.180293 0.757813 0.188489 0.745507 0.145643 0.747272 0.145176 0.778721 0.137549 0.788379 0.180293
3 0.820039 0.170947 0.818772 0.171301 0.820605 0.177030 0.791272 0.184822 0.789438 0.180009 0.788848 0.180166 0.779189 0.137441 0.810439 0.129863 0.820039 0.170947
3 0.847876 0.163051 0.820508 0.170811 0.810908 0.129746 0.838022 0.123176 0.847876 0.163051
3 0.843259 0.122197 0.866602 0.110885 0.878453 0.134946 0.871989 0.139974 0.877375 0.149131 0.858163 0.158109 0.850442 0.143206 0.848107 0.144104 0.844157 0.136023 0.847748 0.133330 0.843259 0.122197
3 0.869724 0.109378 0.888998 0.091932 0.917980 0.127667 0.898143 0.144972 0.893923 0.141454 0.889983 0.145534 0.871694 0.119929 0.875774 0.117256 0.869724 0.109378
3 0.895663 0.089272 0.927177 0.062682 0.942934 0.084348 0.938151 0.088005 0.941809 0.094055 0.919017 0.114595 0.895663 0.089272
0 0.998863 0.219219 0.986982 0.207314 0.998863 0.194347 0.998863 0.219219
0 0.998863 0.193625 0.986641 0.206973 0.963076 0.183359 0.991807 0.152979 0.998863 0.161715 0.998863 0.193625
0 0.991494 0.152588 0.962725 0.183018 0.944573 0.164823 0.962991 0.147820 0.958499 0.142897 0.972934 0.129616 0.991494 0.152588
0 0.998863 0.379556 0.971694 0.373837 0.976965 0.353212 0.987507 0.355046 0.991174 0.336483 0.998863 0.338280 0.998863 0.379556
0 0.998863 0.439045 0.987204 0.433184 0.998863 0.415644 0.998863 0.439045
0 0.946941 0.423693 0.950297 0.418665 0.960838 0.403500 0.965865 0.407450 0.978434 0.389674 0.994056 0.399909 0.989137 0.408251 0.995422 0.412381 0.973875 0.441110 0.968668 0.437699 0.967052 0.438776 0.946941 0.423693
0 0.998863 0.491239 0.988690 0.516926 0.963929 0.507359 0.980530 0.469655 0.998819 0.476689 0.996789 0.481524 0.998863 0.482127 0.998863 0.491239
0 0.932088 0.495323 0.933884 0.490116 0.944837 0.460848 0.950224 0.462824 0.951301 0.459771 0.975002 0.467851 0.959201 0.505379 0.932088 0.495323
0 0.998863 0.653018 0.965396 0.617557 0.983271 0.601974 0.998863 0.620556 0.998863 0.653018
0 0.969568 0.665811 0.942415 0.637392 0.960282 0.620228 0.985465 0.645270 0.979697 0.650898 0.982089 0.653571 0.969568 0.665811
0 0.966039 0.691320 0.992622 0.685820 0.998863 0.716641 0.998863 0.722525 0.972684 0.728674 0.966039 0.691320
0 0.934102 0.742789 0.926920 0.741532 0.930517 0.716891 0.936975 0.716933 0.935539 0.698259 0.942721 0.697361 0.942721 0.694847 0.964448 0.692513 0.969116 0.739557 0.934102 0.742789
0 0.901483 0.738553 0.909045 0.702116 0.932420 0.707386 0.925087 0.744970 0.901483 0.738553
0 0.874749 0.745480 0.882410 0.730127 0.877443 0.727165 0.883727 0.717828 0.888396 0.720163 0.891089 0.714955 0.904376 0.722676 0.895219 0.744762 0.890012 0.743326 0.886780 0.751046 0.874749 0.745480
0 0.809241 0.583435 0.817755 0.578365 0.814207 0.572177 0.837353 0.556823 0.850644 0.578365 0.819249 0.600365 0.809241 0.583435
0 0.833178 0.596332 0.845607 0.597373 0.846106 0.593043 0.859148 0.594684 0.858285 0.601680 0.872322 0.603514 0.870167 0.620572 0.830664 0.615724 0.833178 0.596332
0 0.869713 0.532391 0.897006 0.511742 0.911729 0.529159 0.885334 0.551604 0.869713 0.532391
0 0.998863 0.570200 0.996491 0.576504 0.986080 0.580584 0.984251 0.576363 0.973277 0.571158 0.971448 0.575519 0.962708 0.571978 0.971768 0.547197 0.977374 0.538804 0.978892 0.537908 0.998863 0.549460 0.998863 0.570200
0 0.970908 0.548242 0.961278 0.573302 0.959545 0.578623 0.933111 0.566800 0.946637 0.536219 0.970908 0.548242
0 0.892325 0.585482 0.898283 0.574711 0.903783 0.577232 0.909741 0.568065 0.937012 0.582961 0.928762 0.604044 0.892325 0.585482
0 0.903281 0.558961 0.909277 0.535247 0.915203 0.536504 0.916460 0.526449 0.937647 0.532015 0.931418 0.557695 0.927845 0.572123 0.903281 0.558961
0 0.915401 0.917886 0.929733 0.912329 0.941724 0.938359 0.925345 0.945086 0.915401 0.917886
3 0.895979 0.892170 0.903576 0.888230 0.912439 0.884995 0.921915 0.906042 0.911173 0.909615 0.906249 0.915383 0.895979 0.892170
3 0.906249 0.915383 0.911173 0.909615 0.921915 0.906042 0.922029 0.910238 0.906249 0.915383
3 0.914262 0.879415 0.922450 0.875964 0.927323 0.888687 0.918931 0.891732 0.914262 0.879415
0 0.969178 0.876954 0.966171 0.878230 0.950959 0.885505 0.949697 0.882529 0.968069 0.874051 0.969178 0.876954
0 0.992188 0.870703 0.980742 0.876299 0.980154 0.874872 0.969919 0.879001 0.969473 0.877949 0.969550 0.877919 0.968069 0.874051 0.949697 0.882529 0.943904 0.868860 0.956854 0.863276 0.958287 0.866803 0.966003 0.863166 0.966885 0.864929 0.974178 0.860803 0.970407 0.853621 0.982437 0.847516 0.992188 0.870703
0 0.994489 0.876175 0.982835 0.881419 0.980742 0.876299 0.992188 0.870703 0.994489 0.876175
4 0.960625 0.810956 0.978500 0.804540 0.984458 0.821727 0.966812 0.827456 0.960625 0.810956
4 0.940372 0.820312 0.945967 0.817794 0.945001 0.814029 0.950844 0.811714 0.955914 0.826705 0.944009 0.830453 0.940372 0.820312
0 0.803589 0.999007 0.819432 0.984918 0.833634 0.999006 0.803589 0.999007
0 0.825446 0.226328 0.856696 0.216772 0.858504 0.220130 0.861345 0.228394 0.850240 0.231235 0.851014 0.237433 0.831128 0.242857 0.825446 0.226328
0 0.933000 0.345103 0.918497 0.354332 0.879602 0.305219 0.882569 0.301593 0.876635 0.293683 0.891468 0.280498 0.898720 0.287749 0.904653 0.284783 0.911905 0.293683 0.909268 0.297968 0.939263 0.336533 0.933000 0.345103
0 0.860767 0.235016 0.882192 0.258089 0.862745 0.274900 0.870326 0.284459 0.863404 0.291051 0.855164 0.280174 0.837364 0.257101 0.860767 0.235016
0 0.867359 0.233698 0.895183 0.210536 0.897766 0.208987 0.910679 0.199173 0.920751 0.209503 0.921526 0.216476 0.926691 0.220092 0.914037 0.229648 0.907063 0.225774 0.880979 0.249276 0.907838 0.281559 0.898720 0.287749 0.887952 0.273295 0.880720 0.263222 0.882192 0.258089 0.865224 0.237912 0.867359 0.233698
0 0.909178 0.278604 0.936812 0.251744 0.951792 0.266207 0.922350 0.293067 0.909178 0.278604
0 0.894456 0.637712 0.913222 0.663568 0.898626 0.673576 0.881111 0.648972 0.894456 0.637712
