0 0.535668 0.963848 0.555983 0.967504 0.555385 0.970195 0.563626 0.971638 0.561366 0.983202 0.560469 0.986791 0.532144 0.981498 0.535668 0.963848
4 0.616495 0.931230 0.624532 0.932204 0.623184 0.939494 0.615764 0.938650 0.616495 0.931230
4 0.502308 0.910123 0.507289 0.906698 0.510778 0.912302 0.505804 0.915376 0.502308 0.910123
0 0.541237 0.904395 0.552314 0.909826 0.546822 0.921935 0.536330 0.915866 0.541237 0.904395
0 0.628786 0.707729 0.659234 0.699740 0.679585 0.765505 0.649095 0.774907 0.628786 0.707729
4 0.682990 0.780757 0.691052 0.778467 0.693745 0.787314 0.685568 0.789603 0.682990 0.780757
4 0.694951 0.806291 0.695930 0.806437 0.696730 0.806864 0.697302 0.807674 0.697518 0.808968 0.697379 0.810147 0.696803 0.811209 0.695742 0.811790 0.694288 0.811834 0.692915 0.811414 0.691908 0.810191 0.691620 0.808753 0.692052 0.807530 0.692555 0.806811 0.693850 0.806379 0.694951 0.806291
4 0.692086 0.799911 0.692491 0.799911 0.693135 0.799976 0.693764 0.800437 0.694294 0.800914 0.694605 0.801422 0.694771 0.802134 0.694771 0.803141 0.694400 0.803725 0.693870 0.804467 0.693074 0.804785 0.692491 0.804851 0.692067 0.804679 0.691272 0.804467 0.690635 0.803937 0.690264 0.803460 0.690211 0.802982 0.690052 0.802240 0.690105 0.801551 0.690257 0.800778 0.690900 0.800165 0.691578 0.799953 0.692086 0.799911
4 0.320928 0.712995 0.322201 0.713101 0.323685 0.713472 0.324905 0.714373 0.325594 0.715434 0.325806 0.716971 0.325647 0.718032 0.324640 0.718986 0.323261 0.719570 0.321671 0.719835 0.319762 0.719092 0.318330 0.717979 0.317681 0.717041 0.317588 0.715646 0.318012 0.714267 0.318701 0.713578 0.319656 0.713154 0.320928 0.712995
4 0.716135 0.750470 0.722463 0.746822 0.728631 0.756265 0.722328 0.760193 0.716135 0.750470
