0 0.998877 0.459197 0.972928 0.455022 0.981943 0.406121 0.998877 0.407927 0.998877 0.459197
0 0.940550 0.449847 0.946689 0.422493 0.945730 0.421901 0.951539 0.395512 0.980097 0.400274 0.977627 0.413792 0.978374 0.414241 0.975747 0.426926 0.970805 0.426333 0.970150 0.429219 0.974768 0.430142 0.970609 0.454836 0.940550 0.449847
0 0.920848 0.394791 0.946555 0.399477 0.936209 0.451859 0.926396 0.450207 0.925316 0.444612 0.912654 0.442256 0.914214 0.434385 0.912213 0.433069 0.920848 0.394791
0 0.878098 0.441786 0.879807 0.433000 0.878402 0.431983 0.887092 0.389638 0.917713 0.396013 0.909805 0.432610 0.908147 0.440356 0.905399 0.440024 0.903977 0.447414 0.878098 0.441786
0 0.845574 0.430908 0.851186 0.400651 0.866115 0.403018 0.867375 0.397138 0.882074 0.399868 0.878084 0.419188 0.878504 0.422128 0.876366 0.433906 0.872568 0.433276 0.871651 0.438221 0.847024 0.434346 0.845574 0.430908
0 0.788627 0.371519 0.815086 0.373199 0.815086 0.375929 0.819152 0.376979 0.816733 0.402431 0.812289 0.401767 0.811054 0.424858 0.790273 0.423598 0.791911 0.399381 0.785477 0.398818 0.786317 0.384749 0.788627 0.371519
0 0.781428 0.431888 0.764058 0.429267 0.761958 0.430527 0.748771 0.428293 0.749568 0.416071 0.756918 0.367319 0.777917 0.369797 0.777707 0.371309 0.787577 0.372359 0.781428 0.431888
0 0.719032 0.410745 0.716235 0.410252 0.719335 0.391784 0.751511 0.396365 0.748852 0.415734 0.744831 0.415359 0.743653 0.427087 0.717249 0.423309 0.719032 0.410745
0 0.681933 0.417491 0.690890 0.359627 0.721941 0.364537 0.712971 0.421836 0.681933 0.417491
0 0.661526 0.353250 0.689168 0.358153 0.686292 0.377452 0.687437 0.378216 0.682751 0.408205 0.680448 0.412647 0.654616 0.409001 0.654807 0.404167 0.652312 0.403853 0.656313 0.373764 0.657854 0.373625 0.661526 0.353250
0 0.621129 0.398820 0.619333 0.397905 0.626062 0.363727 0.629271 0.346346 0.638327 0.347820 0.638327 0.349466 0.659328 0.352677 0.656017 0.369328 0.649094 0.408027 0.620392 0.402696 0.621129 0.398820
0 0.596934 0.349937 0.608346 0.351583 0.610400 0.342231 0.626939 0.344672 0.619699 0.385286 0.591662 0.379857 0.592386 0.374782 0.596934 0.349937
0 0.596829 0.339374 0.607990 0.340361 0.607220 0.348154 0.596223 0.347331 0.596829 0.339374
0 0.565567 0.342566 0.584982 0.345225 0.586792 0.335623 0.596500 0.336775 0.590991 0.373111 0.570918 0.370695 0.570937 0.368938 0.561947 0.367214 0.563428 0.354544 0.565567 0.342566
0 0.533738 0.328544 0.563085 0.334165 0.552509 0.388683 0.526183 0.383583 0.524538 0.377166 0.527335 0.357257 0.533738 0.328544
0 0.490044 0.377779 0.459223 0.372651 0.467036 0.325054 0.478560 0.326930 0.490353 0.329074 0.497589 0.330146 0.490044 0.377779
0 0.469716 0.308974 0.502681 0.314602 0.499733 0.328538 0.467304 0.322642 0.469716 0.308974
0 0.432490 0.332168 0.432353 0.333160 0.425791 0.367826 0.395133 0.362762 0.402013 0.327626 0.402393 0.325859 0.432490 0.332168
0 0.437361 0.297645 0.433306 0.321812 0.405331 0.316859 0.409451 0.292872 0.437361 0.297645
0 0.335611 0.306107 0.329032 0.344110 0.318390 0.342079 0.310406 0.340397 0.309572 0.345021 0.297239 0.342430 0.300120 0.329480 0.306210 0.300291 0.335611 0.306107
0 0.303113 0.303772 0.297838 0.332538 0.292351 0.331339 0.291511 0.334520 0.264692 0.329209 0.270912 0.298000 0.303113 0.303772
0 0.302010 0.279501 0.302220 0.281181 0.307050 0.282231 0.306420 0.286221 0.307890 0.288111 0.305391 0.297949 0.272070 0.291494 0.275761 0.275091 0.302010 0.279501
0 0.238592 0.307220 0.236702 0.306170 0.244615 0.267114 0.275343 0.272853 0.271561 0.290211 0.270301 0.290211 0.263655 0.329690 0.247691 0.326817 0.234812 0.323600 0.235232 0.319400 0.236557 0.317789 0.238592 0.307220
0 0.170221 0.311156 0.176513 0.271490 0.179727 0.272032 0.182448 0.257667 0.209324 0.261700 0.199562 0.321354 0.169512 0.316630 0.170221 0.311156
0 0.161982 0.268301 0.174369 0.270686 0.169387 0.301635 0.146954 0.298371 0.147205 0.284279 0.149900 0.274990 0.152037 0.275001 0.152575 0.271485 0.153337 0.267151 0.161982 0.268301
0 0.156680 0.252194 0.163002 0.253456 0.160508 0.267598 0.153113 0.266651 0.152393 0.270495 0.146496 0.269441 0.149396 0.251327 0.156680 0.252194
0 0.132119 0.259785 0.138230 0.261355 0.139009 0.261614 0.138124 0.266591 0.140915 0.267289 0.142886 0.268013 0.137963 0.296527 0.135454 0.295897 0.133595 0.307846 0.106354 0.303567 0.114385 0.256689 0.132119 0.259785
0 0.148961 0.249698 0.145834 0.268008 0.141185 0.266853 0.138685 0.266228 0.139564 0.261284 0.138359 0.260883 0.132578 0.259648 0.135137 0.247422 0.148961 0.249698
0 0.134658 0.247344 0.132151 0.259294 0.114473 0.256201 0.116502 0.244349 0.134658 0.247344
0 0.082486 0.256644 0.085965 0.238144 0.116542 0.242539 0.112853 0.261861 0.102960 0.260168 0.103473 0.256665 0.093984 0.255280 0.093295 0.258241 0.082486 0.256644
0 0.081378 0.261771 0.109727 0.265550 0.103786 0.302929 0.088448 0.300984 0.087550 0.302779 0.079162 0.301307 0.080112 0.295531 0.075948 0.294737 0.081378 0.261771
0 0.235157 0.198889 0.191753 0.186687 0.200578 0.154681 0.218651 0.159894 0.216235 0.168206 0.232722 0.172780 0.241073 0.174893 0.235157 0.198889
0 0.249413 0.180935 0.260687 0.183554 0.260357 0.184870 0.273027 0.187009 0.272698 0.188326 0.285860 0.190300 0.282734 0.208234 0.270065 0.206096 0.269242 0.209715 0.244233 0.205437 0.249413 0.180935
0 0.297872 0.195565 0.324362 0.199185 0.324362 0.198198 0.334623 0.199380 0.333216 0.222265 0.303047 0.218481 0.303600 0.213246 0.295314 0.211944 0.297872 0.195565
0 0.440359 0.239332 0.421602 0.235876 0.420286 0.233079 0.405971 0.230282 0.404161 0.232750 0.391986 0.230282 0.393302 0.218929 0.396593 0.205437 0.414692 0.208564 0.444637 0.214651 0.440359 0.239332
0 0.729308 0.276222 0.693497 0.268778 0.701208 0.232172 0.713254 0.234793 0.713044 0.238783 0.719134 0.239833 0.720861 0.232187 0.738066 0.235490 0.729308 0.276222
0 0.739732 0.233724 0.759185 0.232674 0.756722 0.244453 0.759032 0.244663 0.760292 0.239203 0.775202 0.241723 0.764282 0.295061 0.728583 0.287921 0.739732 0.233724
0 0.801450 0.234385 0.812939 0.234508 0.810356 0.247648 0.799284 0.246235 0.801450 0.234385
0 0.779292 0.232961 0.798609 0.236293 0.796301 0.250370 0.793473 0.249979 0.792570 0.254749 0.796763 0.255579 0.798019 0.252851 0.809458 0.255125 0.808814 0.257657 0.812228 0.259317 0.802822 0.304521 0.764595 0.297420 0.779292 0.232961
0 0.861076 0.229258 0.896472 0.235121 0.887535 0.283974 0.851424 0.277347 0.861076 0.229258
0 0.889542 0.277767 0.897312 0.234298 0.915153 0.237440 0.917147 0.226953 0.936908 0.230490 0.929170 0.274973 0.909403 0.271585 0.907634 0.280856 0.889542 0.277767
0 0.998877 0.238389 0.993806 0.268107 0.993507 0.270125 0.998877 0.270394 0.998877 0.290596 0.987627 0.288686 0.980786 0.321235 0.962937 0.317666 0.971675 0.280788 0.969060 0.280104 0.970161 0.274847 0.972823 0.275490 0.975397 0.262704 0.981954 0.231187 0.998877 0.234235 0.998877 0.238389
0 0.972850 0.262482 0.969434 0.277803 0.956637 0.274916 0.959997 0.259733 0.972850 0.262482
0 0.023110 0.180923 0.026033 0.158518 0.029199 0.158761 0.029442 0.155839 0.047708 0.157787 0.048925 0.156326 0.051117 0.155595 0.054040 0.155595 0.057449 0.157300 0.058180 0.158518 0.058423 0.159492 0.061589 0.159736 0.061589 0.156813 0.081559 0.158274 0.079611 0.188960 0.022867 0.182385 0.023110 0.180923
0 0.114768 0.174991 0.120111 0.169839 0.116295 0.167167 0.118584 0.165259 0.114959 0.161634 0.118203 0.158771 0.122401 0.162778 0.125454 0.159725 0.127362 0.161443 0.136712 0.153619 0.148352 0.164305 0.165335 0.158580 0.163808 0.153047 0.180600 0.148658 0.186516 0.166022 0.174831 0.169041 0.175689 0.173137 0.182991 0.173143 0.181773 0.189051 0.179338 0.190025 0.179094 0.200010 0.113583 0.176874 0.114768 0.174991
0 0.362493 0.353808 0.373179 0.290838 0.406954 0.296372 0.403901 0.315072 0.401229 0.314881 0.393406 0.358388 0.393215 0.358960 0.362493 0.353808
0 0.331053 0.344163 0.333748 0.330340 0.332693 0.330105 0.337069 0.307069 0.337426 0.304777 0.339267 0.305201 0.342623 0.287239 0.372526 0.292694 0.361412 0.350376 0.360567 0.354316 0.330179 0.348547 0.331053 0.344163
0 0.307935 0.295091 0.311242 0.278777 0.340233 0.283847 0.342989 0.284509 0.339268 0.304244 0.328933 0.302167 0.329431 0.297894 0.320173 0.296200 0.319320 0.298968 0.312804 0.298054 0.313011 0.296101 0.308192 0.295395 0.307935 0.295091
0 0.201406 0.321868 0.212015 0.262201 0.239744 0.266784 0.239106 0.270139 0.241870 0.270657 0.239710 0.282317 0.236774 0.281885 0.235801 0.286966 0.238834 0.287548 0.232597 0.323432 0.230801 0.323432 0.230083 0.327382 0.201406 0.321868
