0 0.252078 0.076125 0.272004 0.072969 0.279509 0.129090 0.259841 0.131821 0.252078 0.076125
0 0.163315 0.197547 0.176670 0.195074 0.183499 0.236595 0.174484 0.237961 0.179128 0.269101 0.190328 0.267462 0.195791 0.304340 0.161280 0.310493 0.163315 0.197547
0 0.314102 0.048612 0.339233 0.045607 0.340326 0.052982 0.343331 0.052163 0.348248 0.100240 0.345789 0.100513 0.346912 0.109602 0.321204 0.111574 0.314102 0.048612
0 0.384475 0.071030 0.413748 0.067662 0.415387 0.069575 0.437241 0.067116 0.437241 0.070940 0.486137 0.064384 0.488322 0.078589 0.484225 0.079135 0.485317 0.085145 0.479308 0.087057 0.480674 0.093067 0.442704 0.099076 0.436148 0.097984 0.430411 0.094979 0.426314 0.095525 0.427407 0.099623 0.418392 0.100715 0.418665 0.102901 0.388071 0.105086 0.384475 0.071030
0 0.634386 0.048312 0.687714 0.074473 0.682013 0.085374 0.684863 0.086547 0.671112 0.114386 0.667758 0.112876 0.663230 0.121764 0.631032 0.105497 0.623821 0.118243 0.603697 0.108013 0.614933 0.086380 0.606548 0.081684 0.609063 0.076821 0.608225 0.074976 0.620635 0.054517 0.629187 0.058542 0.634386 0.048312
0 0.690230 0.083361 0.754437 0.116619 0.727680 0.165141 0.688553 0.144907 0.682851 0.153795 0.671783 0.147758 0.677317 0.138534 0.664404 0.131994 0.690230 0.083361
0 0.774990 0.136820 0.838129 0.169353 0.819294 0.203812 0.755085 0.171279 0.756155 0.168711 0.761078 0.155655 0.774990 0.136820
0 0.817154 0.213657 0.830852 0.191826 0.834277 0.193966 0.848403 0.171707 0.921602 0.215798 0.901697 0.245334 0.847761 0.229496 0.847975 0.225215 0.841340 0.221791 0.837273 0.228640 0.830424 0.224573 0.831708 0.223075 0.817154 0.213657
0 0.957778 0.226570 0.979064 0.231826 0.974597 0.246542 0.953573 0.240498 0.957778 0.226570
0 0.734302 0.301203 0.751909 0.307247 0.754012 0.301466 0.768203 0.306722 0.765049 0.315131 0.767546 0.315657 0.766100 0.318942 0.763998 0.318285 0.762815 0.321438 0.771225 0.324723 0.752829 0.374785 0.716301 0.361120 0.717221 0.348112 0.722871 0.334184 0.736404 0.340228 0.737061 0.336943 0.724053 0.328139 0.734302 0.301203
0 0.687590 0.380362 0.710397 0.386399 0.710564 0.389083 0.716434 0.390089 0.716266 0.391933 0.730688 0.393946 0.731191 0.390256 0.739241 0.390424 0.738570 0.413231 0.736726 0.413399 0.737061 0.423964 0.750645 0.424299 0.749303 0.466895 0.747794 0.469914 0.747291 0.490373 0.719788 0.489702 0.719956 0.484504 0.712744 0.484336 0.713751 0.428557 0.685577 0.421599 0.687086 0.412728 0.680882 0.404511 0.684236 0.385729 0.686919 0.386064 0.687590 0.380362
0 0.679381 0.269195 0.708918 0.281823 0.671248 0.366580 0.654982 0.357591 0.651129 0.364012 0.634007 0.357163 0.668038 0.285248 0.671676 0.286746 0.679381 0.269195
0 0.559923 0.225155 0.590602 0.257578 0.562014 0.284074 0.570033 0.291744 0.542491 0.318240 0.534472 0.309176 0.524362 0.317892 0.515994 0.317194 0.485315 0.286863 0.494030 0.279542 0.496820 0.283377 0.559923 0.225155
0 0.582353 0.282014 0.630157 0.302774 0.605846 0.356041 0.594919 0.350578 0.592734 0.354129 0.554491 0.341564 0.582353 0.282014
0 0.532104 0.391104 0.545185 0.392781 0.545688 0.389930 0.594656 0.397309 0.590799 0.434035 0.583253 0.433364 0.581911 0.444936 0.527576 0.434874 0.532104 0.391104
0 0.597004 0.404688 0.608072 0.405694 0.608240 0.402340 0.625010 0.404520 0.624842 0.406532 0.633898 0.408545 0.633563 0.411396 0.641109 0.412402 0.635910 0.459358 0.623668 0.458351 0.623668 0.461035 0.604886 0.459358 0.605389 0.456004 0.591470 0.454662 0.597004 0.404688
0 0.408486 0.368905 0.421231 0.354986 0.425424 0.358340 0.429281 0.354315 0.434312 0.359011 0.436659 0.356999 0.456448 0.374439 0.425256 0.407308 0.411337 0.395737 0.407815 0.398588 0.397250 0.389365 0.412008 0.372092 0.408486 0.368905
0 0.491341 0.398681 0.498720 0.405388 0.500733 0.403544 0.504925 0.407569 0.503919 0.408407 0.521527 0.424003 0.496876 0.450164 0.488155 0.441444 0.486814 0.442953 0.468367 0.423332 0.491341 0.398681
0 0.275569 0.220729 0.282796 0.219547 0.279642 0.183544 0.307499 0.181048 0.314200 0.228482 0.307367 0.229007 0.309732 0.250819 0.290811 0.252265 0.288577 0.238731 0.283321 0.239388 0.282927 0.233738 0.277409 0.234263 0.275569 0.220729
0 0.343875 0.293050 0.322962 0.296164 0.318125 0.259639 0.338721 0.256074 0.343875 0.293050
0 0.338652 0.255596 0.318057 0.259160 0.311543 0.210020 0.331846 0.206729 0.338652 0.255596
0 0.331777 0.206250 0.311484 0.209541 0.306138 0.169202 0.326076 0.165347 0.331777 0.206250
0 0.394651 0.265906 0.377798 0.267039 0.372637 0.231641 0.390127 0.229307 0.394651 0.265906
0 0.390059 0.228828 0.372568 0.231162 0.367842 0.198252 0.385537 0.195332 0.390059 0.228828
0 0.385479 0.194854 0.367773 0.197773 0.362642 0.162079 0.380653 0.159123 0.385479 0.194854
0 0.983967 0.656486 0.982683 0.668472 0.959140 0.665903 0.962778 0.626736 0.996595 0.631444 0.994455 0.657556 0.983967 0.656486
0 0.932172 0.617318 0.956143 0.619887 0.952719 0.660767 0.917404 0.656700 0.921256 0.628234 0.931102 0.629304 0.932172 0.617318
0 0.875453 0.617960 0.910126 0.619887 0.908414 0.647711 0.897713 0.647283 0.896000 0.659910 0.872029 0.657984 0.875453 0.617960
0 0.834145 0.625879 0.869032 0.625665 0.868390 0.655844 0.855548 0.656058 0.855762 0.661837 0.833503 0.661837 0.834145 0.625879
0 0.782350 0.617104 0.814454 0.625237 0.806963 0.653490 0.793907 0.649851 0.791767 0.655844 0.772718 0.650707 0.782350 0.617104
0 0.734192 0.608329 0.766083 0.612181 0.763729 0.640648 0.753027 0.640648 0.752599 0.646855 0.730340 0.645142 0.734192 0.608329
0 0.671481 0.609185 0.676832 0.648139 0.654573 0.650279 0.655215 0.654988 0.636594 0.658198 0.629959 0.614108 0.671481 0.609185
0 0.678544 0.608543 0.715144 0.602978 0.720066 0.625879 0.703800 0.629304 0.706796 0.641718 0.684537 0.645570 0.678544 0.608543
0 0.587035 0.615533 0.615991 0.609797 0.618176 0.622362 0.627464 0.620723 0.632381 0.652684 0.592772 0.658147 0.587035 0.615533
0 0.503108 0.628778 0.518099 0.627035 0.517402 0.614484 0.532393 0.613438 0.533090 0.624246 0.540063 0.624246 0.541457 0.657715 0.530301 0.658412 0.530301 0.670614 0.506245 0.673055 0.503108 0.628778
0 0.463015 0.643072 0.498227 0.637145 0.502410 0.678981 0.479749 0.683165 0.477309 0.668871 0.465455 0.670265 0.463015 0.643072
0 0.434980 0.663823 0.454996 0.661261 0.462678 0.704155 0.438261 0.706872 0.437564 0.697808 0.426408 0.695716 0.423619 0.672009 0.434980 0.663823
0 0.378717 0.661261 0.408976 0.656669 0.415600 0.692927 0.383874 0.698156 0.378717 0.661261
0 0.360864 0.638540 0.365745 0.681422 0.331579 0.684908 0.328093 0.642375 0.360864 0.638540
0 0.192125 0.617273 0.184455 0.663293 0.154996 0.659276 0.155844 0.612223 0.155867 0.611695 0.192125 0.617273
0 0.393595 0.749996 0.419847 0.756670 0.417178 0.769129 0.423407 0.770909 0.417178 0.790932 0.386921 0.785592 0.393595 0.749996
0 0.383450 0.798469 0.408605 0.797127 0.409612 0.809705 0.413469 0.809872 0.414307 0.823624 0.408270 0.824127 0.408605 0.830499 0.379426 0.831002 0.377916 0.805680 0.383954 0.805512 0.383450 0.798469
0 0.381700 0.885042 0.412054 0.880682 0.416917 0.913384 0.386060 0.917073 0.381700 0.885042
0 0.247744 0.798409 0.225608 0.785831 0.229968 0.778956 0.231980 0.775602 0.221751 0.768390 0.230303 0.754639 0.275415 0.782813 0.255123 0.819203 0.240868 0.810315 0.247744 0.798409
0 0.998875 0.751894 0.995181 0.752054 0.993525 0.769556 0.969595 0.768787 0.974786 0.727266 0.998875 0.730920 0.998875 0.751894
0 0.926562 0.721430 0.948364 0.722855 0.947109 0.737055 0.959095 0.738767 0.956098 0.766731 0.920569 0.764237 0.926562 0.721430
0 0.887822 0.715224 0.910510 0.717578 0.909653 0.724427 0.919822 0.726509 0.915160 0.754084 0.882899 0.749469 0.887822 0.715224
0 0.688411 0.701140 0.711084 0.697863 0.712177 0.703326 0.723376 0.702233 0.726928 0.729550 0.692236 0.733101 0.688411 0.701140
0 0.644978 0.706331 0.662734 0.703053 0.663826 0.709609 0.669563 0.708749 0.670109 0.712067 0.682675 0.710155 0.688411 0.747032 0.650715 0.751949 0.644978 0.706331
0 0.599117 0.712747 0.621924 0.708890 0.624942 0.723648 0.634669 0.721300 0.638492 0.744744 0.605825 0.751653 0.599117 0.712747
0 0.555515 0.719287 0.575639 0.715095 0.577483 0.722977 0.588719 0.721467 0.592744 0.746790 0.560546 0.752324 0.555515 0.719287
0 0.517950 0.724989 0.521807 0.728679 0.528348 0.721803 0.540254 0.732536 0.534049 0.739244 0.550652 0.753163 0.531031 0.775970 0.521807 0.768256 0.516105 0.774125 0.491621 0.752827 0.504367 0.736057 0.506211 0.738070 0.517950 0.724989
0 0.478246 0.769298 0.498370 0.770975 0.498202 0.773155 0.506252 0.773994 0.502730 0.814242 0.471538 0.810552 0.474221 0.781037 0.477072 0.781373 0.478246 0.769298
0 0.480761 0.845769 0.510947 0.840571 0.516984 0.876123 0.476234 0.883351 0.473527 0.853148 0.481432 0.851136 0.480761 0.845769
0 0.471833 0.920050 0.512713 0.917910 0.514211 0.956008 0.472903 0.957720 0.471833 0.920050
0 0.622677 0.912661 0.625453 0.919301 0.633422 0.916402 0.636819 0.923609 0.638570 0.922785 0.650409 0.946773 0.643511 0.949759 0.645468 0.954289 0.612355 0.967702 0.594164 0.924355 0.622677 0.912661
0 0.579136 0.833896 0.617662 0.828331 0.621943 0.867071 0.595617 0.870709 0.594975 0.862576 0.582561 0.863860 0.579136 0.833896
0 0.746659 0.768843 0.776342 0.766831 0.777180 0.776725 0.780870 0.776725 0.781540 0.783768 0.783888 0.783601 0.785901 0.807246 0.769801 0.808420 0.769801 0.805402 0.741963 0.806911 0.739951 0.780079 0.747330 0.779744 0.746659 0.768843
0 0.735926 0.815967 0.773155 0.811606 0.776006 0.835755 0.773826 0.836091 0.774497 0.844476 0.766951 0.845817 0.768124 0.852861 0.740286 0.855879 0.735926 0.815967
0 0.798298 0.854273 0.825694 0.867328 0.823339 0.872037 0.830188 0.875676 0.818203 0.900289 0.782245 0.882097 0.789308 0.868827 0.784814 0.867114 0.793375 0.851704 0.798298 0.854273
0 0.845599 0.867630 0.854160 0.870840 0.855230 0.867416 0.867430 0.871697 0.865504 0.876619 0.875777 0.880258 0.876633 0.882826 0.888833 0.887321 0.880486 0.912577 0.865504 0.907226 0.867002 0.903373 0.859511 0.901019 0.856942 0.902945 0.850093 0.900163 0.850307 0.897380 0.837465 0.893100 0.845599 0.867630
0 0.914720 0.890017 0.926920 0.894297 0.926278 0.895796 0.935695 0.898792 0.934411 0.902645 0.942330 0.905213 0.931415 0.939458 0.901236 0.927044 0.907871 0.907567 0.903163 0.905641 0.908513 0.889803 0.914078 0.891729 0.914720 0.890017
0 0.998876 0.958956 0.997984 0.960217 0.990605 0.955186 0.986580 0.960888 0.978363 0.955522 0.982891 0.949149 0.969139 0.939255 0.987251 0.916280 0.996810 0.923156 0.998487 0.921982 0.998876 0.921206 0.998876 0.958956
0 0.352498 0.464117 0.410135 0.485424 0.406584 0.496624 0.419150 0.502087 0.404945 0.543608 0.331737 0.519570 0.352498 0.464117
0 0.443461 0.436801 0.446069 0.440160 0.459851 0.429425 0.484709 0.460293 0.461763 0.475863 0.465861 0.480234 0.455754 0.487882 0.451383 0.481600 0.432535 0.495804 0.410682 0.470400 0.418877 0.463024 0.414779 0.458654 0.443461 0.436801
0 0.519251 0.474522 0.555058 0.471091 0.561314 0.516581 0.510909 0.522467 0.507099 0.494348 0.510646 0.491720 0.511041 0.486202 0.518005 0.484362 0.519251 0.474522
0 0.263752 0.668952 0.263752 0.670696 0.254715 0.668952 0.255032 0.665623 0.252020 0.665147 0.253129 0.657378 0.264862 0.659598 0.266131 0.661500 0.265338 0.668160 0.263752 0.668952
