3 0.904541 0.467161 0.860939 0.474562 0.857306 0.453165 0.869552 0.449935 0.869552 0.446975 0.878837 0.445629 0.879241 0.448455 0.901849 0.445629 0.904541 0.467161
0 0.267988 0.844006 0.210300 0.808043 0.224540 0.786136 0.279671 0.819544 0.267988 0.844006
3 0.413600 0.495101 0.415623 0.494089 0.416635 0.494089 0.417647 0.494291 0.418659 0.495505 0.419670 0.497529 0.420075 0.499350 0.419266 0.500767 0.417647 0.501576 0.414814 0.501576 0.413195 0.500767 0.412993 0.499755 0.412993 0.498338 0.412993 0.496517 0.413600 0.495101
3 0.992979 0.525336 0.986716 0.532588 0.981772 0.531928 0.984079 0.527643 0.984079 0.526325 0.986387 0.522699 0.991331 0.522040 0.992979 0.525336
3 -0.000000 0.610416 0.002397 0.610375 0.004736 0.628847 -0.000000 0.629611 -0.000000 0.610416
3 0.171602 0.453429 0.194990 0.444073 0.199667 0.457605 0.196994 0.463786 0.174442 0.470635 0.171602 0.453429
3 0.174593 0.387522 0.178411 0.383458 0.182105 0.385675 0.183214 0.394788 0.178041 0.395281 0.173854 0.392202 0.174593 0.387522
3 0.703153 0.229613 0.710542 0.226412 0.714360 0.235278 0.707463 0.237988 0.703153 0.229613
3 0.838154 0.128847 0.841110 0.131433 0.841603 0.134142 0.840494 0.135497 0.839263 0.136482 0.836184 0.136851 0.833598 0.136482 0.831751 0.134142 0.832859 0.129832 0.838154 0.128847
3 0.935346 0.726996 0.945704 0.727999 0.946205 0.732676 0.943866 0.735015 0.934845 0.734514 0.935346 0.726996
