0 0.106073 0.752161 0.106325 0.749012 0.107333 0.745233 0.108593 0.742587 0.114639 0.737171 0.118544 0.733644 0.129251 0.730369 0.138824 0.729739 0.146130 0.731376 0.152555 0.734148 0.158979 0.742083 0.163010 0.751657 0.165907 0.760726 0.165781 0.767655 0.162506 0.774709 0.155956 0.781133 0.150287 0.784030 0.144871 0.785542 0.137439 0.786424 0.126732 0.786046 0.121819 0.783652 0.116277 0.779747 0.111616 0.775338 0.108971 0.770552 0.107081 0.765639 0.104562 0.758459 0.105192 0.753420 0.106073 0.752161
0 -0.000000 0.242058 0.004312 0.242330 0.003917 0.271939 0.009346 0.272334 0.009543 0.290099 -0.000000 0.290103 -0.000000 0.242058
0 -0.000000 0.160646 -0.000000 0.098878 0.011658 0.099865 0.012152 0.104701 0.022910 0.105392 0.018271 0.161748 -0.000000 0.160646
0 0.010583 0.088375 0.021100 0.088453 0.021178 0.095644 0.027983 0.096031 0.028060 0.102063 0.019863 0.102372 0.019786 0.099047 0.009423 0.098274 0.010196 0.088762 0.010583 0.088375
0 0.042701 0.000004 0.042671 0.005751 0.043805 0.006759 0.042923 0.029684 0.041789 0.031448 0.026170 0.030566 0.024154 0.028047 0.025540 0.003357 0.028311 0.002476 0.028288 0.000004 0.042701 0.000004
0 0.058866 0.000004 0.058943 0.003731 0.047916 0.003973 0.047541 0.000004 0.058866 0.000004
0 0.079389 0.000005 0.078535 0.002553 0.065514 0.002619 0.064916 0.000005 0.079389 0.000005
0 0.128262 0.000006 0.127984 0.007808 0.109328 0.007722 0.109111 0.000006 0.128262 0.000006
0 0.167569 0.000007 0.168224 0.008984 0.151482 0.008703 0.150988 0.000006 0.167569 0.000007
0 0.100786 0.097022 0.114433 0.098992 0.114714 0.095193 0.125828 0.095756 0.125547 0.099414 0.133848 0.100961 0.133426 0.115030 0.137365 0.115171 0.136943 0.125300 0.147213 0.126848 0.145103 0.146966 0.132581 0.142324 0.120201 0.142042 0.120482 0.136696 0.102474 0.135711 0.098254 0.131631 0.100082 0.097303 0.100786 0.097022
0 0.203692 0.088421 0.201897 0.081778 0.228112 0.074775 0.229549 0.079084 0.241399 0.074955 0.250557 0.107454 0.256303 0.105659 0.262408 0.126129 0.235115 0.132054 0.231165 0.118408 0.216261 0.121819 0.218057 0.129361 0.200640 0.132593 0.199024 0.123794 0.192919 0.125051 0.189866 0.106557 0.191662 0.106018 0.188609 0.091833 0.203692 0.088421
0 0.274015 0.096836 0.269697 0.089581 0.271252 0.087249 0.268660 0.075676 0.278593 0.069198 0.276520 0.063325 0.286798 0.060820 0.286366 0.058661 0.300358 0.055638 0.300963 0.056933 0.312364 0.054947 0.312946 0.060508 0.329443 0.058781 0.334711 0.083742 0.321065 0.086592 0.322015 0.094366 0.288417 0.099721 0.285566 0.098080 0.274943 0.097734 0.274015 0.096836
0 -0.000000 0.400713 0.003536 0.403102 -0.000000 0.412237 -0.000000 0.400713
0 0.126345 0.287865 0.137503 0.281428 0.142266 0.289132 0.130468 0.295779 0.126345 0.287865
0 0.175207 0.259481 0.181257 0.271721 0.151149 0.289166 0.144352 0.277430 0.175207 0.259481
0 0.093918 0.225051 0.103937 0.220041 0.100568 0.213650 0.142803 0.191107 0.149265 0.199240 0.157057 0.195115 0.178827 0.227885 0.098302 0.274077 0.087339 0.249376 0.102931 0.240152 0.095210 0.225608 0.093918 0.225051
