0 -0.000000 0.838932 0.012086 0.835242 0.013291 0.838179 0.027073 0.834339 0.025115 0.829745 0.046728 0.823871 0.058598 0.866780 0.041424 0.872914 0.039830 0.868743 0.005483 0.874876 -0.000000 0.860892 -0.000000 0.838932
0 0.054396 0.825098 0.076598 0.821830 0.077367 0.824521 0.103799 0.819427 0.108220 0.842495 0.103318 0.844032 0.105048 0.854509 0.059202 0.862871 0.054396 0.825098
0 0.110142 0.832655 0.124902 0.834236 0.126182 0.829944 0.141545 0.830320 0.140717 0.835667 0.147344 0.835818 0.145858 0.863917 0.105734 0.861733 0.106914 0.846510 0.108094 0.846510 0.110142 0.832655
0 0.151993 0.854883 0.160932 0.834026 0.184384 0.842580 0.181789 0.847963 0.200435 0.855075 0.190223 0.885534 0.146780 0.871021 0.151993 0.854883
0 0.205642 0.847438 0.240147 0.854262 0.234764 0.887998 0.197376 0.882520 0.205642 0.847438
0 0.243935 0.852565 0.259373 0.852339 0.259147 0.845562 0.286408 0.845486 0.286448 0.886206 0.241851 0.886206 0.243935 0.852565
0 0.293952 0.844728 0.313909 0.845632 0.314285 0.841339 0.331982 0.842469 0.330471 0.883033 0.290103 0.881111 0.293952 0.844728
0 0.456056 0.871840 0.491912 0.844875 0.508037 0.865384 0.471559 0.892313 0.456056 0.871840
0 0.496283 0.841218 0.510742 0.833311 0.512851 0.836850 0.516014 0.834817 0.513152 0.829395 0.538907 0.820809 0.546287 0.835419 0.539961 0.838582 0.545760 0.854321 0.510591 0.862605 0.496283 0.841218
0 0.542548 0.808288 0.562443 0.804635 0.563885 0.808960 0.573112 0.807615 0.572247 0.802713 0.594738 0.799061 0.601850 0.841255 0.580032 0.844138 0.578879 0.838756 0.553409 0.841831 0.542548 0.808288
0 0.600705 0.803096 0.638487 0.796594 0.644129 0.828365 0.604753 0.837075 0.600705 0.803096
0 0.657547 0.833241 0.659854 0.794988 0.678404 0.796910 0.678596 0.803061 0.684267 0.802677 0.685324 0.796333 0.706373 0.798352 0.707238 0.807002 0.708968 0.815748 0.691572 0.817863 0.690130 0.833818 0.657547 0.833241
0 0.721968 0.799226 0.748495 0.799995 0.748784 0.808453 0.757049 0.808453 0.757145 0.814124 0.783891 0.814749 0.782482 0.841990 0.723146 0.839642 0.721968 0.799226
0 0.788753 0.815578 0.808994 0.815946 0.808994 0.798159 0.835613 0.799018 0.833895 0.849066 0.788508 0.847594 0.788753 0.815578
0 0.854672 0.803839 0.871232 0.804698 0.872336 0.810709 0.903985 0.812181 0.901531 0.846282 0.842528 0.843461 0.842896 0.808991 0.853470 0.809092 0.854672 0.803839
0 0.903087 0.843269 0.906739 0.811936 0.924520 0.814339 0.924136 0.820682 0.929614 0.821259 0.931152 0.811456 0.954316 0.815685 0.948260 0.859801 0.922310 0.856821 0.924232 0.844423 0.903087 0.843269
0 0.957780 0.817135 0.975812 0.816154 0.976671 0.821674 0.998858 0.822728 0.998858 0.849178 0.979124 0.849642 0.979738 0.863749 0.956308 0.866693 0.957780 0.817135
0 0.965729 0.715196 0.989122 0.715255 0.991162 0.709816 0.996147 0.708683 0.997507 0.704377 0.998858 0.702074 0.998858 0.750269 0.988775 0.750182 0.988295 0.738552 0.982816 0.738072 0.983009 0.751239 0.963017 0.752873 0.963209 0.728172 0.965324 0.728268 0.965729 0.715196
0 0.905981 0.707027 0.924243 0.706642 0.924916 0.720579 0.955768 0.720483 0.955576 0.744607 0.924147 0.745568 0.922224 0.742973 0.907327 0.743838 0.905981 0.707027
0 0.861840 0.701766 0.901462 0.702993 0.903057 0.741388 0.879505 0.741633 0.879505 0.735255 0.861350 0.735500 0.861840 0.701766
0 0.801972 0.697712 0.851162 0.700901 0.850548 0.743835 0.802094 0.741382 0.801972 0.697712
0 0.729991 0.705787 0.734989 0.705402 0.734989 0.692907 0.746715 0.692523 0.746138 0.705594 0.748925 0.705594 0.748829 0.700789 0.759594 0.700885 0.759594 0.706555 0.779105 0.706267 0.779105 0.694541 0.791984 0.695406 0.791696 0.707997 0.797751 0.707997 0.798287 0.738007 0.728489 0.737026 0.729991 0.705787
0 0.706084 0.708919 0.725711 0.709042 0.725834 0.729895 0.705348 0.729282 0.705348 0.734434 0.663886 0.733576 0.664131 0.706956 0.672718 0.707202 0.672227 0.703767 0.704489 0.704380 0.704612 0.708551 0.706084 0.708919
0 0.658141 0.704308 0.655793 0.736246 0.585341 0.732802 0.587063 0.697576 0.611017 0.698985 0.612269 0.688182 0.632152 0.687713 0.630587 0.702899 0.658141 0.704308
0 0.514488 0.707672 0.576486 0.697340 0.581965 0.734288 0.519968 0.746656 0.514488 0.707672
0 0.466948 0.726121 0.507340 0.720798 0.513759 0.750544 0.505148 0.753832 0.506714 0.761973 0.471645 0.768235 0.466948 0.726121
0 0.422518 0.729845 0.460083 0.722452 0.469074 0.758818 0.452490 0.761616 0.453489 0.768010 0.427913 0.772805 0.422518 0.729845
0 0.409929 0.715658 0.418921 0.766811 0.369767 0.776202 0.362174 0.733642 0.386351 0.729246 0.383954 0.719055 0.409929 0.715658
0 0.356696 0.718038 0.367152 0.774652 0.341140 0.779242 0.338845 0.768787 0.317933 0.771592 0.310537 0.741500 0.335529 0.738184 0.333744 0.724158 0.356696 0.718038
0 0.306657 0.725301 0.311653 0.767662 0.263298 0.772458 0.260500 0.745882 0.285277 0.743884 0.282680 0.729497 0.306657 0.725301
0 0.214558 0.739211 0.231977 0.740928 0.231731 0.737125 0.259700 0.739088 0.259209 0.777361 0.210387 0.772209 0.214558 0.739211
0 0.206386 0.737414 0.202002 0.767787 0.181023 0.762777 0.176327 0.777337 0.154408 0.772640 0.162080 0.725046 0.206386 0.737414
0 0.159262 0.704850 0.152060 0.740859 0.141570 0.738510 0.136560 0.762620 0.098673 0.755888 0.105248 0.723167 0.110728 0.723167 0.116051 0.695613 0.159262 0.704850
0 0.067204 0.706259 0.084426 0.708294 0.085365 0.702815 0.101334 0.705163 0.097890 0.747904 0.075815 0.744616 0.076911 0.740702 0.064230 0.738041 0.067204 0.706259
0 0.052042 0.710645 0.056738 0.753856 0.006952 0.757926 0.003038 0.712054 0.052042 0.710645
0 -0.000000 0.333485 0.002754 0.333117 0.021855 0.374136 0.025612 0.372100 0.023890 0.368969 0.042834 0.360672 0.045025 0.364429 0.056298 0.359263 0.067570 0.382746 0.007921 0.410614 -0.000000 0.392923 -0.000000 0.333485
0 0.099574 0.371533 0.121969 0.376916 0.146094 0.368361 0.159934 0.371437 0.166374 0.385662 0.174351 0.386142 0.178004 0.392005 0.201359 0.399118 0.213470 0.393063 0.225388 0.416034 0.222408 0.423242 0.100277 0.400704 0.102689 0.390933 0.094029 0.388599 0.099574 0.371533
0 0.261272 0.432200 0.270831 0.422818 0.264635 0.416681 0.272719 0.409541 0.286973 0.395571 0.319732 0.427502 0.291009 0.459777 0.274330 0.444932 0.269620 0.449064 0.256837 0.436185 0.261272 0.432200
0 0.352966 0.350459 0.367960 0.367568 0.367287 0.363723 0.377763 0.363339 0.376994 0.355842 0.396025 0.355361 0.396986 0.360744 0.407559 0.359494 0.407751 0.362378 0.434759 0.359782 0.437642 0.381696 0.367077 0.395775 0.339477 0.365721 0.329664 0.366580 0.326965 0.347811 0.343157 0.344009 0.346715 0.355049 0.352966 0.350459
0 0.525398 0.386415 0.518197 0.362461 0.549509 0.354790 0.558119 0.386415 0.570801 0.382814 0.581134 0.418196 0.549352 0.425398 0.546064 0.410994 0.508646 0.419918 0.500505 0.392051 0.525398 0.386415
0 0.748728 0.332259 0.789096 0.322744 0.791595 0.331394 0.806301 0.328511 0.813221 0.354846 0.758628 0.367341 0.748728 0.332259
0 0.886870 0.415837 0.886747 0.392653 0.906865 0.393143 0.907355 0.417187 0.916433 0.417677 0.914715 0.441230 0.863563 0.439880 0.864912 0.418536 0.886870 0.415837
0 0.925874 0.442811 0.924525 0.460353 0.893981 0.457777 0.895575 0.441585 0.925874 0.442811
0 0.997855 0.492113 0.998047 0.511047 0.959794 0.511239 0.959986 0.493074 0.997855 0.492113
0 0.921341 0.419143 0.944825 0.412829 0.947067 0.419792 0.951257 0.418376 0.949192 0.410351 0.961819 0.408404 0.960222 0.394712 0.979444 0.393751 0.979925 0.411340 0.987230 0.433061 0.931676 0.446133 0.921341 0.419143
0 0.998858 0.435054 0.985523 0.396399 0.998858 0.392117 0.998858 0.435054
0 0.998858 0.200684 0.990140 0.202695 0.989772 0.211159 0.965851 0.211895 0.965483 0.180491 0.984497 0.179878 0.998858 0.175250 0.998858 0.200684
0 0.998858 0.043699 0.993679 0.047547 0.982094 0.055062 0.979119 0.050522 0.952504 0.067117 0.947229 0.056710 0.928411 0.016927 0.923817 0.019262 0.917039 0.005330 0.925050 0.000004 0.998858 0.000003 0.998858 0.043699
0 0.910220 0.017141 0.920236 0.033107 0.921516 0.032203 0.927917 0.043424 0.929122 0.042671 0.939928 0.062033 0.926952 0.070010 0.924357 0.066934 0.896676 0.083178 0.882067 0.059534 0.889468 0.055305 0.877454 0.034160 0.910220 0.017141
0 0.719749 0.000008 0.732254 0.014647 0.691528 0.039058 0.675336 0.011826 0.695685 0.000008 0.719749 0.000008
0 0.531452 0.000009 0.521281 0.017723 0.506408 0.010052 0.498110 0.024768 0.468906 0.008294 0.471973 0.004368 0.462451 0.000009 0.531452 0.000009
0 0.529986 0.013397 0.544692 0.003401 0.547095 0.007438 0.548632 0.006189 0.562665 0.025315 0.576602 0.043000 0.548921 0.057994 0.540615 0.044204 0.529466 0.044108 0.521969 0.031806 0.523603 0.023732 0.532541 0.018446 0.529986 0.013397
0 0.560555 0.079767 0.580281 0.066303 0.609558 0.107008 0.577933 0.128926 0.567913 0.116089 0.555075 0.123290 0.540671 0.102938 0.548969 0.098084 0.545525 0.090882 0.560555 0.079767
0 0.251905 0.000007 0.251554 0.018680 0.248357 0.018880 0.245760 0.037662 0.242762 0.037662 0.241963 0.048652 0.213190 0.046454 0.213590 0.042058 0.199802 0.040660 0.200801 0.006691 0.231573 0.007690 0.232883 0.000007 0.251905 0.000007
0 0.180619 0.032221 0.181355 0.050254 0.176448 0.049886 0.174118 0.075769 0.143083 0.074910 0.144800 0.065465 0.134741 0.066446 0.135477 0.051971 0.133024 0.051480 0.133269 0.037619 0.136090 0.036760 0.136336 0.034675 0.147253 0.035656 0.161483 0.034552 0.161483 0.030259 0.180619 0.032221
0 0.136256 0.001982 0.109641 0.014506 0.121226 0.041435 0.100717 0.050045 0.102909 0.055525 0.088192 0.060065 0.064552 0.011845 0.069405 0.009183 0.065178 0.003547 0.071745 0.000004 0.079584 0.000005 0.080834 0.002764 0.090211 0.000005 0.139066 0.000006 0.136256 0.001982
0 -0.000000 0.202726 0.016276 0.203691 0.016853 0.217628 0.031078 0.217916 0.032327 0.212918 0.059143 0.214648 0.085488 0.214325 0.085112 0.217111 0.092416 0.217714 0.092567 0.224491 0.110264 0.225621 0.109737 0.237746 0.099420 0.237218 0.099119 0.242339 0.109285 0.242339 0.109436 0.245502 0.120054 0.246030 0.119527 0.258425 0.100173 0.256241 0.099947 0.251798 0.096935 0.251873 0.096181 0.269420 0.056720 0.267236 0.059019 0.233641 0.041600 0.234254 0.041093 0.254992 -0.000000 0.255791 -0.000000 0.202726
0 0.228301 0.246457 0.265016 0.247994 0.265208 0.253857 0.281356 0.255491 0.280486 0.295392 0.218744 0.291196 0.220942 0.249235 0.227535 0.249235 0.228301 0.246457
0 0.291034 0.251172 0.349856 0.253864 0.348895 0.288657 0.285171 0.284236 0.291034 0.251172
0 0.362472 0.251959 0.421476 0.245580 0.425647 0.280541 0.364067 0.287042 0.362472 0.251959
0 0.457176 0.261354 0.471497 0.245399 0.488029 0.258374 0.502157 0.258374 0.513787 0.245879 0.502697 0.234205 0.516558 0.218871 0.533241 0.233837 0.533118 0.256776 0.516558 0.278120 0.498526 0.276035 0.494110 0.283640 0.467491 0.281923 0.451789 0.267080 0.457176 0.261354
0 0.531083 0.212720 0.550183 0.209589 0.553784 0.225871 0.606701 0.210998 0.614373 0.238709 0.589793 0.243719 0.591202 0.247946 0.583374 0.249981 0.584313 0.254991 0.555976 0.260471 0.554097 0.253739 0.539694 0.255617 0.531083 0.212720
0 0.597675 0.304516 0.626648 0.240775 0.659018 0.256960 0.652624 0.272346 0.639437 0.265752 0.630045 0.282137 0.632643 0.283136 0.629845 0.289530 0.632643 0.290129 0.630845 0.294725 0.639437 0.299121 0.639437 0.295124 0.656820 0.294125 0.659618 0.309111 0.652624 0.309711 0.653224 0.325896 0.627647 0.325097 0.623851 0.318902 0.597675 0.304516
0 0.707929 0.307562 0.728538 0.304618 0.737967 0.359097 0.682628 0.369808 0.677527 0.340736 0.709660 0.335126 0.707929 0.307562
0 0.738991 0.112970 0.747289 0.108899 0.744784 0.106081 0.767016 0.092617 0.767798 0.094652 0.789091 0.084476 0.809130 0.120015 0.790656 0.129565 0.777818 0.137236 0.794414 0.161190 0.775940 0.174028 0.738991 0.112970
0 0.802806 0.081132 0.837644 0.063590 0.847212 0.083708 0.837031 0.088737 0.845127 0.105052 0.819489 0.117442 0.802806 0.081132
0 0.832168 0.157016 0.870525 0.182536 0.864419 0.191616 0.875378 0.200070 0.858000 0.223241 0.838900 0.210560 0.846258 0.200697 0.813537 0.177213 0.832168 0.157016
0 0.898347 0.190797 0.931117 0.198790 0.926121 0.223167 0.890155 0.214775 0.898347 0.190797
0 0.433680 0.000009 0.424894 0.014245 0.400731 0.000009 0.433680 0.000009
0 0.338411 0.847354 0.357512 0.843753 0.354850 0.828254 0.389919 0.823557 0.395086 0.857531 0.373324 0.861445 0.374890 0.870368 0.342952 0.876005 0.338411 0.847354
0 0.178724 0.889202 0.187077 0.891708 0.184905 0.904404 0.176218 0.902900 0.175717 0.898390 0.178724 0.889202
0 0.316007 0.889360 0.322634 0.886546 0.324631 0.896169 0.316098 0.898529 0.316007 0.889360
0 0.290336 0.772757 0.310216 0.769750 0.310884 0.778771 0.291171 0.782112 0.290336 0.772757
