0 0.612059 0.000009 0.548869 0.074412 0.535248 0.064079 0.548556 0.044666 0.532586 0.031358 0.549025 0.011945 0.564211 0.024783 0.585340 0.000009 0.612059 0.000009
0 0.666444 0.082561 0.686531 0.084099 0.685591 0.100571 0.695491 0.100475 0.695491 0.122293 0.706159 0.122678 0.710196 0.127387 0.701354 0.138729 0.651470 0.140170 0.643877 0.132481 0.643781 0.124215 0.656084 0.124504 0.657045 0.100860 0.665119 0.100764 0.666444 0.082561
0 0.515477 0.124509 0.568838 0.123896 0.568960 0.137880 0.515845 0.138002 0.515477 0.124509
0 0.817248 0.361975 0.814593 0.351472 0.835556 0.346887 0.838191 0.355024 0.845912 0.352989 0.851722 0.376304 0.820469 0.382629 0.814976 0.391684 0.801712 0.384475 0.794792 0.390915 0.807383 0.406486 0.799430 0.418372 0.791062 0.411390 0.784866 0.416615 0.779041 0.410882 0.781075 0.408709 0.775833 0.404429 0.773151 0.408590 0.763535 0.401701 0.765615 0.398973 0.757648 0.391140 0.770335 0.372878 0.785084 0.349793 0.806902 0.365364 0.817248 0.361975
2 0.808585 0.489724 0.851519 0.482364 0.857653 0.515607 0.813860 0.526647 0.808585 0.489724
0 0.998863 0.528068 0.971956 0.523952 0.977593 0.477312 0.976948 0.469606 0.978679 0.460948 0.974093 0.453668 0.976802 0.432898 0.993370 0.435082 0.992994 0.442914 0.998863 0.442410 0.998863 0.528068
0 0.688148 0.528506 0.677476 0.542490 0.679071 0.554143 0.705812 0.549359 0.709124 0.568864 0.693914 0.571930 0.701491 0.606596 0.678164 0.610823 0.672684 0.583112 0.658907 0.586243 0.658437 0.582016 0.644347 0.583582 0.640902 0.563073 0.644660 0.562603 0.643094 0.554618 0.651392 0.553679 0.650609 0.541780 0.671275 0.514852 0.688148 0.528506
0 0.615885 0.529924 0.630494 0.528482 0.633378 0.557028 0.619057 0.558566 0.615885 0.529924
0 0.043084 0.557626 0.057644 0.539778 0.120894 0.590660 0.109778 0.606316 0.093965 0.593322 0.076431 0.613987 0.093652 0.628704 0.081754 0.643577 0.015372 0.587529 0.025549 0.576883 0.042614 0.592539 0.058582 0.571717 0.043084 0.557626
0 0.057705 0.055752 0.068185 0.053661 0.068028 0.044111 0.094957 0.042859 0.094643 0.056949 0.084154 0.057262 0.083528 0.085599 0.057226 0.086226 0.057705 0.055752
0 0.314666 0.016965 0.341674 0.016773 0.341385 0.025327 0.350516 0.025615 0.349459 0.059255 0.313608 0.058871 0.314666 0.016965
0 0.397124 0.028202 0.404806 0.028353 0.405107 0.013141 0.421599 0.014346 0.421750 0.022630 0.432895 0.023533 0.431967 0.060398 0.395744 0.058516 0.397124 0.028202
0 0.376666 0.038143 0.391948 0.039008 0.391467 0.056789 0.375320 0.056212 0.376666 0.038143
0 0.781774 0.330343 0.822458 0.328401 0.823559 0.344443 0.782291 0.347832 0.781774 0.330343
0 0.300292 0.105413 0.321978 0.104996 0.324063 0.120009 0.301126 0.121260 0.300292 0.105413
0 0.367851 0.064127 0.385783 0.063710 0.387868 0.085812 0.371604 0.085812 0.367851 0.064127
0 0.048825 0.097072 0.092196 0.099157 0.094698 0.118340 0.050493 0.120843 0.048825 0.097072
0 0.104290 0.090817 0.121388 0.086229 0.121388 0.118340 0.108877 0.117923 0.105124 0.109166 0.104290 0.090817
0 0.186861 0.109583 0.196870 0.108332 0.199372 0.120843 0.188112 0.120843 0.186861 0.109583
0 0.998863 0.804246 0.977338 0.803924 0.977755 0.778903 0.998863 0.780547 0.998863 0.804246
