0 0.084741 0.921835 0.089816 0.922071 0.092058 0.905019 0.112887 0.907438 0.112238 0.913102 0.142995 0.915747 0.140501 0.933881 0.121900 0.932525 0.121625 0.942659 0.118347 0.942229 0.118250 0.950495 0.113541 0.950206 0.112566 0.966272 0.081826 0.963431 0.084741 0.921835
0 0.095718 0.825938 0.112313 0.822024 0.114818 0.835019 0.122490 0.833766 0.130005 0.865861 0.096501 0.873219 0.093213 0.856467 0.101354 0.854745 0.095718 0.825938
0 0.084065 0.721402 0.123932 0.718826 0.125527 0.738576 0.142134 0.737472 0.142701 0.750597 0.113003 0.752108 0.112687 0.748762 0.083598 0.749887 0.084065 0.721402
0 0.099378 0.755456 0.142079 0.752719 0.142669 0.763930 0.130278 0.764343 0.131416 0.780428 0.091487 0.783535 0.090248 0.761802 0.099525 0.761476 0.099378 0.755456
0 0.228230 0.658323 0.268889 0.647209 0.273813 0.667327 0.233857 0.678160 0.228230 0.658323
0 0.286452 0.701143 0.312277 0.691470 0.317632 0.706326 0.292153 0.716776 0.286452 0.701143
0 0.321609 0.707122 0.338364 0.700817 0.341906 0.710404 0.325495 0.716882 0.321609 0.707122
0 0.297935 0.731373 0.291371 0.717635 0.311131 0.709650 0.317019 0.722711 0.313635 0.723997 0.315124 0.727245 0.304296 0.732185 0.303146 0.729140 0.297935 0.731373
0 0.221690 0.481152 0.223800 0.453858 0.269243 0.456109 0.266429 0.517449 0.225207 0.513369 0.229105 0.481258 0.221690 0.481152
0 0.192976 0.448952 0.207683 0.449409 0.207475 0.453854 0.218900 0.454228 0.218859 0.465238 0.191231 0.464324 0.192976 0.448952
0 0.197854 0.580213 0.204507 0.547229 0.223508 0.550942 0.223163 0.555002 0.238278 0.557507 0.237069 0.566057 0.215735 0.563725 0.211848 0.582468 0.197854 0.580213
0 0.084489 0.541065 0.098558 0.540080 0.101231 0.573704 0.087865 0.576096 0.084489 0.541065
3 0.402597 0.599974 0.411636 0.610336 0.426187 0.597659 0.436880 0.612210 0.412408 0.633705 0.390692 0.608682 0.402597 0.599974
3 0.578784 0.613211 0.604909 0.616518 0.600715 0.646592 0.615031 0.648236 0.613106 0.664730 0.572321 0.659883 0.578784 0.613211
3 0.649803 0.630765 0.675549 0.634563 0.670343 0.670157 0.642909 0.665937 0.649803 0.630765
0 0.753985 0.588148 0.780831 0.594591 0.773851 0.616067 0.750226 0.609624 0.753985 0.588148
3 0.685619 0.660247 0.705909 0.657480 0.706524 0.671314 0.685926 0.678078 0.685619 0.660247
3 0.339762 0.728913 0.356026 0.728079 0.353524 0.696385 0.370622 0.695968 0.372707 0.729331 0.395226 0.728913 0.397728 0.750182 0.358945 0.746846 0.360196 0.759773 0.338094 0.757688 0.339762 0.728913
3 0.384801 0.652598 0.407320 0.655934 0.402316 0.668445 0.410239 0.672198 0.407320 0.685126 0.377294 0.675951 0.384801 0.652598
4 0.511994 0.526239 0.521585 0.524153 0.527007 0.540834 0.509075 0.544588 0.511994 0.526239
0 0.132598 0.517816 0.135365 0.474162 0.149198 0.474777 0.150121 0.462173 0.162725 0.461558 0.157499 0.498141 0.148891 0.497833 0.147047 0.516893 0.132598 0.517816
4 0.090174 0.452643 0.107697 0.451721 0.109234 0.470166 0.090174 0.452643
