0 -0.000000 0.918963 0.022446 0.938230 0.009090 0.953419 0.004638 0.949229 -0.000000 0.957366 -0.000000 0.918963
0 0.061410 0.999004 0.067559 0.979156 0.100031 0.985702 0.102188 0.999005 0.061410 0.999004
0 0.268560 0.999007 0.266583 0.994344 0.270249 0.984131 0.262131 0.972347 0.285700 0.951659 0.311102 0.980465 0.292122 0.999008 0.268560 0.999007
0 0.306094 0.999008 0.329171 0.981774 0.343546 0.999008 0.306094 0.999008
0 0.212263 0.933056 0.243164 0.925723 0.254425 0.968147 0.234261 0.972075 0.232951 0.966052 0.216453 0.968933 0.208859 0.935413 0.212263 0.933056
0 0.013613 0.965373 0.042442 0.951762 0.059001 0.979575 0.059965 0.980861 0.058036 0.982469 0.061091 0.988417 0.046300 0.996456 0.046300 0.999003 0.035835 0.999003 0.013613 0.965373
0 0.134556 0.873388 0.143789 0.877286 0.132914 0.908679 0.107266 0.899241 0.116089 0.875645 0.130042 0.880774 0.132709 0.873388 0.134556 0.873388
0 0.165310 0.885710 0.155051 0.920181 0.150537 0.919156 0.146228 0.934750 0.131044 0.928799 0.134327 0.919566 0.132275 0.913616 0.145202 0.879555 0.145137 0.878887 0.145498 0.877705 0.165310 0.885710
0 0.173522 0.875938 0.175126 0.874334 0.208126 0.885793 0.198501 0.912605 0.186355 0.908022 0.175126 0.939876 0.157251 0.933918 0.162522 0.917647 0.160918 0.912376 0.173522 0.875938
0 0.325215 0.886680 0.350713 0.894940 0.348199 0.905175 0.373876 0.916487 0.358254 0.946832 0.307439 0.930313 0.323959 0.887937 0.325215 0.886680
0 0.247097 0.860413 0.267279 0.853686 0.271666 0.865385 0.284242 0.859828 0.289507 0.876207 0.275760 0.880594 0.281025 0.897558 0.261136 0.902822 0.247682 0.863923 0.247097 0.860413
0 0.479429 0.999009 0.484354 0.989800 0.487586 0.991595 0.493871 0.980283 0.519188 0.994289 0.517352 0.999009 0.479429 0.999009
0 0.230002 0.868091 0.243648 0.862884 0.251189 0.883353 0.236645 0.888919 0.228386 0.868450 0.230002 0.868091
0 0.199611 0.808618 0.205174 0.800527 0.229238 0.810234 0.217387 0.839502 0.185605 0.827651 0.194404 0.805924 0.198713 0.808079 0.199611 0.808618
0 0.211567 0.753904 0.233832 0.760009 0.224674 0.791790 0.198279 0.784249 0.207257 0.752108 0.211567 0.753904
0 0.283612 0.773855 0.306987 0.782105 0.303549 0.794480 0.297132 0.809376 0.276966 0.803188 0.279945 0.794251 0.275820 0.792188 0.281320 0.777063 0.283612 0.773855
0 0.327742 0.792762 0.349971 0.799408 0.346304 0.813158 0.357075 0.817054 0.348596 0.843408 0.308492 0.830575 0.321554 0.799179 0.325450 0.800554 0.327283 0.794825 0.327742 0.792762
0 0.370852 0.814287 0.392219 0.822726 0.390244 0.826317 0.400479 0.831884 0.388448 0.863486 0.356667 0.848583 0.369954 0.815544 0.370852 0.814287
0 0.432232 0.856221 0.463214 0.867046 0.452389 0.893923 0.415434 0.885711 0.421780 0.866300 0.428872 0.865926 0.431485 0.858087 0.432232 0.856221
0 0.461721 0.828971 0.462841 0.827478 0.467321 0.829717 0.474040 0.818892 0.498209 0.828361 0.483372 0.859581 0.452389 0.844649 0.461721 0.828971
0 0.508756 0.889070 0.540858 0.908108 0.530033 0.925652 0.524434 0.921173 0.519208 0.929385 0.528540 0.934238 0.518834 0.946557 0.484492 0.924906 0.504649 0.889817 0.508756 0.889070
0 0.530780 0.845022 0.532646 0.844276 0.564002 0.866673 0.556163 0.880111 0.549817 0.878245 0.544964 0.887204 0.550937 0.890190 0.542351 0.901389 0.508756 0.883098 0.530780 0.845022
0 0.556910 0.802841 0.559149 0.802094 0.591626 0.821878 0.580427 0.836810 0.574454 0.833450 0.568855 0.840170 0.575947 0.845022 0.566242 0.860327 0.533393 0.840543 0.556910 0.802841
0 0.603989 0.880227 0.649530 0.912703 0.626760 0.943686 0.615934 0.936593 0.612575 0.939953 0.580099 0.915689 0.602123 0.881347 0.603989 0.880227
0 0.643192 0.999008 0.635719 0.993706 0.646171 0.979895 0.651397 0.985121 0.657743 0.978401 0.654756 0.976535 0.664835 0.960110 0.696565 0.981761 0.692085 0.987304 0.697743 0.992558 0.693128 0.999008 0.643192 0.999008
0 0.682006 0.944805 0.683499 0.943686 0.686112 0.947045 0.692085 0.935847 0.685739 0.932487 0.697684 0.915316 0.732400 0.942566 0.704404 0.980268 0.671928 0.957871 0.682006 0.944805
0 0.758564 0.999007 0.748193 0.992811 0.748193 0.989593 0.738439 0.983296 0.759308 0.955373 0.798207 0.983744 0.786952 0.999007 0.758564 0.999007
0 0.488147 0.792139 0.503042 0.767160 0.529855 0.782743 0.525042 0.793285 0.532376 0.797868 0.522522 0.815514 0.486084 0.794431 0.488147 0.792139
0 0.499437 0.766375 0.496975 0.773146 0.488320 0.787773 0.480564 0.783898 0.480147 0.779727 0.471848 0.772738 0.465315 0.784933 0.468661 0.788697 0.464326 0.794473 0.452709 0.786878 0.449944 0.782871 0.472979 0.746613 0.499437 0.766375
0 0.427976 0.727386 0.431318 0.727720 0.435663 0.729725 0.438337 0.724712 0.450369 0.728722 0.447695 0.733402 0.464741 0.739752 0.457722 0.755460 0.452709 0.753455 0.448364 0.765487 0.452374 0.767158 0.446024 0.779525 0.423631 0.769498 0.427976 0.759471 0.416612 0.753789 0.427976 0.727386
0 0.388836 0.717102 0.389170 0.715097 0.400200 0.718773 0.401202 0.711420 0.426603 0.720110 0.410895 0.765565 0.386496 0.755872 0.391510 0.741835 0.381817 0.736487 0.388836 0.717102
0 0.343047 0.702730 0.348395 0.703065 0.375133 0.713426 0.372125 0.723118 0.379478 0.725123 0.371791 0.742837 0.366109 0.740832 0.362767 0.748853 0.330347 0.736487 0.343047 0.702730
0 0.298929 0.685351 0.302272 0.681674 0.334692 0.692035 0.319986 0.730137 0.297927 0.721781 0.299264 0.715765 0.289237 0.711754 0.298929 0.685351
0 0.251982 0.675372 0.254339 0.675110 0.292311 0.683228 0.288907 0.696060 0.284455 0.710201 0.276075 0.715700 0.259053 0.710725 0.260100 0.705225 0.247269 0.701821 0.251982 0.675372
0 0.212178 0.659921 0.248316 0.663849 0.244650 0.706273 0.217415 0.703654 0.219248 0.692656 0.206678 0.691346 0.210868 0.662802 0.212178 0.659921
0 0.123701 0.745088 0.122920 0.750321 0.127803 0.753576 0.128337 0.755712 0.131153 0.757965 0.140192 0.757965 0.138142 0.792343 0.097842 0.787480 0.103400 0.748569 0.106874 0.744400 0.123701 0.745088
0 0.066464 0.736489 0.099310 0.739048 0.100589 0.739475 0.094618 0.792670 0.073334 0.788610 0.073951 0.769239 0.060919 0.766775 0.065516 0.737136 0.066464 0.736489
0 0.019115 0.729664 0.042111 0.732486 0.042693 0.741130 0.054460 0.745372 0.047681 0.776064 0.012290 0.771040 0.016983 0.734782 0.019115 0.729664
0 -0.000000 0.731090 0.011011 0.732223 0.008878 0.753125 -0.000000 0.751845 -0.000000 0.731090
0 0.126183 0.646483 0.161588 0.651176 0.158176 0.682741 0.158176 0.685301 0.144099 0.683595 0.141540 0.695965 0.118079 0.692553 0.123624 0.649469 0.126183 0.646483
0 0.087366 0.648616 0.117336 0.650970 0.114240 0.678476 0.102296 0.679329 0.102296 0.684874 0.078835 0.682741 0.085233 0.648616 0.087366 0.648616
0 0.045136 0.643071 0.077555 0.646483 0.074569 0.675490 0.060492 0.673784 0.060492 0.679329 0.037884 0.676343 0.042150 0.648616 0.045136 0.643071
0 -0.000000 0.664789 -0.000000 0.642047 0.002732 0.640996 0.013504 0.641317 0.013986 0.629421 0.042281 0.631350 0.036815 0.673632 -0.000000 0.670256 -0.000000 0.664789
0 0.409551 0.924619 0.427908 0.929605 0.423375 0.945242 0.406379 0.939803 0.409551 0.924619
