0 0.006918 0.892888 0.026540 0.883077 0.033365 0.896300 0.035071 0.896300 0.043602 0.913789 0.036777 0.917202 0.039763 0.920615 0.048295 0.916349 0.050427 0.919761 0.057252 0.915922 0.063224 0.930852 0.027393 0.945355 0.006918 0.892888
0 -0.000000 0.977911 0.011958 0.977982 0.011443 0.999003 -0.000000 0.999003 -0.000000 0.977911
0 0.289014 0.971113 0.272876 0.999007 0.270718 0.999007 0.238176 0.978617 0.253711 0.950840 0.289014 0.971113
0 0.304590 0.944189 0.289258 0.970693 0.253945 0.950410 0.268584 0.924238 0.304590 0.944189
0 0.321650 0.914678 0.304834 0.943770 0.268818 0.923809 0.285146 0.894619 0.321650 0.914678
0 0.337969 0.886465 0.321895 0.914258 0.285381 0.894189 0.300244 0.867607 0.337969 0.886465
0 0.345996 0.846045 0.344391 0.848812 0.355055 0.856917 0.338213 0.886045 0.300479 0.867178 0.319160 0.833779 0.345996 0.846045
0 0.395986 0.803291 0.375957 0.835589 0.364866 0.832176 0.353776 0.832603 0.346240 0.845625 0.319395 0.833359 0.330315 0.813834 0.356738 0.777637 0.395986 0.803291
0 0.380742 0.752642 0.415283 0.772168 0.396240 0.802871 0.357021 0.777236 0.377324 0.749424 0.380742 0.752642
0 0.429704 0.748143 0.415628 0.771604 0.415537 0.771748 0.381033 0.752246 0.377617 0.749023 0.396006 0.723829 0.429704 0.748143
0 0.250506 0.706550 0.258185 0.693753 0.269702 0.699725 0.263303 0.715082 0.250506 0.706550
0 0.213822 0.682663 0.224486 0.664320 0.256052 0.677970 0.247094 0.699725 0.213822 0.682663
0 0.264771 0.732229 0.274464 0.727216 0.290172 0.758299 0.275466 0.765652 0.261763 0.734569 0.264771 0.732229
0 0.475165 0.665624 0.446756 0.719100 0.421020 0.707736 0.441074 0.671974 0.435392 0.668966 0.435283 0.669170 0.423301 0.662139 0.433721 0.642562 0.475165 0.665624
0 0.435049 0.669600 0.430045 0.678659 0.417344 0.673311 0.423066 0.662568 0.435049 0.669600
0 0.374482 0.716592 0.373869 0.717403 0.374844 0.720732 0.360464 0.745969 0.321523 0.719316 0.323610 0.714521 0.336185 0.693673 0.374482 0.716592
0 0.333984 0.693730 0.322372 0.711556 0.319511 0.716826 0.301719 0.705452 0.317129 0.682793 0.333984 0.693730
0 0.396288 0.674648 0.385927 0.697041 0.387598 0.702054 0.379242 0.715758 0.374897 0.713752 0.373799 0.715215 0.335041 0.692027 0.334238 0.693320 0.317402 0.682393 0.338133 0.651921 0.349496 0.657602 0.354844 0.651921 0.396288 0.674648
0 0.453107 0.648643 0.445429 0.644804 0.453534 0.611532 0.470170 0.608569 0.471876 0.618783 0.480834 0.620916 0.471876 0.654188 0.453107 0.648643
0 0.396374 0.573017 0.403625 0.576857 0.406611 0.584535 0.413437 0.583255 0.434765 0.593493 0.420262 0.623779 0.381444 0.602450 0.396374 0.573017
0 0.349025 0.642548 0.357130 0.628044 0.362249 0.630604 0.375899 0.610982 0.404052 0.628898 0.395094 0.638282 0.385283 0.645534 0.403199 0.657477 0.393815 0.670274 0.382724 0.663876 0.383150 0.660037 0.349025 0.642548
0 0.471185 0.573816 0.482744 0.592148 0.482540 0.592639 0.482540 0.601171 0.466757 0.597758 0.462492 0.607143 0.452254 0.605010 0.456520 0.590507 0.460785 0.591360 0.469317 0.572591 0.471185 0.573816
0 0.489792 0.545291 0.491071 0.549130 0.495764 0.553395 0.500456 0.574297 0.489792 0.574724 0.482969 0.591592 0.471573 0.573515 0.468555 0.570312 0.468037 0.568752 0.480834 0.540172 0.489792 0.545291
0 0.492095 0.531988 0.508137 0.518285 0.516159 0.530986 0.513819 0.537670 0.518498 0.546360 0.519167 0.551373 0.512816 0.556387 0.508806 0.562069 0.508472 0.566748 0.506466 0.568085 0.494100 0.546026 0.498779 0.541347 0.492095 0.531988
0 0.521172 0.538673 0.511145 0.513606 0.542228 0.489208 0.554260 0.513940 0.548579 0.515946 0.542563 0.518285 0.544902 0.523633 0.521172 0.538673
0 0.544234 0.484863 0.558271 0.480852 0.565958 0.492550 0.569969 0.490544 0.585343 0.480852 0.588686 0.485865 0.597041 0.482189 0.587349 0.462470 0.602389 0.453780 0.623779 0.492884 0.622442 0.495892 0.620437 0.498232 0.617429 0.499234 0.616760 0.496561 0.614087 0.496226 0.612416 0.497897 0.613084 0.500237 0.612081 0.503245 0.606400 0.504582 0.603392 0.502911 0.591025 0.510598 0.593699 0.515946 0.567964 0.530986 0.544234 0.484863
0 0.413616 0.528590 0.433669 0.528925 0.432667 0.581064 0.409605 0.580730 0.413616 0.528590
0 0.442152 0.490398 0.454984 0.483327 0.475934 0.504801 0.456294 0.524704 0.441891 0.507158 0.449747 0.501397 0.442152 0.490398
0 0.231169 0.633907 0.237185 0.614187 0.250220 0.618866 0.254565 0.610845 0.272279 0.616861 0.260247 0.649949 0.231169 0.633907
0 0.490734 0.474361 0.517472 0.455979 0.528501 0.473693 0.504437 0.492075 0.490734 0.474361
0 0.451964 0.465671 0.476028 0.443278 0.485721 0.452302 0.479370 0.458652 0.479370 0.461661 0.485386 0.465671 0.472686 0.478372 0.465333 0.471019 0.456643 0.478038 0.448287 0.469348 0.451964 0.465671
0 0.422218 0.443612 0.447285 0.419882 0.458648 0.433251 0.431910 0.457984 0.422218 0.443612
0 0.469009 0.430243 0.482713 0.415872 0.495079 0.427235 0.480039 0.443612 0.469009 0.430243
0 0.610052 0.460992 0.629772 0.451634 0.646149 0.484722 0.627098 0.494415 0.610052 0.460992
0 0.625092 0.437262 0.653167 0.424896 0.674224 0.467342 0.646149 0.480377 0.625092 0.437262
0 0.665534 0.412864 0.683582 0.405511 0.706309 0.451300 0.677566 0.466340 0.663863 0.434254 0.673555 0.430243 0.665534 0.412864
0 0.498797 0.403147 0.515842 0.394123 0.523864 0.387438 0.542246 0.419858 0.557286 0.450941 0.524867 0.463976 0.498797 0.403147
0 0.545254 0.417853 0.561966 0.401141 0.567313 0.410165 0.570655 0.406489 0.575669 0.419858 0.553610 0.433561 0.545254 0.417853
0 0.562634 0.373066 0.583690 0.362371 0.607420 0.408160 0.582688 0.419189 0.562634 0.373066
0 0.608423 0.395794 0.725736 0.341983 0.734426 0.362705 0.617781 0.419189 0.608423 0.395794
0 0.595388 0.369724 0.711698 0.315914 0.722394 0.338307 0.606418 0.392117 0.595388 0.369724
0 0.575669 0.325606 0.691645 0.274136 0.709693 0.311235 0.592714 0.366048 0.575669 0.325606
0 0.759269 0.250876 0.766041 0.260358 0.766493 0.264197 0.772608 0.275068 0.772834 0.278686 0.774248 0.281641 0.715375 0.309229 0.700001 0.272130 0.756641 0.245762 0.759269 0.250876
0 0.816645 0.232023 0.820990 0.231355 0.832354 0.254416 0.774688 0.281436 0.773316 0.278561 0.773089 0.274926 0.766967 0.264042 0.766512 0.260176 0.759687 0.250622 0.757080 0.245547 0.811966 0.219991 0.816645 0.232023
0 0.720388 0.312572 0.787568 0.282491 0.796257 0.300540 0.728744 0.336302 0.720388 0.312572
0 0.540833 0.215321 0.570016 0.199340 0.583913 0.224354 0.732607 0.152092 0.729132 0.143754 0.763179 0.124993 0.784719 0.163904 0.552646 0.274382 0.542223 0.240335 0.551951 0.236861 0.540833 0.215321
0 0.380616 0.549301 0.388637 0.554649 0.383624 0.566347 0.372929 0.560665 0.380616 0.549301
0 -0.000000 0.297220 0.023370 0.289837 0.021736 0.284392 0.041335 0.278404 0.045146 0.290381 0.063656 0.286026 0.069101 0.301814 0.040791 0.314335 0.040247 0.319235 0.015203 0.328490 0.017381 0.330668 -0.000000 0.337388 -0.000000 0.297220
0 0.112110 0.286026 0.096322 0.244105 0.107210 0.238117 0.111565 0.240839 0.114832 0.243561 0.115376 0.245194 0.119187 0.245194 0.124087 0.251727 0.129531 0.250094 0.122454 0.239750 0.139875 0.230495 0.151852 0.255538 0.132798 0.265882 0.137697 0.274048 0.112110 0.286026
0 0.069071 0.146198 0.089546 0.136387 0.114713 0.188001 0.072057 0.207197 0.060540 0.182456 0.071630 0.177337 0.071630 0.173498 0.079735 0.171365 0.069071 0.146198
0 0.210130 0.185536 0.234194 0.173170 0.237871 0.179854 0.256921 0.170496 0.264943 0.186873 0.261601 0.187207 0.269956 0.203918 0.261601 0.207929 0.261601 0.215282 0.259929 0.220295 0.261266 0.221966 0.256921 0.224306 0.250237 0.220630 0.247229 0.222301 0.245892 0.216285 0.213138 0.233330 0.201440 0.209934 0.210130 0.205589 0.208125 0.200576 0.208793 0.198571 0.210130 0.196565 0.212469 0.195897 0.215812 0.196565 0.216146 0.195228 0.215812 0.194894 0.212469 0.191218 0.212135 0.189881 0.211467 0.187541 0.210130 0.185536
0 0.132940 0.113334 0.154268 0.113334 0.154695 0.109922 0.168345 0.108216 0.168771 0.113334 0.190526 0.100964 0.189673 0.096698 0.210148 0.095419 0.211854 0.124425 0.196925 0.127838 0.196071 0.129970 0.189246 0.130397 0.189673 0.155991 0.152135 0.157271 0.150855 0.147460 0.141044 0.146180 0.142751 0.135942 0.135926 0.135942 0.132940 0.113334
0 0.268161 0.164096 0.274986 0.155138 0.284370 0.147460 0.283517 0.141488 0.290342 0.135089 0.286930 0.132530 0.285224 0.126131 0.292049 0.118027 0.299727 0.122292 0.300153 0.125278 0.302713 0.129544 0.305699 0.124852 0.309538 0.127838 0.331293 0.106936 0.338544 0.114187 0.330013 0.121866 0.341104 0.133383 0.344943 0.134663 0.353474 0.132103 0.367124 0.121013 0.377788 0.133809 0.359019 0.153005 0.353047 0.143194 0.343663 0.152152 0.324041 0.130824 0.313377 0.141488 0.322761 0.151725 0.304419 0.168361 0.301006 0.163243 0.280958 0.176039 0.268161 0.164096
0 0.009970 0.083886 0.024676 0.077870 0.029355 0.091239 0.014315 0.098592 0.009970 0.083886
0 0.021976 0.062496 0.069436 0.043445 0.080131 0.078538 0.044703 0.089902 0.038353 0.074862 0.025653 0.077870 0.021976 0.062496
0 0.048164 0.000004 0.056401 0.010356 0.047377 0.014701 0.037685 0.018712 0.035679 0.011359 0.026321 0.006346 0.026563 0.000003 0.048164 0.000004
0 0.105381 0.000005 0.102190 0.001667 0.104864 0.004675 0.107204 0.007348 0.111548 0.008017 0.113220 0.014367 0.093166 0.024060 0.086482 0.009354 0.078460 0.012028 0.067097 0.016372 0.066428 0.004006 0.060850 0.000004 0.105381 0.000005
0 0.186620 0.000006 0.191094 0.006346 0.178393 0.014367 0.173380 0.007683 0.176054 0.004340 0.172712 0.002335 0.167364 0.008351 0.162685 0.011359 0.150653 0.018044 0.146308 0.012696 0.136281 0.019046 0.128260 0.006346 0.135492 0.000005 0.186620 0.000006
0 0.255269 0.000007 0.259276 0.008685 0.256936 0.011693 0.260613 0.015704 0.270305 0.012696 0.293367 0.049795 0.290025 0.050129 0.286348 0.048124 0.273313 0.058151 0.278661 0.065169 0.274650 0.067175 0.280666 0.074528 0.258608 0.087897 0.234209 0.044113 0.257271 0.029741 0.256268 0.027402 0.248915 0.029741 0.246241 0.023057 0.242565 0.016707 0.245239 0.011359 0.246575 0.008017 0.244570 0.005343 0.241562 0.001667 0.242230 0.000998 0.244236 0.000330 0.245544 0.000007 0.255269 0.000007
0 0.457392 0.012796 0.490815 0.009453 0.491483 0.020817 0.456055 0.025830 0.455721 0.020817 0.458395 0.020483 0.457392 0.012796
0 -0.000000 0.205225 -0.000000 0.187875 0.006404 0.202236 -0.000000 0.205225
0 0.065450 0.132077 0.071383 0.141307 0.069071 0.146198 0.041388 0.161743 0.035455 0.146251 0.065450 0.132077
0 0.307022 0.589895 0.303726 0.587588 0.304714 0.581325 0.309988 0.575721 0.322843 0.579677 0.331084 0.567811 0.348224 0.573084 0.345587 0.582314 0.347565 0.584951 0.349213 0.595169 0.343280 0.599124 0.340313 0.604728 0.307022 0.589895
0 0.264684 0.595707 0.271767 0.598135 0.264887 0.611895 0.257400 0.607443 0.262256 0.595707 0.264684 0.595707
0 0.234923 0.715573 0.240994 0.721239 0.235733 0.727512 0.229662 0.721644 0.234923 0.715573
0 0.051025 0.831522 0.053866 0.827648 0.058515 0.827648 0.062131 0.828681 0.064713 0.831780 0.065746 0.835654 0.064713 0.838237 0.061614 0.841594 0.059290 0.841594 0.052833 0.839528 0.049217 0.836687 0.049217 0.833846 0.051025 0.831522
0 0.561544 0.350753 0.567484 0.362633 0.563352 0.367024 0.558703 0.367282 0.556637 0.364699 0.552763 0.356951 0.556121 0.351011 0.558187 0.350236 0.561544 0.350753
0 0.107922 0.999005 0.112767 0.991206 0.133408 0.991003 0.133588 0.999005 0.107922 0.999005
