0 0.826375 0.695576 0.851626 0.705062 0.844125 0.724120 0.865601 0.729502 0.858887 0.751412 0.872669 0.757773 0.866661 0.778977 0.823901 0.765194 0.826728 0.754946 0.811885 0.751059 0.816480 0.734803 0.819307 0.735510 0.822134 0.728795 0.815419 0.725261 0.826375 0.695576
0 0.825822 0.632143 0.830072 0.633163 0.831431 0.636563 0.831431 0.640472 0.828542 0.641492 0.823442 0.640812 0.821062 0.638603 0.820382 0.634353 0.825822 0.632143
0 0.814606 0.797164 0.824803 0.793259 0.834566 0.791957 0.838254 0.803673 0.835000 0.804107 0.835216 0.805191 0.827623 0.806493 0.827189 0.804974 0.817426 0.808880 0.814606 0.797164
0 0.804080 0.802017 0.813826 0.799422 0.817374 0.813719 0.807878 0.816641 0.804080 0.802017
0 0.808876 0.819254 0.815402 0.817789 0.816468 0.821519 0.810075 0.822851 0.808876 0.819254
0 0.811673 0.824182 0.816867 0.822984 0.819131 0.829910 0.814070 0.830576 0.811673 0.824182
0 0.831784 0.814193 0.835114 0.813128 0.837778 0.819121 0.834049 0.820320 0.831784 0.814193
0 0.646762 0.788241 0.657719 0.787511 0.657406 0.778327 0.662624 0.777597 0.662729 0.774571 0.678487 0.772170 0.681096 0.783650 0.686418 0.782710 0.685061 0.773631 0.710420 0.769353 0.712612 0.782606 0.714907 0.782084 0.714177 0.777806 0.737657 0.774466 0.745075 0.810619 0.719604 0.815270 0.718456 0.805147 0.715534 0.805460 0.716368 0.814122 0.712299 0.813600 0.712925 0.817566 0.698628 0.819027 0.698315 0.814226 0.690175 0.814957 0.688296 0.799929 0.685165 0.800138 0.684644 0.809426 0.659911 0.810261 0.659598 0.802017 0.646971 0.803373 0.646762 0.788241
0 0.598477 0.830382 0.617867 0.855780 0.603882 0.864571 0.617135 0.882234 0.589799 0.901977 0.558558 0.860756 0.564633 0.856200 0.563331 0.854464 0.598477 0.830382
0 0.632213 0.917240 0.637807 0.913244 0.647263 0.925631 0.640737 0.930292 0.632213 0.917240
0 0.463490 0.931462 0.459095 0.931728 0.458429 0.945580 0.469218 0.945447 0.469084 0.941318 0.483069 0.940918 0.482936 0.945846 0.498386 0.945580 0.498120 0.972351 0.491061 0.972351 0.490794 0.976613 0.484668 0.977013 0.485467 0.984072 0.472281 0.984604 0.471748 0.976613 0.462825 0.977412 0.462558 0.983938 0.452169 0.983672 0.452436 0.977945 0.449239 0.977812 0.448973 0.979277 0.434189 0.979410 0.435387 0.927200 0.445377 0.927466 0.446176 0.920407 0.463757 0.920673 0.463490 0.931462
3 0.281949 0.758740 0.291129 0.753641 0.297248 0.763330 0.287389 0.768430 0.281949 0.758740
3 0.292489 0.768940 0.300988 0.765200 0.305748 0.775909 0.297078 0.779479 0.292489 0.768940
1 0.202964 0.731699 0.217582 0.726600 0.230051 0.759963 0.245479 0.756347 0.250634 0.770796 0.222852 0.781434 0.221887 0.779888 0.205853 0.786775 0.209083 0.795955 0.197524 0.800374 0.185965 0.769097 0.198884 0.764507 0.200584 0.767227 0.207553 0.764507 0.198714 0.743088 0.206703 0.740029 0.202964 0.731699
3 0.096929 0.753387 0.110814 0.750349 0.112766 0.759461 0.116671 0.757943 0.117539 0.762933 0.114936 0.763800 0.115587 0.768356 0.107559 0.770092 0.106692 0.766404 0.097797 0.767922 0.096929 0.753387
3 0.057027 0.897033 0.070912 0.890524 0.074600 0.897684 0.060521 0.904663 0.057027 0.897033
3 0.000218 0.962964 0.009752 0.953541 0.020852 0.965099 0.010016 0.975630 0.000218 0.962964
0 0.907678 0.857087 0.926376 0.845868 0.935386 0.858447 0.916177 0.869667 0.907678 0.857087
3 0.857817 0.920650 0.872570 0.909803 0.885153 0.928244 0.869098 0.938657 0.857817 0.920650
3 0.917376 0.950741 0.927233 0.969121 0.917643 0.975648 0.910051 0.976313 0.905256 0.967523 0.908186 0.966591 0.904191 0.959931 0.899662 0.961263 0.889939 0.950874 0.892337 0.950075 0.889007 0.940619 0.894468 0.936223 0.892736 0.931961 0.896599 0.927832 0.901527 0.928365 0.898863 0.924369 0.903525 0.921972 0.905789 0.925169 0.910983 0.922771 0.910717 0.917177 0.915379 0.916112 0.916045 0.919841 0.928032 0.920107 0.933626 0.916511 0.932294 0.914513 0.939752 0.909985 0.944814 0.917044 0.951340 0.923570 0.949742 0.927166 0.950541 0.931029 0.948410 0.931828 0.943615 0.932094 0.942283 0.931162 0.941217 0.932094 0.946811 0.941684 0.951873 0.938488 0.958932 0.950075 0.947344 0.958333 0.931495 0.936756 0.921639 0.938354 0.919907 0.941018 0.923770 0.947544 0.917376 0.950741
0 0.799298 0.831506 0.802761 0.831106 0.806091 0.834170 0.805292 0.837632 0.801829 0.839630 0.799032 0.840030 0.795702 0.836434 0.796768 0.833770 0.799298 0.831506
0 0.792772 0.817920 0.796768 0.817521 0.798099 0.819652 0.797034 0.823914 0.794637 0.826578 0.791840 0.826711 0.790374 0.823248 0.791040 0.819652 0.792772 0.817920
1 0.316606 0.734131 0.321896 0.730100 0.331218 0.745594 0.325549 0.749498 0.316606 0.734131
1 0.335878 0.723927 0.342806 0.741437 0.336886 0.744334 0.329832 0.727328 0.335878 0.723927
2 0.116290 0.789950 0.123848 0.804058 0.125738 0.803303 0.128887 0.811238 0.127375 0.811616 0.133800 0.823835 0.123093 0.827740 0.124352 0.830763 0.110496 0.835424 0.109362 0.832905 0.106087 0.834416 0.095128 0.808719 0.098277 0.808089 0.094750 0.797508 0.116290 0.789950
0 0.017635 0.279304 0.036053 0.270095 0.049158 0.294180 0.031094 0.303389 0.017635 0.279304
0 0.012158 0.243164 0.015195 0.249990 0.014784 0.249975 0.016121 0.253817 0.005428 0.254653 0.003089 0.246633 0.011108 0.242958 0.012158 0.243164
0 0.021634 0.244294 0.022803 0.250309 0.015732 0.250010 0.012744 0.243281 0.012779 0.243292 0.018125 0.241788 0.021634 0.244294
