0 0.507225 0.949248 0.541196 0.944880 0.542437 0.958074 0.550163 0.957601 0.549461 0.954085 0.565320 0.953293 0.568339 0.981169 0.513201 0.989318 0.507808 0.964139 0.507225 0.949248
0 0.970260 0.466548 0.983122 0.448863 0.998849 0.459799 0.998849 0.462264 0.988105 0.477802 0.970260 0.466548
3 0.929938 0.405148 0.969128 0.403096 0.977746 0.450699 0.968307 0.458701 0.919679 0.441261 0.926450 0.427718 0.929938 0.405148
3 0.697570 0.342503 0.702231 0.339732 0.706640 0.347038 0.701979 0.349683 0.697570 0.342503
3 0.634278 0.290452 0.643924 0.280485 0.651801 0.288684 0.642238 0.298486 0.634278 0.290452
0 0.692123 0.000008 0.674683 0.033425 0.629668 0.011721 0.639387 0.000009 0.692123 0.000008
0 0.392137 0.000009 0.401614 0.010571 0.397917 0.012821 0.403544 0.020860 0.387788 0.030827 0.364805 0.000009 0.392137 0.000009
0 0.269724 0.435690 0.296090 0.436172 0.296412 0.473470 0.269167 0.473253 0.269724 0.435690
0 0.297868 0.473995 0.298461 0.463829 0.315831 0.464125 0.315634 0.474785 0.297868 0.473995
0 0.172620 0.403766 0.177701 0.390529 0.191431 0.396701 0.186645 0.409550 0.172620 0.403766
0 0.159312 0.388428 0.166870 0.388673 0.165989 0.403216 0.158809 0.403342 0.159312 0.388428
1 0.072979 0.397891 0.073059 0.411114 0.049682 0.410759 0.049707 0.396338 0.072979 0.397891
1 0.072832 0.374580 0.072979 0.397402 0.049707 0.395850 0.049736 0.372549 0.072832 0.374580
1 0.072771 0.364381 0.072832 0.374082 0.049736 0.372061 0.049753 0.363715 0.072771 0.364381
