0 0.167043 0.163950 0.167997 0.149257 0.187652 0.150211 0.184500 0.199358 0.141317 0.195126 0.141628 0.189532 0.126398 0.187667 0.126398 0.191397 0.116141 0.182072 0.116762 0.163112 0.129195 0.164044 0.129195 0.160625 0.167043 0.163950
0 0.449577 0.009577 0.453203 0.050985 0.432022 0.052130 0.428640 0.010584 0.449577 0.009577
0 0.772040 0.376355 0.813474 0.404739 0.795048 0.433082 0.752998 0.402933 0.772040 0.376355
3 0.106403 0.585552 0.118469 0.578523 0.122100 0.584498 0.109917 0.591995 0.106403 0.585552
4 0.002655 0.138656 0.004764 0.134673 0.009684 0.134908 0.010621 0.139828 0.005467 0.142757 0.002655 0.138656
3 0.981478 0.262219 0.992927 0.267180 0.987012 0.280728 0.974800 0.274622 0.981478 0.262219
0 0.413310 0.077073 0.413759 0.065262 0.421234 0.064962 0.420337 0.077820 0.413310 0.077073
0 0.345591 0.039192 0.355704 0.039001 0.356086 0.046061 0.345883 0.046041 0.345591 0.039192
0 0.439334 0.127730 0.446966 0.123341 0.455744 0.136508 0.447730 0.140515 0.439334 0.127730
0 0.355846 0.000008 0.323489 0.006150 0.322389 0.000008 0.355846 0.000008
3 0.902219 0.476688 0.905264 0.465676 0.919908 0.468019 0.917096 0.478445 0.902219 0.476688
3 0.948369 0.483113 0.954794 0.483388 0.954244 0.491190 0.948002 0.490364 0.948369 0.483113
0 0.439899 0.119735 0.429118 0.096424 0.435528 0.093510 0.446893 0.117695 0.439899 0.119735
