0 0.918717 0.999005 0.918547 0.990996 0.931713 0.990614 0.931523 0.994431 0.946216 0.994049 0.946057 0.999004 0.918717 0.999005
0 0.854861 0.999006 0.856642 0.980144 0.883351 0.980027 0.883685 0.999005 0.854861 0.999006
0 0.821152 0.886945 0.842233 0.885749 0.840738 0.915202 0.820105 0.914604 0.821152 0.886945
0 0.597311 0.765352 0.605534 0.767146 0.604487 0.780004 0.595666 0.778808 0.597311 0.765352
0 0.604224 0.833395 0.607896 0.837709 0.603306 0.841840 0.599727 0.837342 0.604224 0.833395
0 0.551284 0.896175 0.562530 0.896644 0.561944 0.904492 0.550816 0.904141 0.551284 0.896175
0 0.566279 0.896644 0.553777 0.896227 0.554330 0.889263 0.566865 0.889381 0.566279 0.896644
0 0.595523 0.886633 0.601035 0.886633 0.600704 0.904050 0.595303 0.903719 0.595523 0.886633
0 0.571538 0.963989 0.573302 0.964871 0.573743 0.965974 0.574404 0.969611 0.574074 0.971485 0.571979 0.973359 0.569775 0.974572 0.567019 0.974792 0.564704 0.973580 0.563381 0.971375 0.563381 0.969721 0.563381 0.967737 0.563712 0.965863 0.564924 0.964320 0.566798 0.963659 0.570767 0.963879 0.571538 0.963989
0 0.524800 0.940951 0.524800 0.942163 0.524800 0.943596 0.524248 0.944809 0.523587 0.945691 0.522926 0.946242 0.521823 0.946683 0.520060 0.947454 0.518516 0.947895 0.516973 0.947895 0.514989 0.947234 0.513005 0.946352 0.511902 0.944037 0.511461 0.941722 0.511572 0.940400 0.512233 0.938526 0.513776 0.936431 0.515099 0.935660 0.516863 0.935329 0.519288 0.935108 0.520611 0.935439 0.522154 0.935990 0.523146 0.936762 0.524800 0.940951
0 0.753891 0.756420 0.764689 0.765882 0.767668 0.762903 0.782564 0.775278 0.784397 0.772528 0.811210 0.796361 0.816022 0.790861 0.839397 0.810111 0.838022 0.811944 0.846501 0.818819 0.835272 0.831652 0.826793 0.826382 0.812814 0.843111 0.798376 0.831194 0.804105 0.824319 0.778897 0.803694 0.776147 0.807361 0.742230 0.779632 0.747043 0.774590 0.739480 0.768632 0.753891 0.756420
0 0.309693 0.719578 0.336048 0.727140 0.334214 0.737911 0.326193 0.735161 0.320693 0.755786 0.325735 0.756473 0.323214 0.768161 0.296173 0.761057 0.298923 0.749369 0.307631 0.751890 0.310610 0.739286 0.305798 0.736765 0.309693 0.719578
0 0.291026 0.705248 0.283463 0.728394 0.263297 0.721061 0.270859 0.697686 0.291026 0.705248
3 0.252482 0.473115 0.279056 0.487839 0.275465 0.494303 0.247634 0.479579 0.252482 0.473115
3 0.411234 0.576506 0.422906 0.579379 0.420572 0.587998 0.408721 0.584047 0.411234 0.576506
3 0.302644 0.555049 0.343639 0.586477 0.333932 0.597592 0.317049 0.583804 0.310859 0.590416 0.289615 0.573252 0.293230 0.569031 0.296087 0.571283 0.300752 0.565667 0.296228 0.561716 0.302644 0.555049
0 -0.000000 0.953597 0.019826 0.957722 0.018451 0.966660 0.014784 0.966660 0.014784 0.971472 0.005388 0.971931 0.002409 0.991639 -0.000000 0.990951 -0.000000 0.953597
0 0.165664 0.972189 0.160599 0.988087 0.140340 0.982037 0.137526 0.991604 0.133695 0.990392 0.127115 0.988087 0.134853 0.963888 0.165664 0.972189
0 0.122815 0.999006 0.127115 0.988087 0.133695 0.990392 0.130143 0.999006 0.122815 0.999006
0 0.105043 0.999005 0.107169 0.990502 0.115105 0.992265 0.113088 0.999005 0.105043 0.999005
0 0.090226 0.999005 0.094382 0.983116 0.104744 0.986092 0.100650 0.999005 0.090226 0.999005
0 0.105458 0.982954 0.096821 0.980363 0.100103 0.971035 0.108999 0.973713 0.105458 0.982954
0 -0.000000 0.930104 0.004422 0.930643 0.002268 0.948239 -0.000000 0.947701 -0.000000 0.930104
0 -0.000000 0.882129 0.004485 0.882973 0.004204 0.894509 0.022071 0.895635 0.021790 0.900278 -0.000000 0.898027 -0.000000 0.882129
0 0.971724 0.999004 0.971724 0.973481 0.983463 0.973329 0.983920 0.989794 0.998845 0.992058 0.998845 0.999003 0.971724 0.999004
