3 0.662888 0.099140 0.668231 0.096468 0.669376 0.101621 0.671666 0.101811 0.675482 0.114024 0.690557 0.131961 0.688267 0.135014 0.702196 0.148562 0.663842 0.180619 0.614993 0.124519 0.628295 0.121915 0.632051 0.123389 0.650099 0.107011 0.648789 0.094678 0.660361 0.091348 0.662888 0.099140
3 0.660205 0.090889 0.648740 0.094180 0.648633 0.093217 0.645344 0.077369 0.654165 0.072286 0.660205 0.090889
0 0.835183 0.000006 0.840816 0.006499 0.834448 0.012191 0.833885 0.016360 0.848543 0.014570 0.856748 0.031553 0.825263 0.036705 0.817249 0.029836 0.818584 0.024302 0.802174 0.011517 0.803896 0.003128 0.803394 0.000007 0.835183 0.000006
1 0.488753 0.212501 0.507713 0.208423 0.510910 0.225840 0.510139 0.231792 0.491289 0.233335 0.488753 0.212501
1 0.488075 0.205336 0.492896 0.205725 0.492789 0.210474 0.487843 0.209758 0.488075 0.205336
3 0.675538 0.180892 0.680608 0.185081 0.678624 0.188718 0.675648 0.187285 0.674656 0.188278 0.672451 0.184419 0.675538 0.180892
0 0.461034 0.201261 0.476357 0.199056 0.477900 0.208095 0.475916 0.209528 0.475695 0.210961 0.470955 0.212063 0.468310 0.209748 0.464011 0.210741 0.462026 0.203906 0.460593 0.203355 0.461034 0.201261
3 0.977686 0.829388 0.995463 0.852013 0.981637 0.861888 0.964399 0.839085 0.977686 0.829388
3 0.946682 0.817809 0.952095 0.811688 0.960693 0.820019 0.955707 0.825952 0.946682 0.817809
3 0.907662 0.781527 0.920887 0.781523 0.920887 0.787724 0.908084 0.788005 0.907662 0.781527
1 0.880819 0.736473 0.897514 0.735919 0.897783 0.744654 0.879942 0.745255 0.880819 0.736473
3 0.901024 0.736118 0.914311 0.735220 0.914237 0.740322 0.901922 0.741715 0.901024 0.736118
3 0.965679 0.781007 0.972995 0.784806 0.970322 0.788467 0.963709 0.784383 0.965679 0.781007
3 0.635416 0.046543 0.646417 0.043400 0.653377 0.069668 0.643723 0.073709 0.635416 0.046543
