0 0.577498 0.378489 0.581790 0.379163 0.585410 0.381183 0.587767 0.385307 0.588187 0.389768 0.586757 0.393556 0.581117 0.397680 0.578171 0.398017 0.571858 0.397007 0.569670 0.394650 0.567734 0.390947 0.567902 0.386401 0.569922 0.382109 0.572532 0.379331 0.575983 0.378658 0.577498 0.378489
0 0.431093 0.433305 0.433327 0.433988 0.435064 0.436345 0.435747 0.438641 0.435809 0.441123 0.434444 0.443357 0.432334 0.443729 0.429604 0.443543 0.427991 0.442426 0.425757 0.439758 0.425633 0.436966 0.426936 0.434112 0.429170 0.432995 0.430287 0.432995 0.431093 0.433305
3 0.833039 0.726726 0.892403 0.729634 0.891142 0.765984 0.831679 0.764093 0.833039 0.726726
4 0.591449 0.999009 0.590094 0.994806 0.596575 0.992955 0.599377 0.999009 0.591449 0.999009
3 0.025557 0.738992 0.044706 0.729568 0.042993 0.725571 0.053155 0.721004 0.049387 0.713811 0.060805 0.707645 0.073479 0.733792 0.055772 0.745524 0.065363 0.770187 0.041385 0.779550 0.033127 0.759592 0.027915 0.761764 0.024565 0.751402 0.030149 0.749354 0.025557 0.738992
3 0.128278 0.730992 0.137298 0.749946 0.119600 0.759309 0.109780 0.739898 0.128278 0.730992
0 0.169919 0.573104 0.176993 0.566217 0.185990 0.574904 0.178606 0.582101 0.169919 0.573104
0 -0.000000 0.716798 0.016482 0.716550 0.016712 0.725271 -0.000000 0.724570 -0.000000 0.716798
0 0.293707 0.999008 0.296755 0.978705 0.305661 0.980418 0.303276 0.999008 0.293707 0.999008
0 0.480913 0.440500 0.493771 0.437360 0.497509 0.449620 0.483305 0.452759 0.480913 0.440500
0 0.665743 0.980582 0.672772 0.980582 0.672537 0.997451 0.665157 0.997685 0.665743 0.980582
0 0.818652 0.999007 0.813903 0.988188 0.828456 0.983510 0.834050 0.999006 0.818652 0.999007
