0 0.498218 0.597556 0.505077 0.601909 0.500197 0.610615 0.493733 0.606394 0.498218 0.597556
0 0.565763 0.487613 0.576316 0.491042 0.571831 0.502914 0.561806 0.499220 0.565763 0.487613
0 0.382099 0.042488 0.390145 0.058449 0.377482 0.064121 0.371151 0.047369 0.382099 0.042488
0 0.381439 0.065308 0.384605 0.063066 0.390409 0.072563 0.387111 0.074146 0.381439 0.065308
0 0.373393 0.070056 0.378405 0.068078 0.379988 0.070980 0.374712 0.073882 0.373393 0.070056
0 0.864864 0.743365 0.865128 0.745739 0.865655 0.749697 0.863281 0.751148 0.858269 0.751279 0.856158 0.747586 0.856950 0.744157 0.858137 0.743233 0.859983 0.741650 0.864864 0.743365
0 0.868821 0.740463 0.873306 0.741650 0.874493 0.745080 0.873833 0.748509 0.869349 0.749828 0.866974 0.749169 0.865128 0.745739 0.865655 0.742046 0.868821 0.740463
0 0.879271 0.738260 0.881771 0.740322 0.882581 0.744047 0.881528 0.746477 0.878501 0.747529 0.875580 0.746517 0.874879 0.744530 0.873983 0.741920 0.874289 0.739702 0.879271 0.738260
0 0.884875 0.733734 0.887413 0.733924 0.889444 0.735066 0.890332 0.737033 0.890269 0.738873 0.886906 0.741728 0.884812 0.740967 0.882782 0.737477 0.882909 0.735383 0.884875 0.733734
0 0.893758 0.731513 0.896550 0.733861 0.896613 0.736018 0.895535 0.738048 0.892933 0.738239 0.891284 0.737668 0.890269 0.735447 0.889698 0.732972 0.891220 0.732021 0.893758 0.731513
0 0.900738 0.728594 0.902324 0.728658 0.903973 0.731894 0.904354 0.734178 0.902641 0.736335 0.900167 0.736462 0.897692 0.734432 0.896423 0.731767 0.896994 0.729673 0.898453 0.729102 0.900738 0.728594
0 0.903910 0.729737 0.904862 0.727833 0.907146 0.726183 0.908542 0.726374 0.910318 0.727960 0.911270 0.729419 0.911904 0.732021 0.911016 0.733226 0.909620 0.734622 0.908034 0.735003 0.905179 0.733734 0.903910 0.729737
4 0.985966 0.950311 0.998857 0.953074 0.998857 0.975283 0.993700 0.987696 0.977801 0.982754 0.985966 0.950311
0 0.923767 0.712179 0.947898 0.700388 0.951189 0.707244 0.926783 0.718761 0.923767 0.712179
0 0.955445 0.701803 0.977667 0.706348 0.975646 0.716449 0.954435 0.713587 0.955445 0.701803
0 0.831588 0.780032 0.840363 0.764127 0.849961 0.769063 0.839267 0.786614 0.831588 0.780032
0 0.860930 0.774548 0.861478 0.769063 0.886981 0.774822 0.884513 0.778935 0.860930 0.774548
0 0.880125 0.823359 0.905079 0.822536 0.906176 0.828021 0.881222 0.828295 0.880125 0.823359
0 0.861204 0.811567 0.867511 0.810196 0.872447 0.830489 0.867511 0.832134 0.861204 0.811567
0 0.506918 0.867183 0.520049 0.862469 0.520554 0.869708 0.509443 0.873412 0.506918 0.867183
3 0.422142 0.908097 0.435249 0.923137 0.410540 0.949565 0.398938 0.936673 0.422142 0.908097
0 0.196844 0.866393 0.207954 0.873296 0.202736 0.883396 0.191625 0.877504 0.196844 0.866393
4 0.144731 0.889746 0.153317 0.890588 0.152729 0.902041 0.145558 0.902126 0.144731 0.889746
4 0.194463 0.986226 0.219379 0.983701 0.220220 0.991445 0.194968 0.994644 0.194463 0.986226
4 0.185709 0.975620 0.212308 0.972422 0.212982 0.981176 0.187056 0.984374 0.185709 0.975620
0 0.287054 0.929378 0.296818 0.934597 0.296145 0.943856 0.293956 0.949075 0.283687 0.950422 0.277627 0.945035 0.277795 0.933924 0.287054 0.929378
0 0.229816 0.923318 0.237055 0.916079 0.241937 0.921466 0.241264 0.922981 0.247998 0.929378 0.238570 0.937964 0.229816 0.923318
4 0.249176 0.926853 0.257930 0.929378 0.255573 0.940994 0.246819 0.940994 0.249176 0.926853
0 0.202881 0.904295 0.207931 0.894699 0.221736 0.901770 0.217864 0.913217 0.202881 0.904295
0 0.175777 0.882746 0.183689 0.873656 0.197494 0.882746 0.189413 0.898739 0.175777 0.882746
0 0.035354 0.837757 0.043434 0.825131 0.048990 0.829677 0.040236 0.840956 0.035354 0.837757
0 0.067069 0.386738 0.077507 0.391283 0.087592 0.395721 0.077001 0.419397 0.066396 0.415525 0.057642 0.411485 0.067069 0.386738
0 0.158535 0.297152 0.164714 0.304161 0.157091 0.310154 0.150660 0.301871 0.158535 0.297152
0 0.316743 0.249865 0.333357 0.242943 0.337510 0.250973 0.319235 0.259003 0.316743 0.249865
4 0.255317 0.986521 0.255191 0.969641 0.269803 0.969138 0.269551 0.986269 0.255317 0.986521
0 0.199685 0.961380 0.198303 0.951707 0.215575 0.950029 0.216365 0.959899 0.199685 0.961380
4 0.220113 0.935246 0.219649 0.922718 0.229239 0.922254 0.229780 0.934627 0.220113 0.935246
0 0.171939 0.005483 0.175927 0.004735 0.179417 0.007477 0.179417 0.009970 0.177921 0.012961 0.173933 0.012961 0.170693 0.009471 0.171939 0.005483
4 0.145558 0.903368 0.152150 0.902951 0.154989 0.912608 0.149839 0.914426 0.145558 0.903368
0 0.177653 0.905733 0.187075 0.905733 0.188122 0.911491 0.177653 0.910968 0.177653 0.905733
4 0.226335 0.904424 0.236280 0.908612 0.232354 0.919605 0.226335 0.917249 0.229999 0.910968 0.223717 0.907565 0.226335 0.904424
4 0.202600 0.931525 0.203084 0.929830 0.204778 0.928378 0.209135 0.929588 0.209378 0.933945 0.205262 0.935156 0.202600 0.931525
4 0.203084 0.949196 0.198940 0.950275 0.197274 0.948470 0.197274 0.945323 0.200179 0.944112 0.203084 0.946049 0.203084 0.949196
4 0.492661 0.919278 0.522150 0.904866 0.528580 0.915952 0.500865 0.932803 0.492661 0.919278
0 0.705856 0.065820 0.730867 0.065526 0.730572 0.086417 0.704973 0.084357 0.705856 0.065820
