0 0.160195 0.064166 0.155943 0.078468 0.128500 0.066486 0.130819 0.060301 0.128886 0.057595 0.130432 0.052957 0.160195 0.064166
0 0.167753 0.164988 0.173296 0.174265 0.149534 0.186734 0.142163 0.177262 0.167753 0.164988
0 0.150869 0.186724 0.156794 0.207821 0.141043 0.212301 0.142633 0.216925 0.126882 0.223138 0.122403 0.211289 0.117489 0.213312 0.114599 0.199007 0.120957 0.197706 0.120813 0.195683 0.150869 0.186724
0 0.121518 0.229806 0.138116 0.240448 0.120311 0.272310 0.101647 0.262256 0.121518 0.229806
0 0.989249 0.241666 0.962549 0.267465 0.942749 0.249132 0.969882 0.221999 0.989249 0.241666
0 0.998864 0.295021 0.994082 0.296798 0.990416 0.287998 0.998864 0.284447 0.998864 0.295021
4 0.705255 0.195443 0.705139 0.202963 0.687311 0.202928 0.686890 0.195443 0.705255 0.195443
4 0.635994 0.203574 0.641501 0.206940 0.633546 0.222544 0.628039 0.220096 0.635994 0.203574
4 0.657716 0.212447 0.662918 0.216425 0.658328 0.223155 0.652515 0.219484 0.657716 0.212447
0 0.540642 0.311279 0.548761 0.321785 0.534912 0.333723 0.525361 0.322740 0.540642 0.311279
0 0.494128 0.274020 0.495276 0.280717 0.486203 0.282627 0.484771 0.276419 0.494128 0.274020
0 0.441936 0.315401 0.457018 0.346359 0.446302 0.352709 0.430823 0.319767 0.441936 0.315401
0 0.502657 0.347663 0.501238 0.351068 0.498691 0.352312 0.495779 0.350614 0.494578 0.347458 0.495893 0.345041 0.498252 0.343822 0.501010 0.344245 0.502657 0.347663
0 0.496536 0.340865 0.495210 0.344131 0.491942 0.346226 0.489979 0.345041 0.488273 0.342994 0.487477 0.340115 0.490869 0.336563 0.493732 0.337308 0.496536 0.340865
0 0.488935 0.334856 0.487705 0.337763 0.485183 0.339338 0.481564 0.337535 0.480666 0.334566 0.481109 0.331849 0.485313 0.330432 0.487136 0.331280 0.488935 0.334856
0 0.751430 0.417231 0.742775 0.439487 0.717429 0.428359 0.719902 0.423413 0.713101 0.419704 0.707537 0.428977 0.688373 0.418467 0.693319 0.409194 0.682191 0.403630 0.689609 0.387557 0.751430 0.417231
0 0.734109 0.466413 0.726711 0.473785 0.714357 0.461888 0.721220 0.454567 0.734109 0.466413
0 0.646635 0.447245 0.669056 0.475158 0.655786 0.484767 0.632907 0.457312 0.646635 0.447245
3 0.628789 0.463718 0.652126 0.492088 0.636110 0.503528 0.620095 0.484767 0.615519 0.487970 0.608198 0.477446 0.628789 0.463718
2 0.701087 0.480191 0.724423 0.502612 0.712069 0.514509 0.689190 0.491630 0.701087 0.480191
3 0.745472 0.508103 0.738303 0.514874 0.726844 0.504052 0.733575 0.497121 0.745472 0.508103
0 0.782803 0.486963 0.779697 0.490557 0.771484 0.482776 0.775303 0.478965 0.782803 0.486963
0 0.787910 0.481047 0.783125 0.486592 0.775645 0.478613 0.780994 0.473267 0.787910 0.481047
3 0.688874 0.570554 0.692577 0.581275 0.668551 0.587332 0.666014 0.575984 0.688874 0.570554
1 0.714982 0.551007 0.708045 0.557643 0.700805 0.551188 0.707442 0.544070 0.714982 0.551007
2 0.642521 0.579223 0.620965 0.587485 0.615576 0.573115 0.638210 0.566289 0.642521 0.579223
3 0.637491 0.562697 0.633898 0.563775 0.634873 0.566455 0.621953 0.569941 0.615936 0.549764 0.632461 0.545093 0.637491 0.562697
0 0.544444 0.579582 0.563125 0.598622 0.551988 0.610837 0.532948 0.589641 0.544444 0.579582
0 0.483284 0.460571 0.478362 0.467283 0.470566 0.459893 0.475225 0.455439 0.483284 0.460571
0 0.476572 0.448490 0.473439 0.454307 0.474805 0.455176 0.470215 0.459551 0.435254 0.426387 0.440137 0.419668 0.440327 0.419853 0.442565 0.416273 0.476572 0.448490
0 0.439775 0.419326 0.434902 0.426045 0.426009 0.417615 0.431378 0.411351 0.439775 0.419326
0 0.419958 0.419908 0.406060 0.431820 0.381243 0.404522 0.395141 0.391617 0.419958 0.419908
1 0.320193 0.366303 0.344017 0.391617 0.325156 0.410974 0.300339 0.384171 0.320193 0.366303
2 0.462073 0.488633 0.441384 0.511070 0.399297 0.469775 0.390098 0.460166 0.390177 0.460112 0.411520 0.438273 0.462073 0.488633
1 0.385645 0.461318 0.385548 0.461406 0.391660 0.468203 0.386895 0.474647 0.379319 0.465905 0.384564 0.460369 0.385645 0.461318
2 0.449225 0.559841 0.425852 0.588463 0.372041 0.544478 0.389710 0.524917 0.385568 0.520908 0.392363 0.513168 0.449225 0.559841
0 0.474517 0.571869 0.464459 0.584729 0.455356 0.577001 0.465163 0.564136 0.474517 0.571869
0 0.391694 0.589399 0.424917 0.618410 0.396373 0.649761 0.363692 0.618139 0.391694 0.589399
0 0.327642 0.558062 0.285907 0.602437 0.185966 0.512033 0.231523 0.466949 0.327642 0.558062
0 0.517627 0.738022 0.501432 0.758442 0.485605 0.746436 0.500508 0.725840 0.517627 0.738022
1 0.500117 0.725557 0.485215 0.746143 0.460594 0.727461 0.476084 0.708450 0.500117 0.725557
0 0.381783 0.655382 0.332754 0.705641 0.307976 0.680226 0.298821 0.671071 0.308260 0.661313 0.313855 0.663856 0.321484 0.657244 0.315381 0.651649 0.323010 0.644020 0.329622 0.649107 0.350983 0.626728 0.381783 0.655382
3 0.385010 0.785237 0.376903 0.793357 0.358628 0.777540 0.365678 0.768637 0.385010 0.785237
3 0.419534 0.746577 0.391529 0.775028 0.379917 0.779789 0.366549 0.767536 0.360584 0.771349 0.357357 0.768489 0.374442 0.748491 0.376202 0.749195 0.383243 0.741450 0.375850 0.735818 0.389227 0.721737 0.419534 0.746577
3 0.447236 0.776397 0.434880 0.788760 0.425169 0.779049 0.437598 0.767207 0.447236 0.776397
3 0.457831 0.771251 0.450971 0.778654 0.437004 0.765089 0.443377 0.758109 0.457831 0.771251
0 0.558610 0.775104 0.558921 0.782567 0.544616 0.783811 0.543683 0.776037 0.558610 0.775104
0 0.753325 0.929432 0.751645 0.934910 0.756718 0.936658 0.749629 0.965145 0.744254 0.962793 0.742574 0.966825 0.727622 0.962828 0.736527 0.925168 0.753325 0.929432
0 0.729137 0.967161 0.740895 0.976567 0.736192 0.981942 0.724097 0.973880 0.729137 0.967161
0 0.729137 0.921808 0.722418 0.946332 0.713347 0.942301 0.720066 0.919121 0.729137 0.921808
0 0.795990 0.891573 0.757020 0.929871 0.738879 0.913410 0.777849 0.874776 0.795990 0.891573
0 0.843335 0.908379 0.796300 0.957067 0.789683 0.949741 0.836953 0.902234 0.843335 0.908379
0 0.855861 0.932251 0.848062 0.942887 0.840262 0.937687 0.848062 0.926815 0.855861 0.932251
0 0.849716 0.900816 0.843335 0.908379 0.832935 0.896798 0.839553 0.890181 0.849716 0.900816
0 0.186227 0.608203 0.174531 0.619412 0.133740 0.580010 0.144814 0.567500 0.186227 0.608203
0 0.144463 0.567158 0.133389 0.579678 0.117512 0.564342 0.129208 0.552158 0.144463 0.567158
0 0.161053 0.617616 0.140674 0.639973 0.085148 0.582835 0.091123 0.577041 0.097018 0.581818 0.101353 0.577690 0.111553 0.568975 0.161053 0.617616
0 0.111211 0.568613 0.103008 0.575741 0.100284 0.572696 0.095510 0.577278 0.089671 0.571666 0.094926 0.565605 0.092813 0.563808 0.100266 0.556647 0.111211 0.568613
0 0.176382 0.692006 0.179823 0.702018 0.166683 0.713282 0.160113 0.702957 0.176382 0.692006
0 0.045014 0.493059 0.048919 0.499406 0.038846 0.506757 0.034304 0.500588 0.045014 0.493059
0 0.075398 0.258061 0.090013 0.269995 0.063093 0.302268 0.057289 0.296998 0.053527 0.300690 0.041686 0.291193 0.056453 0.270599 0.062234 0.273176 0.075398 0.258061
0 0.152350 0.043744 0.155728 0.042883 0.157540 0.045293 0.157793 0.048826 0.154523 0.050912 0.151770 0.049643 0.150855 0.046398 0.152350 0.043744
0 0.900884 0.793600 0.884534 0.813392 0.878682 0.809090 0.890214 0.796009 0.890386 0.793772 0.895549 0.787920 0.900884 0.793600
0 0.028599 0.526032 0.043984 0.514225 0.062232 0.537482 0.045773 0.548573 0.028599 0.526032
0 0.678502 0.901904 0.696660 0.902087 0.697264 0.916581 0.678916 0.916910 0.678502 0.901904
0 0.501351 0.353229 0.503398 0.353798 0.504081 0.356300 0.503285 0.358688 0.500897 0.358915 0.498850 0.357664 0.499077 0.356072 0.499759 0.354821 0.501351 0.353229
0 0.069843 0.501180 0.080482 0.515838 0.075044 0.519385 0.064878 0.504963 0.069843 0.501180
0 0.049904 0.589699 0.090452 0.548505 0.100266 0.556647 0.092813 0.563808 0.058298 0.597447 0.049904 0.589699
4 0.989498 0.303393 0.993960 0.306899 0.989180 0.312105 0.984824 0.308386 0.989498 0.303393
