0 0.427116 0.914105 0.463594 0.923231 0.457098 0.947847 0.421112 0.938017 0.427116 0.914105
0 0.621150 0.950097 0.619787 0.973086 0.580467 0.969154 0.572602 0.963748 0.576155 0.949226 0.600596 0.948623 0.600294 0.946812 0.614175 0.947114 0.615080 0.949226 0.621150 0.950097
0 0.708111 0.887255 0.708249 0.890065 0.714862 0.890209 0.718169 0.871663 0.727513 0.870369 0.738727 0.874107 0.731929 0.930742 0.684612 0.924232 0.686253 0.913355 0.684240 0.912493 0.684959 0.904586 0.687834 0.903292 0.690612 0.885891 0.708111 0.887255
0 0.797333 0.966426 0.801859 0.991168 0.769270 0.996902 0.764744 0.973064 0.797333 0.966426
0 0.875182 0.938967 0.875698 0.959661 0.868523 0.959661 0.869298 0.967412 0.882978 0.967734 0.883329 0.973366 0.885743 0.973366 0.884581 0.999005 0.845300 0.999006 0.844706 0.938363 0.875182 0.938967
0 0.926701 0.863619 0.963522 0.863146 0.963285 0.872839 0.971560 0.872839 0.971560 0.894117 0.943189 0.891517 0.943426 0.919651 0.924039 0.918233 0.926701 0.863619
0 0.226210 0.853290 0.260985 0.855436 0.261115 0.858878 0.271978 0.862499 0.273788 0.867930 0.281634 0.866723 0.296419 0.894484 0.279521 0.903838 0.271374 0.889052 0.251037 0.889055 0.244217 0.889656 0.227622 0.888750 0.228178 0.874613 0.224237 0.873756 0.226210 0.853290
0 0.307480 0.663130 0.333533 0.662141 0.359785 0.640718 0.389658 0.672702 0.367027 0.692316 0.356466 0.679944 0.347715 0.687488 0.335344 0.694126 0.329309 0.690505 0.308604 0.687540 0.307480 0.663130
0 0.333096 0.922357 0.334751 0.931104 0.337588 0.935596 0.347281 0.930631 0.350355 0.933232 0.359575 0.948600 0.334515 0.963731 0.320566 0.939143 0.319383 0.924484 0.333096 0.922357
0 0.234370 0.990188 0.246427 0.992316 0.244780 0.999007 0.233095 0.999007 0.234370 0.990188
0 0.583622 0.930035 0.604190 0.930035 0.603394 0.944924 0.583236 0.945325 0.583622 0.930035
0 0.579313 0.904745 0.582203 0.917032 0.563762 0.920578 0.561267 0.907977 0.579313 0.904745
0 0.595898 0.839516 0.633918 0.839818 0.633918 0.865164 0.595898 0.865164 0.595898 0.839516
0 0.709007 0.804982 0.720474 0.819767 0.698446 0.834251 0.689394 0.820069 0.709007 0.804982
0 0.764116 0.849358 0.790832 0.849122 0.790595 0.855505 0.804308 0.855032 0.806199 0.858106 0.812110 0.859052 0.811164 0.897116 0.770026 0.896406 0.770972 0.875838 0.762934 0.875838 0.764116 0.849358
0 0.339661 0.845450 0.347506 0.848769 0.344791 0.856313 0.336945 0.853295 0.339661 0.845450
0 0.332117 0.820707 0.341170 0.821914 0.339963 0.831872 0.330609 0.830363 0.332117 0.820707
0 0.305218 0.924651 0.314760 0.924090 0.315322 0.937561 0.305405 0.937936 0.305218 0.924651
0 0.508886 0.889433 0.516542 0.891097 0.514212 0.901083 0.506057 0.899752 0.508886 0.889433
0 0.724055 0.975743 0.735087 0.974991 0.735087 0.995301 0.724055 0.995050 0.724055 0.975743
0 0.696412 0.988189 0.707021 0.989171 0.706039 0.998405 0.695823 0.997619 0.696412 0.988189
0 0.678360 0.999008 0.678534 0.991529 0.688554 0.991332 0.688206 0.999008 0.678360 0.999008
