0 0.589313 0.177449 0.598957 0.203712 0.565101 0.215408 0.563870 0.208021 0.555047 0.210483 0.549507 0.189144 0.589313 0.177449
0 0.637991 0.220153 0.642332 0.231567 0.638634 0.232853 0.641206 0.241053 0.629149 0.245876 0.626737 0.239766 0.615644 0.244107 0.611464 0.231246 0.637991 0.220153
0 0.597233 0.092956 0.606510 0.093548 0.606905 0.100556 0.596838 0.100260 0.597233 0.092956
0 0.567450 0.039787 0.581662 0.042156 0.578405 0.059132 0.563995 0.056171 0.567450 0.039787
0 0.838079 0.000007 0.845871 0.003061 0.841715 0.013139 0.833653 0.008604 0.838058 0.000007 0.838079 0.000007
0 0.981736 0.057322 0.989924 0.058581 0.988286 0.073068 0.979343 0.071682 0.981736 0.057322
4 0.938802 0.000005 0.943670 0.006308 0.936556 0.012185 0.927898 0.000005 0.938802 0.000005
0 0.888507 0.042850 0.895259 0.042850 0.895098 0.053139 0.888507 0.052657 0.888507 0.042850
0 0.651756 0.095644 0.658509 0.095484 0.658509 0.108023 0.651756 0.108184 0.651756 0.095644
3 0.625475 0.094996 0.644928 0.095478 0.644446 0.103677 0.625315 0.103838 0.625475 0.094996
0 0.851817 0.044705 0.858891 0.044866 0.858730 0.048403 0.851978 0.048081 0.851817 0.044705
