0 0.991068 0.431045 0.992682 0.432286 0.992744 0.433775 0.992682 0.436319 0.991813 0.438615 0.989269 0.440352 0.987407 0.440352 0.984739 0.439918 0.982940 0.437994 0.981947 0.435698 0.982878 0.432534 0.983622 0.431169 0.986104 0.429804 0.987221 0.429556 0.988773 0.429618 0.991068 0.431045
0 0.884898 0.481715 0.907512 0.479857 0.908441 0.523381 0.885518 0.523536 0.884898 0.481715
0 0.865870 0.540072 0.865281 0.537546 0.865365 0.534264 0.868059 0.532328 0.869069 0.532160 0.871678 0.533170 0.873361 0.534853 0.873193 0.537546 0.871089 0.540829 0.870584 0.540913 0.871425 0.544617 0.871425 0.546048 0.871257 0.547563 0.869994 0.549330 0.868816 0.550256 0.869826 0.552697 0.869658 0.554128 0.868900 0.555559 0.867974 0.556401 0.865702 0.556485 0.863429 0.556401 0.862082 0.555054 0.861662 0.553034 0.862587 0.550340 0.862924 0.550340 0.862167 0.548994 0.861830 0.546216 0.861830 0.544533 0.862503 0.542765 0.863345 0.541502 0.863934 0.541082 0.864439 0.540661 0.865870 0.540072
0 0.856320 0.612379 0.859919 0.591159 0.868978 0.592648 0.865255 0.613744 0.856320 0.612379
2 0.872004 0.756136 0.879892 0.705442 0.886971 0.701902 0.885258 0.694823 0.896220 0.689913 0.900673 0.697107 0.904212 0.696878 0.906204 0.692032 0.930578 0.676904 0.927216 0.714514 0.911247 0.713254 0.905925 0.759234 0.872004 0.756136
2 0.842435 0.672679 0.864057 0.672782 0.863933 0.678863 0.872248 0.678801 0.872433 0.685344 0.842093 0.685409 0.842435 0.672679
2 0.880749 0.677886 0.882672 0.679624 0.883292 0.680989 0.881989 0.683843 0.880624 0.684836 0.879011 0.685208 0.877088 0.684898 0.874916 0.684215 0.874047 0.682974 0.873861 0.681113 0.874420 0.679624 0.875785 0.677638 0.877026 0.676956 0.878639 0.676645 0.880128 0.677142 0.880749 0.677886
0 0.798578 0.564972 0.811279 0.563888 0.818404 0.619339 0.805548 0.620268 0.798578 0.564972
0 0.761640 0.426212 0.839872 0.427575 0.839563 0.441980 0.832902 0.442289 0.832592 0.448175 0.759545 0.446405 0.761640 0.426212
0 0.765031 0.470159 0.795544 0.470623 0.795564 0.489156 0.767475 0.488699 0.767704 0.482305 0.764050 0.482305 0.765031 0.470159
0 0.775245 0.491168 0.782781 0.496877 0.776159 0.503613 0.769308 0.496991 0.775245 0.491168
0 0.533079 0.466150 0.546095 0.451192 0.560482 0.463524 0.564136 0.467178 0.566077 0.466492 0.566305 0.463524 0.593651 0.456397 0.618124 0.431305 0.634697 0.450202 0.604029 0.479476 0.597369 0.481180 0.597833 0.482729 0.571347 0.489389 0.570511 0.487238 0.558117 0.489479 0.533079 0.466150
0 0.457613 0.442720 0.460467 0.442348 0.462515 0.443403 0.464376 0.444334 0.465121 0.445823 0.465369 0.447808 0.464252 0.450042 0.462204 0.452027 0.460095 0.453268 0.457054 0.453765 0.455007 0.452586 0.453269 0.450538 0.452649 0.447684 0.453331 0.444954 0.455751 0.442968 0.457613 0.442720
3 0.377251 0.778141 0.403493 0.714582 0.420841 0.721862 0.407395 0.755191 0.422467 0.761928 0.413903 0.782594 0.398717 0.775972 0.394378 0.785106 0.377251 0.778141
1 0.510197 0.717581 0.522588 0.712160 0.537148 0.748250 0.526151 0.753826 0.509732 0.717581 0.510197 0.717581
0 0.598138 0.748212 0.604283 0.766897 0.589469 0.772116 0.582988 0.752673 0.598138 0.748212
0 0.573176 0.825965 0.587906 0.831099 0.585892 0.838218 0.597196 0.842557 0.593543 0.853404 0.600850 0.856259 0.595826 0.869390 0.563163 0.861812 0.570547 0.835491 0.573176 0.825965
0 0.534029 0.858443 0.556294 0.858443 0.555952 0.881622 0.533230 0.881622 0.534029 0.858443
3 0.133315 0.711871 0.139709 0.694173 0.144162 0.696114 0.147131 0.686180 0.161175 0.690405 0.150556 0.718493 0.133315 0.711871
3 0.119228 0.726056 0.130759 0.725299 0.131096 0.733884 0.119733 0.734221 0.119228 0.726056
2 0.843374 0.766591 0.857779 0.759776 0.864439 0.772322 0.849724 0.779602 0.843374 0.766591
0 0.874357 0.880752 0.906294 0.866884 0.917220 0.892308 0.884442 0.904705 0.874357 0.880752
0 0.928736 0.862783 0.955315 0.862880 0.955454 0.881851 0.929079 0.882194 0.928736 0.862783
0 0.899762 0.999005 0.899452 0.994419 0.910294 0.993644 0.910294 0.989462 0.931050 0.984506 0.935013 0.999005 0.899762 0.999005
0 0.816761 0.972662 0.828378 0.977774 0.821253 0.992953 0.809946 0.987222 0.816761 0.972662
0 0.771003 0.950554 0.779648 0.950201 0.780105 0.956925 0.771232 0.957016 0.771003 0.950554
0 0.519385 0.572964 0.531025 0.573346 0.531788 0.584413 0.520721 0.586130 0.519385 0.572964
0 0.549955 0.894237 0.555556 0.902761 0.539239 0.912015 0.533881 0.903979 0.549955 0.894237
0 0.543136 0.886688 0.542892 0.893507 0.535586 0.892776 0.535830 0.887175 0.543136 0.886688
0 0.713597 0.676734 0.719441 0.678439 0.719929 0.703767 0.715058 0.703279 0.713597 0.676734
0 0.692532 0.695970 0.692532 0.704494 0.676702 0.705468 0.675728 0.696214 0.692532 0.695970
0 0.756985 0.574643 0.763091 0.576552 0.761564 0.588573 0.755649 0.587428 0.756985 0.574643
