0 0.058182 0.774397 0.071778 0.772576 0.076513 0.793335 0.061187 0.794476 0.026619 0.798555 0.022796 0.775281 0.022856 0.770877 0.056604 0.766871 0.058182 0.774397
0 0.139758 0.675343 0.149984 0.680301 0.139139 0.708809 0.131547 0.702302 0.139758 0.675343
0 0.147615 0.717696 0.151215 0.719372 0.168221 0.727612 0.160320 0.754105 0.138319 0.743725 0.147615 0.717696
0 0.151215 0.719372 0.156827 0.695878 0.172045 0.704343 0.168221 0.727612 0.151215 0.719372
0 0.158709 0.626565 0.168382 0.629588 0.163286 0.652130 0.154476 0.645048 0.158709 0.626565
0 0.159644 0.614120 0.165131 0.614120 0.165131 0.621858 0.159785 0.622280 0.159644 0.614120
0 0.173616 0.641480 0.193727 0.650458 0.187262 0.673980 0.165895 0.665182 0.173616 0.641480
0 0.202375 0.556712 0.208143 0.557556 0.208143 0.563887 0.202094 0.562902 0.202375 0.556712
0 0.208196 0.550931 0.217092 0.551190 0.217697 0.559914 0.208801 0.559136 0.208196 0.550931
0 0.399476 0.890413 0.401904 0.887864 0.405181 0.887014 0.407245 0.888592 0.409673 0.891991 0.409673 0.896240 0.407609 0.900246 0.402754 0.900974 0.399840 0.899032 0.399476 0.890413
0 0.391108 0.879067 0.393415 0.875425 0.395843 0.874575 0.399970 0.874818 0.403612 0.876760 0.404826 0.880523 0.402884 0.885622 0.398513 0.888293 0.395114 0.887079 0.392201 0.884287 0.391108 0.879067
4 0.512849 0.804116 0.517807 0.804426 0.518271 0.809694 0.512849 0.809384 0.512849 0.804116
0 0.504482 0.803651 0.509905 0.803806 0.510370 0.810313 0.504482 0.810313 0.504482 0.803651
4 0.485204 0.792751 0.490531 0.793227 0.490150 0.800646 0.484824 0.799219 0.485204 0.792751
0 0.449962 0.759700 0.453758 0.756255 0.461699 0.765423 0.457553 0.769977 0.449962 0.759700
0 0.451477 0.712235 0.456708 0.717086 0.451857 0.724220 0.447006 0.717181 0.451477 0.712235
0 0.463772 0.714989 0.483556 0.734583 0.473474 0.749136 0.452643 0.727354 0.463772 0.714989
0 0.424206 0.655020 0.467743 0.656104 0.467588 0.673147 0.423431 0.671443 0.424206 0.655020
0 0.387253 0.670491 0.387108 0.655235 0.392716 0.654298 0.392837 0.646407 0.407162 0.645558 0.411653 0.653934 0.411653 0.679549 0.394415 0.679670 0.393808 0.669958 0.387253 0.670491
0 0.375970 0.640055 0.387017 0.639205 0.387108 0.655235 0.387253 0.670491 0.375848 0.670525 0.375970 0.640055
0 0.340755 0.645835 0.349196 0.646257 0.345538 0.670456 0.337237 0.670315 0.340755 0.645835
0 0.342521 0.584964 0.355813 0.585652 0.355813 0.601923 0.340917 0.601464 0.342521 0.584964
0 0.367222 0.598848 0.381945 0.598489 0.382484 0.610519 0.367581 0.611237 0.367222 0.598848
0 0.358399 0.581888 0.377673 0.580622 0.382056 0.598268 0.367222 0.598848 0.361072 0.599896 0.358399 0.581888
0 0.471052 0.619211 0.484980 0.608941 0.490889 0.616257 0.475976 0.628075 0.471052 0.619211
0 0.464576 0.575805 0.492291 0.576789 0.491588 0.598315 0.463028 0.596486 0.464576 0.575805
0 0.346500 0.513078 0.364927 0.514248 0.364634 0.527702 0.383060 0.527995 0.382475 0.533552 0.386278 0.533552 0.385108 0.551100 0.389787 0.551393 0.389202 0.562215 0.374578 0.562800 0.373993 0.570989 0.349133 0.570404 0.350010 0.556073 0.357615 0.556365 0.357907 0.531504 0.346500 0.530919 0.346500 0.513078
0 0.372030 0.445736 0.382566 0.445116 0.383186 0.455497 0.371720 0.456271 0.372030 0.445736
3 0.034844 0.887081 0.016345 0.893658 0.012235 0.880092 0.030322 0.873515 0.034844 0.887081
0 0.693647 0.600488 0.696217 0.598313 0.698195 0.597918 0.700963 0.597918 0.702150 0.601082 0.702347 0.604245 0.699777 0.605432 0.696811 0.606618 0.694636 0.605036 0.693647 0.600488
0 0.683448 0.592648 0.686082 0.589704 0.689645 0.589704 0.693054 0.590944 0.694139 0.593888 0.694758 0.596831 0.694448 0.598690 0.693647 0.600488 0.691505 0.601169 0.687941 0.601169 0.685617 0.600705 0.683758 0.599155 0.682673 0.596366 0.682673 0.595902 0.683448 0.592648
0 0.947662 0.267360 0.939287 0.267682 0.938965 0.253832 0.932201 0.252865 0.931879 0.241914 0.941475 0.241914 0.947982 0.242038 0.947662 0.267360
0 0.622439 0.339996 0.626002 0.337827 0.628481 0.338912 0.630805 0.342165 0.630805 0.345729 0.628326 0.347588 0.625227 0.347898 0.622284 0.345884 0.621509 0.342320 0.622439 0.339996
0 0.061187 0.794476 0.062040 0.805994 0.041991 0.805567 0.042418 0.815378 0.012985 0.817084 0.007866 0.775281 0.022796 0.775281 0.026619 0.798555 0.061187 0.794476
