0 0.659138 0.546809 0.651761 0.570563 0.611383 0.556689 0.618348 0.532333 0.659138 0.546809
0 0.912319 0.583448 0.902439 0.594563 0.890089 0.583448 0.900381 0.573156 0.912319 0.583448
0 0.858390 0.556689 0.856743 0.566158 0.868681 0.569451 0.867446 0.575626 0.872387 0.576449 0.867446 0.598268 0.861271 0.597857 0.859625 0.603620 0.845628 0.599503 0.846451 0.593328 0.834101 0.589623 0.832454 0.594152 0.808577 0.587153 0.816810 0.552572 0.836982 0.557512 0.838629 0.551749 0.858390 0.556689
0 0.744304 0.327405 0.734197 0.344864 0.725008 0.339350 0.734197 0.321892 0.744304 0.327405
0 0.721332 0.371971 0.710306 0.387133 0.716278 0.392646 0.698360 0.417915 0.657929 0.392187 0.648281 0.410105 0.632200 0.399538 0.630822 0.392187 0.618876 0.386673 0.631741 0.366458 0.639092 0.371971 0.648740 0.359107 0.652875 0.362782 0.659307 0.354053 0.661604 0.355431 0.670334 0.343485 0.677685 0.350377 0.680901 0.345323 0.721332 0.371971
0 0.921107 0.049967 0.910698 0.057106 0.914676 0.063728 0.894051 0.079558 0.881300 0.063237 0.912334 0.039614 0.921107 0.049967
0 0.700035 0.170721 0.700722 0.198207 0.667053 0.200955 0.664304 0.173470 0.700035 0.170721
0 0.611394 0.163163 0.614830 0.190648 0.550926 0.195458 0.547490 0.171408 0.568105 0.167973 0.568105 0.164537 0.567418 0.158353 0.584596 0.156978 0.585283 0.165224 0.611394 0.163163
0 0.526876 0.177593 0.532373 0.215385 0.498017 0.219508 0.493894 0.183090 0.526876 0.177593
0 0.462285 0.220195 0.403986 0.236687 0.395108 0.206570 0.453086 0.190166 0.462285 0.220195
0 0.485648 0.205765 0.465833 0.207187 0.465034 0.164537 0.485648 0.164537 0.485648 0.205765
0 0.388547 0.528711 0.368288 0.532763 0.374140 0.552122 0.343527 0.558875 0.333936 0.522109 0.370144 0.514093 0.366426 0.514463 0.383594 0.509803 0.388547 0.528711
0 0.335873 0.489094 0.359284 0.482791 0.366426 0.514463 0.333936 0.522109 0.332722 0.517457 0.316515 0.521508 0.309312 0.487743 0.334523 0.482341 0.335873 0.489094
1 0.500088 0.750400 0.502794 0.760255 0.513652 0.774043 0.506473 0.779879 0.507167 0.787515 0.484956 0.796191 0.479750 0.785779 0.461009 0.789944 0.461356 0.767386 0.474891 0.766344 0.472462 0.758709 0.482179 0.753504 0.480097 0.750033 0.493632 0.741357 0.500088 0.750400
1 0.514108 0.735804 0.516583 0.738575 0.531387 0.759639 0.513652 0.774043 0.502794 0.760255 0.500088 0.750400 0.501961 0.749686 0.499185 0.745521 0.503697 0.742745 0.500573 0.739274 0.510638 0.732333 0.514108 0.735804
1 0.531808 0.748298 0.534237 0.757321 0.531387 0.759639 0.516583 0.738575 0.521777 0.735054 0.531808 0.748298
3 0.494640 0.623359 0.497839 0.627838 0.516396 0.650875 0.511917 0.655994 0.488881 0.627198 0.494640 0.623359
3 0.518528 0.853308 0.521978 0.859862 0.516459 0.863657 0.518528 0.870210 0.497832 0.878834 0.491968 0.865036 0.518528 0.853308
0 0.198372 0.897737 0.202122 0.931105 0.190874 0.931855 0.192374 0.951351 0.164629 0.953601 0.162005 0.928106 0.165379 0.927731 0.163879 0.900361 0.198372 0.897737
0 0.187011 0.498124 0.201029 0.546820 0.209883 0.546820 0.209883 0.596253 0.199554 0.596253 0.198078 0.613961 0.173730 0.611009 0.176682 0.590351 0.168566 0.588137 0.173730 0.554936 0.176682 0.553460 0.163401 0.503289 0.187011 0.498124
0 0.084042 0.534764 0.098474 0.560838 0.077077 0.569692 0.063796 0.543868 0.084042 0.534764
0 0.078520 0.632694 0.061230 0.639561 0.048105 0.613564 0.062114 0.607364 0.058291 0.598350 0.062321 0.596991 0.078520 0.632694
0 0.043138 0.584448 0.050901 0.582523 0.058023 0.598434 0.058291 0.598350 0.062114 0.607364 0.048105 0.613564 0.047565 0.612485 0.035195 0.618359 0.031839 0.612818 0.018427 0.619185 0.001820 0.587399 0.011412 0.582235 0.009936 0.579283 0.023217 0.571905 0.024692 0.574857 0.034284 0.569692 0.043138 0.584448
0 0.351135 0.232570 0.356742 0.242663 0.269555 0.279388 0.264228 0.267894 0.351135 0.232570
0 -0.000000 0.640646 0.004273 0.639024 0.012445 0.661071 -0.000000 0.664879 -0.000000 0.640646
4 0.186217 0.688423 0.196875 0.688359 0.198518 0.693036 0.201145 0.693117 0.201154 0.695892 0.196980 0.697429 0.187974 0.697869 0.186217 0.688423
0 0.846833 0.625774 0.859356 0.631141 0.853273 0.645095 0.838603 0.658333 0.826438 0.661553 0.821071 0.650819 0.832879 0.646168 0.842181 0.637223 0.846833 0.625774
0 0.187137 0.263708 0.200146 0.259163 0.203595 0.269194 0.209394 0.268254 0.215664 0.285652 0.195130 0.292079 0.187137 0.263708
0 0.244534 0.000007 0.241454 0.012865 0.232407 0.014158 0.232951 0.000007 0.244534 0.000007
0 0.863605 0.000006 0.863102 0.004931 0.844763 0.003924 0.845309 0.000006 0.863605 0.000006
4 0.770081 0.044315 0.788491 0.041204 0.791485 0.059248 0.775250 0.062973 0.770081 0.044315
0 0.989949 0.142125 0.993114 0.142340 0.993258 0.143204 0.994408 0.143707 0.994192 0.146727 0.988583 0.146584 0.988727 0.143347 0.989877 0.143132 0.989949 0.142125
0 0.347586 0.198391 0.361074 0.190457 0.369405 0.205532 0.358297 0.213069 0.347586 0.198391
4 0.290912 0.218358 0.299304 0.214006 0.304899 0.223953 0.293088 0.229548 0.290912 0.218358
4 0.183908 0.819815 0.181899 0.783994 0.189934 0.784328 0.192947 0.817137 0.183908 0.819815
0 0.278594 0.523890 0.283943 0.519304 0.301266 0.551911 0.296426 0.555477 0.278594 0.523890
