3 0.611653 0.186934 0.625811 0.178317 0.642225 0.172777 0.656793 0.206837 0.662650 0.221095 0.661993 0.255609 0.649383 0.267230 0.621624 0.283728 0.603555 0.260684 0.629480 0.237900 0.611653 0.186934
0 0.189531 0.205899 0.197341 0.204513 0.202506 0.206403 0.206285 0.211945 0.208174 0.218747 0.206663 0.224290 0.202506 0.228195 0.199609 0.228825 0.191925 0.227817 0.187894 0.225675 0.184997 0.219377 0.185249 0.212197 0.187390 0.208292 0.189531 0.205899
0 0.203011 0.182708 0.205908 0.188124 0.206664 0.191777 0.205026 0.196312 0.200491 0.200343 0.194697 0.201099 0.191422 0.199335 0.187265 0.194045 0.185249 0.188376 0.185501 0.183841 0.188021 0.181070 0.191926 0.178803 0.196712 0.178173 0.199736 0.179307 0.202255 0.180818 0.203011 0.182708
0 0.023635 0.423815 0.060297 0.414912 0.063702 0.432195 0.027039 0.440051 0.023635 0.423815
0 -0.000000 0.343951 0.009329 0.327857 0.016830 0.332496 0.006269 0.348386 -0.000000 0.343951
0 0.008828 0.253600 0.017268 0.247680 0.040824 0.283958 0.031880 0.290508 0.008078 0.254011 0.008828 0.253600
0 0.039952 0.290212 0.069302 0.314649 0.062499 0.322081 0.032646 0.298274 0.039496 0.289675 0.039952 0.290212
0 0.028473 0.313099 0.040579 0.311868 0.043452 0.341210 0.027653 0.342031 0.024653 0.313628 0.028473 0.313099
0 0.034586 0.000003 0.036010 0.001999 0.018878 0.008928 0.015612 0.001535 0.020254 0.000003 0.034586 0.000003
0 0.054718 0.326405 0.062257 0.326130 0.061555 0.342206 0.054143 0.341919 0.054718 0.326405
