0 0.756026 0.082206 0.760136 0.084718 0.761963 0.088371 0.762534 0.093852 0.761507 0.098077 0.758310 0.099561 0.752715 0.100475 0.747348 0.097734 0.744380 0.094537 0.743009 0.090084 0.743809 0.084832 0.746092 0.082434 0.752144 0.080950 0.755113 0.081406 0.756026 0.082206
0 0.698466 0.174271 0.700085 0.174373 0.701838 0.175081 0.702883 0.175856 0.703794 0.177239 0.703928 0.179059 0.703490 0.180745 0.702580 0.182094 0.700759 0.183038 0.699107 0.183578 0.697623 0.183173 0.696241 0.182263 0.695297 0.180745 0.694791 0.178587 0.695297 0.176632 0.696679 0.174980 0.697589 0.174440 0.698466 0.174271
0 0.715527 0.158437 0.717450 0.159678 0.718381 0.162036 0.717822 0.164208 0.715775 0.167124 0.712300 0.168489 0.709012 0.167682 0.707584 0.165511 0.707088 0.162532 0.707646 0.160423 0.709260 0.158934 0.710935 0.158189 0.712734 0.157755 0.714037 0.158065 0.715527 0.158437
0 0.642709 0.290836 0.675619 0.302284 0.667134 0.326838 0.632994 0.314507 0.637219 0.301147 0.642709 0.290836
0 0.708166 0.271462 0.720155 0.281738 0.697890 0.307885 0.687043 0.297723 0.694465 0.289616 0.693209 0.288589 0.708166 0.271462
3 0.660762 0.343084 0.671951 0.347080 0.680972 0.350163 0.673093 0.371858 0.652559 0.365505 0.660762 0.343084
1 0.684848 0.394765 0.690579 0.396313 0.688777 0.404382 0.692128 0.405126 0.690825 0.412200 0.666200 0.407097 0.669918 0.393312 0.684107 0.397322 0.684848 0.394765
0 0.683432 0.573013 0.691765 0.554075 0.706242 0.560472 0.696899 0.579326 0.683432 0.573013
0 0.685401 0.578791 0.703369 0.581425 0.698412 0.610854 0.679671 0.608221 0.685401 0.578791
0 0.584199 0.578214 0.659941 0.584564 0.658237 0.603151 0.600773 0.601138 0.598513 0.626935 0.579445 0.625108 0.584199 0.578214
1 0.614484 0.532131 0.613913 0.544235 0.581600 0.543778 0.582399 0.530190 0.614484 0.532131
0 0.285759 0.428732 0.305895 0.456148 0.323552 0.461724 0.320300 0.476284 0.297376 0.471018 0.273522 0.436167 0.285759 0.428732
3 0.250495 0.377620 0.248418 0.377583 0.244655 0.395876 0.172375 0.384529 0.175317 0.366669 0.179309 0.348599 0.251637 0.362434 0.250952 0.364832 0.252551 0.364832 0.271162 0.368486 0.268650 0.380817 0.250495 0.377620
1 0.081888 0.367967 0.085760 0.353097 0.090097 0.335749 0.177301 0.349999 0.174358 0.364714 0.166923 0.363475 0.164290 0.382217 0.081888 0.367967
3 0.044562 0.349482 0.046886 0.337245 0.060516 0.338175 0.055869 0.361099 0.043478 0.359705 0.044562 0.349482
3 0.064351 0.346920 0.071000 0.347930 0.069148 0.358368 0.062499 0.357694 0.064351 0.346920
3 0.031303 0.461694 0.134925 0.479041 0.129194 0.508626 0.072194 0.499797 0.070026 0.509090 0.021700 0.500881 0.026037 0.475634 0.031303 0.461694
0 -0.000000 0.503226 0.093722 0.518332 0.090353 0.537670 0.104912 0.539839 0.104293 0.544795 0.115910 0.545879 0.114361 0.557341 0.099956 0.556102 0.101195 0.551610 0.048231 0.542522 -0.000000 0.534187 -0.000000 0.503226
0 0.057588 0.594923 0.059524 0.584570 0.079725 0.587853 0.078042 0.598795 0.057588 0.594923
0 0.029476 0.718486 0.042150 0.720770 0.039867 0.734814 0.026279 0.731617 0.029476 0.718486
0 -0.000000 0.807066 0.007153 0.808094 0.006011 0.821110 -0.000000 0.819969 -0.000000 0.807066
0 -0.000000 0.827746 0.026123 0.832199 0.019729 0.862572 0.004543 0.880384 -0.000000 0.883124 -0.000000 0.860745 0.002145 0.851953 0.003173 0.844873 -0.000000 0.845673 -0.000000 0.827746
0 0.047347 0.999004 0.016063 0.993424 0.013535 0.993035 0.015491 0.980971 0.017432 0.981428 0.020187 0.962855 0.053074 0.967562 0.056323 0.954130 0.063640 0.955001 0.070455 0.921544 0.091520 0.925262 0.084550 0.961971 0.080523 0.961506 0.073031 0.999005 0.047347 0.999004
3 0.155007 0.885708 0.175377 0.896314 0.170663 0.905236 0.148863 0.893789 0.155007 0.885708
0 0.087589 0.819933 0.126867 0.826784 0.120682 0.850997 0.093730 0.844957 0.094505 0.839845 0.083508 0.837986 0.087589 0.819933
0 0.093733 0.762393 0.093968 0.761276 0.113343 0.764931 0.114269 0.763416 0.125127 0.766109 0.124285 0.769139 0.136638 0.771532 0.136173 0.772926 0.132301 0.791513 0.088621 0.783614 0.093733 0.762393
0 0.449351 0.999009 0.447527 0.993756 0.436065 0.997628 0.430799 0.977647 0.442725 0.973465 0.443345 0.975943 0.462242 0.970832 0.470322 0.999009 0.449351 0.999009
0 0.805010 0.999007 0.814317 0.982241 0.811064 0.980692 0.818189 0.965203 0.833368 0.973567 0.824694 0.994323 0.831084 0.999007 0.805010 0.999007
0 0.880297 0.999006 0.886005 0.981938 0.905862 0.985036 0.908000 0.964126 0.928755 0.966914 0.924728 0.993710 0.924155 0.999005 0.880297 0.999006
0 0.549832 0.890570 0.557726 0.852773 0.554574 0.851092 0.562348 0.815793 0.564450 0.810120 0.596305 0.816733 0.593362 0.839193 0.634609 0.845444 0.627199 0.881283 0.597739 0.880904 0.593747 0.897713 0.549832 0.890570
0 0.703776 0.886786 0.703663 0.890184 0.644650 0.879497 0.650805 0.847332 0.676827 0.851359 0.675799 0.856041 0.683221 0.857068 0.684591 0.851930 0.708818 0.857580 0.703776 0.886786
0 0.174788 0.480805 0.181120 0.459130 0.190735 0.463723 0.193374 0.458973 0.203402 0.463723 0.206833 0.458973 0.225833 0.466890 0.223496 0.475203 0.215703 0.495904 0.174788 0.480805
3 0.182107 0.866488 0.191267 0.868205 0.187832 0.880418 0.178673 0.877364 0.182107 0.866488
0 0.121123 0.979883 0.129944 0.977790 0.130393 0.986312 0.121422 0.986312 0.121123 0.979883
0 0.727769 0.874313 0.726815 0.870497 0.730059 0.858666 0.742653 0.861529 0.739791 0.876794 0.727769 0.874313
3 0.010837 0.312071 0.027733 0.318642 0.029141 0.311132 0.040874 0.313479 0.038528 0.320988 0.046037 0.322866 0.044160 0.330375 0.008960 0.320519 0.010837 0.312071
