1 0.853076 0.093894 0.857114 0.101328 0.849129 0.105734 0.845090 0.098667 0.853076 0.093894
1 0.875606 0.103686 0.879833 0.120309 0.863435 0.125831 0.860899 0.116308 0.868225 0.114561 0.866027 0.106053 0.875606 0.103686
0 0.839496 0.146954 0.849102 0.140745 0.853905 0.147071 0.853202 0.149414 0.857537 0.154334 0.849922 0.159489 0.857185 0.170969 0.837973 0.183503 0.832116 0.174835 0.820551 0.182103 0.812478 0.169395 0.812627 0.163564 0.809338 0.158481 0.821149 0.150856 0.823392 0.153995 0.836549 0.145623 0.837894 0.148314 0.839496 0.146954
0 0.731964 0.251899 0.744499 0.245222 0.750825 0.253071 0.749887 0.256116 0.752582 0.260568 0.738407 0.268065 0.731378 0.256702 0.727513 0.255296 0.728450 0.251782 0.732081 0.252953 0.731964 0.251899
3 0.879034 0.379456 0.909833 0.357628 0.917458 0.367794 0.914169 0.370336 0.917010 0.374074 0.909833 0.380054 0.907292 0.377064 0.888154 0.391417 0.879034 0.379456
3 0.590948 0.320235 0.601634 0.316418 0.604114 0.323669 0.611938 0.321189 0.616708 0.337981 0.609075 0.340271 0.611365 0.348285 0.599535 0.351338 0.597436 0.344087 0.592856 0.345423 0.588658 0.332829 0.594001 0.331111 0.590948 0.320235
0 0.151478 0.446831 0.150747 0.464609 0.119331 0.463148 0.093760 0.496269 0.076712 0.484336 0.081096 0.480439 0.077199 0.472403 0.085723 0.464122 0.089620 0.467045 0.093273 0.463635 0.095708 0.465340 0.101066 0.460226 0.093516 0.455599 0.111538 0.439282 0.120305 0.443909 0.118601 0.447562 0.125420 0.448049 0.127124 0.443422 0.133456 0.443909 0.133700 0.447805 0.151478 0.446831
0 0.093913 0.427182 0.108266 0.420155 0.112453 0.427032 0.098249 0.434657 0.093913 0.427182
0 0.161374 0.515463 0.173490 0.514821 0.174683 0.534371 0.161833 0.534922 0.161374 0.515463
0 0.239539 0.494095 0.266292 0.493807 0.266436 0.508119 0.256295 0.508047 0.256439 0.512146 0.239251 0.512146 0.239539 0.494095
0 0.106474 0.399504 0.113090 0.406480 0.109279 0.410220 0.102519 0.403028 0.106474 0.399504
0 0.214206 0.999007 0.214431 0.982242 0.260609 0.983005 0.259639 0.999007 0.214206 0.999007
3 -0.000000 0.971255 0.018106 0.973989 0.022592 0.977577 0.023190 0.995967 0.028003 0.999003 -0.000000 0.999003 -0.000000 0.971255
3 0.022592 0.977577 0.022877 0.973975 0.027102 0.974620 0.028522 0.966006 0.033506 0.967111 0.034403 0.963523 0.030516 0.962178 0.033506 0.952758 0.047710 0.954104 0.046513 0.956945 0.050849 0.957543 0.048351 0.971057 0.041281 0.970849 0.038290 0.985202 0.034852 0.983408 0.033506 0.987594 0.022592 0.986249 0.022592 0.977577
3 0.055070 0.909000 0.066505 0.907273 0.066937 0.911517 0.071324 0.911013 0.071971 0.914753 0.067512 0.915400 0.068447 0.922232 0.062334 0.923167 0.056509 0.920291 0.055070 0.909000
3 0.072852 0.924636 0.077190 0.948149 0.049838 0.953748 0.039466 0.946956 0.040479 0.941819 0.044239 0.940255 0.039925 0.937226 0.041944 0.934289 0.045340 0.936859 0.051582 0.930342 0.063640 0.926805 0.072852 0.924636
3 0.934593 0.822489 0.936795 0.823957 0.938172 0.821846 0.944506 0.826527 0.943221 0.828914 0.952766 0.834696 0.952399 0.836165 0.962129 0.842223 0.956897 0.849933 0.943221 0.840846 0.942486 0.841580 0.938631 0.838919 0.939641 0.837358 0.929361 0.831025 0.934593 0.822489
3 0.917295 0.817498 0.930959 0.823899 0.927291 0.832529 0.913627 0.825913 0.917295 0.817498
3 0.042096 0.973681 0.057325 0.976024 0.055919 0.989495 0.047485 0.988675 0.048071 0.984107 0.040428 0.982942 0.042096 0.973681
0 0.287807 0.923240 0.295432 0.920548 0.299468 0.930865 0.290797 0.933855 0.287807 0.923240
0 0.112327 0.409432 0.122167 0.411307 0.120996 0.418218 0.110804 0.416344 0.112327 0.409432
0 0.107837 0.401172 0.118380 0.394377 0.122597 0.400352 0.113090 0.406480 0.107837 0.401172
3 0.552030 0.331537 0.556632 0.337578 0.547858 0.343331 0.543759 0.337218 0.552030 0.331537
0 0.211486 0.500391 0.216952 0.500335 0.216952 0.511379 0.211373 0.511267 0.211486 0.500391
0 0.228278 0.499715 0.234589 0.499771 0.234251 0.512337 0.227883 0.511999 0.228278 0.499715
