0 0.048923 0.523953 0.076449 0.525844 0.074768 0.549588 0.045351 0.546436 0.048923 0.523953
0 0.083932 0.539328 0.108716 0.539466 0.108602 0.533186 0.132351 0.533300 0.132465 0.574291 0.107475 0.574747 0.107018 0.566755 0.083622 0.565960 0.083932 0.539328
0 0.055175 0.457063 0.066343 0.461096 0.064171 0.467301 0.053065 0.463454 0.055175 0.457063
0 0.210237 0.597465 0.232121 0.601421 0.226313 0.630796 0.204513 0.626419 0.210237 0.597465
0 0.244300 0.611299 0.253172 0.613409 0.250008 0.627618 0.240763 0.625942 0.244300 0.611299
0 0.128660 0.657018 0.131142 0.658135 0.131762 0.659500 0.131762 0.660803 0.131390 0.662727 0.129777 0.665581 0.127791 0.666139 0.125930 0.666450 0.124564 0.665829 0.124254 0.665333 0.123324 0.663844 0.123013 0.661114 0.123324 0.658880 0.124192 0.657887 0.126240 0.656894 0.128660 0.657018
0 0.126644 0.670750 0.128629 0.672736 0.129001 0.674039 0.129001 0.675652 0.128629 0.677948 0.127264 0.678879 0.124658 0.679561 0.121680 0.679189 0.120563 0.677948 0.120253 0.675714 0.120935 0.672674 0.122176 0.670937 0.123541 0.670378 0.125092 0.670378 0.126644 0.670750
0 0.201294 0.703834 0.245342 0.685410 0.246520 0.678274 0.265507 0.678895 0.266004 0.679639 0.268361 0.682059 0.268361 0.684457 0.310660 0.702644 0.300041 0.724909 0.267271 0.709837 0.245140 0.711941 0.244683 0.716508 0.234521 0.718335 0.232580 0.716851 0.210315 0.726328 0.201294 0.703834
0 0.026139 0.796904 0.034977 0.799598 0.031526 0.808941 0.022856 0.805995 0.026139 0.796904
0 0.133547 0.861096 0.135409 0.862771 0.135781 0.864509 0.135347 0.865998 0.134540 0.867797 0.132493 0.869286 0.130259 0.869845 0.127405 0.869100 0.125047 0.865998 0.125109 0.863082 0.126784 0.861344 0.129204 0.860538 0.131996 0.860289 0.133547 0.861096
3 0.286807 0.955022 0.317338 0.954065 0.317338 0.970165 0.307061 0.970165 0.307061 0.973590 0.287080 0.973818 0.286807 0.955022
3 0.442980 0.881224 0.501326 0.889902 0.495646 0.924809 0.452606 0.917021 0.454373 0.904816 0.439578 0.902443 0.440756 0.889901 0.442980 0.881224
0 0.505627 0.867681 0.506571 0.866366 0.507819 0.865726 0.509303 0.865490 0.511427 0.866164 0.512641 0.866805 0.513484 0.868052 0.514256 0.869304 0.514274 0.872344 0.513592 0.873771 0.512413 0.875633 0.510676 0.876005 0.507449 0.875757 0.505463 0.874020 0.504471 0.871600 0.504781 0.868994 0.505627 0.867681
3 0.508231 0.896562 0.508417 0.896376 0.517042 0.896562 0.516731 0.903201 0.508107 0.903139 0.508231 0.896562
3 0.546535 0.495230 0.551906 0.473604 0.576683 0.480683 0.580793 0.466411 0.598377 0.471777 0.595053 0.483620 0.604243 0.482922 0.607212 0.484977 0.610637 0.490914 0.603871 0.511960 0.596969 0.513896 0.592507 0.514232 0.589814 0.512549 0.588467 0.508509 0.580219 0.506994 0.580471 0.504637 0.546535 0.495230
3 0.432170 0.571911 0.441921 0.571586 0.442246 0.582475 0.432332 0.582556 0.432170 0.571911
0 0.384055 0.558683 0.393319 0.558927 0.392994 0.574122 0.384055 0.573879 0.384055 0.558683
3 0.424392 0.519260 0.429903 0.518242 0.431999 0.529683 0.426308 0.531001 0.424392 0.519260
3 0.842090 0.729279 0.842987 0.733764 0.841492 0.735857 0.838950 0.736904 0.836408 0.736754 0.835063 0.734362 0.834913 0.731222 0.836408 0.729129 0.838950 0.729129 0.842090 0.729279
0 0.567357 0.437714 0.572127 0.438859 0.573081 0.441722 0.573081 0.443821 0.568692 0.446683 0.566402 0.445538 0.564685 0.443439 0.564113 0.441149 0.566212 0.438478 0.567357 0.437714
0 0.215025 0.649312 0.214092 0.668272 0.187983 0.665785 0.188605 0.648690 0.215025 0.649312
0 0.016623 0.772421 0.033082 0.775805 0.031698 0.782573 0.028468 0.782266 0.028006 0.787188 0.017546 0.785035 0.018161 0.779497 0.015546 0.778882 0.016623 0.772421
