0 0.090727 0.986761 0.093289 0.914161 0.115283 0.915869 0.115710 0.926332 0.112293 0.926332 0.111866 0.937863 0.109731 0.937649 0.108236 0.988683 0.090727 0.986761
0 0.122075 0.881259 0.130890 0.883777 0.126168 0.901092 0.117195 0.898731 0.122075 0.881259
0 0.080834 0.872602 0.092640 0.878111 0.085557 0.905342 0.071075 0.898889 0.080834 0.872602
0 0.259614 0.940612 0.266228 0.945834 0.250331 0.966024 0.244297 0.960918 0.259614 0.940612
0 0.264371 0.973218 0.259266 0.969389 0.275047 0.949663 0.281080 0.954188 0.264371 0.973218
0 0.250521 0.789249 0.246743 0.788777 0.246114 0.788305 0.245484 0.787518 0.245012 0.786731 0.244697 0.785629 0.244225 0.784527 0.243438 0.783268 0.243595 0.782166 0.244697 0.779333 0.246271 0.777916 0.248160 0.777601 0.250993 0.778703 0.252567 0.780749 0.252095 0.783897 0.251938 0.787045 0.250521 0.789249
0 0.420460 0.954657 0.418316 0.954531 0.416361 0.953711 0.414785 0.952513 0.413839 0.950747 0.413587 0.949045 0.413587 0.947090 0.413965 0.945892 0.414848 0.944505 0.416235 0.943748 0.416613 0.943685 0.416929 0.943559 0.417559 0.943433 0.419073 0.943370 0.419955 0.943496 0.420901 0.943874 0.422351 0.944253 0.422730 0.944820 0.423171 0.945829 0.423802 0.946901 0.423865 0.947027 0.424180 0.948351 0.424180 0.949108 0.424243 0.950054 0.424180 0.951189 0.423928 0.952261 0.423423 0.953018 0.422856 0.953900 0.420460 0.954657
0 0.552243 0.791987 0.553315 0.792996 0.554387 0.794068 0.554702 0.795139 0.554892 0.796148 0.554892 0.797094 0.554829 0.798923 0.554135 0.801193 0.553252 0.801634 0.552369 0.802202 0.551171 0.802454 0.548334 0.801950 0.547451 0.801130 0.546316 0.799869 0.545370 0.798355 0.544992 0.796842 0.544992 0.795707 0.545938 0.794257 0.546253 0.793752 0.547199 0.792806 0.547766 0.792617 0.548586 0.792365 0.549658 0.792050 0.550415 0.791861 0.552243 0.791987
0 0.559495 0.798418 0.561702 0.800121 0.561765 0.800373 0.562269 0.801382 0.562521 0.802580 0.562269 0.804409 0.562080 0.805859 0.561702 0.806490 0.561260 0.806679 0.560062 0.806742 0.558171 0.806237 0.556909 0.805102 0.556027 0.804156 0.555396 0.803148 0.555648 0.801886 0.556342 0.800058 0.557099 0.798923 0.557855 0.798418 0.559495 0.798418
0 0.408350 0.746115 0.420069 0.752613 0.412063 0.766305 0.401620 0.758879 0.402548 0.755514 0.397326 0.752961 0.399531 0.747740 0.404985 0.750292 0.408350 0.746115
0 0.693483 0.618105 0.693312 0.620157 0.692799 0.622210 0.691431 0.623237 0.690832 0.623322 0.690147 0.622980 0.688094 0.621697 0.686983 0.620072 0.686555 0.618703 0.686469 0.617591 0.687325 0.614170 0.689378 0.613999 0.690746 0.613999 0.691944 0.615367 0.692542 0.616394 0.693483 0.618105
0 0.830528 0.540204 0.836080 0.546396 0.825404 0.557713 0.819638 0.549385 0.830528 0.540204
0 0.621293 0.482588 0.623855 0.476609 0.622147 0.475969 0.623428 0.469776 0.626417 0.470203 0.631969 0.454189 0.649265 0.455256 0.646703 0.461662 0.651614 0.461235 0.649906 0.468922 0.645208 0.469563 0.639443 0.487713 0.621293 0.482588
0 0.642547 0.365037 0.644258 0.362642 0.646140 0.361872 0.648021 0.361616 0.650759 0.363156 0.652042 0.365551 0.652640 0.368202 0.652640 0.370512 0.652127 0.372223 0.651443 0.373249 0.648620 0.374019 0.644856 0.373933 0.642975 0.372650 0.642119 0.370940 0.641178 0.368630 0.641178 0.366834 0.642547 0.365037
0 0.631940 0.347844 0.632539 0.349042 0.632967 0.350667 0.631940 0.353490 0.631256 0.354431 0.629802 0.355372 0.627663 0.355628 0.625439 0.354089 0.624071 0.352036 0.622959 0.349042 0.623215 0.346647 0.625354 0.344594 0.627407 0.344594 0.630315 0.345877 0.631940 0.347844
0 0.814381 0.331452 0.823361 0.349411 0.810616 0.354914 0.802795 0.338404 0.814381 0.331452
0 0.797981 0.297400 0.803176 0.290946 0.811833 0.300391 0.815453 0.297557 0.824426 0.307631 0.816083 0.316761 0.797981 0.297400
0 0.823953 0.312039 0.831037 0.318965 0.824583 0.326678 0.816555 0.318650 0.823953 0.312039
0 0.687824 0.176033 0.683554 0.208490 0.613516 0.215109 0.614157 0.204860 0.684194 0.175179 0.687824 0.176033
0 0.669282 0.218227 0.688713 0.250043 0.669068 0.245132 0.663516 0.266485 0.637679 0.265417 0.632982 0.237018 0.609707 0.231893 0.605223 0.224847 0.605436 0.219936 0.615472 0.221644 0.615472 0.222711 0.631700 0.224206 0.632341 0.222925 0.669282 0.218227
0 0.600032 0.078108 0.613256 0.074696 0.615388 0.085787 0.603871 0.088773 0.600032 0.078108
0 0.659558 0.111322 0.662232 0.121349 0.624130 0.134049 0.621790 0.123688 0.659558 0.111322
0 0.697520 0.117758 0.699191 0.120098 0.699525 0.122437 0.697185 0.123774 0.693175 0.123106 0.693175 0.119095 0.697520 0.117758
0 0.576701 0.052277 0.621487 0.045258 0.622156 0.051608 0.577036 0.059296 0.576701 0.052277
0 0.857784 0.352887 0.866495 0.362142 0.855607 0.375208 0.847985 0.367586 0.857784 0.352887
0 0.703608 0.091971 0.742405 0.094201 0.741959 0.105795 0.704500 0.104457 0.703608 0.091971
0 0.748648 0.093309 0.766932 0.095984 0.764256 0.107579 0.747310 0.104011 0.748648 0.093309
0 0.621992 0.282827 0.637198 0.287202 0.633865 0.297617 0.619076 0.292409 0.621992 0.282827
0 0.640418 0.497556 0.643768 0.510956 0.629251 0.516539 0.624506 0.503418 0.640418 0.497556
