0 -0.000000 0.652367 0.002382 0.652094 0.005008 0.652665 0.005579 0.653236 0.006150 0.654606 0.007064 0.658032 0.005693 0.660544 0.005122 0.662942 0.001583 0.664198 -0.000000 0.664777 -0.000000 0.652367
0 0.005122 0.662942 0.006220 0.661660 0.007958 0.661474 0.009447 0.661909 0.010688 0.662839 0.011184 0.664639 0.011370 0.667865 0.010067 0.669541 0.008268 0.671402 0.006841 0.671960 0.004235 0.671526 0.002559 0.670409 0.001877 0.667927 0.002435 0.665383 0.002870 0.664639 0.003180 0.664453 0.005122 0.662942
0 -0.000000 0.689465 0.002461 0.689035 0.003297 0.709510 -0.000000 0.709962 -0.000000 0.689465
0 0.147618 0.463419 0.167061 0.445044 0.185957 0.465490 0.185957 0.449845 0.207332 0.450310 0.207178 0.465335 0.217865 0.455112 0.235713 0.474168 0.193776 0.511280 0.147618 0.463419
0 0.245375 0.302208 0.259431 0.305911 0.257139 0.314416 0.266959 0.317043 0.264561 0.327205 0.255198 0.324579 0.252115 0.337709 0.236130 0.332571 0.245375 0.302208
3 0.380389 0.173881 0.441083 0.178844 0.440309 0.188602 0.449602 0.188447 0.448673 0.199600 0.428847 0.200684 0.428227 0.211681 0.433803 0.211991 0.433184 0.233366 0.375409 0.228719 0.371227 0.231042 0.366890 0.228100 0.365031 0.225931 0.365806 0.217257 0.369833 0.215398 0.369833 0.210287 0.370762 0.209513 0.372931 0.180548 0.380389 0.173881
0 0.618843 0.032183 0.634919 0.032183 0.636266 0.032099 0.636182 0.037233 0.653413 0.037045 0.653413 0.028681 0.664255 0.028681 0.664271 0.042191 0.672949 0.042306 0.673462 0.053706 0.682139 0.053706 0.682562 0.069416 0.658164 0.068765 0.658425 0.061661 0.634757 0.062713 0.633713 0.078699 0.612817 0.077452 0.614433 0.056433 0.616488 0.041133 0.618843 0.032183
0 0.483951 0.000009 0.482240 0.011028 0.457463 0.009201 0.458261 0.000009 0.483951 0.000009
0 0.164093 0.074343 0.177224 0.075142 0.176424 0.087930 0.163179 0.087017 0.164093 0.074343
0 0.285416 0.069089 0.302772 0.066805 0.307175 0.102399 0.303864 0.102628 0.305120 0.111990 0.290847 0.114046 0.290294 0.114110 0.289286 0.102288 0.285416 0.069089
0 0.279589 0.003333 0.306945 0.002238 0.307534 0.014022 0.279984 0.014792 0.279589 0.003333
0 0.231792 0.000008 0.232660 0.009070 0.215430 0.010462 0.215087 0.007379 0.209036 0.007836 0.208122 0.000871 0.216953 0.000007 0.231792 0.000008
0 0.276184 0.050666 0.285433 0.040961 0.291256 0.045528 0.290000 0.046898 0.295138 0.050666 0.286003 0.059572 0.276184 0.050666
0 0.239633 0.024216 0.248808 0.024048 0.248724 0.033138 0.239549 0.033391 0.239633 0.024216
0 0.258432 0.028746 0.272248 0.028746 0.272134 0.034341 0.258546 0.034227 0.258432 0.028746
0 0.309527 0.346105 0.311626 0.351638 0.298078 0.357744 0.295215 0.352592 0.309527 0.346105
0 0.321455 0.331375 0.326610 0.333250 0.324970 0.337116 0.319113 0.335476 0.321455 0.331375
