3 0.880546 0.004138 0.887511 0.013387 0.882030 0.017155 0.877120 0.010190 0.878719 0.008934 0.876778 0.006193 0.880183 0.003633 0.880546 0.004138
0 0.838521 0.128208 0.840168 0.128894 0.841083 0.130678 0.841403 0.132691 0.841037 0.134657 0.839894 0.136441 0.837927 0.137722 0.835182 0.137905 0.832804 0.137676 0.831661 0.136212 0.830929 0.134703 0.831066 0.132187 0.831706 0.129946 0.833582 0.128665 0.836417 0.128117 0.838521 0.128208
3 0.711113 0.226341 0.714311 0.235095 0.706567 0.238041 0.702864 0.229877 0.711113 0.226341
3 0.731964 0.429316 0.732192 0.422122 0.756489 0.422636 0.755657 0.438900 0.731265 0.437876 0.731964 0.429316
1 0.975951 0.549245 0.978897 0.544868 0.985125 0.549245 0.982179 0.553622 0.975951 0.549245
1 0.935678 0.725726 0.946164 0.727277 0.944861 0.735343 0.934499 0.733730 0.935678 0.725726
1 0.947905 0.731880 0.953365 0.728033 0.956964 0.734052 0.951441 0.737650 0.947905 0.731880
0 0.341731 0.856817 0.351832 0.834596 0.361343 0.840067 0.350064 0.861531 0.341731 0.856817
0 0.212272 0.811189 0.226980 0.786816 0.282661 0.822115 0.268373 0.844808 0.212272 0.811189
3 0.169632 0.454585 0.195437 0.444309 0.200347 0.458239 0.174770 0.469086 0.169632 0.454585
0 0.417664 0.494316 0.419936 0.496084 0.420694 0.498272 0.420357 0.499955 0.418926 0.501555 0.416990 0.502481 0.414297 0.502481 0.413203 0.501134 0.412024 0.498019 0.412950 0.495831 0.414634 0.494400 0.415980 0.494232 0.417664 0.494316
4 -0.000000 0.609739 0.002088 0.609518 0.005011 0.629416 -0.000000 0.629416 -0.000000 0.609739
3 0.904383 0.465089 0.861861 0.475098 0.857296 0.453848 0.868787 0.450542 0.868000 0.446922 0.878389 0.445820 0.878893 0.448868 0.900038 0.444523 0.904383 0.465089
