0 0.774739 0.580918 0.799131 0.597374 0.787903 0.615184 0.781127 0.610925 0.766414 0.630091 0.769124 0.632608 0.751120 0.658743 0.743377 0.653709 0.748797 0.644804 0.735633 0.635899 0.774739 0.580918
0 0.909986 0.578104 0.911804 0.571235 0.924835 0.575679 0.922612 0.582144 0.909986 0.578104
0 0.938284 0.777971 0.944717 0.778111 0.944018 0.796709 0.936746 0.796150 0.938284 0.777971
0 0.927805 0.777986 0.932047 0.779805 0.928916 0.788290 0.924168 0.786370 0.927805 0.777986
0 0.730763 0.572423 0.734905 0.565554 0.741672 0.568585 0.737834 0.575858 0.730763 0.572423
0 0.747430 0.575656 0.751672 0.569898 0.757733 0.574039 0.752581 0.579191 0.747430 0.575656
3 0.798013 0.525093 0.802155 0.531255 0.795185 0.535396 0.791346 0.529234 0.798013 0.525093
0 0.707423 0.675712 0.735391 0.682144 0.731475 0.697527 0.703787 0.690535 0.707423 0.675712
0 0.700431 0.704518 0.703228 0.695988 0.719449 0.700463 0.717072 0.709133 0.700431 0.704518
0 0.923740 0.737203 0.923740 0.732355 0.928185 0.732456 0.928286 0.737507 0.923740 0.737203
