0 0.869592 0.185448 0.887134 0.167416 0.936692 0.213539 0.923198 0.226420 0.903326 0.209246 0.900750 0.212681 0.895353 0.209001 0.891304 0.213785 0.882350 0.205075 0.886030 0.201027 0.869592 0.185448
0 0.844069 0.676568 0.862224 0.671048 0.869707 0.685155 0.877803 0.682824 0.898657 0.730420 0.868971 0.740601 0.863451 0.727721 0.846400 0.733241 0.840389 0.721710 0.838672 0.713246 0.856949 0.707481 0.852656 0.695091 0.845909 0.696931 0.844069 0.689571 0.848853 0.688713 0.844069 0.676568
0 0.907644 0.719846 0.931512 0.656796 0.954209 0.666741 0.939673 0.711115 0.947578 0.709074 0.952679 0.722335 0.910600 0.736361 0.907644 0.719846
3 0.793046 0.766415 0.801813 0.757021 0.814182 0.754047 0.815904 0.757648 0.825924 0.754516 0.830777 0.765945 0.833125 0.764849 0.838448 0.777531 0.836883 0.787394 0.841110 0.794439 0.851286 0.791934 0.857079 0.802893 0.852069 0.805085 0.852226 0.812600 0.810111 0.824968 0.802127 0.801328 0.805101 0.798040 0.793046 0.766415
3 0.998838 0.887070 0.978347 0.884980 0.980800 0.863145 0.970496 0.863023 0.969883 0.848303 0.980555 0.848548 0.980923 0.847321 0.998838 0.849510 0.998838 0.887070
0 0.890311 0.854518 0.941193 0.838862 0.948238 0.861720 0.894068 0.873932 0.890311 0.854518
3 0.777780 0.848123 0.801108 0.834502 0.816137 0.852037 0.852616 0.826675 0.858722 0.832467 0.864827 0.827614 0.878292 0.845149 0.844631 0.869415 0.841970 0.886793 0.798133 0.887889 0.774806 0.855012 0.778876 0.851098 0.777780 0.848123
0 0.904235 0.999005 0.903949 0.981394 0.966260 0.979671 0.966269 0.999004 0.904235 0.999005
0 0.804279 0.965241 0.808941 0.938745 0.812989 0.927582 0.835683 0.932489 0.832616 0.946350 0.831757 0.951871 0.865246 0.956287 0.862424 0.975914 0.830408 0.969044 0.827709 0.982415 0.817037 0.980943 0.817773 0.969535 0.804279 0.965241
0 0.967524 0.748227 0.972799 0.727742 0.998838 0.734787 0.998838 0.756980 0.967524 0.748227
3 0.924321 0.045451 0.932775 0.038719 0.928235 0.033552 0.940447 0.022124 0.973168 0.047956 0.979587 0.040285 0.992738 0.050931 0.965027 0.081460 0.954694 0.073162 0.956572 0.070814 0.953441 0.067996 0.949527 0.071127 0.921660 0.053436 0.924321 0.045451
0 0.888300 0.655551 0.898575 0.647115 0.908525 0.657823 0.897926 0.666150 0.888300 0.655551
0 0.890923 0.826008 0.904123 0.824286 0.899532 0.847817 0.888340 0.847530 0.890923 0.826008
0 0.588232 0.493008 0.593110 0.490138 0.601719 0.493008 0.604875 0.496164 0.605736 0.501329 0.604875 0.503912 0.602293 0.509651 0.594258 0.508504 0.588519 0.506782 0.584214 0.500469 0.584501 0.497025 0.585075 0.495303 0.588232 0.493008
0 0.613197 0.504199 0.620084 0.508790 0.612336 0.517686 0.606310 0.512808 0.613197 0.504199
3 0.859361 0.806158 0.854640 0.787946 0.866331 0.784573 0.871503 0.802786 0.859361 0.806158
