1 0.476674 0.695358 0.488301 0.701622 0.483342 0.709627 0.471371 0.703281 0.476674 0.695358
3 0.575143 0.626002 0.585179 0.629090 0.582625 0.636571 0.572482 0.633940 0.575143 0.626002
3 0.595212 0.640193 0.605429 0.639918 0.605534 0.646063 0.595609 0.646465 0.595212 0.640193
3 0.609395 0.633479 0.619685 0.633040 0.619733 0.644928 0.609455 0.645070 0.609395 0.633479
3 0.656498 0.634319 0.681468 0.640931 0.676014 0.660037 0.651311 0.653216 0.656498 0.634319
3 0.677365 0.542795 0.693497 0.547355 0.690697 0.558513 0.674862 0.554234 0.677365 0.542795
3 0.730852 0.575840 0.738711 0.583481 0.731460 0.591945 0.723236 0.584775 0.730852 0.575840
3 0.857200 0.672698 0.878680 0.642841 0.914068 0.664648 0.895100 0.695296 0.857200 0.672698
0 0.875038 0.607724 0.881920 0.612363 0.874738 0.623528 0.867935 0.619116 0.875038 0.607724
2 0.888258 0.604332 0.901977 0.609178 0.895886 0.624259 0.882498 0.618266 0.888258 0.604332
3 0.483618 0.522852 0.499133 0.519324 0.506360 0.552928 0.490909 0.556417 0.483618 0.522852
3 0.918115 0.668066 0.933664 0.664905 0.939568 0.685470 0.923363 0.689351 0.918115 0.668066
0 0.962382 0.625225 0.967491 0.623205 0.981011 0.624691 0.990818 0.633606 0.992452 0.642669 0.992006 0.654555 0.985320 0.663470 0.975662 0.667482 0.967491 0.665699 0.957090 0.658567 0.953467 0.647661 0.954061 0.634140 0.962382 0.625225
3 0.989738 0.137182 0.993754 0.143262 0.979528 0.153358 0.975398 0.147278 0.989738 0.137182
0 0.982299 0.155064 0.993372 0.146649 0.997889 0.152407 0.987082 0.161088 0.982299 0.155064
3 0.893838 0.636858 0.899595 0.640494 0.896262 0.647463 0.889596 0.644433 0.893838 0.636858
