0 0.262605 0.089662 0.268233 0.060717 0.319959 0.072509 0.313795 0.100115 0.262605 0.089662
3 0.423780 0.129199 0.431751 0.118012 0.429653 0.116613 0.432870 0.112138 0.441400 0.118431 0.442938 0.115355 0.460138 0.127661 0.457621 0.133813 0.455104 0.135911 0.458880 0.139547 0.444057 0.159824 0.433429 0.151853 0.440701 0.140945 0.430073 0.134932 0.430073 0.133534 0.423780 0.129199
3 0.506146 0.106865 0.543763 0.081973 0.564459 0.135672 0.517975 0.138586 0.509070 0.114581 0.506146 0.106865
3 0.208477 0.999007 0.211059 0.979345 0.220352 0.973082 0.225503 0.973486 0.225907 0.970456 0.234594 0.970961 0.235503 0.974294 0.239544 0.974496 0.244089 0.970557 0.252372 0.971466 0.252978 0.977223 0.251665 0.980658 0.253685 0.985102 0.260554 0.985708 0.259280 0.999008 0.208477 0.999007
0 0.309404 0.999008 0.311568 0.988925 0.318001 0.987526 0.319679 0.976759 0.345829 0.978856 0.345969 0.975220 0.362889 0.974941 0.362609 0.978017 0.376733 0.979555 0.375137 0.999009 0.309404 0.999008
0 0.399348 0.999009 0.403558 0.988702 0.408267 0.984003 0.422530 0.988617 0.428963 0.993512 0.438612 0.977430 0.455113 0.981905 0.454848 0.999009 0.399348 0.999009
3 0.708583 0.262994 0.721309 0.266769 0.716135 0.293059 0.701871 0.289703 0.708583 0.262994
3 0.723451 0.246003 0.741027 0.249841 0.736178 0.264387 0.765269 0.270851 0.761734 0.286609 0.754663 0.287619 0.750522 0.304791 0.724259 0.298326 0.731532 0.266811 0.718400 0.263781 0.723451 0.246003
1 0.799259 0.301387 0.797239 0.301488 0.799966 0.283508 0.817239 0.286437 0.814512 0.303811 0.799259 0.301387
3 0.811984 0.210935 0.820364 0.211989 0.818361 0.227590 0.810034 0.226535 0.811984 0.210935
3 0.838805 0.266341 0.838732 0.259190 0.852522 0.259190 0.852595 0.266706 0.838805 0.266341
4 0.559435 0.000009 0.544284 0.018172 0.544284 0.024132 0.542870 0.026051 0.533880 0.026758 0.534082 0.025344 0.519436 0.005243 0.515799 0.007869 0.514082 0.005041 0.512769 0.004839 0.509139 0.000009 0.559435 0.000009
3 0.446126 0.000009 0.455167 0.012659 0.438458 0.024042 0.433642 0.025793 0.426419 0.019591 0.421603 0.012513 0.437582 0.001642 0.446073 0.000009 0.446126 0.000009
3 0.380776 0.065663 0.386248 0.059680 0.394566 0.066757 0.387927 0.073251 0.380776 0.065663
3 0.371860 0.218857 0.378122 0.209564 0.383577 0.212796 0.376809 0.222291 0.371860 0.218857
3 0.635847 0.077075 0.642268 0.076345 0.643873 0.087144 0.637014 0.088020 0.635847 0.077075
3 0.618060 0.000009 0.625920 0.008826 0.609455 0.024684 0.582293 0.000009 0.618060 0.000009
3 0.793986 0.000007 0.792370 0.007770 0.790400 0.010980 0.786533 0.010980 0.786314 0.011783 0.777048 0.010688 0.775881 0.008499 0.768730 0.006967 0.769168 0.004997 0.759311 0.002263 0.758802 0.000007 0.793986 0.000007
3 0.908024 0.012997 0.927098 0.015624 0.925128 0.034084 0.905647 0.031603 0.908024 0.012997
3 0.928907 0.034791 0.931534 0.021559 0.945978 0.024791 0.947190 0.018225 0.969514 0.022569 0.967695 0.029134 0.998856 0.033714 0.998856 0.050333 0.989570 0.048581 0.987962 0.051966 0.959067 0.044520 0.957871 0.049753 0.939065 0.048108 0.940827 0.037518 0.928907 0.034791
3 0.976160 0.999003 0.975179 0.995482 0.987904 0.960523 0.965390 0.955069 0.972522 0.933953 0.998856 0.941056 0.998856 0.999003 0.976160 0.999003
0 0.831709 0.905551 0.842057 0.904712 0.852405 0.910445 0.852405 0.913242 0.855342 0.920793 0.853384 0.932820 0.844993 0.938972 0.829471 0.938693 0.822340 0.933239 0.820242 0.922751 0.821780 0.912823 0.828353 0.907229 0.831709 0.905551
3 0.756253 0.879438 0.764838 0.880448 0.766253 0.882468 0.765141 0.899741 0.758071 0.899236 0.756859 0.905499 0.749182 0.906812 0.756253 0.907822 0.756151 0.908630 0.771303 0.909842 0.766455 0.923883 0.757566 0.922671 0.757970 0.915499 0.753424 0.914590 0.745747 0.918529 0.741505 0.917317 0.728879 0.915600 0.730394 0.902266 0.726555 0.901559 0.727364 0.893883 0.734030 0.892064 0.730394 0.889034 0.733020 0.876307 0.750495 0.878428 0.751202 0.885802 0.755646 0.886206 0.756253 0.879438
3 0.739757 0.839314 0.737434 0.829054 0.771119 0.820923 0.774991 0.838734 0.768796 0.838927 0.772281 0.847639 0.769183 0.859254 0.765505 0.859254 0.760859 0.854608 0.758148 0.854415 0.754470 0.866805 0.751566 0.867385 0.742080 0.853640 0.736659 0.854608 0.733949 0.843380 0.740338 0.842025 0.739757 0.839314
3 0.759186 0.754466 0.758605 0.765695 0.764993 0.765307 0.766155 0.754853 0.781062 0.754660 0.781062 0.763952 0.796162 0.765695 0.798872 0.772858 0.775060 0.779246 0.773512 0.816222 0.759379 0.814093 0.760154 0.799961 0.742149 0.798993 0.744085 0.755047 0.759186 0.754466
3 0.933188 0.283568 0.931058 0.260724 0.936866 0.255885 0.938608 0.252400 0.934930 0.252787 0.927961 0.252400 0.928735 0.238268 0.934543 0.238461 0.932800 0.231105 0.929509 0.226652 0.924282 0.227039 0.917700 0.232073 0.910924 0.229943 0.918475 0.204776 0.954483 0.202066 0.955257 0.214068 0.964937 0.213488 0.979650 0.218521 0.961065 0.263435 0.955451 0.259950 0.956225 0.282213 0.933188 0.283568
0 0.939951 0.373763 0.924464 0.373763 0.924464 0.381313 0.903749 0.382474 0.902007 0.355952 0.910983 0.355952 0.910701 0.340536 0.918850 0.340154 0.917094 0.324704 0.919438 0.324230 0.919038 0.318275 0.934437 0.322013 0.933989 0.324106 0.938596 0.323428 0.940726 0.340852 0.937549 0.341766 0.939951 0.373763
1 0.876698 0.327735 0.885508 0.327455 0.886208 0.352487 0.875580 0.352487 0.876698 0.327735
1 0.895577 0.326616 0.901590 0.327036 0.902009 0.331231 0.904806 0.331930 0.904946 0.350809 0.895157 0.350809 0.895577 0.326616
0 0.874260 0.501974 0.896910 0.492875 0.911623 0.531013 0.883746 0.525980 0.874260 0.501974
0 0.890522 0.480291 0.913559 0.476226 0.910655 0.502361 0.903880 0.503716 0.895168 0.487067 0.890522 0.480291
0 0.920916 0.491326 0.921884 0.482421 0.929821 0.479130 0.936016 0.482034 0.938146 0.490939 0.932919 0.496747 0.924401 0.494811 0.920916 0.491326
3 0.916318 0.418855 0.927546 0.418661 0.922513 0.426212 0.936258 0.426599 0.937032 0.441505 0.940517 0.441505 0.941098 0.453508 0.945744 0.456993 0.942647 0.462026 0.935290 0.462220 0.931225 0.466673 0.932773 0.472287 0.890570 0.466479 0.889409 0.444797 0.896959 0.444603 0.895991 0.426599 0.907993 0.426599 0.907800 0.420017 0.916318 0.418855
3 0.721500 0.428422 0.742755 0.430800 0.742615 0.434995 0.737721 0.434995 0.736742 0.434855 0.735484 0.445063 0.735064 0.448699 0.739119 0.449119 0.736742 0.468976 0.730170 0.468836 0.726814 0.478625 0.708914 0.476807 0.711571 0.454572 0.703600 0.453174 0.705558 0.436393 0.719682 0.438071 0.721500 0.428422
0 0.602742 0.664021 0.603322 0.643113 0.624618 0.642726 0.624618 0.640790 0.634878 0.640596 0.634878 0.638273 0.637976 0.638080 0.637782 0.635563 0.634491 0.635563 0.634297 0.632853 0.625779 0.633046 0.626166 0.608266 0.650753 0.607879 0.650753 0.610977 0.695860 0.610589 0.688116 0.648921 0.649591 0.652793 0.649591 0.658213 0.640686 0.659762 0.640105 0.661311 0.602742 0.664021
3 0.418899 0.343929 0.436374 0.347566 0.435869 0.349586 0.444253 0.350293 0.444556 0.351808 0.452839 0.353222 0.447889 0.377667 0.429000 0.373626 0.428495 0.376657 0.423748 0.378778 0.419381 0.392640 0.406936 0.390543 0.405817 0.397255 0.391553 0.394318 0.393511 0.384390 0.387079 0.383271 0.395329 0.341739 0.411550 0.345375 0.412389 0.340201 0.419381 0.341599 0.418899 0.343929
3 0.487828 0.348047 0.504191 0.349764 0.504090 0.351178 0.530252 0.353805 0.529242 0.369966 0.506716 0.367845 0.499848 0.385320 0.485100 0.383300 0.487727 0.359865 0.486514 0.359764 0.487828 0.348047
3 0.437540 0.441846 0.436456 0.441590 0.438375 0.423307 0.461405 0.426236 0.460698 0.433206 0.456138 0.432477 0.453761 0.450935 0.442574 0.450376 0.443273 0.442545 0.437540 0.441846
0 0.336501 0.623723 0.338377 0.584594 0.385011 0.585666 0.379919 0.717527 0.353386 0.716991 0.356334 0.623723 0.336501 0.623723
0 0.481366 0.591920 0.511012 0.592200 0.510872 0.618210 0.516885 0.618070 0.517025 0.607162 0.548908 0.608141 0.562892 0.608141 0.562612 0.642682 0.479548 0.642122 0.481366 0.591920
0 0.477998 0.766595 0.507999 0.758514 0.507999 0.756494 0.517797 0.753767 0.522544 0.770837 0.514059 0.773161 0.513857 0.778918 0.511029 0.785181 0.503655 0.787908 0.497493 0.774171 0.490524 0.776090 0.493655 0.786595 0.490120 0.787807 0.491231 0.798009 0.486483 0.800636 0.472948 0.790838 0.478200 0.775686 0.477998 0.766595
0 0.608014 0.713512 0.622491 0.720176 0.615442 0.738830 0.619786 0.740447 0.610291 0.765699 0.606452 0.764285 0.600169 0.780779 0.596393 0.779940 0.590520 0.795322 0.585905 0.793504 0.583388 0.803153 0.565349 0.795742 0.569964 0.780080 0.577795 0.781898 0.580592 0.772389 0.573739 0.770571 0.577795 0.759384 0.586744 0.762460 0.595974 0.739247 0.588283 0.736869 0.591639 0.728619 0.599610 0.731975 0.608014 0.713512
0 0.290736 0.627791 0.288358 0.623176 0.287240 0.608633 0.291155 0.608912 0.291854 0.598425 0.322060 0.600103 0.319403 0.627371 0.311851 0.627791 0.311012 0.630168 0.298707 0.630168 0.297588 0.628350 0.290736 0.627791
3 0.219633 0.605902 0.247182 0.605483 0.246482 0.622823 0.219633 0.622263 0.219633 0.605902
3 0.245465 0.572012 0.243647 0.571173 0.248402 0.558447 0.262246 0.563062 0.257351 0.576487 0.245465 0.572012
3 0.315843 0.451692 0.338687 0.455370 0.336945 0.464082 0.341785 0.465824 0.340043 0.480537 0.312359 0.475504 0.315843 0.451692
3 0.357079 0.419168 0.368501 0.420911 0.364048 0.447239 0.352433 0.445110 0.357079 0.419168
3 0.351852 0.447820 0.367920 0.450143 0.365016 0.472407 0.358821 0.471051 0.357272 0.477246 0.348174 0.475310 0.351852 0.447820
3 0.329812 0.379445 0.347431 0.385738 0.340999 0.402379 0.323938 0.395387 0.329812 0.379445
3 0.300293 0.321878 0.360501 0.340269 0.354693 0.360403 0.332817 0.354014 0.330687 0.361564 0.289959 0.347328 0.300293 0.321878
3 0.399924 0.184124 0.405925 0.182769 0.408829 0.194384 0.404764 0.194965 0.403796 0.190900 0.399924 0.191674 0.398181 0.184705 0.399924 0.184124
3 0.882437 0.547644 0.894882 0.546805 0.895861 0.561068 0.904531 0.563306 0.904951 0.576870 0.884255 0.582044 0.882437 0.547644
3 0.879903 0.585986 0.895448 0.585986 0.899736 0.589202 0.928681 0.590810 0.930557 0.602334 0.921445 0.601798 0.903756 0.602334 0.903488 0.616271 0.874007 0.613859 0.874007 0.586522 0.879903 0.585986
3 0.752914 0.999007 0.754157 0.987958 0.769064 0.986022 0.769645 0.983893 0.760546 0.985054 0.761127 0.972084 0.802943 0.972471 0.802749 0.981763 0.779324 0.988539 0.776318 0.999007 0.752914 0.999007
3 0.291754 0.814707 0.291754 0.834540 0.300866 0.834004 0.301670 0.826231 0.319091 0.826231 0.319091 0.876885 0.299794 0.876081 0.300330 0.858393 0.290950 0.858661 0.290950 0.864021 0.274333 0.862949 0.274601 0.817923 0.291754 0.814707
0 0.210528 0.819466 0.193328 0.818498 0.195234 0.773197 0.249440 0.776101 0.247698 0.820628 0.227371 0.820047 0.226790 0.833598 0.210915 0.833405 0.210528 0.819466
3 0.177049 0.748888 0.178657 0.712170 0.190717 0.711902 0.189377 0.748620 0.177049 0.748888
3 0.155565 0.675174 0.180925 0.674594 0.181506 0.701697 0.157694 0.702084 0.155565 0.675174
3 0.178827 0.324195 0.193300 0.289085 0.229749 0.304630 0.215276 0.340275 0.178827 0.324195
3 0.862768 0.413074 0.867291 0.404829 0.876631 0.410156 0.872180 0.418765 0.862768 0.413074
3 0.770752 0.922354 0.774807 0.901378 0.782778 0.902776 0.781939 0.907531 0.793126 0.910048 0.790889 0.925850 0.770752 0.922354
3 0.717250 0.971380 0.724382 0.956697 0.738505 0.963409 0.731373 0.977672 0.717250 0.971380
3 0.853701 0.902981 0.856218 0.893052 0.867405 0.895989 0.864469 0.905917 0.853701 0.902981
3 0.804923 0.899597 0.815570 0.904049 0.810537 0.916633 0.795824 0.910244 0.801051 0.898048 0.804923 0.899597
3 0.279111 0.284519 0.284869 0.281286 0.291838 0.291792 0.286081 0.295428 0.284768 0.296236 0.279111 0.284519
3 0.463878 0.842639 0.474226 0.842919 0.474506 0.861797 0.463739 0.861937 0.463878 0.842639
3 0.950430 0.851151 0.974049 0.857539 0.977340 0.847860 0.997667 0.854248 0.982761 0.910003 0.935137 0.895871 0.950430 0.851151
3 0.628226 0.312864 0.642197 0.316435 0.643746 0.313143 0.675688 0.321081 0.671429 0.339666 0.672785 0.382256 0.648585 0.380901 0.619159 0.379546 0.623805 0.357670 0.613739 0.355540 0.616642 0.341989 0.633291 0.346248 0.636195 0.333664 0.622837 0.330180 0.628226 0.312864
0 0.898145 0.668563 0.909785 0.671616 0.906541 0.684401 0.894710 0.680966 0.898145 0.668563
0 0.871075 0.845688 0.848696 0.841648 0.853359 0.827350 0.832534 0.821755 0.848385 0.773267 0.862062 0.774821 0.864548 0.765807 0.884441 0.770159 0.882576 0.793781 0.875116 0.793470 0.867346 0.818958 0.873251 0.820823 0.871075 0.845688
3 0.864096 0.295528 0.862690 0.305251 0.839964 0.301737 0.841018 0.292834 0.864096 0.295528
3 0.337804 0.097423 0.348681 0.082921 0.366045 0.086737 0.375968 0.077196 0.384364 0.082158 0.384364 0.083875 0.393523 0.089790 0.397148 0.093988 0.400583 0.097232 0.407453 0.108300 0.374250 0.120321 0.366427 0.110971 0.337804 0.097423
3 0.342065 0.418083 0.337438 0.434400 0.313571 0.429042 0.317224 0.412969 0.342065 0.418083
3 0.211260 0.288617 0.226334 0.267195 0.244582 0.278303 0.231888 0.300121 0.211260 0.288617
3 0.297978 0.680336 0.297787 0.698654 0.280232 0.698082 0.279850 0.681862 0.297978 0.680336
3 0.317060 0.699799 0.317632 0.740634 0.294734 0.740253 0.294543 0.699990 0.317060 0.699799
0 0.380856 0.876414 0.366735 0.876032 0.366735 0.868781 0.326854 0.866110 0.328763 0.840922 0.380474 0.843402 0.380856 0.876414
0 0.191454 0.842438 0.191851 0.863859 0.155355 0.864653 0.154958 0.841644 0.191454 0.842438
0 0.103900 0.584706 0.121264 0.585087 0.119547 0.608367 0.102564 0.607031 0.103900 0.584706
0 0.119422 0.713309 0.100426 0.712822 0.100670 0.675804 0.118448 0.675561 0.119422 0.713309
3 0.311781 0.652358 0.294416 0.650640 0.294798 0.643962 0.311971 0.646061 0.311781 0.652358
2 0.311208 0.656556 0.310636 0.664761 0.292126 0.664188 0.293462 0.654648 0.311208 0.656556
3 0.878556 0.023053 0.894120 0.022204 0.894403 0.032675 0.878839 0.032109 0.878556 0.023053
