0 -0.000000 0.121188 0.005283 0.120784 0.005098 0.136407 0.020376 0.136782 0.020562 0.145897 0.019632 0.145773 0.019931 0.151969 0.014722 0.151845 0.014536 0.155255 0.009982 0.155240 0.009982 0.152571 0.006726 0.152539 0.006608 0.158585 0.013604 0.158844 0.012654 0.168863 -0.000000 0.168345 -0.000000 0.121188
0 0.011639 0.168767 0.011468 0.173839 0.003886 0.173786 0.004098 0.171293 0.002348 0.171506 0.002560 0.175005 -0.000000 0.175110 -0.000000 0.168345 0.011639 0.168767
0 -0.000000 0.214192 0.022610 0.208603 0.026579 0.218965 0.022721 0.220618 0.024264 0.226681 0.022390 0.226901 0.024154 0.233626 0.019744 0.235059 0.024444 0.254190 0.008551 0.258595 0.007083 0.252031 -0.000000 0.254010 -0.000000 0.214192
0 0.000158 0.293971 0.009469 0.284564 0.021433 0.279751 0.034220 0.301246 0.033228 0.302238 0.034771 0.304002 0.045464 0.298380 0.046897 0.299813 0.054172 0.310175 0.033228 0.321860 0.031133 0.318773 0.015150 0.328805 0.006992 0.316018 0.010520 0.314033 0.000158 0.293971
0 0.066265 0.361300 0.071013 0.380155 0.061727 0.382688 0.069606 0.408293 0.041184 0.416748 0.035743 0.397746 0.031770 0.399042 0.026059 0.377703 0.030460 0.375423 0.030619 0.373938 0.052095 0.366891 0.051836 0.365681 0.066265 0.361300
0 -0.000000 0.459972 0.005607 0.449124 0.022277 0.456811 0.014158 0.474430 0.010012 0.472444 0.002229 0.487309 -0.000000 0.486406 -0.000000 0.459972
0 0.060577 0.416523 0.072324 0.446983 0.089628 0.440652 0.097225 0.460207 0.055441 0.474839 0.039262 0.432210 0.040387 0.423488 0.060577 0.416523
0 0.075049 0.469869 0.077381 0.470560 0.078504 0.471942 0.078504 0.475051 0.083513 0.483602 0.074454 0.490275 0.087029 0.513276 0.062411 0.526381 0.056914 0.517244 0.056070 0.517806 0.043830 0.491779 0.061135 0.482775 0.059485 0.479100 0.075049 0.469869
0 0.121967 0.553544 0.112898 0.560367 0.115316 0.563649 0.107025 0.570386 0.104520 0.567363 0.097178 0.572372 0.087246 0.559676 0.084482 0.561403 0.075240 0.549052 0.064876 0.555185 0.057362 0.544907 0.067309 0.538350 0.064520 0.534781 0.072247 0.528965 0.074200 0.531707 0.087762 0.523598 0.103292 0.544782 0.110979 0.538822 0.121967 0.553544
0 -0.000000 0.573967 0.002892 0.573245 0.009947 0.591433 0.041143 0.582173 0.050733 0.605763 0.004662 0.623673 -0.000000 0.619119 -0.000000 0.573967
0 0.083131 0.644602 0.067563 0.653608 0.057996 0.640102 0.046741 0.647699 0.057152 0.661909 0.044490 0.670209 0.022062 0.637767 0.062738 0.613516 0.075856 0.631815 0.075415 0.632917 0.083131 0.644602
0 0.096579 0.656629 0.120499 0.684628 0.104175 0.697706 0.093342 0.687295 0.086589 0.692923 0.095171 0.703052 0.082931 0.713182 0.059155 0.684904 0.096579 0.656629
0 0.118493 0.685877 0.128414 0.696680 0.117942 0.705168 0.109564 0.697672 0.111107 0.693593 0.110335 0.692711 0.118493 0.685877
0 0.095414 0.737640 0.101808 0.748002 0.101477 0.748664 0.108201 0.759246 0.108642 0.760459 0.118233 0.754396 0.129476 0.772915 0.111949 0.783718 0.106438 0.775781 0.091529 0.784886 0.085356 0.774965 0.086017 0.772981 0.072128 0.750052 0.095414 0.737640
0 0.082502 0.795297 0.126314 0.808046 0.124339 0.820256 0.133496 0.822231 0.128469 0.846471 0.097764 0.840007 0.100637 0.827438 0.092916 0.824924 0.088786 0.826001 0.087350 0.835518 0.074422 0.834620 0.075320 0.830490 0.067240 0.828515 0.069574 0.817921 0.067599 0.811996 0.077654 0.812355 0.082502 0.795297
0 0.111102 0.863809 0.125487 0.862757 0.126894 0.874575 0.138712 0.873449 0.141103 0.891035 0.127316 0.892583 0.128160 0.897085 0.087923 0.902431 0.084828 0.879217 0.112262 0.874434 0.111102 0.863809
0 0.153831 0.905697 0.180176 0.937224 0.147585 0.965018 0.128874 0.942086 0.139848 0.931956 0.141536 0.933504 0.148711 0.928721 0.147053 0.926953 0.148781 0.925139 0.140834 0.915552 0.153831 0.905697
0 0.229691 0.999007 0.240975 0.987406 0.256123 0.999008 0.229691 0.999007
0 0.275033 0.931569 0.291274 0.942397 0.293733 0.943990 0.284584 0.960084 0.294615 0.967470 0.286568 0.979816 0.274883 0.972650 0.261104 0.988744 0.240932 0.973753 0.256915 0.950604 0.259561 0.951486 0.275033 0.931569
0 0.313847 0.999008 0.322646 0.989031 0.332928 0.999008 0.313847 0.999008
0 0.354895 0.949142 0.369060 0.960284 0.366037 0.964775 0.378647 0.974017 0.358213 0.999009 0.344203 0.999008 0.336102 0.992806 0.354131 0.970005 0.343930 0.961256 0.354895 0.949142
1 0.300775 0.872660 0.320874 0.883285 0.321822 0.881119 0.331098 0.887807 0.308473 0.929644 0.292672 0.920307 0.289799 0.926053 0.275614 0.915279 0.298239 0.875777 0.300775 0.872660
1 0.316183 0.811677 0.331285 0.815976 0.328309 0.828763 0.334467 0.830806 0.321902 0.869320 0.300355 0.861599 0.312565 0.828560 0.309154 0.828560 0.316183 0.811677
0 0.331884 0.746843 0.353425 0.756299 0.347094 0.769945 0.348360 0.771915 0.346531 0.775151 0.331336 0.800615 0.309811 0.788798 0.331884 0.746843
0 0.192258 0.858851 0.205265 0.870426 0.198321 0.877921 0.218493 0.894346 0.203391 0.914519 0.173518 0.887181 0.185864 0.874504 0.181455 0.870205 0.192258 0.858851
0 0.137629 0.797178 0.156103 0.796179 0.157370 0.811795 0.184522 0.809825 0.186474 0.836663 0.141724 0.839881 0.137629 0.797178
0 0.207625 0.792688 0.223965 0.791970 0.224503 0.801127 0.219655 0.801486 0.220374 0.807412 0.252514 0.806155 0.253412 0.830575 0.214628 0.831652 0.212832 0.825188 0.202059 0.824290 0.200622 0.805616 0.208343 0.805616 0.207625 0.792688
0 0.148784 0.731111 0.167964 0.732213 0.167083 0.742465 0.193318 0.742465 0.192692 0.769285 0.154144 0.768581 0.155128 0.752121 0.146968 0.751277 0.148784 0.731111
0 0.216026 0.733459 0.220018 0.743272 0.244855 0.734406 0.253085 0.759487 0.205272 0.772972 0.199785 0.759466 0.205158 0.752432 0.201051 0.738785 0.216026 0.733459
0 0.207963 0.660876 0.210917 0.673960 0.215982 0.687606 0.163083 0.699987 0.159707 0.687184 0.160270 0.676351 0.207963 0.660876
0 0.152976 0.606759 0.163228 0.617672 0.160582 0.619657 0.166976 0.626491 0.176125 0.618554 0.187589 0.631011 0.155952 0.658348 0.136882 0.636081 0.133575 0.638727 0.125851 0.629008 0.152976 0.606759
0 0.118807 0.564833 0.134699 0.581934 0.134699 0.583748 0.136686 0.585993 0.145496 0.577788 0.156854 0.591674 0.142083 0.605564 0.136902 0.606225 0.134257 0.604461 0.125328 0.612178 0.101738 0.585722 0.102179 0.577344 0.118807 0.564833
0 0.076769 0.111262 0.087021 0.109278 0.100690 0.111372 0.098816 0.160316 0.083766 0.158737 0.084782 0.147030 0.076119 0.147504 0.076769 0.111262
0 0.077370 0.160697 0.088062 0.159815 0.098816 0.160316 0.098168 0.206859 0.074110 0.206719 0.076361 0.171969 0.077370 0.160697
0 0.093323 0.215058 0.096380 0.221240 0.100238 0.218705 0.112315 0.258767 0.088793 0.268521 0.083588 0.257829 0.084572 0.248544 0.075709 0.240243 0.078382 0.230958 0.074724 0.222094 0.093323 0.215058
0 0.112315 0.258767 0.126996 0.314475 0.104538 0.322037 0.088793 0.268521 0.112315 0.258767
3 0.106339 0.324295 0.122658 0.318527 0.124909 0.322888 0.129974 0.321059 0.145309 0.364813 0.119423 0.373958 0.108871 0.340615 0.111403 0.338645 0.106339 0.324295
3 0.122921 0.374591 0.137571 0.369547 0.143621 0.383054 0.149249 0.381787 0.159519 0.418507 0.135320 0.427792 0.122921 0.385621 0.122921 0.374591
0 0.335610 0.720900 0.351112 0.712898 0.354348 0.718666 0.366166 0.712476 0.369824 0.719088 0.382908 0.711631 0.386566 0.718525 0.399228 0.712054 0.403026 0.717400 0.415688 0.710225 0.420894 0.716415 0.433415 0.708958 0.445795 0.730906 0.432008 0.740613 0.427225 0.732875 0.414000 0.741035 0.407715 0.731466 0.396472 0.738852 0.391952 0.732348 0.380264 0.739383 0.374736 0.732387 0.362385 0.739729 0.357980 0.732733 0.346493 0.739901 0.335610 0.720900
0 0.442328 0.655402 0.467511 0.654558 0.467089 0.717445 0.440499 0.717305 0.442328 0.655402
0 0.344529 0.698492 0.437946 0.696100 0.438086 0.709466 0.342981 0.712420 0.344529 0.698492
0 0.343403 0.669932 0.437242 0.666837 0.437805 0.681187 0.342981 0.683720 0.343403 0.669932
0 0.347500 0.639573 0.360162 0.645482 0.363960 0.638870 0.376341 0.644497 0.379999 0.637322 0.392379 0.643653 0.395475 0.637603 0.408418 0.642950 0.414327 0.630991 0.423894 0.636478 0.423050 0.638307 0.427552 0.640417 0.431772 0.630850 0.441198 0.634790 0.440214 0.636759 0.448092 0.640699 0.438244 0.664436 0.421361 0.661482 0.418969 0.665984 0.405463 0.660778 0.402650 0.666687 0.389566 0.660638 0.386611 0.667109 0.372964 0.660638 0.370010 0.666969 0.355800 0.660216 0.351720 0.666969 0.336667 0.659934 0.347500 0.639573
0 0.178848 0.418739 0.197640 0.440968 0.198786 0.439593 0.205661 0.445093 0.205661 0.447156 0.222619 0.464343 0.221702 0.467093 0.244848 0.488864 0.224452 0.507197 0.158682 0.437989 0.178848 0.418739
0 0.173062 0.456801 0.224452 0.507197 0.214497 0.520260 0.161864 0.468747 0.173062 0.456801
3 0.236694 0.499325 0.255121 0.517459 0.261263 0.512487 0.271207 0.522431 0.277349 0.516582 0.286709 0.525941 0.296945 0.515997 0.305361 0.523607 0.303070 0.525670 0.321632 0.545378 0.303070 0.562566 0.280611 0.541941 0.273049 0.548586 0.270299 0.546524 0.268924 0.548128 0.261820 0.540566 0.259528 0.543545 0.246236 0.530482 0.239361 0.536211 0.220340 0.515128 0.236694 0.499325
0 0.303087 0.566628 0.313142 0.582788 0.260352 0.612954 0.251733 0.599487 0.251374 0.597153 0.303087 0.566628
0 0.323004 0.554545 0.349587 0.554774 0.349358 0.584565 0.351420 0.584336 0.351420 0.605190 0.348441 0.605190 0.347983 0.633149 0.322545 0.633149 0.323004 0.554545
3 0.321419 0.030275 0.347727 0.036044 0.343085 0.063197 0.357013 0.066432 0.350933 0.094111 0.309096 0.083876 0.321419 0.030275
0 0.455111 0.061971 0.457625 0.071668 0.455650 0.072027 0.461575 0.086750 0.433564 0.096626 0.424766 0.073463 0.455111 0.061971
0 0.357269 0.093072 0.362999 0.115301 0.369874 0.113926 0.379040 0.142114 0.332290 0.154947 0.318540 0.102468 0.357269 0.093072
2 0.369494 0.148617 0.385295 0.196918 0.358541 0.207153 0.342560 0.158492 0.369494 0.148617
0 0.380696 0.208784 0.393479 0.228399 0.402634 0.222703 0.416299 0.238290 0.383784 0.265391 0.357030 0.225530 0.380696 0.208784
0 0.505038 0.952233 0.530897 0.953243 0.531705 0.980819 0.546856 0.981425 0.546362 0.999009 0.503678 0.999009 0.505038 0.952233
0 0.513193 0.913621 0.549806 0.900987 0.565276 0.941854 0.547356 0.948816 0.541942 0.933732 0.519768 0.939276 0.513193 0.913621
0 0.564686 0.900660 0.611651 0.893655 0.615991 0.918236 0.566357 0.925916 0.564686 0.900660
0 0.631254 0.917112 0.645114 0.930341 0.645534 0.965410 0.652254 0.965620 0.653304 0.981580 0.632562 0.982246 0.633370 0.978811 0.630037 0.978912 0.629835 0.973559 0.619330 0.973761 0.619430 0.976892 0.604582 0.976993 0.604481 0.956286 0.617669 0.955628 0.617770 0.930881 0.631254 0.917112
0 0.603400 0.999009 0.603325 0.981005 0.615276 0.980847 0.615355 0.985437 0.634938 0.985512 0.637171 0.999009 0.603400 0.999009
0 0.610312 0.817730 0.645523 0.814275 0.648485 0.857218 0.613438 0.860509 0.610312 0.817730
0 0.629821 0.862052 0.645616 0.862875 0.658943 0.860407 0.673587 0.909932 0.649858 0.919174 0.644398 0.898594 0.639988 0.901324 0.633479 0.882005 0.635789 0.881375 0.629821 0.862052
0 0.667066 0.872636 0.678282 0.871476 0.679184 0.893134 0.669516 0.893778 0.667066 0.872636
0 0.705001 0.984511 0.742173 0.963400 0.763853 0.999007 0.712717 0.999008 0.705001 0.984511
0 0.804557 0.947653 0.815910 0.982041 0.795178 0.987964 0.791065 0.973650 0.782509 0.977270 0.785471 0.988129 0.765397 0.996027 0.762765 0.993559 0.759803 0.981877 0.764287 0.980109 0.764535 0.977567 0.759042 0.960378 0.799782 0.946916 0.804557 0.947653
0 0.772315 0.867882 0.788694 0.917440 0.770635 0.923530 0.765595 0.906940 0.738086 0.915550 0.726536 0.881321 0.749846 0.873342 0.751712 0.879510 0.744843 0.881833 0.748883 0.890419 0.756964 0.888096 0.752520 0.873752 0.772315 0.867882
0 0.724085 0.885138 0.727307 0.928068 0.677803 0.932838 0.676127 0.909375 0.705134 0.906797 0.705134 0.886041 0.724085 0.885138
0 0.682706 0.755074 0.698246 0.773554 0.671367 0.797703 0.680396 0.808623 0.666747 0.819752 0.654567 0.806313 0.657507 0.803793 0.649737 0.793503 0.651837 0.792033 0.648057 0.787833 0.682706 0.755074
0 0.721080 0.775809 0.746069 0.775389 0.747119 0.829147 0.720240 0.828937 0.721080 0.775809
0 0.749469 0.769025 0.755631 0.767712 0.757045 0.768722 0.757348 0.773267 0.750984 0.774378 0.749469 0.769025
0 0.724074 0.699031 0.731144 0.715900 0.729225 0.716809 0.731953 0.724385 0.729730 0.725193 0.728013 0.732163 0.730902 0.739911 0.733864 0.738430 0.736332 0.746493 0.738635 0.745012 0.741268 0.753568 0.711158 0.765908 0.692894 0.722470 0.700956 0.718686 0.697830 0.709637 0.724074 0.699031
0 0.701435 0.639412 0.719094 0.692686 0.687174 0.703381 0.681086 0.684459 0.688161 0.681333 0.677466 0.649084 0.685693 0.646616 0.684706 0.643984 0.701435 0.639412
0 0.667214 0.576250 0.690524 0.623288 0.668894 0.634418 0.660075 0.616148 0.652935 0.620348 0.644535 0.603129 0.656085 0.597039 0.652725 0.588849 0.652305 0.583389 0.667214 0.576250
0 0.605852 0.542605 0.626090 0.531416 0.641885 0.558564 0.650606 0.552806 0.655706 0.559223 0.625432 0.577486 0.605852 0.542605
0 0.640542 0.532868 0.650984 0.536091 0.646730 0.555815 0.641315 0.554526 0.637448 0.550143 0.640542 0.532868
0 0.560315 0.421475 0.574805 0.433654 0.561995 0.446674 0.580475 0.467463 0.561995 0.485103 0.529026 0.449404 0.560315 0.421475
0 0.568085 0.440374 0.574805 0.433654 0.589294 0.451714 0.582575 0.456964 0.568085 0.440374
0 0.524630 0.376755 0.536509 0.390824 0.534199 0.392504 0.545539 0.405944 0.547429 0.405104 0.557298 0.419383 0.537139 0.435553 0.530419 0.427783 0.523489 0.434083 0.505850 0.413294 0.514250 0.405524 0.513410 0.404054 0.518688 0.399168 0.509913 0.389564 0.524630 0.376755
0 0.480296 0.345453 0.498560 0.367830 0.504319 0.362893 0.511394 0.371614 0.485726 0.393497 0.460552 0.362564 0.480296 0.345453
0 0.443947 0.305733 0.459578 0.323997 0.474880 0.311163 0.487549 0.326629 0.459742 0.350651 0.453984 0.355752 0.426671 0.318896 0.443947 0.305733
0 0.414926 0.244660 0.446845 0.285818 0.418916 0.308708 0.387837 0.267339 0.414926 0.244660
0 0.870932 0.999006 0.868629 0.990675 0.878039 0.988871 0.871458 0.957982 0.898933 0.953537 0.901631 0.966955 0.899053 0.967341 0.907427 0.999005 0.870932 0.999006
0 0.888471 0.906348 0.900331 0.944508 0.879446 0.952114 0.870541 0.927165 0.847312 0.931080 0.844160 0.915254 0.888471 0.906348
0 0.855965 0.844530 0.857009 0.847659 0.874155 0.843405 0.879561 0.863498 0.874017 0.864916 0.876724 0.873812 0.871697 0.875230 0.877627 0.895470 0.866411 0.897919 0.868216 0.903979 0.859965 0.906170 0.853004 0.901529 0.833844 0.860388 0.832531 0.851398 0.855965 0.844530
0 0.816187 0.797941 0.847284 0.789056 0.854359 0.805510 0.848600 0.807649 0.851562 0.815217 0.848929 0.815876 0.855017 0.839733 0.830172 0.846973 0.816187 0.797941
0 0.798785 0.733670 0.820701 0.728385 0.833980 0.770670 0.832562 0.783561 0.813353 0.788074 0.796723 0.734959 0.798785 0.733670
0 0.783980 0.669276 0.796156 0.666479 0.797143 0.672402 0.804218 0.671579 0.815735 0.719788 0.797143 0.724395 0.782170 0.678983 0.784967 0.675199 0.783980 0.669276
0 0.764170 0.628087 0.797384 0.615747 0.802476 0.625446 0.810703 0.624952 0.810703 0.636964 0.806754 0.637622 0.813500 0.655885 0.787668 0.665593 0.778454 0.640912 0.770436 0.643923 0.764170 0.628087
0 0.775943 0.543284 0.795468 0.585805 0.748030 0.607782 0.736506 0.583929 0.767995 0.569650 0.759201 0.550939 0.775943 0.543284
0 0.786627 0.548277 0.805054 0.528039 0.827431 0.547125 0.836152 0.537582 0.850795 0.550910 0.825128 0.580690 0.786627 0.548277
0 0.865401 0.482888 0.876714 0.490464 0.876108 0.491272 0.886411 0.498039 0.887421 0.498847 0.893482 0.490868 0.908821 0.501976 0.896258 0.520746 0.889941 0.516234 0.876018 0.534411 0.863642 0.523582 0.869314 0.517265 0.858485 0.509788 0.850621 0.518941 0.842113 0.512495 0.855907 0.491739 0.865401 0.482888
0 0.907770 0.436123 0.929943 0.455203 0.926720 0.458297 0.933424 0.463067 0.908156 0.491944 0.887916 0.475185 0.904547 0.456234 0.896940 0.449144 0.907770 0.436123
3 0.867594 0.408466 0.882869 0.420813 0.877250 0.427382 0.868940 0.418913 0.866882 0.421209 0.861421 0.415985 0.867594 0.408466
3 0.809794 0.388078 0.812925 0.391310 0.826562 0.380199 0.853629 0.405727 0.836847 0.421839 0.819895 0.404745 0.811208 0.413734 0.797774 0.399694 0.809794 0.388078
0 0.785820 0.424387 0.801982 0.435599 0.806426 0.430549 0.821073 0.440953 0.807941 0.458701 0.809875 0.459861 0.806008 0.466307 0.802140 0.463600 0.786768 0.482639 0.758566 0.460119 0.785820 0.424387
0 0.766213 0.498078 0.744824 0.510912 0.748608 0.517164 0.733964 0.524897 0.730674 0.520290 0.713397 0.530656 0.706158 0.517822 0.702044 0.504989 0.709942 0.500546 0.714714 0.501533 0.717182 0.497749 0.754367 0.475372 0.766213 0.498078
0 0.707128 0.411841 0.720484 0.401953 0.726784 0.412242 0.760173 0.386623 0.775923 0.406992 0.729593 0.441822 0.707128 0.411841
0 0.692844 0.412532 0.715221 0.458602 0.689554 0.471764 0.685769 0.465348 0.676062 0.470942 0.664544 0.457614 0.659773 0.444452 0.682150 0.432440 0.675568 0.420758 0.692844 0.412532
0 0.869454 0.777033 0.876158 0.777677 0.876287 0.788248 0.869583 0.788120 0.869454 0.777033
0 0.831277 0.679729 0.839276 0.678612 0.843121 0.690581 0.835617 0.691821 0.831277 0.679729
0 0.904075 0.435171 0.903885 0.440196 0.902591 0.442024 0.898631 0.442062 0.898251 0.443547 0.895129 0.443699 0.895167 0.435438 0.904075 0.435171
0 0.775785 0.335905 0.784775 0.330754 0.798916 0.350956 0.767704 0.378229 0.764775 0.374895 0.754774 0.381360 0.742148 0.364188 0.775785 0.335905
0 0.745209 0.312272 0.712583 0.327952 0.704497 0.310316 0.705709 0.304356 0.735890 0.292420 0.745209 0.312272
0 0.758865 0.303071 0.745305 0.308771 0.738618 0.294664 0.750659 0.288598 0.758865 0.303071
0 0.673349 0.302727 0.685167 0.310201 0.692440 0.317676 0.674531 0.339424 0.682524 0.346386 0.673371 0.361598 0.660995 0.354250 0.660737 0.351414 0.648103 0.342003 0.651197 0.333881 0.651842 0.328724 0.673349 0.302727
0 0.647519 0.351303 0.660959 0.368732 0.619800 0.401071 0.603421 0.379862 0.617910 0.369782 0.612451 0.363272 0.625890 0.352983 0.632610 0.362643 0.647519 0.351303
0 0.642687 0.202820 0.663056 0.200944 0.663592 0.212469 0.666540 0.214881 0.671632 0.252938 0.644563 0.255351 0.641079 0.218633 0.642955 0.218901 0.642687 0.202820
0 0.620144 0.245305 0.634004 0.261474 0.629384 0.265884 0.639464 0.279114 0.609645 0.303053 0.593055 0.283733 0.604185 0.273234 0.601455 0.269664 0.607335 0.264834 0.610905 0.268614 0.614264 0.265464 0.607545 0.257274 0.620144 0.245305
0 0.608985 0.236812 0.615651 0.244994 0.607772 0.252368 0.601207 0.244085 0.608985 0.236812
0 0.586090 0.277836 0.598430 0.296429 0.592671 0.299884 0.595798 0.305478 0.594810 0.307452 0.606657 0.326045 0.573092 0.345789 0.558119 0.322919 0.564371 0.319134 0.563384 0.316173 0.567004 0.313540 0.568814 0.316173 0.576382 0.311566 0.574737 0.308111 0.579673 0.303833 0.571611 0.291163 0.582294 0.284025 0.580825 0.281949 0.586090 0.277836
0 0.583401 0.148309 0.628129 0.162589 0.627499 0.166579 0.635059 0.171619 0.630019 0.186318 0.575631 0.169099 0.583401 0.148309
1 0.564364 0.095456 0.585425 0.092166 0.594310 0.126883 0.571604 0.130996 0.564364 0.095456
0 0.557225 0.175078 0.569404 0.189358 0.553445 0.202377 0.557015 0.205947 0.540005 0.218967 0.527826 0.205527 0.540425 0.194818 0.537695 0.191878 0.557225 0.175078
0 0.517546 0.207988 0.529557 0.223619 0.534987 0.219999 0.544366 0.233820 0.509484 0.259817 0.489411 0.229707 0.517546 0.207988
0 0.493316 0.146097 0.493243 0.148776 0.495343 0.190144 0.451454 0.194974 0.449564 0.169775 0.452294 0.169775 0.452504 0.162635 0.472873 0.161165 0.472454 0.147516 0.493316 0.146097
0 0.529510 0.112779 0.537116 0.118194 0.542015 0.112006 0.557416 0.123663 0.514880 0.178782 0.504679 0.171049 0.497604 0.155583 0.526398 0.114614 0.529510 0.112779
0 0.549160 0.022587 0.554410 0.031826 0.562390 0.027626 0.573520 0.046526 0.537611 0.066895 0.521021 0.037496 0.549160 0.022587
1 0.311543 0.812786 0.310673 0.824262 0.304895 0.824658 0.304974 0.819751 0.302916 0.819751 0.303312 0.812311 0.311543 0.812786
0 0.143010 0.651061 0.144994 0.652983 0.147226 0.650689 0.151939 0.655153 0.149831 0.657262 0.152869 0.660734 0.147970 0.666439 0.137863 0.656146 0.143010 0.651061
0 0.077981 0.883174 0.084369 0.883236 0.083686 0.891732 0.077485 0.891670 0.077981 0.883174
0 0.075377 0.849484 0.079097 0.849856 0.078849 0.855127 0.074260 0.854693 0.075377 0.849484
0 0.499945 0.213119 0.500937 0.219010 0.495170 0.220684 0.493620 0.214979 0.499945 0.213119
0 0.787715 0.425865 0.792356 0.420322 0.806426 0.430549 0.801982 0.435599 0.787715 0.425865
0 0.724207 0.452144 0.729230 0.452454 0.728920 0.456733 0.724393 0.456423 0.724207 0.452144
0 -0.000000 0.504762 0.028363 0.507283 0.026569 0.525227 0.036369 0.525089 0.034989 0.541791 0.022704 0.545380 0.008592 0.545229 0.007853 0.556100 -0.000000 0.556684 -0.000000 0.547136 0.001939 0.547342 0.002535 0.530978 -0.000000 0.531323 -0.000000 0.504762
0 0.503642 0.089151 0.523878 0.080157 0.533996 0.101292 0.513086 0.109611 0.503642 0.089151
0 0.446172 0.000009 0.444010 0.026795 0.422426 0.024772 0.424209 0.000009 0.446172 0.000009
0 -0.000000 0.380389 0.012420 0.379257 0.016823 0.402952 -0.000000 0.408472 -0.000000 0.380389
