0 0.795069 0.705992 0.802892 0.691872 0.817967 0.699123 0.795450 0.739958 0.773697 0.728127 0.787818 0.702748 0.795069 0.705992
3 0.951145 0.826072 0.969185 0.826072 0.968834 0.835678 0.951028 0.835795 0.951145 0.826072
3 0.950175 0.840437 0.965424 0.840013 0.964988 0.851598 0.950325 0.852313 0.950175 0.840437
1 0.907911 0.833867 0.918220 0.829532 0.919860 0.834101 0.909200 0.837498 0.907911 0.833867
0 0.779205 0.586649 0.785722 0.583711 0.791963 0.597755 0.785630 0.600600 0.779205 0.586649
0 0.790704 0.603391 0.793917 0.601464 0.798139 0.607430 0.794743 0.609082 0.790704 0.603391
0 0.830626 0.595172 0.833471 0.597742 0.834940 0.600404 0.834050 0.606969 0.827521 0.606119 0.825130 0.605452 0.825027 0.599027 0.826954 0.595906 0.830626 0.595172
0 0.836549 0.521215 0.838293 0.522867 0.838293 0.525162 0.835448 0.527273 0.832235 0.527089 0.830950 0.523877 0.832510 0.521031 0.836549 0.521215
0 0.976076 0.686100 0.981010 0.690436 0.973236 0.701649 0.968003 0.697762 0.976076 0.686100
1 0.495605 0.700680 0.499427 0.702400 0.497134 0.712338 0.492356 0.710044 0.495605 0.700680
