0 0.179506 0.944090 0.181085 0.942609 0.184343 0.941820 0.186119 0.942214 0.187994 0.944287 0.188488 0.945866 0.188587 0.947742 0.188587 0.948531 0.188290 0.949518 0.187600 0.950308 0.186909 0.950900 0.185626 0.951591 0.185033 0.951591 0.184046 0.951591 0.182171 0.951591 0.181480 0.951393 0.180197 0.950604 0.179901 0.950110 0.178914 0.948432 0.178815 0.947840 0.178815 0.946755 0.179506 0.944090
0 0.332373 0.961510 0.356558 0.945008 0.363108 0.953448 0.366761 0.951558 0.385228 0.975896 0.377431 0.982257 0.391308 0.999009 0.363963 0.999009 0.332373 0.961510
4 0.374494 0.939820 0.386461 0.930247 0.396160 0.941332 0.384823 0.950653 0.374494 0.939820
0 0.639979 0.999009 0.652116 0.978408 0.690289 0.999008 0.639979 0.999009
0 0.799308 0.875705 0.763400 0.859906 0.758886 0.866267 0.742061 0.860522 0.751705 0.834873 0.761964 0.837131 0.762785 0.833848 0.808131 0.851288 0.799308 0.875705
3 0.791018 0.703816 0.794293 0.694368 0.805882 0.698525 0.802985 0.708098 0.791018 0.703816
3 0.611016 0.719379 0.629482 0.702965 0.634202 0.707273 0.649385 0.698040 0.670314 0.724509 0.658208 0.735794 0.644461 0.745848 0.641178 0.742360 0.633791 0.745848 0.611016 0.719379
3 0.540827 0.776129 0.542674 0.751712 0.585557 0.754174 0.584121 0.779207 0.540827 0.776129
3 0.525267 0.766547 0.535011 0.766238 0.535552 0.774280 0.525576 0.775054 0.525267 0.766547
0 0.610050 0.752043 0.645259 0.750596 0.646706 0.779373 0.611497 0.780338 0.610050 0.752043
3 0.613764 0.644440 0.616819 0.631579 0.623089 0.632383 0.620999 0.646048 0.613764 0.644440
3 0.521162 0.670967 0.524538 0.663090 0.540615 0.669199 0.538525 0.677398 0.521162 0.670967
3 0.481450 0.659171 0.484977 0.649724 0.505383 0.656904 0.500974 0.665470 0.481450 0.659171
3 0.456730 0.655705 0.457323 0.648895 0.463837 0.649586 0.463837 0.644750 0.473706 0.645046 0.473114 0.657185 0.456730 0.655705
3 0.480108 0.625020 0.480243 0.624208 0.480852 0.622990 0.482273 0.622313 0.483627 0.622313 0.484980 0.623057 0.485928 0.624817 0.485928 0.626035 0.485048 0.627321 0.484033 0.627727 0.482883 0.627727 0.480956 0.626779 0.480108 0.625020
3 0.266132 0.816061 0.267117 0.793410 0.288642 0.793692 0.289205 0.788627 0.297224 0.788908 0.297647 0.792003 0.304822 0.792003 0.306369 0.819156 0.266132 0.816061
