0 0.661203 0.915056 0.671071 0.916204 0.668405 0.930999 0.658674 0.928789 0.661203 0.915056
0 0.627299 0.894629 0.628705 0.893909 0.629770 0.895464 0.635619 0.891874 0.645486 0.907652 0.637231 0.913220 0.627719 0.897149 0.628424 0.896444 0.627299 0.894629
0 0.647537 0.915284 0.653500 0.915352 0.653432 0.925110 0.647672 0.925110 0.647537 0.915284
0 0.626321 0.868881 0.632721 0.868794 0.632635 0.883670 0.626321 0.883843 0.626321 0.868881
0 0.683893 0.909155 0.692196 0.899987 0.698423 0.905609 0.689255 0.915122 0.683893 0.909155
0 0.635399 0.869567 0.651178 0.869707 0.650473 0.880696 0.635540 0.881400 0.635399 0.869567
0 0.658503 0.881024 0.658503 0.872807 0.662015 0.873156 0.662082 0.880926 0.658503 0.881024
0 0.635891 0.854267 0.657526 0.854046 0.657857 0.865195 0.636112 0.865636 0.635891 0.854267
0 0.683068 0.893339 0.689209 0.899912 0.684279 0.904842 0.678398 0.899133 0.683068 0.893339
0 0.688460 0.895932 0.691646 0.893968 0.694195 0.897897 0.690956 0.900180 0.688460 0.895932
0 0.818589 0.959612 0.829413 0.961924 0.826860 0.973097 0.815246 0.969774 0.818589 0.959612
0 0.948660 0.999004 0.950381 0.988182 0.957624 0.988760 0.955867 0.999004 0.948660 0.999004
0 0.918804 0.999004 0.921391 0.985691 0.926583 0.986493 0.924562 0.999004 0.918804 0.999004
1 0.666470 0.244993 0.667681 0.246290 0.668892 0.247934 0.668373 0.250009 0.666211 0.252345 0.663789 0.252345 0.661887 0.251220 0.661627 0.248539 0.662492 0.246290 0.663270 0.245166 0.666470 0.244993
