0 0.174823 0.786991 0.193071 0.784963 0.195968 0.802923 0.176561 0.805819 0.174823 0.786991
3 0.156574 0.792205 0.164685 0.791336 0.167292 0.806399 0.157443 0.806978 0.156574 0.792205
3 0.111705 0.961626 0.121954 0.951163 0.127506 0.957996 0.117470 0.967605 0.111705 0.961626
0 0.194048 0.999007 0.196785 0.994080 0.195509 0.987582 0.206345 0.983323 0.215047 0.987863 0.221479 0.994232 0.221792 0.999007 0.194048 0.999007
1 0.756548 0.706826 0.762872 0.701833 0.771360 0.712817 0.775354 0.708324 0.780679 0.714981 0.767532 0.725465 0.763205 0.719474 0.765535 0.715480 0.756548 0.706826
3 0.841445 0.863195 0.854087 0.853261 0.864246 0.866807 0.849572 0.877869 0.841445 0.863195
3 0.481534 0.527558 0.494402 0.522140 0.497562 0.523946 0.501174 0.524849 0.505238 0.524172 0.505464 0.532524 0.493499 0.537943 0.501174 0.548779 0.482888 0.558712 0.465957 0.529590 0.475890 0.523946 0.481534 0.527558
3 0.490564 0.511078 0.499594 0.501145 0.511108 0.510626 0.501400 0.521914 0.490564 0.511078
3 0.415211 0.448018 0.443385 0.440668 0.455941 0.460574 0.444610 0.483237 0.417661 0.468537 0.420110 0.457512 0.415211 0.448018
0 0.409116 0.393936 0.423113 0.399806 0.421533 0.414480 0.406182 0.410416 0.409116 0.393936
0 0.460691 0.262455 0.479066 0.261843 0.478453 0.277461 0.461610 0.278074 0.460691 0.262455
3 0.540368 0.136157 0.558202 0.136157 0.566555 0.141801 0.564975 0.167989 0.540593 0.165506 0.540368 0.136157
0 0.543617 0.174620 0.549728 0.170551 0.556795 0.167823 0.564557 0.180186 0.550490 0.187642 0.543617 0.174620
0 0.385972 0.076596 0.401549 0.081789 0.434509 0.078402 0.439250 0.098720 0.407419 0.103687 0.405387 0.107073 0.395905 0.105267 0.394776 0.102558 0.382134 0.096237 0.385972 0.076596
0 0.290913 0.017583 0.315370 0.022729 0.310063 0.047227 0.285619 0.042497 0.290913 0.017583
3 0.063434 0.105377 0.078433 0.114024 0.068496 0.129338 0.053500 0.120277 0.063434 0.105377
3 0.079749 0.130473 0.088903 0.117854 0.110391 0.130661 0.101360 0.143304 0.079749 0.130473
3 0.840811 0.425923 0.854105 0.426754 0.852443 0.457911 0.835826 0.455003 0.836657 0.450018 0.833333 0.449603 0.834164 0.433816 0.839565 0.433816 0.840811 0.425923
2 0.696350 0.492875 0.725924 0.495584 0.725021 0.506646 0.694770 0.504614 0.696350 0.492875
3 0.998858 0.153457 0.977458 0.147037 0.971822 0.162253 0.949280 0.153236 0.958297 0.134075 0.963933 0.113787 0.998858 0.130158 0.998858 0.153457
3 0.927865 0.083919 0.952661 0.092372 0.944772 0.114914 0.922229 0.105334 0.927865 0.083919
3 0.355144 0.389527 0.378919 0.398112 0.376277 0.406697 0.350521 0.397452 0.355144 0.389527
3 0.394263 0.318532 0.394892 0.322306 0.391118 0.327337 0.385458 0.324192 0.384829 0.317903 0.388602 0.316016 0.394263 0.318532
