0 0.600927 0.000009 0.596314 0.018651 0.593564 0.022218 0.581646 0.025938 0.526025 0.017324 0.526141 0.016280 0.506299 0.014191 0.507576 0.008158 0.484368 0.002240 0.484720 0.000009 0.600927 0.000009
3 0.856954 0.000006 0.841394 0.011551 0.842420 0.014374 0.836604 0.020961 0.829419 0.015401 0.830188 0.014374 0.820657 0.007944 0.825741 0.000006 0.856954 0.000006
3 0.819978 0.008041 0.829509 0.014471 0.828739 0.015498 0.835924 0.021058 0.837877 0.022538 0.831256 0.032312 0.829112 0.030988 0.824004 0.037230 0.807042 0.025817 0.819978 0.008041
0 0.868355 0.085530 0.869552 0.087412 0.864163 0.090491 0.855952 0.074324 0.867671 0.068765 0.865874 0.065856 0.871178 0.062948 0.879646 0.078601 0.868355 0.085530
0 0.795091 0.077685 0.810292 0.089636 0.795903 0.110987 0.779774 0.097875 0.795091 0.077685
3 0.859102 0.364522 0.839600 0.333643 0.839685 0.326629 0.855082 0.317818 0.857905 0.320812 0.870821 0.312173 0.877065 0.313028 0.895627 0.341683 0.892462 0.343052 0.892206 0.348013 0.885363 0.349809 0.883652 0.347842 0.883652 0.343993 0.876552 0.333814 0.875269 0.331248 0.872019 0.333386 0.871163 0.334071 0.867913 0.329965 0.865004 0.332189 0.863208 0.328767 0.857563 0.332274 0.857477 0.333557 0.860728 0.337663 0.864491 0.343651 0.866031 0.347243 0.871505 0.356567 0.859102 0.364522
3 0.876039 0.336123 0.883138 0.345533 0.883652 0.347842 0.885363 0.349809 0.871505 0.356567 0.866031 0.347243 0.864491 0.343651 0.876039 0.336123
0 0.866022 0.763038 0.891318 0.760369 0.892826 0.778123 0.867415 0.780792 0.866022 0.763038
0 0.951411 0.872460 0.968120 0.876869 0.961506 0.902977 0.957213 0.902513 0.954428 0.910984 0.944217 0.907735 0.945145 0.902977 0.944333 0.902977 0.946073 0.897407 0.944913 0.896943 0.951411 0.872460
0 0.935142 0.924278 0.934511 0.934493 0.926566 0.933799 0.927386 0.923584 0.935142 0.924278
0 0.901294 0.839166 0.907966 0.855675 0.895050 0.860722 0.888207 0.844640 0.901294 0.839166
0 0.890346 0.857471 0.897787 0.877145 0.884358 0.881935 0.882305 0.875263 0.878028 0.876290 0.879482 0.880395 0.865625 0.885357 0.863401 0.878171 0.859637 0.879283 0.856387 0.869618 0.841760 0.875349 0.834831 0.857215 0.851511 0.850457 0.857499 0.866795 0.877258 0.858754 0.878712 0.861064 0.890346 0.857471
0 0.892381 0.944596 0.893450 0.945014 0.894148 0.945711 0.894426 0.946501 0.894612 0.947245 0.894705 0.947756 0.894519 0.948640 0.894240 0.949058 0.893404 0.950034 0.892381 0.950778 0.891684 0.951010 0.890522 0.951103 0.889592 0.950871 0.888198 0.950127 0.887547 0.949244 0.887454 0.948500 0.887547 0.947663 0.887640 0.946966 0.887826 0.946222 0.888244 0.945618 0.888616 0.945339 0.889034 0.945107 0.889825 0.944921 0.890522 0.944874 0.891173 0.944735 0.892381 0.944596
0 0.487319 0.999009 0.480170 0.965785 0.511477 0.958514 0.523349 0.999009 0.487319 0.999009
0 0.448728 0.837103 0.442227 0.844459 0.435470 0.841294 0.435897 0.835991 0.440688 0.830089 0.448728 0.837103
0 0.469685 0.857375 0.477298 0.862337 0.472422 0.870292 0.465237 0.865245 0.464895 0.864389 0.469685 0.857375
0 0.501104 0.880110 0.506968 0.886101 0.500852 0.893289 0.495114 0.889001 0.495807 0.883830 0.501104 0.880110
0 0.211016 0.950009 0.181311 0.974841 0.176786 0.970316 0.162049 0.945948 0.161585 0.938986 0.168663 0.932836 0.170868 0.934576 0.180847 0.926570 0.178758 0.923089 0.188969 0.915315 0.203822 0.935041 0.203706 0.937129 0.211016 0.950009
0 0.174207 0.888277 0.185463 0.904986 0.176180 0.912528 0.163764 0.895703 0.174207 0.888277
0 0.132845 0.095252 0.128483 0.089607 0.132076 0.087297 0.131391 0.085929 0.145762 0.074638 0.150295 0.080540 0.151920 0.079086 0.156796 0.079086 0.164238 0.073184 0.166376 0.075579 0.179036 0.064630 0.190498 0.075835 0.161843 0.102352 0.158079 0.097648 0.144393 0.109195 0.138919 0.102951 0.141656 0.100984 0.136951 0.095167 0.134385 0.097305 0.132845 0.095252
0 0.232518 0.026597 0.229728 0.017084 0.229182 0.015477 0.236453 0.014109 0.238506 0.025400 0.232518 0.026597
0 0.229728 0.017084 0.232518 0.026597 0.224991 0.027795 0.222595 0.018300 0.229728 0.017084
0 0.872500 0.734928 0.872500 0.735886 0.872560 0.737025 0.872321 0.737863 0.871901 0.738762 0.871422 0.739540 0.870643 0.740319 0.869984 0.740918 0.868607 0.741158 0.867049 0.740439 0.865731 0.739600 0.864893 0.738402 0.864054 0.737204 0.863575 0.735707 0.863635 0.734389 0.864114 0.733610 0.864953 0.732951 0.867169 0.731873 0.867528 0.731753 0.868607 0.731813 0.869385 0.732232 0.870104 0.732532 0.870763 0.732951 0.871781 0.733550 0.871961 0.733670 0.872500 0.734928
0 0.744164 0.000008 0.753289 0.015311 0.746363 0.019719 0.746205 0.023182 0.740066 0.026330 0.738807 0.023339 0.736603 0.024126 0.730937 0.015626 0.734085 0.013895 0.731881 0.010117 0.732983 0.008543 0.729895 0.002555 0.733345 0.000008 0.744164 0.000008
0 0.746205 0.023182 0.746363 0.019719 0.753289 0.015311 0.755348 0.013481 0.762431 0.025287 0.750826 0.032327 0.746205 0.023182
3 0.622354 0.259780 0.662965 0.287956 0.653993 0.305113 0.651160 0.304326 0.634947 0.332974 0.627077 0.346039 0.618891 0.346354 0.615114 0.350919 0.593077 0.338326 0.591188 0.340530 0.580484 0.333919 0.581586 0.324317 0.574188 0.308891 0.580169 0.298187 0.585678 0.301020 0.589299 0.303539 0.605984 0.279456 0.607873 0.280715 0.622354 0.259780
3 0.622354 0.259780 0.607766 0.249004 0.615164 0.238458 0.642710 0.256402 0.658766 0.230430 0.678127 0.243810 0.668210 0.258291 0.676396 0.264902 0.662965 0.287956 0.622354 0.259780
0 0.700605 0.226114 0.701119 0.228338 0.700947 0.229792 0.700092 0.231417 0.699408 0.232187 0.698210 0.232700 0.697611 0.232785 0.695901 0.232614 0.694618 0.231845 0.692992 0.230818 0.691624 0.229621 0.691196 0.228081 0.691538 0.227054 0.692051 0.225771 0.692821 0.224830 0.693762 0.224146 0.694789 0.223718 0.696072 0.223890 0.696842 0.224232 0.698552 0.224659 0.699151 0.225002 0.700605 0.226114
0 0.745190 0.178901 0.748439 0.185747 0.741709 0.188764 0.736371 0.180873 0.745190 0.178901
0 0.848755 0.053155 0.863637 0.044637 0.867381 0.051376 0.852312 0.059425 0.848755 0.053155
3 0.907925 0.000005 0.898232 0.003433 0.901227 0.008675 0.891681 0.013167 0.886533 0.005024 0.875395 0.007926 0.872962 0.003433 0.868844 0.005118 0.862199 0.006616 0.856967 0.000006 0.907925 0.000005
