3 0.998866 0.837045 0.996024 0.841541 0.985770 0.841600 0.987607 0.815875 0.998866 0.817621 0.998866 0.837045
3 0.958526 0.826747 0.958075 0.810719 0.970491 0.810041 0.970491 0.813428 0.977941 0.813428 0.977941 0.825393 0.980199 0.825844 0.980650 0.841421 0.966428 0.841421 0.967105 0.845936 0.947239 0.846162 0.946787 0.828102 0.958526 0.826747
3 0.891932 0.798476 0.914644 0.782395 0.925481 0.800907 0.914870 0.806776 0.910129 0.800455 0.898663 0.808087 0.891932 0.798476
4 0.859523 0.828194 0.873502 0.814048 0.884819 0.826363 0.872504 0.839011 0.859523 0.828194
0 0.917152 0.900499 0.943489 0.898968 0.943489 0.912749 0.919295 0.914586 0.917152 0.900499
3 0.875892 0.942651 0.882079 0.949617 0.914023 0.935901 0.920895 0.957123 0.896643 0.968716 0.893119 0.973614 0.869589 0.981001 0.847455 0.970517 0.859815 0.943528 0.875892 0.942651
3 0.617099 0.898887 0.655929 0.907465 0.652543 0.926655 0.612584 0.918527 0.617099 0.898887
2 0.480702 0.968884 0.497344 0.960230 0.505998 0.976206 0.489190 0.984028 0.480702 0.968884
0 0.357236 0.999008 0.353978 0.995428 0.379107 0.983445 0.387243 0.999008 0.357236 0.999008
4 -0.000000 0.935171 0.006947 0.925686 0.013603 0.931677 0.005283 0.941662 -0.000000 0.935671 -0.000000 0.935171
4 0.025304 0.991028 0.037694 0.985753 0.042356 0.993850 0.030534 0.999003 0.027921 0.999003 0.025304 0.991028
3 0.118253 0.577400 0.133259 0.581687 0.128972 0.591793 0.116722 0.589956 0.118253 0.577400
3 0.272496 0.752422 0.285254 0.748987 0.288321 0.759906 0.273845 0.764077 0.272496 0.752422
3 0.161242 0.506965 0.164295 0.501432 0.188910 0.520513 0.185666 0.527574 0.161242 0.506965
0 0.387243 0.999008 0.379107 0.983445 0.390645 0.976342 0.401140 0.991417 0.389307 0.999008 0.387243 0.999008
2 0.458192 0.953527 0.466229 0.944516 0.474509 0.954014 0.465498 0.961807 0.458192 0.953527
3 0.597216 0.904025 0.600869 0.888682 0.611584 0.889656 0.610123 0.904269 0.597216 0.904025
4 0.793000 0.999007 0.788784 0.994956 0.798601 0.990390 0.802025 0.995413 0.795765 0.999007 0.793000 0.999007
4 0.909955 0.643822 0.922377 0.630491 0.939041 0.642004 0.927528 0.655638 0.909955 0.643822
4 0.943889 0.612917 0.948737 0.615947 0.950858 0.612917 0.956918 0.616553 0.952373 0.624431 0.960553 0.630188 0.954191 0.640489 0.934800 0.630188 0.943889 0.612917
3 0.788520 0.519139 0.802900 0.512102 0.809937 0.521281 0.794333 0.528929 0.788520 0.519139
0 0.734060 0.547899 0.772304 0.552488 0.770163 0.561667 0.730388 0.556160 0.734060 0.547899
