0 0.590467 0.106404 0.616968 0.134464 0.602938 0.146156 0.598261 0.142259 0.580334 0.163303 0.566304 0.149274 0.570201 0.144597 0.561627 0.135244 0.576437 0.118875 0.577996 0.120434 0.590467 0.106404
0 0.686260 0.116020 0.682735 0.122777 0.665403 0.115433 0.668340 0.108089 0.686260 0.116020
0 0.998860 0.287627 0.970804 0.319023 0.958335 0.305168 0.971497 0.290620 0.968726 0.287156 0.975654 0.278150 0.981196 0.281614 0.988816 0.273301 0.998860 0.285229 0.998860 0.287627
0 0.681024 0.242670 0.680464 0.254724 0.673175 0.255285 0.674016 0.242950 0.681024 0.242670
0 0.634207 0.227251 0.634207 0.237343 0.626357 0.237343 0.627198 0.226970 0.634207 0.227251
0 0.940417 0.122003 0.941324 0.140453 0.937515 0.140778 0.936618 0.137190 0.933998 0.137303 0.933539 0.122920 0.940417 0.122003
0 0.611736 0.392804 0.592410 0.441539 0.575605 0.435658 0.594511 0.386922 0.611736 0.392804
0 0.655010 0.401207 0.653750 0.435238 0.626861 0.433137 0.630642 0.400367 0.655010 0.401207
0 0.474879 0.375036 0.457729 0.388999 0.457305 0.389180 0.450628 0.382504 0.448063 0.382846 0.454082 0.390547 0.440116 0.396475 0.425969 0.398076 0.420863 0.395875 0.421353 0.392402 0.417982 0.391998 0.417750 0.387159 0.419097 0.373824 0.438904 0.372207 0.457093 0.356442 0.474879 0.375036
0 0.507677 0.467188 0.510897 0.481499 0.506962 0.483646 0.511613 0.501178 0.470466 0.510481 0.464741 0.484362 0.487998 0.478995 0.486567 0.473270 0.507677 0.467188
0 0.043498 0.543131 0.050665 0.594491 0.025582 0.599268 0.017819 0.551492 0.023791 0.546714 0.043498 0.543131
0 0.089986 0.527826 0.094261 0.550297 0.070373 0.555672 0.065595 0.532381 0.089986 0.527826
0 0.092716 0.470752 0.096287 0.478965 0.089145 0.482535 0.085574 0.473608 0.092716 0.470752
0 0.413557 0.489519 0.422083 0.519108 0.376173 0.532201 0.368226 0.501588 0.385004 0.497173 0.396190 0.493346 0.395601 0.490991 0.404138 0.487753 0.405315 0.491874 0.413557 0.489519
0 0.454892 0.608553 0.455272 0.623967 0.444661 0.623553 0.444462 0.608426 0.454892 0.608553
0 0.954737 0.632806 0.958311 0.631377 0.967355 0.653994 0.976777 0.650361 0.977110 0.651010 0.998860 0.641162 0.998860 0.665262 0.953312 0.680560 0.931714 0.629574 0.948268 0.621953 0.954737 0.632806
0 0.383756 0.869278 0.392535 0.883701 0.371215 0.896242 0.363063 0.881193 0.383756 0.869278
0 0.415737 0.809080 0.419499 0.813469 0.423262 0.814723 0.430159 0.825383 0.410093 0.841687 0.402568 0.829146 0.410720 0.822248 0.406331 0.815977 0.415737 0.809080
0 0.424516 0.710630 0.433295 0.726934 0.437057 0.724426 0.443955 0.737594 0.367453 0.787759 0.353030 0.764558 0.362436 0.757033 0.358047 0.750135 0.385010 0.734459 0.381875 0.729442 0.388773 0.725053 0.393162 0.731323 0.405077 0.723171 0.402568 0.719409 0.410720 0.713765 0.414483 0.717528 0.424516 0.710630
0 0.554319 0.698716 0.551183 0.720036 0.509170 0.714392 0.513559 0.693699 0.554319 0.698716
0 0.797341 0.655321 0.797255 0.660013 0.806972 0.659149 0.807836 0.670641 0.830081 0.671062 0.828822 0.698765 0.805526 0.696876 0.803008 0.713876 0.780341 0.711987 0.782230 0.687432 0.785378 0.688062 0.789156 0.654062 0.797341 0.655321
0 0.777823 0.686609 0.759854 0.686318 0.760823 0.666315 0.777765 0.667030 0.779157 0.672016 0.777823 0.686609
0 0.842337 0.688988 0.842040 0.698188 0.833434 0.698188 0.834324 0.688394 0.842337 0.688988
0 0.860860 0.704364 0.854556 0.703744 0.855023 0.697617 0.860835 0.697837 0.860860 0.704364
0 0.861740 0.688333 0.861338 0.696865 0.854957 0.696930 0.854685 0.698350 0.854685 0.698349 0.853438 0.698349 0.853239 0.702136 0.850724 0.701456 0.850684 0.704141 0.845979 0.704366 0.846723 0.686710 0.861740 0.688333
0 0.081079 0.520720 0.083776 0.518697 0.084990 0.517888 0.089305 0.520450 0.088361 0.526249 0.085125 0.527463 0.082293 0.527463 0.081484 0.525440 0.080135 0.523417 0.081079 0.520720
0 0.634654 0.669581 0.675729 0.669361 0.680781 0.673754 0.679903 0.706922 0.635532 0.706263 0.634654 0.669581
0 0.639260 0.387595 0.644923 0.387999 0.645193 0.391910 0.639529 0.391775 0.639260 0.387595
0 0.919719 0.131904 0.923673 0.145523 0.917962 0.147280 0.913789 0.132783 0.919719 0.131904
0 0.669026 0.148324 0.676771 0.147980 0.676427 0.155552 0.677990 0.155580 0.677878 0.160255 0.676906 0.160436 0.676771 0.164502 0.674534 0.171902 0.671092 0.170526 0.669887 0.173796 0.665929 0.172419 0.666961 0.167083 0.668854 0.156069 0.669026 0.148324
0 0.872777 0.131016 0.870054 0.118177 0.874477 0.117648 0.877428 0.129585 0.872777 0.131016
0 0.415277 0.626808 0.421473 0.634036 0.414388 0.638729 0.408721 0.632416 0.415277 0.626808
0 0.099855 0.516370 0.096214 0.519067 0.092978 0.515021 0.093922 0.513403 0.096214 0.512594 0.099855 0.516370
0 0.453566 0.578035 0.463484 0.578035 0.465864 0.595490 0.457137 0.597077 0.456740 0.590730 0.451980 0.589936 0.453566 0.578035
0 0.544546 0.725531 0.544546 0.721045 0.547686 0.721344 0.550975 0.721942 0.550825 0.724933 0.549928 0.726727 0.546789 0.727474 0.544546 0.725531
0 0.904843 0.627477 0.908565 0.624500 0.911069 0.629372 0.907212 0.632485 0.904843 0.627477
0 0.910265 0.623788 0.915287 0.623608 0.915254 0.628002 0.914115 0.627872 0.914180 0.629272 0.911069 0.629372 0.910762 0.626765 0.910111 0.626700 0.910265 0.623788
0 0.457137 0.597077 0.465864 0.595490 0.474354 0.594895 0.479090 0.621733 0.461092 0.626469 0.457137 0.597077
