3 0.739017 0.817884 0.762697 0.825777 0.766020 0.824116 0.778068 0.827855 0.770590 0.850288 0.762697 0.846134 0.756050 0.863997 0.749403 0.861920 0.745664 0.866906 0.736109 0.863167 0.736109 0.857351 0.728216 0.853612 0.739017 0.817884
3 0.773191 0.787756 0.791928 0.796561 0.782672 0.818459 0.770707 0.812815 0.770707 0.797012 0.773191 0.787756
3 0.684926 0.629540 0.702818 0.632093 0.703431 0.624131 0.719049 0.625662 0.719049 0.634543 0.728236 0.635156 0.727930 0.655368 0.694549 0.653224 0.694882 0.651236 0.684417 0.650240 0.684926 0.629540
3 0.495036 0.899554 0.511238 0.865489 0.525362 0.869228 0.536579 0.877952 0.520793 0.909109 0.495036 0.899554
0 0.688906 0.989701 0.687490 0.999009 0.676120 0.999009 0.678965 0.987754 0.688906 0.989701
0 0.678300 0.984564 0.678300 0.987627 0.678965 0.987754 0.676120 0.999009 0.654710 0.999009 0.653800 0.996508 0.657475 0.980583 0.678300 0.984564
0 0.690061 0.999009 0.691601 0.990446 0.699468 0.991983 0.698993 0.999009 0.690061 0.999009
0 0.443795 0.962131 0.470382 0.952576 0.476614 0.970024 0.449195 0.978333 0.443795 0.962131
0 0.396151 0.939328 0.418049 0.943843 0.411728 0.965741 0.383057 0.959646 0.389378 0.927589 0.399086 0.928943 0.396151 0.939328
3 0.353149 0.920048 0.369625 0.927038 0.361470 0.943514 0.350154 0.940019 0.346992 0.948506 0.340002 0.946343 0.353149 0.920048
3 0.351437 0.774689 0.389364 0.741052 0.402006 0.752791 0.361145 0.787106 0.351437 0.774689
0 0.272381 0.497292 0.286664 0.489275 0.284102 0.482760 0.303005 0.467810 0.315089 0.487744 0.280565 0.514441 0.272381 0.497292
3 0.279782 0.683448 0.289665 0.672905 0.294360 0.678856 0.285374 0.688508 0.279782 0.683448
0 0.075555 0.282267 0.085201 0.300113 0.075715 0.305257 0.065265 0.287894 0.075555 0.282267
0 0.052725 0.287734 0.048546 0.282750 0.058352 0.276962 0.062211 0.281303 0.052725 0.287734
0 0.350058 0.487985 0.352951 0.487342 0.357131 0.488628 0.358257 0.491522 0.356971 0.495059 0.355524 0.496988 0.351022 0.496666 0.348932 0.492004 0.350058 0.487985
0 0.350599 0.497067 0.349993 0.498243 0.347903 0.499851 0.345009 0.500816 0.342919 0.500173 0.341954 0.497118 0.341954 0.493903 0.342276 0.492295 0.345491 0.492134 0.348003 0.492134 0.350599 0.497067
0 0.400870 0.618681 0.406658 0.618842 0.406818 0.620610 0.408587 0.621092 0.404246 0.636687 0.396208 0.633472 0.400870 0.618681
0 0.424664 0.613054 0.427236 0.623182 0.417429 0.627523 0.415339 0.615144 0.424664 0.613054
0 0.413502 0.700670 0.415013 0.701300 0.416021 0.701552 0.416777 0.702685 0.416903 0.704323 0.416147 0.707094 0.414887 0.708732 0.412872 0.708480 0.410731 0.707472 0.409093 0.705960 0.410353 0.701804 0.413502 0.700670
0 0.914177 0.758687 0.918036 0.758205 0.920769 0.758848 0.922859 0.761260 0.922698 0.764636 0.920286 0.767208 0.917232 0.768333 0.914981 0.768012 0.913373 0.764636 0.912087 0.760938 0.914177 0.758687
0 0.912087 0.760938 0.914981 0.768012 0.912569 0.771710 0.910479 0.771870 0.906943 0.771066 0.905013 0.769459 0.903406 0.766083 0.903406 0.763671 0.905978 0.761742 0.909515 0.761420 0.912087 0.760938
0 0.830233 0.578889 0.837825 0.574580 0.846443 0.588122 0.837620 0.593046 0.830233 0.578889
0 0.443589 0.884525 0.445358 0.883560 0.448895 0.883721 0.451628 0.885490 0.452914 0.889187 0.451145 0.893207 0.445840 0.893528 0.442625 0.888384 0.443589 0.884525
3 0.570168 0.922200 0.577348 0.921318 0.579238 0.933915 0.571554 0.934671 0.570168 0.922200
0 0.678870 0.796377 0.681808 0.796068 0.684051 0.797382 0.684515 0.800785 0.682582 0.803337 0.680030 0.803414 0.677864 0.801945 0.676782 0.798929 0.678870 0.796377
3 0.768579 0.792384 0.765846 0.807175 0.758612 0.804442 0.762470 0.790616 0.768579 0.792384
3 0.769131 0.884751 0.776138 0.884652 0.776237 0.895213 0.767749 0.893732 0.769131 0.884751
