0 0.753202 0.587914 0.786494 0.598046 0.779618 0.620481 0.745965 0.611073 0.753202 0.587914
3 0.674397 0.635708 0.669957 0.666651 0.646461 0.663781 0.651828 0.632679 0.674397 0.635708
3 0.602730 0.648830 0.611769 0.649774 0.611715 0.661990 0.602615 0.661390 0.602730 0.648830
0 0.140935 0.917108 0.137378 0.935400 0.109940 0.929811 0.108924 0.940989 0.119594 0.943022 0.116546 0.965887 0.087075 0.962838 0.089616 0.932860 0.083571 0.931198 0.084910 0.921501 0.090314 0.921543 0.093871 0.905517 0.112523 0.908010 0.113312 0.911566 0.140935 0.917108
0 0.095761 0.827974 0.112120 0.824231 0.115247 0.841106 0.118888 0.840904 0.124581 0.863933 0.098946 0.871740 0.095243 0.855807 0.100794 0.854610 0.095761 0.827974
0 0.136918 0.809115 0.091166 0.813537 0.090541 0.790073 0.101680 0.789169 0.102583 0.795420 0.122784 0.794213 0.121457 0.786708 0.135091 0.785858 0.136918 0.809115
0 0.138539 0.779462 0.091340 0.782228 0.090003 0.762610 0.099326 0.761653 0.098855 0.754601 0.137351 0.753422 0.138539 0.779462
0 0.125490 0.719371 0.126624 0.738922 0.142712 0.738333 0.142460 0.750447 0.113498 0.752231 0.112540 0.749318 0.083185 0.750729 0.081774 0.720473 0.125490 0.719371
0 0.268314 0.647743 0.274910 0.666309 0.231915 0.677058 0.226540 0.658248 0.268314 0.647743
0 0.314800 0.689254 0.311440 0.676541 0.332098 0.669841 0.343389 0.709671 0.299869 0.722860 0.298355 0.715286 0.292536 0.716817 0.286801 0.700501 0.314800 0.689254
3 0.355234 0.696145 0.373038 0.696145 0.373038 0.725987 0.380556 0.725617 0.380086 0.739767 0.357819 0.739867 0.357004 0.754718 0.342685 0.754277 0.342015 0.728276 0.356096 0.727503 0.355234 0.696145
3 0.384105 0.650913 0.410571 0.663424 0.401909 0.682190 0.375925 0.670161 0.384105 0.650913
0 0.225815 0.452762 0.254576 0.455152 0.253391 0.504847 0.228444 0.503281 0.229729 0.479079 0.223801 0.477933 0.225815 0.452762
0 0.205375 0.547442 0.235163 0.553026 0.228842 0.583143 0.198638 0.577012 0.205375 0.547442
0 0.082387 0.540157 0.101946 0.540234 0.103533 0.574960 0.082310 0.575300 0.082387 0.540157
0 0.165814 0.462480 0.163256 0.512685 0.145936 0.512122 0.146645 0.496750 0.133571 0.494338 0.134815 0.473738 0.148169 0.473784 0.147998 0.461904 0.149410 0.461034 0.165814 0.462480
0 0.206486 0.450365 0.206875 0.453083 0.219341 0.454005 0.218251 0.472963 0.217958 0.488602 0.193728 0.485169 0.195406 0.463649 0.194951 0.449475 0.206486 0.450365
3 0.600007 0.615176 0.597121 0.656325 0.572923 0.655247 0.575180 0.614396 0.600007 0.615176
3 0.532694 0.491852 0.533055 0.521337 0.511024 0.521416 0.511691 0.492173 0.532694 0.491852
4 0.564245 0.500291 0.585301 0.499976 0.585882 0.518660 0.562611 0.518526 0.564245 0.500291
0 0.075965 0.461232 0.075075 0.485120 0.028429 0.482332 0.031589 0.459675 0.075965 0.461232
0 0.691327 0.592028 0.705589 0.592276 0.705341 0.604802 0.691079 0.604057 0.691327 0.592028
3 0.619326 0.617980 0.644336 0.618524 0.644585 0.660927 0.620125 0.660570 0.619326 0.617980
3 0.427318 0.597228 0.439024 0.611487 0.411150 0.631872 0.401184 0.617717 0.427318 0.597228
3 0.529185 0.612079 0.545026 0.633120 0.530131 0.648252 0.513818 0.624846 0.529185 0.612079
