0 0.611093 0.011109 0.617392 0.011235 0.620541 0.013880 0.623186 0.020179 0.633893 0.018793 0.637420 0.020430 0.640318 0.024839 0.642207 0.029752 0.641451 0.036806 0.635783 0.041593 0.631626 0.042600 0.627721 0.041845 0.625202 0.040837 0.619659 0.033531 0.613487 0.035042 0.607566 0.034413 0.604669 0.031641 0.601520 0.027862 0.600638 0.020556 0.602654 0.015392 0.607566 0.011361 0.611093 0.011109
3 0.776327 0.128505 0.802854 0.128666 0.802693 0.153746 0.775363 0.154389 0.776327 0.128505
0 0.713014 0.155323 0.726970 0.152421 0.729227 0.167194 0.714890 0.168948 0.713014 0.155323
3 0.740427 0.246456 0.779185 0.221316 0.790183 0.237814 0.806419 0.232839 0.823965 0.258502 0.802229 0.271858 0.770281 0.290975 0.740427 0.246456
3 0.630027 0.330642 0.649678 0.332910 0.647159 0.348907 0.627760 0.346136 0.630027 0.330642
3 0.667255 0.259899 0.683343 0.264340 0.678803 0.279935 0.662024 0.275395 0.667255 0.259899
0 0.693923 0.252240 0.706655 0.246022 0.709912 0.251648 0.697180 0.258458 0.693923 0.252240
3 0.754947 0.220078 0.756081 0.227132 0.736178 0.230659 0.735171 0.223479 0.754947 0.220078
3 0.910428 0.265544 0.941176 0.267215 0.939839 0.300972 0.905080 0.300972 0.907487 0.266158 0.910428 0.265544
3 0.922319 0.355522 0.921793 0.338341 0.978621 0.338068 0.979047 0.358543 0.962536 0.358635 0.962214 0.354455 0.922319 0.355522
3 0.798900 0.321558 0.802759 0.324451 0.804527 0.327988 0.803241 0.335163 0.800508 0.338700 0.796167 0.339986 0.789093 0.340469 0.785878 0.337575 0.784592 0.331787 0.784752 0.326482 0.788129 0.322945 0.790701 0.321498 0.794881 0.321176 0.798900 0.321558
3 0.627717 0.364076 0.643472 0.354751 0.652314 0.370024 0.636076 0.379027 0.627717 0.364076
3 0.696057 0.355919 0.705221 0.344183 0.714385 0.334537 0.739245 0.354230 0.721735 0.376290 0.696057 0.355919
3 0.663979 0.377365 0.669647 0.375223 0.675567 0.375349 0.679346 0.378372 0.681362 0.383411 0.682310 0.390420 0.679979 0.396113 0.675696 0.398380 0.671540 0.400648 0.671036 0.406190 0.668894 0.411733 0.665745 0.415512 0.659069 0.416645 0.653778 0.416141 0.649747 0.414126 0.647606 0.410473 0.646598 0.403671 0.646472 0.400648 0.648236 0.396239 0.650251 0.393971 0.654408 0.392334 0.658691 0.391074 0.658439 0.386791 0.659699 0.381627 0.660455 0.379863 0.661462 0.378856 0.663979 0.377365
3 0.559821 0.376338 0.568985 0.394826 0.549050 0.404472 0.539564 0.383412 0.548246 0.377302 0.549050 0.376659 0.559821 0.376338
3 0.455860 0.373298 0.468078 0.374423 0.466471 0.397092 0.450233 0.395645 0.452264 0.373202 0.455860 0.373298
3 0.526290 0.359132 0.553782 0.348200 0.566321 0.353023 0.561177 0.367009 0.551370 0.364116 0.531113 0.373601 0.526290 0.359132
4 0.000118 0.647950 0.000019 0.641534 0.001993 0.640054 0.004461 0.644989 0.000118 0.647950
4 0.998837 0.943342 0.996324 0.938691 0.985963 0.911226 0.983623 0.884154 0.987299 0.881480 0.991310 0.881480 0.993984 0.881480 0.998837 0.888760 0.998837 0.943342
3 0.820532 0.304034 0.845839 0.294124 0.851785 0.310132 0.824800 0.320956 0.820532 0.304034
3 0.941066 0.365914 0.957994 0.364746 0.958578 0.375448 0.942234 0.377394 0.941066 0.365914
