0 0.964535 0.008796 0.983501 0.017249 0.978457 0.028604 0.988395 0.033313 0.978696 0.051862 0.967001 0.047509 0.962900 0.055086 0.946174 0.047564 0.964535 0.008796
0 0.998835 0.457894 0.977941 0.465156 0.959266 0.413648 0.986275 0.403648 0.998835 0.452919 0.998835 0.457894
0 0.931505 0.360984 0.943595 0.378324 0.921294 0.393508 0.909775 0.377530 0.931505 0.360984
0 0.763805 0.269973 0.782682 0.261150 0.789248 0.272025 0.769960 0.281874 0.763805 0.269973
0 0.817726 0.159747 0.840394 0.160711 0.840394 0.162480 0.855989 0.163605 0.855024 0.182576 0.817404 0.180325 0.817726 0.159747
0 0.820179 0.115972 0.839133 0.115604 0.839467 0.124962 0.841360 0.125718 0.840817 0.132717 0.819462 0.133007 0.820179 0.115972
0 0.643668 0.113754 0.655363 0.119704 0.651260 0.130168 0.640180 0.124218 0.643668 0.113754
0 0.485998 0.048328 0.509794 0.048233 0.509794 0.056875 0.486316 0.057592 0.485998 0.048328
0 0.481792 0.188915 0.492816 0.194822 0.484815 0.209574 0.474486 0.204031 0.481792 0.188915
0 0.927642 0.149828 0.946774 0.148703 0.947417 0.162207 0.927481 0.163654 0.927642 0.149828
0 0.901948 0.090414 0.908719 0.099442 0.888201 0.110727 0.886138 0.107746 0.882045 0.101699 0.901948 0.090414
0 0.858647 0.115091 0.860494 0.112834 0.864803 0.111808 0.867060 0.113244 0.866855 0.118579 0.865008 0.120426 0.863777 0.121041 0.861520 0.121041 0.859263 0.119195 0.858647 0.115091
0 0.723136 0.097185 0.722976 0.104098 0.713651 0.102973 0.714133 0.095899 0.723136 0.097185
0 0.952474 0.103692 0.962968 0.105228 0.962807 0.120501 0.952430 0.119536 0.952474 0.103692
0 0.865034 0.145426 0.873463 0.145581 0.873231 0.155247 0.865343 0.155402 0.865034 0.145426
0 0.882045 0.101699 0.886138 0.107746 0.879237 0.112429 0.876033 0.106267 0.882045 0.101699
