0 0.024120 0.800820 0.024584 0.803141 0.024352 0.805578 0.023308 0.808594 0.021683 0.810103 0.019943 0.811147 0.018086 0.811611 0.016462 0.811843 0.014489 0.811611 0.012168 0.811379 0.010892 0.809755 0.008571 0.807898 0.007643 0.805926 0.007063 0.803953 0.006947 0.801400 0.006947 0.799080 0.007759 0.797223 0.009267 0.795831 0.011356 0.794902 0.012284 0.794438 0.014141 0.793858 0.015997 0.793626 0.018434 0.794206 0.019711 0.794786 0.021219 0.795831 0.024236 0.798731 0.024120 0.800820
0 0.056128 0.799432 0.058267 0.811835 0.044752 0.813973 0.042956 0.801485 0.056128 0.799432
0 0.281656 0.441249 0.299097 0.461903 0.308070 0.453717 0.319246 0.466625 0.294194 0.489431 0.264981 0.454675 0.281656 0.441249
0 0.320230 0.522476 0.308255 0.510244 0.308341 0.504342 0.310992 0.501605 0.304662 0.494077 0.304053 0.493435 0.324899 0.473633 0.332598 0.481503 0.332512 0.482957 0.336704 0.487490 0.336618 0.488602 0.340211 0.492280 0.340125 0.493649 0.343974 0.497413 0.346027 0.496900 0.359713 0.511270 0.340467 0.530858 0.329176 0.520936 0.330545 0.519310 0.327722 0.516146 0.320230 0.522476
0 0.355853 0.532216 0.369111 0.520155 0.370822 0.522037 0.370908 0.523577 0.379376 0.532815 0.379376 0.535809 0.402660 0.561623 0.385637 0.576935 0.372294 0.562907 0.372721 0.559485 0.370668 0.557175 0.367846 0.557175 0.359891 0.547082 0.359719 0.544430 0.358265 0.543318 0.358693 0.535449 0.355853 0.532216
0 0.382634 0.704004 0.392708 0.651273 0.416319 0.655051 0.409393 0.705578 0.409078 0.707940 0.408606 0.709671 0.382634 0.704004
0 0.381717 0.719132 0.409048 0.722122 0.398696 0.773229 0.370677 0.769924 0.376563 0.746842 0.364808 0.744094 0.368471 0.731921 0.378782 0.733577 0.381717 0.719132
0 0.347644 0.822659 0.356115 0.780538 0.396179 0.788291 0.386930 0.829574 0.347644 0.822659
3 0.366700 0.840533 0.384960 0.844626 0.373154 0.893737 0.340099 0.886654 0.343247 0.872172 0.350015 0.873274 0.357728 0.838487 0.366700 0.840533
3 0.312327 0.869164 0.326179 0.870896 0.324290 0.885692 0.309966 0.884433 0.312327 0.869164
3 0.345272 0.903116 0.368333 0.907174 0.360005 0.955858 0.338439 0.952655 0.340860 0.938784 0.328825 0.937065 0.332593 0.917822 0.342928 0.919974 0.345272 0.903116
0 0.424365 0.999009 0.426902 0.982772 0.436173 0.983968 0.435724 0.986361 0.447837 0.988155 0.446312 0.999009 0.424365 0.999009
3 0.435107 0.920860 0.453052 0.925047 0.451108 0.938655 0.456640 0.939103 0.450360 0.982020 0.424939 0.976637 0.435107 0.920860
0 0.547321 0.999009 0.547577 0.997318 0.527099 0.992605 0.528613 0.975064 0.530452 0.951561 0.549220 0.955564 0.548877 0.970177 0.548389 0.974728 0.554240 0.976028 0.554890 0.972859 0.571305 0.976028 0.565852 0.999009 0.547321 0.999009
0 0.707647 0.990841 0.691048 0.998018 0.672207 0.969158 0.669964 0.964971 0.669366 0.962429 0.669515 0.957793 0.673253 0.944186 0.677889 0.944784 0.682375 0.935214 0.694188 0.939101 0.701067 0.942092 0.698974 0.950167 0.694637 0.970205 0.696132 0.971551 0.697478 0.971999 0.698226 0.972597 0.699422 0.974840 0.703310 0.981420 0.707647 0.990841
0 0.698974 0.950167 0.701067 0.942092 0.694188 0.939101 0.700768 0.921905 0.725441 0.932671 0.716619 0.957644 0.698974 0.950167
0 0.742862 0.865858 0.748993 0.855690 0.761404 0.864363 0.742562 0.893373 0.747647 0.896962 0.728058 0.924626 0.711459 0.914457 0.724917 0.894270 0.712805 0.885448 0.730450 0.857933 0.742862 0.865858
0 0.780914 0.766975 0.765261 0.762896 0.768788 0.747023 0.782898 0.751211 0.784772 0.742723 0.796126 0.743716 0.798220 0.734787 0.814094 0.738645 0.807320 0.779449 0.790914 0.795250 0.779095 0.780264 0.785764 0.771384 0.784882 0.768738 0.782567 0.767416 0.780914 0.766975
3 0.681320 0.795922 0.704648 0.820445 0.687451 0.837044 0.691937 0.842577 0.677582 0.856483 0.681320 0.861119 0.668161 0.872633 0.653806 0.855437 0.661432 0.847810 0.652609 0.839586 0.666516 0.826277 0.657395 0.815810 0.681320 0.795922
3 0.718734 0.807509 0.690955 0.777967 0.703853 0.765180 0.711018 0.773558 0.715096 0.769810 0.724576 0.779069 0.721380 0.784581 0.731742 0.796817 0.718734 0.807509
0 0.519853 0.854421 0.548863 0.878048 0.533909 0.897039 0.520600 0.887020 0.511479 0.897936 0.493684 0.882833 0.519853 0.854421
0 0.445825 0.834421 0.488627 0.843347 0.484773 0.864240 0.458808 0.860386 0.456374 0.870123 0.435480 0.866066 0.445825 0.834421
0 0.538528 0.776000 0.539137 0.786751 0.567333 0.786143 0.568550 0.813528 0.548692 0.814457 0.526763 0.815556 0.526154 0.792025 0.521273 0.791567 0.521634 0.776013 0.538528 0.776000
0 0.568550 0.813528 0.567739 0.834218 0.547454 0.833204 0.548692 0.814457 0.568550 0.813528
0 0.461307 0.769776 0.488821 0.775009 0.491064 0.762299 0.510354 0.766635 0.506317 0.790561 0.497793 0.789066 0.496747 0.803122 0.456522 0.795047 0.461307 0.769776
0 0.443739 0.776964 0.445971 0.763373 0.455505 0.765401 0.453476 0.779195 0.443739 0.776964
0 0.488291 0.685834 0.487544 0.666394 0.522236 0.665198 0.522385 0.682693 0.518049 0.682544 0.518348 0.690469 0.516553 0.690619 0.516703 0.719180 0.499656 0.719030 0.500404 0.703778 0.498460 0.700787 0.477525 0.701983 0.477525 0.687030 0.488291 0.685834
0 0.538271 0.685849 0.576402 0.667456 0.587767 0.687643 0.573112 0.695419 0.580290 0.709326 0.552925 0.722485 0.538271 0.685849
0 0.472812 0.648720 0.483728 0.617168 0.481934 0.616420 0.487766 0.595635 0.514981 0.603709 0.499429 0.657692 0.472812 0.648720
0 0.600849 0.674228 0.590382 0.646265 0.621784 0.636395 0.627915 0.655536 0.639728 0.651498 0.644214 0.667648 0.622382 0.674377 0.627167 0.686639 0.608027 0.693219 0.600849 0.674228
0 0.678962 0.617501 0.695277 0.652776 0.674884 0.662146 0.669041 0.648918 0.653719 0.655421 0.643247 0.631942 0.678962 0.617501
0 0.753165 0.566568 0.792493 0.554156 0.789502 0.545034 0.802811 0.540698 0.810886 0.565820 0.813877 0.564624 0.818662 0.580773 0.802063 0.586157 0.799521 0.578680 0.798774 0.577185 0.797428 0.577185 0.758399 0.588848 0.753165 0.566568
0 0.460237 0.564888 0.475041 0.559056 0.475489 0.556215 0.466667 0.536476 0.489695 0.526906 0.497172 0.542009 0.501509 0.540215 0.510331 0.561299 0.505097 0.563243 0.506593 0.566533 0.469059 0.584776 0.460237 0.564888
3 0.535102 0.531439 0.532261 0.512299 0.548261 0.510056 0.547215 0.505420 0.559177 0.503326 0.564860 0.529196 0.568449 0.528299 0.572187 0.527850 0.578019 0.561795 0.559028 0.565683 0.554990 0.542056 0.533308 0.544748 0.530915 0.532187 0.535102 0.531439
0 0.496715 0.510048 0.454319 0.537636 0.441945 0.517959 0.453711 0.509845 0.443568 0.494023 0.454522 0.485909 0.456064 0.484783 0.461184 0.492340 0.476867 0.481451 0.496715 0.510048
0 0.499839 0.454044 0.487876 0.441782 0.503577 0.427427 0.509259 0.432362 0.509110 0.434306 0.516886 0.441184 0.516886 0.444923 0.528699 0.455689 0.531540 0.453596 0.542606 0.465708 0.516437 0.487092 0.508811 0.476325 0.502530 0.483353 0.486979 0.466306 0.493708 0.460325 0.492960 0.459128 0.499839 0.454044
0 0.469094 0.391685 0.483802 0.382827 0.505092 0.418582 0.490871 0.426545 0.485508 0.417769 0.481120 0.419557 0.468362 0.397942 0.470719 0.396642 0.469094 0.391685
3 0.439648 0.320994 0.447915 0.332348 0.446703 0.333120 0.441963 0.335875 0.442294 0.338852 0.465773 0.366741 0.464561 0.374567 0.445931 0.386472 0.423334 0.354725 0.415066 0.360788 0.404263 0.346899 0.403933 0.343592 0.416720 0.334773 0.417932 0.336316 0.439648 0.320994
3 0.401055 0.465036 0.413842 0.451587 0.402158 0.438470 0.413401 0.426895 0.415165 0.428659 0.426960 0.417526 0.447133 0.441446 0.431149 0.456879 0.429385 0.464705 0.410205 0.480248 0.400724 0.468784 0.401055 0.465036
0 0.370772 0.413981 0.359258 0.399775 0.368529 0.392298 0.375856 0.400523 0.377501 0.398579 0.375707 0.396037 0.389614 0.384971 0.413390 0.409644 0.398735 0.422355 0.392904 0.417121 0.367931 0.437308 0.357763 0.425346 0.370772 0.413981
3 0.691088 0.600272 0.723284 0.588164 0.731264 0.606326 0.740345 0.602748 0.746399 0.618434 0.729613 0.625863 0.735392 0.639622 0.720532 0.644025 0.713102 0.628340 0.704297 0.631642 0.691088 0.600272
0 0.558957 0.571984 0.576200 0.572795 0.575185 0.606468 0.568288 0.606671 0.565449 0.634056 0.555103 0.634259 0.555306 0.625333 0.537658 0.624725 0.538875 0.606671 0.534615 0.606671 0.535427 0.592066 0.552669 0.593689 0.556523 0.591052 0.558957 0.571984
