4 0.956089 0.749766 0.965681 0.753420 0.957688 0.770090 0.947298 0.764610 0.954292 0.748875 0.956089 0.749766
0 0.395404 0.629436 0.407021 0.647559 0.392616 0.656852 0.380689 0.638575 0.395121 0.629147 0.395404 0.629436
0 0.579532 0.913541 0.576246 0.911754 0.579443 0.903098 0.574486 0.896902 0.561940 0.889623 0.572782 0.872275 0.593705 0.884267 0.628744 0.904407 0.627488 0.906005 0.639706 0.912513 0.629315 0.931353 0.615614 0.926101 0.612531 0.931696 0.579532 0.913541
0 0.565012 0.944032 0.572756 0.948073 0.569137 0.955816 0.561477 0.951524 0.565012 0.944032
1 0.401501 0.999009 0.400423 0.994174 0.390530 0.989452 0.392379 0.957289 0.408136 0.957974 0.407068 0.969836 0.427520 0.969879 0.427183 0.973583 0.439977 0.974172 0.439725 0.996224 0.428446 0.995635 0.428186 0.999009 0.401501 0.999009
0 0.286699 0.999008 0.286765 0.994805 0.292245 0.994576 0.292816 0.989667 0.333008 0.991836 0.332830 0.999008 0.286699 0.999008
0 0.186142 0.999007 0.188579 0.987832 0.249872 0.999008 0.186142 0.999007
3 0.247782 0.855234 0.264762 0.855441 0.265099 0.868273 0.273092 0.868044 0.271909 0.929892 0.260158 0.929579 0.260447 0.911305 0.246817 0.910531 0.247782 0.855234
0 0.215000 0.864457 0.214837 0.849790 0.215199 0.835031 0.242034 0.834884 0.241947 0.859318 0.228425 0.859035 0.228474 0.864457 0.215000 0.864457
3 0.246352 0.827409 0.263217 0.820354 0.272146 0.845818 0.255060 0.851991 0.246352 0.827409
3 0.129605 0.807505 0.120311 0.800373 0.141112 0.773596 0.148235 0.778514 0.152975 0.770247 0.166754 0.779727 0.162146 0.786958 0.165060 0.788851 0.169069 0.782372 0.177116 0.787222 0.173919 0.792624 0.178328 0.795821 0.167195 0.813017 0.151762 0.805080 0.151321 0.804860 0.144046 0.815993 0.129605 0.807505
0 0.151217 0.665530 0.158272 0.688679 0.148241 0.692096 0.141186 0.669278 0.151217 0.665530
3 0.335089 0.728701 0.347202 0.729299 0.346155 0.750533 0.334192 0.750234 0.335089 0.728701
0 0.122763 0.853123 0.133126 0.853722 0.132115 0.872842 0.121643 0.872291 0.122763 0.853123
0 0.124687 0.968761 0.135422 0.969005 0.135259 0.976481 0.124522 0.975764 0.124687 0.968761
2 0.123903 0.975797 0.090141 0.973081 0.092512 0.948747 0.095627 0.948867 0.096739 0.941465 0.104676 0.941906 0.104235 0.958881 0.124518 0.961637 0.123903 0.975797
2 0.348143 0.951542 0.358625 0.946829 0.363663 0.959425 0.353587 0.964300 0.348143 0.951542
