0 0.248989 0.421808 0.282152 0.424078 0.282349 0.434343 0.272282 0.434244 0.272282 0.440462 0.263004 0.439574 0.263103 0.433356 0.248594 0.432369 0.248989 0.421808
0 0.271253 0.348484 0.280728 0.349274 0.280235 0.354604 0.282604 0.354998 0.282209 0.367829 0.268786 0.366447 0.269674 0.353913 0.270859 0.353913 0.271253 0.348484
0 0.324689 0.361497 0.328246 0.361342 0.328478 0.363662 0.332963 0.363739 0.333504 0.370235 0.324689 0.370544 0.324689 0.361497
0 0.350019 0.341775 0.353808 0.341930 0.353731 0.345178 0.358216 0.345255 0.358062 0.350823 0.349633 0.350127 0.350019 0.341775
0 0.315801 0.000008 0.349402 0.025256 0.331396 0.044869 0.323358 0.039725 0.311255 0.051224 0.301178 0.041777 0.308988 0.032329 0.302815 0.026535 0.304957 0.023764 0.297399 0.016962 0.315781 0.000008 0.315801 0.000008
0 0.360774 0.044577 0.363944 0.052156 0.344689 0.059889 0.342214 0.051382 0.360774 0.044577
0 0.647965 0.000009 0.659697 0.007983 0.643215 0.040158 0.629101 0.031868 0.645382 0.000009 0.647965 0.000009
0 0.423322 0.368264 0.423804 0.358618 0.437952 0.358618 0.437469 0.375659 0.445186 0.375820 0.446472 0.353313 0.470266 0.353152 0.470587 0.402025 0.449848 0.400900 0.450652 0.392218 0.424447 0.392540 0.425733 0.380965 0.418820 0.381125 0.419302 0.368425 0.423322 0.368264
0 0.607278 0.293089 0.612583 0.269617 0.643933 0.276690 0.645541 0.266080 0.666601 0.270742 0.660331 0.303217 0.607278 0.293089
0 0.631071 0.341071 0.642717 0.345808 0.655351 0.350348 0.648639 0.373049 0.621793 0.363475 0.631071 0.341071
0 0.708478 0.324462 0.713894 0.327989 0.709864 0.336554 0.704447 0.333783 0.708478 0.324462
0 0.800872 0.359703 0.868331 0.322905 0.885362 0.354504 0.819703 0.392258 0.800872 0.359703
0 0.793636 0.248598 0.801843 0.244289 0.815591 0.266039 0.791174 0.279786 0.783172 0.264808 0.797945 0.254753 0.793636 0.248598
0 0.829426 0.236013 0.829748 0.225724 0.831195 0.212380 0.863348 0.215435 0.862705 0.228457 0.861741 0.238585 0.829426 0.236013
0 0.916981 0.220483 0.927430 0.213410 0.951063 0.244759 0.940453 0.251833 0.916981 0.220483
0 0.930798 0.195340 0.930601 0.203630 0.923100 0.203531 0.923100 0.195438 0.930798 0.195340
0 0.475598 0.449139 0.481816 0.449139 0.481619 0.460095 0.475105 0.459996 0.475598 0.449139
0 0.810739 0.343478 0.804011 0.340039 0.814476 0.327929 0.818962 0.334358 0.810739 0.343478
