0 0.882252 0.318185 0.880815 0.296435 0.933958 0.290485 0.948321 0.281046 0.960427 0.296025 0.936831 0.312234 0.882252 0.318185
0 0.961479 0.293962 0.960146 0.286388 0.972628 0.284631 0.973658 0.292265 0.961479 0.293962
0 0.822858 0.294825 0.831802 0.297974 0.828400 0.304650 0.819835 0.301753 0.822858 0.294825
0 0.895159 0.294072 0.894492 0.287770 0.911882 0.286316 0.912427 0.292496 0.895159 0.294072
3 0.998824 0.487195 0.994670 0.486657 0.993387 0.494454 0.954039 0.464658 0.953612 0.461450 0.964864 0.461253 0.968417 0.448225 0.993683 0.434308 0.998824 0.443626 0.998824 0.487195
3 0.604626 0.662480 0.621506 0.676306 0.615076 0.682576 0.622632 0.690453 0.603983 0.707977 0.596587 0.701385 0.582922 0.713925 0.566042 0.696723 0.604626 0.662480
0 0.433818 0.799893 0.427896 0.799203 0.424837 0.796735 0.424146 0.792195 0.427304 0.788938 0.432831 0.787655 0.436878 0.790517 0.437569 0.795847 0.433818 0.799893
0 0.418109 0.802122 0.416260 0.799995 0.415776 0.796723 0.418502 0.793996 0.422622 0.794723 0.424016 0.798419 0.421714 0.801812 0.418109 0.802122
0 0.847711 0.964897 0.863627 0.959270 0.877292 0.958787 0.887742 0.986922 0.857678 0.993192 0.847711 0.964897
0 0.887742 0.986922 0.888317 0.992950 0.859399 0.997983 0.857678 0.993192 0.887742 0.986922
0 0.900256 0.992490 0.909458 0.990247 0.913248 0.997671 0.907242 0.999005 0.903829 0.999005 0.900256 0.992490
3 0.054960 0.756274 0.042363 0.767107 0.031152 0.753503 0.043749 0.743048 0.054960 0.756274
0 0.209665 0.562612 0.216693 0.575033 0.209725 0.578184 0.204212 0.565035 0.209665 0.562612
0 0.090948 0.694515 0.089073 0.690764 0.093712 0.687507 0.096179 0.690863 0.090948 0.694515
