0 0.322222 0.999008 0.315703 0.960056 0.348768 0.953715 0.355737 0.999008 0.322222 0.999008
0 0.434920 0.999009 0.432735 0.986058 0.443632 0.985250 0.445581 0.999009 0.434920 0.999009
0 0.429847 0.963227 0.435282 0.975457 0.428035 0.979080 0.423052 0.965945 0.429847 0.963227
0 0.397037 0.945996 0.397126 0.951536 0.389754 0.951874 0.389845 0.946098 0.397037 0.945996
0 0.528203 0.933016 0.527731 0.937979 0.524895 0.938925 0.520641 0.937507 0.520168 0.933016 0.521822 0.931126 0.526076 0.930180 0.528203 0.933016
3 0.535530 0.940815 0.534821 0.945306 0.529149 0.945069 0.529149 0.940343 0.535530 0.940815
0 0.549515 0.973236 0.554249 0.978176 0.551779 0.981263 0.545811 0.976118 0.549515 0.973236
0 0.541282 0.968502 0.543341 0.974532 0.538401 0.976735 0.536343 0.970149 0.541282 0.968502
3 0.696275 0.870205 0.700003 0.880924 0.665983 0.890711 0.662721 0.878594 0.671110 0.876730 0.669245 0.871603 0.677634 0.869739 0.679498 0.873934 0.696275 0.870205
0 0.663653 0.943372 0.663653 0.951760 0.655265 0.952227 0.654799 0.943838 0.663653 0.943372
1 0.734769 0.944380 0.734780 0.952051 0.730120 0.952051 0.730334 0.944378 0.734769 0.944380
1 0.725924 0.919277 0.724283 0.944541 0.718148 0.944304 0.719576 0.918975 0.725924 0.919277
1 0.718062 0.919034 0.717184 0.935020 0.710905 0.934799 0.711193 0.918594 0.718062 0.919034
1 0.710997 0.919294 0.710195 0.945992 0.702800 0.946168 0.704767 0.918998 0.710997 0.919294
1 0.710764 0.953355 0.710194 0.957799 0.703814 0.957116 0.703928 0.953014 0.710764 0.953355
3 0.892698 0.909287 0.885740 0.922050 0.878380 0.918103 0.884777 0.905335 0.892698 0.909287
2 0.245225 0.529375 0.241284 0.534990 0.224256 0.523173 0.228650 0.516686 0.245225 0.529375
2 0.250398 0.522972 0.245547 0.529014 0.231784 0.517142 0.236942 0.511423 0.250398 0.522972
3 0.309355 0.300893 0.314846 0.319102 0.288834 0.327484 0.282186 0.309275 0.309355 0.300893
3 0.870270 0.901901 0.867362 0.908083 0.853083 0.901715 0.856051 0.895719 0.870270 0.901901
0 0.096168 0.341352 0.095590 0.337796 0.097716 0.336017 0.100298 0.334812 0.103568 0.335844 0.103052 0.341868 0.099149 0.342892 0.096168 0.341352
3 0.814935 0.835493 0.822852 0.843410 0.819065 0.847712 0.811148 0.840140 0.814935 0.835493
1 0.855858 0.910345 0.865726 0.912171 0.864766 0.918244 0.854937 0.916482 0.855858 0.910345
3 0.323972 0.290576 0.326336 0.295541 0.327282 0.301924 0.324208 0.301688 0.324444 0.304525 0.316406 0.304525 0.315224 0.291758 0.323972 0.290576
