0 0.525849 0.815547 0.539103 0.815339 0.538894 0.830470 0.525328 0.830366 0.525849 0.815547
0 0.553731 0.812849 0.559153 0.813049 0.558852 0.819776 0.553280 0.819826 0.553731 0.812849
0 0.469287 0.761312 0.486483 0.761119 0.486653 0.775398 0.497532 0.775908 0.497872 0.768769 0.505691 0.768769 0.505861 0.761289 0.531020 0.760609 0.530340 0.806846 0.527620 0.807186 0.527790 0.811436 0.507391 0.811946 0.507561 0.810246 0.506541 0.810586 0.506201 0.811946 0.498552 0.811606 0.497872 0.816535 0.474924 0.817215 0.475264 0.807866 0.472374 0.807866 0.472636 0.795499 0.466062 0.795812 0.465330 0.769596 0.469245 0.769244 0.469287 0.761312
0 0.531455 0.698384 0.532811 0.713307 0.530933 0.713307 0.532811 0.731361 0.508392 0.731883 0.507452 0.713307 0.504948 0.713307 0.504009 0.697027 0.531455 0.698384
3 0.661181 0.566369 0.669738 0.579936 0.648240 0.594754 0.649597 0.596633 0.648449 0.597155 0.655963 0.606756 0.662850 0.602373 0.674225 0.618757 0.645631 0.636706 0.620064 0.598824 0.637596 0.587554 0.635404 0.584736 0.661181 0.566369
0 0.688486 0.594130 0.690677 0.594234 0.690573 0.601852 0.687755 0.601748 0.688486 0.594130
3 0.667372 0.568150 0.672278 0.564552 0.677348 0.572647 0.672278 0.576572 0.667372 0.568150
3 0.587172 0.393352 0.605613 0.394436 0.602792 0.416349 0.627742 0.418952 0.624054 0.447156 0.621016 0.447156 0.620148 0.450193 0.578646 0.447807 0.587172 0.393352
3 0.675982 0.351273 0.669855 0.364059 0.640021 0.344081 0.646414 0.333692 0.675982 0.351273
3 0.621953 0.303973 0.645489 0.278776 0.672347 0.303697 0.649088 0.328063 0.621953 0.303973
3 0.491303 0.199631 0.497252 0.192661 0.520031 0.211020 0.512381 0.217820 0.491303 0.199631
1 0.453434 0.200916 0.458586 0.196009 0.468561 0.204759 0.464473 0.209419 0.453434 0.200916
3 0.467421 0.109316 0.482072 0.119705 0.468087 0.135954 0.453169 0.125565 0.467421 0.109316
0 0.234530 0.000007 0.233851 0.005465 0.235380 0.015834 0.213112 0.016854 0.214472 0.006995 0.217529 0.000007 0.234530 0.000007
0 0.210061 0.027943 0.222847 0.023149 0.237232 0.019686 0.241494 0.034070 0.244291 0.033005 0.244824 0.037400 0.247088 0.041396 0.243225 0.042727 0.244158 0.046190 0.216321 0.054981 0.210061 0.027943
0 0.150064 0.239652 0.171976 0.235964 0.173278 0.242473 0.150715 0.245510 0.150064 0.239652
3 0.151204 0.266633 0.180102 0.270542 0.176193 0.280912 0.172793 0.291451 0.147465 0.285161 0.147635 0.278022 0.151204 0.266633
0 0.238420 0.320203 0.242907 0.320829 0.242490 0.332309 0.237898 0.331891 0.238420 0.320203
2 0.210756 0.406070 0.235929 0.401275 0.237793 0.410466 0.212620 0.414195 0.210756 0.406070
3 0.228597 0.433244 0.235922 0.433244 0.235656 0.438838 0.228597 0.438572 0.228597 0.433244
3 0.215145 0.433111 0.222870 0.433111 0.222603 0.439504 0.215278 0.439504 0.215145 0.433111
3 0.208055 0.424087 0.215647 0.423421 0.215914 0.431812 0.208455 0.432079 0.208055 0.424087
3 0.158339 0.513097 0.176129 0.516134 0.173742 0.534575 0.154434 0.533056 0.158339 0.513097
3 0.180143 0.481831 0.186136 0.482497 0.184005 0.493818 0.177879 0.492486 0.180143 0.481831
3 0.182141 0.506871 0.197324 0.508203 0.196925 0.514862 0.182540 0.514329 0.182141 0.506871
3 0.153653 0.497671 0.165640 0.498603 0.164708 0.504863 0.152454 0.504064 0.153653 0.497671
2 0.064623 0.592660 0.077143 0.592926 0.076610 0.605712 0.063645 0.604876 0.064623 0.592660
3 0.081127 0.622420 0.118009 0.628061 0.114321 0.649105 0.078307 0.645417 0.081127 0.622420
0 0.036895 0.610297 0.046351 0.610430 0.045286 0.622284 0.036096 0.622151 0.036895 0.610297
0 0.038230 0.752793 0.047240 0.755683 0.036530 0.787641 0.026671 0.783561 0.038230 0.752793
0 0.157627 0.752850 0.165003 0.754369 0.163051 0.768254 0.156759 0.767169 0.157627 0.752850
3 0.182862 0.769659 0.192319 0.769792 0.191120 0.778716 0.180731 0.778317 0.182862 0.769659
0 0.203736 0.785721 0.205719 0.779981 0.212920 0.782799 0.209789 0.789164 0.203736 0.785721
3 0.177438 0.810782 0.187977 0.814182 0.185597 0.824041 0.175398 0.821321 0.177438 0.810782
3 0.158520 0.797000 0.168048 0.797523 0.168089 0.814522 0.155849 0.814182 0.158520 0.797000
0 0.171186 0.891338 0.178156 0.891338 0.179346 0.905616 0.171342 0.905764 0.171186 0.891338
0 0.201421 0.881704 0.204134 0.881078 0.205595 0.881704 0.207265 0.882748 0.207787 0.886296 0.206117 0.888696 0.203404 0.889322 0.201421 0.888801 0.199751 0.884417 0.201421 0.881704
0 0.210771 0.915518 0.217882 0.915582 0.218075 0.918401 0.210643 0.918337 0.210771 0.915518
3 0.221058 0.937348 0.243168 0.936416 0.243168 0.947470 0.234511 0.947204 0.233711 0.968248 0.216130 0.965318 0.218016 0.949332 0.220392 0.949335 0.221058 0.937348
0 0.282251 0.999008 0.285892 0.983426 0.330939 0.992945 0.330506 0.999009 0.282251 0.999008
1 0.344198 0.926820 0.378705 0.932770 0.377005 0.940759 0.376155 0.949429 0.341648 0.943819 0.343518 0.934300 0.344198 0.926820
0 0.323051 0.924242 0.330243 0.925308 0.328911 0.933166 0.322385 0.931834 0.323051 0.924242
0 0.393155 0.955986 0.394685 0.958026 0.394515 0.962446 0.392815 0.964146 0.389075 0.965336 0.386695 0.962786 0.387035 0.958196 0.390945 0.956326 0.393155 0.955986
0 0.413043 0.940007 0.425962 0.940177 0.425112 0.949017 0.412193 0.948847 0.413043 0.940007
2 0.431223 0.952435 0.453709 0.955296 0.447413 0.975656 0.434985 0.974185 0.435884 0.967480 0.427380 0.965517 0.431223 0.952435
3 0.473574 0.999009 0.481035 0.977987 0.502794 0.983256 0.502114 0.987676 0.523192 0.988526 0.523751 0.999009 0.473574 0.999009
0 0.244934 0.880733 0.251563 0.881753 0.249353 0.888893 0.243404 0.886513 0.244934 0.880733
3 0.248523 0.904996 0.265136 0.906380 0.262921 0.916902 0.247138 0.915518 0.248523 0.904996
