0 0.932165 0.640647 0.950016 0.645804 0.942082 0.676746 0.924231 0.671193 0.932165 0.640647
0 0.934535 0.742244 0.963759 0.714724 0.971066 0.723004 0.970335 0.725196 0.983486 0.740539 0.991036 0.749063 0.987626 0.762457 0.978128 0.764162 0.974719 0.787054 0.949391 0.784619 0.952557 0.762701 0.934535 0.742244
0 0.798948 0.796185 0.803575 0.794688 0.807287 0.797551 0.806905 0.801558 0.803089 0.804229 0.798128 0.800795 0.798948 0.796185
0 0.950792 0.854940 0.964099 0.853594 0.965893 0.869592 0.952437 0.870638 0.950792 0.854940
0 0.951692 0.874038 0.959861 0.873579 0.960228 0.880463 0.951967 0.880922 0.951692 0.874038
0 0.509004 0.927003 0.517673 0.923957 0.523413 0.940357 0.514276 0.942935 0.509004 0.927003
0 0.363770 0.964373 0.370287 0.964831 0.369736 0.972174 0.363219 0.971807 0.363770 0.964373
0 0.938421 0.760218 0.946928 0.758207 0.950562 0.763389 0.950485 0.768338 0.940277 0.770117 0.938421 0.760218
0 0.940745 0.078541 0.943412 0.071360 0.955518 0.074643 0.953466 0.082235 0.940745 0.078541
0 0.998856 0.367911 0.994348 0.360665 0.982370 0.361340 0.982370 0.345987 0.992661 0.345987 0.993505 0.348687 0.998856 0.348968 0.998856 0.367911
