0 0.920743 0.264399 0.929725 0.256071 0.940503 0.260643 0.940176 0.262440 0.946055 0.265053 0.949974 0.261950 0.958139 0.266359 0.956670 0.271585 0.962875 0.276320 0.964345 0.273871 0.974796 0.279260 0.970550 0.284812 0.975449 0.288568 0.976756 0.286935 0.979369 0.289221 0.972020 0.298856 0.968264 0.305715 0.958629 0.306368 0.959772 0.301469 0.951607 0.297386 0.949648 0.300979 0.946055 0.299509 0.944422 0.302775 0.932991 0.295753 0.935767 0.288568 0.915681 0.279586 0.920743 0.264399
0 0.946022 0.328318 0.948654 0.326638 0.946857 0.321085 0.956655 0.315533 0.958288 0.321085 0.969066 0.315043 0.985560 0.345907 0.980681 0.348536 0.962861 0.358318 0.946022 0.328318
0 0.980681 0.348536 0.985560 0.345907 0.987379 0.349416 0.982927 0.351414 0.980681 0.348536
0 0.998845 0.427843 0.984577 0.424180 0.984577 0.421470 0.975615 0.420011 0.974990 0.421053 0.958733 0.418552 0.964777 0.388540 0.979366 0.391041 0.975823 0.407715 0.990413 0.408757 0.991038 0.393125 0.998845 0.395008 0.998845 0.427843
4 0.985782 0.372676 0.991826 0.374552 0.990784 0.379763 0.985157 0.377678 0.985782 0.372676
0 0.922367 0.366490 0.938859 0.368618 0.934603 0.385908 0.956415 0.390164 0.949499 0.411976 0.929017 0.408784 0.927421 0.415434 0.920238 0.414104 0.913322 0.411710 0.922367 0.366490
0 0.873260 0.260896 0.886814 0.231665 0.900041 0.237870 0.898082 0.240810 0.909023 0.245382 0.915718 0.235910 0.928946 0.242443 0.919964 0.260243 0.909676 0.255670 0.907553 0.259753 0.909676 0.260079 0.903307 0.274613 0.873260 0.260896
0 0.846276 0.208277 0.871703 0.219948 0.878581 0.222032 0.885042 0.226201 0.870870 0.254129 0.831895 0.235580 0.846276 0.208277
0 0.798239 0.201160 0.816920 0.209093 0.823062 0.194123 0.841103 0.202184 0.836241 0.216898 0.827796 0.237115 0.788387 0.219969 0.798239 0.201160
0 0.752002 0.180593 0.762423 0.158917 0.802648 0.176424 0.795354 0.194140 0.789101 0.194557 0.786183 0.191222 0.785766 0.189346 0.774512 0.183302 0.766592 0.188721 0.775137 0.193932 0.770760 0.202060 0.767842 0.200810 0.764508 0.209772 0.745750 0.202269 0.751377 0.192890 0.749710 0.191639 0.754086 0.182885 0.752002 0.180593
0 0.716988 0.154749 0.754920 0.172673 0.740956 0.202894 0.733661 0.200393 0.725741 0.195808 0.730118 0.184136 0.707817 0.175174 0.710944 0.165587 0.716988 0.154749
0 0.739497 0.151414 0.757630 0.158917 0.755754 0.165795 0.753461 0.171005 0.735329 0.161210 0.736996 0.157458 0.739497 0.151414
0 0.675768 0.129889 0.710366 0.147188 0.701821 0.165112 0.706823 0.167821 0.698903 0.184287 0.682854 0.176158 0.687856 0.164070 0.665555 0.153649 0.669932 0.140518 0.675768 0.129889
0 0.634292 0.126762 0.624705 0.121344 0.634292 0.104461 0.672225 0.123219 0.655968 0.159276 0.654092 0.158442 0.652008 0.161569 0.639503 0.156150 0.642212 0.151564 0.639920 0.150106 0.637627 0.155733 0.624080 0.148855 0.634292 0.126762
0 0.602630 0.089036 0.619287 0.096875 0.617001 0.105203 0.612755 0.103733 0.610632 0.110429 0.617817 0.114511 0.608672 0.138190 0.574542 0.122840 0.586136 0.099487 0.596424 0.105530 0.602630 0.089036
0 0.622226 0.093935 0.628922 0.096221 0.624349 0.106673 0.618797 0.104060 0.622226 0.093935
0 0.491900 0.034861 0.500412 0.058270 0.506530 0.055875 0.510254 0.067580 0.504668 0.069442 0.509988 0.084072 0.485782 0.088860 0.487644 0.093914 0.494560 0.092052 0.496954 0.099234 0.494294 0.100564 0.495092 0.102692 0.514244 0.097638 0.518234 0.113066 0.497220 0.119982 0.490570 0.120780 0.491102 0.122642 0.475674 0.128228 0.469024 0.109874 0.480728 0.106682 0.477536 0.096574 0.465566 0.099234 0.460246 0.083274 0.462374 0.083008 0.461842 0.079284 0.457319 0.081146 0.452265 0.067048 0.466896 0.061462 0.462108 0.044171 0.474876 0.039383 0.491900 0.034861
0 0.505585 0.122079 0.509128 0.130624 0.513921 0.140420 0.502458 0.143338 0.505585 0.151258 0.522675 0.146047 0.524551 0.154593 0.527260 0.160845 0.503084 0.170849 0.501833 0.166473 0.482658 0.173351 0.477239 0.157511 0.481199 0.156260 0.473279 0.134793 0.505585 0.122079
0 0.483270 0.180675 0.499230 0.173493 0.501092 0.176951 0.536205 0.163651 0.539663 0.176419 0.529821 0.179079 0.545781 0.183601 0.538333 0.205147 0.508008 0.194241 0.491250 0.201689 0.483270 0.180675
0 0.562041 0.182731 0.581726 0.202416 0.587312 0.198958 0.599282 0.210396 0.568691 0.239390 0.545549 0.212258 0.549539 0.209598 0.544219 0.202150 0.549539 0.198425 0.547145 0.194967 0.562041 0.182731
0 0.612050 0.194967 0.621094 0.198425 0.629606 0.202682 0.624552 0.212790 0.647428 0.222898 0.640512 0.235400 0.636788 0.243114 0.633064 0.244444 0.630404 0.248700 0.604070 0.234602 0.609922 0.220504 0.613114 0.215716 0.604070 0.211992 0.612050 0.194967
0 0.660222 0.218522 0.691693 0.233111 0.685649 0.245616 0.671268 0.238321 0.668350 0.243949 0.685858 0.252077 0.676895 0.270627 0.639171 0.252702 0.647091 0.233528 0.661264 0.241031 0.664182 0.234987 0.656053 0.232069 0.660222 0.218522
0 0.681481 0.273753 0.700239 0.234570 0.717746 0.242907 0.712327 0.253745 0.719413 0.256871 0.725457 0.246450 0.738588 0.251660 0.727750 0.277713 0.719205 0.273961 0.717121 0.279589 0.705866 0.275837 0.708992 0.269585 0.703573 0.267709 0.696904 0.280839 0.681481 0.273753
0 0.744745 0.259360 0.759606 0.269485 0.764505 0.261973 0.778059 0.267525 0.778875 0.272261 0.764668 0.299369 0.757972 0.294960 0.756339 0.297899 0.745072 0.292021 0.747358 0.286795 0.733967 0.281732 0.744745 0.259360
0 0.786735 0.280380 0.819457 0.297471 0.813413 0.307475 0.807369 0.305391 0.805076 0.310393 0.777565 0.298930 0.780483 0.290384 0.786735 0.280380
0 0.767600 0.303010 0.780730 0.308846 0.774061 0.323644 0.761347 0.318433 0.767600 0.303010
0 0.816271 0.317027 0.829706 0.323169 0.823692 0.335708 0.810257 0.330207 0.816271 0.317027
0 0.840294 0.301496 0.863810 0.311457 0.859891 0.320276 0.849602 0.314723 0.845846 0.323379 0.857441 0.328278 0.862177 0.319133 0.871648 0.323379 0.861687 0.341668 0.840784 0.334810 0.843234 0.326318 0.832129 0.321745 0.840294 0.301496
0 0.843814 0.355866 0.860471 0.358642 0.860635 0.354560 0.884477 0.353090 0.882517 0.365991 0.882517 0.368277 0.880558 0.374973 0.879251 0.382485 0.871249 0.382158 0.870596 0.386567 0.847734 0.381995 0.847734 0.377422 0.839405 0.376932 0.841528 0.365664 0.843814 0.355866
0 0.809496 0.350778 0.817007 0.356330 0.822233 0.350615 0.836767 0.362046 0.831051 0.368578 0.833828 0.371354 0.831541 0.373804 0.832685 0.374947 0.833664 0.377396 0.833991 0.379519 0.834154 0.382459 0.832358 0.383929 0.828929 0.385398 0.827295 0.385562 0.823866 0.384418 0.820273 0.381969 0.813905 0.387848 0.802637 0.378703 0.806883 0.372007 0.797411 0.363842 0.809496 0.350778
0 0.754585 0.340168 0.772141 0.343094 0.768949 0.359320 0.774269 0.359586 0.774801 0.357458 0.786505 0.361448 0.787835 0.369162 0.786239 0.376078 0.765225 0.372886 0.764427 0.374748 0.748733 0.372088 0.754585 0.340168
0 0.780540 0.331306 0.788348 0.332664 0.785633 0.339453 0.778843 0.338095 0.780540 0.331306
0 0.708487 0.337571 0.742536 0.346349 0.739876 0.359117 0.736152 0.371353 0.727373 0.369757 0.727373 0.367629 0.712743 0.364969 0.706891 0.362043 0.700241 0.360447 0.708487 0.337571
0 0.691463 0.356191 0.672577 0.347945 0.665927 0.360713 0.658213 0.352733 0.648637 0.346083 0.672843 0.311768 0.704763 0.326931 0.691463 0.356191
0 0.630282 0.304852 0.632576 0.305872 0.636005 0.297380 0.652989 0.306035 0.648579 0.313547 0.660011 0.317793 0.651846 0.333634 0.652989 0.334613 0.647573 0.346674 0.635070 0.340763 0.644646 0.322142 0.634272 0.316822 0.629484 0.327463 0.636134 0.329857 0.631612 0.337039 0.617780 0.330123 0.630282 0.304852
0 0.586524 0.283010 0.598119 0.290358 0.606447 0.282193 0.604324 0.279580 0.609387 0.279417 0.614286 0.280560 0.622451 0.289215 0.623431 0.286766 0.619838 0.283663 0.627513 0.271252 0.636985 0.277784 0.609877 0.322202 0.594036 0.313221 0.591097 0.317793 0.572480 0.305546 0.571664 0.303586 0.572317 0.300320 0.575583 0.297544 0.577216 0.296237 0.578523 0.295911 0.586524 0.283010
0 0.567891 0.243671 0.582150 0.252838 0.594711 0.265399 0.580452 0.280337 0.583168 0.282374 0.568570 0.299688 0.548200 0.281695 0.555330 0.273547 0.545824 0.265399 0.567891 0.243671
0 0.998845 0.565224 0.990324 0.564041 0.981725 0.562562 0.989958 0.527898 0.998845 0.529392 0.998845 0.565224
0 0.998845 0.637720 0.989190 0.632585 0.988658 0.630191 0.979614 0.628329 0.976954 0.627796 0.979348 0.603058 0.982008 0.591088 0.990520 0.592152 0.990786 0.589758 0.996638 0.589758 0.997170 0.592684 0.998845 0.593373 0.998845 0.637720
0 0.976422 0.589758 0.971368 0.606516 0.974028 0.609708 0.975092 0.613964 0.971368 0.633649 0.962590 0.630723 0.959930 0.633383 0.948758 0.629925 0.952216 0.620880 0.945566 0.618486 0.950354 0.599334 0.955674 0.599334 0.960462 0.590024 0.976422 0.589758
0 0.910985 0.536291 0.919497 0.538419 0.912315 0.563158 0.904069 0.562360 0.910985 0.536291
0 0.910719 0.513149 0.897685 0.511021 0.896355 0.516075 0.892897 0.513947 0.883450 0.561899 0.859948 0.555839 0.865765 0.524587 0.878001 0.525119 0.879597 0.521661 0.871617 0.520065 0.872415 0.512617 0.873745 0.504903 0.881459 0.506765 0.883587 0.493199 0.914709 0.500381 0.920827 0.501445 0.926945 0.502243 0.930669 0.503839 0.929073 0.515011 0.930935 0.515809 0.930403 0.519799 0.928275 0.519533 0.927211 0.529109 0.909123 0.527247 0.910719 0.513149
0 0.846618 0.481571 0.868502 0.487406 0.864334 0.509499 0.853079 0.506790 0.850787 0.513459 0.864959 0.516794 0.859332 0.537010 0.851829 0.535760 0.850370 0.546598 0.829319 0.541804 0.846618 0.481571
0 0.769732 0.448160 0.781977 0.452120 0.781977 0.449726 0.796873 0.453982 0.789425 0.482710 0.761761 0.474464 0.769732 0.448160
0 0.822527 0.474015 0.842743 0.476516 0.827946 0.545086 0.802310 0.540710 0.804602 0.528621 0.802101 0.527788 0.803769 0.523828 0.805853 0.523619 0.810438 0.502152 0.820651 0.504444 0.821693 0.500693 0.813148 0.499442 0.815232 0.487771 0.819192 0.488188 0.822527 0.474015
0 0.767905 0.502122 0.785900 0.505073 0.785379 0.508000 0.802199 0.511593 0.795667 0.537068 0.761700 0.530536 0.767905 0.502122
0 0.748630 0.486810 0.764887 0.488686 0.762386 0.503692 0.745920 0.501817 0.748630 0.486810
0 0.667219 0.472729 0.683267 0.471270 0.685977 0.472313 0.688686 0.468978 0.689520 0.464809 0.694105 0.463142 0.699941 0.463559 0.704735 0.467310 0.705360 0.471062 0.708695 0.471687 0.708069 0.477315 0.714530 0.477731 0.714739 0.475647 0.712446 0.472729 0.709945 0.470645 0.710570 0.464393 0.713280 0.462100 0.715573 0.462517 0.721617 0.463350 0.722034 0.461475 0.731204 0.462725 0.730787 0.464393 0.731829 0.467310 0.735789 0.467936 0.736415 0.474605 0.734122 0.480858 0.729120 0.483150 0.718074 0.484609 0.719324 0.491279 0.711196 0.490445 0.710570 0.494197 0.708903 0.497323 0.702442 0.497740 0.698065 0.496489 0.695773 0.494822 0.695773 0.490862 0.685977 0.488152 0.684726 0.497948 0.679307 0.500241 0.669303 0.500032 0.662842 0.498365 0.662009 0.487736 0.663467 0.482317 0.665552 0.474605 0.667219 0.472729
0 0.695564 0.432296 0.710362 0.434797 0.710362 0.435631 0.707236 0.450845 0.693480 0.448136 0.692438 0.446885 0.695564 0.432296
0 0.658049 0.446468 0.660498 0.440031 0.673837 0.443366 0.675505 0.450035 0.674254 0.453995 0.670086 0.456080 0.667793 0.455454 0.667243 0.471086 0.656798 0.471062 0.654089 0.467727 0.655339 0.457932 0.650337 0.457098 0.652213 0.445843 0.658049 0.446468
0 0.641949 0.413979 0.656538 0.420440 0.649244 0.434195 0.636113 0.424817 0.641949 0.413979
0 0.630922 0.436832 0.646762 0.443717 0.629288 0.481740 0.617367 0.477821 0.620144 0.466553 0.617041 0.462797 0.616714 0.457408 0.618021 0.454469 0.622430 0.452672 0.624879 0.452182 0.630922 0.436832
0 0.584494 0.393475 0.594946 0.400660 0.583351 0.418134 0.572737 0.411765 0.584494 0.393475
0 0.573407 0.418703 0.619921 0.431323 0.603420 0.477478 0.579660 0.471433 0.578618 0.474143 0.565279 0.471017 0.563820 0.472892 0.560277 0.471017 0.554858 0.476019 0.542978 0.469349 0.546521 0.457678 0.542353 0.456219 0.549647 0.438086 0.566321 0.442671 0.573407 0.418703
0 0.533824 0.419966 0.544316 0.423293 0.541117 0.430970 0.546747 0.434168 0.533952 0.470763 0.526275 0.468460 0.526019 0.469227 0.523332 0.473578 0.519493 0.475241 0.515527 0.473450 0.514375 0.469227 0.514631 0.465773 0.520773 0.447348 0.533824 0.419966
0 0.475266 0.412795 0.494209 0.419818 0.489963 0.429942 0.493719 0.431085 0.495515 0.427166 0.506620 0.431249 0.493556 0.460807 0.485390 0.459663 0.482288 0.464399 0.477552 0.462929 0.470856 0.460643 0.472000 0.455091 0.464978 0.452805 0.466447 0.446763 0.462201 0.444313 0.475266 0.412795
0 0.449685 0.403884 0.462224 0.408746 0.458258 0.418471 0.465679 0.421542 0.454168 0.449435 0.450467 0.448756 0.442776 0.448412 0.439705 0.446876 0.437146 0.444061 0.446230 0.416168 0.445207 0.414632 0.449685 0.403884
0 0.403109 0.388660 0.419164 0.394232 0.412510 0.409330 0.426073 0.413681 0.431319 0.403445 0.444114 0.408947 0.442514 0.413009 0.444914 0.413809 0.443935 0.417891 0.442301 0.417238 0.440668 0.422301 0.441485 0.422627 0.437892 0.430302 0.435606 0.428343 0.430870 0.439284 0.402619 0.431609 0.387922 0.425730 0.403109 0.388660
0 0.350237 0.390798 0.360036 0.392758 0.360689 0.391942 0.358239 0.390635 0.359546 0.387696 0.363628 0.388512 0.365751 0.382470 0.391880 0.391452 0.383061 0.416110 0.384858 0.416600 0.383061 0.421989 0.370977 0.417743 0.370324 0.420030 0.359056 0.416437 0.361505 0.410558 0.344848 0.405986 0.350237 0.390798
0 0.341914 0.352481 0.348583 0.350189 0.351501 0.358317 0.344832 0.361443 0.341914 0.352481
0 0.318571 0.363527 0.324615 0.374157 0.326491 0.372698 0.331493 0.382494 0.332952 0.382077 0.335245 0.385828 0.323573 0.393748 0.320238 0.389372 0.318779 0.388329 0.315236 0.386454 0.314403 0.388746 0.305857 0.392706 0.304190 0.392498 0.298979 0.392289 0.293144 0.382702 0.292310 0.379993 0.295853 0.377492 0.300647 0.374782 0.318571 0.363527
0 0.281510 0.348010 0.306263 0.335674 0.315477 0.353889 0.304699 0.362054 0.301923 0.365646 0.300943 0.368259 0.295717 0.371362 0.291308 0.368259 0.288369 0.365157 0.281510 0.348010
0 0.298760 0.305662 0.308764 0.330464 0.276875 0.346512 0.275417 0.344219 0.271665 0.345470 0.265829 0.319209 0.269164 0.317542 0.268330 0.313165 0.298760 0.305662
0 0.297092 0.272106 0.300635 0.287738 0.298760 0.301076 0.290214 0.301076 0.289589 0.305870 0.264996 0.307537 0.263953 0.289822 0.264370 0.273565 0.297092 0.272106
0 0.336928 0.280596 0.338595 0.283097 0.349225 0.281013 0.351309 0.293101 0.353185 0.292685 0.354643 0.296228 0.357353 0.306440 0.358603 0.312901 0.361938 0.323114 0.343597 0.328116 0.339637 0.313527 0.333593 0.314569 0.332134 0.310609 0.330258 0.310609 0.328382 0.302272 0.330884 0.302063 0.329008 0.294560 0.324422 0.294977 0.321296 0.284348 0.336928 0.280596
0 0.339070 0.324321 0.342500 0.334119 0.329925 0.335589 0.328456 0.331833 0.329109 0.326608 0.339070 0.324321
0 0.358488 0.206148 0.350776 0.231992 0.344523 0.231783 0.343898 0.240329 0.329309 0.239703 0.321806 0.236577 0.322848 0.228032 0.319721 0.226990 0.320138 0.215735 0.323473 0.214276 0.323681 0.206148 0.327433 0.191975 0.340355 0.200104 0.341814 0.196977 0.358488 0.206148
0 0.352961 0.147124 0.381212 0.172110 0.368330 0.189941 0.366841 0.189256 0.366188 0.190400 0.366678 0.191379 0.359329 0.201831 0.328465 0.187950 0.333854 0.174722 0.332874 0.173416 0.340876 0.161822 0.343489 0.162801 0.344306 0.162148 0.343816 0.158555 0.352961 0.147124
0 0.376983 0.127262 0.386407 0.135883 0.384703 0.137487 0.385806 0.138289 0.390217 0.136184 0.396332 0.142701 0.395029 0.144605 0.398939 0.148916 0.392222 0.154130 0.393826 0.159142 0.383099 0.167363 0.367559 0.151724 0.369865 0.148716 0.369264 0.146911 0.365855 0.149819 0.359339 0.144806 0.376983 0.127262
0 0.396355 0.108480 0.412095 0.125924 0.408085 0.129733 0.416105 0.139258 0.405277 0.147278 0.390841 0.130034 0.382019 0.119708 0.396355 0.108480
0 0.330754 0.097450 0.347132 0.083504 0.348156 0.084015 0.357752 0.074547 0.360439 0.076850 0.366581 0.071476 0.383599 0.091437 0.353402 0.119074 0.330754 0.097450
0 0.305240 0.137632 0.316078 0.138882 0.323998 0.150970 0.322747 0.163684 0.313785 0.170562 0.298988 0.169728 0.288775 0.159516 0.291901 0.146802 0.305240 0.137632
0 0.289461 0.174289 0.315263 0.182269 0.308613 0.203018 0.304623 0.201954 0.303825 0.203550 0.299835 0.201954 0.300899 0.200624 0.283077 0.195836 0.289461 0.174289
0 0.295088 0.202526 0.302600 0.204976 0.300803 0.211018 0.293945 0.209548 0.295088 0.202526
0 0.287505 0.217187 0.309317 0.219315 0.303997 0.248043 0.281121 0.245383 0.284313 0.223571 0.285909 0.223571 0.287505 0.217187
0 0.181035 0.207679 0.185823 0.208477 0.191941 0.211403 0.199655 0.211669 0.208966 0.212467 0.209232 0.217521 0.212690 0.218585 0.212158 0.228427 0.210030 0.228427 0.208966 0.235344 0.211094 0.234014 0.210030 0.262476 0.187951 0.260880 0.183429 0.255294 0.180769 0.255028 0.181301 0.238802 0.177843 0.237206 0.178641 0.224703 0.176513 0.221777 0.181035 0.207679
0 0.209854 0.267528 0.211729 0.284201 0.209854 0.283993 0.209228 0.287744 0.212563 0.288370 0.213605 0.297332 0.211104 0.298165 0.211938 0.317757 0.196306 0.318591 0.195889 0.316090 0.193805 0.316090 0.194639 0.319841 0.180258 0.321300 0.175673 0.317757 0.176089 0.305252 0.180258 0.301500 0.180049 0.291496 0.181300 0.291496 0.180883 0.267944 0.209854 0.267528
0 0.161152 0.392536 0.174053 0.395252 0.181522 0.387443 0.192725 0.394233 0.197138 0.388462 0.201891 0.393554 0.215132 0.372166 0.238896 0.387443 0.227014 0.406115 0.236520 0.412566 0.216150 0.443460 0.205286 0.437688 0.201552 0.442781 0.192725 0.434973 0.187972 0.442102 0.174053 0.432936 0.165226 0.426485 0.153344 0.446176 0.135011 0.433954 0.161152 0.392536
0 0.043465 0.323835 0.048884 0.336131 0.044715 0.338632 0.046591 0.343009 0.030334 0.351763 0.021998 0.340508 0.019705 0.334256 0.043465 0.323835
0 0.107521 0.148120 0.109605 0.164585 0.091681 0.167086 0.091889 0.179175 0.096683 0.178758 0.100643 0.182509 0.100017 0.188137 0.096057 0.192930 0.092514 0.191888 0.088763 0.191055 0.088346 0.192514 0.097933 0.196890 0.096891 0.212314 0.093973 0.216274 0.087095 0.221276 0.078133 0.213981 0.065836 0.214398 0.063752 0.204185 0.046662 0.207520 0.018317 0.223568 0.009771 0.201476 0.012689 0.200225 0.008729 0.192305 0.021860 0.188345 0.024361 0.195640 0.033114 0.192305 0.030613 0.184594 0.043535 0.181467 0.041868 0.175423 0.045828 0.173964 0.050622 0.182509 0.080634 0.178966 0.081260 0.167712 0.076049 0.168545 0.075215 0.151455 0.107521 0.148120
0 0.023287 0.131572 0.041356 0.134128 0.038502 0.154498 0.020577 0.152831 0.023287 0.131572
0 0.067886 0.097178 0.098097 0.099954 0.094668 0.123307 0.064947 0.117428 0.067886 0.097178
0 0.061485 0.075616 0.067530 0.072073 0.071632 0.080684 0.065445 0.084161 0.061485 0.075616
0 0.117562 0.005686 0.144694 0.012602 0.132192 0.047715 0.105591 0.040799 0.117562 0.005686
4 0.129730 0.000006 0.128029 0.003751 0.121578 0.003098 0.122422 0.000006 0.129730 0.000006
0 0.345674 0.002549 0.354330 0.011858 0.346491 0.018553 0.348941 0.021492 0.339306 0.030311 0.338326 0.029168 0.332610 0.035047 0.322812 0.024759 0.345674 0.002549
0 0.998845 0.040809 0.991246 0.038707 0.989996 0.042251 0.983952 0.043501 0.980200 0.040792 0.978116 0.040375 0.977074 0.033914 0.978116 0.026827 0.976240 0.027036 0.976448 0.011821 0.998845 0.013663 0.998845 0.040809
0 0.946025 0.000004 0.947867 0.028431 0.952930 0.028594 0.953583 0.030717 0.955379 0.030881 0.955706 0.033983 0.964197 0.033983 0.963381 0.069583 0.962238 0.077749 0.946561 0.076769 0.944274 0.085260 0.932027 0.085097 0.932190 0.058969 0.932680 0.049660 0.929741 0.048681 0.930067 0.035453 0.926801 0.034473 0.927128 0.031697 0.923862 0.031534 0.924188 0.021572 0.919779 0.020103 0.918738 0.000005 0.946025 0.000004
0 0.903851 0.000005 0.901821 0.024292 0.887457 0.024292 0.887685 0.000005 0.903851 0.000005
0 0.883702 0.000006 0.883201 0.008066 0.878146 0.029346 0.858196 0.029346 0.854768 0.000006 0.883702 0.000006
0 0.876243 0.051241 0.878146 0.029346 0.902087 0.028523 0.900629 0.054367 0.903130 0.054575 0.902504 0.071874 0.873742 0.072083 0.876243 0.051241
0 0.858196 0.029346 0.878146 0.029346 0.876243 0.051241 0.854984 0.049990 0.856027 0.029565 0.858196 0.029346
0 0.469147 0.349352 0.462719 0.345913 0.465410 0.331261 0.464961 0.326776 0.468400 0.309432 0.493667 0.315263 0.491425 0.323636 0.500096 0.326925 0.489630 0.343820 0.487089 0.349950 0.469147 0.349352
0 0.408791 0.310813 0.403067 0.311004 0.393335 0.292113 0.387610 0.278946 0.410509 0.267116 0.419095 0.286961 0.424057 0.304134 0.408791 0.310813
0 0.394231 0.269392 0.390224 0.269582 0.382019 0.252027 0.403009 0.244585 0.402246 0.242868 0.408352 0.241532 0.415603 0.260805 0.394231 0.269392
0 0.394613 0.241532 0.388316 0.245539 0.386790 0.234281 0.391560 0.232945 0.390797 0.226458 0.399002 0.218443 0.405108 0.223977 0.404917 0.228747 0.406253 0.239242 0.394613 0.241532
0 0.419229 0.227030 0.420755 0.221496 0.435639 0.215390 0.448805 0.241532 0.453003 0.256416 0.439074 0.259851 0.436021 0.251646 0.430869 0.253744 0.419229 0.227030
0 0.416748 0.219016 0.405681 0.214436 0.398620 0.207757 0.399193 0.205277 0.401101 0.197644 0.408543 0.196499 0.406253 0.193637 0.413313 0.190202 0.411214 0.185623 0.421137 0.181425 0.436021 0.211383 0.416748 0.219016
0 0.238896 0.387443 0.241876 0.391889 0.239014 0.392843 0.244739 0.397804 0.240350 0.403529 0.251227 0.410589 0.246265 0.417268 0.236520 0.412566 0.227014 0.406115 0.238896 0.387443
0 0.057918 0.061889 0.049522 0.056546 0.046278 0.054256 0.047423 0.047578 0.051239 0.042998 0.055628 0.041090 0.063643 0.041662 0.068985 0.046433 0.068795 0.053302 0.066505 0.057500 0.057918 0.061889
