4 0.454150 0.000009 0.455572 0.000011 0.455986 0.001944 0.445495 0.007603 0.443425 0.002772 0.447827 0.000009 0.454150 0.000009
3 0.850756 0.906679 0.865730 0.898576 0.872601 0.911260 0.867844 0.918835 0.869606 0.924825 0.860798 0.928877 0.857098 0.924120 0.856041 0.918307 0.853222 0.913726 0.851285 0.913374 0.850756 0.906679
1 0.867570 0.936485 0.875162 0.933034 0.872678 0.927927 0.878613 0.924062 0.887309 0.940350 0.871849 0.946976 0.867570 0.936485
1 0.872126 0.949736 0.881236 0.945181 0.883030 0.947666 0.886895 0.946838 0.890208 0.956638 0.879027 0.961883 0.872126 0.949736
0 0.887171 0.960641 0.901112 0.953325 0.907048 0.965058 0.906910 0.969061 0.899870 0.973202 0.899042 0.971822 0.893383 0.973340 0.889242 0.967819 0.887171 0.960641
0 0.889242 0.978723 0.899870 0.973202 0.904563 0.981208 0.917953 0.975134 0.920713 0.977481 0.921679 0.983968 0.899318 0.995149 0.889242 0.978723
1 0.990329 0.856094 0.998198 0.863963 0.998844 0.864769 0.998844 0.875495 0.983809 0.864638 0.985382 0.861490 0.990329 0.856094
3 0.816135 0.852567 0.822301 0.853272 0.821772 0.863842 0.815078 0.863313 0.816135 0.852567
3 0.836570 0.903480 0.843441 0.904713 0.842208 0.915460 0.835690 0.915460 0.835513 0.908589 0.836570 0.903480
3 0.793763 0.886332 0.803011 0.886746 0.803011 0.893371 0.793763 0.893095 0.793763 0.886332
3 0.837658 0.938646 0.845111 0.936990 0.848424 0.953830 0.841384 0.955072 0.839452 0.953692 0.836139 0.939198 0.837658 0.938646
