0 0.352557 0.365351 0.324447 0.375200 0.306185 0.323288 0.332244 0.313850 0.352557 0.365351
0 0.287977 0.183501 0.299807 0.210242 0.289345 0.214289 0.292800 0.225047 0.316503 0.216361 0.323889 0.234623 0.273836 0.250017 0.252886 0.198427 0.287977 0.183501
0 0.552226 0.491321 0.559186 0.497353 0.552767 0.504313 0.545962 0.498204 0.552226 0.491321
0 0.640541 0.574214 0.633890 0.578284 0.626487 0.565651 0.633692 0.561604 0.640541 0.574214
0 0.282558 0.605580 0.288874 0.613081 0.277721 0.622655 0.272688 0.614957 0.282558 0.605580
0 0.259017 0.597210 0.261956 0.597442 0.263503 0.600380 0.264508 0.605948 0.262420 0.610124 0.258244 0.608500 0.255460 0.603164 0.255073 0.599916 0.259017 0.597210
0 0.180034 0.676248 0.186214 0.685155 0.178761 0.690245 0.172520 0.681580 0.180034 0.676248
0 0.244618 0.654450 0.262946 0.666591 0.253125 0.681439 0.235416 0.669375 0.244618 0.654450
0 0.280578 0.659356 0.273541 0.651236 0.283904 0.643039 0.290554 0.651236 0.280578 0.659356
0 0.314429 0.668465 0.309889 0.662741 0.313343 0.659188 0.318574 0.664616 0.314429 0.668465
0 0.425662 0.576541 0.424192 0.563626 0.433163 0.562776 0.434013 0.576000 0.425662 0.576541
0 0.299395 0.763968 0.271557 0.727942 0.294608 0.714065 0.320557 0.748096 0.299395 0.763968
0 0.304188 0.715467 0.287310 0.711914 0.288100 0.705400 0.281685 0.703820 0.283363 0.694938 0.290864 0.696221 0.292147 0.688029 0.305668 0.691977 0.304188 0.715467
0 0.331639 0.771585 0.324928 0.776323 0.318907 0.767835 0.325619 0.763393 0.331639 0.771585
0 0.306106 0.841451 0.320515 0.841550 0.320910 0.857934 0.306106 0.857835 0.306106 0.841451
0 0.341990 0.848623 0.336463 0.853163 0.331133 0.847241 0.336463 0.843096 0.341990 0.848623
0 0.632500 0.679862 0.645097 0.689939 0.637413 0.699261 0.625572 0.688554 0.632500 0.679862
0 0.422937 0.747418 0.420547 0.691003 0.444027 0.690138 0.444892 0.706176 0.465615 0.704945 0.465821 0.710690 0.486955 0.709048 0.488801 0.733465 0.476490 0.734491 0.477721 0.743520 0.422937 0.747418
0 0.432471 0.688466 0.431441 0.679923 0.443317 0.679438 0.443620 0.688102 0.432471 0.688466
0 0.536187 0.727513 0.497724 0.730047 0.496046 0.710703 0.538422 0.707183 0.536187 0.727513
0 0.548220 0.731416 0.548523 0.748746 0.525377 0.747776 0.525983 0.730992 0.548220 0.731416
0 0.422576 0.778339 0.421688 0.765705 0.431360 0.765804 0.431656 0.777944 0.422576 0.778339
0 0.549642 0.780106 0.542437 0.779909 0.542832 0.770138 0.549741 0.773919 0.549642 0.780106
0 0.561764 0.787331 0.560185 0.777856 0.568081 0.776968 0.569167 0.786443 0.561764 0.787331
0 0.548637 0.841535 0.548439 0.854464 0.518731 0.851306 0.519817 0.838672 0.548637 0.841535
0 0.708255 0.764514 0.697695 0.756125 0.713782 0.735793 0.724837 0.743689 0.708255 0.764514
0 0.399324 0.741915 0.400706 0.746751 0.398633 0.749317 0.396265 0.750699 0.394488 0.752377 0.391034 0.748725 0.390738 0.741717 0.390738 0.735401 0.393698 0.732539 0.397942 0.733131 0.399028 0.735796 0.399324 0.741915
0 0.153183 0.959852 0.140352 0.956200 0.142721 0.947514 0.155650 0.950673 0.153183 0.959852
0 0.170403 0.947496 0.172955 0.942624 0.178678 0.945872 0.178136 0.948347 0.174657 0.949429 0.170403 0.947496
0 0.155958 0.960133 0.161091 0.948092 0.186851 0.957468 0.182409 0.969805 0.155958 0.960133
0 0.134358 0.999006 0.121054 0.995291 0.129116 0.973121 0.150404 0.977908 0.144862 0.993528 0.138312 0.991134 0.135114 0.999006 0.134358 0.999006
0 0.015862 0.999004 0.016375 0.991197 0.012354 0.990888 0.012739 0.965418 0.030603 0.965912 0.030899 0.954364 0.046274 0.954838 0.046060 0.968653 0.049076 0.968731 0.048453 0.999005 0.015862 0.999004
0 0.202290 0.999007 0.201914 0.993331 0.212056 0.993110 0.212433 0.999008 0.202290 0.999007
0 0.239983 0.947389 0.230178 0.947763 0.230012 0.944771 0.233626 0.944688 0.233626 0.943857 0.239692 0.944065 0.239983 0.947389
3 0.216703 0.877237 0.244700 0.884835 0.239495 0.898903 0.211779 0.890462 0.216703 0.877237
0 0.615124 0.716552 0.625920 0.717330 0.625143 0.727262 0.615124 0.726658 0.615124 0.716552
3 0.104917 0.054558 0.104485 0.046181 0.110618 0.046181 0.111050 0.054386 0.104917 0.054558
0 0.392847 0.094896 0.402702 0.098334 0.394910 0.125146 0.386431 0.122167 0.392847 0.094896
