3 0.026609 0.001756 0.015482 0.001628 0.015537 0.000003 0.027355 0.000003 0.026609 0.001756
3 0.060692 0.000004 0.060678 0.001672 0.043131 0.001419 0.042509 0.000004 0.060692 0.000004
3 0.093066 0.002695 0.078211 0.002690 0.077728 0.004655 0.071658 0.004655 0.071273 0.000004 0.092839 0.000005 0.093066 0.002695
3 0.134692 0.000006 0.133583 0.009586 0.103647 0.008395 0.103864 0.000005 0.134692 0.000006
3 0.167165 0.000006 0.167165 0.011972 0.147524 0.013128 0.146754 0.000006 0.167165 0.000006
3 0.256504 0.015283 0.256205 0.021782 0.258857 0.021982 0.258051 0.040855 0.219925 0.037004 0.220310 0.016208 0.226472 0.013128 0.226472 0.013105 0.256504 0.015283
3 0.259591 0.005040 0.259160 0.014990 0.226472 0.012617 0.226472 0.003885 0.259591 0.005040
3 0.291068 0.001971 0.290999 0.002938 0.300735 0.002881 0.300716 0.004350 0.308806 0.004533 0.318833 0.004653 0.317686 0.029063 0.303573 0.028791 0.303931 0.027181 0.301050 0.027607 0.300850 0.031201 0.276536 0.030843 0.277691 0.010432 0.279971 0.001631 0.291068 0.001971
3 0.317334 0.003281 0.309510 0.003185 0.309033 0.001686 0.291667 0.001999 0.291816 0.000008 0.317215 0.000008 0.317334 0.003281
3 0.388740 0.005186 0.387447 0.032383 0.345470 0.029640 0.346621 0.004023 0.388740 0.005186
3 0.388867 0.002510 0.386594 0.002607 0.386367 0.004600 0.365400 0.003691 0.365314 0.002110 0.360693 0.001875 0.360490 0.000008 0.388987 0.000009 0.388867 0.002510
0 0.441365 0.000009 0.444828 0.010047 0.410554 0.018519 0.402855 0.000009 0.441365 0.000009
0 0.519540 0.011972 0.534933 0.000009 0.557286 0.000009 0.561516 0.006581 0.529938 0.026991 0.519540 0.011972
0 0.561516 0.016594 0.576484 0.035687 0.543031 0.062807 0.528012 0.042011 0.549193 0.021600 0.552659 0.025066 0.561516 0.016594
0 0.437511 0.065117 0.468705 0.063577 0.470246 0.106324 0.439052 0.105554 0.437511 0.065117
0 0.407473 0.069353 0.432890 0.070894 0.432505 0.086683 0.427498 0.085913 0.422877 0.108250 0.401311 0.107094 0.401696 0.094771 0.406703 0.094000 0.407473 0.069353
0 0.368962 0.072434 0.399000 0.074745 0.392839 0.118262 0.365111 0.115567 0.368962 0.072434
1 0.306574 0.080137 0.330451 0.085528 0.325060 0.111330 0.319283 0.110945 0.317742 0.118262 0.296947 0.114411 0.306574 0.080137
0 0.343160 0.080137 0.362030 0.081292 0.360875 0.105554 0.357409 0.105939 0.354713 0.118262 0.344315 0.118262 0.336228 0.111715 0.336228 0.105169 0.333917 0.104398 0.332377 0.090534 0.340079 0.090534 0.343160 0.080137
3 0.267678 0.086298 0.290189 0.088098 0.288781 0.127525 0.264689 0.125255 0.267678 0.086298
3 0.265368 0.092075 0.260361 0.134052 0.226992 0.127930 0.231670 0.087041 0.265368 0.092075
3 0.231182 0.086973 0.226514 0.127842 0.197912 0.123112 0.203544 0.083217 0.231182 0.086973
3 0.160233 0.048172 0.181029 0.051253 0.176022 0.085913 0.153686 0.083217 0.160233 0.048172
3 0.127153 0.038505 0.146754 0.041241 0.154071 0.043936 0.150180 0.084084 0.119796 0.080522 0.127153 0.038505
3 0.091683 0.026606 0.113250 0.029687 0.113250 0.033153 0.119411 0.034309 0.114020 0.082062 0.085137 0.076285 0.091683 0.026606
3 0.052017 0.025066 0.073968 0.028147 0.070117 0.057800 0.037383 0.053949 0.039694 0.032383 0.051247 0.033153 0.052017 0.025066
3 0.006959 0.137903 0.022364 0.122113 0.028140 0.119418 0.042004 0.134822 0.038153 0.138673 0.050477 0.149456 0.033147 0.166401 0.006959 0.137903
3 0.073968 0.145605 0.085522 0.167556 0.055098 0.186427 0.046241 0.179110 0.038538 0.161780 0.062415 0.146375 0.064341 0.151767 0.073968 0.145605
3 0.116330 0.162550 0.141748 0.195284 0.119796 0.212229 0.095149 0.180650 0.116330 0.162550
3 0.068192 0.205297 0.089373 0.184501 0.114020 0.214925 0.092839 0.235721 0.068192 0.205297
0 0.037768 0.207223 0.056253 0.225708 0.043545 0.248044 0.030451 0.261138 0.022749 0.253436 0.007730 0.239572 0.037768 0.207223
0 0.014662 0.176799 0.038153 0.197980 0.020823 0.218006 0.016587 0.214540 0.006574 0.226478 -0.000000 0.221970 -0.000000 0.193511 0.014662 0.176799
0 -0.000000 0.160624 0.011885 0.174569 -0.000000 0.188281 -0.000000 0.160624
3 0.036384 0.308231 0.054790 0.287109 0.055997 0.290428 0.060221 0.285600 0.087680 0.309136 0.083154 0.313058 0.085870 0.315472 0.073498 0.328146 0.066860 0.323619 0.062635 0.327240 0.057506 0.323016 0.055092 0.325430 0.036384 0.308231
3 0.082249 0.267797 0.111518 0.295557 0.100353 0.307929 0.097638 0.305515 0.094620 0.309136 0.076516 0.294049 0.079835 0.290126 0.071084 0.281074 0.082249 0.267797
3 0.094017 0.254520 0.118458 0.235209 0.142899 0.266590 0.118760 0.285298 0.094017 0.254520
1 0.125096 0.233097 0.145916 0.217708 0.170358 0.250899 0.148029 0.267495 0.125096 0.233097
0 0.162814 0.205336 0.197514 0.237623 0.182126 0.255727 0.168245 0.242149 0.170358 0.237924 0.150443 0.219820 0.162814 0.205336
0 0.313384 0.193266 0.324548 0.219518 0.314591 0.224346 0.315194 0.226156 0.297995 0.234907 0.285925 0.230381 0.277476 0.208655 0.313384 0.193266
0 0.382181 0.187835 0.356865 0.211045 0.353462 0.207021 0.349561 0.209229 0.337825 0.192663 0.367094 0.170032 0.382181 0.187835
0 0.390263 0.177086 0.407790 0.189156 0.400776 0.199148 0.406697 0.204238 0.385802 0.233398 0.362771 0.216779 0.383864 0.187745 0.382081 0.186152 0.390263 0.177086
0 0.473421 0.155689 0.503683 0.146941 0.508648 0.164437 0.494405 0.168676 0.495874 0.173426 0.489914 0.178608 0.481536 0.174808 0.480436 0.169061 0.477822 0.169280 0.473421 0.155689
0 0.486424 0.179095 0.483114 0.183824 0.492808 0.189971 0.483114 0.205575 0.469541 0.194443 0.471699 0.191476 0.453428 0.179326 0.457817 0.168456 0.463964 0.170584 0.467274 0.165619 0.486424 0.179095
0 0.452060 0.181317 0.485623 0.208813 0.469802 0.229278 0.447975 0.213311 0.448752 0.210029 0.437145 0.200975 0.452060 0.181317
0 0.430483 0.201093 0.465022 0.233361 0.449248 0.250242 0.423080 0.226421 0.430483 0.201093
0 0.407289 0.214592 0.421029 0.222900 0.399683 0.254808 0.382639 0.243502 0.397432 0.220990 0.402259 0.221895 0.407289 0.214592
0 0.336781 0.223102 0.344627 0.240301 0.339497 0.247543 0.306909 0.265949 0.295141 0.236982 0.328332 0.222197 0.330746 0.227628 0.336781 0.223102
0 0.356394 0.243319 0.367257 0.260518 0.362429 0.265648 0.363938 0.269872 0.344928 0.285864 0.341307 0.281640 0.328936 0.289184 0.318978 0.274700 0.326220 0.268665 0.321392 0.261725 0.343118 0.245733 0.347040 0.250862 0.356394 0.243319
0 0.372689 0.265346 0.389284 0.287373 0.358507 0.310607 0.342514 0.290089 0.372689 0.265346
0 0.391095 0.304271 0.403768 0.318453 0.399242 0.323281 0.408294 0.331126 0.399544 0.342290 0.379327 0.324488 0.376611 0.317547 0.377818 0.315737 0.373594 0.310306 0.379629 0.304572 0.385362 0.309400 0.391095 0.304271
0 0.465927 0.299745 0.487954 0.322979 0.461401 0.351644 0.439676 0.329315 0.465927 0.299745
0 0.223628 0.250862 0.237810 0.243319 0.240525 0.249052 0.249388 0.245341 0.255612 0.256897 0.251690 0.259915 0.253802 0.264742 0.229059 0.277416 0.218800 0.259613 0.226645 0.256294 0.223628 0.250862
0 0.243623 0.302061 0.230266 0.310607 0.221515 0.296124 0.234570 0.288291 0.243623 0.302061
0 0.269576 0.282110 0.242738 0.299292 0.234990 0.288037 0.235094 0.287977 0.230568 0.280433 0.259535 0.263535 0.269576 0.282110
0 0.200217 0.265476 0.220007 0.299745 0.196857 0.314868 0.177754 0.279246 0.200217 0.265476
0 0.146985 0.296727 0.172030 0.283752 0.190436 0.317246 0.165391 0.332635 0.146985 0.296727
0 0.101120 0.341083 0.139743 0.305478 0.169012 0.341083 0.124052 0.376991 0.101120 0.341083
0 0.078187 0.368542 0.104741 0.366732 0.104137 0.406260 0.089955 0.409881 0.072756 0.407769 0.078187 0.368542
0 0.049220 0.348325 0.079696 0.351343 0.076075 0.387854 0.044091 0.389966 0.049220 0.348325
0 0.019046 0.341385 0.045599 0.347722 0.038357 0.385741 0.010295 0.377896 0.019046 0.341385
0 -0.000000 0.338971 0.011804 0.343799 -0.000000 0.380310 -0.000000 0.338971
0 0.009692 0.399320 0.031719 0.413200 0.011502 0.446392 -0.000000 0.438848 -0.000000 0.414105 0.009692 0.399320
0 0.041073 0.409881 0.059781 0.426778 0.033529 0.459970 0.015425 0.442469 0.041073 0.409881
0 0.077886 0.427985 0.092068 0.446090 0.060385 0.469626 0.047108 0.452728 0.062195 0.440960 0.060686 0.438848 0.068833 0.431606 0.070342 0.434020 0.077886 0.427985
0 0.100215 0.439753 0.118621 0.463289 0.084222 0.488032 0.067928 0.464496 0.100215 0.439753
0 0.153623 0.407769 0.172935 0.429494 0.144269 0.455142 0.124958 0.433719 0.153623 0.407769
0 0.193453 0.350739 0.201595 0.360019 0.205077 0.354796 0.216045 0.363153 0.212389 0.368898 0.220218 0.376401 0.195405 0.409268 0.166296 0.381215 0.193453 0.350739
0 0.263156 0.323582 0.267984 0.345308 0.230568 0.353757 0.229662 0.332936 0.263156 0.323582
0 0.189531 0.425873 0.217291 0.455746 0.194962 0.478678 0.166296 0.444883 0.189531 0.425873
0 0.163581 0.446693 0.193453 0.481394 0.172331 0.499800 0.144873 0.463893 0.163581 0.446693
0 0.146985 0.507646 0.123751 0.525750 0.111367 0.507656 0.133838 0.490801 0.146985 0.507646
0 0.133535 0.490420 0.111094 0.507256 0.096292 0.485618 0.118018 0.470531 0.133535 0.490420
0 0.067023 0.511266 0.081205 0.518508 0.077886 0.526052 0.085429 0.530276 0.073661 0.554114 0.067504 0.551269 0.064911 0.555321 0.044694 0.543251 0.054995 0.523856 0.059479 0.526354 0.067023 0.511266
0 0.037754 0.493765 0.054652 0.501309 0.048013 0.515793 0.054350 0.518810 0.043789 0.540234 0.018442 0.528466 0.029305 0.502516 0.033529 0.504025 0.037754 0.493765
0 0.007881 0.480489 0.031417 0.493765 0.015425 0.527862 -0.000000 0.519715 -0.000000 0.495576 0.007881 0.480489
0 -0.000000 0.481083 0.003874 0.484015 -0.000000 0.490726 -0.000000 0.481083
0 0.203010 0.408740 0.225795 0.388919 0.252841 0.421337 0.232094 0.435230 0.226722 0.428747 0.224128 0.432452 0.203010 0.408740
0 0.250988 0.365023 0.278219 0.397070 0.264511 0.409667 0.236910 0.376878 0.250988 0.365023
0 0.281183 0.355946 0.301190 0.377990 0.291557 0.386882 0.271551 0.364096 0.281183 0.355946
0 0.330255 0.301984 0.339147 0.328474 0.315806 0.335698 0.306914 0.309393 0.330255 0.301984
0 0.360635 0.331623 0.370268 0.349406 0.335072 0.365152 0.330440 0.353852 0.330996 0.345331 0.343593 0.339959 0.341926 0.336810 0.360635 0.331623
0 0.497089 0.242973 0.498570 0.245380 0.522881 0.259092 0.507672 0.282927 0.474168 0.259051 0.486729 0.237305 0.497089 0.242973
0 0.536170 0.238255 0.523145 0.258682 0.498920 0.245016 0.497437 0.242607 0.486973 0.236885 0.499970 0.214378 0.536170 0.238255
0 0.509979 0.196003 0.531730 0.209952 0.522509 0.226029 0.500758 0.211607 0.509979 0.196003
0 0.524637 0.171415 0.540950 0.182054 0.545679 0.180399 0.562701 0.193402 0.548989 0.214917 0.521091 0.196003 0.526292 0.189383 0.517781 0.182763 0.524637 0.171415
0 0.039282 0.572091 0.063906 0.595419 0.058515 0.600425 0.066602 0.608898 0.051198 0.623917 0.044651 0.616215 0.043110 0.618140 0.032327 0.608513 0.033482 0.605817 0.019619 0.591953 0.039282 0.572091
0 0.006910 0.594264 0.014997 0.602736 0.020389 0.598500 0.039644 0.620066 0.018463 0.638551 0.004214 0.623917 0.006910 0.620836 -0.000000 0.612749 -0.000000 0.599655 0.006910 0.594264
0 -0.000000 0.549815 0.006220 0.555253 -0.000000 0.566838 -0.000000 0.549815
0 0.088879 0.585297 0.117013 0.560473 0.136400 0.582460 0.107556 0.608467 0.088879 0.585297
0 0.134508 0.557163 0.149639 0.541795 0.178247 0.571821 0.159333 0.589553 0.140419 0.570403 0.135608 0.563188 0.134508 0.557163
0 0.169499 0.526191 0.186522 0.544632 0.171390 0.557872 0.161933 0.548415 0.159096 0.536830 0.169499 0.526191
0 0.174937 0.526191 0.192432 0.511770 0.209927 0.533757 0.192432 0.548415 0.174937 0.526191
0 0.205672 0.489546 0.224822 0.511060 0.213710 0.522882 0.194560 0.500421 0.205672 0.489546
0 0.217966 0.483872 0.239008 0.465194 0.252247 0.479616 0.250119 0.483399 0.259340 0.494274 0.242081 0.510824 0.217966 0.483872
0 0.252484 0.443916 0.257921 0.448881 0.262413 0.445098 0.282037 0.468268 0.260522 0.484344 0.238771 0.461411 0.243263 0.457629 0.240663 0.454792 0.252484 0.443916
0 0.278727 0.426421 0.295749 0.445335 0.298586 0.442261 0.306861 0.451482 0.292912 0.464485 0.287711 0.460229 0.281564 0.465667 0.264541 0.443680 0.267378 0.437769 0.268797 0.432804 0.278727 0.426421
0 0.286292 0.419801 0.284874 0.418382 0.301187 0.404670 0.326011 0.435878 0.310407 0.451009 0.304970 0.447462 0.297877 0.439188 0.294804 0.440606 0.281564 0.425002 0.286292 0.419801
0 0.310880 0.406561 0.332158 0.391430 0.349417 0.415072 0.328612 0.430676 0.310880 0.406561
0 0.348235 0.381027 0.361002 0.403960 0.348235 0.412945 0.331686 0.388829 0.348235 0.381027
0 0.407105 0.355730 0.413725 0.365187 0.415852 0.364005 0.420817 0.371098 0.418689 0.373462 0.425546 0.382682 0.409220 0.393775 0.390318 0.367449 0.407105 0.355730
0 0.080592 0.628673 0.105239 0.661408 0.079822 0.679123 0.055927 0.644546 0.080592 0.628673
0 0.056330 0.651395 0.070763 0.678664 0.067297 0.680533 0.073660 0.690676 0.050553 0.704925 0.031298 0.666414 0.056330 0.651395
0 -0.000000 0.676812 0.021670 0.671035 0.023981 0.679508 0.031683 0.677967 0.034764 0.697608 0.032453 0.698763 0.034379 0.709161 0.008577 0.715323 -0.000000 0.676812
0 0.046651 0.985829 0.075364 0.991757 0.073898 0.999004 0.067316 0.999004 0.044614 0.995462 0.046651 0.985829
3 0.082313 0.865019 0.096177 0.857702 0.111196 0.883890 0.096947 0.891592 0.082313 0.865019
0 0.426353 0.611125 0.469223 0.614981 0.468731 0.657742 0.441207 0.656267 0.441207 0.651844 0.429902 0.648403 0.428214 0.637304 0.415072 0.635265 0.415978 0.621217 0.425721 0.622123 0.426353 0.611125
0 0.488392 0.613015 0.515916 0.612031 0.517390 0.649386 0.497239 0.650861 0.494781 0.645454 0.481510 0.645454 0.481510 0.620879 0.487408 0.619896 0.488392 0.613015
0 0.554745 0.608099 0.590625 0.605150 0.591750 0.614637 0.597277 0.613662 0.599228 0.626342 0.592401 0.626992 0.593574 0.641522 0.583744 0.642996 0.581778 0.647912 0.558677 0.649878 0.554745 0.608099
0 0.755941 0.536532 0.783543 0.564134 0.760332 0.584834 0.750923 0.576052 0.747159 0.579189 0.736495 0.567270 0.738377 0.565388 0.732731 0.558488 0.755941 0.536532
0 0.705757 0.493876 0.713039 0.500077 0.717578 0.495396 0.728074 0.506460 0.725663 0.510857 0.732731 0.519595 0.704503 0.550333 0.682547 0.529005 0.687565 0.523986 0.681292 0.517713 0.705757 0.493876
0 0.649300 0.443692 0.675019 0.470038 0.650555 0.493248 0.641772 0.483839 0.639263 0.487603 0.622953 0.469411 0.649300 0.443692
0 0.577160 0.369043 0.600370 0.402290 0.589079 0.409817 0.594725 0.417345 0.585315 0.424245 0.580297 0.417972 0.570887 0.426127 0.551441 0.398526 0.553950 0.382216 0.577160 0.369043
0 0.905136 0.039992 0.916361 0.049046 0.908803 0.059131 0.896638 0.047694 0.905136 0.039992
0 0.926748 0.029266 0.916084 0.048085 0.892158 0.028711 0.906865 0.012393 0.926748 0.029266
0 0.906484 0.012080 0.891797 0.028379 0.877191 0.014838 0.892242 0.000005 0.892253 0.000005 0.906484 0.012080
0 0.112235 0.712285 0.132663 0.713362 0.132321 0.737501 0.112378 0.736640 0.112235 0.712285
0 0.114368 0.762007 0.130627 0.762444 0.130613 0.779938 0.114548 0.778837 0.114368 0.762007
1 0.070646 0.771135 0.087591 0.770364 0.087976 0.778837 0.070261 0.779992 0.070646 0.771135
1 0.126487 0.811956 0.130723 0.821584 0.119169 0.826205 0.114933 0.815807 0.126487 0.811956
0 0.307193 0.273597 0.312094 0.271013 0.314856 0.275914 0.310044 0.278587 0.307193 0.273597
0 0.426971 0.248340 0.452741 0.256142 0.441866 0.294679 0.416805 0.284986 0.426971 0.248340
0 0.288424 0.462776 0.292403 0.466615 0.287795 0.471433 0.283746 0.466755 0.288424 0.462776
0 0.120609 0.379500 0.125981 0.388577 0.120423 0.393763 0.113384 0.386539 0.120609 0.379500
3 0.127687 0.835005 0.137320 0.834820 0.138061 0.845749 0.128428 0.846120 0.127687 0.835005
0 0.074741 0.844698 0.086967 0.843216 0.087338 0.853034 0.075297 0.853590 0.074741 0.844698
0 0.130613 0.589801 0.142551 0.603665 0.119271 0.626761 0.107125 0.612925 0.130613 0.589801
0 0.812134 0.599781 0.821591 0.593634 0.842160 0.626733 0.813552 0.646593 0.802204 0.635717 0.797948 0.628624 0.797476 0.622714 0.817335 0.608056 0.812134 0.599781
0 0.858850 0.567203 0.867559 0.578524 0.858560 0.585636 0.850868 0.571702 0.858850 0.567203
0 0.741171 0.592656 0.745493 0.592997 0.745720 0.597433 0.741171 0.597319 0.741171 0.592656
3 -0.000000 0.020765 0.009152 0.020694 0.009395 0.046022 -0.000000 0.045723 -0.000000 0.020765
0 0.998864 0.122497 0.998061 0.122831 0.990678 0.113210 0.997121 0.108055 0.998864 0.111158 0.998864 0.122497
0 0.982088 0.125488 0.987298 0.125753 0.987430 0.126504 0.988313 0.126592 0.988358 0.129020 0.981912 0.128711 0.982088 0.125488
0 0.818591 0.160597 0.828160 0.169567 0.820235 0.178089 0.810667 0.169567 0.818591 0.160597
0 0.786400 0.091436 0.794385 0.092170 0.794110 0.097953 0.791081 0.097678 0.791081 0.097127 0.786032 0.096668 0.786400 0.091436
0 0.889553 0.621257 0.894602 0.620247 0.895611 0.626305 0.893684 0.627223 0.891297 0.627223 0.889553 0.621257
0 0.549811 0.629080 0.556091 0.629229 0.555930 0.635474 0.550110 0.635359 0.549811 0.629080
3 0.102652 0.788793 0.110491 0.788793 0.110563 0.791166 0.109269 0.791525 0.109024 0.796603 0.102854 0.796704 0.102652 0.788793
0 0.144515 0.755079 0.145655 0.753075 0.150923 0.752557 0.151528 0.754716 0.153342 0.754716 0.153255 0.762230 0.144877 0.762403 0.144515 0.755079
0 0.050705 0.860080 0.067599 0.860379 0.067450 0.872190 0.049658 0.869649 0.050705 0.860080
0 0.086949 0.999005 0.090212 0.988562 0.101127 0.992151 0.099259 0.999005 0.086949 0.999005
0 0.035685 0.970789 0.039280 0.970646 0.039065 0.976183 0.038058 0.976974 0.034174 0.976974 0.033887 0.973091 0.035685 0.970789
3 0.180855 0.000006 0.181193 0.005966 0.179839 0.006034 0.180110 0.010974 0.175914 0.011109 0.175170 0.008403 0.171989 0.007726 0.171922 0.003327 0.174832 0.003462 0.174899 0.000006 0.180855 0.000006
0 0.461653 0.110049 0.470246 0.106324 0.474524 0.115561 0.465234 0.118749 0.461653 0.110049
0 0.360960 0.381143 0.384059 0.366444 0.406011 0.395356 0.387092 0.412408 0.360960 0.381143
0 0.998864 0.084494 0.986337 0.096878 0.962373 0.072042 0.985465 0.055050 0.998864 0.067903 0.998864 0.084494
