0 0.602399 0.027490 0.612631 0.032575 0.613809 0.030404 0.623049 0.031768 0.623235 0.033629 0.625034 0.033753 0.625654 0.032141 0.640320 0.038017 0.627854 0.061538 0.615733 0.054973 0.614824 0.056690 0.600985 0.050124 0.601894 0.047700 0.593410 0.043154 0.602399 0.027490
0 0.735442 0.047834 0.741871 0.055075 0.741668 0.055752 0.749654 0.065361 0.738826 0.074836 0.745295 0.082087 0.714222 0.107847 0.711576 0.104870 0.704301 0.110603 0.693608 0.097816 0.688868 0.101564 0.675420 0.085910 0.690191 0.072903 0.694380 0.076210 0.704301 0.087564 0.723922 0.071029 0.717310 0.064249 0.718154 0.058481 0.727721 0.050180 0.729550 0.051728 0.735442 0.047834
0 0.923256 0.111729 0.931803 0.112758 0.931803 0.113945 0.938926 0.115528 0.936605 0.133512 0.939454 0.133908 0.931544 0.170156 0.921651 0.168019 0.921572 0.169127 0.909621 0.168178 0.910888 0.163192 0.905189 0.161213 0.908734 0.144996 0.912454 0.145629 0.916747 0.128867 0.918869 0.129171 0.923256 0.111729
0 0.998850 0.134724 0.986917 0.133930 0.985888 0.131635 0.988421 0.121109 0.998850 0.121180 0.998850 0.134724
0 0.998850 0.175039 0.986424 0.174266 0.986705 0.168920 0.980937 0.168639 0.983538 0.134966 0.998850 0.135469 0.998850 0.175039
0 0.958654 0.025554 0.966340 0.025513 0.966465 0.034237 0.958488 0.034279 0.958654 0.025554
3 0.079887 0.234738 0.089464 0.224328 0.095933 0.229418 0.102296 0.234880 0.091161 0.247606 0.083195 0.241427 0.084580 0.239678 0.079887 0.234738
3 0.112765 0.226567 0.124119 0.226236 0.136134 0.227780 0.133488 0.255669 0.121142 0.254456 0.112213 0.254566 0.112765 0.226567
0 0.236941 0.245746 0.265875 0.243846 0.266047 0.249805 0.265270 0.249805 0.265961 0.273212 0.222763 0.275868 0.222331 0.266368 0.238223 0.265158 0.236941 0.245746
3 0.142813 0.254859 0.163640 0.256256 0.163640 0.254788 0.185319 0.256170 0.184338 0.282562 0.133393 0.280845 0.133614 0.280184 0.120386 0.279853 0.121598 0.263428 0.136149 0.264090 0.135928 0.261995 0.142322 0.261885 0.142813 0.254859
3 0.049190 0.218848 0.053336 0.222907 0.059986 0.216343 0.083306 0.238799 0.068867 0.255017 0.039545 0.231207 0.049190 0.218848
0 0.229036 0.284069 0.236068 0.284167 0.236002 0.291295 0.228874 0.291230 0.229036 0.284069
0 0.023203 0.451480 0.062226 0.463165 0.051644 0.495463 0.023534 0.486975 0.021991 0.491054 0.014826 0.488188 0.016149 0.485763 0.011739 0.484550 0.023203 0.451480
0 0.067553 0.464814 0.110997 0.475610 0.104870 0.506218 0.057539 0.493916 0.067553 0.464814
0 0.122534 0.472847 0.166669 0.484680 0.160560 0.512070 0.136089 0.504574 0.135097 0.506448 0.113822 0.500165 0.122534 0.472847
0 0.121920 0.386555 0.137121 0.379559 0.174519 0.384827 0.170287 0.404002 0.136344 0.400288 0.127879 0.403742 0.121920 0.386555
0 0.176969 0.387195 0.202793 0.398595 0.205039 0.395141 0.212639 0.398855 0.206075 0.412156 0.207284 0.413106 0.199598 0.421743 0.179128 0.410601 0.178437 0.411810 0.170232 0.407492 0.176969 0.387195
0 0.260841 0.381417 0.278287 0.380639 0.278948 0.395345 0.262651 0.395492 0.260841 0.381417
0 0.227141 0.401829 0.241894 0.402032 0.241894 0.401017 0.245413 0.401152 0.245480 0.402776 0.249676 0.402776 0.249744 0.400813 0.256173 0.400746 0.256376 0.402573 0.273903 0.401896 0.277293 0.422908 0.264490 0.425440 0.264490 0.431490 0.265757 0.436836 0.230866 0.439790 0.230585 0.425581 0.224113 0.418265 0.224535 0.404478 0.227630 0.404478 0.227141 0.401829
0 -0.000000 0.658475 0.003102 0.653080 0.013403 0.658988 0.008812 0.665557 0.010853 0.667061 -0.000000 0.684891 -0.000000 0.658475
0 0.952382 0.218657 0.978939 0.241089 0.950433 0.276538 0.934473 0.261730 0.938915 0.256300 0.932498 0.251200 0.936612 0.246099 0.943193 0.250541 0.950104 0.242808 0.939244 0.233923 0.952382 0.218657
0 0.998850 0.254388 0.987475 0.258123 0.982209 0.245125 0.981058 0.229988 0.998850 0.225422 0.998850 0.254388
0 0.954023 0.296640 0.968111 0.296403 0.978954 0.297590 0.979487 0.336372 0.958907 0.334902 0.959327 0.337422 0.941268 0.337212 0.941058 0.323563 0.952993 0.323676 0.954023 0.296640
0 0.998850 0.408784 0.958751 0.419661 0.952232 0.392678 0.998850 0.380685 0.998850 0.408784
0 0.998850 0.485852 0.966932 0.470498 0.977220 0.449208 0.998850 0.459428 0.998850 0.485852
0 0.998850 0.556610 0.985821 0.555775 0.986326 0.547088 0.982992 0.546886 0.982992 0.543856 0.988043 0.544058 0.988043 0.546381 0.990366 0.546583 0.990164 0.541532 0.973198 0.540419 0.973694 0.536140 0.970088 0.535861 0.970758 0.519106 0.977324 0.519409 0.979647 0.502641 0.998850 0.504642 0.998850 0.531275 0.994140 0.531075 0.994636 0.546826 0.998850 0.547070 0.998850 0.556610
0 0.998850 0.618286 0.997627 0.617402 0.984192 0.579119 0.998850 0.574342 0.998850 0.618286
0 -0.000000 0.571606 0.002711 0.571764 0.002711 0.565591 0.016324 0.566382 0.014058 0.611341 0.011261 0.611012 0.011590 0.615454 -0.000000 0.614631 -0.000000 0.571606
0 0.031783 0.668819 0.042215 0.675400 0.038136 0.681022 0.043317 0.683668 0.022814 0.712990 0.008484 0.702628 0.031783 0.668819
0 0.010853 0.667061 0.012332 0.664638 0.017543 0.668698 0.019100 0.667345 0.027727 0.672938 0.009972 0.700267 0.002976 0.695603 -0.000000 0.698281 -0.000000 0.684891 0.010853 0.667061
0 0.103286 0.702946 0.115526 0.702946 0.115948 0.706885 0.136066 0.707026 0.135926 0.701257 0.149572 0.701117 0.149572 0.706322 0.151542 0.706181 0.151401 0.704071 0.165470 0.704212 0.165751 0.707870 0.168565 0.708151 0.168143 0.702242 0.181931 0.702242 0.182493 0.708292 0.194874 0.708010 0.195155 0.711950 0.201486 0.711809 0.201346 0.705197 0.215414 0.705337 0.215836 0.742198 0.198813 0.742057 0.194166 0.742096 0.194166 0.739678 0.180692 0.740023 0.171039 0.739735 0.170929 0.743814 0.162000 0.744255 0.162330 0.741719 0.153071 0.742601 0.152961 0.746349 0.145355 0.746349 0.145244 0.740948 0.145174 0.737628 0.137017 0.737848 0.137458 0.741596 0.129852 0.741376 0.130293 0.738400 0.120261 0.738400 0.120372 0.742699 0.114529 0.742147 0.114750 0.740163 0.104057 0.740604 0.104297 0.743353 0.095157 0.743150 0.095267 0.728159 0.097692 0.728379 0.098354 0.720993 0.094936 0.720883 0.094716 0.709750 0.102873 0.709860 0.103286 0.702946
0 0.165594 0.661456 0.190074 0.662863 0.189089 0.674259 0.164328 0.673133 0.165594 0.661456
0 0.231018 0.571962 0.232371 0.608105 0.226282 0.608735 0.226492 0.614195 0.013801 0.615087 0.014058 0.611341 0.016324 0.566382 0.028258 0.566106 0.027386 0.569219 0.036275 0.569219 0.036174 0.574573 0.043952 0.574472 0.044356 0.572855 0.047992 0.572956 0.047992 0.569724 0.060618 0.569623 0.060763 0.577610 0.065042 0.577362 0.064765 0.575032 0.078221 0.573792 0.077961 0.568115 0.093216 0.567743 0.093340 0.574874 0.100789 0.574750 0.100789 0.576729 0.109258 0.576412 0.109020 0.573088 0.109124 0.570254 0.126397 0.569951 0.126195 0.576618 0.129730 0.576719 0.129629 0.574799 0.143266 0.574395 0.143164 0.568941 0.158261 0.568732 0.158535 0.574677 0.166083 0.574363 0.166242 0.576896 0.174948 0.576896 0.174791 0.571706 0.190778 0.571468 0.191015 0.578354 0.193944 0.578354 0.193435 0.568602 0.203590 0.568140 0.203776 0.569257 0.207372 0.569815 0.207475 0.575414 0.222526 0.574909 0.222324 0.572384 0.231018 0.571962
0 0.289352 0.602142 0.293966 0.606005 0.297318 0.602137 0.308018 0.608196 0.306600 0.610517 0.310725 0.613998 0.312014 0.611806 0.326840 0.621604 0.323534 0.629772 0.327917 0.632866 0.321471 0.640472 0.317088 0.637636 0.314252 0.640472 0.316701 0.641890 0.314381 0.644082 0.316186 0.645371 0.307419 0.656200 0.310042 0.658063 0.303476 0.666851 0.307112 0.669376 0.296002 0.683971 0.292006 0.680748 0.283811 0.693244 0.281343 0.691763 0.278546 0.695053 0.280191 0.697028 0.274789 0.705333 0.272122 0.703287 0.270882 0.704837 0.268650 0.703225 0.265735 0.706139 0.268248 0.707975 0.261110 0.717502 0.254342 0.713361 0.252524 0.715583 0.258585 0.720735 0.249595 0.729725 0.214140 0.703462 0.221156 0.694059 0.224691 0.696180 0.226968 0.693781 0.225049 0.692872 0.229291 0.686003 0.232625 0.688024 0.238281 0.680751 0.236261 0.679438 0.242322 0.669943 0.246463 0.672771 0.248483 0.669943 0.245453 0.667720 0.252873 0.657334 0.254994 0.658546 0.257519 0.655314 0.256307 0.654203 0.262772 0.644910 0.264893 0.646223 0.267418 0.642889 0.264543 0.640722 0.271513 0.630621 0.274846 0.632742 0.276766 0.629611 0.274115 0.627735 0.282297 0.616118 0.283610 0.617028 0.285024 0.615411 0.281155 0.612628 0.289352 0.602142
