2 -0.000000 0.184661 0.009674 0.189218 0.006130 0.196306 0.022331 0.205419 0.015243 0.217064 0.022331 0.223646 0.003217 0.264630 -0.000000 0.262822 -0.000000 0.184661
0 0.066328 0.223109 0.070430 0.228202 0.074986 0.221621 0.094225 0.230734 0.090175 0.244404 0.102833 0.250986 0.096270 0.269775 0.079942 0.262503 0.078398 0.266716 0.095159 0.274645 0.086621 0.297371 0.078530 0.293515 0.076807 0.296465 0.030831 0.272173 0.035495 0.253517 0.040558 0.242379 0.054228 0.247948 0.061823 0.255542 0.065873 0.240860 0.047140 0.230734 0.051697 0.215545 0.066328 0.223109
0 0.015750 0.294021 0.029771 0.298268 0.025875 0.315792 0.011193 0.310729 0.015750 0.294021
0 0.173800 0.288872 0.187384 0.290983 0.185124 0.304974 0.171318 0.302714 0.173800 0.288872
0 0.168836 0.319249 0.169406 0.318579 0.198523 0.326424 0.201560 0.311235 0.193966 0.309210 0.196497 0.288958 0.208648 0.289971 0.208648 0.294527 0.231740 0.297071 0.221726 0.351418 0.163909 0.339032 0.168836 0.319249
0 0.288643 0.335537 0.290162 0.342119 0.292694 0.353258 0.272948 0.355283 0.270923 0.338069 0.288643 0.335537
0 0.334210 0.259086 0.336538 0.277554 0.339779 0.278493 0.339779 0.299084 0.340286 0.319842 0.279530 0.328449 0.275480 0.303641 0.284087 0.302122 0.280036 0.278326 0.292187 0.276807 0.292187 0.266681 0.334210 0.259086
0 0.404585 0.212507 0.425850 0.235797 0.394459 0.265668 0.390409 0.263137 0.384333 0.270225 0.370157 0.253517 0.375726 0.248454 0.370663 0.242379 0.376739 0.234784 0.382814 0.234278 0.404585 0.212507
0 0.641154 0.829834 0.652922 0.878271 0.625439 0.883103 0.615479 0.835515 0.625512 0.827731 0.641154 0.829834
0 0.634624 0.773059 0.636727 0.792685 0.621307 0.795489 0.619204 0.774461 0.634624 0.773059
4 0.714422 0.861570 0.724936 0.880095 0.712125 0.888506 0.700998 0.869698 0.714422 0.861570
3 0.603012 0.234195 0.601631 0.256435 0.587907 0.256141 0.584895 0.252653 0.586525 0.233244 0.603012 0.234195
3 0.616782 0.270635 0.616782 0.289999 0.615921 0.313235 0.587952 0.312375 0.585370 0.295593 0.586661 0.284405 0.601722 0.284835 0.601722 0.271496 0.616782 0.270635
0 0.430382 0.199797 0.438232 0.205622 0.446095 0.218050 0.440769 0.223123 0.434041 0.228655 0.430452 0.225814 0.429854 0.232542 0.427462 0.235981 0.413524 0.221038 0.413524 0.213283 0.421616 0.205866 0.430382 0.199797
3 0.571833 0.000009 0.573362 0.058410 0.514767 0.057778 0.512681 0.031243 0.521748 0.030298 0.522036 0.020298 0.536274 0.020406 0.536138 0.030211 0.540461 0.028229 0.546636 0.028879 0.550890 0.031118 0.551381 0.000009 0.571833 0.000009
3 0.559493 0.072613 0.559190 0.081574 0.565186 0.083404 0.563613 0.090913 0.568810 0.094041 0.569020 0.104675 0.558207 0.107624 0.558070 0.134647 0.524866 0.133715 0.524683 0.114150 0.513892 0.111355 0.509806 0.130275 0.493681 0.129416 0.500700 0.088455 0.509548 0.088455 0.511537 0.072715 0.533846 0.075950 0.535709 0.069429 0.559493 0.072613
0 0.315831 0.109491 0.315831 0.128125 0.315831 0.139305 0.314810 0.162733 0.292671 0.162452 0.293069 0.151152 0.269485 0.151359 0.270460 0.165009 0.257134 0.166324 0.257134 0.150486 0.249681 0.148622 0.252556 0.105605 0.262566 0.105137 0.262800 0.100920 0.275486 0.100701 0.273175 0.125452 0.286017 0.126262 0.288812 0.108522 0.315831 0.109491
0 0.381981 0.064770 0.382912 0.080609 0.351235 0.075950 0.351235 0.060112 0.381981 0.064770
0 0.392338 0.027781 0.407187 0.029287 0.410124 0.014943 0.413341 0.015067 0.414125 0.008015 0.409201 0.006046 0.409738 0.000009 0.426933 0.000009 0.425918 0.010674 0.421869 0.010239 0.421602 0.016111 0.425664 0.017100 0.425204 0.036029 0.418174 0.054763 0.405764 0.052573 0.398366 0.052385 0.370430 0.046846 0.370393 0.039673 0.364210 0.038970 0.365613 0.016072 0.374373 0.016072 0.378751 0.000008 0.396692 0.000008 0.392338 0.027781
0 0.017292 0.000003 0.004235 0.018543 -0.000000 0.015664 -0.000000 0.000003 0.017292 0.000003
0 0.587365 0.047414 0.586838 0.064924 0.573728 0.064451 0.573230 0.047359 0.587365 0.047414
0 0.429854 0.232542 0.435994 0.233216 0.455018 0.255758 0.440135 0.271845 0.418220 0.244969 0.429854 0.232542
0 0.621087 0.042451 0.634062 0.037321 0.640097 0.059047 0.628329 0.062970 0.621087 0.042451
0 0.588538 0.536118 0.593929 0.541124 0.580836 0.553448 0.576214 0.546901 0.588538 0.536118
0 0.275748 0.155129 0.291715 0.155011 0.292070 0.172634 0.275275 0.172161 0.275748 0.155129
0 0.538728 0.000009 0.538944 0.011221 0.523237 0.010679 0.523670 0.000009 0.538728 0.000009
3 0.684999 0.304929 0.704708 0.293134 0.710198 0.303778 0.689461 0.315659 0.685743 0.310560 0.684999 0.304929
0 0.746300 0.324334 0.746602 0.324424 0.746631 0.329873 0.737906 0.331283 0.737906 0.323511 0.746300 0.322112 0.746300 0.324334
0 0.753605 0.329262 0.746631 0.329873 0.746602 0.324424 0.753605 0.323977 0.753605 0.329262
0 0.761844 0.321179 0.771947 0.321179 0.772413 0.328951 0.762154 0.329107 0.761844 0.321179
2 0.549413 0.613057 0.603634 0.555798 0.620695 0.571223 0.563669 0.631520 0.549413 0.613057
