0 0.118144 0.000006 0.115631 0.036715 0.103637 0.036715 0.103250 0.038262 0.097191 0.038262 0.097191 0.033879 0.088941 0.033750 0.090364 0.000005 0.118144 0.000006
0 0.027940 0.043059 0.004124 0.042316 0.004361 0.041049 -0.000000 0.041129 -0.000000 0.013758 0.004736 0.013696 0.004736 0.011153 0.028000 0.012834 0.027940 0.043059
0 0.031270 0.010839 0.049776 0.012415 0.049002 0.023888 0.058285 0.024146 0.058156 0.016677 0.077960 0.017442 0.077381 0.029062 0.083882 0.041468 0.083756 0.046581 0.078675 0.049171 0.057927 0.048911 0.049159 0.048835 0.033241 0.048673 0.033540 0.040204 0.030110 0.040232 0.031270 0.010839
0 0.077381 0.029062 0.081620 0.028885 0.083554 0.029272 0.085230 0.030174 0.086261 0.032108 0.086777 0.035073 0.085746 0.038425 0.083882 0.041468 0.077381 0.029062
4 0.938408 0.000004 0.928395 0.019014 0.923625 0.016951 0.919758 0.022752 0.909573 0.017596 0.907510 0.021334 0.892556 0.015017 0.900288 0.000005 0.938408 0.000004
0 0.899321 0.070271 0.902251 0.071483 0.903665 0.072291 0.904776 0.074008 0.905281 0.075523 0.906291 0.078048 0.906392 0.079968 0.903766 0.083200 0.901745 0.084109 0.899523 0.084816 0.897301 0.085119 0.895281 0.085018 0.893059 0.083402 0.891644 0.082291 0.890836 0.079867 0.890432 0.077240 0.890937 0.075927 0.892655 0.073200 0.893362 0.072089 0.894473 0.071483 0.899321 0.070271
0 0.926139 0.101669 0.933787 0.118791 0.915485 0.126882 0.918335 0.127660 0.918076 0.147611 0.840366 0.147576 0.841742 0.122826 0.856733 0.122942 0.856513 0.113572 0.898291 0.114344 0.926139 0.101669
0 0.949081 0.031757 0.951386 0.033972 0.947938 0.038293 0.945233 0.036436 0.949081 0.031757
0 0.768946 0.127238 0.776825 0.126957 0.776825 0.176620 0.769087 0.177323 0.768946 0.127238
0 0.837305 0.209539 0.845046 0.209327 0.844993 0.211236 0.846160 0.211183 0.846266 0.209062 0.855439 0.208744 0.855492 0.214841 0.837411 0.215212 0.837305 0.209539
0 0.911734 0.240700 0.912297 0.259693 0.907232 0.259693 0.907373 0.264476 0.915955 0.264335 0.915814 0.281499 0.897947 0.281921 0.897947 0.280796 0.887816 0.281897 0.886669 0.268708 0.863337 0.269119 0.855600 0.268837 0.856303 0.242669 0.866011 0.242810 0.865729 0.240418 0.911734 0.240700
0 0.827016 0.303331 0.847557 0.305020 0.847135 0.316978 0.846713 0.327108 0.825469 0.326123 0.827016 0.303331
0 0.847691 0.228668 0.849014 0.237156 0.821125 0.241675 0.820023 0.233077 0.847691 0.228668
0 0.819437 0.343897 0.828334 0.344501 0.828420 0.347092 0.834293 0.347179 0.833861 0.356420 0.819869 0.355816 0.820042 0.351756 0.815896 0.351756 0.815983 0.345538 0.819351 0.345710 0.819437 0.343897
0 0.820300 0.375526 0.877982 0.381434 0.878227 0.390280 0.900351 0.392830 0.898314 0.411345 0.895127 0.442024 0.886246 0.440958 0.886068 0.433498 0.880384 0.433320 0.883581 0.411650 0.865276 0.411345 0.865096 0.414577 0.852886 0.412781 0.853425 0.409549 0.844806 0.407394 0.844985 0.412063 0.839419 0.412063 0.839060 0.416013 0.820566 0.413499 0.821643 0.405599 0.816256 0.402187 0.820300 0.375526
0 0.864834 0.476324 0.879383 0.486001 0.876000 0.491280 0.861179 0.481670 0.864834 0.476324
0 0.745682 0.440367 0.767911 0.440367 0.767911 0.452044 0.745401 0.452044 0.745682 0.440367
0 0.852804 0.346917 0.864551 0.346572 0.864551 0.350027 0.863082 0.350027 0.863082 0.352359 0.852804 0.352531 0.852804 0.346917
0 0.791060 0.183119 0.801611 0.185510 0.805832 0.191419 0.806676 0.201127 0.802455 0.207739 0.795702 0.211678 0.791482 0.212804 0.784025 0.211256 0.779523 0.205910 0.776287 0.198454 0.777413 0.191982 0.780227 0.186917 0.785010 0.183822 0.791060 0.183119
0 0.798376 0.209870 0.805251 0.219495 0.794021 0.223620 0.813042 0.245162 0.794938 0.259370 0.805480 0.271516 0.790126 0.286641 0.772529 0.266713 0.769915 0.268560 0.764850 0.268138 0.759926 0.264199 0.760067 0.258431 0.738823 0.258290 0.738921 0.230976 0.744703 0.230459 0.746024 0.226817 0.749662 0.223621 0.754071 0.220865 0.753635 0.215198 0.750044 0.215557 0.748607 0.196703 0.776287 0.198454 0.779523 0.205910 0.784025 0.211256 0.791482 0.212804 0.795702 0.211678 0.798376 0.209870
0 0.775955 0.299889 0.783008 0.299836 0.786825 0.301904 0.788522 0.303017 0.788681 0.304449 0.791173 0.307153 0.792870 0.309698 0.793188 0.311024 0.795967 0.310961 0.796062 0.316769 0.795640 0.321271 0.792404 0.324929 0.792967 0.329149 0.787058 0.331260 0.782978 0.332245 0.773552 0.332245 0.773552 0.330556 0.769191 0.329571 0.765673 0.326898 0.763282 0.322115 0.761312 0.314518 0.761875 0.311141 0.762297 0.307765 0.765533 0.308187 0.767643 0.304107 0.772426 0.300871 0.775955 0.299889
0 0.745238 0.345540 0.760151 0.346384 0.760714 0.357499 0.742143 0.357640 0.741580 0.349620 0.744816 0.349902 0.745238 0.345540
0 0.686704 0.183930 0.717412 0.193097 0.717870 0.196305 0.723599 0.196305 0.721995 0.214180 0.712370 0.211659 0.710078 0.219680 0.683954 0.213722 0.683724 0.218076 0.664245 0.212805 0.669516 0.185305 0.685558 0.189430 0.686704 0.183930
0 0.571992 0.214002 0.589740 0.216097 0.587094 0.239356 0.577394 0.238033 0.577173 0.240238 0.569280 0.238924 0.571992 0.214002
0 0.577030 0.256152 0.595899 0.256207 0.595119 0.288524 0.576021 0.288056 0.577030 0.256152
0 0.574029 0.280357 0.574029 0.296249 0.565737 0.296595 0.566169 0.280789 0.574029 0.280357
0 0.602752 0.317530 0.602904 0.321779 0.605230 0.321821 0.605159 0.323424 0.618044 0.323849 0.617831 0.325864 0.622020 0.325705 0.622048 0.333848 0.633022 0.333989 0.632278 0.346860 0.619657 0.346370 0.612341 0.346229 0.593629 0.345861 0.593348 0.342430 0.580264 0.342149 0.579878 0.334958 0.580539 0.314675 0.594318 0.315006 0.594208 0.317100 0.602752 0.317530
0 -0.000000 0.308973 0.003638 0.310511 0.010680 0.294819 0.013387 0.297269 0.015965 0.294304 0.033885 0.301394 0.034916 0.298042 0.044069 0.300492 0.042522 0.308227 0.045359 0.309258 0.037623 0.332721 0.015063 0.323697 0.007843 0.340327 -0.000000 0.337749 -0.000000 0.308973
0 0.057550 0.301716 0.107441 0.324793 0.100738 0.342454 0.087846 0.337040 0.085139 0.342841 0.046592 0.323117 0.057550 0.301716
4 0.004023 0.358816 0.013109 0.360079 0.012283 0.368970 0.003051 0.367610 0.004023 0.358816
4 -0.000000 0.395287 0.005618 0.397882 0.003896 0.428911 -0.000000 0.428140 -0.000000 0.395287
0 0.134972 0.370890 0.083629 0.385233 0.078472 0.367185 0.079762 0.360481 0.106061 0.354809 0.102838 0.345269 0.115601 0.341659 0.128621 0.338178 0.134972 0.370890
0 0.134498 0.414411 0.133982 0.416860 0.142104 0.418278 0.138108 0.440065 0.119543 0.436198 0.118899 0.440194 0.095307 0.435424 0.097756 0.421243 0.099690 0.421501 0.102011 0.407965 0.134498 0.414411
0 0.067521 0.393815 0.083582 0.394826 0.082875 0.407452 0.088430 0.407957 0.087925 0.418765 0.085198 0.418664 0.084309 0.441749 0.055431 0.439429 0.056592 0.420220 0.060330 0.419704 0.061490 0.409391 0.065358 0.408489 0.066132 0.404492 0.064069 0.403203 0.064456 0.398820 0.067521 0.393815
0 0.185054 0.371423 0.188304 0.372246 0.188304 0.371135 0.192243 0.371539 0.193051 0.372852 0.194162 0.372650 0.194263 0.371640 0.201435 0.373660 0.202041 0.380832 0.199011 0.381337 0.199011 0.385478 0.201839 0.386185 0.200829 0.397398 0.197597 0.397196 0.196991 0.402953 0.191233 0.401438 0.190728 0.405478 0.181950 0.405456 0.181197 0.404035 0.157608 0.401516 0.159022 0.396970 0.154880 0.395960 0.159426 0.376768 0.168618 0.378789 0.168517 0.380102 0.173567 0.380910 0.173668 0.379395 0.181042 0.380708 0.180941 0.382627 0.185083 0.382728 0.185386 0.379294 0.182254 0.378486 0.185054 0.371423
0 0.160302 0.349412 0.180420 0.352341 0.179712 0.356887 0.184460 0.357291 0.183955 0.369109 0.177692 0.370119 0.177692 0.373251 0.169005 0.373049 0.169207 0.371129 0.157187 0.369614 0.160302 0.349412
0 0.151805 0.414882 0.164633 0.416700 0.165542 0.413064 0.176047 0.414781 0.175239 0.418417 0.196197 0.424572 0.193219 0.445892 0.190189 0.458821 0.173320 0.454882 0.176047 0.441549 0.174418 0.441126 0.174709 0.439522 0.148507 0.433395 0.151805 0.414882
0 0.204888 0.405630 0.221647 0.408080 0.221389 0.409756 0.236730 0.411818 0.230155 0.452556 0.207724 0.449591 0.211054 0.429153 0.201176 0.424404 0.204888 0.405630
0 0.268830 0.386592 0.281976 0.391863 0.277829 0.409042 0.265245 0.406113 0.264137 0.401761 0.268015 0.386565 0.268830 0.386592
0 0.193433 0.449363 0.201060 0.450107 0.208275 0.451155 0.207402 0.467279 0.192069 0.465548 0.193433 0.449363
0 0.296302 0.439841 0.291634 0.468211 0.261109 0.467313 0.260391 0.470186 0.258416 0.481499 0.239921 0.478087 0.252849 0.432838 0.296302 0.439841
0 0.304736 0.449476 0.340189 0.459043 0.337657 0.469876 0.341315 0.471002 0.338501 0.481131 0.342018 0.482679 0.341033 0.490557 0.329075 0.492949 0.328231 0.483101 0.315850 0.479021 0.310331 0.477132 0.312845 0.485212 0.311588 0.488803 0.296326 0.486290 0.299560 0.450554 0.304736 0.449476
0 0.352925 0.461144 0.363838 0.462357 0.363838 0.463900 0.367806 0.464341 0.368247 0.462467 0.372987 0.462908 0.372934 0.464632 0.375267 0.464950 0.375045 0.467829 0.378463 0.467940 0.380447 0.470475 0.384760 0.471122 0.388788 0.471808 0.388137 0.477634 0.386924 0.488437 0.378988 0.487776 0.379098 0.490201 0.360689 0.487996 0.358509 0.500892 0.343067 0.498685 0.350822 0.462110 0.352925 0.461144
0 0.393322 0.474171 0.409041 0.476935 0.408091 0.483758 0.417592 0.485485 0.418887 0.478317 0.442675 0.482466 0.436341 0.510471 0.406151 0.502862 0.404900 0.508639 0.386287 0.504000 0.393322 0.474171
0 0.448012 0.489253 0.466862 0.493332 0.466642 0.495646 0.492315 0.501377 0.492425 0.498291 0.503339 0.500716 0.502236 0.507110 0.507623 0.509102 0.503419 0.527799 0.441756 0.514925 0.448012 0.489253
0 0.595579 0.536268 0.597271 0.536336 0.630228 0.544592 0.629483 0.547164 0.637198 0.549209 0.633611 0.561104 0.623054 0.558600 0.622648 0.559345 0.609384 0.556164 0.609587 0.555352 0.592060 0.550277 0.595579 0.536268
0 0.532432 0.510641 0.550021 0.509625 0.550280 0.518607 0.555290 0.518262 0.555203 0.523098 0.554167 0.523185 0.554253 0.530872 0.565654 0.531217 0.565827 0.533376 0.584569 0.532772 0.585260 0.548146 0.564027 0.547689 0.564244 0.544680 0.552630 0.543365 0.538681 0.540964 0.538363 0.531367 0.529136 0.531155 0.528981 0.519573 0.532771 0.519573 0.532432 0.510641
0 0.004511 0.487713 0.017099 0.488660 0.016963 0.490149 0.022783 0.490690 0.021700 0.508556 0.002617 0.506594 0.004511 0.487713
0 0.018590 0.509115 0.020735 0.510729 0.009560 0.559917 -0.000000 0.557798 -0.000000 0.549101 0.002057 0.541784 -0.000000 0.541330 -0.000000 0.529586 0.003889 0.530359 0.007676 0.512287 0.011994 0.511941 0.018590 0.509115
0 0.050965 0.508546 0.038099 0.569210 0.010179 0.563909 0.019277 0.524395 0.023882 0.504204 0.037839 0.506058 0.050965 0.508546
4 -0.000000 0.593849 0.005302 0.594390 0.004084 0.608940 -0.000000 0.608519 -0.000000 0.593849
4 -0.000000 0.621240 0.001432 0.621566 0.001269 0.623356 0.002409 0.623584 0.002592 0.638775 -0.000000 0.638334 -0.000000 0.621240
0 0.011435 0.601583 0.041198 0.604670 0.040537 0.623409 0.037009 0.623189 0.036899 0.631677 0.032821 0.631567 0.032269 0.636858 0.020034 0.635755 0.020254 0.633881 0.005776 0.632148 0.009112 0.608657 0.011435 0.601583
0 0.073951 0.610509 0.088030 0.613618 0.080673 0.646469 0.047052 0.638311 0.049257 0.629162 0.042973 0.628280 0.046942 0.613068 0.070311 0.618029 0.070752 0.613729 0.073508 0.614060 0.073951 0.610509
0 0.094308 0.617311 0.116465 0.623815 0.114040 0.633405 0.122858 0.635720 0.118669 0.649610 0.120433 0.650050 0.116906 0.663168 0.082954 0.653357 0.094308 0.617311
0 0.131046 0.636075 0.171381 0.647995 0.165257 0.666882 0.162061 0.679008 0.132849 0.670520 0.134613 0.665008 0.122708 0.661481 0.131046 0.636075
0 0.173000 0.647499 0.202432 0.657310 0.192732 0.684427 0.163630 0.674506 0.173000 0.647499
0 0.214501 0.649049 0.255019 0.664102 0.254315 0.666776 0.260787 0.668464 0.261350 0.681548 0.248969 0.681688 0.246155 0.688442 0.241372 0.686331 0.236515 0.697885 0.239610 0.699010 0.237078 0.705623 0.198388 0.690569 0.214501 0.649049
0 0.253739 0.683415 0.267525 0.687816 0.265959 0.693920 0.271820 0.695770 0.270595 0.700490 0.274741 0.701959 0.275605 0.702391 0.275173 0.703773 0.283896 0.706536 0.278714 0.720356 0.239934 0.706364 0.242093 0.699627 0.245116 0.700404 0.247275 0.693754 0.249003 0.694185 0.253739 0.683415
0 0.300175 0.693544 0.305873 0.695531 0.307842 0.692014 0.322052 0.699470 0.307776 0.728610 0.298966 0.724119 0.297929 0.726192 0.287047 0.719800 0.300175 0.693544
0 0.324594 0.695816 0.361395 0.709483 0.349859 0.742122 0.330303 0.734525 0.332695 0.727209 0.312858 0.719471 0.324594 0.695816
0 0.370543 0.693715 0.387924 0.699029 0.375467 0.732123 0.369980 0.730575 0.369277 0.732967 0.355911 0.728746 0.370543 0.693715
0 0.388641 0.700676 0.405224 0.706204 0.394001 0.740032 0.376275 0.734404 0.388641 0.700676
0 0.408422 0.705453 0.425164 0.712206 0.413486 0.746252 0.395619 0.739499 0.408422 0.705453
0 0.421258 0.730443 0.427729 0.732694 0.426041 0.738181 0.438000 0.742261 0.429980 0.764911 0.411128 0.759003 0.421258 0.730443
0 0.450375 0.747543 0.455654 0.749100 0.455316 0.751265 0.470001 0.756815 0.464563 0.775301 0.448689 0.770561 0.446485 0.776182 0.435021 0.773096 0.441965 0.750388 0.448689 0.750388 0.450375 0.747543
0 0.476489 0.761028 0.493972 0.766701 0.493090 0.773976 0.486586 0.790070 0.482618 0.796243 0.464539 0.788968 0.476489 0.761028
0 0.499931 0.758588 0.515736 0.765678 0.514586 0.768317 0.518849 0.769874 0.514586 0.782800 0.512150 0.782732 0.505792 0.797277 0.488913 0.790095 0.493090 0.773976 0.499931 0.758588
0 0.525840 0.768271 0.559956 0.787663 0.547746 0.811006 0.544155 0.808851 0.542000 0.812622 0.529431 0.805260 0.532304 0.800591 0.527815 0.797898 0.523685 0.805260 0.508961 0.797180 0.525840 0.768271
0 0.555054 0.803819 0.563000 0.809174 0.564468 0.807274 0.570687 0.811593 0.570082 0.812975 0.577596 0.817984 0.575783 0.820489 0.577942 0.821785 0.566319 0.839224 0.543085 0.822814 0.555054 0.803819
0 0.599706 0.803572 0.607978 0.809722 0.607925 0.811790 0.611424 0.811313 0.627013 0.821388 0.619992 0.832198 0.622497 0.834098 0.621634 0.836430 0.620856 0.836343 0.621115 0.840662 0.618697 0.842907 0.617315 0.842907 0.616710 0.849040 0.609455 0.849472 0.602891 0.844289 0.601855 0.846535 0.605482 0.849299 0.600559 0.854999 0.576375 0.837553 0.582853 0.828656 0.582508 0.827534 0.585185 0.824165 0.594600 0.823301 0.594686 0.822610 0.587872 0.817768 0.591932 0.812153 0.592882 0.812758 0.599706 0.803572
0 0.632435 0.824632 0.651789 0.836272 0.646037 0.845475 0.651518 0.848994 0.647882 0.855337 0.645310 0.853848 0.643821 0.857029 0.642129 0.856352 0.635058 0.867223 0.633569 0.866343 0.631606 0.869524 0.621388 0.863434 0.622538 0.860118 0.616312 0.855989 0.621591 0.847598 0.618223 0.845258 0.632435 0.824632
0 0.354351 0.789166 0.346614 0.807034 0.346191 0.811817 0.344925 0.817867 0.341689 0.824057 0.338172 0.834890 0.333389 0.846708 0.297513 0.832357 0.321712 0.774394 0.333248 0.779037 0.336765 0.779177 0.342815 0.782132 0.342534 0.783117 0.354351 0.789166
0 0.354872 0.792126 0.373262 0.798551 0.353042 0.853171 0.335456 0.845152 0.354872 0.792126
0 0.373971 0.800418 0.393237 0.807485 0.373659 0.859644 0.354806 0.852641 0.373971 0.800418
0 0.428761 0.817312 0.446897 0.823956 0.424915 0.879503 0.407751 0.871906 0.428761 0.817312
0 0.445469 0.830004 0.460902 0.834634 0.444578 0.883557 0.427555 0.878483 0.445469 0.830004
0 0.462787 0.834868 0.481195 0.841229 0.463755 0.893680 0.444389 0.886817 0.462787 0.834868
0 0.499919 0.845529 0.479896 0.898143 0.465300 0.892357 0.468562 0.884983 0.467357 0.884292 0.484136 0.836330 0.490269 0.838575 0.488455 0.843239 0.493982 0.845399 0.494760 0.843671 0.499919 0.845529
0 0.501446 0.843989 0.522611 0.854461 0.501631 0.907122 0.481700 0.899581 0.501446 0.843989
0 0.537460 0.868284 0.551625 0.874848 0.537093 0.915005 0.534007 0.914343 0.518794 0.908280 0.532042 0.875525 0.537460 0.868284
0 0.689555 0.888600 0.699211 0.892478 0.695095 0.901896 0.697232 0.902608 0.693987 0.911314 0.707623 0.916522 0.696078 0.946051 0.693019 0.954609 0.666622 0.944873 0.683831 0.896675 0.687440 0.887780 0.689555 0.888600
0 0.833799 0.889193 0.845819 0.902830 0.836627 0.909598 0.838749 0.912729 0.827132 0.922325 0.810800 0.898892 0.825819 0.886466 0.830567 0.892123 0.833799 0.889193
0 0.755112 0.999008 0.755425 0.991894 0.742856 0.982557 0.745190 0.975375 0.715922 0.961010 0.718616 0.953469 0.724516 0.933507 0.758141 0.925348 0.759829 0.930412 0.763627 0.932382 0.768552 0.932382 0.778400 0.934633 0.794330 0.928388 0.795322 0.923317 0.793778 0.921112 0.796358 0.918859 0.804611 0.917983 0.801392 0.910858 0.801324 0.908895 0.798143 0.903616 0.808836 0.897526 0.813699 0.904374 0.811307 0.906343 0.827538 0.926840 0.827365 0.932108 0.820110 0.933490 0.816811 0.935447 0.815515 0.939679 0.815342 0.946329 0.813183 0.947366 0.814095 0.953223 0.808411 0.973168 0.804337 0.977021 0.808074 0.999007 0.755112 0.999008
0 0.998846 0.821686 0.994112 0.820871 0.992127 0.815801 0.973167 0.767960 0.993781 0.761676 0.995986 0.767078 0.998846 0.766671 0.998846 0.821686
0 0.966974 0.770819 0.975611 0.789389 0.974661 0.789907 0.983358 0.809022 0.959328 0.820486 0.951501 0.804171 0.952934 0.803510 0.949076 0.794691 0.947974 0.795132 0.941801 0.781353 0.966974 0.770819
0 0.936670 0.784163 0.954307 0.821532 0.928843 0.833437 0.920796 0.818556 0.922340 0.817564 0.916607 0.806430 0.923001 0.803895 0.918040 0.792871 0.936670 0.784163
0 0.880378 0.803310 0.891842 0.798680 0.893496 0.803089 0.897575 0.801546 0.895811 0.796696 0.907716 0.792286 0.914550 0.808601 0.914330 0.810916 0.923369 0.829214 0.896252 0.841340 0.887764 0.824585 0.880378 0.803310
0 0.879351 0.811166 0.896096 0.845418 0.869500 0.858547 0.850536 0.815905 0.866870 0.809916 0.870851 0.813275 0.879351 0.811166
0 0.843511 0.817958 0.850101 0.824476 0.854111 0.839939 0.853573 0.840119 0.857343 0.867411 0.846929 0.872798 0.827896 0.872080 0.827716 0.869925 0.824484 0.869925 0.824484 0.826293 0.826639 0.825934 0.827357 0.817315 0.843511 0.817958
0 0.998846 0.704643 0.971766 0.701087 0.975987 0.674497 0.998846 0.678375 0.998846 0.704643
0 0.942643 0.678577 0.961496 0.680546 0.960792 0.687299 0.964591 0.687721 0.963325 0.697710 0.959807 0.697429 0.958823 0.701368 0.967545 0.713608 0.963887 0.716000 0.965013 0.723456 0.938141 0.732882 0.933499 0.727114 0.932514 0.703760 0.935328 0.703479 0.938141 0.686877 0.942643 0.678577
0 0.913549 0.695343 0.931428 0.698021 0.927973 0.707435 0.910785 0.704931 0.913549 0.695343
0 0.910785 0.704931 0.927973 0.707435 0.926419 0.717565 0.930077 0.718549 0.930921 0.732196 0.902502 0.738387 0.898422 0.726006 0.915279 0.721495 0.910785 0.704931
0 0.894849 0.722807 0.899369 0.735924 0.904880 0.751357 0.871811 0.767561 0.863764 0.730964 0.894849 0.722807
0 0.827255 0.738904 0.827973 0.747343 0.828036 0.773541 0.827975 0.779475 0.826031 0.780113 0.810000 0.775627 0.807289 0.767758 0.798174 0.754334 0.796689 0.742285 0.797628 0.742136 0.797807 0.729095 0.826814 0.726620 0.827255 0.738904
0 0.862468 0.753866 0.859250 0.759160 0.864555 0.763186 0.863975 0.764287 0.856505 0.773359 0.850111 0.768683 0.842100 0.780869 0.830560 0.769933 0.833831 0.746792 0.843594 0.743932 0.844337 0.732852 0.857562 0.730601 0.862468 0.753866
0 0.756561 0.778800 0.761433 0.784365 0.761298 0.786395 0.769080 0.794719 0.769013 0.795937 0.774202 0.801856 0.745166 0.830652 0.740322 0.825037 0.736664 0.827007 0.728505 0.819691 0.728927 0.817299 0.716827 0.817581 0.717531 0.807310 0.715421 0.807310 0.714154 0.802386 0.756561 0.778800
0 0.745365 0.749940 0.748239 0.751869 0.748661 0.762280 0.746551 0.763124 0.746410 0.765938 0.749787 0.766501 0.756258 0.776912 0.731075 0.789715 0.723056 0.786479 0.701953 0.759467 0.702374 0.757546 0.709760 0.756554 0.710642 0.752145 0.745365 0.749940
0 0.670336 0.721607 0.698789 0.718527 0.698899 0.722496 0.700663 0.722496 0.703639 0.725472 0.704301 0.727677 0.708931 0.728007 0.708820 0.731755 0.724363 0.731976 0.724584 0.734621 0.731969 0.734070 0.732631 0.741345 0.729103 0.741345 0.729654 0.746306 0.725686 0.747078 0.725906 0.750164 0.710642 0.752145 0.710033 0.754794 0.707055 0.756498 0.693549 0.756779 0.690735 0.754247 0.682153 0.747072 0.676245 0.741585 0.670617 0.732440 0.670336 0.721607
0 0.873502 0.654562 0.906063 0.659831 0.897776 0.709573 0.894139 0.709132 0.893257 0.715967 0.862502 0.711447 0.871799 0.653906 0.873502 0.654562
0 0.839471 0.649396 0.858684 0.652987 0.867242 0.655886 0.864609 0.672379 0.861377 0.684050 0.862924 0.684381 0.861018 0.696081 0.860300 0.698236 0.830493 0.691771 0.839471 0.649396
0 0.836860 0.650276 0.827248 0.693076 0.802909 0.687449 0.795106 0.685621 0.796837 0.657468 0.812821 0.659342 0.815354 0.645440 0.836860 0.650276
0 0.748748 0.634359 0.762957 0.636328 0.762676 0.639283 0.771680 0.640971 0.764786 0.672907 0.735064 0.669936 0.735423 0.666345 0.727645 0.665592 0.728489 0.663763 0.723705 0.663481 0.724972 0.654336 0.732006 0.655040 0.734538 0.639564 0.747482 0.641112 0.748748 0.634359
0 0.686862 0.628642 0.706277 0.633566 0.707403 0.630049 0.726677 0.634692 0.717251 0.668879 0.677999 0.661000 0.686862 0.628642
0 0.682603 0.674275 0.707927 0.680466 0.699204 0.714653 0.674021 0.708603 0.682603 0.674275
0 0.719532 0.678578 0.730156 0.680392 0.729811 0.682120 0.751489 0.685834 0.746344 0.720376 0.708278 0.715707 0.713844 0.686080 0.718513 0.686798 0.719532 0.678578
0 0.748647 0.702289 0.757466 0.703391 0.755702 0.720257 0.746520 0.718896 0.748647 0.702289
0 0.662013 0.786990 0.667697 0.791118 0.667224 0.792133 0.676495 0.799442 0.658620 0.822218 0.643326 0.808209 0.655748 0.792840 0.662013 0.786990
0 0.636425 0.756471 0.638535 0.753235 0.654574 0.763083 0.650072 0.770117 0.651338 0.771102 0.645992 0.778418 0.654996 0.783201 0.635581 0.812887 0.610257 0.796989 0.636425 0.756471
0 0.611802 0.740974 0.629219 0.749903 0.626794 0.754533 0.633407 0.757950 0.611361 0.791020 0.588543 0.775698 0.611802 0.740974
0 0.589270 0.736078 0.604324 0.745785 0.586738 0.772938 0.571122 0.763934 0.589270 0.736078
0 0.569937 0.731184 0.571406 0.732047 0.573392 0.729370 0.576415 0.731270 0.586638 0.738567 0.576187 0.755495 0.561763 0.745736 0.565045 0.741417 0.563663 0.740208 0.569937 0.731184
0 0.602245 0.638479 0.620764 0.641455 0.620985 0.639360 0.628150 0.640352 0.627488 0.644762 0.632118 0.645313 0.631677 0.650494 0.649428 0.652732 0.649097 0.655818 0.653837 0.656259 0.652184 0.669818 0.642153 0.668164 0.638184 0.669928 0.637854 0.674668 0.628153 0.674337 0.627822 0.677203 0.615697 0.678857 0.615697 0.682605 0.605114 0.689660 0.592658 0.670920 0.601367 0.663314 0.599823 0.659346 0.608421 0.651850 0.600485 0.650747 0.602245 0.638479
0 0.556034 0.588400 0.575214 0.591156 0.572899 0.607691 0.591529 0.610447 0.587805 0.625203 0.577425 0.623741 0.568339 0.622816 0.565589 0.632917 0.563402 0.640494 0.546698 0.638007 0.556034 0.588400
0 0.530856 0.687202 0.541037 0.694413 0.537219 0.699610 0.526614 0.691974 0.530856 0.687202
0 0.546159 0.699255 0.554908 0.705405 0.551620 0.709912 0.542977 0.703815 0.546159 0.699255
0 0.546810 0.661356 0.560819 0.661965 0.560616 0.667379 0.546201 0.666567 0.546810 0.661356
0 0.509431 0.590375 0.543153 0.598067 0.542712 0.599169 0.545247 0.599390 0.541389 0.616917 0.536429 0.615815 0.535436 0.620334 0.529925 0.619122 0.525578 0.636998 0.506585 0.632778 0.508597 0.626298 0.500859 0.623625 0.504053 0.615192 0.509431 0.590375
0 0.508597 0.626298 0.506585 0.632778 0.525578 0.636998 0.525198 0.640930 0.531811 0.641633 0.532795 0.649934 0.528209 0.649112 0.527361 0.655157 0.511189 0.651870 0.510977 0.653036 0.510781 0.653477 0.495645 0.649746 0.499518 0.625049 0.500859 0.623625 0.508597 0.626298
0 0.502402 0.593668 0.501711 0.603860 0.493857 0.603525 0.493770 0.593037 0.502402 0.593668
0 0.491433 0.589091 0.488796 0.602713 0.479687 0.602392 0.483401 0.587536 0.491433 0.589091
0 0.478593 0.607236 0.488270 0.608048 0.487999 0.613462 0.497798 0.614379 0.495941 0.623480 0.498101 0.623826 0.494214 0.640927 0.492055 0.640495 0.491450 0.643777 0.481604 0.642223 0.481863 0.637472 0.472621 0.635659 0.475904 0.619421 0.478593 0.607236
0 0.457246 0.653369 0.450171 0.688043 0.425410 0.681431 0.426817 0.676648 0.423441 0.675803 0.428828 0.652129 0.443791 0.655052 0.444814 0.650959 0.457246 0.653369
0 0.468697 0.584557 0.463320 0.609482 0.439443 0.605498 0.445290 0.579807 0.468697 0.584557
0 0.410775 0.571634 0.429404 0.575712 0.425326 0.593901 0.406366 0.589822 0.410775 0.571634
0 0.414841 0.632088 0.427959 0.634403 0.421014 0.664496 0.423439 0.665599 0.420242 0.673094 0.409991 0.669787 0.402164 0.669787 0.391962 0.665564 0.382050 0.657618 0.383845 0.639426 0.396778 0.642498 0.398524 0.633012 0.413068 0.636064 0.414841 0.632088
0 0.377098 0.593580 0.389312 0.594936 0.385219 0.610347 0.372570 0.608365 0.377098 0.593580
0 0.362600 0.624092 0.381648 0.628026 0.376577 0.656687 0.366800 0.654734 0.366648 0.658730 0.344364 0.654275 0.348358 0.636073 0.351444 0.636845 0.352657 0.631884 0.360704 0.633648 0.362600 0.624092
0 0.307080 0.575182 0.329621 0.579296 0.325953 0.600116 0.303678 0.595474 0.307080 0.575182
0 0.304302 0.597703 0.326504 0.602737 0.317241 0.641738 0.308857 0.640526 0.307544 0.646586 0.290776 0.643556 0.291584 0.640324 0.281786 0.638101 0.286938 0.610828 0.302595 0.613253 0.304302 0.597703
0 0.263848 0.600339 0.262623 0.606784 0.280285 0.611038 0.280027 0.616839 0.277191 0.629344 0.275540 0.630755 0.275474 0.639363 0.271194 0.639244 0.271631 0.634579 0.267841 0.634433 0.267841 0.640993 0.266846 0.641006 0.250605 0.638945 0.250611 0.638703 0.235863 0.633551 0.247798 0.596470 0.263848 0.600339
0 0.251452 0.539752 0.269589 0.543136 0.266679 0.557618 0.248475 0.554234 0.251452 0.539752
0 0.235353 0.560928 0.255636 0.565117 0.252108 0.582754 0.248691 0.582534 0.240754 0.615714 0.222125 0.612187 0.235353 0.560928
0 0.058343 0.497942 0.079931 0.500040 0.076104 0.524808 0.074129 0.547514 0.069920 0.569528 0.059283 0.569252 0.060061 0.562914 0.052166 0.562247 0.051054 0.567251 0.040379 0.565027 0.049796 0.528989 0.052979 0.527582 0.055241 0.522265 0.051534 0.521968 0.055766 0.497698 0.058343 0.497942
0 0.088226 0.502943 0.102006 0.505478 0.096163 0.531714 0.081943 0.529068 0.088226 0.502943
0 0.081241 0.541073 0.106199 0.545562 0.097222 0.580756 0.071724 0.575548 0.081241 0.541073
0 0.142368 0.523100 0.164604 0.526978 0.164885 0.536123 0.161931 0.542876 0.147721 0.541047 0.147440 0.544564 0.137873 0.543157 0.142368 0.523100
0 0.129290 0.544988 0.147686 0.547752 0.141608 0.585692 0.136543 0.584989 0.135559 0.590616 0.121912 0.589069 0.129290 0.544988
0 0.116440 0.516763 0.131775 0.519576 0.126007 0.542227 0.127273 0.542227 0.125834 0.549711 0.127487 0.550042 0.124621 0.562057 0.125613 0.562388 0.122196 0.577710 0.118779 0.577269 0.116574 0.587080 0.115141 0.587411 0.112606 0.591048 0.109960 0.591599 0.107094 0.591379 0.104449 0.590497 0.101362 0.588403 0.100260 0.584875 0.102464 0.572970 0.114451 0.519015 0.116440 0.516763
0 0.170630 0.558991 0.168469 0.573812 0.181054 0.576881 0.171235 0.596855 0.143859 0.585461 0.144770 0.572648 0.151845 0.555107 0.170630 0.558991
0 0.203019 0.534817 0.202632 0.539882 0.208915 0.540875 0.209863 0.536543 0.228691 0.540469 0.227777 0.545487 0.229887 0.546050 0.227214 0.562229 0.217788 0.560681 0.214271 0.579111 0.222672 0.580468 0.216120 0.606280 0.199060 0.603228 0.198457 0.608200 0.188706 0.607293 0.182203 0.599638 0.187449 0.566984 0.172686 0.563013 0.173455 0.557777 0.175038 0.550333 0.181832 0.551157 0.186500 0.532663 0.203019 0.534817
3 0.118150 0.197089 0.118150 0.205910 0.107833 0.206358 0.108132 0.196341 0.118150 0.197089
0 0.826041 0.109184 0.832900 0.110057 0.832526 0.123026 0.824794 0.122902 0.826041 0.109184
0 0.828535 0.095591 0.835643 0.096090 0.835145 0.108560 0.827538 0.107563 0.828535 0.095591
0 0.602907 0.289701 0.629275 0.291173 0.627803 0.314597 0.611206 0.313928 0.610537 0.310715 0.601167 0.310447 0.602907 0.289701
0 0.250375 0.534004 0.249172 0.540891 0.239443 0.539142 0.241083 0.532036 0.250375 0.534004
