3 0.886577 0.193703 0.907841 0.175232 0.895735 0.159638 0.897376 0.144044 0.892246 0.143223 0.892657 0.122294 0.958521 0.124756 0.957817 0.153582 0.937239 0.152778 0.937703 0.144735 0.936665 0.144656 0.920793 0.143774 0.919534 0.150450 0.923565 0.157127 0.928351 0.152970 0.940775 0.169604 0.896223 0.205599 0.886577 0.193703
3 0.443873 0.000009 0.419919 0.011440 0.408391 0.006529 0.400201 0.000009 0.443873 0.000009
0 0.203050 0.261150 0.235847 0.266777 0.233436 0.281889 0.200639 0.276262 0.203050 0.261150
3 0.998846 0.070639 0.964501 0.071830 0.964478 0.057968 0.998846 0.058291 0.998846 0.070639
0 0.051849 0.126277 0.058199 0.105889 0.100646 0.117921 0.089282 0.154686 0.048172 0.140983 0.051849 0.126277
0 0.045678 0.194450 0.072557 0.150335 0.084047 0.156696 0.057784 0.201426 0.045678 0.194450
3 0.045113 0.276819 0.055820 0.279213 0.051663 0.292943 0.040956 0.290046 0.045113 0.276819
0 0.028122 0.234373 0.038451 0.238152 0.035554 0.246087 0.039711 0.247725 0.036184 0.256920 0.021824 0.251504 0.028122 0.234373
0 0.172541 0.172471 0.124099 0.158605 0.131485 0.133983 0.153030 0.139728 0.151593 0.143011 0.158980 0.145063 0.160622 0.139933 0.180749 0.146002 0.172541 0.172471
0 0.282208 0.196735 0.297408 0.195748 0.298296 0.202361 0.282800 0.203743 0.282208 0.196735
0 0.222817 0.220822 0.224577 0.211876 0.250024 0.217376 0.248044 0.225809 0.222817 0.220822
0 0.213188 0.116526 0.220769 0.112782 0.227975 0.126072 0.219833 0.129816 0.213188 0.116526
3 0.972244 0.164402 0.962931 0.182295 0.956917 0.178408 0.965791 0.161248 0.972244 0.164402
