0 0.966270 0.000004 0.966270 0.007391 0.934788 0.009122 0.934631 0.011955 0.916529 0.011798 0.916529 0.014789 0.918733 0.015104 0.918890 0.023918 0.897483 0.023761 0.897326 0.007705 0.904094 0.007705 0.904251 0.000005 0.966270 0.000004
0 0.965497 0.009867 0.975256 0.009552 0.975571 0.016793 0.965497 0.016793 0.965497 0.009867
0 0.998838 0.738897 0.967386 0.725113 0.978781 0.700751 0.993320 0.705466 0.992534 0.709396 0.998838 0.710697 0.998838 0.738897
0 0.931205 0.608468 0.930992 0.601635 0.933981 0.601208 0.933981 0.596083 0.945939 0.596297 0.946580 0.603984 0.950423 0.603984 0.951064 0.608041 0.954053 0.608041 0.954907 0.621066 0.933768 0.624696 0.931205 0.608468
2 0.575923 0.368142 0.595570 0.375608 0.576708 0.416866 0.556669 0.409008 0.543702 0.431405 0.514624 0.418438 0.521697 0.404292 0.530342 0.406650 0.542916 0.375608 0.565706 0.382288 0.575923 0.368142
1 0.506129 0.460489 0.522633 0.468348 0.532849 0.453023 0.548174 0.462061 0.530492 0.498211 0.520275 0.494675 0.517525 0.500569 0.498664 0.492710 0.502593 0.480136 0.495520 0.478564 0.506129 0.460489
0 0.492463 0.664366 0.503465 0.659650 0.510931 0.678512 0.500322 0.682048 0.492463 0.664366
0 0.305391 0.682464 0.321322 0.656684 0.319294 0.652049 0.327115 0.639304 0.344205 0.650890 0.316977 0.696078 0.308867 0.692312 0.299597 0.708823 0.281928 0.699554 0.278742 0.705637 0.263100 0.698974 0.270921 0.682402 0.284535 0.690284 0.293804 0.677539 0.305391 0.682464
3 0.186952 0.682224 0.209350 0.676723 0.216422 0.706979 0.244321 0.701085 0.248643 0.721911 0.225460 0.727019 0.225853 0.730163 0.200705 0.733699 0.186952 0.682224
2 0.159317 0.765285 0.164655 0.764644 0.165082 0.766139 0.169353 0.766139 0.169353 0.767634 0.177467 0.766993 0.179389 0.779591 0.158890 0.781086 0.159317 0.765285
0 0.065509 0.734595 0.109496 0.707476 0.119532 0.723278 0.071488 0.752958 0.065509 0.734595
0 0.036883 0.673027 0.050207 0.675923 0.048469 0.683744 0.056290 0.685192 0.052525 0.697069 0.042676 0.694462 0.042097 0.697648 0.029931 0.693882 0.036883 0.673027
0 0.000208 0.568730 0.002129 0.562965 0.058928 0.582610 0.072594 0.544601 0.107827 0.555278 0.102061 0.573214 0.083057 0.566381 0.076438 0.587734 0.105905 0.597984 0.100994 0.615920 0.055085 0.602895 0.051882 0.613785 0.034586 0.609087 0.033091 0.615066 0.004692 0.607379 0.006827 0.600119 -0.000000 0.597984 0.000208 0.568730
0 0.127789 0.540351 0.139747 0.543768 0.134195 0.564907 0.119461 0.560850 0.127789 0.540351
0 0.217629 0.543714 0.223422 0.546321 0.221974 0.550956 0.231533 0.556170 0.228926 0.565729 0.249492 0.574998 0.256444 0.559067 0.275562 0.567467 0.260210 0.602805 0.198222 0.576157 0.217629 0.543714
0 0.427209 0.573235 0.474399 0.583484 0.465858 0.609321 0.439380 0.603129 0.433401 0.592026 0.424006 0.589890 0.427209 0.573235
0 0.372207 0.498840 0.375683 0.481460 0.393932 0.485805 0.395380 0.480301 0.413339 0.483777 0.409573 0.501157 0.398566 0.500578 0.397118 0.509267 0.403201 0.509847 0.397697 0.538234 0.379159 0.534178 0.381476 0.530123 0.381187 0.526647 0.372207 0.524909 0.370759 0.522013 0.363228 0.520275 0.363807 0.515640 0.367283 0.513323 0.369310 0.498840 0.372207 0.498840
0 0.405566 0.412051 0.455959 0.435112 0.434179 0.478245 0.416884 0.469704 0.414108 0.470772 0.406207 0.467569 0.406207 0.463085 0.385708 0.449632 0.405566 0.412051
0 0.138423 0.341215 0.157831 0.347008 0.150589 0.365256 0.131471 0.359174 0.138423 0.341215
0 0.134368 0.369601 0.150010 0.374815 0.150010 0.375974 0.157541 0.378291 0.152906 0.395381 0.116409 0.385243 0.117857 0.380029 0.120464 0.380029 0.121623 0.375974 0.125388 0.376553 0.126837 0.371919 0.132051 0.374236 0.134368 0.369601
0 0.129434 0.668425 0.143954 0.675685 0.133278 0.698533 0.117263 0.690205 0.129434 0.668425
0 0.448665 0.400054 0.471174 0.412175 0.458739 0.432480 0.436702 0.421934 0.448665 0.400054
0 0.150271 0.298600 0.213417 0.310187 0.211679 0.324380 0.147954 0.315690 0.150271 0.298600
0 0.147954 0.315690 0.214576 0.324960 0.212838 0.342629 0.145347 0.333650 0.147954 0.315690
0 0.314007 0.361702 0.342087 0.339887 0.354503 0.356132 0.326074 0.378179 0.314007 0.361702
0 0.310990 0.367736 0.317604 0.377019 0.304840 0.387694 0.297994 0.377715 0.310990 0.367736
0 0.340718 0.584503 0.356360 0.593193 0.370263 0.583345 0.372581 0.583924 0.377505 0.591745 0.374319 0.595221 0.372001 0.597828 0.370553 0.602173 0.369974 0.607387 0.369105 0.611732 0.365919 0.616946 0.361574 0.619842 0.355491 0.621580 0.347380 0.624477 0.345353 0.624766 0.334345 0.625635 0.330000 0.625635 0.323918 0.623897 0.318704 0.626504 0.316097 0.627373 0.311462 0.627373 0.307986 0.626794 0.303352 0.623028 0.316097 0.600435 0.340718 0.584503
0 0.339270 0.571469 0.341877 0.567703 0.344484 0.565675 0.347380 0.564227 0.360994 0.580448 0.366788 0.576972 0.370263 0.583345 0.356360 0.593193 0.339270 0.571469
0 0.431998 0.700672 0.443743 0.677825 0.437764 0.674622 0.447800 0.655618 0.483246 0.674195 0.473423 0.693626 0.464455 0.689782 0.452070 0.715406 0.431998 0.704729 0.431998 0.700672
0 0.870645 0.698395 0.892344 0.657203 0.894317 0.656274 0.898030 0.659291 0.916827 0.643278 0.921005 0.647223 0.927967 0.642118 0.931216 0.641306 0.946533 0.658131 0.921469 0.678321 0.922281 0.680294 0.883757 0.709303 0.872154 0.702573 0.870413 0.700716 0.870645 0.698395
