3 0.875856 0.120931 0.890215 0.121977 0.891869 0.127874 0.884174 0.178288 0.867274 0.176418 0.867849 0.167501 0.874418 0.125741 0.875856 0.120931
3 0.784995 0.225924 0.836188 0.191132 0.846497 0.206244 0.796241 0.242793 0.784995 0.225924
0 0.753411 0.470905 0.754482 0.464312 0.759384 0.459409 0.764343 0.458395 0.770823 0.459015 0.774655 0.462678 0.777022 0.468031 0.778487 0.473891 0.777529 0.479019 0.773979 0.482569 0.768738 0.484879 0.763216 0.484654 0.758426 0.481724 0.754313 0.476765 0.753242 0.472821 0.753411 0.470905
3 0.835211 0.477469 0.856570 0.474161 0.856283 0.470205 0.864985 0.469198 0.865632 0.473657 0.881929 0.472413 0.884302 0.496002 0.837700 0.504273 0.835211 0.477469
0 0.893699 0.555931 0.917227 0.545275 0.948110 0.607092 0.923514 0.618095 0.893699 0.555931
3 0.874402 0.558365 0.883418 0.556054 0.886010 0.566704 0.883869 0.567211 0.887193 0.578030 0.880995 0.580059 0.874402 0.558365
3 0.855855 0.564551 0.865303 0.560533 0.869321 0.570864 0.860623 0.575500 0.855855 0.564551
3 0.884833 0.604483 0.891717 0.603341 0.894346 0.619289 0.888569 0.620915 0.884833 0.604483
0 0.921020 0.681421 0.928083 0.678166 0.930655 0.682854 0.923594 0.686593 0.921020 0.681421
0 0.897187 0.690381 0.909394 0.683805 0.913170 0.690413 0.901028 0.697770 0.897187 0.690381
3 0.011460 0.002993 0.019039 0.004211 0.018904 0.017136 0.010919 0.016257 0.011460 0.002993
4 -0.000000 0.021197 -0.000000 0.008917 0.004950 0.012159 -0.000000 0.021197
0 0.941609 0.671885 0.947522 0.669140 0.949845 0.674419 0.943932 0.676953 0.941609 0.671885
