0 -0.000000 0.506321 0.016916 0.491812 0.022838 0.497931 0.027378 0.506617 0.003592 0.525468 -0.000000 0.516585 -0.000000 0.506321
0 0.026923 0.494092 0.036595 0.485999 0.045478 0.496757 0.036201 0.506429 0.026923 0.494092
0 0.139408 0.404634 0.150340 0.400454 0.152912 0.409779 0.160790 0.407207 0.166095 0.425213 0.108379 0.457848 0.100823 0.435984 0.094509 0.437342 0.094758 0.422996 0.109505 0.417335 0.108058 0.413316 0.129118 0.404956 0.132816 0.410261 0.139247 0.408171 0.139408 0.404634
0 0.200454 0.405556 0.205191 0.399733 0.217726 0.409405 0.212692 0.415722 0.200454 0.405556
0 0.226797 0.418661 0.234858 0.416519 0.237378 0.427856 0.233599 0.429746 0.232969 0.437052 0.224151 0.434784 0.225033 0.426722 0.226797 0.418661
4 -0.000000 0.842087 0.005003 0.837930 0.020119 0.855943 -0.000000 0.871437 -0.000000 0.842087
0 0.006758 0.828373 0.008773 0.819177 0.023511 0.821445 0.022000 0.832026 0.006758 0.828373
0 0.020508 0.783105 0.029351 0.780533 0.040926 0.780854 0.043177 0.814294 0.023884 0.816705 0.020508 0.783105
0 0.001442 0.711713 0.008838 0.709623 0.014974 0.724369 0.006104 0.727629 0.001442 0.711713
0 0.095715 0.967710 0.105190 0.970572 0.101835 0.984686 0.092458 0.982120 0.095715 0.967710
0 0.024196 0.999004 0.007503 0.993163 0.002841 0.977719 0.005172 0.970143 0.013914 0.960235 0.026666 0.962414 0.033246 0.971701 0.054349 0.971245 0.055184 0.999005 0.024196 0.999004
0 0.170036 0.902685 0.168428 0.902364 0.168428 0.892396 0.169714 0.889342 0.173412 0.879213 0.195277 0.883715 0.196563 0.881625 0.201547 0.882911 0.202029 0.887091 0.204119 0.888699 0.202350 0.908152 0.196723 0.907348 0.192383 0.922460 0.200829 0.937073 0.210957 0.940771 0.209188 0.954757 0.215619 0.956847 0.213851 0.971477 0.184912 0.964082 0.187646 0.949131 0.188932 0.950095 0.192629 0.938841 0.186038 0.929356 0.183144 0.930803 0.163852 0.925819 0.168996 0.906688 0.170036 0.902685
0 0.217193 0.969693 0.223411 0.966732 0.229728 0.982425 0.223017 0.984892 0.217193 0.969693
4 0.374478 0.871906 0.375443 0.861825 0.394574 0.863433 0.394253 0.873722 0.374478 0.871906
4 0.399320 0.865763 0.413468 0.863030 0.415718 0.872193 0.401732 0.874283 0.399320 0.865763
0 0.510201 0.999010 0.523132 0.979994 0.533965 0.985159 0.541649 0.992465 0.537163 0.999010 0.510201 0.999010
3 0.705814 0.804050 0.710123 0.797279 0.730642 0.811027 0.726333 0.817593 0.705814 0.804050
0 0.965690 0.837423 0.971204 0.838453 0.969446 0.848451 0.963569 0.847300 0.965690 0.837423
0 0.996706 0.717917 0.996867 0.733351 0.987221 0.734315 0.987382 0.739460 0.970983 0.740264 0.970823 0.718399 0.996706 0.717917
4 0.365922 0.876559 0.381547 0.872949 0.384125 0.880319 0.367888 0.885785 0.365922 0.876559
0 0.040311 0.461303 0.047329 0.461972 0.046327 0.473335 0.038640 0.473001 0.040311 0.461303
0 0.013286 0.786822 0.019571 0.787346 0.019571 0.797297 0.013024 0.797559 0.013286 0.786822
