3 0.929309 0.024878 0.939158 0.016875 0.948186 0.033906 0.951879 0.033085 0.959676 0.048884 0.958240 0.053193 0.967678 0.071865 0.954957 0.080483 0.947981 0.062016 0.943877 0.062837 0.936285 0.044781 0.937311 0.043344 0.929309 0.024878
0 0.966996 0.105191 0.974070 0.145544 0.963942 0.148920 0.954135 0.151010 0.947543 0.110175 0.957190 0.104870 0.966996 0.105191
3 0.984137 0.165479 0.997741 0.176312 0.986908 0.189538 0.975319 0.178453 0.984137 0.165479
3 0.971513 0.155620 0.980336 0.166905 0.964332 0.183525 0.964332 0.185988 0.953047 0.196862 0.952021 0.196042 0.935401 0.210405 0.927809 0.200556 0.942993 0.185372 0.940941 0.182910 0.954073 0.169368 0.956945 0.172651 0.971513 0.155620
3 0.770805 0.042726 0.784470 0.040476 0.796367 0.042405 0.804645 0.113829 0.778381 0.115060 0.772021 0.066226 0.770805 0.042726
3 0.813610 0.151989 0.841952 0.144683 0.849132 0.173025 0.820664 0.179576 0.813610 0.151989
3 0.771729 0.174301 0.783465 0.190217 0.786359 0.188288 0.813208 0.191664 0.832821 0.213368 0.828480 0.241181 0.804365 0.257097 0.772212 0.252756 0.756456 0.227355 0.760154 0.207902 0.750026 0.193272 0.771729 0.174301
0 0.759309 0.320478 0.789267 0.321094 0.789677 0.348589 0.759515 0.348999 0.759309 0.320478
0 0.910270 0.315913 0.917576 0.319566 0.911530 0.332919 0.903972 0.329644 0.910270 0.315913
0 0.890940 0.261483 0.888207 0.275470 0.876150 0.271451 0.880008 0.261322 0.890940 0.261483
0 0.761003 0.164694 0.764932 0.170979 0.755504 0.178311 0.756028 0.180406 0.750529 0.183025 0.745553 0.175169 0.749743 0.172288 0.748695 0.169931 0.759694 0.163123 0.761003 0.164694
0 0.890399 0.405091 0.894755 0.415980 0.884411 0.419791 0.880055 0.408902 0.890399 0.405091
