2 0.040402 0.522802 0.046817 0.522407 0.046916 0.540765 0.053035 0.540468 0.053628 0.552608 0.046916 0.553003 0.046521 0.541653 0.040599 0.541752 0.040402 0.522802
0 0.256693 0.367856 0.265888 0.363699 0.270801 0.373272 0.290501 0.363835 0.305069 0.395639 0.272650 0.410412 0.253978 0.369032 0.256693 0.367856
3 0.335153 0.183698 0.340059 0.190275 0.334038 0.193926 0.329301 0.187610 0.335153 0.183698
0 0.295904 0.000008 0.299300 0.004376 0.292959 0.009093 0.288551 0.004221 0.288100 0.003722 0.292495 0.000122 0.295670 0.000008 0.295904 0.000008
0 0.374146 0.497003 0.386310 0.496302 0.387121 0.506703 0.375154 0.507710 0.374146 0.497003
0 0.547419 0.652418 0.558630 0.650528 0.569967 0.650024 0.572463 0.675129 0.550098 0.676770 0.547419 0.652418
3 0.715032 0.680024 0.726243 0.673473 0.731659 0.683299 0.721078 0.689723 0.715032 0.680024
0 0.475957 0.710530 0.484116 0.719699 0.474164 0.728139 0.465796 0.719764 0.470435 0.715717 0.469349 0.714829 0.475242 0.709588 0.475957 0.710530
0 0.422760 0.697896 0.434817 0.690179 0.440605 0.699021 0.428387 0.706899 0.422760 0.697896
0 0.583916 0.765288 0.591772 0.781262 0.549349 0.799855 0.540707 0.781524 0.583112 0.763294 0.583916 0.765288
0 0.523502 0.799752 0.534274 0.794125 0.538132 0.801521 0.527682 0.807308 0.523502 0.799752
0 0.220791 0.505051 0.226050 0.502035 0.229530 0.507603 0.224194 0.510773 0.220791 0.505051
3 0.344355 0.178023 0.346396 0.178363 0.349117 0.185166 0.345036 0.188227 0.338574 0.186186 0.337893 0.180404 0.340274 0.178023 0.344355 0.178023
