0 0.787324 0.119878 0.798125 0.115724 0.808096 0.142727 0.784416 0.148543 0.776523 0.130264 0.784416 0.126941 0.787324 0.119878
3 0.861865 0.190313 0.867735 0.188733 0.866380 0.183541 0.888504 0.179252 0.902953 0.209503 0.875862 0.218307 0.873605 0.211534 0.868412 0.211083 0.865477 0.202730 0.862543 0.204310 0.859156 0.190991 0.861865 0.190313
0 0.775301 0.292093 0.784794 0.286887 0.789082 0.297299 0.791532 0.297299 0.796738 0.311999 0.803475 0.313837 0.825831 0.357017 0.802557 0.368961 0.782957 0.320268 0.779894 0.304037 0.775301 0.292093
0 0.936818 0.360989 0.924355 0.351019 0.936818 0.336063 0.965899 0.360574 0.962160 0.363897 0.980854 0.382592 0.970884 0.389239 0.962575 0.384669 0.953436 0.393808 0.930171 0.369298 0.936818 0.360989
0 0.893382 0.407665 0.905019 0.403072 0.911144 0.418078 0.901650 0.422365 0.893382 0.407665
0 0.749032 0.020748 0.761910 0.018670 0.766065 0.030718 0.750278 0.033626 0.749032 0.020748
3 0.099258 0.599279 0.087518 0.590926 0.103096 0.573768 0.106708 0.579412 0.111448 0.572865 0.131541 0.592055 0.100838 0.622983 0.090002 0.609663 0.099258 0.599279
0 0.242311 0.834042 0.243557 0.835704 0.244388 0.831965 0.272222 0.839858 0.272222 0.844013 0.280946 0.846090 0.282608 0.849413 0.288009 0.851075 0.277623 0.875586 0.261421 0.871432 0.257267 0.876001 0.240649 0.869354 0.239818 0.861046 0.229017 0.855230 0.238572 0.832796 0.242311 0.834042
0 0.344508 0.867277 0.354478 0.874755 0.332045 0.903420 0.322075 0.893865 0.344508 0.867277
0 0.419702 0.837781 0.442551 0.844844 0.437981 0.863123 0.415132 0.856891 0.419702 0.837781
0 0.410765 0.633588 0.432815 0.632670 0.435265 0.675850 0.411072 0.677382 0.410765 0.633588
0 0.522565 0.810789 0.540429 0.810789 0.543753 0.842777 0.562863 0.841115 0.559955 0.867703 0.525474 0.870611 0.522565 0.810789
0 0.526568 0.783610 0.550149 0.779935 0.550761 0.798003 0.527487 0.800759 0.526568 0.783610
0 0.667921 0.843058 0.675883 0.832952 0.686908 0.841833 0.677108 0.853164 0.667921 0.843058
0 0.693646 0.835402 0.703752 0.830808 0.707121 0.832646 0.729477 0.821621 0.732845 0.828665 0.737133 0.829583 0.742951 0.842446 0.717227 0.855308 0.716308 0.860208 0.701302 0.863883 0.693646 0.835402
0 0.565200 0.637900 0.575623 0.638584 0.575810 0.650884 0.564071 0.649755 0.565200 0.637900
0 0.585040 0.640602 0.605177 0.643931 0.603013 0.662570 0.606674 0.662570 0.607839 0.688365 0.565569 0.687200 0.567399 0.669892 0.580713 0.670891 0.585040 0.640602
0 0.632360 0.702560 0.652572 0.708685 0.652879 0.713279 0.663291 0.715116 0.655941 0.733185 0.627154 0.723079 0.632360 0.702560
0 0.688970 0.753367 0.704321 0.756076 0.702515 0.777523 0.697548 0.776394 0.695968 0.786101 0.682423 0.785198 0.688970 0.753367
0 0.835603 0.712719 0.829282 0.721975 0.838087 0.726265 0.832894 0.735069 0.837409 0.740036 0.823864 0.759451 0.814834 0.753355 0.821381 0.742293 0.810770 0.734843 0.835603 0.698497 0.854567 0.712494 0.849149 0.720846 0.835603 0.712719
0 0.923994 0.699350 0.919002 0.717656 0.910348 0.716325 0.907352 0.727974 0.901694 0.730137 0.895037 0.746613 0.877563 0.744117 0.897367 0.688533 0.923994 0.699350
0 0.889401 0.830017 0.901651 0.819298 0.939931 0.864929 0.921250 0.878404 0.889401 0.830017
0 0.743227 0.999007 0.740442 0.994058 0.756366 0.988239 0.762423 0.999007 0.743227 0.999007
0 0.525550 0.881487 0.530598 0.874052 0.537758 0.880569 0.532342 0.887177 0.525550 0.881487
0 0.564719 0.624923 0.576690 0.626499 0.577025 0.638024 0.565200 0.636498 0.564719 0.624923
