0 0.592850 0.000009 0.593792 0.038544 0.567840 0.039117 0.565847 0.000009 0.592850 0.000009
0 0.563860 0.052572 0.580079 0.052473 0.580171 0.056955 0.594188 0.056998 0.594864 0.076864 0.584942 0.077081 0.585132 0.091583 0.563761 0.092728 0.563860 0.052572
0 0.565089 0.107112 0.591045 0.104986 0.591767 0.118254 0.595438 0.117893 0.597668 0.154214 0.569340 0.157528 0.565089 0.107112
0 0.597731 0.207291 0.615971 0.206094 0.615971 0.214916 0.622699 0.214617 0.622849 0.228072 0.612532 0.228372 0.612981 0.235399 0.623596 0.235249 0.625091 0.257975 0.595787 0.259918 0.593844 0.226727 0.598927 0.226577 0.597731 0.207291
0 0.582258 0.270130 0.609354 0.267841 0.609927 0.289975 0.581877 0.291502 0.582258 0.270130
0 0.631298 0.263833 0.653052 0.262116 0.653624 0.280053 0.631489 0.281389 0.631298 0.263833
0 0.561543 0.356155 0.576494 0.352716 0.579783 0.366770 0.563786 0.370060 0.561543 0.356155
0 0.553918 0.378133 0.563786 0.378133 0.564234 0.373050 0.587259 0.374096 0.586511 0.394579 0.564234 0.394131 0.564085 0.390991 0.553320 0.390991 0.553918 0.378133
0 0.458698 0.422229 0.477386 0.422229 0.476190 0.445105 0.457203 0.444955 0.458698 0.422229
0 0.494197 0.393169 0.509447 0.393617 0.509447 0.401242 0.502420 0.401242 0.502121 0.414399 0.486423 0.414549 0.487021 0.403485 0.493450 0.403635 0.494197 0.393169
0 0.472309 0.356829 0.470216 0.332907 0.492044 0.330664 0.494287 0.347410 0.503258 0.346811 0.504902 0.369687 0.484419 0.373424 0.483522 0.355932 0.472309 0.356829
0 0.481548 0.261978 0.521047 0.261978 0.521047 0.291555 0.480212 0.290982 0.481548 0.261978
0 0.486623 0.192475 0.498644 0.192665 0.498345 0.200314 0.523614 0.198614 0.523867 0.219653 0.496163 0.221097 0.495591 0.228348 0.484333 0.228921 0.486623 0.192475
0 0.529840 0.053225 0.531186 0.066831 0.522215 0.067130 0.522963 0.085968 0.490818 0.086117 0.490220 0.070568 0.497546 0.069970 0.497247 0.054421 0.529840 0.053225
0 0.435689 0.143621 0.447329 0.139232 0.445631 0.135413 0.453222 0.132335 0.454743 0.135919 0.465529 0.131724 0.469464 0.141331 0.462785 0.144194 0.467937 0.157169 0.444658 0.167282 0.435689 0.143621
0 0.406065 0.169953 0.428200 0.153352 0.435656 0.166313 0.438687 0.164588 0.447281 0.178921 0.441953 0.182443 0.449190 0.193424 0.430108 0.207544 0.406065 0.169953
0 0.393974 0.203611 0.407904 0.189872 0.429085 0.212198 0.414201 0.226127 0.393974 0.203611
0 0.347809 0.209836 0.389698 0.175741 0.401387 0.189135 0.388236 0.201069 0.397004 0.212758 0.373381 0.231024 0.363883 0.219090 0.358525 0.222987 0.347809 0.209836
0 0.336282 0.236431 0.350784 0.224028 0.364122 0.238681 0.352429 0.247564 0.360516 0.257803 0.345632 0.269594 0.332466 0.255322 0.343533 0.245209 0.336282 0.236431
0 0.346290 0.272062 0.356518 0.268810 0.354992 0.264421 0.385480 0.252581 0.394735 0.278514 0.354064 0.292152 0.346290 0.272062
0 0.378531 0.336105 0.375852 0.329286 0.405320 0.320762 0.416036 0.351935 0.387786 0.360946 0.382428 0.346090 0.377313 0.348282 0.373173 0.338784 0.378531 0.336105
0 0.392137 0.364212 0.429858 0.361869 0.431967 0.388461 0.393543 0.391390 0.392137 0.364212
0 0.399634 0.396076 0.424586 0.395490 0.424703 0.420559 0.399400 0.422199 0.399634 0.396076
0 0.391363 0.428298 0.427213 0.426718 0.428377 0.447310 0.418093 0.447649 0.418093 0.450490 0.402992 0.450191 0.402960 0.445875 0.392078 0.446396 0.391363 0.428298
3 0.251445 0.223333 0.281157 0.227473 0.280183 0.236971 0.293143 0.239090 0.290496 0.258305 0.246331 0.252801 0.251445 0.223333
3 0.252450 0.261150 0.281918 0.258714 0.282405 0.268699 0.294095 0.267482 0.295069 0.285503 0.254398 0.288913 0.252450 0.261150
3 0.290644 0.320154 0.327281 0.309086 0.338540 0.334083 0.300949 0.344388 0.290644 0.320154
0 0.202725 0.701367 0.219529 0.701367 0.220259 0.714031 0.221233 0.728887 0.202968 0.729131 0.203212 0.715980 0.202725 0.701367
3 0.233296 0.796735 0.251318 0.785776 0.259354 0.798684 0.242307 0.810617 0.233296 0.796735
0 0.329832 0.868614 0.332803 0.868406 0.332524 0.875582 0.330131 0.875732 0.329683 0.885600 0.350764 0.887543 0.353904 0.863323 0.373789 0.863024 0.373938 0.922281 0.321774 0.927903 0.317722 0.914156 0.306359 0.918941 0.282288 0.874386 0.309692 0.864164 0.307179 0.835706 0.346141 0.834522 0.347176 0.858538 0.330580 0.859734 0.329832 0.868614
0 0.554209 0.921023 0.579537 0.922728 0.578806 0.954631 0.552748 0.953901 0.554209 0.921023
0 0.612179 0.930350 0.619048 0.932831 0.615614 0.946952 0.608363 0.944853 0.612179 0.930350
0 0.622145 0.898470 0.629587 0.886639 0.642754 0.894081 0.635884 0.906866 0.622145 0.898470
0 0.648096 0.842751 0.656492 0.845804 0.650005 0.861833 0.642181 0.858398 0.648096 0.842751
0 0.661454 0.808404 0.668382 0.811014 0.663299 0.824171 0.656272 0.821779 0.661454 0.808404
0 0.033738 0.701296 0.063915 0.709910 0.059505 0.730873 0.028586 0.723240 0.033738 0.701296
3 0.080072 0.599878 0.093085 0.601474 0.090331 0.616619 0.086752 0.616252 0.085100 0.625063 0.075095 0.623962 0.080072 0.599878
3 0.082907 0.598529 0.084316 0.588837 0.090120 0.589344 0.089556 0.592386 0.091641 0.592443 0.090627 0.599430 0.082907 0.598529
3 0.014782 0.226214 0.038404 0.225915 0.040796 0.263442 0.019914 0.262948 0.019698 0.255308 0.014483 0.255219 0.014782 0.226214
0 0.150242 0.000006 0.160495 0.012987 0.096776 0.039717 0.089627 0.020757 0.143696 0.000006 0.150242 0.000006
0 0.318787 0.129620 0.352110 0.107802 0.385036 0.154612 0.350920 0.177620 0.318787 0.129620
0 0.304357 0.663630 0.333886 0.665184 0.332953 0.684455 0.303114 0.682279 0.304357 0.663630
4 0.310931 0.561929 0.315118 0.554005 0.320799 0.557294 0.316164 0.566564 0.310931 0.561929
0 0.139248 0.725203 0.136874 0.723779 0.135213 0.722830 0.132839 0.720930 0.132364 0.718794 0.132839 0.714996 0.133313 0.712859 0.136162 0.711909 0.138536 0.710722 0.142809 0.710722 0.144946 0.712622 0.146607 0.716895 0.147082 0.720930 0.144233 0.723542 0.139248 0.725203
0 0.057315 0.082894 0.045786 0.085497 0.032770 0.057605 0.045414 0.052398 0.051737 0.063555 0.055456 0.066902 0.057315 0.082894
0 0.551913 0.426089 0.550283 0.423993 0.549817 0.422829 0.550749 0.420501 0.553077 0.420036 0.556802 0.421898 0.557733 0.423528 0.556802 0.425856 0.555172 0.427718 0.551913 0.426089
