0 0.359580 0.654000 0.359429 0.641415 0.358295 0.641415 0.348848 0.644690 0.339904 0.644690 0.333354 0.642044 0.331958 0.618612 0.337123 0.615588 0.337249 0.610424 0.343925 0.608408 0.339894 0.603622 0.338717 0.594913 0.338618 0.584451 0.341382 0.569449 0.355298 0.573002 0.357166 0.594530 0.365028 0.613888 0.360784 0.614776 0.362956 0.621685 0.373245 0.621846 0.373084 0.626348 0.379193 0.626669 0.378872 0.630206 0.383855 0.630367 0.381283 0.655607 0.359580 0.654000
0 0.913638 0.698984 0.908003 0.713345 0.899036 0.710739 0.905276 0.695228 0.913638 0.698984
3 0.960640 0.655537 0.965767 0.658433 0.963821 0.662658 0.958456 0.660237 0.960640 0.655537
0 0.991677 0.767413 0.988661 0.758984 0.994152 0.757051 0.996858 0.765325 0.991677 0.767413
0 0.600687 0.565022 0.605945 0.570049 0.597516 0.579251 0.592103 0.574147 0.600687 0.565022
0 0.637817 0.473762 0.637711 0.461591 0.652037 0.461439 0.652424 0.473426 0.637817 0.473762
0 0.652925 0.472073 0.652744 0.461590 0.657470 0.461833 0.660742 0.467771 0.660923 0.472436 0.652925 0.472073
0 0.661711 0.474680 0.661568 0.467749 0.667171 0.467844 0.667123 0.474680 0.661711 0.474680
0 0.826048 0.311695 0.831926 0.316798 0.820403 0.328785 0.815067 0.323681 0.826048 0.311695
0 0.762752 0.935686 0.768279 0.936278 0.767589 0.945556 0.761765 0.944766 0.762752 0.935686
0 0.208918 0.383264 0.230668 0.411785 0.198454 0.433124 0.178346 0.403167 0.208918 0.383264
0 0.164762 0.281690 0.184221 0.292894 0.192339 0.274563 0.209099 0.281371 0.188673 0.330080 0.169032 0.319081 0.158034 0.294727 0.164762 0.281690
0 0.130566 0.192046 0.130084 0.183364 0.149055 0.182239 0.149537 0.190760 0.130566 0.192046
0 0.070140 0.012050 0.059181 0.023009 0.054142 0.015829 0.064346 0.006381 0.070140 0.012050
3 0.262318 0.081796 0.284976 0.091618 0.277475 0.107857 0.255048 0.097572 0.262318 0.081796
0 0.303286 0.193685 0.316512 0.196835 0.313993 0.208801 0.300136 0.205778 0.297491 0.216989 0.279226 0.211699 0.286154 0.182600 0.304419 0.187513 0.303286 0.193685
0 0.136311 0.334213 0.135461 0.340940 0.118834 0.336687 0.120381 0.330655 0.136311 0.334213
3 0.316403 0.423452 0.310608 0.416272 0.315269 0.413123 0.320685 0.419673 0.316403 0.423452
0 0.039965 0.610168 0.040608 0.620135 0.036106 0.621421 0.041090 0.640070 0.017779 0.643768 0.006686 0.607274 0.014081 0.596985 0.020351 0.596985 0.030479 0.578014 0.048807 0.588464 0.039965 0.610168
0 0.099552 0.620888 0.099552 0.627198 0.095054 0.625865 0.091229 0.622433 0.092970 0.619515 0.099552 0.620888
0 0.100313 0.610077 0.101353 0.615642 0.096306 0.616600 0.092422 0.615030 0.094249 0.608816 0.100313 0.610077
0 0.123544 0.522474 0.103448 0.500770 0.124348 0.482282 0.143319 0.504146 0.123544 0.522474
0 0.161674 0.482933 0.143080 0.465650 0.167697 0.438415 0.187075 0.454913 0.161674 0.482933
0 0.831677 0.695456 0.834571 0.693366 0.837465 0.694652 0.838912 0.698028 0.837304 0.701244 0.834893 0.701565 0.830873 0.699957 0.831677 0.695456
0 0.830873 0.699957 0.834893 0.701565 0.837304 0.701244 0.837947 0.704620 0.837465 0.707674 0.834410 0.708478 0.831195 0.707674 0.829748 0.705424 0.830552 0.703012 0.830873 0.699957
0 0.831195 0.707674 0.834410 0.708478 0.836661 0.711051 0.836179 0.714427 0.834089 0.717160 0.829748 0.716999 0.826211 0.713784 0.825729 0.711694 0.828140 0.709604 0.831195 0.707674
0 0.035820 0.646032 0.046285 0.644391 0.047311 0.653829 0.036436 0.654240 0.035820 0.646032
0 0.382537 0.319524 0.385813 0.318642 0.388458 0.319146 0.390977 0.321161 0.390725 0.324311 0.388710 0.326956 0.385435 0.326704 0.382789 0.324185 0.382537 0.319524
0 0.380648 0.325318 0.382915 0.325444 0.387324 0.327712 0.387828 0.330105 0.385687 0.332624 0.381908 0.332876 0.379514 0.331491 0.378003 0.328845 0.380648 0.325318
0 0.376743 0.333758 0.381530 0.335648 0.384049 0.337411 0.385057 0.340308 0.383671 0.342828 0.380144 0.344591 0.376113 0.343583 0.374098 0.340308 0.374853 0.336907 0.376743 0.333758
