0 0.982598 0.633254 0.973477 0.635798 0.971864 0.628166 0.980799 0.625746 0.982598 0.633254
0 0.968637 0.629903 0.972484 0.635922 0.967210 0.639272 0.963053 0.633130 0.968260 0.629526 0.968637 0.629903
0 0.958378 0.920366 0.971686 0.911992 0.976172 0.920216 0.990976 0.912590 0.998154 0.926945 0.969144 0.941151 0.958378 0.920366
0 0.992136 0.957078 0.998839 0.962151 0.998839 0.964772 0.993679 0.972510 0.986404 0.966778 0.985081 0.966007 0.992136 0.957078
0 0.930143 0.953940 0.935425 0.949633 0.944445 0.960116 0.939731 0.963691 0.938756 0.964341 0.930143 0.953940
0 0.882096 0.768484 0.889572 0.767587 0.891367 0.782242 0.883740 0.782989 0.882096 0.768484
3 0.519599 0.850020 0.519011 0.848752 0.525001 0.846162 0.523237 0.841201 0.534150 0.836902 0.544181 0.858839 0.526765 0.866555 0.519599 0.850020
3 0.524008 0.599033 0.534775 0.600379 0.531934 0.619370 0.520270 0.618173 0.522766 0.598907 0.524008 0.599033
3 0.322404 0.665322 0.339161 0.663666 0.340058 0.668900 0.344993 0.668302 0.345591 0.672788 0.350376 0.671741 0.353367 0.693873 0.341553 0.695817 0.341105 0.691330 0.327198 0.693723 0.322404 0.665322
3 0.332717 0.693369 0.342527 0.697999 0.335473 0.713652 0.325441 0.709022 0.332717 0.693369
0 0.249053 0.682691 0.256990 0.689856 0.247179 0.701540 0.239353 0.694926 0.249053 0.682691
3 0.468822 0.585362 0.478761 0.564468 0.494584 0.571974 0.487281 0.595504 0.468822 0.585362
3 0.463862 0.619777 0.467617 0.608100 0.465910 0.606719 0.470140 0.594647 0.482135 0.598606 0.479294 0.611088 0.480041 0.611537 0.476004 0.623499 0.463862 0.619777
0 0.346439 0.559808 0.350854 0.563865 0.343966 0.570514 0.339233 0.566021 0.345588 0.559229 0.346439 0.559808
0 0.321186 0.555133 0.334724 0.560644 0.331908 0.567653 0.317951 0.561603 0.321186 0.555133
0 0.306095 0.557342 0.317656 0.558420 0.317117 0.568963 0.313942 0.568784 0.314002 0.571299 0.306934 0.571240 0.306874 0.568784 0.305616 0.568664 0.305077 0.568664 0.306095 0.557342
2 0.274012 0.553323 0.283763 0.559417 0.278156 0.567950 0.267999 0.561936 0.273450 0.552946 0.274012 0.553323
2 0.284952 0.556778 0.292915 0.556778 0.292753 0.565391 0.284708 0.565229 0.284952 0.556778
0 0.230191 0.662841 0.237505 0.659428 0.241487 0.667960 0.234011 0.671536 0.230191 0.662841
