0 0.998865 0.192557 0.989212 0.192396 0.988064 0.153523 0.998865 0.153353 0.998865 0.192557
0 0.970771 0.228145 0.971166 0.229248 0.931426 0.246442 0.917801 0.209784 0.955898 0.194375 0.968574 0.221943 0.970771 0.228145
0 0.981061 0.216434 0.968574 0.221943 0.955898 0.194375 0.969544 0.188859 0.981061 0.216434
0 0.825813 0.143438 0.828020 0.165947 0.801760 0.170140 0.799333 0.154693 0.754770 0.159965 0.752505 0.139442 0.756963 0.138584 0.755639 0.126995 0.790378 0.123764 0.790692 0.129919 0.812352 0.127329 0.814118 0.144321 0.825813 0.143438
0 0.441217 0.200103 0.403017 0.203786 0.402158 0.191953 0.413612 0.190396 0.413906 0.192595 0.439375 0.188867 0.441217 0.200103
0 0.389831 0.202231 0.377123 0.203432 0.373961 0.177959 0.386357 0.176133 0.389831 0.202231
0 0.439297 0.188389 0.414324 0.192040 0.414032 0.189846 0.402129 0.191465 0.401838 0.187476 0.388329 0.189033 0.386767 0.177628 0.408182 0.173255 0.406925 0.166903 0.435237 0.163667 0.439297 0.188389
0 0.266406 0.339697 0.246407 0.370100 0.222011 0.353022 0.241836 0.323408 0.266406 0.339697
0 0.277529 0.322793 0.266680 0.339287 0.242109 0.323008 0.253232 0.306396 0.277529 0.322793
0 0.283002 0.314476 0.277803 0.322383 0.253506 0.305996 0.258605 0.298375 0.283002 0.314476
0 0.491833 0.435482 0.497688 0.433530 0.510374 0.444264 0.487442 0.484762 0.491833 0.491105 0.478659 0.503791 0.413275 0.457253 0.428298 0.435502 0.426097 0.433678 0.424500 0.421332 0.429483 0.413304 0.439137 0.411085 0.445645 0.413177 0.449955 0.405495 0.491833 0.435482
0 0.534233 0.542460 0.576503 0.574239 0.563057 0.589145 0.519963 0.554488 0.534233 0.542460
0 0.123517 0.000005 0.115133 0.003156 0.084585 0.007536 0.082585 0.000004 0.123517 0.000005
0 0.005658 0.782837 0.013799 0.783971 0.007261 0.810524 -0.000000 0.808648 0.005658 0.782837
0 0.049060 0.766400 0.047667 0.784693 0.036207 0.783538 0.038048 0.765420 0.049060 0.766400
0 0.053832 0.742526 0.069059 0.743645 0.066596 0.783055 0.050921 0.782831 0.053832 0.742526
0 0.238566 0.824032 0.238342 0.845976 0.219188 0.845315 0.219332 0.823036 0.238566 0.824032
0 0.221324 0.762902 0.219309 0.799177 0.210488 0.798975 0.210233 0.788789 0.208112 0.787799 0.207542 0.781957 0.203290 0.781800 0.202859 0.790274 0.201448 0.792390 0.201553 0.813926 0.180575 0.812006 0.182980 0.789048 0.176467 0.787753 0.175644 0.773650 0.180347 0.772755 0.180347 0.770292 0.185049 0.770068 0.185049 0.766485 0.198036 0.766933 0.198612 0.770898 0.205426 0.771442 0.206501 0.767102 0.208805 0.765717 0.209274 0.762647 0.221324 0.762902
2 0.428225 0.755289 0.428225 0.777009 0.417253 0.777905 0.417568 0.774140 0.399614 0.774675 0.398583 0.762949 0.416581 0.762007 0.416805 0.755513 0.428225 0.755289
0 0.318711 0.790195 0.318281 0.811717 0.304398 0.811941 0.304174 0.830078 0.289619 0.830302 0.289395 0.778129 0.317920 0.776602 0.318711 0.790195
0 0.342912 0.789549 0.319164 0.789549 0.318281 0.751930 0.342912 0.751706 0.342912 0.789549
0 0.180283 0.853542 0.233069 0.855038 0.232856 0.876623 0.179642 0.874699 0.180283 0.853542
0 0.315336 0.417480 0.325257 0.423433 0.319304 0.439679 0.308639 0.432238 0.315336 0.417480
0 0.297808 0.840594 0.307223 0.840334 0.307655 0.849403 0.295822 0.848971 0.295649 0.843357 0.297636 0.843271 0.297808 0.840594
2 0.424278 0.841029 0.430782 0.834305 0.435743 0.838494 0.429459 0.846100 0.424278 0.841029
0 0.685127 0.469697 0.689457 0.469664 0.689685 0.474514 0.686234 0.475003 0.686104 0.472040 0.685160 0.472073 0.685127 0.469697
0 0.274639 0.852225 0.286408 0.852760 0.286408 0.863459 0.273837 0.863191 0.274639 0.852225
