0 -0.000163 0.000218 0.007973 0.003947 -0.000000 0.026722 -0.000163 0.019917 -0.000163 0.000218
0 0.004794 0.094629 0.003279 0.083098 0.024995 0.080152 0.025500 0.088990 0.014642 0.091010 0.015147 0.093535 0.004794 0.094629
0 0.004217 0.097798 0.006140 0.097612 0.008002 0.098232 0.008808 0.098915 0.009242 0.100094 0.009180 0.101831 0.008684 0.103444 0.006947 0.103879 0.004279 0.103879 0.002665 0.103258 0.001983 0.101397 0.002355 0.099287 0.003100 0.098170 0.004217 0.097798
1 0.040984 0.145262 0.051261 0.142065 0.055485 0.154396 0.045323 0.158050 0.040984 0.145262
1 0.008793 0.185151 0.037293 0.169507 0.051159 0.189996 0.021358 0.206210 0.008793 0.185151
0 0.066109 0.282385 0.073188 0.276676 0.094312 0.301681 0.086433 0.308760 0.066109 0.282385
0 0.458365 0.999009 0.460264 0.980653 0.484427 0.983441 0.483981 0.999009 0.458365 0.999009
0 0.436307 0.992065 0.437908 0.993528 0.438411 0.995221 0.438457 0.997142 0.436490 0.998606 0.434432 0.998926 0.433060 0.998788 0.431322 0.997828 0.430264 0.995801 0.432119 0.991973 0.434523 0.991562 0.436307 0.992065
0 0.428211 0.987491 0.429355 0.988040 0.429721 0.988451 0.431001 0.990098 0.431367 0.991516 0.431572 0.992002 0.429795 0.995664 0.428623 0.996502 0.424461 0.997188 0.422494 0.996181 0.421579 0.992385 0.422402 0.989686 0.424049 0.987628 0.426199 0.987216 0.428211 0.987491
0 0.579446 0.786008 0.619158 0.778443 0.624411 0.796093 0.625462 0.820677 0.584489 0.825930 0.579446 0.786008
0 0.808506 0.725368 0.834282 0.719743 0.837565 0.740785 0.811018 0.745693 0.808506 0.725368
0 0.863156 0.680349 0.876063 0.678860 0.876869 0.688788 0.863839 0.691022 0.863156 0.680349
3 0.393172 0.808989 0.418238 0.789938 0.423386 0.796145 0.423386 0.799026 0.426313 0.801862 0.422837 0.804881 0.424300 0.806183 0.403357 0.821362 0.393172 0.808989
3 0.422868 0.788707 0.421869 0.787367 0.427212 0.782875 0.434099 0.790941 0.434596 0.793733 0.429818 0.797580 0.422868 0.788707
0 0.384219 0.776979 0.385488 0.777760 0.386693 0.779713 0.386888 0.781406 0.385195 0.784498 0.383112 0.785442 0.380052 0.785573 0.378164 0.784694 0.377155 0.782220 0.376960 0.779485 0.378066 0.777272 0.379433 0.776393 0.381680 0.775774 0.383568 0.776165 0.384219 0.776979
0 0.390930 0.772614 0.393006 0.773188 0.393889 0.774733 0.393889 0.776190 0.393668 0.778133 0.393182 0.778796 0.392255 0.779679 0.390135 0.780297 0.389076 0.779988 0.387089 0.778972 0.386470 0.777339 0.386426 0.775219 0.387000 0.773541 0.388722 0.772569 0.390091 0.772349 0.390930 0.772614
0 0.451188 0.565071 0.452165 0.563801 0.453402 0.563574 0.455224 0.563508 0.456820 0.564745 0.457536 0.565429 0.458545 0.563574 0.459944 0.562630 0.461474 0.562141 0.462711 0.562076 0.463655 0.562239 0.464372 0.562923 0.464697 0.563248 0.465576 0.564518 0.466292 0.566341 0.466520 0.567610 0.466129 0.569140 0.465478 0.570312 0.464632 0.571158 0.463265 0.571484 0.461800 0.571614 0.460042 0.571614 0.458838 0.571353 0.458284 0.570800 0.456234 0.571972 0.454443 0.572265 0.452425 0.571777 0.450765 0.570833 0.449951 0.568749 0.449886 0.567057 0.450537 0.565722 0.451188 0.565071
0 0.324982 0.900621 0.336934 0.893382 0.341311 0.900200 0.328769 0.907775 0.324982 0.900621
0 0.368048 0.917512 0.375876 0.916333 0.380093 0.942693 0.371340 0.943955 0.368048 0.917512
0 0.373078 0.957373 0.383011 0.956688 0.384267 0.966393 0.374334 0.967878 0.373078 0.957373
0 0.914086 0.365736 0.963446 0.356356 0.962981 0.352949 0.966079 0.352020 0.963446 0.335136 0.979400 0.332503 0.980948 0.341642 0.986679 0.340248 0.990397 0.360693 0.980793 0.362552 0.982652 0.370606 0.970088 0.372775 0.971483 0.380210 0.948193 0.384432 0.945095 0.377152 0.940759 0.378391 0.941998 0.382109 0.926363 0.385549 0.924764 0.380525 0.917343 0.382466 0.914086 0.365736
0 0.632382 0.218325 0.650994 0.218097 0.651108 0.213644 0.668464 0.214214 0.669034 0.234995 0.668260 0.259664 0.669344 0.293740 0.631396 0.295444 0.631861 0.262142 0.627679 0.256411 0.627918 0.231841 0.630527 0.231673 0.630488 0.218301 0.632382 0.218325
0 0.684777 0.312732 0.690257 0.317984 0.670504 0.336824 0.665252 0.331229 0.684777 0.312732
0 0.884502 0.115767 0.887135 0.141324 0.869168 0.143647 0.866690 0.117006 0.874271 0.116044 0.873700 0.111705 0.884091 0.110449 0.884502 0.115767
1 0.619151 0.027466 0.619634 0.025925 0.621941 0.023624 0.623914 0.022862 0.626835 0.023716 0.627887 0.024493 0.628527 0.025682 0.629137 0.028182 0.628573 0.030622 0.626743 0.032223 0.624319 0.032635 0.621026 0.032360 0.619928 0.031263 0.617916 0.034922 0.615446 0.035471 0.612793 0.035471 0.610917 0.034236 0.609408 0.032177 0.609088 0.030348 0.609728 0.028701 0.611329 0.027329 0.614074 0.026369 0.615720 0.026369 0.617504 0.026460 0.618556 0.027055 0.619151 0.027466
1 0.465093 0.079004 0.476888 0.075697 0.487388 0.108657 0.475124 0.112382 0.465093 0.079004
1 0.447669 0.071026 0.454258 0.071745 0.453480 0.078334 0.447070 0.077735 0.447669 0.071026
3 0.484782 0.120315 0.494107 0.129493 0.491259 0.136351 0.500287 0.138035 0.502393 0.141518 0.500566 0.147101 0.476315 0.140483 0.484782 0.120315
0 0.202186 0.276337 0.200850 0.285497 0.191691 0.283779 0.193026 0.275192 0.202186 0.276337
4 0.205048 0.291793 0.224511 0.291412 0.224702 0.299808 0.203521 0.299999 0.205048 0.291793
0 0.206956 0.287405 0.206384 0.279581 0.220886 0.282062 0.220313 0.289504 0.206956 0.287405
0 0.518297 0.268416 0.519942 0.276340 0.513513 0.277685 0.512167 0.269612 0.518297 0.268416
2 0.519643 0.289198 0.520540 0.298168 0.511420 0.298318 0.511420 0.289198 0.519643 0.289198
0 0.520241 0.301457 0.519792 0.305943 0.513363 0.306541 0.513214 0.301607 0.520241 0.301457
0 0.518447 0.311923 0.516353 0.317156 0.511569 0.314315 0.513064 0.308036 0.518447 0.311923
0 0.513972 0.332941 0.521322 0.336752 0.518872 0.341108 0.510978 0.337841 0.513972 0.332941
0 0.866216 0.109461 0.873177 0.109309 0.873706 0.115702 0.866935 0.116497 0.866216 0.109461
