0 0.584879 0.384600 0.594093 0.384574 0.593895 0.393835 0.584858 0.393634 0.584879 0.384600
0 0.593458 0.396912 0.593299 0.406310 0.584485 0.406098 0.584698 0.396859 0.593458 0.396912
0 0.585312 0.459932 0.582129 0.506999 0.572269 0.506681 0.572726 0.493016 0.568771 0.492656 0.571827 0.458494 0.585312 0.459932
0 0.585294 0.548264 0.586078 0.580096 0.572633 0.580216 0.572031 0.548355 0.585294 0.548264
0 0.584574 0.596492 0.584660 0.602194 0.578087 0.602280 0.577914 0.596525 0.584574 0.596492
0 0.577918 0.612116 0.583366 0.612203 0.583626 0.618343 0.578004 0.618084 0.577918 0.612116
4 0.565031 0.606149 0.566847 0.601911 0.571345 0.606408 0.571258 0.615316 0.565723 0.615316 0.565031 0.606149
1 0.499329 0.528812 0.518568 0.523597 0.540324 0.520721 0.547336 0.545893 0.541403 0.547331 0.546257 0.568907 0.535110 0.570705 0.536009 0.576279 0.511778 0.581105 0.499329 0.528812
0 0.451481 0.527891 0.470550 0.526575 0.472541 0.552401 0.453283 0.553770 0.451481 0.527891
3 0.432842 0.529279 0.436153 0.549037 0.420810 0.550472 0.418492 0.532370 0.432842 0.529279
3 0.365480 0.511003 0.408093 0.503092 0.412893 0.512391 0.414759 0.527977 0.371373 0.535395 0.365480 0.511003
0 0.102252 0.488794 0.133357 0.489334 0.134436 0.505516 0.111961 0.507673 0.111242 0.502099 0.101892 0.501740 0.102252 0.488794
3 0.376982 0.463112 0.383815 0.474440 0.369251 0.483250 0.362598 0.472462 0.376982 0.463112
0 0.301451 0.381341 0.309178 0.380679 0.309399 0.392048 0.301782 0.392600 0.301451 0.381341
0 0.298029 0.382334 0.298140 0.392600 0.289861 0.392490 0.289530 0.382666 0.298029 0.382334
0 0.290037 0.396116 0.297821 0.396030 0.298254 0.406149 0.290297 0.406408 0.290037 0.396116
0 0.302751 0.396289 0.310535 0.395943 0.311054 0.405197 0.303010 0.405716 0.302751 0.396289
0 0.208494 0.374021 0.225963 0.374585 0.223568 0.395435 0.205818 0.394308 0.208494 0.374021
3 0.197608 0.230926 0.199721 0.232423 0.206765 0.231155 0.211133 0.230873 0.211414 0.232141 0.216204 0.234113 0.220994 0.239326 0.222826 0.243129 0.221276 0.247778 0.228179 0.252850 0.227756 0.252850 0.230997 0.256654 0.229447 0.259612 0.232546 0.262712 0.232546 0.264261 0.235786 0.267783 0.234941 0.280321 0.224093 0.284266 0.221839 0.281026 0.216627 0.281871 0.216486 0.277222 0.204511 0.260739 0.192536 0.261725 0.188733 0.256654 0.167815 0.256247 0.167742 0.241721 0.169996 0.241721 0.170049 0.230452 0.197608 0.230926
0 0.409654 0.770767 0.421981 0.771313 0.422261 0.765905 0.437924 0.766140 0.436713 0.795056 0.408755 0.794628 0.409654 0.770767
0 0.441886 0.765111 0.446381 0.761155 0.471333 0.784709 0.466573 0.788763 0.441886 0.765111
3 0.510382 0.833600 0.519623 0.828653 0.529737 0.867646 0.521458 0.871565 0.510382 0.833600
3 0.551159 0.939095 0.565543 0.934780 0.570398 0.953479 0.556014 0.957794 0.551159 0.939095
0 -0.000000 0.564232 0.012424 0.568685 0.006463 0.587009 -0.000000 0.585231 -0.000000 0.564232
0 -0.000000 0.586309 0.005900 0.587848 0.004519 0.593423 -0.000000 0.592308 -0.000000 0.586309
0 0.013359 0.579190 0.016097 0.580266 0.013099 0.587731 0.010295 0.586557 0.013359 0.579190
0 0.030865 0.606901 0.037759 0.606338 0.044934 0.606198 0.045356 0.623221 0.031146 0.623362 0.030865 0.606901
3 -0.000000 0.454098 0.011692 0.459726 0.012536 0.469152 0.005502 0.478015 -0.000000 0.472388 -0.000000 0.454098
3 0.396828 0.483158 0.379445 0.485929 0.378563 0.480512 0.396073 0.477615 0.396828 0.483158
