3 -0.000000 0.102159 0.023081 0.116753 0.006964 0.144047 -0.000000 0.142735 -0.000000 0.102159
3 0.066547 0.143426 0.078087 0.111815 0.122343 0.129906 0.126998 0.138834 0.138472 0.142138 0.130578 0.168578 0.066547 0.143426
3 0.133154 0.181358 0.141078 0.153848 0.137789 0.152203 0.142424 0.135608 0.179054 0.144130 0.176158 0.159196 0.194996 0.163382 0.183185 0.212123 0.136986 0.201358 0.140873 0.183716 0.133154 0.181358
0 0.236816 0.369888 0.255355 0.348508 0.252216 0.346265 0.274194 0.316662 0.283015 0.311878 0.300266 0.326463 0.295481 0.333490 0.309236 0.350684 0.275746 0.374157 0.258851 0.391201 0.236816 0.369888
0 0.525946 0.321542 0.554651 0.329967 0.550133 0.348037 0.518417 0.338400 0.525946 0.321542
3 0.520912 0.448756 0.526052 0.419843 0.556800 0.423148 0.555791 0.430491 0.560747 0.430950 0.559003 0.447012 0.553955 0.447012 0.553496 0.451785 0.542482 0.450408 0.541380 0.459862 0.527520 0.458486 0.528805 0.449949 0.520912 0.448756
3 0.479535 0.476219 0.486330 0.448807 0.508470 0.452087 0.503433 0.480085 0.479535 0.476219
0 0.659180 0.161382 0.666894 0.156020 0.674204 0.166014 0.671499 0.168888 0.674993 0.173790 0.669696 0.177115 0.659180 0.161382
0 0.644642 0.145850 0.650873 0.141272 0.658380 0.150404 0.652188 0.155489 0.644642 0.145850
0 0.680905 0.245599 0.684573 0.227691 0.694425 0.229777 0.690829 0.247972 0.680905 0.245599
0 0.710808 0.134261 0.720079 0.133777 0.720114 0.143602 0.710946 0.143844 0.710808 0.134261
4 0.834409 0.000006 0.834850 0.005915 0.821906 0.007690 0.819090 0.000006 0.834409 0.000006
0 0.910464 0.434870 0.949785 0.404519 0.968038 0.426779 0.939424 0.449035 0.931873 0.439183 0.917418 0.448820 0.910464 0.434870
0 0.926752 0.245157 0.947221 0.228819 0.966863 0.250939 0.959428 0.257640 0.963926 0.263606 0.950800 0.274896 0.926752 0.245157
0 0.929425 0.143405 0.937089 0.137714 0.967952 0.178299 0.960976 0.183981 0.952274 0.174559 0.953207 0.173361 0.929425 0.143405
3 0.910007 0.110769 0.943253 0.110600 0.943535 0.123165 0.909894 0.123954 0.910007 0.110769
3 0.928949 0.036101 0.950269 0.038210 0.948746 0.050510 0.926957 0.048167 0.928949 0.036101
0 0.740841 0.073424 0.747082 0.073516 0.747174 0.070762 0.759015 0.071405 0.758831 0.082327 0.748276 0.082603 0.748276 0.080767 0.740107 0.080583 0.740841 0.073424
3 -0.000000 0.014332 0.023257 0.023821 0.021218 0.031736 0.033425 0.035958 0.030763 0.044494 0.018189 0.041282 0.015343 0.051929 -0.000000 0.047890 -0.000000 0.014332
0 0.501540 0.357161 0.511752 0.361260 0.510026 0.375140 0.502475 0.373630 0.502475 0.371113 0.498520 0.369962 0.501540 0.357161
3 0.599839 0.000009 0.611715 0.026091 0.605189 0.029318 0.595582 0.008858 0.588175 0.008858 0.588029 0.002551 0.593455 0.002771 0.591774 0.000009 0.599839 0.000009
0 0.752626 0.270505 0.772501 0.300708 0.762945 0.306800 0.764617 0.309786 0.751000 0.318625 0.730215 0.287090 0.741443 0.279804 0.740607 0.278251 0.752626 0.270505
0 0.199447 0.401043 0.222047 0.409814 0.215975 0.424993 0.194183 0.415243 0.199447 0.401043
0 0.741582 0.187580 0.744916 0.191066 0.749462 0.198794 0.751584 0.204098 0.739764 0.200158 0.741582 0.187580
0 0.748553 0.136513 0.761585 0.137422 0.748098 0.149696 0.748553 0.136513
0 0.490321 0.537882 0.499948 0.544375 0.495023 0.550644 0.484500 0.543703 0.490321 0.537882
