0 0.485694 0.063512 0.511455 0.057215 0.513595 0.065666 0.518230 0.064470 0.519426 0.068956 0.525705 0.067311 0.535007 0.107977 0.527565 0.109122 0.528519 0.113702 0.525085 0.114846 0.527565 0.122479 0.499706 0.130494 0.497989 0.123433 0.488066 0.126296 0.486349 0.117327 0.480205 0.118693 0.473386 0.081432 0.488486 0.077779 0.485694 0.063512
0 0.504547 0.138518 0.525734 0.125610 0.531092 0.133404 0.534502 0.130725 0.536694 0.134134 0.541808 0.130725 0.563970 0.166768 0.555202 0.173100 0.560560 0.182111 0.538398 0.197697 0.534258 0.191853 0.527196 0.197210 0.523055 0.190635 0.518915 0.193314 0.498215 0.160436 0.511122 0.152400 0.507713 0.147529 0.499676 0.152887 0.494075 0.144363 0.504547 0.138518
0 0.535251 0.210258 0.562770 0.184687 0.568859 0.192480 0.570952 0.190143 0.573942 0.193283 0.578876 0.188798 0.588460 0.198430 0.586933 0.200147 0.608230 0.219545 0.600680 0.227094 0.608717 0.236105 0.586555 0.255832 0.581684 0.251205 0.571942 0.260215 0.539796 0.225390 0.545397 0.221006 0.535251 0.210258
0 0.589129 0.273387 0.607638 0.240266 0.614700 0.244893 0.617379 0.240753 0.621276 0.243432 0.624685 0.237344 0.645142 0.246598 0.643925 0.248547 0.661946 0.257801 0.657563 0.267299 0.667548 0.273631 0.648392 0.307591 0.590430 0.275688 0.589129 0.273387
0 0.653927 0.071112 0.686317 0.050899 0.693623 0.061127 0.705800 0.053578 0.721386 0.076470 0.712619 0.081341 0.714811 0.084263 0.711158 0.086699 0.715054 0.092544 0.681933 0.115680 0.678037 0.110078 0.674871 0.111783 0.672922 0.109591 0.665129 0.115193 0.649299 0.091569 0.661233 0.084020 0.653927 0.071112
0 0.790660 0.274960 0.789530 0.259212 0.787825 0.256776 0.773700 0.243869 0.770777 0.235832 0.769316 0.220976 0.771021 0.208069 0.774431 0.201006 0.773213 0.181036 0.780032 0.181280 0.780275 0.183472 0.805116 0.182254 0.804629 0.178601 0.823118 0.176922 0.828486 0.275558 0.798733 0.277501 0.798434 0.274661 0.790660 0.274960
0 0.769328 0.179255 0.764977 0.104347 0.792329 0.101550 0.793572 0.115226 0.809113 0.114604 0.815019 0.173972 0.769328 0.179255
0 0.737603 0.134069 0.740776 0.040449 0.756446 0.040088 0.757041 0.042829 0.764024 0.042000 0.768343 0.044471 0.765210 0.091160 0.758244 0.135546 0.737603 0.134069
0 0.794836 0.028615 0.809138 0.027542 0.816979 0.114261 0.795532 0.112707 0.787512 0.045406 0.784851 0.035434 0.788384 0.035934 0.787773 0.028371 0.794836 0.028615
0 0.754408 0.014490 0.793131 0.012054 0.794836 0.028615 0.787773 0.028371 0.788384 0.035934 0.784851 0.035434 0.787512 0.045406 0.772536 0.047733 0.768343 0.044471 0.764024 0.042000 0.757041 0.042829 0.756446 0.040088 0.754408 0.014490
0 0.781802 0.312401 0.795440 0.310209 0.822229 0.289996 0.844635 0.321412 0.817602 0.341139 0.812244 0.336268 0.770843 0.340652 0.770599 0.336511 0.774252 0.336268 0.771817 0.314837 0.781802 0.312401
0 0.327081 0.330845 0.330134 0.321114 0.333759 0.316343 0.342537 0.311382 0.348452 0.310809 0.354940 0.311954 0.362573 0.315771 0.369252 0.325884 0.369252 0.336379 0.366198 0.344775 0.358757 0.351072 0.349788 0.354316 0.339293 0.353171 0.332615 0.347446 0.328035 0.340005 0.327081 0.334471 0.327081 0.330845
2 0.582128 0.469047 0.605128 0.424289 0.600155 0.422424 0.613831 0.394761 0.619426 0.397558 0.625953 0.385125 0.663252 0.401910 0.649576 0.429573 0.660144 0.434546 0.633413 0.491737 0.620359 0.486142 0.612277 0.501373 0.585547 0.488629 0.592385 0.474953 0.582128 0.469047
3 0.587070 0.586869 0.614833 0.567630 0.647954 0.616337 0.620921 0.635576 0.587070 0.586869
0 0.631814 0.637504 0.654706 0.621430 0.702415 0.688363 0.677819 0.705818 0.631814 0.637504
3 0.532742 0.578727 0.578362 0.514859 0.584312 0.518032 0.593040 0.505338 0.607321 0.514462 0.596610 0.531123 0.602560 0.535487 0.574395 0.573570 0.587070 0.586869 0.569099 0.607129 0.532742 0.578727
0 0.731689 0.470776 0.728445 0.451122 0.767372 0.446352 0.769089 0.466197 0.731689 0.470776
1 0.761082 0.784201 0.773148 0.779750 0.777014 0.789356 0.771625 0.791464 0.774085 0.796736 0.767290 0.799196 0.761433 0.784904 0.761082 0.784201
1 0.772412 0.778126 0.776175 0.771426 0.787832 0.777851 0.786915 0.779136 0.789301 0.780329 0.785905 0.785928 0.772412 0.778126
1 0.759546 0.812722 0.770206 0.808154 0.772783 0.814831 0.762826 0.818931 0.759546 0.812722
0 0.797273 0.394858 0.826801 0.390507 0.835815 0.465725 0.812504 0.468834 0.809084 0.441170 0.802868 0.442103 0.797273 0.394858
0 0.797956 0.364698 0.814030 0.363236 0.815978 0.386859 0.810620 0.387590 0.810864 0.391487 0.801366 0.392217 0.797956 0.364698
0 0.655351 0.312117 0.753151 0.300482 0.758124 0.338402 0.673269 0.349903 0.670757 0.326104 0.656754 0.327834 0.655351 0.312117
0 0.795440 0.310209 0.792255 0.307482 0.790765 0.296797 0.794865 0.296445 0.794514 0.290237 0.791351 0.290588 0.790179 0.278405 0.797559 0.277819 0.797559 0.278991 0.826026 0.276882 0.827080 0.285668 0.822229 0.289996 0.795440 0.310209
0 0.887808 0.369944 0.914110 0.367021 0.914598 0.379442 0.921173 0.378468 0.923121 0.395272 0.916546 0.396246 0.922878 0.452259 0.898037 0.454208 0.888783 0.374571 0.887808 0.369944
0 0.943144 0.452470 0.953398 0.440384 0.972077 0.454301 0.961822 0.466753 0.943144 0.452470
0 0.949178 0.427022 0.970127 0.409517 0.974718 0.415543 0.965822 0.424726 0.969840 0.429891 0.961231 0.438500 0.949178 0.427022
0 0.951587 0.018381 0.955490 0.020567 0.951587 0.032902 0.946668 0.031653 0.951587 0.018381
0 0.940501 0.035634 0.952602 0.041645 0.950103 0.046876 0.937534 0.041099 0.940501 0.035634
