3 0.114470 0.207255 0.160349 0.195970 0.164029 0.208114 0.153847 0.210567 0.156300 0.217559 0.117783 0.225533 0.114470 0.207255
3 0.131780 0.179905 0.146163 0.176065 0.148121 0.184800 0.159870 0.182240 0.162581 0.189244 0.162581 0.196172 0.135620 0.199636 0.131780 0.179905
3 0.257241 0.337367 0.280099 0.314353 0.295442 0.329226 0.268044 0.356937 0.257241 0.337367
0 0.290502 0.421326 0.337000 0.421639 0.336530 0.450602 0.287684 0.449193 0.290502 0.421326
3 0.468580 0.460685 0.499456 0.460986 0.499230 0.476123 0.492227 0.477252 0.468204 0.476876 0.468580 0.460685
3 0.488422 0.497414 0.505146 0.491935 0.502031 0.471873 0.516833 0.468221 0.524426 0.489943 0.530481 0.487732 0.540284 0.518873 0.495237 0.530193 0.490085 0.515963 0.488422 0.497414
0 0.919104 0.200715 0.923429 0.192641 0.939000 0.198985 0.934771 0.207347 0.919104 0.200715
0 0.950154 0.192664 0.966722 0.193191 0.967324 0.187393 0.981934 0.188221 0.981783 0.217742 0.949250 0.216838 0.949476 0.212320 0.943602 0.211943 0.944280 0.198388 0.948573 0.198840 0.950154 0.192664
0 0.832503 0.237834 0.849372 0.236177 0.849598 0.240093 0.864961 0.238662 0.865940 0.252368 0.853438 0.253121 0.854116 0.258242 0.833105 0.259673 0.832277 0.249130 0.832879 0.241298 0.832503 0.237834
0 0.797879 0.256110 0.814684 0.258441 0.812108 0.272793 0.822658 0.274020 0.821799 0.287636 0.808183 0.285674 0.806097 0.299658 0.798615 0.299044 0.790886 0.291562 0.797879 0.256110
3 0.895984 0.336900 0.914054 0.324790 0.924050 0.335747 0.921935 0.343148 0.909825 0.349491 0.900213 0.346704 0.895984 0.336900
0 0.734950 0.322255 0.760228 0.321390 0.761670 0.340132 0.736103 0.340228 0.734950 0.322255
0 0.706166 0.401320 0.710863 0.376114 0.749377 0.383472 0.744666 0.408310 0.750772 0.409249 0.747798 0.426940 0.740909 0.426627 0.737621 0.436804 0.703022 0.425844 0.707249 0.414885 0.703178 0.410345 0.706166 0.401320
3 0.874540 0.493909 0.892075 0.493283 0.891136 0.505808 0.898024 0.506121 0.898807 0.524282 0.890979 0.523499 0.888944 0.534302 0.870626 0.533206 0.871096 0.528509 0.869374 0.528509 0.874540 0.493909
3 0.900558 0.648460 0.901616 0.629333 0.913822 0.629333 0.913726 0.649037 0.900558 0.648460
3 0.725379 0.873586 0.734824 0.843532 0.746232 0.846721 0.743902 0.855186 0.771134 0.862668 0.767945 0.873463 0.772729 0.875303 0.769294 0.886221 0.751262 0.882173 0.752120 0.878370 0.742307 0.876039 0.738872 0.878615 0.725379 0.873586
3 0.774625 0.822604 0.793367 0.825584 0.790868 0.838559 0.788177 0.838078 0.785678 0.854322 0.775394 0.851150 0.778181 0.835003 0.772702 0.834234 0.774625 0.822604
3 0.931551 0.713770 0.951903 0.713144 0.952060 0.720346 0.965211 0.720033 0.964741 0.739133 0.949868 0.738507 0.949398 0.755728 0.933116 0.755572 0.931551 0.713770
3 0.753873 0.811262 0.756372 0.788867 0.772808 0.791558 0.770213 0.813088 0.753873 0.811262
3 0.478051 0.650601 0.493630 0.608894 0.511049 0.616131 0.498046 0.655999 0.478051 0.650601
0 0.376661 0.461704 0.380698 0.457187 0.388002 0.456802 0.394634 0.460262 0.397422 0.467375 0.395307 0.474679 0.388867 0.478332 0.381178 0.478332 0.375892 0.472661 0.373970 0.466606 0.376661 0.461704
0 0.350758 0.461634 0.351126 0.454397 0.359835 0.450717 0.366705 0.455501 0.367686 0.464210 0.360694 0.469485 0.351126 0.466663 0.350758 0.461634
3 0.910752 0.294435 0.923019 0.291245 0.931115 0.309768 0.919093 0.312467 0.910752 0.294435
2 0.939109 0.530293 0.950162 0.529331 0.951508 0.548170 0.940935 0.549323 0.939109 0.530293
0 0.103405 0.195786 0.103756 0.196489 0.104108 0.198364 0.104576 0.200589 0.102585 0.202229 0.101414 0.202346 0.099422 0.202346 0.097079 0.200941 0.096962 0.200004 0.096845 0.198246 0.097431 0.196138 0.099305 0.194966 0.099656 0.194966 0.101179 0.194966 0.103405 0.195786
3 0.105679 0.176480 0.106614 0.176695 0.107405 0.176911 0.109059 0.177414 0.109419 0.177846 0.109994 0.178565 0.109994 0.179788 0.109850 0.181298 0.109850 0.182233 0.109419 0.182952 0.108700 0.183959 0.107980 0.183959 0.106830 0.183815 0.105607 0.183168 0.104960 0.182377 0.104600 0.180866 0.104600 0.179932 0.104744 0.179572 0.104816 0.178997 0.104816 0.178637 0.104960 0.177846 0.105176 0.176839 0.105679 0.176480
0 0.106254 0.173027 0.106974 0.171949 0.107477 0.171445 0.108412 0.170726 0.109850 0.170510 0.110713 0.170582 0.111648 0.171086 0.112080 0.172668 0.112008 0.174106 0.111648 0.175473 0.110354 0.176480 0.109347 0.176480 0.107477 0.175904 0.106902 0.175401 0.106542 0.174825 0.106111 0.173459 0.106254 0.173027
0 0.807721 0.184070 0.810621 0.185721 0.811520 0.189276 0.810395 0.191386 0.808284 0.191949 0.806033 0.192090 0.805189 0.190964 0.804626 0.189135 0.804626 0.187447 0.804626 0.186743 0.805330 0.184774 0.807721 0.184070
3 0.932540 0.469901 0.932360 0.480316 0.917995 0.479777 0.918354 0.470081 0.932540 0.469901
3 0.870233 0.452305 0.871849 0.465772 0.863410 0.466310 0.861973 0.454998 0.870233 0.452305
0 0.944529 0.508858 0.947616 0.518668 0.942655 0.519991 0.940120 0.511834 0.944529 0.508858
4 0.998839 0.628316 0.996840 0.628386 0.996509 0.630811 0.981958 0.628055 0.982840 0.616922 0.998839 0.618669 0.998839 0.628316
3 0.797527 0.832779 0.805819 0.835370 0.800809 0.847030 0.793381 0.843316 0.797527 0.832779
3 0.948495 0.697107 0.948275 0.712209 0.934716 0.712540 0.935488 0.698871 0.948495 0.697107
0 0.735077 0.591303 0.740919 0.591303 0.740258 0.600783 0.734305 0.600232 0.735077 0.591303
0 0.180759 0.295066 0.188637 0.296473 0.187934 0.303367 0.179493 0.301960 0.180759 0.295066
0 0.338388 0.387973 0.338388 0.412494 0.320972 0.412035 0.321659 0.389348 0.338388 0.387973
3 0.274451 0.367119 0.283847 0.358869 0.297368 0.370098 0.290034 0.379494 0.274451 0.367119
0 0.290263 0.408140 0.278347 0.423494 0.274680 0.420285 0.272618 0.423723 0.268263 0.419598 0.269180 0.417306 0.266201 0.414785 0.279951 0.399431 0.290263 0.408140
0 0.356356 0.428757 0.357622 0.439590 0.347352 0.439731 0.346367 0.431149 0.356356 0.428757
0 0.358602 0.413668 0.358602 0.415365 0.358390 0.416531 0.357807 0.417910 0.356535 0.418864 0.355209 0.418917 0.353512 0.418811 0.352505 0.417167 0.352505 0.416266 0.352823 0.415206 0.353141 0.414251 0.353724 0.413138 0.354148 0.412766 0.355633 0.412660 0.356906 0.412766 0.357701 0.413403 0.358602 0.413668
0 0.351073 0.415895 0.351550 0.416637 0.351815 0.417008 0.352240 0.418917 0.352134 0.419500 0.351762 0.420190 0.350755 0.420879 0.349270 0.421091 0.348157 0.420879 0.347308 0.420296 0.346725 0.418917 0.346725 0.418016 0.346990 0.417433 0.348104 0.416425 0.349482 0.415789 0.350649 0.415789 0.351073 0.415895
0 0.353812 0.421578 0.354926 0.421472 0.355562 0.421472 0.355986 0.421684 0.356729 0.422215 0.357577 0.422851 0.358267 0.423646 0.358426 0.424389 0.357948 0.425873 0.357365 0.426722 0.356039 0.427941 0.354820 0.428206 0.354025 0.428206 0.353229 0.427835 0.352911 0.427411 0.352487 0.426563 0.352010 0.425555 0.351957 0.425237 0.351638 0.423699 0.351798 0.423169 0.352699 0.422427 0.353812 0.421578
0 0.348298 0.422268 0.349358 0.422533 0.349995 0.422692 0.350578 0.423699 0.350737 0.424495 0.351214 0.425608 0.351214 0.426404 0.350790 0.427411 0.350260 0.427941 0.349730 0.428365 0.349146 0.428896 0.348086 0.429108 0.347450 0.429055 0.346707 0.428896 0.345435 0.428153 0.344904 0.427676 0.344692 0.426669 0.344374 0.425608 0.344321 0.424866 0.344215 0.423911 0.344268 0.423434 0.345223 0.422586 0.346018 0.422215 0.347185 0.422003 0.348298 0.422268
0 0.363561 0.415583 0.366238 0.416361 0.367965 0.418002 0.368829 0.420852 0.368138 0.423357 0.366843 0.424998 0.364943 0.425429 0.362611 0.425689 0.361142 0.424738 0.359242 0.423702 0.359156 0.422579 0.359242 0.419988 0.358810 0.418174 0.359242 0.416965 0.359933 0.415929 0.363561 0.415583
0 0.351836 0.486220 0.351058 0.488120 0.350811 0.490254 0.344385 0.490137 0.342680 0.487083 0.345099 0.484060 0.349244 0.483456 0.351836 0.486220
0 0.388867 0.478332 0.392609 0.478304 0.392676 0.484124 0.389090 0.485680 0.385909 0.485815 0.385503 0.483379 0.384556 0.480605 0.388867 0.478332
0 0.440516 0.462170 0.442053 0.469806 0.435372 0.470866 0.434842 0.462488 0.440516 0.462170
0 0.435955 0.457292 0.436698 0.455383 0.437493 0.454482 0.438978 0.454270 0.440409 0.454482 0.441788 0.455383 0.442636 0.456815 0.442636 0.458194 0.442530 0.459466 0.441894 0.460580 0.440675 0.460951 0.439190 0.460739 0.438023 0.460474 0.436857 0.459413 0.436274 0.457769 0.435955 0.457292
0 0.444779 0.544537 0.445816 0.544709 0.446420 0.546869 0.446507 0.548423 0.445902 0.549546 0.444088 0.549719 0.443225 0.549460 0.442275 0.548337 0.442102 0.546437 0.443052 0.544796 0.444779 0.544537
0 0.349203 0.522839 0.351518 0.522068 0.353502 0.523611 0.354715 0.525595 0.354605 0.528020 0.352621 0.529674 0.349644 0.529564 0.346889 0.527469 0.346889 0.526036 0.347109 0.524383 0.348432 0.523060 0.349203 0.522839
0 0.325161 0.497014 0.329627 0.496473 0.330778 0.497894 0.331658 0.499518 0.331725 0.502225 0.331251 0.503443 0.330169 0.504052 0.328612 0.504323 0.326920 0.504323 0.325364 0.502970 0.324213 0.501075 0.324146 0.499721 0.324958 0.497353 0.325161 0.497014
0 0.758262 0.272456 0.756011 0.282164 0.746444 0.281601 0.747289 0.272034 0.758262 0.272456
3 0.887948 0.415361 0.891001 0.436011 0.884537 0.437088 0.886512 0.448939 0.873224 0.450016 0.869633 0.417696 0.887948 0.415361
4 0.998839 0.449686 0.990194 0.450090 0.990423 0.437257 0.998839 0.436854 0.998839 0.449686
0 -0.000000 0.219785 0.004554 0.219641 0.005199 0.228886 -0.000000 0.228876 -0.000000 0.219785
0 0.346315 0.493392 0.348773 0.492983 0.352663 0.494416 0.352253 0.497078 0.350820 0.500149 0.347953 0.501378 0.343449 0.498921 0.343654 0.496464 0.346315 0.493392
0 0.393344 0.504654 0.395695 0.505829 0.397164 0.507298 0.398045 0.509648 0.396576 0.512586 0.394226 0.514937 0.390994 0.514937 0.388056 0.513174 0.387175 0.510823 0.388644 0.507298 0.390700 0.505535 0.393344 0.504654
0 0.351126 0.466663 0.360694 0.469485 0.367686 0.464210 0.368959 0.469104 0.356032 0.473805 0.348687 0.469692 0.351126 0.466663
0 0.447974 0.404194 0.449443 0.404782 0.449737 0.406838 0.449149 0.409189 0.447092 0.409776 0.445330 0.408895 0.444154 0.407132 0.444742 0.405075 0.447974 0.404194
