3 0.066599 0.131643 0.074823 0.126260 0.082448 0.138670 0.074075 0.144202 0.066599 0.131643
3 0.453859 0.049611 0.461560 0.041052 0.471128 0.035670 0.482790 0.050471 0.481555 0.051648 0.487415 0.058691 0.491585 0.055423 0.503417 0.072704 0.479988 0.087347 0.453859 0.049611
3 0.483057 0.090228 0.505081 0.076522 0.518318 0.097139 0.496060 0.111197 0.483057 0.090228
3 0.522522 0.106701 0.518435 0.101357 0.523736 0.097138 0.527690 0.102294 0.522522 0.106701
3 0.522904 0.038703 0.526308 0.035844 0.531498 0.041576 0.528236 0.044471 0.522904 0.038703
3 0.688822 0.167039 0.694421 0.174474 0.702039 0.169058 0.725720 0.199440 0.710575 0.209995 0.711493 0.214218 0.684416 0.234594 0.673034 0.219908 0.693870 0.204213 0.688222 0.196267 0.683044 0.199935 0.669020 0.181740 0.676381 0.176873 0.675647 0.175955 0.688822 0.167039
0 0.835517 0.117746 0.846017 0.122133 0.845657 0.123859 0.852705 0.124362 0.851986 0.130763 0.844434 0.130835 0.829907 0.124434 0.835517 0.117746
0 0.821133 0.122708 0.825376 0.119184 0.829404 0.122924 0.825233 0.126304 0.821133 0.122708
4 0.865826 0.380675 0.877084 0.375714 0.881092 0.385255 0.869833 0.390598 0.865826 0.380675
4 0.907424 0.381439 0.923644 0.381629 0.923835 0.384683 0.926888 0.384683 0.926888 0.392315 0.907502 0.392139 0.907424 0.381439
3 0.947788 0.392161 0.966108 0.391312 0.966452 0.397835 0.962205 0.398231 0.962594 0.409352 0.943851 0.409703 0.943553 0.402126 0.948060 0.401738 0.947788 0.392161
0 0.974279 0.489791 0.986276 0.491011 0.985369 0.498527 0.973422 0.496879 0.974279 0.489791
3 0.998859 0.584955 0.964003 0.576557 0.966206 0.567965 0.956375 0.565784 0.959180 0.551919 0.969076 0.553644 0.971787 0.540084 0.997174 0.546354 0.994928 0.561900 0.998859 0.563708 0.998859 0.584955
4 0.998859 0.592030 0.988673 0.589543 0.989998 0.583869 0.998859 0.586030 0.998859 0.592030
0 0.578695 0.827885 0.577041 0.820830 0.578585 0.814326 0.582774 0.809256 0.588947 0.808484 0.595561 0.810579 0.599529 0.815759 0.599970 0.821932 0.597435 0.827995 0.593907 0.831523 0.589057 0.832184 0.584427 0.832294 0.580348 0.830310 0.578695 0.827885
0 0.603259 0.898430 0.597306 0.928083 0.566662 0.922240 0.568756 0.912540 0.563685 0.911658 0.564746 0.905772 0.561829 0.905295 0.560504 0.897076 0.548127 0.894174 0.552187 0.872586 0.555368 0.856547 0.564283 0.858344 0.565990 0.848486 0.556575 0.846499 0.561182 0.824549 0.578695 0.827885 0.580348 0.830310 0.584427 0.832294 0.589057 0.832184 0.593907 0.831523 0.590779 0.854234 0.584560 0.853370 0.583760 0.857374 0.584883 0.857633 0.583242 0.869811 0.580737 0.869379 0.579355 0.876893 0.584537 0.878016 0.582378 0.889331 0.580823 0.888985 0.579873 0.893736 0.603259 0.898430
0 0.454055 0.768091 0.471782 0.743612 0.488805 0.756836 0.483178 0.764856 0.492323 0.772312 0.484725 0.782723 0.474596 0.775829 0.471360 0.780472 0.454055 0.768091
0 0.342228 0.876733 0.349393 0.876733 0.349503 0.892055 0.353031 0.892055 0.353251 0.897457 0.349393 0.897677 0.349393 0.899686 0.342669 0.899771 0.342558 0.896795 0.338259 0.896795 0.338149 0.876512 0.342228 0.876733
0 0.251047 0.841667 0.272415 0.809706 0.319100 0.833408 0.298989 0.865907 0.251047 0.841667
0 0.317536 0.790054 0.304450 0.786948 0.306822 0.774856 0.302010 0.774047 0.303701 0.763893 0.294370 0.762269 0.294843 0.753607 0.296197 0.749682 0.303438 0.750223 0.304318 0.745215 0.310544 0.745689 0.309867 0.751035 0.319477 0.752253 0.318447 0.760124 0.320356 0.760230 0.319985 0.762669 0.317864 0.762563 0.317281 0.768077 0.322000 0.768661 0.317536 0.790054
0 0.000341 0.947623 0.005632 0.943545 0.018199 0.961292 0.012136 0.965371 0.000341 0.947623
0 0.031220 0.905513 0.063860 0.870903 0.077085 0.883425 0.044445 0.918175 0.034597 0.914376 0.031220 0.905513
0 0.115411 0.875877 0.130605 0.888679 0.122164 0.898105 0.117099 0.893744 0.112456 0.898668 0.102467 0.889383 0.115411 0.875877
0 0.113939 0.916174 0.146806 0.929944 0.145999 0.932334 0.154522 0.936558 0.149341 0.950447 0.110319 0.934904 0.112744 0.930495 0.107435 0.928045 0.113939 0.916174
0 0.045778 0.794855 0.079262 0.773471 0.087281 0.783460 0.089510 0.782137 0.105214 0.800991 0.103611 0.802145 0.113817 0.815427 0.078926 0.839344 0.045778 0.794855
0 -0.000000 0.724429 0.004550 0.722125 0.014836 0.740329 -0.000000 0.748622 -0.000000 0.724429
0 0.438978 0.686648 0.439582 0.679825 0.449515 0.680602 0.448910 0.687943 0.438978 0.686648
0 0.351434 0.608681 0.358548 0.609203 0.358417 0.610972 0.360707 0.611103 0.360621 0.614299 0.358375 0.614212 0.357511 0.624491 0.349479 0.623886 0.351434 0.608681
3 0.352486 0.543006 0.361901 0.540329 0.365528 0.551212 0.356200 0.554234 0.352486 0.543006
2 0.125362 0.349514 0.132099 0.347786 0.134085 0.360914 0.127089 0.363074 0.125362 0.349514
3 0.047229 0.407792 0.032457 0.407370 0.033582 0.392035 0.048073 0.392738 0.047229 0.407792
3 0.023140 0.384004 0.024343 0.366212 0.027021 0.366298 0.027366 0.360943 0.019766 0.360943 0.020111 0.354811 0.025207 0.354897 0.025380 0.352997 0.030044 0.352911 0.030648 0.341942 0.037903 0.342028 0.037903 0.339523 0.041358 0.339523 0.041310 0.342060 0.044122 0.342028 0.044122 0.345224 0.048527 0.345310 0.048181 0.359993 0.055696 0.360425 0.054227 0.378217 0.044761 0.377576 0.044036 0.385213 0.023140 0.384004
0 0.054653 0.417129 0.063657 0.418817 0.065767 0.413471 0.073224 0.416426 0.068440 0.431761 0.060984 0.430072 0.060421 0.433168 0.052964 0.432042 0.054653 0.417129
0 0.013519 0.949131 0.022001 0.943073 0.028493 0.951964 0.020093 0.958025 0.013519 0.949131
0 0.003827 0.937110 0.014754 0.929786 0.021812 0.940276 0.010722 0.947395 0.003827 0.937110
0 0.038092 0.849824 0.055694 0.852242 0.055520 0.859180 0.037683 0.856508 0.038092 0.849824
0 -0.000000 0.461294 -0.000000 0.409150 0.011284 0.416465 0.020050 0.416613 0.029262 0.412007 0.053889 0.415522 0.052315 0.435992 -0.000000 0.461294
4 0.697882 0.333378 0.715326 0.330723 0.720635 0.349685 0.698261 0.354235 0.697882 0.333378
3 0.982666 0.455891 0.990393 0.457138 0.988648 0.466610 0.980921 0.464366 0.982666 0.455891
4 0.666166 0.252849 0.667906 0.238716 0.673777 0.242847 0.673777 0.253067 0.666166 0.252849
