0 0.614242 0.149449 0.615130 0.153101 0.613946 0.160898 0.608814 0.163761 0.601609 0.165044 0.596773 0.159023 0.596279 0.152410 0.598154 0.147377 0.603681 0.143528 0.610492 0.144515 0.614242 0.149449
0 0.622903 0.164238 0.622671 0.158051 0.633111 0.157897 0.633111 0.164161 0.622903 0.164238
0 0.616249 0.179469 0.611215 0.174336 0.621875 0.165848 0.626217 0.171869 0.616249 0.179469
0 0.670215 0.195230 0.674391 0.187960 0.698906 0.203040 0.694343 0.210464 0.670215 0.195230
0 0.690047 0.173649 0.698554 0.186022 0.692135 0.189734 0.683551 0.176974 0.690047 0.173649
0 0.615862 0.090743 0.629549 0.098399 0.625528 0.104972 0.612227 0.096929 0.615862 0.090743
0 0.613113 0.087692 0.607004 0.092486 0.597724 0.080500 0.603756 0.076324 0.613113 0.087692
3 0.958590 0.252870 0.965255 0.261595 0.958408 0.265291 0.952833 0.256384 0.958590 0.252870
3 0.850039 0.451817 0.827239 0.472097 0.818925 0.462146 0.841851 0.442621 0.850039 0.451817
3 0.848951 0.469050 0.854828 0.471049 0.852465 0.478381 0.846406 0.476260 0.848951 0.469050
3 0.840785 0.482189 0.840334 0.477390 0.846975 0.477065 0.846965 0.481826 0.840785 0.482189
3 0.840553 0.470486 0.843710 0.472634 0.839511 0.477289 0.836646 0.474880 0.840553 0.470486
3 0.834176 0.478677 0.828690 0.491620 0.797598 0.478817 0.802944 0.466296 0.834176 0.478677
3 0.684248 0.464001 0.712799 0.457828 0.715885 0.472379 0.687335 0.478332 0.684248 0.464001
3 0.704479 0.484717 0.703948 0.476976 0.713599 0.475862 0.714765 0.483498 0.704479 0.484717
0 0.729620 0.458914 0.759604 0.460127 0.758832 0.475449 0.726975 0.473575 0.727300 0.463367 0.729633 0.463367 0.729620 0.458914
3 0.646862 0.477251 0.647294 0.463086 0.671305 0.463777 0.670873 0.477855 0.646862 0.477251
3 0.930004 0.531252 0.947937 0.531319 0.948072 0.549118 0.930342 0.548644 0.930004 0.531252
3 0.890841 0.643408 0.904420 0.661144 0.885460 0.674152 0.878515 0.664231 0.885019 0.660372 0.879066 0.651664 0.890841 0.643408
3 0.899697 0.625151 0.916232 0.634080 0.910280 0.646536 0.893745 0.637497 0.899697 0.625151
3 0.907139 0.603708 0.922241 0.611975 0.917942 0.626967 0.902399 0.617928 0.907139 0.603708
3 0.896889 0.592722 0.903220 0.577387 0.925871 0.589064 0.918696 0.603836 0.896889 0.592722
3 0.796951 0.533706 0.811374 0.534570 0.811029 0.541652 0.819368 0.542679 0.818817 0.554363 0.810439 0.553922 0.810329 0.557781 0.793794 0.556568 0.796951 0.533706
3 0.847747 0.540463 0.864392 0.553911 0.839810 0.576840 0.826692 0.565706 0.835401 0.557108 0.828236 0.550715 0.836723 0.540794 0.842786 0.546085 0.847747 0.540463
3 0.791908 0.576638 0.807039 0.583560 0.804017 0.589001 0.812308 0.593665 0.806694 0.603425 0.799266 0.598675 0.793134 0.608607 0.777561 0.601271 0.791908 0.576638
3 0.771607 0.631832 0.776187 0.639212 0.785774 0.634634 0.791881 0.647197 0.764046 0.661761 0.751569 0.641938 0.771607 0.631832
3 0.737579 0.651894 0.764732 0.681016 0.745598 0.695788 0.719008 0.665540 0.737579 0.651894
3 0.708278 0.715743 0.727975 0.688731 0.740496 0.697594 0.735853 0.704488 0.743028 0.709412 0.733743 0.721371 0.728397 0.717854 0.723051 0.725169 0.708278 0.715743
3 0.731119 0.731416 0.730042 0.753322 0.696285 0.752245 0.697003 0.730339 0.731119 0.731416
1 0.708062 0.816510 0.725148 0.820037 0.724045 0.826210 0.732864 0.827643 0.727907 0.847941 0.718778 0.845671 0.718424 0.850792 0.702550 0.847816 0.708062 0.816510
3 0.710858 0.806927 0.701048 0.781022 0.717031 0.772975 0.729267 0.797667 0.710858 0.806927
3 0.861791 0.590516 0.873729 0.600396 0.860363 0.615027 0.846998 0.603772 0.853626 0.594440 0.856754 0.596190 0.861791 0.590516
3 0.833255 0.421945 0.837180 0.425802 0.830751 0.431961 0.827029 0.428306 0.833255 0.421945
4 0.023450 0.640948 0.028484 0.648548 0.020094 0.654075 0.015061 0.646475 0.023450 0.640948
0 0.609552 0.065111 0.613656 0.072703 0.607090 0.076191 0.603191 0.068599 0.609552 0.065111
