0 0.786301 0.023879 0.786104 0.022991 0.786400 0.021609 0.786795 0.020622 0.787584 0.019931 0.789361 0.019635 0.790545 0.019635 0.791828 0.020227 0.792815 0.021313 0.793309 0.022793 0.793309 0.023879 0.792815 0.025063 0.792519 0.025656 0.792026 0.026149 0.791236 0.026347 0.789756 0.026347 0.788275 0.026248 0.787485 0.025853 0.787091 0.025063 0.786301 0.023879
0 0.782551 0.030887 0.782649 0.029900 0.783834 0.028814 0.784821 0.028320 0.786696 0.028518 0.787782 0.029011 0.788966 0.029998 0.788966 0.031084 0.788966 0.033848 0.788571 0.035525 0.787584 0.036118 0.786400 0.036611 0.785215 0.036512 0.783735 0.035723 0.783439 0.035427 0.782649 0.033749 0.782649 0.033354 0.782551 0.030887
0 0.791927 0.029998 0.791927 0.029011 0.792618 0.027827 0.793901 0.027037 0.795776 0.026840 0.798737 0.027926 0.799428 0.028814 0.799428 0.030492 0.798737 0.033354 0.797651 0.034144 0.795875 0.034538 0.794493 0.034440 0.793605 0.033946 0.791927 0.032466 0.791927 0.029998
0 0.759593 0.718946 0.769544 0.720205 0.770174 0.731164 0.779873 0.730912 0.780377 0.720961 0.797257 0.720583 0.795745 0.753460 0.745611 0.750941 0.746996 0.718946 0.759593 0.718946
0 0.735713 0.476293 0.745024 0.475040 0.754975 0.476087 0.758380 0.504893 0.737953 0.504631 0.735713 0.476293
3 0.693926 0.395774 0.709038 0.391433 0.713218 0.405902 0.698588 0.410565 0.693926 0.395774
3 0.675558 0.407367 0.682960 0.403123 0.687599 0.410920 0.679309 0.414868 0.675558 0.407367
0 0.508391 0.173164 0.514546 0.167419 0.510032 0.160853 0.532603 0.145053 0.536091 0.147721 0.538963 0.146079 0.538143 0.142796 0.563996 0.136641 0.566253 0.140745 0.571588 0.141360 0.574461 0.155723 0.557840 0.158596 0.552506 0.163520 0.553326 0.166187 0.538758 0.176242 0.538143 0.179525 0.526242 0.185475 0.525626 0.184654 0.517829 0.187937 0.508391 0.173164
0 0.134212 0.432634 0.157641 0.427217 0.160413 0.447750 0.134842 0.453796 0.134212 0.432634
1 0.178957 0.409745 0.185623 0.446758 0.163832 0.449914 0.155646 0.414568 0.178957 0.409745
1 0.179364 0.281970 0.180875 0.294315 0.166263 0.296330 0.165633 0.283608 0.179364 0.281970
0 0.054271 0.293993 0.054039 0.292601 0.054194 0.291596 0.054967 0.289895 0.056359 0.289585 0.057906 0.289585 0.059607 0.290281 0.060999 0.291441 0.061772 0.292911 0.061850 0.294071 0.061618 0.295385 0.061308 0.296855 0.060690 0.297937 0.060458 0.298401 0.058602 0.298710 0.057364 0.298633 0.055050 0.297064 0.054413 0.295840 0.054271 0.293993
0 0.045371 0.296867 0.045069 0.296081 0.045765 0.294535 0.046615 0.293761 0.048471 0.293452 0.050482 0.293529 0.051564 0.294457 0.052338 0.295617 0.053266 0.297396 0.053652 0.298479 0.053652 0.299561 0.053730 0.300412 0.053111 0.301340 0.052647 0.302036 0.052183 0.302345 0.051100 0.302809 0.049631 0.302964 0.049399 0.302964 0.048703 0.302964 0.048316 0.302732 0.048084 0.302654 0.047852 0.302500 0.047311 0.301958 0.046770 0.301185 0.046538 0.300644 0.046461 0.300412 0.046383 0.300180 0.046229 0.299793 0.046074 0.299329 0.045997 0.298865 0.045919 0.298865 0.045765 0.298247 0.045765 0.298092 0.045371 0.296867
1 0.046126 0.331102 0.054367 0.331162 0.054488 0.336070 0.060789 0.336191 0.060487 0.343280 0.053579 0.343038 0.053337 0.339584 0.046187 0.339342 0.046126 0.331102
1 0.102504 0.345129 0.101478 0.320507 0.129794 0.325842 0.139232 0.348412 0.117483 0.356209 0.109891 0.344719 0.102504 0.345129
1 0.150031 0.309650 0.149735 0.308564 0.149834 0.307676 0.150426 0.306886 0.151018 0.306195 0.151808 0.305702 0.153881 0.305110 0.154769 0.305307 0.155756 0.305801 0.156644 0.306294 0.157335 0.307182 0.157532 0.307972 0.157730 0.309156 0.157730 0.309946 0.157508 0.310664 0.156644 0.312117 0.155953 0.312808 0.154177 0.313598 0.153486 0.313598 0.151709 0.313203 0.150426 0.312413 0.150130 0.312019 0.150031 0.309650
1 0.157685 0.313862 0.157389 0.313368 0.157093 0.311986 0.157508 0.310664 0.158771 0.309815 0.158870 0.309124 0.159955 0.309124 0.160844 0.308828 0.162028 0.309025 0.163114 0.309716 0.163706 0.310506 0.164199 0.311690 0.164594 0.313467 0.164594 0.314454 0.164594 0.315145 0.164298 0.315737 0.163508 0.316230 0.162719 0.316527 0.162423 0.316625 0.161337 0.316625 0.160547 0.316625 0.159560 0.316230 0.158475 0.315737 0.158376 0.315638 0.157784 0.314553 0.157685 0.313862
0 0.458643 0.288205 0.458185 0.285455 0.458643 0.281559 0.460018 0.278580 0.464143 0.276517 0.466664 0.276288 0.468497 0.276976 0.469872 0.277892 0.470789 0.278809 0.471247 0.280871 0.471477 0.282934 0.471935 0.286142 0.471706 0.287976 0.470560 0.289121 0.470102 0.289351 0.468727 0.289351 0.466893 0.289809 0.458643 0.288205
0 0.640852 0.495249 0.648027 0.490466 0.650419 0.492998 0.649575 0.494405 0.654499 0.499892 0.647746 0.505097 0.640852 0.495249
0 0.803468 0.832212 0.823579 0.815873 0.831659 0.824312 0.811369 0.840652 0.803468 0.832212
0 0.836424 0.792889 0.840374 0.797737 0.804283 0.829339 0.799435 0.824132 0.836424 0.792889
0 0.914075 0.703954 0.911920 0.700184 0.922155 0.695695 0.925208 0.700543 0.930774 0.698927 0.936340 0.711137 0.934186 0.714009 0.941547 0.731786 0.944061 0.735916 0.919641 0.747946 0.910304 0.719396 0.904379 0.720474 0.900070 0.708982 0.914075 0.703954
0 0.866395 0.698522 0.866395 0.697640 0.867277 0.696318 0.868600 0.694995 0.870254 0.694664 0.871797 0.694664 0.873450 0.695436 0.874553 0.696648 0.875324 0.698081 0.875324 0.699404 0.875324 0.700837 0.874883 0.702380 0.874222 0.703042 0.873340 0.703262 0.872348 0.703262 0.871135 0.703373 0.870254 0.703373 0.869041 0.703152 0.867718 0.702050 0.866395 0.698522
0 0.886719 0.691796 0.886939 0.690693 0.888152 0.689591 0.889474 0.688819 0.891459 0.688819 0.892671 0.689260 0.893663 0.689922 0.894325 0.690914 0.894655 0.691796 0.894876 0.693008 0.894876 0.694000 0.894435 0.694882 0.893663 0.696315 0.892340 0.697197 0.891348 0.697418 0.890356 0.697418 0.888262 0.697418 0.887490 0.697087 0.886719 0.696315 0.886388 0.694772 0.886278 0.694331 0.886278 0.693449 0.886719 0.691796
0 0.875829 0.694641 0.875694 0.693829 0.876235 0.692814 0.876844 0.692138 0.877318 0.691867 0.879280 0.691393 0.880025 0.691528 0.880904 0.692138 0.881513 0.692679 0.881987 0.693423 0.882258 0.693829 0.882529 0.694641 0.882596 0.695724 0.882461 0.696266 0.882393 0.696672 0.881852 0.697416 0.881446 0.697822 0.880228 0.698364 0.878874 0.698702 0.878468 0.698702 0.876844 0.698093 0.876235 0.697551 0.875897 0.696807 0.875897 0.696672 0.875829 0.694641
0 0.441409 0.893702 0.441606 0.892814 0.442100 0.891728 0.442988 0.890939 0.444567 0.890248 0.446541 0.890445 0.448022 0.891333 0.449107 0.892715 0.449699 0.893998 0.449699 0.895281 0.449403 0.896564 0.448910 0.897650 0.448022 0.898736 0.446837 0.899328 0.446442 0.899328 0.445061 0.899328 0.444271 0.899131 0.443383 0.898834 0.442988 0.898538 0.442593 0.898045 0.442297 0.897255 0.442297 0.897157 0.441606 0.895874 0.441606 0.895577 0.441409 0.893702
1 0.430453 0.899920 0.431342 0.898440 0.431835 0.897354 0.432033 0.896861 0.433710 0.896367 0.434204 0.896170 0.435487 0.895972 0.436869 0.895972 0.438053 0.896564 0.439040 0.897551 0.439731 0.898637 0.440126 0.899624 0.440224 0.900710 0.440224 0.901499 0.440126 0.902684 0.439632 0.903868 0.438843 0.904954 0.437461 0.905645 0.436869 0.905842 0.435684 0.906039 0.434993 0.906039 0.433612 0.905447 0.432921 0.905151 0.432427 0.904658 0.431539 0.903868 0.431342 0.903572 0.431046 0.902684 0.430848 0.901993 0.430453 0.899920
