0 0.165769 0.513918 0.208858 0.483755 0.220348 0.498939 0.202292 0.512481 0.207216 0.518226 0.180953 0.537104 0.165769 0.513918
0 0.195320 0.448772 0.203852 0.435124 0.211444 0.439829 0.203004 0.453055 0.195320 0.448772
0 0.171559 0.440850 0.178865 0.440724 0.178739 0.448660 0.171559 0.448534 0.171559 0.440850
0 0.226665 0.447119 0.235578 0.447523 0.244316 0.451110 0.244442 0.446449 0.252378 0.447205 0.252503 0.447205 0.252378 0.463329 0.242552 0.463455 0.234364 0.459802 0.233483 0.456023 0.225673 0.455897 0.226665 0.447119
0 0.343845 0.362942 0.353518 0.364522 0.350063 0.387419 0.335160 0.385149 0.336344 0.375773 0.341885 0.376501 0.343845 0.362942
0 0.419790 0.395401 0.428141 0.396329 0.427213 0.404062 0.418939 0.402979 0.419790 0.395401
0 0.336365 0.447273 0.339918 0.439871 0.344952 0.442141 0.341300 0.449543 0.336365 0.447273
0 0.376763 0.487747 0.386730 0.497715 0.374645 0.506074 0.376763 0.487747
3 0.240452 0.568528 0.253475 0.568849 0.252671 0.580907 0.257012 0.581068 0.256368 0.595376 0.239327 0.594894 0.240452 0.568528
0 0.637246 0.399897 0.655252 0.407292 0.645927 0.429639 0.627600 0.422726 0.637246 0.399897
0 0.696344 0.363052 0.709735 0.365164 0.730897 0.361259 0.731527 0.363778 0.737448 0.363149 0.744754 0.376123 0.748281 0.374611 0.750926 0.380154 0.752690 0.379146 0.757602 0.390105 0.751925 0.392234 0.735510 0.399621 0.728329 0.385053 0.706169 0.389772 0.691843 0.385559 0.696344 0.363052
0 0.640853 0.282696 0.652589 0.301828 0.635386 0.312760 0.622525 0.292664 0.640157 0.281840 0.640853 0.282696
0 0.554534 0.279154 0.561623 0.279335 0.561381 0.288061 0.554170 0.288000 0.554534 0.279154
0 0.568428 0.289098 0.573955 0.285841 0.579087 0.295415 0.573363 0.298376 0.568428 0.289098
0 0.565971 0.364796 0.583895 0.349362 0.593862 0.359491 0.574570 0.374442 0.565971 0.364796
0 0.626920 0.343147 0.626759 0.337360 0.637852 0.337360 0.638174 0.349256 0.621936 0.349739 0.621936 0.343147 0.626920 0.343147
0 0.378189 0.399108 0.385302 0.391921 0.389555 0.396321 0.382222 0.403948 0.378189 0.399108
0 0.566803 0.413247 0.572090 0.416924 0.567953 0.423590 0.562264 0.420314 0.566803 0.413247
0 0.551742 0.397171 0.555993 0.392460 0.565934 0.399642 0.562314 0.404928 0.551742 0.397171
0 0.732468 0.434846 0.727814 0.443350 0.719310 0.438638 0.723505 0.431226 0.732468 0.434846
0 0.551737 0.245187 0.558704 0.241007 0.563030 0.248193 0.561417 0.249587 0.562297 0.251347 0.556430 0.254793 0.551737 0.245187
