2 0.487032 0.754372 0.522266 0.776442 0.503488 0.807417 0.467479 0.784960 0.487032 0.754372
3 0.290825 0.539826 0.313857 0.541883 0.312459 0.556706 0.289106 0.554608 0.290825 0.539826
3 0.324605 0.383565 0.339427 0.378531 0.343343 0.387061 0.339824 0.388600 0.342895 0.396184 0.329918 0.400626 0.324605 0.383565
1 0.444625 0.221142 0.453788 0.218143 0.457115 0.227435 0.447886 0.230511 0.444625 0.221142
3 0.452643 0.188696 0.460614 0.190095 0.459356 0.198765 0.451119 0.197483 0.452643 0.188696
3 0.444678 0.899028 0.455586 0.899588 0.469430 0.901965 0.468171 0.911025 0.458927 0.909612 0.454747 0.907139 0.443699 0.906020 0.444678 0.899028
3 0.362042 0.893796 0.376991 0.886018 0.381655 0.893665 0.365779 0.901675 0.362042 0.893796
3 0.616538 0.642386 0.646556 0.647210 0.641999 0.674547 0.613590 0.669991 0.616538 0.642386
3 0.662100 0.665118 0.685243 0.667437 0.683809 0.681515 0.661028 0.679103 0.662100 0.665118
3 0.001872 0.987950 0.003744 0.974257 0.009816 0.974526 0.011009 0.983809 0.007653 0.989822 0.001872 0.987950
3 0.938812 0.670125 0.956691 0.656994 0.963661 0.666489 0.945984 0.678913 0.938812 0.670125
3 0.497471 0.730349 0.506393 0.732027 0.502478 0.749367 0.493668 0.747270 0.497471 0.730349
