0 0.998868 0.978061 0.986352 0.969699 0.988632 0.963999 0.986922 0.962860 0.993114 0.948510 0.998868 0.952186 0.998868 0.978061
0 0.829053 0.916126 0.834752 0.961720 0.818224 0.963999 0.815374 0.948611 0.802266 0.949181 0.802836 0.965709 0.786308 0.966279 0.781179 0.920685 0.829053 0.916126
0 0.955184 0.477409 0.977679 0.476457 0.977490 0.470791 0.998867 0.468980 0.998867 0.523967 0.986660 0.523967 0.985349 0.516754 0.974201 0.518066 0.973545 0.504951 0.958463 0.506262 0.959119 0.527902 0.939446 0.528558 0.934200 0.476098 0.938791 0.475442 0.938791 0.464950 0.953873 0.464950 0.955184 0.477409
0 0.976123 0.474588 0.961494 0.475127 0.959775 0.459048 0.976168 0.457737 0.976123 0.474588
0 0.879229 0.490557 0.877883 0.497975 0.887803 0.507422 0.887738 0.507480 0.891687 0.511993 0.902970 0.500146 0.914818 0.513122 0.906920 0.521584 0.909740 0.526098 0.873634 0.563896 0.856145 0.548100 0.872506 0.531175 0.861222 0.519892 0.845990 0.531739 0.827937 0.511993 0.864607 0.476451 0.879229 0.490557
0 0.901842 0.493940 0.888154 0.507080 0.878411 0.497803 0.879658 0.490957 0.880404 0.491684 0.890559 0.482657 0.901842 0.493940
0 0.998867 0.320886 0.977589 0.321883 0.974346 0.300050 0.980739 0.299492 0.982178 0.292487 0.998867 0.292337 0.998867 0.320886
0 0.965863 0.286306 0.966095 0.309020 0.949112 0.307812 0.949167 0.315379 0.927579 0.313651 0.929306 0.275367 0.943698 0.276519 0.944850 0.282276 0.952046 0.281988 0.952622 0.286593 0.965863 0.286306
3 0.977903 0.195725 0.979961 0.204018 0.986586 0.205966 0.986976 0.212981 0.970219 0.223892 0.954631 0.203239 0.967881 0.193107 0.977903 0.195725
0 0.847463 0.276072 0.846929 0.299569 0.804207 0.297967 0.804207 0.284616 0.807411 0.284082 0.807411 0.274469 0.847463 0.276072
0 0.792847 0.282128 0.788699 0.316004 0.772107 0.314621 0.776255 0.280745 0.792847 0.282128
1 0.770591 0.222148 0.770591 0.241763 0.751552 0.241186 0.751552 0.221571 0.770591 0.222148
0 0.744052 0.254455 0.744629 0.285609 0.690399 0.283301 0.689245 0.254455 0.744052 0.254455
3 0.855335 0.171790 0.844046 0.181105 0.834770 0.185140 0.825619 0.169267 0.816806 0.156340 0.840692 0.139516 0.849530 0.148243 0.856315 0.160023 0.855335 0.171790
0 0.935336 0.034447 0.938421 0.041647 0.941850 0.040618 0.947335 0.047132 0.950078 0.046104 0.958649 0.060503 0.946650 0.067703 0.948707 0.070446 0.946307 0.072160 0.951106 0.077988 0.934650 0.088959 0.921185 0.097756 0.914480 0.086702 0.906938 0.074460 0.908251 0.073874 0.918879 0.067360 0.911152 0.057075 0.915451 0.049190 0.913394 0.045761 0.935336 0.034447
0 0.705401 0.000008 0.699800 0.005174 0.706111 0.024808 0.675609 0.034274 0.667896 0.011135 0.676310 0.007979 0.673858 0.000008 0.705401 0.000008
3 0.727866 0.120225 0.728789 0.131297 0.736170 0.132220 0.735247 0.184810 0.719562 0.183887 0.719101 0.187116 0.702494 0.187116 0.702955 0.174199 0.700648 0.174199 0.703878 0.119303 0.727866 0.120225
0 0.687270 0.134526 0.684502 0.175122 0.662871 0.174414 0.664141 0.136807 0.664666 0.136833 0.664666 0.133142 0.687270 0.134526
0 0.664141 0.136807 0.662871 0.174414 0.642061 0.173738 0.642061 0.135910 0.664141 0.136807
0 0.680852 0.310402 0.679756 0.332675 0.635939 0.331945 0.635939 0.310402 0.680852 0.310402
3 0.609283 0.284841 0.608918 0.312958 0.625715 0.312958 0.624985 0.333771 0.606727 0.331945 0.605997 0.349837 0.583358 0.349472 0.585184 0.284841 0.609283 0.284841
3 0.570529 0.278998 0.570664 0.301659 0.538438 0.301457 0.538903 0.278998 0.570529 0.278998
3 0.552635 0.341233 0.552635 0.355387 0.537755 0.355750 0.537755 0.341233 0.552635 0.341233
3 0.526670 0.268509 0.525465 0.298640 0.518635 0.298640 0.516626 0.312300 0.504573 0.313505 0.504172 0.307881 0.496538 0.308684 0.496136 0.298239 0.491315 0.298239 0.490914 0.278151 0.490776 0.278151 0.492271 0.271172 0.514043 0.271575 0.514238 0.268193 0.526670 0.268509
3 0.508993 0.258063 0.510600 0.268107 0.491877 0.270676 0.490279 0.278151 0.484084 0.278151 0.483682 0.257260 0.495735 0.256054 0.496538 0.258063 0.508993 0.258063
3 0.474763 0.249588 0.471543 0.307156 0.437727 0.308363 0.436519 0.302325 0.431285 0.302325 0.431688 0.282196 0.440545 0.282196 0.439739 0.262068 0.447791 0.261262 0.447791 0.247977 0.474763 0.249588
3 0.388097 0.247600 0.404681 0.264737 0.399706 0.269712 0.399153 0.277451 0.400812 0.279663 0.409657 0.286849 0.391967 0.306750 0.374277 0.289060 0.370960 0.291272 0.358245 0.278004 0.361009 0.275240 0.388097 0.247600
3 0.418209 0.317953 0.414717 0.341504 0.394189 0.336924 0.394799 0.335396 0.398513 0.334254 0.399561 0.330513 0.401245 0.324907 0.397576 0.320699 0.399312 0.315978 0.418209 0.317953
3 0.398765 0.325668 0.398653 0.329609 0.396152 0.333133 0.389990 0.336396 0.389873 0.336376 0.381143 0.328340 0.383516 0.323594 0.393574 0.318750 0.398765 0.325668
3 0.424133 0.292568 0.423614 0.300974 0.411846 0.301368 0.411158 0.292850 0.424133 0.292568
0 0.339148 0.245356 0.345615 0.239375 0.350944 0.245510 0.355967 0.252207 0.351655 0.256301 0.357354 0.263633 0.343945 0.275970 0.342979 0.281660 0.339669 0.284965 0.333415 0.282880 0.331851 0.274020 0.315695 0.254737 0.331330 0.238581 0.339148 0.245356
0 0.371981 0.237018 0.356328 0.251875 0.351324 0.245203 0.345967 0.239043 0.359994 0.226073 0.371981 0.237018
0 0.354164 0.137231 0.376550 0.152729 0.366218 0.166936 0.344262 0.152299 0.354164 0.137231
0 0.422372 0.148586 0.419601 0.175546 0.391188 0.171672 0.394632 0.150146 0.404103 0.151007 0.404628 0.145459 0.422372 0.148586
0 0.423212 0.038821 0.423548 0.049054 0.430845 0.049066 0.432910 0.053182 0.432008 0.097423 0.414414 0.096972 0.413061 0.087047 0.407647 0.085694 0.408550 0.077574 0.401783 0.077123 0.401332 0.073063 0.395467 0.073063 0.397272 0.042387 0.407196 0.043740 0.408099 0.038327 0.423212 0.038821
0 0.487495 0.141181 0.487946 0.173210 0.445541 0.171857 0.447797 0.139827 0.487495 0.141181
0 0.537695 0.142745 0.536554 0.185719 0.525525 0.185719 0.525145 0.192945 0.493960 0.190663 0.495862 0.143126 0.537695 0.142745
0 0.618305 0.093571 0.620017 0.117105 0.631142 0.117105 0.630714 0.134649 0.578939 0.132509 0.578512 0.137644 0.554550 0.138500 0.554550 0.100845 0.569954 0.098706 0.569954 0.091860 0.618305 0.093571
0 0.342191 0.032683 0.332956 0.075166 0.323720 0.074550 0.321258 0.081939 0.309559 0.081939 0.310791 0.075166 0.300324 0.071472 0.305249 0.049922 0.316948 0.050538 0.322489 0.030836 0.342191 0.032683
0 0.260303 0.056079 0.232597 0.093637 0.192576 0.080092 0.200581 0.050538 0.204671 0.051021 0.216722 0.057088 0.222302 0.051888 0.234444 0.057311 0.246758 0.043150 0.260303 0.056079
0 0.026953 0.091174 0.036189 0.105335 0.008360 0.126455 -0.000000 0.116346 -0.000000 0.109039 -0.000000 0.095762 0.003683 0.098214 0.005303 0.096593 0.011516 0.103075 0.026953 0.091174
0 0.097143 0.117033 0.103300 0.112724 0.105147 0.114571 0.118077 0.128116 0.099428 0.148363 0.094788 0.144279 0.090550 0.147790 0.069788 0.126169 0.066045 0.122217 0.065742 0.120728 0.078672 0.106567 0.083598 0.106567 0.097143 0.117033
0 0.188267 0.173062 0.210432 0.196459 0.190729 0.212467 0.195034 0.218003 0.176077 0.230133 0.170620 0.230170 0.164273 0.229318 0.147630 0.210620 0.188267 0.173062
0 0.155019 0.143509 0.149477 0.150281 0.174105 0.169984 0.160560 0.187223 0.148862 0.179219 0.144426 0.182739 0.128891 0.167031 0.134401 0.159233 0.125271 0.150327 0.141173 0.131616 0.155019 0.143509
0 0.147015 0.017906 0.157482 0.027757 0.156866 0.032683 0.165486 0.038840 0.169796 0.036377 0.182725 0.046844 0.155634 0.081323 0.148246 0.075782 0.139626 0.084401 0.129159 0.074550 0.119924 0.084401 0.105147 0.072087 0.147015 0.017906
0 0.116598 0.027954 0.099028 0.041033 0.091235 0.036163 0.085010 0.038467 0.075934 0.020535 0.074872 0.014046 0.071912 0.011332 0.071006 0.011475 0.067499 0.003740 0.070664 0.000004 0.104564 0.000005 0.099825 0.003755 0.116598 0.027954
0 0.751381 0.304523 0.749430 0.336067 0.726341 0.336392 0.725692 0.304524 0.751381 0.304523
0 0.818293 0.228296 0.817303 0.241175 0.804424 0.240184 0.805415 0.227305 0.818293 0.228296
0 0.333683 0.170536 0.347434 0.171357 0.353272 0.174081 0.352688 0.180243 0.345545 0.179542 0.333024 0.178224 0.333683 0.170536
0 0.180507 0.085501 0.192358 0.089810 0.195949 0.081371 0.208518 0.085726 0.204747 0.099327 0.206184 0.107766 0.205645 0.118180 0.184278 0.113153 0.186612 0.101841 0.176736 0.099865 0.180507 0.085501
0 0.648027 0.201432 0.675227 0.202017 0.675227 0.210206 0.650074 0.210206 0.648027 0.201432
3 0.987287 0.236435 0.990042 0.235994 0.990483 0.237096 0.996767 0.237206 0.996767 0.242387 0.986956 0.242939 0.987287 0.236435
3 0.998867 0.206150 0.994926 0.206391 0.994767 0.200293 0.998532 0.199816 0.998867 0.200319 0.998867 0.206150
3 0.959705 0.254846 0.966881 0.254547 0.967330 0.260677 0.959854 0.260527 0.959705 0.254846
