0 0.375066 0.818359 0.349623 0.827592 0.346340 0.818153 0.306124 0.829233 0.298942 0.807994 0.308996 0.805121 0.290530 0.758339 0.311253 0.751773 0.331567 0.799171 0.362139 0.790963 0.375066 0.818359
0 0.412339 0.729479 0.431056 0.750535 0.412005 0.775602 0.392620 0.759560 0.412339 0.729479
0 0.334938 0.583614 0.353329 0.621026 0.328765 0.634378 0.321963 0.618884 0.316547 0.621026 0.312642 0.613342 0.319192 0.611578 0.309871 0.592684 0.334938 0.583614
0 0.258099 0.582152 0.271193 0.598388 0.253647 0.611743 0.241339 0.592103 0.258099 0.582152
0 0.276714 0.574214 0.282823 0.584021 0.274945 0.588844 0.269479 0.579037 0.276714 0.574214
3 0.290540 0.565694 0.296006 0.576304 0.289575 0.580484 0.283466 0.569874 0.290540 0.565694
0 0.512847 0.613132 0.465244 0.636318 0.455190 0.617236 0.503613 0.594871 0.512847 0.613132
0 0.447944 0.680929 0.424150 0.708420 0.409360 0.694916 0.433153 0.666621 0.447944 0.680929
0 0.528944 0.871785 0.530288 0.876141 0.527677 0.882126 0.522741 0.881346 0.519225 0.876705 0.522148 0.871404 0.528944 0.871785
0 0.532853 0.861167 0.532454 0.866882 0.528987 0.868073 0.524357 0.865980 0.525083 0.861566 0.527821 0.859247 0.532853 0.861167
0 0.443282 0.506550 0.458261 0.479465 0.479805 0.493623 0.472213 0.505729 0.485345 0.512500 0.474676 0.529120 0.443282 0.506550
0 0.448071 0.378752 0.461408 0.389422 0.451354 0.400091 0.438838 0.389832 0.448071 0.378752
0 -0.000000 0.543798 -0.000000 0.520242 0.018408 0.519302 0.019001 0.543285 -0.000000 0.543798
3 0.047735 0.100556 0.044340 0.099535 0.045019 0.092547 0.046347 0.090871 0.046475 0.086070 0.080486 0.088086 0.080360 0.101690 0.047735 0.100556
0 0.409075 0.992019 0.408949 0.982446 0.441952 0.985217 0.441449 0.994161 0.409075 0.992019
3 0.037119 0.096813 0.032645 0.094895 0.032805 0.091700 0.035201 0.089942 0.040634 0.090581 0.042072 0.092499 0.040794 0.094895 0.039675 0.096973 0.037119 0.096813
