0 0.215162 0.228834 0.221890 0.222106 0.269883 0.211940 0.301369 0.339816 0.255000 0.352219 0.248322 0.353937 0.215162 0.228834
2 0.111047 0.261542 0.162949 0.250093 0.168674 0.275281 0.160646 0.276853 0.168947 0.317437 0.125378 0.326307 0.111047 0.261542
0 0.282976 0.427333 0.305010 0.411737 0.314477 0.426522 0.310033 0.429743 0.313379 0.434964 0.306751 0.438685 0.309603 0.444389 0.302848 0.448292 0.299396 0.442137 0.293933 0.445390 0.282976 0.427333
0 0.189732 0.398941 0.209725 0.397071 0.210876 0.406636 0.211667 0.415266 0.191243 0.417568 0.190308 0.408578 0.189732 0.398941
3 0.685365 0.386896 0.691451 0.383233 0.689309 0.379571 0.694944 0.375852 0.697818 0.379064 0.708498 0.372075 0.692160 0.346375 0.707029 0.337197 0.737829 0.387418 0.728720 0.394270 0.733296 0.403225 0.723084 0.409482 0.718913 0.403369 0.704098 0.413294 0.685365 0.386896
3 0.667630 0.326905 0.675801 0.319974 0.681098 0.325665 0.681098 0.328032 0.688705 0.336428 0.680422 0.343528 0.677210 0.340372 0.678731 0.338851 0.667630 0.326905
3 0.718195 0.441814 0.728967 0.436119 0.734310 0.444949 0.724067 0.450689 0.718195 0.441814
3 0.689585 0.316941 0.700372 0.308742 0.707061 0.318019 0.695554 0.327009 0.689585 0.316941
3 0.645447 0.292410 0.653835 0.287774 0.659398 0.297134 0.650656 0.301549 0.645447 0.292410
3 0.583460 0.389282 0.595974 0.383608 0.606263 0.402264 0.594085 0.408310 0.583460 0.389282
0 0.101413 0.232405 0.108054 0.230582 0.110821 0.239339 0.104083 0.240738 0.101413 0.232405
0 0.998841 0.009120 0.983138 0.002967 0.984251 0.000003 0.998841 0.000003 0.998841 0.009120
0 0.979331 0.014018 0.983860 0.006124 0.990549 0.009282 0.986519 0.018214 0.979331 0.014018
0 0.740731 0.539187 0.743117 0.525242 0.763903 0.528317 0.762132 0.549419 0.739247 0.546504 0.740731 0.539187
0 0.348227 0.873194 0.373361 0.873454 0.373447 0.903770 0.347968 0.903424 0.348227 0.873194
0 0.379706 0.964081 0.357699 0.983895 0.345050 0.958632 0.364170 0.943452 0.379706 0.964081
4 0.272692 0.984433 0.293550 0.995753 0.292448 0.999008 0.278794 0.999008 0.266946 0.993627 0.272692 0.984433
0 0.201257 0.909602 0.210897 0.901834 0.222035 0.913814 0.194720 0.936459 0.182632 0.921582 0.199198 0.908479 0.201257 0.909602
0 0.212700 0.858489 0.229765 0.843377 0.238154 0.853202 0.220744 0.868889 0.212700 0.858489
0 0.136081 0.928113 0.147820 0.918813 0.158663 0.937571 0.147044 0.945895 0.136081 0.928113
0 0.087991 0.711066 0.098193 0.715558 0.091454 0.728849 0.082282 0.724824 0.087991 0.711066
0 0.335103 0.404020 0.329762 0.398316 0.341654 0.386892 0.346895 0.392414 0.335103 0.404020
0 0.130340 0.357241 0.150840 0.349041 0.156306 0.365611 0.135807 0.373469 0.130340 0.357241
0 0.339050 0.415177 0.349408 0.415786 0.350626 0.428886 0.337983 0.428276 0.339050 0.415177
0 0.336903 0.433347 0.353266 0.433574 0.353493 0.447664 0.336222 0.447437 0.336903 0.433347
3 0.598895 0.371445 0.602141 0.373609 0.603584 0.376134 0.603584 0.380342 0.599617 0.382025 0.596731 0.379019 0.596130 0.373128 0.598895 0.371445
3 0.702158 0.432576 0.713769 0.425492 0.719870 0.434150 0.708849 0.441235 0.702158 0.432576
0 0.175565 0.725389 0.185622 0.736993 0.180206 0.745889 0.166282 0.736606 0.175565 0.725389
