0 0.978849 0.942877 0.961393 0.950839 0.952568 0.937314 0.963145 0.927822 0.971805 0.926033 0.978849 0.942877
0 0.934443 0.865703 0.938118 0.864478 0.957412 0.901840 0.948837 0.904290 0.962924 0.927871 0.963145 0.927822 0.952568 0.937314 0.952205 0.936752 0.945468 0.939814 0.913006 0.891121 0.920050 0.885302 0.886289 0.828418 0.902627 0.816484 0.934443 0.865703
0 0.902627 0.816484 0.886289 0.828418 0.886056 0.828035 0.858494 0.840284 0.822663 0.792510 0.835220 0.786079 0.828176 0.776585 0.862782 0.754842 0.902627 0.816484
2 0.721641 0.693143 0.745222 0.687325 0.753797 0.721931 0.730522 0.726218 0.721641 0.693143
3 0.668699 0.457685 0.702692 0.461054 0.700548 0.480348 0.695342 0.480041 0.682786 0.558747 0.661043 0.556297 0.663799 0.533634 0.656755 0.532103 0.668699 0.457685
0 0.355559 0.999009 0.354813 0.994721 0.359407 0.985227 0.382835 0.999009 0.355559 0.999009
0 0.320207 0.984614 0.332151 0.967158 0.356651 0.981246 0.344909 0.999009 0.344198 0.999009 0.320207 0.984614
0 0.297545 0.954296 0.307651 0.941740 0.317145 0.949090 0.321126 0.944190 0.335826 0.953990 0.315920 0.981246 0.298464 0.969302 0.297545 0.954296
0 0.800297 0.701872 0.819284 0.693297 0.829084 0.712591 0.811628 0.721166 0.800297 0.701872
0 0.773927 0.655019 0.786795 0.647344 0.807791 0.682110 0.795600 0.685271 0.773927 0.655019
0 0.776411 0.683916 0.786118 0.678046 0.797857 0.692720 0.784312 0.698364 0.776411 0.683916
0 0.777126 0.693769 0.811409 0.733044 0.796264 0.746025 0.762648 0.707915 0.777126 0.693769
3 0.715949 0.303428 0.735589 0.305523 0.734018 0.332758 0.711235 0.331972 0.715949 0.303428
3 0.653979 0.648951 0.648029 0.665366 0.641668 0.663109 0.647208 0.647720 0.653979 0.648951
3 0.693343 0.805985 0.703164 0.802505 0.707108 0.814569 0.697596 0.818745 0.693343 0.805985
3 0.829543 0.645766 0.814503 0.596634 0.823192 0.590953 0.826871 0.590724 0.837230 0.589281 0.855946 0.636073 0.829543 0.645766
3 0.814503 0.596634 0.804363 0.599566 0.796646 0.579952 0.810794 0.575612 0.816260 0.586062 0.824620 0.584293 0.826871 0.590724 0.823192 0.590953 0.814503 0.596634
3 0.796646 0.579952 0.787655 0.554603 0.812722 0.545245 0.830436 0.578333 0.829767 0.580673 0.824620 0.584293 0.816260 0.586062 0.810794 0.575612 0.796646 0.579952
3 0.779528 0.491192 0.785684 0.487499 0.794301 0.500836 0.788556 0.504529 0.779528 0.491192
