1 0.960621 0.030346 0.959013 0.049104 0.910776 0.048081 0.908584 0.029955 0.960621 0.030346
1 0.888877 0.053889 0.865811 0.056988 0.864417 0.030647 0.887396 0.027942 0.888877 0.053889
0 0.683105 0.025515 0.694888 0.022526 0.696822 0.027626 0.707726 0.022702 0.715464 0.040112 0.684863 0.055236 0.673960 0.029736 0.683105 0.025515
0 0.679077 0.060622 0.719019 0.077227 0.712287 0.094281 0.671896 0.077676 0.679077 0.060622
0 0.689805 0.108623 0.667857 0.154867 0.645418 0.154867 0.639584 0.145442 0.639135 0.129735 0.646764 0.131081 0.660508 0.098604 0.689805 0.108623
0 0.694784 0.096525 0.689990 0.108174 0.660693 0.098154 0.666511 0.084407 0.694784 0.096525
3 0.798464 0.496575 0.810411 0.495828 0.811656 0.509269 0.799708 0.510514 0.798464 0.496575
0 0.776311 0.517981 0.777804 0.533165 0.763865 0.534409 0.762870 0.519724 0.776311 0.517981
0 0.727494 0.485199 0.756859 0.481399 0.758587 0.495218 0.752022 0.496600 0.753059 0.505237 0.740622 0.506964 0.744422 0.529766 0.720584 0.533566 0.717129 0.505928 0.703310 0.508692 0.704001 0.515601 0.697092 0.516983 0.695710 0.512492 0.673254 0.518019 0.670144 0.503855 0.676363 0.502473 0.673945 0.491763 0.687418 0.488654 0.686036 0.483817 0.706765 0.480017 0.706419 0.475180 0.724730 0.473453 0.727494 0.485199
0 0.575267 0.870194 0.588118 0.887680 0.580534 0.893157 0.568105 0.877357 0.575267 0.870194
3 0.730321 0.911064 0.738719 0.929716 0.694378 0.948203 0.683131 0.928339 0.693875 0.922651 0.686712 0.908325 0.710939 0.897371 0.719577 0.916120 0.730321 0.911064
0 0.482709 0.502116 0.489289 0.498460 0.492762 0.506137 0.486547 0.509793 0.482709 0.502116
3 0.128828 0.118666 0.133909 0.118949 0.133767 0.119654 0.136590 0.120783 0.136872 0.127276 0.131650 0.127135 0.128828 0.125441 0.128828 0.118666
3 0.127007 0.123768 0.130454 0.126545 0.129975 0.129705 0.126528 0.132195 0.122793 0.130567 0.123559 0.125109 0.127007 0.123768
3 0.655103 0.987883 0.662736 0.981586 0.672277 0.992272 0.663308 0.996661 0.661018 0.996661 0.655103 0.987883
4 0.585701 0.172411 0.594073 0.171853 0.595189 0.181341 0.585701 0.180782 0.585701 0.172411
