3 0.177444 0.000007 0.176101 0.004281 0.178871 0.005706 0.175129 0.013233 0.177187 0.014657 0.173655 0.022024 0.168060 0.034796 0.162201 0.039442 0.145232 0.031967 0.146949 0.036917 0.140850 0.039605 0.135496 0.028494 0.132769 0.029302 0.132264 0.036170 0.133678 0.035665 0.133476 0.040413 0.132264 0.040211 0.131086 0.048125 0.124898 0.046578 0.122320 0.048254 0.110717 0.041937 0.109557 0.044387 0.102209 0.040906 0.102596 0.037941 0.093185 0.031882 0.106499 0.004941 0.122523 0.000006 0.177444 0.000007
3 0.340097 0.253969 0.352825 0.250535 0.352724 0.253363 0.354744 0.258010 0.341915 0.263363 0.339592 0.258313 0.340097 0.253969
0 0.409802 0.516252 0.411700 0.526348 0.415309 0.526477 0.415567 0.538596 0.398292 0.542592 0.392749 0.520032 0.401930 0.517287 0.409802 0.516252
0 0.497575 0.500004 0.505959 0.500408 0.505959 0.501115 0.523434 0.502226 0.519292 0.552630 0.493939 0.550105 0.497575 0.500004
0 0.425952 0.667109 0.458956 0.654208 0.465841 0.671145 0.460539 0.673757 0.465768 0.684656 0.462128 0.686318 0.463156 0.687901 0.441313 0.694866 0.439967 0.691859 0.434110 0.694154 0.425800 0.677771 0.426513 0.671202 0.425952 0.667109
0 0.385777 0.566402 0.390587 0.570774 0.385631 0.576459 0.380578 0.571892 0.385777 0.566402
0 0.476795 0.654720 0.494459 0.654758 0.494426 0.677392 0.477469 0.677392 0.477761 0.662233 0.476254 0.662330 0.476795 0.654720
3 0.457687 0.957556 0.464133 0.974187 0.442217 0.985016 0.447115 0.995071 0.443119 0.996232 0.435791 0.999009 0.406065 0.999009 0.404571 0.994749 0.394384 0.999009 0.394263 0.999009 0.389131 0.986420 0.395780 0.982776 0.396672 0.978697 0.457687 0.957556
3 0.679600 0.398993 0.685140 0.410152 0.673347 0.416484 0.667412 0.404375 0.679600 0.398993
3 0.686459 0.414907 0.695451 0.415031 0.695699 0.420550 0.710396 0.420488 0.710396 0.421542 0.716659 0.421294 0.716668 0.440925 0.704142 0.441026 0.704243 0.452036 0.688183 0.451430 0.688082 0.444763 0.675354 0.444763 0.675455 0.435470 0.668183 0.435470 0.668284 0.419106 0.685961 0.419207 0.686459 0.414907
3 0.777977 0.501295 0.784397 0.510121 0.756013 0.530929 0.749043 0.520222 0.777977 0.501295
3 0.710495 0.512623 0.713853 0.512988 0.729207 0.528500 0.716286 0.542667 0.719418 0.545899 0.716589 0.548424 0.713357 0.544990 0.708206 0.549636 0.692044 0.533475 0.696993 0.529636 0.692953 0.525091 0.696237 0.522090 0.696042 0.520788 0.698191 0.519225 0.701863 0.522039 0.710495 0.512623
3 0.636763 0.574858 0.653207 0.573234 0.653952 0.583047 0.638251 0.584400 0.636763 0.574858
3 0.673267 0.591979 0.682592 0.596600 0.679140 0.604788 0.669801 0.600457 0.673267 0.591979
3 0.804869 0.536716 0.815983 0.550222 0.772229 0.588208 0.762381 0.578078 0.786861 0.557819 0.784469 0.555709 0.804869 0.536716
3 0.803768 0.577696 0.810713 0.587066 0.776430 0.612861 0.769376 0.603491 0.803768 0.577696
3 0.723494 0.603591 0.723370 0.610471 0.720503 0.610388 0.720461 0.612548 0.716016 0.612548 0.715933 0.606732 0.718301 0.606690 0.718384 0.603449 0.723494 0.603591
3 0.749000 0.629177 0.755091 0.636554 0.737022 0.651239 0.734924 0.648667 0.729713 0.652863 0.724841 0.644810 0.734247 0.636892 0.738511 0.637569 0.749000 0.629177
3 0.724841 0.644810 0.729713 0.652863 0.724560 0.656568 0.718875 0.646823 0.724154 0.643642 0.724841 0.644810
3 0.710117 0.668976 0.714195 0.675260 0.707471 0.678897 0.701950 0.668493 0.707123 0.665499 0.708684 0.668646 0.709565 0.667874 0.710117 0.668976
3 0.680505 0.656087 0.682394 0.659910 0.675378 0.663752 0.673435 0.659694 0.680505 0.656087
3 0.811238 0.614495 0.819184 0.620541 0.810116 0.632374 0.801565 0.625896 0.811238 0.614495
3 0.750606 0.555874 0.753888 0.566584 0.737909 0.572111 0.734368 0.561142 0.744387 0.557601 0.744042 0.556392 0.750174 0.554492 0.750606 0.555874
3 0.727313 0.530292 0.731847 0.534623 0.727042 0.539969 0.722170 0.535909 0.727313 0.530292
3 0.704977 0.688209 0.710185 0.688079 0.710250 0.692018 0.704781 0.692148 0.704977 0.688209
3 0.951834 0.635980 0.969502 0.639287 0.967517 0.654499 0.971155 0.654719 0.968289 0.671254 0.945471 0.666735 0.951834 0.635980
3 0.937445 0.710297 0.951886 0.712832 0.962248 0.714926 0.963901 0.704013 0.974203 0.706012 0.973684 0.709153 0.969428 0.730324 0.971798 0.730655 0.969900 0.741276 0.945774 0.737821 0.946493 0.731178 0.933564 0.728125 0.937445 0.710297
3 0.884839 0.718344 0.893131 0.721453 0.890194 0.729140 0.881730 0.726204 0.884839 0.718344
3 0.843901 0.922976 0.871108 0.931786 0.869122 0.938350 0.873613 0.940163 0.873786 0.937659 0.877499 0.938609 0.867967 0.965442 0.833685 0.953206 0.843901 0.922976
3 0.794084 0.931518 0.799693 0.936171 0.793002 0.945787 0.786938 0.940198 0.794084 0.931518
3 0.798302 0.940680 0.803510 0.944944 0.798855 0.950673 0.794037 0.946637 0.798302 0.940680
3 0.904007 0.920423 0.925513 0.921027 0.925427 0.934242 0.903921 0.934156 0.904007 0.920423
3 0.971127 0.999004 0.970036 0.983417 0.987138 0.981603 0.987742 0.986785 0.993702 0.986181 0.994220 0.990067 0.998846 0.989583 0.998846 0.999003 0.971127 0.999004
3 0.902234 0.954507 0.915967 0.970226 0.913808 0.971608 0.915363 0.973077 0.905776 0.982750 0.913890 0.996072 0.912093 0.999005 0.868412 0.999006 0.868870 0.994665 0.866197 0.994946 0.865353 0.987068 0.867604 0.986786 0.867463 0.976657 0.886737 0.975953 0.888566 0.970467 0.886174 0.967794 0.902234 0.954507
3 0.971499 0.705453 0.972175 0.703625 0.980973 0.705385 0.980635 0.706806 0.996741 0.709513 0.991311 0.732444 0.969428 0.730324 0.974474 0.706147 0.971499 0.705453
3 0.634486 0.465319 0.642767 0.461423 0.651047 0.477496 0.642767 0.482367 0.634486 0.465319
3 0.624501 0.473112 0.632051 0.469216 0.638626 0.480662 0.630833 0.484559 0.624501 0.473112
3 0.879129 0.733245 0.894801 0.737994 0.891951 0.752954 0.875329 0.749155 0.879129 0.733245
