0 -0.000000 0.308694 -0.000000 0.139416 0.017942 0.135873 0.018745 0.138606 0.024051 0.136516 0.034501 0.166097 0.037716 0.165132 0.052418 0.206510 0.048109 0.207741 0.062810 0.245192 0.022703 0.256555 0.027048 0.270593 0.022369 0.288641 -0.000000 0.308694
0 -0.000000 0.629704 -0.000000 0.606939 0.027614 0.587856 0.039925 0.605297 0.040335 0.611248 0.044439 0.619045 0.006539 0.642633 -0.000000 0.629704
0 0.627543 0.693552 0.628299 0.706275 0.611671 0.706149 0.612175 0.693175 0.627543 0.693552
0 0.658159 0.718125 0.659284 0.729700 0.647548 0.730504 0.647870 0.718125 0.658159 0.718125
0 0.632641 0.859045 0.633927 0.838949 0.654184 0.840878 0.652254 0.860974 0.632641 0.859045
0 0.854140 0.999007 0.836206 0.986089 0.857588 0.958276 0.877202 0.973388 0.860161 0.996538 0.856335 0.999007 0.854140 0.999007
0 0.923634 0.961759 0.918595 0.980906 0.910029 0.978134 0.916076 0.959366 0.923634 0.961759
0 0.890920 0.999006 0.875251 0.995008 0.875629 0.985812 0.880038 0.978884 0.897295 0.984930 0.893686 0.999006 0.890920 0.999006
0 0.610024 0.851978 0.627691 0.864118 0.625421 0.867671 0.636278 0.874777 0.626704 0.891161 0.597884 0.871027 0.610024 0.851978
0 0.652145 0.742015 0.660183 0.751822 0.654717 0.760181 0.644910 0.752786 0.652145 0.742015
0 0.771571 0.755421 0.772808 0.742970 0.781933 0.744130 0.780464 0.756426 0.771571 0.755421
3 0.907535 0.683617 0.910352 0.674503 0.916701 0.668833 0.923963 0.669459 0.924054 0.675830 0.917491 0.684195 0.907535 0.683617
4 0.006533 0.000004 0.005904 0.014894 -0.000000 0.014894 -0.000000 0.000004 0.006533 0.000004
4 0.049569 0.000005 0.050451 0.012838 0.039870 0.013342 0.039240 0.000004 0.049569 0.000005
4 0.223672 0.000008 0.221995 0.012097 0.203243 0.011702 0.203342 0.000008 0.223672 0.000008
0 0.302855 0.034274 0.297920 0.023220 0.306408 0.019667 0.310948 0.031017 0.302855 0.034274
3 0.438560 0.074922 0.438811 0.069128 0.451786 0.070891 0.451408 0.076308 0.438560 0.074922
0 0.750753 0.050899 0.697217 0.048648 0.697539 0.038681 0.691269 0.038359 0.691269 0.026301 0.699468 0.026623 0.699468 0.023247 0.749949 0.026301 0.750753 0.050899
0 0.843468 0.057964 0.805687 0.058285 0.805848 0.027578 0.811154 0.027578 0.810993 0.016164 0.814530 0.016003 0.814690 0.007482 0.846040 0.006679 0.843468 0.057964
0 0.910846 0.056090 0.910091 0.042612 0.921680 0.041856 0.921554 0.055838 0.910846 0.056090
4 0.998818 0.011078 0.992345 0.010494 0.992246 0.003289 0.998818 0.002954 0.998818 0.011078
3 0.761620 0.068687 0.761196 0.061113 0.776768 0.060628 0.776828 0.068868 0.761620 0.068687
