0 0.232644 0.446848 0.278087 0.459557 0.276110 0.465473 0.278817 0.468510 0.277886 0.472925 0.280646 0.476108 0.273020 0.493112 0.262959 0.487148 0.261936 0.490558 0.201344 0.474484 0.206946 0.455245 0.228864 0.460116 0.232644 0.446848
0 0.916184 0.593923 0.925339 0.590855 0.927168 0.596755 0.918130 0.599778 0.916184 0.593923
0 0.958970 0.550613 0.964807 0.549075 0.968665 0.563679 0.962532 0.565112 0.958970 0.550613
3 0.762750 0.504119 0.768855 0.501605 0.777295 0.517406 0.770831 0.518663 0.762750 0.504119
0 0.314655 0.950160 0.347531 0.915991 0.373372 0.931604 0.354974 0.977131 0.314655 0.950160
0 0.375025 0.933559 0.401591 0.944913 0.385497 0.978355 0.360695 0.966850 0.375025 0.933559
0 0.429241 0.952118 0.453532 0.961514 0.437262 0.996806 0.411595 0.984431 0.429241 0.952118
0 0.443472 0.999009 0.442838 0.998740 0.457275 0.963219 0.479734 0.972385 0.479963 0.974906 0.482713 0.976969 0.474868 0.999009 0.443472 0.999009
0 0.422520 0.883839 0.543465 0.936354 0.525174 0.980402 0.521814 0.978909 0.403856 0.930755 0.422520 0.883839
3 0.742200 0.974655 0.753214 0.972140 0.755098 0.977804 0.765560 0.976880 0.766374 0.981045 0.771844 0.980738 0.773938 0.987132 0.753325 0.990439 0.752773 0.988455 0.742852 0.989337 0.742200 0.974655
3 0.771518 0.975150 0.771172 0.970486 0.799451 0.967287 0.802007 0.985428 0.774886 0.988538 0.771518 0.975150
0 0.603619 0.999009 0.602043 0.975923 0.623693 0.975923 0.624264 0.999008 0.603619 0.999009
3 0.124191 0.228614 0.138963 0.223653 0.142380 0.231921 0.127388 0.237212 0.124191 0.228614
0 0.609189 0.705404 0.653324 0.767665 0.662950 0.762165 0.666158 0.765832 0.665241 0.768582 0.672804 0.777290 0.673262 0.780269 0.680824 0.788978 0.679220 0.790123 0.698012 0.814186 0.697783 0.813957 0.684491 0.822894 0.648512 0.775915 0.631325 0.751394 0.602186 0.703788 0.612062 0.699119 0.614396 0.702172 0.609189 0.705404
0 0.560562 0.688681 0.569711 0.699484 0.551413 0.717562 0.540720 0.706098 0.560562 0.688681
0 0.577961 0.699109 0.585998 0.706856 0.533995 0.757092 0.523649 0.747740 0.577961 0.699109
0 0.612784 0.661540 0.619430 0.667269 0.608200 0.679415 0.601096 0.673685 0.612784 0.661540
3 0.692463 0.629144 0.698290 0.634757 0.688647 0.644099 0.692388 0.647677 0.673071 0.665774 0.667503 0.661014 0.677240 0.650581 0.674334 0.647840 0.692463 0.629144
0 0.854403 0.595556 0.832150 0.642128 0.804696 0.628715 0.807177 0.622721 0.829996 0.632432 0.847939 0.592827 0.854403 0.595556
0 0.836118 0.550499 0.830391 0.563350 0.831971 0.564738 0.808112 0.621742 0.801815 0.621881 0.801805 0.616451 0.803421 0.615912 0.804139 0.610705 0.807910 0.600111 0.807730 0.598136 0.808089 0.592390 0.822993 0.560608 0.824657 0.560866 0.830385 0.547992 0.836118 0.550499
0 0.359833 0.973404 0.419781 0.999009 0.394664 0.999009 0.355003 0.980381 0.359833 0.973404
1 0.119819 0.156911 0.129081 0.153021 0.130933 0.158578 0.121671 0.162653 0.119819 0.156911
1 0.131406 0.159431 0.133431 0.162573 0.126449 0.167530 0.124215 0.163551 0.131406 0.159431
0 0.141932 0.340461 0.161091 0.332981 0.163716 0.339018 0.144425 0.347022 0.141932 0.340461
