2 0.846758 0.815053 0.847955 0.816934 0.847955 0.818474 0.847870 0.820442 0.847356 0.821211 0.847014 0.821810 0.846672 0.822238 0.845304 0.823179 0.842737 0.823264 0.840599 0.822580 0.839230 0.820698 0.838546 0.818303 0.837862 0.815395 0.839145 0.814197 0.840856 0.813000 0.842310 0.813171 0.845132 0.814796 0.846758 0.815053
2 0.791243 0.819501 0.807325 0.819928 0.806897 0.827798 0.790901 0.827370 0.791243 0.819501
3 -0.000000 0.701564 0.051243 0.685633 0.056746 0.705620 -0.000000 0.724448 -0.000000 0.701564
3 0.132927 0.683895 0.120454 0.684185 0.120762 0.672888 0.133217 0.673178 0.132927 0.683895
3 -0.000000 0.571843 0.005218 0.581021 -0.000000 0.583292 -0.000000 0.571843
3 -0.000000 0.598748 0.010481 0.591864 0.020405 0.606760 -0.000000 0.618517 -0.000000 0.598748
3 0.082505 0.676501 0.085024 0.683585 0.072431 0.687363 0.070090 0.679503 0.082505 0.676501
3 0.199434 0.479685 0.255628 0.466070 0.259104 0.483160 0.202330 0.497933 0.198565 0.480553 0.199434 0.479685
3 0.154536 0.446084 0.170468 0.437684 0.182054 0.463174 0.187847 0.466650 0.191903 0.473891 0.199144 0.495037 0.194799 0.498223 0.197117 0.502568 0.177420 0.512416 0.164095 0.506044 0.146136 0.455932 0.156274 0.451008 0.154536 0.446084
2 0.137265 0.351790 0.149650 0.344957 0.153067 0.351149 0.141322 0.357982 0.137265 0.351790
3 0.134532 0.293107 0.136389 0.293455 0.137085 0.295080 0.137317 0.295892 0.137317 0.297168 0.136969 0.297981 0.135228 0.298677 0.134068 0.298213 0.132908 0.297052 0.132327 0.295776 0.132444 0.294848 0.134532 0.293107
3 0.788441 0.472288 0.784966 0.465336 0.791048 0.457805 0.795683 0.463019 0.788441 0.472288
3 0.692274 0.377858 0.714578 0.404507 0.701543 0.414355 0.692853 0.404217 0.695750 0.398134 0.682136 0.384231 0.692274 0.377858
3 0.682136 0.384231 0.695750 0.398134 0.692853 0.404217 0.691405 0.406824 0.676922 0.390024 0.682136 0.384231
3 0.692274 0.377858 0.700384 0.375541 0.718923 0.398714 0.714578 0.404507 0.692274 0.377858
3 0.625025 0.340757 0.639972 0.351433 0.631217 0.360829 0.617124 0.350579 0.625025 0.340757
