3 0.729929 0.821212 0.745922 0.813720 0.753245 0.826683 0.749289 0.828534 0.751561 0.833248 0.739777 0.839056 0.729929 0.821212
2 0.790705 0.950876 0.797784 0.918221 0.817423 0.921303 0.811714 0.953502 0.790705 0.950876
0 0.669788 0.952425 0.672332 0.952115 0.671836 0.947958 0.682012 0.947027 0.683253 0.957823 0.670595 0.959126 0.669788 0.952425
1 -0.000000 0.866212 0.006990 0.872733 0.002445 0.878036 -0.000000 0.876330 -0.000000 0.866212
3 0.912606 0.875650 0.920027 0.877135 0.917515 0.890494 0.909409 0.888781 0.912606 0.875650
0 0.913121 0.849011 0.913930 0.849450 0.914571 0.849821 0.915549 0.850495 0.916257 0.851169 0.916661 0.852383 0.916830 0.853563 0.916257 0.855081 0.915852 0.855991 0.914942 0.856834 0.913795 0.856901 0.912312 0.856834 0.910693 0.856261 0.909614 0.855519 0.908940 0.854137 0.908940 0.852788 0.909075 0.851709 0.909614 0.850495 0.910626 0.849686 0.911435 0.849281 0.913121 0.849011
3 0.902983 0.818090 0.910863 0.824915 0.906520 0.829817 0.898826 0.823302 0.902983 0.818090
0 0.529549 0.851187 0.553875 0.845380 0.556231 0.853376 0.532074 0.859941 0.529549 0.851187
0 0.601947 0.849637 0.615077 0.855445 0.611458 0.863526 0.598580 0.857465 0.601947 0.849637
3 0.405165 0.884339 0.423903 0.885580 0.423717 0.893211 0.404854 0.892219 0.405165 0.884339
1 0.420428 0.893569 0.420202 0.899492 0.406314 0.899239 0.406651 0.893347 0.420428 0.893569
3 0.506455 0.003473 0.506569 0.018431 0.470259 0.018088 0.470259 0.004272 0.506455 0.003473
0 0.788362 0.568556 0.799419 0.568679 0.799250 0.578120 0.788225 0.577918 0.788362 0.568556
3 0.216721 0.895959 0.222133 0.895305 0.222685 0.900551 0.230415 0.899584 0.231167 0.906530 0.218130 0.907587 0.216721 0.895959
3 0.325696 0.000008 0.318917 0.012048 0.303440 0.000008 0.325696 0.000008
0 0.606246 0.889103 0.615979 0.886967 0.618116 0.896225 0.609570 0.899074 0.606246 0.889103
0 0.597937 0.901685 0.596750 0.893851 0.606721 0.893851 0.607671 0.901448 0.597937 0.901685
