0 0.993647 0.589286 0.969293 0.634328 0.931583 0.611545 0.941796 0.594000 0.951485 0.598451 0.958818 0.589286 0.934202 0.571478 0.947557 0.553409 0.993647 0.589286
0 0.998848 0.456855 0.991217 0.456677 0.990626 0.430003 0.998848 0.429949 0.998848 0.456855
0 0.960669 0.419538 0.982418 0.419743 0.982418 0.440467 0.916554 0.441698 0.917785 0.408458 0.920452 0.408458 0.921889 0.391633 0.960804 0.390664 0.960669 0.419538
0 0.899332 0.382032 0.918479 0.382536 0.918353 0.395006 0.898576 0.394503 0.899332 0.382032
0 0.869884 0.265915 0.884696 0.268182 0.885504 0.264277 0.896337 0.266166 0.895530 0.270428 0.915736 0.274228 0.915342 0.275781 0.927317 0.278934 0.919247 0.319958 0.902210 0.316606 0.905083 0.302448 0.863430 0.294446 0.869884 0.265915
0 0.936141 0.298077 0.940160 0.280875 0.963442 0.285376 0.959613 0.303382 0.936141 0.298077
0 0.732673 0.250614 0.740146 0.234325 0.746044 0.237058 0.754376 0.221032 0.759682 0.223283 0.766595 0.210582 0.830098 0.238556 0.820625 0.258376 0.804028 0.250400 0.800838 0.257527 0.789052 0.252553 0.787790 0.254727 0.802768 0.262350 0.791617 0.283798 0.749552 0.263851 0.750848 0.260433 0.732673 0.250614
0 0.747441 0.304477 0.756365 0.287299 0.789473 0.303060 0.776062 0.330183 0.789024 0.336711 0.781136 0.352621 0.731492 0.329035 0.737536 0.317088 0.736259 0.316410 0.743276 0.302703 0.747441 0.304477
0 0.818860 0.161072 0.823486 0.156329 0.820783 0.153328 0.829899 0.144516 0.819939 0.132364 0.837339 0.115855 0.840047 0.118622 0.866129 0.092798 0.872068 0.098795 0.875157 0.095260 0.896538 0.117514 0.853859 0.153785 0.856075 0.155790 0.833299 0.176513 0.818860 0.161072
0 0.870690 0.164882 0.874952 0.145530 0.903678 0.151070 0.899369 0.169742 0.870690 0.164882
0 0.514862 0.045117 0.524991 0.035149 0.536887 0.036757 0.541710 0.036275 0.541389 0.038525 0.558913 0.038847 0.573543 0.055888 0.567594 0.061997 0.567594 0.068750 0.582900 0.084007 0.584337 0.083392 0.611832 0.114990 0.589939 0.131585 0.575576 0.114349 0.539669 0.110245 0.538027 0.097524 0.534334 0.094446 0.536386 0.076800 0.522843 0.074338 0.519355 0.068182 0.517919 0.058128 0.514862 0.045117
0 0.520740 0.000009 0.486922 0.020767 0.477550 0.000009 0.520740 0.000009
0 0.511848 0.222377 0.516383 0.252861 0.486655 0.257728 0.488189 0.268138 0.458884 0.272059 0.454575 0.236972 0.466271 0.234920 0.465450 0.229175 0.511848 0.222377
0 0.919853 0.382793 0.926155 0.382914 0.926397 0.389579 0.919611 0.389398 0.919853 0.382793
0 0.762175 0.107425 0.770663 0.115361 0.774521 0.110621 0.781796 0.116794 0.772537 0.129581 0.755120 0.114480 0.762175 0.107425
0 0.770724 0.013342 0.779433 0.005846 0.783732 0.011468 0.775244 0.018963 0.770724 0.013342
