0 0.188173 0.266445 0.206484 0.266969 0.206222 0.298359 0.192096 0.315100 0.192620 0.319285 0.176401 0.328702 0.166984 0.308299 0.180349 0.297835 0.183418 0.299951 0.188766 0.294482 0.188173 0.266445
0 0.153409 0.306643 0.162939 0.329994 0.112188 0.350246 0.099560 0.355250 0.063819 0.336903 0.062455 0.330092 0.063695 0.325255 0.068532 0.323270 0.071756 0.323022 0.078830 0.310932 0.088599 0.315459 0.086217 0.319510 0.100989 0.324037 0.121480 0.317842 0.119813 0.313791 0.130535 0.309026 0.134347 0.315459 0.153409 0.306643
3 0.094354 0.858916 0.104449 0.883566 0.061119 0.901381 0.019847 0.916524 0.012722 0.892770 0.046867 0.881191 0.046203 0.877211 0.094354 0.858916
3 0.707857 0.835623 0.713892 0.846411 0.718217 0.855541 0.726385 0.854340 0.731431 0.861547 0.730710 0.869956 0.721580 0.872359 0.713400 0.873690 0.698987 0.875908 0.704161 0.904365 0.680138 0.906953 0.675703 0.889582 0.663876 0.890321 0.662398 0.875538 0.667915 0.874799 0.665690 0.852980 0.684573 0.851515 0.684203 0.845232 0.689008 0.837841 0.707857 0.835623
0 0.973799 0.915840 0.983086 0.921728 0.979766 0.926934 0.970996 0.921270 0.970299 0.919729 0.971895 0.914922 0.973799 0.915840
0 0.991042 0.909254 0.983350 0.921318 0.975156 0.916123 0.982285 0.902685 0.991042 0.909254
0 0.971753 0.922265 0.967993 0.927999 0.949462 0.915479 0.953866 0.910536 0.971753 0.922265
0 0.574267 0.032524 0.623203 0.057445 0.598282 0.106382 0.549346 0.081460 0.574267 0.032524
1 0.771768 0.049658 0.753331 0.050343 0.753689 0.086057 0.740107 0.085992 0.736482 0.053821 0.731044 0.053367 0.731044 0.082820 0.702498 0.085539 0.702743 0.051711 0.692617 0.052026 0.689811 0.049743 0.690264 0.031165 0.717217 0.030723 0.717879 0.034014 0.724662 0.034014 0.725536 0.036526 0.737336 0.036188 0.737988 0.033905 0.745087 0.033905 0.745830 0.030244 0.772731 0.029806 0.771768 0.049658
0 0.599974 0.284508 0.615745 0.289239 0.610383 0.307848 0.594612 0.304063 0.599974 0.284508
0 0.541133 0.189827 0.551930 0.192864 0.548894 0.206192 0.536578 0.202817 0.537084 0.194888 0.541133 0.189827
0 0.537927 0.206698 0.549400 0.208385 0.549231 0.219689 0.537421 0.219351 0.537927 0.206698
0 0.536578 0.223906 0.545857 0.220870 0.553111 0.232848 0.543664 0.237741 0.536578 0.223906
0 0.602482 0.317553 0.584221 0.359465 0.560723 0.346611 0.569391 0.326972 0.573819 0.329662 0.582613 0.306442 0.602482 0.317553
0 0.566258 0.289413 0.565544 0.295906 0.582613 0.306442 0.573819 0.329662 0.569391 0.326972 0.560723 0.346611 0.523448 0.326235 0.533627 0.302884 0.539315 0.305878 0.549793 0.280731 0.566258 0.289413
0 0.523408 0.331249 0.542847 0.340029 0.527340 0.372937 0.508480 0.365153 0.523408 0.331249
0 0.565655 0.352528 0.583432 0.362985 0.568270 0.392524 0.549186 0.382068 0.565655 0.352528
0 0.349917 0.458264 0.407803 0.459135 0.409544 0.497000 0.350135 0.496347 0.349917 0.458264
3 0.998858 0.226639 0.979968 0.225517 0.979622 0.209168 0.967288 0.207814 0.964257 0.207039 0.962028 0.219633 0.954391 0.220779 0.947716 0.216601 0.946537 0.205983 0.939899 0.205221 0.936935 0.199866 0.929795 0.197554 0.929430 0.186952 0.931623 0.179641 0.937289 0.177264 0.940090 0.170301 0.951865 0.172473 0.954546 0.169409 0.959047 0.169601 0.961728 0.169505 0.965080 0.171707 0.966804 0.175633 0.998858 0.176407 0.998858 0.226639
4 0.755174 0.054869 0.757406 0.053133 0.759886 0.054125 0.761003 0.056357 0.760755 0.061566 0.757034 0.062062 0.754802 0.060822 0.755174 0.054869
4 0.762615 0.054745 0.766832 0.053257 0.769932 0.054621 0.769932 0.059954 0.769188 0.062806 0.764599 0.062806 0.762491 0.060698 0.762615 0.054745
0 0.737569 0.073234 0.740173 0.076707 0.739801 0.079807 0.738685 0.082288 0.733972 0.082288 0.732732 0.079683 0.732236 0.077203 0.733104 0.073482 0.737569 0.073234
0 0.677388 0.087940 0.684461 0.096677 0.679261 0.101253 0.671772 0.094389 0.677388 0.087940
3 0.556532 0.127754 0.562753 0.127453 0.562953 0.129911 0.564157 0.130012 0.564007 0.132068 0.561649 0.132269 0.561549 0.132821 0.557184 0.132871 0.556532 0.127754
0 0.372599 0.441101 0.382584 0.435692 0.385496 0.444013 0.376760 0.449213 0.372599 0.441101
1 0.609203 0.543307 0.619620 0.542439 0.620364 0.549880 0.610195 0.550624 0.609203 0.543307
0 0.607891 0.460680 0.611560 0.465196 0.610008 0.469148 0.605350 0.469995 0.601681 0.465902 0.601963 0.463502 0.603233 0.460256 0.607891 0.460680
1 0.095476 0.889713 0.105055 0.886810 0.107087 0.894938 0.097798 0.898131 0.095476 0.889713
1 0.596577 0.541936 0.599483 0.541514 0.600017 0.539732 0.608639 0.539028 0.608872 0.545540 0.599661 0.545613 0.599126 0.544454 0.596756 0.544292 0.596577 0.541936
0 0.181863 0.871701 0.185646 0.870756 0.189665 0.875011 0.189665 0.880685 0.185646 0.881395 0.182572 0.880685 0.180681 0.875484 0.181863 0.871701
0 0.199591 0.251308 0.201721 0.249533 0.204916 0.249533 0.208110 0.251308 0.208820 0.253438 0.208110 0.256988 0.204206 0.256633 0.200301 0.254503 0.199591 0.251308
