0 0.180884 0.727033 0.187034 0.730705 0.179599 0.741995 0.174184 0.737038 0.180884 0.727033
0 0.290342 0.578274 0.306156 0.578625 0.305922 0.587528 0.289990 0.587060 0.290342 0.578274
0 0.998841 0.041979 0.980059 0.030938 0.989336 0.013102 0.993652 0.015116 0.993364 0.016483 0.998841 0.019155 0.998841 0.041979
0 0.628622 0.113130 0.631462 0.121204 0.624435 0.122250 0.623987 0.113579 0.628622 0.113130
0 0.937564 0.227072 0.938427 0.229301 0.938283 0.230883 0.937564 0.232609 0.936269 0.233113 0.934040 0.233113 0.933536 0.232897 0.932170 0.231602 0.931594 0.229876 0.931235 0.228366 0.931235 0.227072 0.933105 0.225633 0.934759 0.225921 0.936844 0.226352 0.937564 0.227072
0 0.879178 0.236440 0.895110 0.266546 0.894290 0.267132 0.896633 0.272052 0.888433 0.275683 0.886324 0.272052 0.881872 0.274278 0.865823 0.243937 0.879178 0.236440
0 0.750408 0.292784 0.762240 0.304030 0.748768 0.317619 0.738576 0.304850 0.750408 0.292784
0 0.732953 0.309067 0.745253 0.322656 0.726510 0.339760 0.714327 0.326874 0.732953 0.309067
0 0.699734 0.332962 0.703314 0.336725 0.697256 0.342875 0.693585 0.339020 0.699734 0.332962
0 0.684372 0.333681 0.665683 0.313049 0.670467 0.308713 0.674653 0.313497 0.681082 0.308264 0.688707 0.316637 0.682428 0.322169 0.688109 0.329046 0.684372 0.333681
0 0.329745 0.538762 0.322248 0.536888 0.324357 0.528688 0.331503 0.530210 0.329745 0.538762
0 0.310065 0.506547 0.309596 0.512521 0.303856 0.512053 0.303739 0.506078 0.310065 0.506547
0 0.302795 0.506623 0.302739 0.511300 0.295301 0.511131 0.295639 0.506341 0.302795 0.506623
0 0.270673 0.506313 0.272759 0.507536 0.273190 0.508687 0.273262 0.510269 0.273262 0.512570 0.272831 0.513793 0.271608 0.515231 0.269163 0.516382 0.267221 0.516741 0.264417 0.515015 0.263841 0.513505 0.263338 0.511707 0.263266 0.510269 0.263554 0.509190 0.264057 0.508039 0.264920 0.506817 0.266143 0.505738 0.268012 0.505378 0.269091 0.505378 0.270458 0.505954 0.270673 0.506313
0 0.286015 0.505386 0.285924 0.512821 0.275460 0.512637 0.275919 0.505203 0.286015 0.505386
3 0.176336 0.464279 0.184689 0.464554 0.184872 0.469969 0.176428 0.469969 0.176336 0.464279
0 0.005664 0.540879 0.000014 0.550468 -0.000000 0.540739 0.001562 0.538076 0.005664 0.540879
0 0.012520 0.529238 0.005908 0.540449 0.001816 0.537656 0.008311 0.526602 0.012520 0.529238
0 0.021191 0.514521 0.012764 0.528818 0.008564 0.526182 0.016807 0.512148 0.021191 0.514521
0 0.028835 0.501546 0.021436 0.514102 0.017051 0.511729 0.025255 0.497783 0.028835 0.501546
3 0.034779 0.504162 0.026794 0.498287 0.030098 0.492413 0.038818 0.497645 0.034779 0.504162
3 0.030098 0.492413 0.035238 0.485529 0.043040 0.491128 0.038818 0.497645 0.030098 0.492413
3 0.260344 0.504313 0.259289 0.517668 0.220983 0.508647 0.224731 0.489787 0.233049 0.491193 0.232931 0.492950 0.240546 0.494121 0.240195 0.498573 0.248278 0.500096 0.248160 0.501384 0.260344 0.504313
0 0.845969 0.267038 0.880768 0.316273 0.872106 0.321896 0.868459 0.316729 0.863748 0.319617 0.832140 0.275548 0.845969 0.267038
0 0.836800 0.292332 0.863232 0.328171 0.852635 0.335077 0.835609 0.311740 0.831918 0.314121 0.822274 0.300786 0.836800 0.292332
0 0.824536 0.307810 0.847635 0.340316 0.836681 0.348055 0.818702 0.323051 0.821202 0.310787 0.824536 0.307810
4 0.292108 0.000008 0.289487 0.004488 0.280993 0.000008 0.292108 0.000008
