0 0.075580 0.223632 0.088583 0.169628 0.112481 0.174314 0.107092 0.202780 0.112833 0.204420 0.106975 0.228904 0.101001 0.228084 0.099829 0.235230 0.086123 0.233472 0.086943 0.228201 0.075580 0.223632
2 0.056163 0.283939 0.067994 0.232160 0.093415 0.238369 0.092574 0.243609 0.095502 0.244781 0.092456 0.256964 0.099837 0.259073 0.097142 0.276176 0.094214 0.275824 0.092742 0.284648 0.105159 0.288514 0.102347 0.307843 0.075287 0.303625 0.076458 0.290505 0.066735 0.289099 0.067321 0.284531 0.056163 0.283939
0 -0.000000 0.443691 0.009130 0.436891 0.025559 0.462051 0.013045 0.472120 0.007795 0.465359 -0.000000 0.470106 -0.000000 0.443691
0 0.591836 0.733242 0.600464 0.707633 0.596922 0.706146 0.605912 0.678314 0.631400 0.685960 0.633694 0.681463 0.646177 0.686419 0.647279 0.684400 0.660834 0.690665 0.659274 0.695070 0.668995 0.700569 0.661381 0.722709 0.666535 0.723998 0.669113 0.716032 0.682819 0.721538 0.670284 0.756564 0.629049 0.744615 0.625886 0.752113 0.606791 0.745904 0.609368 0.737352 0.591836 0.733242
0 0.680255 0.774881 0.707424 0.776533 0.708067 0.764876 0.733032 0.766344 0.730683 0.791230 0.736306 0.792285 0.735954 0.807514 0.727403 0.806811 0.726231 0.817120 0.704442 0.815128 0.704911 0.807396 0.694602 0.807045 0.694133 0.814425 0.673867 0.813957 0.674687 0.795213 0.679373 0.794862 0.680255 0.774881
0 0.925741 0.853729 0.926841 0.798040 0.919131 0.785006 0.931155 0.777021 0.952328 0.798797 0.952413 0.803018 0.948104 0.802854 0.947952 0.815296 0.954838 0.815536 0.952910 0.854371 0.925741 0.853729
3 0.841166 0.987744 0.842366 0.964166 0.848910 0.964166 0.849486 0.952299 0.880593 0.953762 0.880581 0.974672 0.893454 0.975248 0.893335 0.997119 0.863871 0.997669 0.863779 0.988032 0.841166 0.987744
3 0.966391 0.973948 0.969646 0.967861 0.979086 0.972972 0.976417 0.978766 0.966391 0.973948
3 0.029228 0.908883 0.031402 0.901035 0.039515 0.903209 0.037871 0.911269 0.029228 0.908883
3 0.046497 0.919758 0.049136 0.907441 0.053873 0.908253 0.055783 0.899831 0.073649 0.903079 0.071659 0.916985 0.074999 0.919636 0.074098 0.925575 0.069856 0.924938 0.066942 0.942783 0.048203 0.938925 0.051399 0.921288 0.046497 0.919758
0 0.177304 0.040184 0.178899 0.037905 0.179647 0.037059 0.181405 0.036571 0.183586 0.036766 0.184888 0.037775 0.185669 0.038719 0.186711 0.041388 0.186451 0.044188 0.184856 0.045881 0.182610 0.046466 0.179257 0.046239 0.177759 0.045490 0.176685 0.042104 0.176750 0.041486 0.177304 0.040184
0 0.663854 0.406109 0.674074 0.409432 0.673409 0.411136 0.688075 0.416287 0.685084 0.425968 0.660115 0.417077 0.663854 0.406109
0 0.581078 0.328489 0.588574 0.313828 0.597613 0.301372 0.624510 0.315813 0.632116 0.303246 0.633990 0.304128 0.646887 0.285829 0.665296 0.297624 0.627156 0.355276 0.581078 0.328489
0 0.771191 0.264504 0.781213 0.255066 0.787363 0.261269 0.778455 0.271397 0.771191 0.264504
0 0.791976 0.283678 0.802986 0.274081 0.811336 0.282514 0.800154 0.293405 0.791976 0.283678
0 0.151689 0.956543 0.152394 0.955944 0.153311 0.955466 0.154676 0.955170 0.156025 0.955105 0.157897 0.955414 0.159026 0.955979 0.160225 0.957037 0.160860 0.958377 0.161142 0.959400 0.161213 0.960600 0.160754 0.962328 0.160155 0.963386 0.158602 0.964550 0.156803 0.965185 0.155040 0.965185 0.153452 0.964656 0.152077 0.963810 0.151265 0.962787 0.150842 0.961376 0.150560 0.960141 0.150525 0.958624 0.150823 0.957536 0.151689 0.956543
