0 0.606003 0.050399 0.615236 0.061685 0.574404 0.098002 0.564145 0.085691 0.581175 0.072149 0.578713 0.066404 0.588767 0.058607 0.591024 0.061685 0.606003 0.050399
0 0.562709 0.017159 0.578713 0.032343 0.563529 0.044654 0.565786 0.047732 0.549371 0.060453 0.537471 0.048142 0.531315 0.052246 0.525365 0.044244 0.534598 0.036652 0.537060 0.039730 0.562709 0.017159
0 0.122182 0.791980 0.155939 0.806351 0.147917 0.832421 0.115498 0.820389 0.122182 0.791980
0 0.135572 0.789093 0.176034 0.674829 0.185724 0.636333 0.210864 0.643404 0.218196 0.625597 0.242550 0.632929 0.216628 0.723634 0.197773 0.718135 0.178132 0.774438 0.172371 0.773128 0.165966 0.798664 0.135572 0.789093
0 0.107415 0.900611 0.106694 0.899325 0.107659 0.897878 0.109909 0.896431 0.112321 0.896431 0.113607 0.897395 0.114250 0.898521 0.114250 0.899646 0.114250 0.901093 0.113607 0.903183 0.112964 0.903987 0.111999 0.903987 0.111035 0.903987 0.109427 0.903344 0.108462 0.902379 0.107980 0.901897 0.107415 0.900611
0 0.115725 0.900876 0.116103 0.897853 0.116733 0.896593 0.118119 0.895585 0.120890 0.895208 0.123661 0.896719 0.124417 0.898735 0.124417 0.902136 0.123535 0.904529 0.121772 0.905285 0.119378 0.905411 0.117237 0.904781 0.116481 0.903647 0.116355 0.903395 0.115725 0.900876
0 0.192505 0.838865 0.197040 0.837857 0.202457 0.837228 0.205102 0.849194 0.194899 0.851336 0.192505 0.838865
0 0.197796 0.854233 0.206236 0.851966 0.211148 0.866704 0.202205 0.869475 0.197796 0.854233
0 0.683045 0.828418 0.677095 0.831496 0.672991 0.822878 0.689816 0.815286 0.694535 0.826571 0.721209 0.815491 0.727570 0.830675 0.705821 0.841550 0.708488 0.848526 0.694741 0.853656 0.683045 0.828418
0 0.740355 0.799163 0.742496 0.811004 0.735316 0.812515 0.733301 0.801430 0.740355 0.799163
3 0.927291 0.964095 0.933447 0.952400 0.943295 0.959992 0.942885 0.961633 0.961147 0.968404 0.955812 0.981536 0.929548 0.971892 0.930369 0.969225 0.927291 0.964095
3 0.938166 0.951374 0.940628 0.938857 0.982486 0.952605 0.982691 0.958760 0.992540 0.957529 0.992540 0.974355 0.974894 0.973944 0.974689 0.964095 0.938166 0.951374
3 0.998821 0.887985 0.976499 0.880760 0.969133 0.903257 0.958251 0.899022 0.960341 0.894681 0.958573 0.893234 0.966451 0.870566 0.978830 0.873620 0.980277 0.869923 0.998821 0.876120 0.998821 0.887985
3 0.914233 0.921056 0.918674 0.917108 0.925780 0.924510 0.921536 0.928162 0.914233 0.921056
3 0.763176 0.859766 0.780239 0.859766 0.780665 0.866591 0.786637 0.866591 0.785784 0.875549 0.761470 0.878108 0.760190 0.867018 0.763176 0.865738 0.763176 0.859766
0 0.116964 0.865687 0.139999 0.866114 0.139572 0.882324 0.115685 0.881044 0.116964 0.865687
