0 0.323859 0.092201 0.344387 0.093722 0.339825 0.110448 0.345908 0.110448 0.337544 0.155306 0.303331 0.145422 0.305612 0.113489 0.316256 0.111969 0.323859 0.092201
3 0.440184 0.172792 0.460712 0.190279 0.423458 0.235897 0.400649 0.218410 0.440184 0.172792
0 0.660670 0.288357 0.661072 0.294354 0.670213 0.293973 0.668308 0.319111 0.689258 0.323301 0.687734 0.333966 0.672498 0.333204 0.670213 0.338537 0.649264 0.338918 0.650026 0.331694 0.639382 0.329413 0.640142 0.302043 0.642423 0.288357 0.660670 0.288357
0 0.690271 0.342882 0.688091 0.351130 0.696840 0.350457 0.699531 0.355840 0.708280 0.355840 0.710299 0.376703 0.694148 0.381414 0.694148 0.386125 0.663863 0.386125 0.663190 0.365262 0.670593 0.359878 0.671266 0.341708 0.690271 0.342882
0 -0.000000 0.945096 0.016832 0.946150 0.039246 0.951976 0.037535 0.969755 0.031728 0.969755 0.031854 0.976708 -0.000000 0.975679 -0.000000 0.965835 -0.000000 0.955333 -0.000000 0.945096
0 0.080445 0.999004 0.070617 0.984116 0.074308 0.964606 0.088018 0.958278 0.090655 0.962497 0.136530 0.939822 0.142858 0.950896 0.138639 0.958278 0.142331 0.969352 0.131784 0.973043 0.133894 0.980425 0.121238 0.986753 0.123359 0.999005 0.080445 0.999004
0 0.565757 0.846489 0.568394 0.855454 0.570503 0.869164 0.575249 0.868636 0.579512 0.884199 0.576125 0.889121 0.572612 0.890256 0.573667 0.901329 0.532537 0.912403 0.528846 0.893420 0.547829 0.888147 0.544665 0.874964 0.525682 0.880764 0.520936 0.857035 0.565757 0.846489
0 0.709344 0.864435 0.724835 0.879495 0.722684 0.885950 0.732581 0.892835 0.717812 0.906934 0.708667 0.896691 0.708218 0.897815 0.708070 0.898703 0.707060 0.901877 0.705210 0.904581 0.700296 0.907038 0.695389 0.908779 0.705693 0.918496 0.704181 0.919944 0.691702 0.933283 0.660290 0.898859 0.700738 0.862714 0.709344 0.864435
0 0.798755 0.802962 0.800276 0.789277 0.805598 0.768749 0.795714 0.764948 0.807119 0.746700 0.818523 0.748221 0.836010 0.758865 0.834489 0.770270 0.855017 0.781674 0.842092 0.817408 0.798755 0.802962
0 0.614666 0.625867 0.624168 0.640912 0.647923 0.674169 0.633670 0.683671 0.622584 0.669418 0.610706 0.674961 0.617833 0.685255 0.605164 0.690798 0.586951 0.640912 0.614666 0.625867
0 0.240915 0.685255 0.281299 0.697133 0.271797 0.738309 0.230621 0.724847 0.240915 0.685255
0 0.273381 0.665459 0.289217 0.671002 0.281299 0.697133 0.265462 0.691590 0.273381 0.665459
0 0.643760 0.507975 0.638084 0.502868 0.639544 0.496543 0.641571 0.488671 0.629161 0.489401 0.625511 0.477721 0.629891 0.468961 0.641571 0.465311 0.640111 0.435381 0.674421 0.439031 0.673691 0.508381 0.643760 0.507975
0 0.420243 0.552498 0.420243 0.563902 0.449134 0.564663 0.448373 0.594314 0.420243 0.588992 0.415681 0.629288 0.386790 0.625486 0.401995 0.550217 0.420243 0.552498
3 0.674855 0.214002 0.681163 0.209095 0.702892 0.218207 0.711303 0.226618 0.726022 0.234328 0.722517 0.255356 0.710602 0.263066 0.695938 0.259107 0.696504 0.252272 0.677659 0.246244 0.665743 0.233628 0.674855 0.214002
2 0.814122 0.226898 0.800699 0.237638 0.788857 0.221611 0.782799 0.227338 0.776976 0.220632 0.778917 0.218161 0.772741 0.210397 0.790450 0.198383 0.814122 0.226898
3 0.758419 0.101318 0.765990 0.110572 0.783777 0.097917 0.796751 0.112269 0.760940 0.138500 0.755054 0.131602 0.742941 0.139678 0.734192 0.131602 0.730827 0.122181 0.758419 0.101318
0 0.474511 0.000009 0.470028 0.009425 0.445830 0.000009 0.474511 0.000009
0 0.422129 0.000009 0.470905 0.015692 0.468402 0.023780 0.396800 0.000009 0.422129 0.000009
3 0.766058 0.459876 0.776352 0.469378 0.769225 0.479672 0.758139 0.469378 0.766058 0.459876
0 0.624289 0.000008 0.624877 0.014008 0.604484 0.015091 0.603688 0.000009 0.624289 0.000008
0 0.356279 0.736143 0.371439 0.761409 0.345163 0.778589 0.327982 0.756356 0.356279 0.736143
3 0.025903 0.630553 0.028112 0.651497 0.016953 0.652686 0.013524 0.634228 0.006734 0.634982 0.011104 0.653643 -0.000000 0.655475 -0.000000 0.634016 0.003766 0.630331 0.016574 0.626199 0.025903 0.630553
3 0.815244 0.214927 0.820281 0.220902 0.820867 0.222776 0.814658 0.227579 0.811495 0.223362 0.811495 0.221370 0.809738 0.219262 0.815244 0.214927
3 0.224104 0.090639 0.259849 0.097788 0.258605 0.108978 0.221307 0.104937 0.224104 0.090639
0 0.467719 0.342012 0.474557 0.344810 0.471759 0.352580 0.464300 0.348229 0.467719 0.342012
0 0.232785 0.237394 0.241562 0.240638 0.244997 0.239875 0.248241 0.244645 0.253584 0.248080 0.230304 0.294258 0.209887 0.286053 0.209505 0.282236 0.232785 0.237394
0 0.853133 0.767485 0.863090 0.770296 0.860162 0.781308 0.850439 0.779082 0.853133 0.767485
0 0.537960 0.835195 0.545723 0.833757 0.547161 0.838358 0.539254 0.840514 0.537960 0.835195
