0 0.659558 0.302618 0.679754 0.284771 0.690087 0.294790 0.702299 0.294634 0.717798 0.282266 0.730792 0.296826 0.707622 0.314673 0.705273 0.325946 0.701672 0.328294 0.699011 0.325163 0.685390 0.326885 0.677562 0.325789 0.658932 0.304654 0.659558 0.302618
0 0.449238 0.289801 0.474630 0.285017 0.476470 0.289924 0.497692 0.286121 0.499654 0.288452 0.514497 0.286367 0.516951 0.289065 0.527500 0.287593 0.533143 0.303049 0.494625 0.312495 0.500513 0.321082 0.515356 0.318383 0.519036 0.329178 0.501663 0.333702 0.498228 0.328059 0.494916 0.328918 0.490377 0.347196 0.483743 0.362127 0.474865 0.362160 0.469712 0.360074 0.451251 0.362263 0.449305 0.353864 0.443612 0.328162 0.446434 0.327426 0.443612 0.310866 0.439932 0.309884 0.438460 0.302401 0.441895 0.297740 0.450549 0.295496 0.449238 0.289801
0 0.998852 0.761293 0.995883 0.760462 0.991269 0.778819 0.953977 0.764498 0.960801 0.747102 0.932755 0.738086 0.953137 0.681738 0.979312 0.691929 0.980711 0.688332 0.998852 0.694346 0.998852 0.761293
0 0.335124 0.498635 0.348740 0.496427 0.348004 0.492870 0.360026 0.490417 0.361375 0.494465 0.364074 0.493361 0.390151 0.587537 0.367606 0.592078 0.361031 0.558261 0.356021 0.558730 0.358213 0.569220 0.341864 0.572759 0.333723 0.544892 0.326834 0.515458 0.337793 0.512953 0.335124 0.498635
3 0.033344 0.587904 0.060519 0.580511 0.073107 0.620873 0.042136 0.628466 0.033344 0.587904
0 0.020782 0.646686 0.022817 0.628682 0.065088 0.636197 0.058043 0.679564 0.029393 0.674867 0.032994 0.649348 0.020782 0.646686
0 -0.000000 0.534457 0.011976 0.529796 0.016024 0.537279 0.032094 0.531268 0.052334 0.570767 0.016392 0.584997 0.004248 0.556415 -0.000000 0.557642 -0.000000 0.534457
0 -0.000000 0.478109 0.012205 0.472943 0.027704 0.513492 0.025669 0.518815 -0.000000 0.529304 -0.000000 0.478109
0 -0.000000 0.405314 0.013357 0.405001 0.015079 0.453065 -0.000000 0.454318 -0.000000 0.405314
0 -0.000000 0.359812 0.006435 0.360485 0.002013 0.402871 -0.000000 0.402199 -0.000000 0.359812
0 -0.000000 0.299650 0.004575 0.299554 0.013898 0.335982 -0.000000 0.341364 -0.000000 0.299650
0 0.344713 0.756592 0.439901 0.761602 0.440684 0.781642 0.453366 0.782738 0.448825 0.832054 0.397474 0.826575 0.400761 0.794636 0.394029 0.794950 0.394029 0.780546 0.345339 0.777102 0.344713 0.756592
0 0.588684 0.710600 0.604158 0.707140 0.602813 0.700796 0.612136 0.698490 0.613866 0.704545 0.629148 0.700700 0.632992 0.718289 0.592817 0.727516 0.588684 0.710600
0 0.760060 0.561522 0.768156 0.549255 0.821640 0.582989 0.813298 0.596114 0.788642 0.582621 0.772327 0.603965 0.755644 0.591698 0.770364 0.571090 0.760060 0.561522
3 0.885707 0.876604 0.905488 0.853425 0.945251 0.886794 0.949447 0.883198 0.963634 0.887594 0.970428 0.899782 0.970228 0.903379 0.998852 0.928738 0.998852 0.959917 0.986813 0.957728 0.975823 0.950135 0.970428 0.953332 0.960237 0.951134 0.957040 0.956729 0.947449 0.952133 0.938058 0.942343 0.926269 0.945540 0.914280 0.938346 0.913081 0.924759 0.895697 0.910172 0.899294 0.903579 0.891102 0.895786 0.891901 0.883597 0.885707 0.876604
0 0.246510 0.870634 0.262702 0.860575 0.277054 0.881551 0.264787 0.888298 0.262947 0.892960 0.253134 0.892469 0.249945 0.877994 0.246510 0.870634
0 -0.000000 0.743018 0.020647 0.729892 0.033650 0.751114 0.012306 0.764240 -0.000000 0.743018
0 0.035416 0.770255 0.047814 0.763239 0.061463 0.787748 0.048391 0.794188 0.035416 0.770255
0 0.027492 0.756818 0.038585 0.750740 0.045961 0.763309 0.034809 0.769799 0.027492 0.756818
0 0.595108 0.728637 0.637306 0.717842 0.643562 0.725938 0.647119 0.740290 0.637639 0.743205 0.639160 0.746436 0.638210 0.750047 0.634028 0.751568 0.630037 0.750998 0.628326 0.747196 0.625407 0.748264 0.621481 0.740658 0.611827 0.743836 0.607989 0.744535 0.608356 0.738082 0.598910 0.740536 0.595108 0.728637
0 0.634027 0.322913 0.642737 0.314081 0.664449 0.343890 0.653899 0.352231 0.634027 0.322913
0 0.656447 0.772751 0.669073 0.762420 0.678543 0.779064 0.666490 0.786812 0.656447 0.772751
0 0.687281 0.405275 0.704594 0.392009 0.719209 0.409997 0.701446 0.423937 0.687281 0.405275
0 0.410787 0.869788 0.411181 0.866247 0.408820 0.864016 0.409213 0.858638 0.416822 0.855621 0.426529 0.859163 0.426791 0.863098 0.434269 0.866378 0.437023 0.865328 0.438073 0.865197 0.439385 0.865591 0.442402 0.866378 0.444501 0.867821 0.445419 0.868870 0.445813 0.870707 0.446075 0.872937 0.449354 0.873330 0.449223 0.871100 0.454208 0.871494 0.454602 0.869395 0.470212 0.870051 0.470868 0.888810 0.467326 0.889334 0.466408 0.894188 0.458931 0.894844 0.458668 0.898517 0.452372 0.898910 0.452240 0.906388 0.440434 0.906388 0.436499 0.902452 0.428234 0.905732 0.425348 0.908880 0.421675 0.903502 0.422462 0.898517 0.414067 0.892220 0.413542 0.886579 0.407770 0.881988 0.406590 0.873724 0.410787 0.869788
0 0.579671 0.585910 0.582621 0.578633 0.564527 0.561522 0.578884 0.544805 0.576131 0.541462 0.582424 0.532022 0.579474 0.528088 0.580457 0.524155 0.568264 0.514715 0.555873 0.494064 0.572984 0.486198 0.598354 0.513535 0.642015 0.551492 0.629035 0.565259 0.614678 0.554836 0.595601 0.577649 0.601304 0.581583 0.599338 0.583746 0.606221 0.589056 0.598748 0.596923 0.591667 0.590433 0.588717 0.593383 0.579671 0.585910
0 0.504016 0.625302 0.484275 0.600861 0.485685 0.592401 0.478635 0.581355 0.484980 0.576890 0.480750 0.570780 0.505896 0.548924 0.488975 0.516963 0.530572 0.502393 0.551017 0.548924 0.540677 0.553155 0.549372 0.562790 0.537152 0.569605 0.546787 0.581590 0.557127 0.576655 0.572873 0.602976 0.553837 0.615196 0.539737 0.592636 0.504016 0.625302
0 0.998852 0.238408 0.979630 0.224471 0.969728 0.216583 0.971071 0.209870 0.979462 0.199129 0.972078 0.192248 0.959155 0.203828 0.948749 0.195604 0.947406 0.190569 0.942875 0.183185 0.948246 0.177143 0.946232 0.174457 0.949085 0.171772 0.947574 0.169758 0.952274 0.164723 0.956302 0.167073 0.958316 0.164555 0.969392 0.172947 0.973588 0.168080 0.988861 0.179660 0.993728 0.172779 0.998852 0.176893 0.998852 0.238408
0 0.924049 0.246452 0.921256 0.250176 0.922425 0.252706 0.922339 0.256318 0.921037 0.258840 0.918753 0.260418 0.914144 0.262082 0.908907 0.261983 0.905118 0.260728 0.902324 0.255763 0.903256 0.250176 0.905738 0.245831 0.909409 0.244315 0.912705 0.243547 0.915584 0.243672 0.917532 0.240555 0.924049 0.246452
0 0.998852 0.299396 0.995983 0.304121 0.992046 0.309911 0.983014 0.312458 0.970740 0.313153 0.960087 0.314311 0.955918 0.315006 0.951054 0.312458 0.948275 0.307827 0.945959 0.304121 0.943875 0.301110 0.942254 0.298100 0.941791 0.295089 0.943412 0.289531 0.942022 0.289299 0.938085 0.288373 0.935769 0.286983 0.934611 0.285131 0.933917 0.283509 0.933222 0.281888 0.932759 0.279341 0.932295 0.277951 0.932759 0.276562 0.935075 0.274477 0.933917 0.274246 0.932990 0.274014 0.931601 0.271930 0.930906 0.270077 0.930906 0.267993 0.931369 0.266835 0.932759 0.265908 0.933917 0.264982 0.933453 0.255024 0.957307 0.255255 0.961708 0.259887 0.970740 0.260119 0.971435 0.264519 0.995520 0.263361 0.996215 0.265677 0.998852 0.265677 0.998852 0.299396
3 0.750067 0.790419 0.758176 0.783870 0.760671 0.784493 0.779071 0.768588 0.786868 0.777632 0.794041 0.773266 0.804021 0.786365 0.793729 0.793850 0.810882 0.816304 0.789051 0.832210 0.776576 0.851234 0.776576 0.855912 0.799031 0.872754 0.796536 0.878367 0.801838 0.883669 0.805892 0.880550 0.809635 0.883669 0.815249 0.878367 0.824605 0.888035 0.807452 0.903317 0.802774 0.898015 0.797472 0.901758 0.790923 0.893337 0.776888 0.889283 0.769715 0.889907 0.765973 0.896144 0.776264 0.900198 0.776264 0.905500 0.775017 0.913921 0.770027 0.920158 0.760047 0.920470 0.752874 0.915792 0.751938 0.912985 0.743206 0.911426 0.738840 0.908931 0.738216 0.905812 0.744142 0.891154 0.746637 0.891778 0.749443 0.885852 0.751003 0.878679 0.754745 0.878055 0.756616 0.878367 0.758488 0.874625 0.758488 0.872130 0.752562 0.872130 0.750067 0.870570 0.748820 0.867452 0.746637 0.863709 0.746325 0.858095 0.749755 0.835952 0.765973 0.837200 0.765661 0.830962 0.766908 0.827220 0.757240 0.815369 0.766908 0.808508 0.765661 0.804141 0.767532 0.803206 0.750067 0.790419
