0 0.998851 0.449134 0.991156 0.455652 0.969202 0.440879 0.995876 0.405382 0.997517 0.405177 0.998851 0.405348 0.998851 0.449134
0 0.932040 0.390388 0.945377 0.374178 0.947722 0.375468 0.958129 0.365268 0.983131 0.392645 0.956400 0.419878 0.954529 0.417798 0.950789 0.421286 0.931602 0.398817 0.935625 0.395869 0.932040 0.390388
0 0.905484 0.317246 0.930422 0.305330 0.932076 0.307856 0.951804 0.300507 0.966916 0.335233 0.915310 0.360634 0.904860 0.335233 0.911695 0.332831 0.905484 0.317246
0 0.907394 0.243597 0.942122 0.240314 0.943222 0.244973 0.948222 0.245040 0.953139 0.278941 0.908163 0.280968 0.905599 0.257139 0.908373 0.257244 0.907394 0.243597
0 0.998852 0.244834 0.988585 0.240827 0.996785 0.213979 0.998852 0.214259 0.998852 0.244834
0 0.921748 0.197939 0.927375 0.181059 0.937021 0.183309 0.942165 0.171252 0.969978 0.180898 0.977856 0.185721 0.971747 0.204852 0.962261 0.203405 0.958081 0.217553 0.932037 0.210640 0.933645 0.203405 0.921748 0.197939
0 0.858215 0.470318 0.864009 0.461248 0.872575 0.456840 0.874716 0.458225 0.877236 0.456462 0.882904 0.460241 0.889203 0.456210 0.909609 0.478884 0.903689 0.486064 0.901043 0.492488 0.895753 0.492992 0.892604 0.492992 0.880839 0.503912 0.858215 0.470318
0 0.812590 0.395574 0.824326 0.389786 0.820950 0.383516 0.836383 0.374031 0.842653 0.382712 0.849406 0.380944 0.861463 0.404577 0.828023 0.423547 0.812590 0.395574
0 0.802645 0.312441 0.828689 0.311798 0.829654 0.326268 0.841712 0.327071 0.841551 0.353598 0.787211 0.355367 0.787050 0.338647 0.791070 0.338004 0.791391 0.324660 0.795410 0.325464 0.795250 0.317104 0.802645 0.316782 0.802645 0.312441
0 0.811830 0.196729 0.841893 0.200749 0.836266 0.244960 0.807328 0.242387 0.811830 0.196729
0 0.790391 0.189686 0.791512 0.207011 0.798078 0.207011 0.795616 0.233890 0.762171 0.234095 0.765454 0.188339 0.790391 0.189686
0 0.714157 0.187848 0.723482 0.162446 0.729269 0.164215 0.732967 0.154729 0.766728 0.164536 0.752098 0.211802 0.721552 0.203281 0.724768 0.192188 0.714157 0.187848
0 0.677850 0.153684 0.694059 0.119008 0.728325 0.134192 0.709858 0.173587 0.683800 0.163533 0.684210 0.159635 0.677850 0.153684
0 0.627579 0.134807 0.646251 0.095822 0.681543 0.116135 0.665949 0.150812 0.627579 0.134807
0 0.805684 0.154834 0.822706 0.124456 0.863297 0.138859 0.851251 0.182330 0.805684 0.154834
0 0.833593 0.102006 0.854814 0.074354 0.862370 0.081107 0.870730 0.076766 0.891952 0.101203 0.865746 0.126765 0.833593 0.102006
0 0.764705 0.079328 0.775785 0.054090 0.820310 0.070300 0.804716 0.110311 0.768603 0.097179 0.772502 0.087741 0.764705 0.079328
0 0.808041 0.000007 0.817990 0.032589 0.778971 0.046730 0.768234 0.017400 0.772948 0.014782 0.769020 0.008235 0.792848 0.000007 0.808041 0.000007
0 0.869315 0.015074 0.878478 0.017164 0.879282 0.014914 0.897449 0.019576 0.897931 0.025042 0.904523 0.026167 0.902111 0.036492 0.897871 0.036128 0.896730 0.038767 0.909883 0.042260 0.900504 0.067806 0.851512 0.054590 0.858281 0.033009 0.860162 0.033638 0.862884 0.023434 0.867064 0.021666 0.869315 0.015074
4 0.756087 0.000007 0.750786 0.008639 0.726371 0.000008 0.756087 0.000007
4 0.711157 0.000008 0.708083 0.006454 0.686361 0.000008 0.711157 0.000008
0 0.591892 0.000009 0.599475 0.007270 0.569518 0.038458 0.565619 0.037843 0.560079 0.043383 0.531763 0.003577 0.537903 0.000009 0.591892 0.000009
0 0.483631 0.035858 0.502098 0.026624 0.510100 0.036679 0.523027 0.033190 0.540673 0.066841 0.508869 0.082230 0.483631 0.035858
0 0.433730 0.060767 0.453987 0.048870 0.460900 0.062053 0.463472 0.060767 0.465401 0.059803 0.460257 0.048549 0.477137 0.040671 0.502642 0.081849 0.461807 0.105321 0.433730 0.060767
0 0.386641 0.107294 0.399773 0.090879 0.405313 0.095188 0.413520 0.088212 0.408596 0.081441 0.423574 0.070155 0.456609 0.104011 0.427268 0.138277 0.386641 0.107294
0 0.365302 0.132942 0.380280 0.116732 0.393617 0.125761 0.396695 0.124119 0.407365 0.134378 0.406544 0.140329 0.409622 0.142791 0.381101 0.180545 0.361608 0.162078 0.374945 0.144843 0.365302 0.132942
0 0.261192 0.217708 0.271321 0.213206 0.265694 0.204042 0.282896 0.196165 0.286594 0.203399 0.289809 0.202435 0.296079 0.212402 0.304439 0.208383 0.314085 0.203399 0.322927 0.219637 0.273732 0.243913 0.261192 0.217708
0 0.156765 0.225804 0.163476 0.212776 0.167424 0.215046 0.173247 0.204781 0.185091 0.210407 0.181656 0.216973 0.192573 0.222383 0.195849 0.216131 0.208969 0.223481 0.190908 0.261914 0.163759 0.249195 0.166273 0.243372 0.161733 0.240608 0.167050 0.231035 0.156765 0.225804
0 0.194492 0.296979 0.209604 0.267719 0.227108 0.276149 0.230665 0.267719 0.247709 0.276964 0.238748 0.296140 0.252290 0.302598 0.243898 0.321234 0.194492 0.296979
0 0.106181 0.289551 0.115414 0.271495 0.133676 0.280523 0.138190 0.269853 0.142499 0.271905 0.148654 0.262467 0.166095 0.271289 0.161786 0.281959 0.171840 0.287089 0.155630 0.318687 0.106181 0.289551
0 0.204337 0.349236 0.205908 0.330643 0.252260 0.333262 0.251736 0.355259 0.258807 0.355521 0.254617 0.381447 0.200147 0.374900 0.204337 0.349236
0 0.204430 0.394699 0.237427 0.385533 0.242140 0.400460 0.237427 0.403341 0.237427 0.413030 0.248163 0.412244 0.251044 0.429790 0.220405 0.436337 0.216477 0.425600 0.204692 0.423243 0.204430 0.394699
0 0.214326 0.460601 0.242609 0.453530 0.244442 0.466100 0.258845 0.463744 0.259369 0.487050 0.217992 0.492550 0.214326 0.460601
0 0.214830 0.503603 0.260953 0.497587 0.260953 0.515969 0.249255 0.518309 0.249255 0.525996 0.267637 0.522988 0.273988 0.546718 0.222851 0.551731 0.214830 0.503603
0 0.112710 0.498885 0.127899 0.494957 0.131041 0.502551 0.142825 0.500194 0.148325 0.510408 0.158014 0.509098 0.162990 0.529262 0.142564 0.535809 0.146492 0.549951 0.128684 0.554141 0.112710 0.498885
0 0.145606 0.467547 0.146088 0.465779 0.147053 0.464492 0.149947 0.462724 0.152037 0.462724 0.154609 0.463689 0.156217 0.466100 0.157020 0.468351 0.157020 0.470441 0.156538 0.472852 0.154287 0.474460 0.152358 0.474942 0.150750 0.474942 0.148982 0.474782 0.147535 0.473978 0.147053 0.472209 0.145606 0.467547
0 0.090510 0.549904 0.069376 0.557085 0.049267 0.509072 0.066708 0.502301 0.070401 0.508456 0.080661 0.505379 0.081687 0.508867 0.092151 0.505994 0.101384 0.531232 0.086201 0.534515 0.090510 0.549904
0 0.198143 0.598781 0.207789 0.586562 0.222580 0.597816 0.221937 0.599584 0.234155 0.609874 0.214541 0.640098 0.207789 0.634471 0.201750 0.641761 0.190489 0.633643 0.183942 0.640190 0.171896 0.629715 0.177134 0.624478 0.175039 0.621597 0.190227 0.606932 0.195989 0.610598 0.202535 0.603004 0.198143 0.598781
0 0.261256 0.640682 0.259166 0.637145 0.270902 0.631196 0.281513 0.650006 0.259166 0.661260 0.267205 0.678784 0.251610 0.687465 0.244215 0.673478 0.232800 0.678462 0.227495 0.667691 0.222310 0.669620 0.215821 0.657642 0.250646 0.640038 0.253790 0.644620 0.261256 0.640682
0 0.352275 0.643342 0.366804 0.636108 0.371770 0.645332 0.380892 0.640127 0.393391 0.662091 0.372573 0.677090 0.374622 0.679355 0.340861 0.698968 0.330250 0.680319 0.351389 0.669747 0.344880 0.656365 0.356134 0.650577 0.352275 0.643342
0 0.333546 0.586377 0.332561 0.568067 0.367952 0.567318 0.371072 0.598257 0.361211 0.599213 0.362819 0.613381 0.353848 0.612959 0.354110 0.624220 0.332637 0.624744 0.331327 0.596985 0.340113 0.596662 0.339759 0.586340 0.333546 0.586377
0 0.335447 0.532055 0.334832 0.516051 0.359934 0.517302 0.361096 0.524463 0.373817 0.526105 0.367721 0.542358 0.375664 0.551548 0.326214 0.558319 0.323136 0.534107 0.335447 0.532055
0 0.340379 0.455265 0.352687 0.454480 0.353735 0.463384 0.362900 0.463907 0.371542 0.462860 0.375994 0.495070 0.319167 0.501617 0.316811 0.481977 0.335404 0.480144 0.334356 0.472287 0.339070 0.469145 0.340379 0.455265
0 0.356204 0.393571 0.364128 0.441568 0.308409 0.449874 0.301339 0.401427 0.356204 0.393571
0 0.322990 0.339086 0.331443 0.325544 0.369977 0.344216 0.355409 0.379713 0.348022 0.376635 0.346176 0.382585 0.309447 0.366991 0.317450 0.350987 0.328461 0.355036 0.332839 0.344216 0.322990 0.339086
0 0.098084 0.179891 0.108917 0.168428 0.111311 0.170318 0.119876 0.163516 0.129072 0.173719 0.126427 0.177876 0.132347 0.185938 0.138645 0.182033 0.148597 0.193999 0.126049 0.217555 0.098714 0.198156 0.100856 0.193244 0.094557 0.187449 0.098084 0.179891
0 0.043501 0.157185 0.049452 0.142822 0.051504 0.143438 0.058890 0.126818 0.078998 0.134204 0.073664 0.148773 0.086180 0.152876 0.071407 0.182833 0.042886 0.169701 0.046989 0.162315 0.043501 0.157185
0 0.021838 0.096546 0.042357 0.068025 0.046179 0.070435 0.056706 0.053391 0.080111 0.073565 0.063901 0.109883 0.057666 0.107654 0.043929 0.126092 0.024095 0.111524 0.029225 0.103111 0.021838 0.096546
0 0.015535 0.000003 0.021482 0.006011 0.021482 0.009089 0.038307 0.028581 0.028664 0.041918 0.021277 0.038020 0.004452 0.054435 -0.000000 0.038478 -0.000000 0.011469 -0.000000 0.000003 0.015535 0.000003
0 0.129337 0.047833 0.162988 0.033060 0.173452 0.055835 0.170579 0.058708 0.174888 0.067736 0.140007 0.083125 0.129337 0.047833
0 0.201156 0.000007 0.203819 0.004539 0.211206 0.001666 0.222286 0.034906 0.187405 0.052142 0.173247 0.013567 0.201138 0.000007 0.201156 0.000007
0 0.265081 0.000008 0.268155 0.005851 0.264462 0.008519 0.272669 0.025549 0.237993 0.040322 0.221581 0.000007 0.265081 0.000008
0 0.320157 0.037001 0.348178 0.054546 0.320157 0.098803 0.298422 0.082567 0.304445 0.073663 0.291875 0.064497 0.309158 0.043809 0.314658 0.046690 0.320157 0.037001
0 0.246507 0.084587 0.275052 0.086682 0.272695 0.100823 0.281599 0.102394 0.278980 0.121249 0.271124 0.121773 0.270076 0.128582 0.238913 0.125177 0.246507 0.084587
0 0.147463 0.096765 0.188295 0.086095 0.190552 0.090404 0.201632 0.088147 0.211686 0.122208 0.170239 0.132877 0.167366 0.120156 0.154645 0.122413 0.147463 0.096765
0 0.998852 0.053078 0.974437 0.051863 0.974960 0.038770 0.969723 0.035627 0.973913 0.009702 0.998852 0.013723 0.998852 0.053078
0 0.998852 0.108490 0.954564 0.102045 0.957105 0.084992 0.963023 0.086930 0.968329 0.063128 0.998852 0.069073 0.998852 0.108490
