0 0.330432 0.000009 0.323621 0.016897 0.302363 0.015389 0.300073 0.021351 0.279983 0.018183 0.282018 0.000008 0.330432 0.000009
3 0.439753 0.000009 0.435108 0.020426 0.408312 0.014076 0.412027 0.000009 0.439753 0.000009
3 0.523801 0.000009 0.514441 0.026025 0.468541 0.012323 0.473219 0.000009 0.523801 0.000009
3 0.347618 0.064379 0.347893 0.062259 0.356783 0.062184 0.358063 0.053111 0.355223 0.052214 0.355832 0.040542 0.389584 0.041805 0.389079 0.056030 0.387922 0.055884 0.379270 0.055316 0.375796 0.055330 0.374989 0.065013 0.388234 0.066155 0.387936 0.085590 0.345935 0.083149 0.347618 0.064379
3 0.425952 0.024179 0.425381 0.030915 0.412707 0.030344 0.413620 0.021781 0.425952 0.022580 0.425952 0.024179
3 0.465556 0.058837 0.467350 0.072742 0.460024 0.072742 0.458678 0.059435 0.465556 0.058837
0 0.450904 0.036261 0.451053 0.044933 0.424440 0.044484 0.423693 0.036112 0.450904 0.036261
3 0.442311 0.058350 0.442203 0.065527 0.421977 0.065975 0.421828 0.058799 0.442311 0.058350
3 0.924463 0.021822 0.928350 0.023018 0.930294 0.025560 0.930294 0.027503 0.929397 0.030793 0.927752 0.032437 0.923715 0.033484 0.922370 0.032437 0.919529 0.028998 0.919529 0.027503 0.919678 0.025410 0.920426 0.024364 0.922968 0.023168 0.924463 0.021822
0 0.134654 0.213257 0.140479 0.213185 0.140407 0.218507 0.134150 0.218363 0.134654 0.213257
0 0.132352 0.213113 0.132065 0.218651 0.126815 0.218148 0.127174 0.214264 0.132352 0.213113
