0 -0.000000 0.846753 0.009198 0.848258 0.008579 0.854454 0.035375 0.860185 0.031658 0.879082 -0.000000 0.874013 -0.000000 0.846753
0 0.059679 0.978991 0.063251 0.961552 0.065877 0.962008 0.070330 0.944082 0.127787 0.956320 0.121746 0.985285 0.101611 0.981567 0.102385 0.976301 0.094640 0.974907 0.092937 0.988073 0.059230 0.981413 0.059679 0.978991
0 0.135495 0.886283 0.143765 0.853381 0.161577 0.858062 0.159173 0.870127 0.170790 0.872916 0.171565 0.869043 0.191700 0.873225 0.185350 0.897543 0.141361 0.888095 0.135495 0.886283
0 0.217101 0.847834 0.258494 0.858970 0.251980 0.884184 0.243156 0.881452 0.240634 0.888386 0.206595 0.880192 0.217101 0.847834
0 0.233195 0.943711 0.241612 0.945310 0.236477 0.967700 0.227639 0.965680 0.233195 0.943711
0 0.063227 0.795808 0.065771 0.796304 0.066950 0.797545 0.067632 0.799034 0.067943 0.801516 0.067198 0.804556 0.065399 0.805363 0.061490 0.806356 0.060063 0.805487 0.058511 0.803502 0.058015 0.801454 0.058511 0.799034 0.060187 0.797297 0.061614 0.796242 0.063227 0.795808
3 0.929990 0.983398 0.923266 0.975414 0.914441 0.963017 0.911920 0.964067 0.899733 0.943056 0.920534 0.931709 0.932091 0.951040 0.945958 0.973102 0.929990 0.983398
3 0.904054 0.916659 0.913303 0.929676 0.898345 0.940637 0.887726 0.926022 0.903417 0.915916 0.904054 0.916659
0 0.887837 0.981607 0.897937 0.981775 0.897769 0.990361 0.886658 0.990108 0.886873 0.981702 0.887837 0.981607
0 0.886221 0.815776 0.904188 0.812058 0.908835 0.837925 0.893656 0.840558 0.892107 0.841023 0.886221 0.815776
3 0.842364 0.860056 0.860487 0.855874 0.865908 0.878643 0.848095 0.883135 0.842364 0.860056
3 0.857015 0.793636 0.862566 0.792142 0.865983 0.811573 0.859790 0.812854 0.857015 0.793636
0 0.089879 0.812243 0.109025 0.816244 0.109025 0.818244 0.115311 0.818816 0.114454 0.823959 0.088736 0.817958 0.089879 0.812243
0 0.928784 0.834334 0.927257 0.833710 0.925730 0.832321 0.924966 0.831141 0.925105 0.829683 0.925660 0.828226 0.927326 0.826907 0.929131 0.826976 0.931491 0.828087 0.933227 0.830169 0.932880 0.832460 0.931838 0.833918 0.928784 0.834334
