0 0.268220 0.098835 0.276156 0.095913 0.283462 0.112230 0.261787 0.121971 0.259352 0.116614 0.254481 0.118562 0.249610 0.107359 0.268220 0.098835
0 0.198590 0.148577 0.206892 0.149254 0.206742 0.151945 0.224085 0.156430 0.219600 0.174073 0.213321 0.172129 0.210779 0.171830 0.209732 0.170185 0.204499 0.168242 0.202257 0.172428 0.194632 0.170484 0.198590 0.148577
0 0.309395 0.167655 0.344979 0.184101 0.340031 0.196401 0.344670 0.198360 0.348759 0.200347 0.341592 0.219462 0.332138 0.216066 0.331631 0.213667 0.320632 0.207823 0.324496 0.197108 0.321506 0.196809 0.318515 0.196361 0.314329 0.195912 0.310162 0.207422 0.294153 0.199022 0.300425 0.183802 0.304312 0.176476 0.309395 0.167655
0 0.378883 0.186349 0.418401 0.201992 0.420026 0.206197 0.412828 0.224032 0.368775 0.207236 0.378883 0.186349
3 0.591948 0.152796 0.603468 0.152883 0.606606 0.144932 0.639755 0.156710 0.639565 0.158809 0.648893 0.162021 0.642053 0.185340 0.634794 0.183615 0.632314 0.187431 0.620045 0.182295 0.616857 0.179226 0.613232 0.177127 0.609697 0.174157 0.604454 0.173883 0.599153 0.174596 0.585311 0.167086 0.591948 0.152796
0 0.671868 0.166073 0.676943 0.174115 0.667678 0.180332 0.663607 0.174701 0.663699 0.171580 0.671868 0.166073
0 0.693885 0.243444 0.687559 0.247544 0.684630 0.242038 0.681584 0.237938 0.688847 0.234189 0.693885 0.243444
0 0.706745 0.255576 0.700416 0.261329 0.694735 0.255000 0.694879 0.252124 0.699625 0.247521 0.703940 0.251764 0.706745 0.255576
0 0.726854 0.264141 0.731535 0.267812 0.728506 0.272218 0.723550 0.268363 0.726854 0.264141
0 0.672828 0.181608 0.678098 0.181521 0.678600 0.188067 0.678610 0.189274 0.672876 0.189308 0.672828 0.181608
0 0.511579 0.034484 0.515527 0.041498 0.504824 0.048620 0.501666 0.043020 0.505889 0.039899 0.505430 0.038339 0.511579 0.034484
3 0.599153 0.174596 0.604454 0.173883 0.609697 0.174157 0.613232 0.177127 0.616857 0.179226 0.620045 0.182295 0.612794 0.190009 0.597190 0.182207 0.599153 0.174596
0 0.675672 0.256920 0.683364 0.255904 0.684090 0.261855 0.692218 0.272305 0.672624 0.280433 0.675672 0.256920
