0 0.165858 0.999006 0.164509 0.988854 0.177618 0.987462 0.180131 0.999007 0.165858 0.999006
0 0.188133 0.999007 0.188516 0.987556 0.211490 0.984599 0.214476 0.997672 0.208868 0.999007 0.188133 0.999007
0 0.366758 0.971175 0.387382 0.963117 0.393186 0.977317 0.373351 0.985318 0.366758 0.971175
3 0.400282 0.978318 0.418460 0.971530 0.404771 0.938844 0.423863 0.931317 0.444147 0.984462 0.406331 0.997312 0.400282 0.978318
3 0.432460 0.918037 0.453532 0.909407 0.457775 0.920266 0.435337 0.929975 0.432460 0.918037
3 0.328077 0.654733 0.340597 0.673212 0.344484 0.674707 0.353156 0.660802 0.367958 0.670670 0.355043 0.695282 0.359494 0.700202 0.353637 0.710394 0.347897 0.707817 0.330829 0.734699 0.315600 0.726265 0.327666 0.700375 0.327666 0.687724 0.313960 0.663006 0.328077 0.654733
1 0.461855 0.979711 0.467844 0.977725 0.471295 0.988012 0.465696 0.990551 0.461855 0.979711
0 0.142556 0.319207 0.156317 0.323271 0.181138 0.328577 0.173311 0.365174 0.158099 0.360324 0.159973 0.344781 0.136383 0.339269 0.142556 0.319207
0 0.192295 0.316929 0.205941 0.308896 0.215615 0.325307 0.201450 0.334894 0.192295 0.316929
0 0.144625 0.308270 0.160325 0.310842 0.156317 0.323271 0.142556 0.319207 0.144625 0.308270
0 -0.000000 0.333065 0.054184 0.335296 0.052531 0.345217 0.052310 0.354476 -0.000000 0.349334 -0.000000 0.333065
0 0.162666 0.823402 0.202704 0.808845 0.199897 0.802044 0.214888 0.796429 0.219848 0.807011 0.224257 0.805358 0.230871 0.819467 0.217203 0.825310 0.234813 0.860862 0.209680 0.873208 0.210782 0.875853 0.194951 0.883272 0.168168 0.828516 0.165354 0.829501 0.162666 0.823402
0 0.237830 0.482010 0.239580 0.479783 0.243662 0.479412 0.245412 0.480896 0.247162 0.484131 0.247268 0.485722 0.244670 0.488267 0.241117 0.488691 0.239049 0.487153 0.237406 0.485032 0.237247 0.483283 0.237830 0.482010
0 0.246632 0.490176 0.246791 0.487790 0.247215 0.486358 0.248169 0.484926 0.251457 0.484555 0.253048 0.484555 0.255063 0.486782 0.255646 0.489380 0.255222 0.491872 0.252464 0.493834 0.248169 0.493145 0.247215 0.491978 0.246632 0.490176
0 0.254994 0.492762 0.256240 0.491266 0.257071 0.490560 0.260519 0.489313 0.261433 0.490103 0.262430 0.491515 0.263137 0.493676 0.262513 0.495379 0.261516 0.496709 0.258733 0.497623 0.257071 0.497581 0.255575 0.496459 0.255326 0.495171 0.254994 0.492762
0 0.262232 0.496456 0.262948 0.495772 0.264706 0.494763 0.265976 0.494568 0.268254 0.494698 0.269133 0.496228 0.269914 0.497953 0.269752 0.499516 0.269296 0.501404 0.268189 0.502608 0.264999 0.503259 0.263990 0.503064 0.263176 0.502510 0.262265 0.501534 0.261158 0.499027 0.262232 0.496456
0 0.268518 0.502649 0.269673 0.500593 0.271741 0.500434 0.274817 0.501070 0.276142 0.502926 0.276778 0.505418 0.276619 0.507274 0.274923 0.508600 0.273173 0.509236 0.271635 0.509448 0.269726 0.508759 0.268189 0.506903 0.268030 0.505206 0.268518 0.502649
0 0.129212 0.850840 0.149057 0.889957 0.137226 0.897018 0.116808 0.857518 0.129212 0.850840
0 0.374135 0.927089 0.375541 0.931424 0.373784 0.933181 0.371558 0.933298 0.369566 0.932478 0.368395 0.929315 0.368512 0.927675 0.369684 0.926855 0.372495 0.926972 0.374135 0.927089
0 0.363006 0.926269 0.366169 0.927207 0.366521 0.929081 0.366521 0.930838 0.365935 0.932478 0.364529 0.933415 0.362655 0.933767 0.361015 0.933298 0.359492 0.932009 0.359140 0.931072 0.359258 0.929315 0.359960 0.928027 0.363006 0.926269
0 0.214179 0.215184 0.208645 0.231403 0.170673 0.224534 0.174298 0.206788 0.183839 0.207742 0.183648 0.209650 0.214179 0.215184
0 0.086527 0.258713 0.102525 0.261254 0.098339 0.291455 0.084285 0.288166 0.085929 0.277551 0.083836 0.277252 0.086527 0.258713
3 0.253473 0.359352 0.266067 0.368702 0.255572 0.387784 0.260342 0.394271 0.256716 0.397706 0.273699 0.400950 0.270646 0.418696 0.260533 0.418696 0.266830 0.427665 0.246412 0.457241 0.231528 0.446746 0.246603 0.425947 0.240306 0.422322 0.241069 0.413926 0.233055 0.412590 0.237825 0.394462 0.243550 0.395416 0.245458 0.390646 0.236681 0.383204 0.253473 0.359352
0 0.270532 0.436131 0.280023 0.424860 0.294853 0.437317 0.285362 0.450367 0.270532 0.436131
3 0.377524 0.655324 0.380768 0.656946 0.381173 0.658973 0.381579 0.660595 0.380362 0.662622 0.378741 0.663433 0.376308 0.664649 0.374281 0.663433 0.372254 0.661406 0.371849 0.658162 0.373470 0.655730 0.377524 0.655324
