3 0.891738 0.029230 0.904298 0.029116 0.904412 0.040877 0.891852 0.041105 0.891738 0.029230
3 0.881099 0.023264 0.881352 0.037742 0.880426 0.040014 0.880594 0.061252 0.842994 0.062236 0.843768 0.030638 0.858173 0.031412 0.858173 0.023203 0.881099 0.023264
3 0.777952 0.157163 0.776531 0.156085 0.781636 0.147053 0.779924 0.143285 0.794913 0.121169 0.797311 0.123110 0.805728 0.112048 0.827612 0.127451 0.817847 0.138822 0.814786 0.136813 0.808253 0.146052 0.804209 0.142962 0.801530 0.148320 0.804696 0.152216 0.793271 0.167263 0.777952 0.157163
3 0.705782 0.227135 0.714452 0.236731 0.710075 0.240182 0.718628 0.248987 0.709507 0.258232 0.691823 0.239679 0.705782 0.227135
0 0.699404 0.376751 0.726579 0.374924 0.728791 0.414020 0.701539 0.415015 0.699404 0.376751
3 0.655081 0.369132 0.680886 0.367762 0.681685 0.379180 0.655538 0.380665 0.655081 0.369132
3 0.865685 0.656773 0.877103 0.656887 0.877103 0.649579 0.905534 0.649579 0.904963 0.680180 0.864886 0.679495 0.865685 0.656773
3 0.998842 0.724713 0.981160 0.728764 0.977164 0.717574 0.976136 0.708097 0.998842 0.701881 0.998842 0.724713
3 0.815022 0.719808 0.826440 0.713984 0.828495 0.717524 0.831692 0.722776 0.819360 0.729741 0.815022 0.719808
3 0.830778 0.712957 0.843453 0.705192 0.849276 0.714784 0.836602 0.721292 0.830778 0.712957
0 0.812419 0.760965 0.820640 0.757539 0.832286 0.783687 0.824065 0.787112 0.812419 0.760965
0 0.777136 0.589848 0.783997 0.587698 0.791308 0.611753 0.785080 0.614194 0.777136 0.589848
0 0.609909 0.815606 0.614362 0.833304 0.590270 0.839470 0.585931 0.822914 0.609909 0.815606
0 0.544860 0.837311 0.544127 0.833767 0.550569 0.832401 0.554452 0.819499 0.574319 0.813105 0.582997 0.847473 0.548057 0.855237 0.544860 0.837311
0 0.511205 0.841488 0.529891 0.836017 0.530816 0.846033 0.533257 0.857648 0.512215 0.863709 0.509353 0.850915 0.508428 0.842039 0.511205 0.841488
3 0.488252 0.868157 0.494189 0.878433 0.502726 0.892850 0.483830 0.903382 0.469115 0.878755 0.488252 0.868157
3 0.460286 0.871010 0.468960 0.884486 0.449134 0.897496 0.441080 0.884176 0.459938 0.870559 0.460286 0.871010
3 0.336197 0.905081 0.371357 0.898266 0.377398 0.927540 0.341308 0.934046 0.336197 0.905081
3 0.387789 0.931905 0.391328 0.916148 0.410739 0.921515 0.407428 0.937158 0.387789 0.931905
1 0.254876 0.968797 0.279039 0.953669 0.289755 0.970478 0.264961 0.985607 0.254876 0.968797
3 0.285198 0.910705 0.293989 0.907622 0.299584 0.922580 0.290792 0.925435 0.285198 0.910705
0 0.205742 0.978584 0.205625 0.994370 0.195449 0.994307 0.195635 0.978330 0.205742 0.978584
0 0.205868 0.962878 0.205752 0.978096 0.195645 0.977842 0.195816 0.962754 0.205868 0.962878
0 0.117468 0.999006 0.128225 0.988590 0.141902 0.999006 0.117468 0.999006
0 0.498513 0.838553 0.498627 0.828163 0.509931 0.828277 0.509703 0.838325 0.498513 0.838553
0 0.600452 0.755473 0.617922 0.755929 0.617808 0.770887 0.600452 0.770545 0.600452 0.755473
2 0.657541 0.675729 0.680156 0.664731 0.687590 0.679756 0.664357 0.690598 0.657541 0.675729
0 0.769061 0.842394 0.777115 0.848744 0.767667 0.859277 0.761007 0.852771 0.769061 0.842394
3 0.844463 0.513532 0.845677 0.514578 0.846115 0.516129 0.845846 0.517815 0.843823 0.519467 0.841092 0.519163 0.839911 0.518186 0.839473 0.516702 0.840114 0.514342 0.841934 0.513229 0.843013 0.513128 0.843823 0.513195 0.844463 0.513532
3 0.862900 0.511601 0.865187 0.513385 0.865095 0.515077 0.864501 0.516907 0.862351 0.518553 0.859423 0.517638 0.857731 0.516038 0.857823 0.513888 0.859058 0.512287 0.861070 0.511418 0.862900 0.511601
3 0.319931 0.951902 0.318957 0.964566 0.303370 0.963592 0.303614 0.953363 0.319931 0.951902
3 0.308948 0.889056 0.322687 0.887529 0.324405 0.899742 0.310857 0.900886 0.308948 0.889056
3 0.998842 0.619320 0.996589 0.620883 0.992200 0.615922 0.985522 0.621646 0.978652 0.611342 0.987621 0.605999 0.972546 0.580430 0.995826 0.564401 0.998842 0.569779 0.998842 0.584305 0.994109 0.588444 0.998842 0.596723 0.998842 0.619320
