4 0.751075 0.000008 0.753953 0.005390 0.738409 0.011577 0.733386 0.000008 0.751075 0.000008
3 0.668683 0.044823 0.679768 0.046083 0.675989 0.062962 0.664904 0.061073 0.668683 0.044823
3 0.605057 0.007707 0.609597 0.003759 0.616506 0.011260 0.612459 0.015504 0.605057 0.007707
3 0.600258 0.036620 0.606378 0.032869 0.612102 0.040962 0.606378 0.045108 0.600258 0.036620
3 0.608599 0.127582 0.619691 0.118097 0.640270 0.140765 0.629981 0.149447 0.608599 0.127582
3 0.676742 0.177790 0.687031 0.170877 0.699410 0.189044 0.688961 0.196761 0.676742 0.177790
3 0.677169 0.165889 0.685047 0.160906 0.689388 0.169265 0.681671 0.173767 0.677169 0.165889
0 0.729186 0.214080 0.738954 0.208342 0.738559 0.206368 0.748626 0.200742 0.754746 0.211006 0.734414 0.223245 0.729186 0.214080
0 0.586391 0.190622 0.586937 0.189046 0.587967 0.188198 0.589724 0.187895 0.591663 0.188077 0.593602 0.188683 0.594329 0.190319 0.594632 0.192924 0.594208 0.194378 0.592693 0.195772 0.591542 0.196196 0.589481 0.196135 0.587421 0.195590 0.586391 0.193591 0.586391 0.193227 0.586391 0.190622
0 0.414522 0.253406 0.420763 0.253528 0.421066 0.263828 0.411250 0.264010 0.411553 0.256860 0.414461 0.256860 0.414522 0.253406
0 0.421174 0.316944 0.423842 0.301145 0.442924 0.301760 0.441693 0.320432 0.421174 0.316944
0 0.445112 0.457626 0.446099 0.448842 0.473142 0.452197 0.471859 0.460685 0.466135 0.459797 0.465444 0.462462 0.456363 0.461771 0.456067 0.457527 0.445112 0.457626
0 0.424967 0.489651 0.425694 0.487046 0.427330 0.485471 0.429936 0.485168 0.431875 0.486440 0.433208 0.487712 0.433632 0.489833 0.432662 0.493166 0.431026 0.494196 0.429572 0.494256 0.427633 0.493832 0.426300 0.492863 0.425573 0.492075 0.424967 0.489651
0 0.433813 0.487894 0.434419 0.486379 0.435934 0.485168 0.437994 0.484259 0.439994 0.484986 0.441024 0.486561 0.441812 0.488500 0.441448 0.491045 0.440176 0.492317 0.438964 0.492984 0.436540 0.493105 0.435571 0.492681 0.434965 0.492136 0.434056 0.490378 0.433632 0.489833 0.433813 0.487894
0 0.291250 0.716108 0.292533 0.714134 0.294211 0.713443 0.295889 0.713443 0.297962 0.714232 0.299343 0.715910 0.299738 0.717687 0.299245 0.721042 0.295099 0.723016 0.292731 0.721635 0.291645 0.719957 0.291349 0.718970 0.291250 0.716108
0 0.259094 0.693654 0.268550 0.686945 0.278035 0.698520 0.269514 0.706719 0.259094 0.693654
0 0.736642 0.389603 0.761440 0.389718 0.762196 0.396772 0.736499 0.396269 0.736642 0.389603
0 0.717823 0.390207 0.732123 0.390268 0.732183 0.396933 0.718187 0.396994 0.717823 0.390207
0 0.690078 0.378889 0.695182 0.372316 0.699435 0.375641 0.694873 0.382059 0.690078 0.378889
0 0.849829 0.374156 0.872125 0.367102 0.874897 0.374534 0.882706 0.372645 0.883336 0.366598 0.892028 0.363449 0.901349 0.366976 0.903922 0.372764 0.916301 0.372281 0.918230 0.396718 0.880932 0.391574 0.857299 0.399130 0.849829 0.374156
3 0.786800 0.390670 0.801915 0.390166 0.802041 0.407927 0.786322 0.407821 0.786800 0.390670
0 0.975292 0.340210 0.987629 0.336460 0.992367 0.355607 0.979635 0.358666 0.975292 0.340210
0 0.981737 0.437554 0.986128 0.465228 0.962330 0.467792 0.959737 0.440199 0.981737 0.437554
0 0.442148 0.227435 0.446279 0.222091 0.450129 0.225151 0.445885 0.230382 0.442148 0.227435
3 0.701578 0.124690 0.714236 0.124906 0.714307 0.136269 0.710424 0.136197 0.710424 0.140872 0.705102 0.140800 0.705102 0.139289 0.697407 0.139074 0.697623 0.132673 0.701290 0.132601 0.701578 0.124690
3 0.459613 0.248646 0.462765 0.241442 0.465017 0.238290 0.471770 0.237840 0.474922 0.243243 0.473571 0.250447 0.466818 0.253149 0.459613 0.248646
