3 0.655124 0.948274 0.645729 0.945285 0.657686 0.907917 0.665374 0.910479 0.655124 0.948274
3 0.680748 0.945925 0.674128 0.942295 0.682669 0.923078 0.691851 0.928202 0.680748 0.945925
3 0.659395 0.985694 0.661103 0.978006 0.672847 0.981209 0.671993 0.989110 0.659395 0.985694
3 0.535723 0.991191 0.534731 0.996987 0.522083 0.994551 0.521735 0.988169 0.535723 0.991191
3 0.538908 0.972620 0.535723 0.991191 0.521758 0.988672 0.521735 0.988169 0.524404 0.969951 0.538908 0.972620
0 0.331638 0.760839 0.364370 0.757942 0.365529 0.768950 0.331928 0.771267 0.331638 0.760839
0 0.240551 0.549735 0.235443 0.554450 0.229942 0.555629 0.226405 0.556022 0.221297 0.555236 0.211866 0.554450 0.206758 0.552092 0.201257 0.543448 0.200864 0.538340 0.199685 0.534017 0.199685 0.526551 0.200864 0.519871 0.204008 0.514763 0.211473 0.510048 0.218153 0.506512 0.227977 0.506119 0.237800 0.512013 0.242908 0.517907 0.244873 0.523015 0.246445 0.529302 0.246052 0.536375 0.246445 0.543055 0.240551 0.549735
0 0.259412 0.568989 0.264520 0.574883 0.264520 0.583920 0.264520 0.589029 0.264127 0.595316 0.263341 0.600031 0.258626 0.605925 0.255483 0.608676 0.249981 0.611033 0.244480 0.612212 0.237014 0.611819 0.226798 0.608676 0.222869 0.604353 0.219332 0.598459 0.216582 0.592565 0.213831 0.584706 0.214617 0.576455 0.217760 0.571346 0.222476 0.567024 0.228763 0.562702 0.236229 0.561130 0.243694 0.562309 0.249981 0.563095 0.253125 0.565059 0.259412 0.568989
0 0.324592 0.852115 0.323635 0.851474 0.317689 0.863612 0.310030 0.858390 0.315538 0.845490 0.307593 0.840057 0.318501 0.825320 0.325695 0.829729 0.325020 0.830609 0.334050 0.837272 0.324592 0.852115
0 0.307174 0.856417 0.317689 0.863612 0.318502 0.865103 0.326215 0.871085 0.324168 0.873603 0.321752 0.872076 0.321178 0.873131 0.317400 0.878168 0.301029 0.866677 0.307174 0.856417
0 0.321178 0.873131 0.330307 0.879900 0.329048 0.881946 0.331724 0.891863 0.324540 0.900856 0.318298 0.897684 0.308871 0.911087 0.294432 0.900666 0.305547 0.886739 0.300850 0.883591 0.305752 0.877224 0.313540 0.882646 0.317400 0.878168 0.321178 0.873131
0 0.331724 0.891863 0.329048 0.881946 0.339001 0.885811 0.344979 0.892217 0.344339 0.895207 0.331724 0.891863
0 0.339001 0.885811 0.342203 0.877911 0.348182 0.878551 0.349036 0.875989 0.362489 0.878124 0.368468 0.880900 0.373592 0.887093 0.368254 0.898196 0.371244 0.903748 0.363343 0.913143 0.355015 0.905456 0.350958 0.905029 0.350745 0.898623 0.344339 0.895207 0.344979 0.892217 0.339001 0.885811
0 0.349036 0.875989 0.346773 0.875142 0.350403 0.864038 0.357877 0.865319 0.360653 0.857846 0.359585 0.845034 0.371543 0.843753 0.374105 0.851440 0.383074 0.852080 0.382646 0.861476 0.388839 0.873006 0.380084 0.878558 0.372611 0.871085 0.371329 0.869803 0.369194 0.873433 0.364069 0.871725 0.362489 0.878124 0.349036 0.875989
3 0.538127 0.981709 0.542099 0.971325 0.551279 0.975296 0.547014 0.985452 0.538127 0.981709
