0 0.047074 0.764856 0.047074 0.762284 0.043698 0.748458 0.069260 0.745082 0.070546 0.747654 0.072958 0.746046 0.070385 0.734953 0.067813 0.719037 0.069421 0.717430 0.068938 0.712285 0.075530 0.710034 0.084694 0.708909 0.100449 0.779647 0.082604 0.782862 0.080353 0.767911 0.067331 0.770805 0.070064 0.786560 0.052058 0.789936 0.049164 0.775628 0.045788 0.776271 0.043215 0.765660 0.047074 0.764856
0 0.169160 0.720975 0.169039 0.729034 0.152618 0.729518 0.152861 0.719278 0.157769 0.719460 0.157829 0.721035 0.169160 0.720975
0 0.275039 0.550355 0.275237 0.548578 0.277408 0.545420 0.280566 0.544630 0.284810 0.546802 0.286291 0.548677 0.286587 0.550848 0.286686 0.552329 0.286488 0.554204 0.284909 0.556375 0.282836 0.557461 0.280665 0.557658 0.277803 0.557658 0.276421 0.556967 0.275335 0.554599 0.275039 0.550355
0 0.345958 0.540000 0.339937 0.563392 0.327107 0.560727 0.334213 0.538816 0.345958 0.540000
0 0.279603 0.505413 0.321549 0.514987 0.317770 0.534133 0.276076 0.524056 0.279603 0.505413
3 0.369725 0.327380 0.376023 0.325113 0.383077 0.328388 0.381818 0.354085 0.366702 0.352699 0.369725 0.327380
0 0.400838 0.337961 0.407893 0.340859 0.397689 0.367689 0.391643 0.363281 0.400838 0.337961
0 0.419230 0.342496 0.424772 0.346905 0.415073 0.374617 0.407389 0.371090 0.419230 0.342496
0 0.331526 0.513800 0.339243 0.516694 0.336510 0.529395 0.329115 0.526983 0.331526 0.513800
0 0.942214 0.127059 0.940339 0.127947 0.939944 0.128144 0.938266 0.128144 0.937279 0.128046 0.936292 0.127947 0.934614 0.125479 0.934812 0.122815 0.936490 0.121532 0.937871 0.121038 0.940141 0.121532 0.941227 0.121828 0.942313 0.123012 0.942411 0.125479 0.942214 0.127059
