3 0.054038 0.547147 0.068250 0.534148 0.085907 0.553663 0.078563 0.560015 0.081752 0.563913 0.073893 0.569643 0.054038 0.547147
3 0.049433 0.533790 0.056684 0.526947 0.061933 0.532863 0.054667 0.539486 0.049433 0.533790
3 0.042777 0.516215 0.047748 0.513230 0.049874 0.516156 0.054626 0.513495 0.059744 0.521481 0.048749 0.527676 0.042777 0.516215
3 0.080094 0.569674 0.087430 0.565512 0.090896 0.571140 0.083335 0.575025 0.080094 0.569674
3 0.219493 0.595542 0.229715 0.593615 0.234211 0.622113 0.223747 0.623764 0.219493 0.595542
3 0.212672 0.638926 0.220225 0.638708 0.220377 0.646468 0.212733 0.646798 0.212672 0.638926
3 0.272448 0.780851 0.279520 0.784084 0.274312 0.794533 0.267536 0.791250 0.272448 0.780851
3 0.243078 0.920764 0.246670 0.913986 0.257669 0.920132 0.254296 0.926785 0.243078 0.920764
4 0.998483 0.999003 0.991510 0.997634 0.986652 0.985874 0.993739 0.969531 0.998862 0.970942 0.998863 0.999003 0.998483 0.999003
4 0.864850 0.999006 0.862448 0.985936 0.871152 0.985163 0.873637 0.999005 0.864850 0.999006
4 0.880473 0.999005 0.877705 0.988638 0.884285 0.987045 0.888843 0.999005 0.880473 0.999005
3 0.228543 0.520736 0.241590 0.509599 0.251741 0.521225 0.237772 0.532204 0.228543 0.520736
3 0.319356 0.476824 0.325833 0.471966 0.333298 0.481819 0.327054 0.486415 0.319356 0.476824
3 0.391886 0.447120 0.403882 0.440289 0.409210 0.448421 0.396676 0.455426 0.391886 0.447120
3 0.408280 0.438221 0.429362 0.427818 0.435241 0.438063 0.414185 0.449087 0.408280 0.438221
3 0.518440 0.342456 0.537685 0.334300 0.542274 0.344692 0.523099 0.353161 0.518440 0.342456
1 0.611491 0.304843 0.626612 0.297036 0.632762 0.310151 0.617519 0.317453 0.611491 0.304843
0 0.645975 0.285520 0.689276 0.260889 0.701843 0.284627 0.657449 0.308161 0.645975 0.285520
3 0.770512 0.150458 0.777984 0.150715 0.777018 0.162318 0.769457 0.161941 0.770512 0.150458
3 0.776056 0.114401 0.784816 0.113281 0.787887 0.134106 0.779739 0.135287 0.776056 0.114401
3 0.873722 0.046810 0.915759 0.059205 0.914340 0.069329 0.911056 0.068717 0.910447 0.071679 0.929003 0.075051 0.925767 0.090456 0.868490 0.077676 0.873722 0.046810
3 0.881940 0.040587 0.883069 0.031277 0.891126 0.026173 0.917777 0.053455 0.911634 0.057731 0.896618 0.048714 0.896007 0.052410 0.880378 0.048339 0.881940 0.040587
3 0.823803 0.090955 0.830519 0.099819 0.821730 0.106391 0.815084 0.097380 0.823803 0.090955
3 0.346773 0.423793 0.350500 0.429384 0.343252 0.432905 0.340146 0.427935 0.346773 0.423793
