3 0.664171 0.495980 0.664919 0.505250 0.644585 0.507193 0.643987 0.497774 0.664171 0.495980
3 0.756111 0.496247 0.763821 0.495880 0.764004 0.501020 0.756294 0.501479 0.756111 0.496247
3 0.675476 0.434161 0.687342 0.434376 0.687342 0.438691 0.675260 0.438332 0.675476 0.434161
3 0.454309 0.263587 0.466281 0.267742 0.468630 0.261537 0.476204 0.264311 0.474052 0.270539 0.483377 0.273337 0.476538 0.293229 0.447632 0.283904 0.454309 0.263587
3 0.703314 0.279014 0.705794 0.293898 0.682515 0.297524 0.680034 0.282640 0.703314 0.279014
3 0.696722 0.514526 0.709730 0.523945 0.705394 0.529327 0.692536 0.519609 0.696722 0.514526
3 0.699862 0.512582 0.712421 0.500322 0.720794 0.508097 0.708384 0.520954 0.699862 0.512582
3 0.735231 0.414898 0.750928 0.421809 0.747648 0.429307 0.732068 0.422044 0.735231 0.414898
3 0.612220 0.606118 0.620425 0.600966 0.630347 0.618712 0.621760 0.622338 0.612220 0.606118
3 0.668194 0.462584 0.690520 0.462775 0.690329 0.475751 0.668004 0.475369 0.668194 0.462584
3 0.998861 0.454568 0.995409 0.461610 0.988532 0.458470 0.992811 0.450475 0.998861 0.453826 0.998861 0.454568
3 0.916383 0.579574 0.929690 0.584358 0.926101 0.591834 0.913243 0.587498 0.916383 0.579574
3 0.971708 0.586048 0.980887 0.586874 0.979602 0.600733 0.970515 0.599907 0.971708 0.586048
3 0.925897 0.632174 0.939827 0.634655 0.936965 0.653736 0.922653 0.651065 0.925897 0.632174
3 0.998861 0.678025 0.991334 0.679324 0.989390 0.673045 0.993726 0.671998 0.992829 0.667513 0.998861 0.665752 0.998861 0.678025
3 0.921244 0.677278 0.935930 0.676360 0.936113 0.684438 0.921978 0.685080 0.921244 0.677278
3 0.954494 0.724434 0.966092 0.724434 0.965740 0.733220 0.954494 0.732751 0.954494 0.724434
3 0.865513 0.535590 0.875053 0.531774 0.881541 0.546848 0.872191 0.550474 0.865513 0.535590
3 0.962171 0.522845 0.974746 0.511831 0.982823 0.521469 0.970982 0.532575 0.962171 0.522845
3 0.474001 0.236242 0.488204 0.233252 0.489101 0.241026 0.475047 0.243418 0.474001 0.236242
3 0.322848 0.964927 0.337022 0.975119 0.331165 0.983202 0.316873 0.972425 0.322848 0.964927
3 0.998861 0.611698 0.992093 0.606584 0.996310 0.600258 0.998861 0.602607 0.998861 0.611698
3 0.668372 0.527427 0.673047 0.523184 0.675780 0.526277 0.680958 0.522321 0.685129 0.527356 0.675205 0.535482 0.668372 0.527427
3 0.967787 0.528159 0.960903 0.533849 0.951816 0.523845 0.955487 0.518796 0.960444 0.522560 0.962171 0.522845 0.967787 0.528159
3 0.865386 0.528355 0.871303 0.525706 0.873554 0.531314 0.867682 0.533874 0.865386 0.528355
3 0.871929 0.526548 0.881598 0.518821 0.886190 0.524252 0.876168 0.532420 0.871929 0.526548
3 0.972611 0.499211 0.979495 0.507197 0.973712 0.511878 0.967195 0.503342 0.972611 0.499211
3 0.772339 0.446552 0.781904 0.447128 0.781185 0.456693 0.771691 0.456045 0.772339 0.446552
3 0.937240 0.517060 0.942863 0.521980 0.937709 0.527369 0.932320 0.522917 0.937240 0.517060
3 0.560220 0.094893 0.562497 0.096135 0.563326 0.099241 0.562083 0.102555 0.558977 0.103590 0.555250 0.102555 0.556285 0.098206 0.560220 0.094893
