0 0.132186 0.307748 0.133428 0.308306 0.134431 0.309796 0.134793 0.311036 0.134731 0.312277 0.133614 0.314015 0.132311 0.315194 0.130511 0.315256 0.128464 0.314449 0.127223 0.312774 0.127223 0.311036 0.128104 0.309265 0.129576 0.307962 0.130873 0.307427 0.132186 0.307748
3 0.262373 0.686446 0.276657 0.690801 0.268068 0.723562 0.277052 0.726351 0.272983 0.741096 0.233476 0.728536 0.238728 0.715063 0.252773 0.718945 0.262373 0.686446
3 0.344202 0.866295 0.350349 0.858183 0.358310 0.851436 0.377060 0.868189 0.363072 0.883475 0.344202 0.866295
3 0.388666 0.901651 0.405961 0.885019 0.426664 0.904427 0.413006 0.916804 0.388666 0.901651
3 0.368994 0.930675 0.385144 0.934000 0.381189 0.955048 0.364850 0.951361 0.368994 0.930675
3 0.340933 0.828821 0.342417 0.821628 0.345902 0.816209 0.361028 0.822085 0.356804 0.834987 0.340933 0.828821
2 0.371977 0.582515 0.371197 0.582302 0.374681 0.570550 0.386068 0.573361 0.382351 0.585907 0.371977 0.582515
3 0.322346 0.608235 0.330173 0.615221 0.318979 0.628352 0.299367 0.648300 0.293391 0.641819 0.312582 0.621786 0.322346 0.608235
0 0.094057 0.369713 0.102432 0.378087 0.100954 0.382275 0.092087 0.375624 0.094057 0.369713
3 0.347025 0.578551 0.347651 0.557268 0.353911 0.557268 0.352868 0.578551 0.347025 0.578551
3 0.371896 0.529775 0.373883 0.537058 0.360199 0.539266 0.357992 0.529996 0.371896 0.529775
3 0.350612 0.751910 0.358028 0.759094 0.351771 0.766277 0.344124 0.758630 0.350612 0.751910
