0 0.907593 0.121467 0.901748 0.120493 0.904427 0.108072 0.913438 0.110021 0.914169 0.104906 0.922449 0.106368 0.922936 0.099549 0.933895 0.100523 0.932677 0.110995 0.951917 0.114648 0.951917 0.116353 0.975296 0.120006 0.975053 0.123659 0.978706 0.123659 0.980167 0.130234 0.987473 0.135349 0.991839 0.136628 0.987436 0.166882 0.983577 0.166864 0.981141 0.181864 0.983908 0.182507 0.980805 0.198608 0.982403 0.200380 0.978642 0.222590 0.969977 0.221950 0.967922 0.232120 0.956540 0.231569 0.955128 0.237955 0.912253 0.232332 0.909910 0.224249 0.910730 0.213471 0.903710 0.206938 0.906054 0.196153 0.930988 0.197839 0.931347 0.202408 0.936741 0.202552 0.937460 0.201257 0.957597 0.203990 0.959780 0.193965 0.961340 0.193874 0.968041 0.163217 0.972892 0.133938 0.949486 0.130725 0.945903 0.131822 0.906517 0.125494 0.907593 0.121467
0 0.811453 0.258597 0.799492 0.258298 0.800538 0.240805 0.805173 0.240506 0.806220 0.226153 0.818330 0.227050 0.823712 0.205371 0.831188 0.205072 0.835225 0.209707 0.855409 0.212847 0.853315 0.227648 0.848830 0.226602 0.847186 0.233778 0.857053 0.235124 0.855409 0.253065 0.840159 0.251271 0.839860 0.260391 0.811453 0.258597
0 0.852025 0.210682 0.854954 0.186199 0.876743 0.187956 0.876157 0.193579 0.880023 0.193930 0.878500 0.206465 0.868426 0.205528 0.867020 0.211971 0.852025 0.210682
0 0.846280 0.656377 0.856059 0.615068 0.878638 0.620000 0.869546 0.669415 0.823239 0.706373 0.810042 0.683299 0.846280 0.656377
0 0.452629 0.192951 0.464291 0.199829 0.460553 0.212986 0.448143 0.207304 0.452629 0.192951
0 0.378092 0.167486 0.407261 0.166783 0.407378 0.183535 0.378443 0.185292 0.378092 0.167486
0 0.358646 0.174514 0.372703 0.173577 0.373172 0.188338 0.358763 0.188689 0.358646 0.174514
0 0.502532 0.289642 0.502326 0.281229 0.511970 0.281845 0.511765 0.290052 0.502532 0.289642
0 0.952158 0.106826 0.950878 0.113519 0.942178 0.111904 0.943623 0.105420 0.952158 0.106826
0 0.953740 0.098615 0.952256 0.106348 0.943730 0.104941 0.945478 0.097100 0.953740 0.098615
0 0.943145 0.105342 0.941699 0.111807 0.933902 0.110360 0.935039 0.104004 0.943145 0.105342
0 0.945000 0.097012 0.943252 0.104863 0.935127 0.103525 0.936567 0.095457 0.945000 0.097012
