3 0.670824 0.794929 0.686199 0.794470 0.697178 0.797876 0.694247 0.821037 0.671070 0.820438 0.670824 0.794929
3 0.696299 0.809625 0.711780 0.809538 0.711953 0.822857 0.697164 0.822944 0.696299 0.809625
3 0.676503 0.833363 0.702754 0.831744 0.706710 0.839296 0.706530 0.849545 0.678481 0.850803 0.676503 0.833363
3 0.706171 0.831205 0.721274 0.830306 0.722533 0.843971 0.708508 0.844510 0.706171 0.831205
3 0.668536 0.863903 0.696303 0.861609 0.699286 0.870099 0.699057 0.879049 0.671749 0.881344 0.668766 0.872853 0.668536 0.863903
3 0.651286 0.948348 0.678796 0.958058 0.671963 0.972262 0.646251 0.961834 0.651286 0.948348
3 0.670447 0.933430 0.681486 0.935748 0.680492 0.946124 0.688992 0.948111 0.687446 0.957162 0.681044 0.955727 0.680934 0.950649 0.666363 0.944689 0.670447 0.933430
3 0.424950 0.842057 0.440233 0.839720 0.444548 0.861836 0.427826 0.863274 0.424950 0.842057
3 0.019807 0.999003 0.018738 0.993411 0.015142 0.984421 0.027369 0.979027 0.031864 0.988197 0.041008 0.984293 0.051591 0.989404 0.057319 0.992384 0.055124 0.999004 0.019807 0.999003
3 0.048765 0.933537 0.060812 0.925986 0.068723 0.937673 0.057755 0.947562 0.048765 0.936414 0.048765 0.933537
3 0.054495 0.950851 0.066637 0.965863 0.056150 0.974252 0.044891 0.956701 0.054495 0.950851
3 0.011701 0.897809 0.017543 0.898064 0.020227 0.900257 0.020227 0.925790 -0.000000 0.926723 -0.000000 0.908935 0.004415 0.909173 0.004747 0.904537 0.005519 0.901777 0.006954 0.900232 0.009493 0.900232 0.009383 0.898576 0.011701 0.897809
3 -0.000000 0.817797 0.024336 0.822980 0.018455 0.847802 0.009633 0.844256 0.010931 0.840105 -0.000000 0.835250 -0.000000 0.817797
3 0.083131 0.809122 0.093556 0.817856 0.101586 0.808135 0.110179 0.815320 0.119196 0.823069 0.108415 0.836126 0.116237 0.843355 0.104525 0.858938 0.092883 0.848504 0.094542 0.846595 0.068932 0.825053 0.083131 0.809122
3 0.130651 0.912228 0.142015 0.900689 0.147668 0.907124 0.150380 0.903697 0.147635 0.898001 0.152775 0.882792 0.163462 0.886325 0.171842 0.895424 0.173387 0.894320 0.177567 0.899066 0.176588 0.900612 0.184718 0.907806 0.184801 0.912837 0.176699 0.918383 0.177705 0.919238 0.175595 0.920591 0.174601 0.919929 0.172946 0.921253 0.170627 0.917280 0.165440 0.921695 0.163164 0.919871 0.154767 0.925510 0.154639 0.929236 0.148330 0.932954 0.143805 0.929753 0.144577 0.926662 0.130651 0.912228
3 0.244775 0.784386 0.251787 0.777374 0.261676 0.789600 0.267070 0.783846 0.276600 0.792657 0.271026 0.797691 0.282893 0.807401 0.274263 0.815851 0.244775 0.784386
3 0.297290 0.562527 0.320353 0.559967 0.322029 0.586523 0.302532 0.588634 0.301026 0.571806 0.297505 0.571906 0.297290 0.562527
0 0.186828 0.620525 0.192764 0.619470 0.195402 0.635298 0.189070 0.636090 0.186828 0.620525
0 0.238745 0.521570 0.254868 0.519916 0.256418 0.527978 0.240812 0.529424 0.238745 0.521570
0 0.292701 0.465898 0.298637 0.466293 0.298901 0.477637 0.293097 0.478165 0.292701 0.465898
0 0.341041 0.650123 0.343521 0.662111 0.335563 0.662835 0.335460 0.665522 0.331739 0.665522 0.331636 0.672860 0.321404 0.673790 0.317994 0.659838 0.322334 0.659114 0.321714 0.656737 0.329982 0.655600 0.329982 0.651776 0.341041 0.650123
0 0.155113 0.611862 0.164478 0.614236 0.170414 0.617666 0.171206 0.630065 0.161181 0.632307 0.152343 0.629142 0.147858 0.619117 0.155113 0.611862
3 0.058603 0.750988 0.066123 0.755070 0.072291 0.757346 0.066069 0.775267 0.059628 0.772754 0.052157 0.767747 0.058603 0.750988
3 0.376374 0.596281 0.382573 0.595622 0.383628 0.597205 0.393257 0.594962 0.397610 0.608944 0.385739 0.611450 0.382705 0.608153 0.378616 0.609472 0.376374 0.596281
3 0.292152 0.804998 0.298484 0.800382 0.309432 0.815023 0.303232 0.820563 0.292152 0.804998
3 0.229864 0.758329 0.236261 0.753784 0.241143 0.759171 0.246699 0.757656 0.250234 0.763379 0.239460 0.768598 0.229864 0.758329
4 0.087282 0.607531 0.085637 0.606186 0.084142 0.603644 0.085787 0.600654 0.089524 0.598411 0.092515 0.601102 0.093561 0.603644 0.092365 0.607382 0.087282 0.607531
4 -0.000000 0.592490 0.004734 0.585239 0.009504 0.587719 0.015801 0.590009 0.020190 0.597833 0.016755 0.605084 0.011603 0.605656 0.009886 0.599168 0.005306 0.594398 -0.000000 0.592490
