0 0.448919 0.586216 0.466688 0.588813 0.462314 0.618747 0.457394 0.617790 0.456983 0.620660 0.444545 0.618610 0.448919 0.586216
3 0.397398 0.521974 0.428425 0.522248 0.428972 0.530722 0.396988 0.529355 0.397398 0.521974
3 0.376116 0.525838 0.376400 0.515479 0.387401 0.515661 0.387401 0.517576 0.393648 0.517657 0.393648 0.526039 0.376116 0.525838
3 0.370213 0.517353 0.374249 0.517474 0.374007 0.523972 0.369567 0.523811 0.370213 0.517353
3 0.380182 0.550622 0.386315 0.550622 0.386151 0.556864 0.380073 0.556864 0.380182 0.550622
3 0.375475 0.560925 0.379636 0.561035 0.379308 0.568591 0.375585 0.568481 0.375475 0.560925
3 0.373259 0.529169 0.402598 0.530803 0.402375 0.543505 0.370808 0.542093 0.369545 0.561702 0.362786 0.561405 0.362489 0.567273 0.347411 0.566382 0.348525 0.544767 0.344811 0.544767 0.345034 0.534889 0.373036 0.536003 0.373259 0.529169
3 0.340621 0.527451 0.349015 0.527896 0.349015 0.531759 0.345746 0.531536 0.345672 0.534061 0.340027 0.533913 0.340621 0.527451
3 0.270064 0.507707 0.283049 0.507844 0.282365 0.521375 0.269927 0.521102 0.270064 0.507707
3 0.266942 0.591843 0.268418 0.534402 0.288528 0.534585 0.288427 0.543150 0.284497 0.543351 0.284451 0.547072 0.300800 0.546821 0.299944 0.592397 0.266942 0.591843
3 0.219948 0.483529 0.241681 0.482845 0.240724 0.500887 0.218581 0.501571 0.219948 0.483529
3 0.217061 0.472274 0.229089 0.472684 0.228952 0.479382 0.216104 0.478835 0.217061 0.472274
3 0.301681 0.750385 0.313982 0.748062 0.317809 0.769931 0.305644 0.772118 0.301681 0.750385
0 0.226801 0.757074 0.228955 0.754474 0.233635 0.754400 0.235714 0.757520 0.235343 0.761679 0.232298 0.763907 0.228584 0.763610 0.225984 0.761011 0.226801 0.757074
0 0.223017 0.774140 0.226576 0.772607 0.229149 0.772771 0.231066 0.775619 0.231011 0.779561 0.227616 0.781313 0.223455 0.780656 0.222305 0.777754 0.223017 0.774140
3 0.291376 0.789170 0.304726 0.793434 0.299163 0.809751 0.285999 0.806043 0.291376 0.789170
0 0.104651 0.759208 0.127231 0.763395 0.119904 0.805714 0.097623 0.801377 0.094333 0.818424 0.067267 0.813490 0.075791 0.768330 0.101361 0.772517 0.104651 0.759208
0 0.114442 0.712636 0.119227 0.715327 0.119975 0.720411 0.116834 0.723701 0.112199 0.722954 0.109956 0.719514 0.110105 0.715477 0.114442 0.712636
0 0.164792 0.376588 0.186700 0.376386 0.184063 0.417767 0.179600 0.418173 0.179397 0.425070 0.170066 0.425476 0.169661 0.418173 0.154852 0.418173 0.154447 0.402211 0.160279 0.402361 0.164792 0.376588
4 0.152516 0.380870 0.161334 0.380980 0.161334 0.388806 0.153177 0.388806 0.152516 0.380870
0 0.065569 0.273166 0.087551 0.272268 0.087551 0.280941 0.064822 0.282437 0.065569 0.273166
3 0.321893 0.429992 0.343575 0.430291 0.341482 0.458104 0.320098 0.458104 0.321893 0.429992
3 0.298565 0.421042 0.310528 0.419845 0.316360 0.430761 0.306042 0.437790 0.298565 0.421042
3 0.316562 0.383032 0.315790 0.408276 0.303334 0.407725 0.303995 0.395930 0.297822 0.395599 0.298440 0.382085 0.316562 0.383032
3 0.213197 0.439505 0.236525 0.431131 0.243254 0.452664 0.223233 0.459905 0.213197 0.439505
3 0.242227 0.422037 0.249116 0.421857 0.249476 0.436893 0.243306 0.437072 0.242227 0.422037
3 0.212769 0.385616 0.235808 0.386278 0.235257 0.401380 0.223462 0.400939 0.223021 0.407994 0.219493 0.407773 0.219604 0.402702 0.212108 0.402813 0.212769 0.385616
0 0.222013 0.331402 0.234874 0.331402 0.234874 0.327065 0.245191 0.326766 0.245191 0.354580 0.223359 0.354281 0.222013 0.331402
3 0.259672 0.320918 0.268644 0.319423 0.270438 0.326601 0.261317 0.328395 0.259672 0.320918
0 0.191962 0.307752 0.215773 0.307531 0.216655 0.322413 0.200009 0.322964 0.199899 0.336192 0.194387 0.335972 0.194387 0.341263 0.190529 0.341373 0.190750 0.335972 0.187333 0.336082 0.191962 0.307752
0 0.204989 0.339956 0.211733 0.339956 0.211733 0.346295 0.204907 0.346132 0.204989 0.339956
0 0.214090 0.340119 0.214171 0.335568 0.219047 0.335812 0.218965 0.340688 0.214090 0.340119
0 0.186853 0.291092 0.186853 0.313822 0.164872 0.313822 0.165171 0.291391 0.186853 0.291092
0 0.166114 0.315249 0.186241 0.315129 0.186002 0.318544 0.165875 0.318424 0.166114 0.315249
0 0.178172 0.264009 0.192799 0.264172 0.192555 0.268316 0.196537 0.268235 0.196280 0.285619 0.176991 0.285500 0.178172 0.264009
0 0.324786 0.307130 0.330965 0.316195 0.322808 0.320935 0.317368 0.312337 0.324786 0.307130
0 0.348907 0.315221 0.358658 0.314327 0.359064 0.320259 0.349069 0.321397 0.348907 0.315221
0 0.156960 0.248325 0.164885 0.215726 0.191204 0.219464 0.185372 0.252213 0.156960 0.248325
0 0.067424 0.225049 0.077742 0.224750 0.076845 0.234918 0.066826 0.235067 0.067424 0.225049
0 0.084805 0.156507 0.108335 0.170909 0.097381 0.187746 0.091410 0.183886 0.079709 0.202250 0.063213 0.192012 0.084805 0.156507
0 0.062908 0.126730 0.064782 0.124525 0.066435 0.123092 0.069301 0.123092 0.070955 0.124856 0.071727 0.128053 0.069301 0.132572 0.064892 0.132793 0.061695 0.130257 0.062908 0.126730
0 0.097143 0.109486 0.103969 0.108917 0.104619 0.116880 0.097224 0.117449 0.097143 0.109486
0 0.213728 0.108765 0.210150 0.089056 0.217626 0.087593 0.217058 0.084099 0.228942 0.081989 0.228131 0.075092 0.242533 0.070629 0.243675 0.075715 0.252273 0.073621 0.260502 0.098323 0.213728 0.108765
0 0.200770 0.046697 0.211237 0.048043 0.210041 0.053127 0.214078 0.056566 0.212433 0.065688 0.191797 0.064193 0.192545 0.055221 0.197928 0.055669 0.200770 0.046697
0 0.191680 0.080541 0.206488 0.078918 0.206691 0.092915 0.192694 0.095146 0.191680 0.080541
0 0.319116 0.083672 0.326065 0.083852 0.325885 0.090381 0.318577 0.089962 0.319116 0.083672
0 0.315941 0.091459 0.321992 0.091759 0.321752 0.098168 0.315582 0.098108 0.315941 0.091459
0 0.309688 0.105016 0.315200 0.104896 0.315200 0.109568 0.309928 0.109808 0.309688 0.105016
0 0.337962 0.084697 0.343406 0.085022 0.342593 0.096398 0.337474 0.096154 0.337962 0.084697
0 0.265362 0.164161 0.281676 0.148728 0.297329 0.160743 0.292258 0.170223 0.285534 0.166806 0.279030 0.172869 0.265362 0.164161
0 0.306654 0.116219 0.312342 0.120932 0.308116 0.127920 0.301697 0.123126 0.306654 0.116219
0 0.289751 0.142222 0.297309 0.129870 0.302997 0.133121 0.295927 0.145310 0.289751 0.142222
0 0.300351 0.142325 0.306744 0.142545 0.306414 0.153899 0.298477 0.153789 0.300351 0.142325
0 0.305261 0.135129 0.310648 0.138265 0.308087 0.142680 0.302744 0.139678 0.305261 0.135129
0 0.316474 0.119651 0.323842 0.124623 0.316294 0.135346 0.308447 0.130074 0.316474 0.119651
0 0.299143 0.198591 0.313748 0.196765 0.316385 0.217659 0.301983 0.217253 0.299143 0.198591
0 0.318787 0.226811 0.365442 0.220979 0.369479 0.251185 0.339722 0.255073 0.337030 0.241465 0.320731 0.243110 0.318787 0.226811
0 0.356662 0.266837 0.364268 0.261435 0.369449 0.268821 0.361953 0.273120 0.356662 0.266837
0 0.346103 0.325398 0.360102 0.321981 0.364071 0.340390 0.348892 0.342432 0.346103 0.325398
2 0.423959 0.211109 0.450635 0.223345 0.446998 0.229629 0.421424 0.216952 0.423959 0.211109
3 0.493436 0.203337 0.514490 0.222518 0.504680 0.233872 0.499278 0.228581 0.488365 0.238722 0.485279 0.234974 0.477893 0.242580 0.483625 0.249084 0.470618 0.262422 0.451658 0.245777 0.463122 0.232990 0.468523 0.237620 0.486381 0.217447 0.482633 0.214030 0.493436 0.203337
3 0.500542 0.206196 0.509237 0.197420 0.517038 0.205627 0.507936 0.214891 0.500542 0.206196
3 0.486412 0.255511 0.492913 0.260793 0.488200 0.265831 0.480886 0.259493 0.486412 0.255511
3 0.401069 0.297167 0.415724 0.294176 0.416770 0.302700 0.403611 0.305840 0.401069 0.297167
3 0.462238 0.297446 0.469183 0.294800 0.471057 0.300422 0.464333 0.302958 0.462238 0.297446
3 0.388232 0.327724 0.418737 0.319200 0.414251 0.305742 0.450588 0.295424 0.456570 0.313069 0.451336 0.314714 0.455075 0.327724 0.447897 0.329817 0.452383 0.344023 0.444158 0.346266 0.441766 0.338341 0.433242 0.340584 0.435635 0.349107 0.428308 0.351649 0.424569 0.342229 0.417840 0.344173 0.415298 0.335948 0.392569 0.342827 0.388232 0.327724
3 0.378704 0.332736 0.385768 0.329929 0.391375 0.346750 0.384224 0.348457 0.378704 0.332736
3 0.387086 0.296058 0.395353 0.293082 0.398881 0.302672 0.390834 0.306310 0.387086 0.296058
3 0.518284 0.340844 0.528205 0.335222 0.533276 0.344482 0.523576 0.349442 0.518284 0.340844
3 0.507504 0.358463 0.521261 0.356519 0.524850 0.383884 0.513485 0.385828 0.507504 0.358463
3 0.339552 0.353494 0.356968 0.343904 0.360716 0.351730 0.357960 0.353053 0.359724 0.356140 0.345173 0.364077 0.339552 0.353494
3 0.365725 0.360606 0.378733 0.359283 0.379174 0.365566 0.372780 0.366889 0.373001 0.370416 0.366166 0.369976 0.365725 0.360606
3 0.380891 0.362657 0.386278 0.362348 0.386455 0.365616 0.380759 0.365969 0.380891 0.362657
3 0.392474 0.366537 0.405371 0.365986 0.405481 0.369514 0.409229 0.369403 0.409229 0.374254 0.394678 0.374033 0.392474 0.366537
0 0.364778 0.470849 0.374123 0.470605 0.373717 0.475968 0.380705 0.475806 0.380949 0.492708 0.364453 0.492627 0.364778 0.470849
0 0.357290 0.410038 0.371399 0.410479 0.371179 0.419628 0.356187 0.418856 0.357290 0.410038
0 0.376589 0.459021 0.392793 0.458911 0.392683 0.475556 0.376064 0.475343 0.376589 0.459021
3 0.513502 0.461692 0.525187 0.456842 0.529817 0.466542 0.518022 0.471723 0.513502 0.461692
3 0.434963 0.479793 0.440496 0.477102 0.446627 0.478896 0.447674 0.484280 0.442889 0.488766 0.438403 0.489663 0.433767 0.485775 0.434963 0.479793
3 0.454403 0.479494 0.465768 0.480392 0.465020 0.487420 0.452908 0.486822 0.454403 0.479494
3 0.558393 0.374891 0.562944 0.374648 0.562619 0.364490 0.570988 0.364490 0.570988 0.373835 0.579927 0.373835 0.580008 0.375704 0.587403 0.375216 0.587403 0.395938 0.558230 0.396588 0.558393 0.374891
3 0.559531 0.398907 0.570257 0.398176 0.570664 0.403295 0.559856 0.403701 0.559531 0.398907
3 0.534143 0.299615 0.563962 0.293935 0.565179 0.301035 0.536172 0.307526 0.534143 0.299615
3 0.540687 0.381992 0.554356 0.380449 0.554687 0.389268 0.540026 0.390701 0.540687 0.381992
3 0.627885 0.319150 0.637216 0.320976 0.632550 0.345318 0.622205 0.343086 0.627885 0.319150
3 0.385097 0.100680 0.418802 0.105962 0.413771 0.134132 0.382331 0.129605 0.385097 0.100680
3 0.410359 0.095241 0.410460 0.100783 0.405767 0.100625 0.405767 0.095195 0.410359 0.095241
3 0.405278 0.095195 0.405278 0.100605 0.398772 0.100380 0.399074 0.095140 0.405278 0.095195
3 0.345291 0.178944 0.374586 0.179500 0.374586 0.190254 0.345661 0.189883 0.345291 0.178944
0 0.147518 0.343130 0.159273 0.343677 0.158453 0.371150 0.146698 0.370740 0.147518 0.343130
0 0.144889 0.331951 0.151338 0.331951 0.151540 0.326409 0.161212 0.326610 0.160809 0.338399 0.148920 0.338097 0.148920 0.341019 0.144990 0.341120 0.144889 0.331951
3 0.531050 0.401959 0.541164 0.392254 0.545948 0.396765 0.536927 0.406059 0.531050 0.401959
0 0.535138 0.194472 0.538847 0.193545 0.542740 0.195213 0.542184 0.200034 0.536992 0.200220 0.534211 0.197438 0.535138 0.194472
3 0.545336 0.192803 0.550528 0.185015 0.555719 0.188353 0.550713 0.195584 0.545336 0.192803
3 0.553471 0.194943 0.558005 0.195447 0.557098 0.206128 0.552564 0.205422 0.553471 0.194943
0 0.522502 0.306216 0.523658 0.306111 0.525128 0.306636 0.526179 0.307372 0.526914 0.308632 0.526599 0.310313 0.526074 0.312099 0.524498 0.312834 0.522397 0.312729 0.521557 0.311888 0.520191 0.310733 0.520086 0.309683 0.520717 0.308317 0.521137 0.307372 0.521977 0.306636 0.522502 0.306216
3 0.623422 0.363202 0.625525 0.362939 0.627891 0.363465 0.628679 0.365305 0.628942 0.366882 0.627628 0.369511 0.626839 0.370299 0.624473 0.370562 0.623159 0.370299 0.621319 0.368985 0.620793 0.367933 0.621056 0.366619 0.621582 0.365305 0.621845 0.364516 0.622896 0.363727 0.623685 0.362676 0.623422 0.363202
3 0.536027 0.417157 0.537950 0.417157 0.539873 0.419080 0.541027 0.421388 0.540258 0.423696 0.539873 0.425619 0.535642 0.426388 0.534488 0.426388 0.531411 0.424465 0.532180 0.421388 0.532565 0.419849 0.533719 0.417926 0.536027 0.417157
0 0.382836 0.367801 0.384743 0.369947 0.384982 0.371616 0.385459 0.373523 0.384028 0.374954 0.382836 0.375669 0.379736 0.375908 0.378783 0.375431 0.377352 0.374239 0.377114 0.373285 0.376637 0.372808 0.376398 0.371139 0.376875 0.369947 0.377114 0.369232 0.378067 0.368278 0.379337 0.367291 0.380726 0.367239 0.381833 0.367401 0.382836 0.367801
0 0.251742 0.254062 0.254097 0.255132 0.254739 0.256203 0.254525 0.257487 0.254311 0.258985 0.253883 0.259842 0.253026 0.260056 0.250886 0.259842 0.249387 0.259627 0.248103 0.258129 0.248317 0.257273 0.248959 0.256417 0.249387 0.254490 0.251742 0.254062
