0 -0.000000 0.015719 0.029319 0.017995 0.026241 0.072369 -0.000000 0.072164 -0.000000 0.054651 0.008595 0.055339 0.008390 0.044874 -0.000000 0.044565 -0.000000 0.015719
0 0.130031 0.000006 0.130365 0.003691 0.145739 0.006030 0.142063 0.034440 0.128025 0.033103 0.124600 0.040078 0.093360 0.033654 0.097139 0.012870 0.101420 0.000005 0.130031 0.000006
0 0.084009 0.124871 0.110720 0.076948 0.153667 0.097898 0.139788 0.121990 0.125909 0.118062 0.112553 0.141107 0.084009 0.124871
0 0.153302 0.156906 0.172419 0.130457 0.175823 0.130457 0.187084 0.119720 0.220080 0.143812 0.185774 0.188593 0.164039 0.171571 0.168491 0.164500 0.153302 0.156906
0 -0.000000 0.179557 0.008612 0.166464 0.011689 0.167490 0.021128 0.151691 0.055394 0.171799 0.033439 0.209143 0.017435 0.201756 0.017229 0.200525 0.009843 0.195806 0.005944 0.198884 -0.000000 0.196421 -0.000000 0.179557
0 0.234301 0.136498 0.234611 0.134874 0.236312 0.133714 0.238323 0.133482 0.239947 0.134410 0.240952 0.135647 0.241261 0.137426 0.240720 0.138818 0.239792 0.140596 0.238477 0.141060 0.236544 0.141060 0.235616 0.140751 0.234920 0.140055 0.234224 0.139204 0.234301 0.136498
0 0.217288 0.133172 0.217366 0.131858 0.218835 0.130543 0.220227 0.129925 0.221773 0.130002 0.223784 0.130930 0.224712 0.132013 0.224944 0.133714 0.224944 0.135570 0.224248 0.137348 0.222933 0.138122 0.222005 0.138122 0.221000 0.138122 0.219763 0.137967 0.218371 0.137503 0.217520 0.135802 0.217288 0.133172
0 0.573900 0.042426 0.581081 0.032987 0.594008 0.022318 0.601395 0.029704 0.606935 0.026626 0.614732 0.035244 0.621093 0.032166 0.628684 0.040989 0.614937 0.053916 0.619861 0.059046 0.601600 0.076692 0.589494 0.064791 0.584775 0.068074 0.578004 0.061098 0.582723 0.053506 0.573900 0.042426
0 0.642643 0.076129 0.649190 0.061464 0.676687 0.069582 0.690043 0.075344 0.690828 0.081890 0.700779 0.085819 0.687162 0.120648 0.673021 0.116458 0.674330 0.111220 0.664903 0.106245 0.655999 0.123790 0.636882 0.113577 0.649976 0.080843 0.642643 0.076129
0 0.717609 0.080748 0.742207 0.080426 0.743654 0.077211 0.758123 0.076890 0.758605 0.090555 0.760213 0.090876 0.763107 0.090876 0.764071 0.117403 0.717127 0.119815 0.717609 0.080748
0 0.793659 0.098498 0.793337 0.078884 0.829912 0.078158 0.829650 0.082086 0.845624 0.082872 0.844839 0.117701 0.842220 0.119534 0.841696 0.123463 0.814461 0.125034 0.814199 0.112464 0.805034 0.111416 0.803986 0.101465 0.793659 0.098498
0 0.866865 0.084056 0.897242 0.084842 0.897242 0.088770 0.920811 0.090603 0.920549 0.131193 0.906932 0.132241 0.905884 0.125170 0.892791 0.124908 0.893052 0.143763 0.873674 0.143501 0.874197 0.103959 0.865817 0.103697 0.866865 0.084056
0 0.915640 0.000005 0.916478 0.014594 0.883784 0.015395 0.883289 0.007521 0.877907 0.007521 0.877698 0.000006 0.915640 0.000005
0 0.801141 0.000007 0.801462 0.006661 0.794227 0.006178 0.794066 0.010680 0.747926 0.009876 0.749693 0.000008 0.801141 0.000007
0 0.597935 0.379348 0.611067 0.386324 0.611682 0.384067 0.607374 0.381605 0.611888 0.371140 0.643281 0.383656 0.639382 0.397404 0.643897 0.398430 0.638562 0.406842 0.637331 0.406637 0.632817 0.418538 0.617838 0.413408 0.614555 0.415871 0.602449 0.410741 0.598961 0.403765 0.589317 0.399866 0.597935 0.379348
0 0.670478 0.417031 0.678435 0.412992 0.679221 0.408016 0.696766 0.408540 0.696243 0.412992 0.709463 0.412927 0.725673 0.414158 0.723211 0.449861 0.710489 0.450066 0.710079 0.453144 0.694690 0.453144 0.694074 0.449245 0.675403 0.445962 0.674992 0.442679 0.668426 0.442064 0.670478 0.417031
0 0.749406 0.399432 0.792092 0.395504 0.795496 0.422739 0.771404 0.427714 0.771142 0.435832 0.781617 0.435309 0.783450 0.449974 0.755691 0.453378 0.749406 0.399432
0 0.699524 0.356812 0.701371 0.340807 0.704243 0.340807 0.705885 0.327881 0.736663 0.329933 0.736868 0.331984 0.769697 0.334447 0.767030 0.364609 0.760874 0.366045 0.760669 0.377741 0.714092 0.370559 0.708552 0.366250 0.706706 0.358043 0.699524 0.356812
0 0.998849 0.369343 0.986937 0.380925 0.971342 0.361472 0.977291 0.355041 0.977291 0.350861 0.983078 0.345074 0.981631 0.342823 0.998849 0.328959 0.998849 0.369343
0 0.894782 0.458465 0.920344 0.445443 0.922273 0.447533 0.934974 0.442870 0.959732 0.489332 0.919058 0.508464 0.901052 0.471809 0.894782 0.458465
0 0.847394 0.492044 0.864918 0.486095 0.869580 0.496063 0.881477 0.491883 0.894499 0.520500 0.868615 0.531593 0.874564 0.546705 0.858648 0.552653 0.839677 0.499118 0.848680 0.495259 0.847394 0.492044
0 0.787643 0.513413 0.806726 0.507873 0.810214 0.514849 0.828065 0.509924 0.844274 0.562862 0.835862 0.570044 0.838734 0.575378 0.797697 0.582355 0.788874 0.550551 0.793183 0.548294 0.787643 0.513413
0 0.722533 0.528007 0.750816 0.526436 0.751863 0.533245 0.768623 0.533507 0.773075 0.592429 0.727771 0.594000 0.724105 0.554981 0.722533 0.528007
0 0.644464 0.576014 0.655987 0.515783 0.688197 0.524949 0.685840 0.535948 0.699981 0.538566 0.694220 0.569991 0.690554 0.569991 0.688721 0.586228 0.644464 0.576014
0 0.883098 0.571833 0.898287 0.594092 0.895406 0.598282 0.905619 0.611114 0.865291 0.646467 0.833604 0.608757 0.883098 0.571833
0 0.566201 0.510615 0.577691 0.484762 0.619549 0.501587 0.613804 0.511641 0.618318 0.514104 0.603544 0.546523 0.568458 0.535032 0.570509 0.528877 0.566816 0.527030 0.571330 0.515540 0.566201 0.510615
0 0.551887 0.552613 0.585145 0.556279 0.616569 0.560993 0.612379 0.597132 0.605571 0.597132 0.604523 0.606559 0.553720 0.598703 0.556077 0.580372 0.553458 0.579586 0.551887 0.552613
0 0.559977 0.617585 0.573332 0.616799 0.572809 0.610253 0.587997 0.611300 0.588521 0.616538 0.613923 0.616799 0.615232 0.656604 0.563905 0.658961 0.564429 0.650319 0.557358 0.649010 0.556311 0.627536 0.561024 0.626751 0.559977 0.617585
0 0.557865 0.897729 0.575871 0.874256 0.580694 0.876186 0.586642 0.866379 0.595485 0.872006 0.582784 0.890976 0.595645 0.898211 0.607864 0.880205 0.631175 0.894192 0.621690 0.911233 0.617671 0.909143 0.603684 0.926988 0.557865 0.897729
0 0.559030 0.980644 0.573188 0.959920 0.579138 0.963203 0.590218 0.952123 0.632692 0.979002 0.622330 0.999009 0.587235 0.999009 0.559030 0.980644
0 0.262376 0.999008 0.269221 0.982995 0.283305 0.989202 0.285137 0.985085 0.295882 0.989716 0.292229 0.999008 0.262376 0.999008
0 0.163412 0.944143 0.202397 0.908646 0.229481 0.940449 0.211630 0.957890 0.209373 0.960557 0.211835 0.962404 0.191112 0.981897 0.178390 0.969586 0.173876 0.972663 0.157666 0.957685 0.160744 0.953991 0.165669 0.948451 0.163412 0.944143
0 0.116849 0.882693 0.136490 0.860172 0.172628 0.885836 0.153249 0.920665 0.142513 0.914904 0.134133 0.916737 0.113706 0.903119 0.125491 0.892121 0.116849 0.882693
0 0.034755 0.799349 0.057736 0.785397 0.069226 0.800786 0.078870 0.795861 0.075382 0.788680 0.091181 0.780267 0.105544 0.805710 0.054658 0.840386 0.042142 0.817200 0.044193 0.815559 0.034755 0.799349
0 0.078325 0.696978 0.085134 0.711905 0.091157 0.708501 0.105036 0.732593 0.048209 0.762709 0.041924 0.751972 0.045067 0.748830 0.029878 0.722118 0.078325 0.696978
0 0.029003 0.652105 0.042096 0.645297 0.044453 0.647653 0.051262 0.644511 0.053357 0.646344 0.063570 0.642940 0.074569 0.663628 0.069855 0.668341 0.075093 0.685101 0.028479 0.707099 0.011981 0.668603 0.031098 0.657081 0.029003 0.652105
0 0.107940 0.594873 0.160263 0.570866 0.179140 0.610057 0.121893 0.636731 0.109171 0.608826 0.113070 0.606979 0.107940 0.594873
0 0.089057 0.545347 0.100318 0.564988 0.109483 0.557655 0.099008 0.538015 0.126767 0.523612 0.146669 0.565773 0.095866 0.588556 0.082772 0.566297 0.086176 0.563155 0.080677 0.549799 0.089057 0.545347
0 -0.000000 0.387903 0.010534 0.378507 0.033685 0.370147 0.057083 0.412047 0.026254 0.428465 0.017251 0.413996 0.007765 0.418980 -0.000000 0.406391 -0.000000 0.387903
0 -0.000000 0.328456 0.001652 0.326205 0.007440 0.337781 0.012263 0.336655 0.018854 0.348070 0.022069 0.346784 0.028500 0.362700 -0.000000 0.377008 -0.000000 0.328456
0 0.157591 0.435539 0.169081 0.427947 0.165388 0.422817 0.178520 0.414610 0.186932 0.424869 0.196987 0.417072 0.220583 0.444157 0.192062 0.473908 0.187753 0.464470 0.182829 0.466932 0.157591 0.435539
0 0.146799 0.328167 0.166963 0.304598 0.185294 0.316644 0.190532 0.309050 0.183461 0.304336 0.196817 0.289671 0.219600 0.309050 0.179533 0.356449 0.162511 0.344141 0.166963 0.339689 0.146799 0.328167
0 0.235989 0.361297 0.263073 0.328467 0.288926 0.346524 0.282361 0.356167 0.292415 0.365606 0.276410 0.388792 0.235989 0.361297
0 0.286277 0.410554 0.283397 0.407936 0.304347 0.374416 0.314560 0.379915 0.320845 0.374940 0.346770 0.394580 0.341009 0.404793 0.333153 0.404269 0.315607 0.438051 0.283921 0.419196 0.286016 0.415268 0.286277 0.410554
0 0.353978 0.397531 0.396246 0.416408 0.391732 0.430566 0.382704 0.427693 0.378395 0.438158 0.383114 0.441851 0.368135 0.477759 0.324295 0.457227 0.335716 0.428309 0.353978 0.397531
0 0.276473 0.531092 0.289828 0.521665 0.301089 0.518261 0.330157 0.500977 0.343251 0.525069 0.339323 0.527426 0.346393 0.543139 0.294804 0.569588 0.276473 0.531092
0 0.421226 0.427592 0.444795 0.437805 0.443747 0.443566 0.457626 0.450375 0.442961 0.489656 0.435629 0.503797 0.395824 0.485990 0.402388 0.468217 0.421226 0.427592
0 0.470127 0.482667 0.475754 0.469163 0.479611 0.470954 0.484086 0.461042 0.493524 0.465146 0.496491 0.458114 0.510068 0.464606 0.507682 0.469660 0.522508 0.475947 0.505352 0.516741 0.467114 0.502583 0.474647 0.484843 0.470127 0.482667
0 0.432930 0.596964 0.431494 0.578497 0.443395 0.576856 0.441343 0.552234 0.495307 0.548746 0.497669 0.597331 0.480385 0.597855 0.479862 0.591308 0.472529 0.591570 0.473577 0.600736 0.443199 0.602831 0.443199 0.597855 0.432930 0.596964
0 0.456684 0.625679 0.494918 0.620441 0.503036 0.655532 0.494132 0.655794 0.492823 0.671507 0.463755 0.674911 0.456684 0.625679
0 0.455758 0.685554 0.496914 0.683464 0.496753 0.697933 0.505274 0.697612 0.505435 0.726228 0.449809 0.729604 0.450774 0.693753 0.454632 0.693592 0.455758 0.685554
0 0.478422 0.765984 0.482190 0.790271 0.490308 0.788438 0.488999 0.779534 0.491356 0.778749 0.491356 0.765655 0.510473 0.765393 0.511782 0.801532 0.506545 0.802579 0.505497 0.807555 0.455932 0.807881 0.455697 0.796049 0.452213 0.795517 0.453127 0.766521 0.478422 0.765984
0 0.383070 0.760089 0.407897 0.761730 0.407487 0.820003 0.365629 0.816720 0.364193 0.765629 0.382660 0.766039 0.383070 0.760089
0 0.469471 0.853518 0.475763 0.839621 0.507113 0.853448 0.501461 0.866998 0.508399 0.870007 0.496663 0.895569 0.486624 0.891145 0.489190 0.885674 0.479067 0.880407 0.477647 0.884256 0.446309 0.872011 0.450179 0.863381 0.455208 0.865565 0.461937 0.850232 0.469471 0.853518
0 0.382270 0.888036 0.397061 0.883695 0.398692 0.888587 0.417708 0.883374 0.419086 0.887071 0.426964 0.885074 0.440307 0.928067 0.422354 0.932750 0.424858 0.940934 0.401004 0.948059 0.382270 0.888036
0 0.313031 0.886594 0.327804 0.886800 0.328009 0.891314 0.357146 0.891314 0.358582 0.927016 0.345450 0.925785 0.344835 0.932966 0.314672 0.932761 0.313031 0.886594
0 0.253328 0.847293 0.272781 0.843274 0.270370 0.833467 0.259598 0.834271 0.262170 0.843113 0.251560 0.844399 0.248827 0.835075 0.244968 0.835396 0.241914 0.809352 0.285643 0.804850 0.288376 0.808709 0.295128 0.810156 0.297861 0.824786 0.289340 0.826715 0.289662 0.833146 0.303488 0.832181 0.304774 0.844882 0.294163 0.846650 0.294806 0.855814 0.255579 0.862084 0.253328 0.847293
0 0.998849 0.199606 0.988878 0.199318 0.987431 0.172630 0.984215 0.172791 0.984055 0.156875 0.990807 0.155910 0.990646 0.149640 0.998849 0.149922 0.998849 0.199606
0 0.998849 0.134804 0.989190 0.133942 0.988226 0.112238 0.984689 0.111756 0.984850 0.094232 0.991280 0.093750 0.991441 0.087802 0.998849 0.087941 0.998849 0.134804
0 0.998849 0.071281 0.982125 0.067057 0.983356 0.045718 0.992384 0.046539 0.992589 0.043256 0.988280 0.041409 0.990127 0.023763 0.998849 0.023763 0.998849 0.071281
0 0.628402 0.963486 0.634588 0.953897 0.643404 0.960702 0.638146 0.970678 0.628402 0.963486
