4 0.357394 0.000009 0.352618 0.004954 0.345510 0.000008 0.357394 0.000009
3 0.333960 0.000008 0.350269 0.013496 0.322297 0.048942 0.303933 0.033781 0.321229 0.012001 0.310553 0.003033 0.312966 0.000008 0.333960 0.000008
0 0.205424 0.000007 0.218481 0.011068 0.228719 0.000007 0.257424 0.000008 0.260509 0.005559 0.229027 0.036096 0.230129 0.037198 0.221944 0.044439 0.212027 0.034207 0.214073 0.032633 0.191564 0.012170 0.201516 0.000007 0.205424 0.000007
0 0.288590 0.070548 0.280903 0.063288 0.291152 0.049836 0.303537 0.057523 0.307380 0.052398 0.327025 0.067345 0.312719 0.086563 0.309302 0.084214 0.294782 0.105994 0.273643 0.090193 0.288590 0.070548
0 0.349163 0.057179 0.374146 0.051414 0.380125 0.088355 0.363469 0.090704 0.364751 0.097537 0.344252 0.100099 0.342543 0.081522 0.353220 0.080881 0.349163 0.057179
0 0.335912 0.131235 0.326933 0.121965 0.339388 0.108931 0.366037 0.136159 0.332147 0.168311 0.314767 0.149483 0.335912 0.131235
3 0.379431 0.108572 0.401734 0.101620 0.412452 0.137828 0.406659 0.138697 0.409845 0.151442 0.392465 0.155787 0.388989 0.140435 0.384644 0.140435 0.382906 0.133483 0.387251 0.132614 0.379431 0.108572
0 0.379493 0.188280 0.371241 0.178457 0.384994 0.166669 0.396389 0.179636 0.393639 0.182779 0.405427 0.198497 0.372813 0.226003 0.357095 0.205570 0.379493 0.188280
1 0.420751 0.165490 0.444721 0.159989 0.460045 0.218144 0.432933 0.221680 0.420751 0.165490
0 0.388138 0.255866 0.427824 0.227574 0.441970 0.246828 0.431754 0.252722 0.448257 0.275906 0.432147 0.287694 0.415643 0.264118 0.399926 0.273155 0.388138 0.255866
0 0.439095 0.292558 0.462671 0.275269 0.477996 0.300810 0.483104 0.298059 0.484283 0.300417 0.490475 0.296146 0.499657 0.309385 0.452680 0.344404 0.442431 0.329884 0.458873 0.318567 0.439095 0.292558
0 0.469493 0.339038 0.490638 0.324554 0.521921 0.370900 0.499328 0.385963 0.494114 0.377852 0.481948 0.385383 0.473837 0.370900 0.484555 0.364528 0.469493 0.339038
0 0.507366 0.389970 0.523736 0.385562 0.534598 0.431210 0.498236 0.439868 0.494616 0.421766 0.498866 0.421451 0.498394 0.416886 0.510357 0.414053 0.507366 0.389970
0 0.535112 0.457611 0.534472 0.450564 0.549846 0.452273 0.546216 0.499676 0.526357 0.498182 0.526144 0.481099 0.499666 0.478537 0.499880 0.473412 0.505859 0.473412 0.508207 0.454621 0.535112 0.457611
0 0.504532 0.017405 0.545954 0.004660 0.552616 0.021750 0.541898 0.022909 0.548271 0.045213 0.517567 0.053034 0.513222 0.039999 0.507429 0.041447 0.504532 0.034206 0.510036 0.032178 0.504532 0.017405
0 0.516613 0.064173 0.554269 0.053456 0.562380 0.080974 0.551373 0.084450 0.558035 0.107623 0.527620 0.114864 0.521248 0.082422 0.516903 0.083581 0.515165 0.078077 0.519799 0.076339 0.516613 0.064173
0 0.577050 0.118755 0.587001 0.150268 0.574562 0.153171 0.558035 0.107623 0.587416 0.098023 0.594050 0.112535 0.577050 0.118755
0 0.579526 0.129009 0.586511 0.124953 0.583807 0.119094 0.587638 0.117292 0.601608 0.145007 0.587001 0.150268 0.579526 0.129009
0 0.571207 0.161727 0.584951 0.157446 0.585853 0.163755 0.592838 0.162403 0.590810 0.155869 0.605005 0.152038 0.609061 0.169839 0.597344 0.173670 0.600499 0.187865 0.613568 0.184260 0.620778 0.205215 0.616497 0.206116 0.615145 0.203412 0.584501 0.210848 0.581572 0.194174 0.586754 0.192597 0.585627 0.188766 0.579093 0.190118 0.571207 0.161727
0 0.590001 0.222761 0.589084 0.215120 0.610786 0.209312 0.618427 0.234682 0.605895 0.238656 0.608341 0.246297 0.619344 0.244158 0.624541 0.260358 0.590001 0.270139 0.580220 0.226124 0.590001 0.222761
0 0.605081 0.274597 0.622882 0.271217 0.629416 0.299833 0.642485 0.296904 0.645865 0.315606 0.613193 0.322140 0.605081 0.274597
0 0.631245 0.330634 0.648056 0.326966 0.658755 0.387487 0.634913 0.393600 0.625743 0.348974 0.634301 0.346223 0.631245 0.330634
0 0.647987 0.461190 0.673695 0.451239 0.681158 0.466995 0.696500 0.462434 0.703549 0.479849 0.650060 0.500996 0.643426 0.482752 0.652548 0.479434 0.647987 0.461190
0 0.632035 0.398744 0.665383 0.390182 0.669665 0.402349 0.665609 0.403926 0.678002 0.436599 0.651188 0.443809 0.638344 0.409560 0.634739 0.408208 0.632035 0.398744
0 0.617578 0.068483 0.659148 0.050755 0.677487 0.090185 0.661287 0.096604 0.655480 0.083155 0.628887 0.093548 0.617578 0.068483
0 0.681549 0.143973 0.698361 0.137554 0.714866 0.179735 0.665349 0.199298 0.656791 0.176679 0.683689 0.165369 0.682772 0.163229 0.687968 0.160784 0.681549 0.143973
0 0.701482 0.139507 0.717030 0.128691 0.725142 0.140633 0.733253 0.137028 0.733253 0.132747 0.744294 0.127790 0.758940 0.153026 0.726268 0.173080 0.711397 0.150548 0.708467 0.152576 0.701482 0.139507
0 0.671383 0.237588 0.712036 0.220776 0.717844 0.235143 0.728236 0.231780 0.735878 0.246758 0.713259 0.254705 0.710202 0.246452 0.682081 0.258067 0.671383 0.237588
0 0.732756 0.221129 0.743759 0.194231 0.781967 0.210737 0.766073 0.255363 0.747122 0.247722 0.754152 0.229382 0.732756 0.221129
0 0.729827 0.331620 0.728169 0.317522 0.746828 0.313790 0.755535 0.349449 0.704119 0.363133 0.699558 0.341157 0.729827 0.331620
0 0.777652 0.244593 0.805773 0.232672 0.821973 0.270575 0.785905 0.285858 0.780097 0.270880 0.788962 0.266907 0.777652 0.244593
0 0.788239 0.294163 0.826094 0.302049 0.823164 0.320300 0.812574 0.318948 0.806265 0.350494 0.778550 0.345762 0.780127 0.334721 0.764129 0.332919 0.767059 0.313090 0.784859 0.315794 0.788239 0.294163
0 0.731393 0.413889 0.768073 0.393409 0.793749 0.437119 0.774186 0.446594 0.765016 0.429172 0.744231 0.439259 0.731393 0.413889
0 0.772674 0.384986 0.819746 0.366035 0.832889 0.394461 0.818829 0.403020 0.815466 0.397824 0.800183 0.403020 0.803240 0.409744 0.791319 0.415246 0.786123 0.405771 0.782455 0.406382 0.772674 0.384986
0 0.833195 0.363895 0.877516 0.354419 0.885463 0.386514 0.837168 0.396601 0.833195 0.363895
0 0.866197 0.292048 0.892178 0.290825 0.892484 0.326893 0.909601 0.328422 0.907461 0.347067 0.907461 0.349818 0.862835 0.346761 0.866197 0.292048
0 0.849986 0.230098 0.888194 0.219705 0.893084 0.239573 0.874744 0.243852 0.882386 0.272890 0.860073 0.278698 0.849986 0.230098
0 0.845560 0.182298 0.855511 0.214640 0.830633 0.221274 0.816120 0.170688 0.859658 0.159077 0.865048 0.176907 0.845560 0.182298
0 0.829179 0.123635 0.832911 0.135660 0.849912 0.133172 0.856960 0.152245 0.841204 0.156392 0.839545 0.150172 0.821301 0.153489 0.810520 0.107049 0.840789 0.098756 0.847009 0.118659 0.829179 0.123635
0 0.764461 0.000007 0.772642 0.019608 0.743956 0.040420 0.713251 0.000008 0.764461 0.000007
0 0.689451 0.000008 0.670833 0.015671 0.661834 0.006671 0.668696 0.000008 0.689451 0.000008
0 0.694025 0.011716 0.710531 0.026387 0.694330 0.045950 0.700749 0.050840 0.707780 0.043505 0.718172 0.052674 0.709308 0.059399 0.705334 0.056342 0.691274 0.070708 0.685772 0.066735 0.683021 0.070097 0.669877 0.060622 0.674157 0.055120 0.665904 0.047784 0.694025 0.011716
0 0.758346 0.108517 0.779131 0.085898 0.797777 0.104543 0.762626 0.138778 0.731754 0.108823 0.745814 0.095374 0.758346 0.108517
0 0.774839 0.055564 0.791650 0.051285 0.798069 0.067179 0.807850 0.064734 0.806628 0.061372 0.811518 0.060149 0.808462 0.050062 0.800209 0.051896 0.799903 0.048839 0.833526 0.039669 0.838417 0.058009 0.824050 0.059843 0.829247 0.079100 0.784620 0.089798 0.774839 0.055564
0 0.907692 0.000005 0.908739 0.004396 0.873079 0.013518 0.871208 0.000006 0.907692 0.000005
0 0.889250 0.021811 0.909568 0.016835 0.920763 0.057470 0.883860 0.066178 0.880128 0.050007 0.894641 0.045860 0.889250 0.021811
0 0.905836 0.076544 0.920763 0.073227 0.924495 0.088154 0.931129 0.085252 0.938178 0.108886 0.931544 0.110545 0.935691 0.120911 0.906251 0.128789 0.902519 0.110545 0.917446 0.105984 0.914544 0.097276 0.899617 0.102252 0.890909 0.074056 0.904178 0.070324 0.905836 0.076544
0 0.911190 0.136666 0.955206 0.127191 0.968960 0.175180 0.941451 0.180376 0.934115 0.151644 0.915164 0.155312 0.911190 0.136666
0 0.949683 0.214671 0.942958 0.216199 0.938985 0.199388 0.953351 0.195108 0.954573 0.199999 0.963438 0.198471 0.974747 0.236067 0.940207 0.246154 0.935317 0.226591 0.952128 0.223535 0.949683 0.214671
0 0.958526 0.252772 0.978699 0.247576 0.991232 0.290980 0.957609 0.300150 0.941714 0.250327 0.957609 0.245436 0.958526 0.252772
0 0.998851 0.341588 0.966489 0.347907 0.963127 0.328956 0.975965 0.326817 0.971380 0.304503 0.998851 0.299845 0.998851 0.341588
0 0.998851 0.401991 0.975499 0.397774 0.977158 0.370822 0.963475 0.369578 0.965133 0.352163 0.983792 0.353407 0.983792 0.358797 0.998851 0.359740 0.998851 0.401991
0 0.998851 0.454742 0.970109 0.465361 0.967206 0.443384 0.978816 0.442141 0.970938 0.410628 0.998851 0.405525 0.998851 0.454742
0 0.998851 0.529490 0.994681 0.530167 0.976255 0.479427 0.990353 0.475280 0.993670 0.480256 0.998851 0.478499 0.998851 0.529490
0 0.998851 0.558258 0.993377 0.561192 0.984254 0.541704 0.998851 0.534986 0.998851 0.558258
0 0.883670 0.499253 0.906890 0.490960 0.908548 0.495107 0.912280 0.495107 0.916012 0.504644 0.913524 0.507961 0.916841 0.515424 0.934256 0.510863 0.939647 0.529522 0.895694 0.544864 0.883670 0.499253
0 0.962452 0.580109 0.937573 0.590889 0.931354 0.575133 0.923890 0.577621 0.911866 0.545693 0.944208 0.532425 0.962452 0.580109
0 0.950772 0.609716 0.963626 0.637497 0.930040 0.649522 0.918430 0.623399 0.912210 0.626302 0.902673 0.606814 0.961553 0.586496 0.966528 0.598935 0.963626 0.599765 0.964455 0.601838 0.950772 0.609716
0 0.874879 0.664465 0.895970 0.653767 0.920117 0.682193 0.890468 0.705729 0.879158 0.692280 0.890773 0.684027 0.874879 0.664465
0 0.855550 0.627163 0.844546 0.606072 0.871139 0.591401 0.888561 0.625329 0.891312 0.630220 0.853105 0.648254 0.845769 0.633582 0.855550 0.627163
0 0.805936 0.564045 0.835454 0.550300 0.844016 0.566749 0.813146 0.581395 0.805936 0.564045
0 0.859731 0.569738 0.873019 0.564091 0.878999 0.578044 0.865710 0.583857 0.859731 0.569738
0 0.846276 0.586515 0.853917 0.583525 0.859462 0.598103 0.853265 0.600646 0.846276 0.586515
0 0.799220 0.511600 0.820400 0.503714 0.825132 0.516107 0.812514 0.519036 0.819274 0.534809 0.804853 0.539090 0.799896 0.526021 0.792911 0.528951 0.788404 0.516558 0.799220 0.511600
0 0.638892 0.565529 0.644283 0.582530 0.677454 0.572578 0.684503 0.597871 0.631429 0.616116 0.618160 0.570505 0.638892 0.565529
0 0.730466 0.597471 0.755344 0.586690 0.763637 0.604105 0.767784 0.603276 0.775247 0.617788 0.730466 0.637691 0.720514 0.620691 0.735441 0.614056 0.730466 0.597471
0 0.660258 0.626690 0.681349 0.633720 0.682571 0.630358 0.699077 0.637388 0.693575 0.656339 0.677375 0.655422 0.669122 0.682932 0.644669 0.674679 0.660258 0.626690
0 0.506452 0.552768 0.530501 0.549865 0.537965 0.605842 0.515159 0.610403 0.513916 0.595891 0.510184 0.595891 0.508940 0.580549 0.511013 0.579305 0.511013 0.570183 0.507281 0.570183 0.506452 0.552768
0 0.477525 0.689450 0.505034 0.703511 0.497087 0.720016 0.468966 0.708401 0.477525 0.689450
0 0.502283 0.684560 0.512982 0.679058 0.515427 0.683643 0.521540 0.681197 0.530710 0.701982 0.514510 0.709624 0.502283 0.684560
0 0.561582 0.685476 0.574725 0.683337 0.576559 0.693424 0.564333 0.695869 0.561582 0.685476
0 0.431940 0.761666 0.441891 0.740934 0.468014 0.752958 0.458477 0.774105 0.463868 0.775764 0.445209 0.813911 0.411622 0.797325 0.425720 0.760836 0.430696 0.764154 0.431940 0.761666
0 0.484226 0.762064 0.486552 0.758742 0.492532 0.763393 0.492033 0.764555 0.498511 0.769705 0.499674 0.767877 0.514457 0.779006 0.512796 0.781664 0.526915 0.794288 0.522430 0.798606 0.526084 0.801596 0.516118 0.815549 0.510969 0.811396 0.505321 0.814220 0.494691 0.804254 0.491203 0.806247 0.482399 0.799271 0.478579 0.790301 0.470606 0.782494 0.470938 0.775850 0.466620 0.771532 0.477915 0.757911 0.484226 0.762064
0 0.497756 0.851016 0.513651 0.832982 0.527406 0.818921 0.540549 0.804861 0.562557 0.824117 0.558278 0.828397 0.598319 0.865993 0.607795 0.855601 0.636222 0.882193 0.620633 0.899616 0.610240 0.892892 0.600459 0.903590 0.649365 0.948522 0.612074 0.988258 0.578146 0.961666 0.578146 0.957386 0.529545 0.918567 0.500202 0.886778 0.481862 0.870578 0.500507 0.852238 0.497756 0.851016
0 0.524366 0.999009 0.540050 0.981775 0.560439 0.999009 0.524366 0.999009
0 0.404594 0.823195 0.411353 0.808999 0.422394 0.812154 0.428929 0.818913 0.421042 0.837615 0.446504 0.864880 0.436590 0.880202 0.446504 0.891693 0.423070 0.919859 0.407072 0.908818 0.409551 0.904762 0.378681 0.876596 0.399637 0.823870 0.404594 0.823195
0 0.273946 0.764334 0.290532 0.748578 0.327020 0.782993 0.311264 0.799165 0.307532 0.794604 0.279336 0.822799 0.267726 0.811189 0.292605 0.785481 0.273946 0.764334
0 0.208700 0.999007 0.212831 0.993024 0.216320 0.996180 0.225621 0.981895 0.235089 0.988041 0.232432 0.992692 0.236418 0.995847 0.234522 0.999007 0.208700 0.999007
0 0.168697 0.999006 0.198511 0.959471 0.220015 0.973671 0.200192 0.999007 0.168697 0.999006
0 0.154937 0.999006 0.142036 0.992193 0.164792 0.957976 0.184724 0.972593 0.166155 0.999006 0.154937 0.999006
0 0.230170 0.977744 0.237478 0.966283 0.251763 0.976249 0.244953 0.986381 0.230170 0.977744
0 0.223593 0.934588 0.237653 0.945592 0.226955 0.960264 0.212283 0.948343 0.223593 0.934588
0 0.182940 0.931837 0.197306 0.916249 0.214117 0.927252 0.200363 0.944981 0.182940 0.931837
0 0.123840 0.886322 0.133529 0.871676 0.148400 0.883844 0.138486 0.897814 0.123840 0.886322
0 0.102208 0.909305 0.119108 0.920797 0.121136 0.917868 0.130149 0.923726 0.129698 0.925979 0.142992 0.935218 0.119333 0.969918 0.106715 0.960679 0.113024 0.948737 0.088013 0.930035 0.102208 0.909305
0 0.141190 0.955722 0.151329 0.943329 0.165299 0.953018 0.156061 0.966763 0.141190 0.955722
0 0.055700 0.923874 0.106398 0.856502 0.126903 0.870022 0.126002 0.872050 0.075529 0.939647 0.055700 0.923874
0 0.079585 0.832393 0.100991 0.849517 0.093780 0.857404 0.087696 0.867093 0.068318 0.852221 0.069896 0.841631 0.079585 0.832393
0 0.055091 0.884261 0.050134 0.893950 0.060949 0.899583 0.054640 0.910173 0.036163 0.897329 0.056893 0.865333 0.072891 0.875698 0.064104 0.890344 0.055091 0.884261
0 -0.000000 0.884842 -0.000000 0.843806 0.003216 0.837031 0.006372 0.838359 0.009694 0.831051 0.023481 0.841848 0.007037 0.861282 0.013182 0.868092 -0.000000 0.884842
0 0.051846 0.815046 0.066041 0.824059 0.064013 0.828114 0.071449 0.831945 0.057930 0.854252 0.034045 0.840057 0.051846 0.815046
0 0.029512 0.806713 0.034920 0.800179 0.047313 0.809417 0.030188 0.830823 0.015992 0.820683 0.025231 0.807615 0.027484 0.809417 0.029512 0.806713
0 -0.000000 0.798687 -0.000000 0.773528 0.028183 0.790867 0.014664 0.809118 -0.000000 0.798687
0 0.403188 0.593515 0.411763 0.596403 0.407521 0.606422 0.399307 0.604346 0.403188 0.593515
0 0.253155 0.582367 0.262393 0.575156 0.268477 0.583493 0.259690 0.589803 0.253155 0.582367
0 0.209597 0.730501 0.223117 0.743344 0.207344 0.760919 0.193824 0.748301 0.209597 0.730501
0 0.243988 0.999007 0.259730 0.976903 0.274827 0.988620 0.279333 0.986142 0.295441 0.999008 0.243988 0.999007
0 0.709179 0.543278 0.728742 0.535942 0.740051 0.564063 0.718044 0.572622 0.709179 0.543278
0 0.637335 0.000009 0.640463 0.028602 0.607834 0.035306 0.596659 0.024132 0.599788 0.016086 0.614985 0.013404 0.614092 0.000009 0.637335 0.000009
