0 0.066981 0.950492 0.079812 0.951775 0.076949 0.972305 0.063329 0.970725 0.066981 0.950492
0 0.091150 0.879305 0.107526 0.874770 0.111934 0.888500 0.094929 0.892657 0.091150 0.879305
1 0.208596 0.669725 0.214062 0.651719 0.233354 0.656703 0.227567 0.676799 0.208596 0.669725
0 0.369747 0.749173 0.398883 0.714292 0.407296 0.718601 0.435201 0.692542 0.445050 0.701775 0.454488 0.695004 0.471519 0.712445 0.423916 0.753687 0.410579 0.739940 0.387393 0.763741 0.369747 0.749173
0 0.687248 0.262583 0.710114 0.266439 0.704862 0.293347 0.728228 0.296630 0.725881 0.322980 0.722760 0.322789 0.720652 0.339224 0.716912 0.338937 0.716197 0.348349 0.680820 0.343570 0.682811 0.328858 0.671189 0.325850 0.680682 0.289463 0.682755 0.290005 0.687248 0.262583
0 0.905283 0.233946 0.943925 0.208507 0.965747 0.240969 0.928145 0.267920 0.924783 0.260505 0.911769 0.243309 0.905283 0.233946
0 0.950442 0.203013 0.964751 0.185007 0.979220 0.196421 0.963786 0.214749 0.950442 0.203013
0 0.150857 0.898374 0.169119 0.902067 0.162963 0.941463 0.143881 0.938180 0.150857 0.898374
0 0.130544 0.952133 0.147779 0.955211 0.143470 0.992349 0.125414 0.989887 0.130544 0.952133
3 0.217005 0.646117 0.218913 0.637339 0.228645 0.639248 0.226737 0.648598 0.217005 0.646117
0 0.911769 0.243309 0.924783 0.260505 0.917346 0.267012 0.902474 0.277702 0.888530 0.259111 0.911769 0.243309
