3 0.262042 0.890087 0.264192 0.907533 0.272434 0.907055 0.274465 0.925212 0.230984 0.932259 0.228715 0.913028 0.236240 0.912430 0.233851 0.893318 0.262042 0.890087
0 0.208535 0.812424 0.210220 0.808025 0.214151 0.801193 0.218082 0.797355 0.221639 0.796045 0.226131 0.794828 0.229875 0.794548 0.235303 0.795016 0.242042 0.797730 0.246441 0.801473 0.251214 0.806528 0.253928 0.814015 0.254583 0.821315 0.252992 0.830394 0.247377 0.838256 0.242323 0.840876 0.235865 0.842374 0.228471 0.841906 0.220983 0.839660 0.212747 0.834512 0.208161 0.824965 0.207787 0.817104 0.208535 0.812424
0 0.198656 0.623685 0.218956 0.621059 0.221560 0.641441 0.223806 0.640973 0.227644 0.671297 0.205138 0.674626 0.198656 0.623685
0 0.198710 0.619038 0.184657 0.621854 0.183352 0.614694 0.197397 0.611948 0.198710 0.619038
1 0.205899 0.610222 0.218367 0.608073 0.219343 0.614421 0.206876 0.616472 0.205899 0.610222
2 0.157179 0.517536 0.157975 0.516369 0.158823 0.515468 0.159937 0.514567 0.161050 0.513930 0.162270 0.513188 0.163595 0.512658 0.164974 0.512393 0.167201 0.512817 0.170011 0.513930 0.171231 0.515309 0.171761 0.516688 0.172079 0.519498 0.172026 0.521672 0.171284 0.523369 0.170011 0.524959 0.168367 0.526020 0.166299 0.526921 0.163648 0.526974 0.161686 0.526762 0.160308 0.526179 0.158717 0.525171 0.157232 0.523263 0.156649 0.520930 0.156649 0.519869 0.157179 0.517536
3 0.899061 0.999005 0.917568 0.979055 0.921023 0.982165 0.920418 0.982769 0.940467 0.999004 0.899061 0.999005
3 0.934464 0.987790 0.933584 0.963292 0.940284 0.958961 0.951788 0.958555 0.952465 0.987384 0.934464 0.987790
0 0.962031 0.951917 0.962682 0.950876 0.964016 0.950029 0.965318 0.949574 0.967337 0.949704 0.969192 0.950387 0.970722 0.951885 0.971341 0.953870 0.971438 0.955791 0.971015 0.957516 0.969322 0.959079 0.967011 0.959469 0.963854 0.958916 0.962128 0.957256 0.961607 0.955531 0.961510 0.953675 0.962031 0.951917
3 0.853040 0.874492 0.886040 0.860354 0.888906 0.860354 0.892271 0.860562 0.894806 0.861392 0.896758 0.862556 0.897714 0.864010 0.898753 0.866087 0.898503 0.868663 0.897132 0.871405 0.895449 0.872879 0.902099 0.886930 0.902876 0.890816 0.905899 0.897208 0.870055 0.913791 0.853040 0.874492
3 0.821828 0.751042 0.837573 0.744402 0.842496 0.755716 0.857006 0.749757 0.856207 0.747780 0.867543 0.742502 0.871603 0.752521 0.863419 0.756597 0.869465 0.769466 0.877152 0.766357 0.883814 0.780493 0.876076 0.784010 0.878046 0.789215 0.842170 0.803284 0.834432 0.784151 0.862429 0.772614 0.857364 0.760796 0.843296 0.766846 0.842029 0.763610 0.829086 0.769238 0.821828 0.751042
3 0.771069 0.857598 0.786923 0.851394 0.787347 0.847947 0.788726 0.844872 0.791802 0.843122 0.795036 0.842645 0.798073 0.843247 0.800396 0.845223 0.802096 0.847506 0.817533 0.844801 0.819734 0.848929 0.821929 0.849972 0.824131 0.850957 0.829287 0.850228 0.829397 0.860296 0.818002 0.861589 0.815047 0.863277 0.812233 0.864824 0.812796 0.877346 0.802405 0.877886 0.801810 0.866518 0.796824 0.866607 0.791241 0.870131 0.781001 0.876079 0.780438 0.873828 0.778187 0.874673 0.775654 0.874673 0.773685 0.874110 0.771434 0.872703 0.769667 0.870983 0.768901 0.868764 0.768766 0.866575 0.768901 0.864418 0.769183 0.862573 0.769970 0.860119 0.771069 0.857598
1 0.754484 0.838484 0.765991 0.830921 0.773978 0.842311 0.771526 0.843987 0.772742 0.845552 0.763202 0.852041 0.759345 0.847371 0.759074 0.844800 0.754484 0.838484
3 0.723022 0.949243 0.707883 0.952643 0.706009 0.945919 0.704025 0.946139 0.701459 0.923169 0.700946 0.915823 0.700821 0.911165 0.710418 0.909899 0.710287 0.905591 0.729122 0.903467 0.729452 0.906884 0.736287 0.906222 0.739043 0.919340 0.741909 0.918789 0.743553 0.929530 0.739696 0.930410 0.740982 0.937245 0.721195 0.942272 0.723022 0.949243
0 0.844553 0.615214 0.847937 0.612090 0.867416 0.629497 0.857464 0.642270 0.853641 0.638567 0.846832 0.644779 0.832618 0.629608 0.819956 0.640598 0.801219 0.620174 0.813479 0.608288 0.822745 0.617647 0.825740 0.614840 0.823026 0.611751 0.832198 0.602766 0.844553 0.615214
0 0.885180 0.615987 0.873644 0.632545 0.857627 0.619707 0.868641 0.603811 0.885180 0.615987
0 0.825924 0.577611 0.834724 0.593011 0.823651 0.603058 0.812283 0.590486 0.818104 0.585406 0.816523 0.582679 0.825924 0.577611
0 0.906012 0.473337 0.904366 0.478435 0.918131 0.484295 0.913573 0.495526 0.909103 0.493389 0.904352 0.503318 0.907551 0.505014 0.904194 0.512861 0.900166 0.511382 0.895751 0.521499 0.889344 0.518743 0.883813 0.531307 0.887089 0.532617 0.882878 0.541696 0.874297 0.538379 0.877974 0.530363 0.870881 0.526816 0.867314 0.533838 0.862474 0.531869 0.866013 0.524771 0.860112 0.521902 0.858645 0.524542 0.848907 0.520025 0.854183 0.507300 0.869720 0.514881 0.869753 0.512906 0.869870 0.511479 0.870599 0.509742 0.871685 0.508516 0.873683 0.507125 0.875766 0.506341 0.877769 0.506083 0.880108 0.506270 0.887930 0.486256 0.873092 0.481592 0.877873 0.465862 0.906012 0.473337
0 0.945270 0.403915 0.956637 0.393648 0.960597 0.397535 0.964850 0.393941 0.978857 0.409415 0.974384 0.414255 0.971744 0.411175 0.969617 0.413228 0.976217 0.419828 0.959315 0.435862 0.959912 0.436937 0.948344 0.447812 0.944898 0.443999 0.941891 0.446712 0.944311 0.450012 0.931918 0.460792 0.912518 0.437769 0.933696 0.417596 0.934820 0.418593 0.940681 0.413479 0.939072 0.411296 0.946502 0.405333 0.945270 0.403915
0 0.998848 0.349353 0.981412 0.349630 0.981240 0.332835 0.998848 0.333051 0.998848 0.349353
3 0.915102 0.316148 0.937190 0.324946 0.933821 0.333931 0.932697 0.333556 0.926988 0.349654 0.928766 0.350216 0.926146 0.356861 0.902841 0.347876 0.915102 0.316148
2 0.745608 0.397549 0.744349 0.410649 0.759605 0.410414 0.759729 0.413056 0.780938 0.412005 0.781349 0.417059 0.785343 0.416778 0.785998 0.429975 0.784875 0.430068 0.785156 0.434748 0.776009 0.435617 0.776158 0.444079 0.744426 0.446166 0.743551 0.427224 0.733660 0.427667 0.719040 0.416856 0.728918 0.391405 0.745608 0.397549
0 0.709488 0.533163 0.720465 0.510372 0.752066 0.525590 0.728740 0.574070 0.708006 0.564313 0.706329 0.567515 0.681174 0.555318 0.696115 0.526657 0.709488 0.533163
0 0.394906 0.000009 0.394895 0.001623 0.394375 0.002405 0.393561 0.003121 0.391901 0.003576 0.390403 0.003642 0.389329 0.003576 0.388515 0.003186 0.387767 0.002665 0.387311 0.002209 0.386757 0.001526 0.386302 0.000386 0.386017 0.000009 0.394906 0.000009
3 0.481273 0.039863 0.508244 0.012508 0.519259 0.023669 0.529608 0.005226 0.557622 0.023089 0.548986 0.040405 0.530874 0.032208 0.502177 0.062153 0.495883 0.055589 0.487357 0.063642 0.474837 0.049498 0.483499 0.042528 0.481273 0.039863
3 0.670078 0.202422 0.639896 0.212302 0.635023 0.198023 0.639151 0.196941 0.637865 0.193489 0.664664 0.184827 0.670078 0.202422
0 0.806246 0.281491 0.814883 0.268277 0.834057 0.280973 0.824124 0.296261 0.819892 0.293065 0.816610 0.297815 0.806764 0.290647 0.810883 0.285276 0.806246 0.281491
0 0.944375 0.273590 0.959667 0.276946 0.956942 0.289133 0.941620 0.286046 0.944375 0.273590
0 0.932463 0.390120 0.938085 0.395080 0.913723 0.421426 0.908322 0.416466 0.932463 0.390120
0 0.675320 0.199694 0.675711 0.170288 0.684262 0.170547 0.684089 0.189203 0.682620 0.189289 0.682448 0.199653 0.675320 0.199694
0 0.702436 0.174585 0.702312 0.189353 0.697472 0.189105 0.697472 0.174337 0.702436 0.174585
0 0.899010 0.399892 0.900371 0.401006 0.900743 0.403482 0.900743 0.406453 0.897276 0.406825 0.893934 0.405463 0.895543 0.401006 0.899010 0.399892
0 0.890711 0.451924 0.892870 0.453805 0.893755 0.455798 0.892482 0.459119 0.888885 0.459838 0.886339 0.457846 0.886394 0.453584 0.888774 0.451924 0.890711 0.451924
0 0.885717 0.447997 0.887999 0.447574 0.889060 0.448252 0.889936 0.449378 0.890102 0.451038 0.889256 0.451637 0.887136 0.452405 0.885785 0.451647 0.884711 0.450042 0.885717 0.447997
0 0.821516 0.736805 0.824672 0.738096 0.827254 0.740679 0.825102 0.745843 0.820368 0.745700 0.818073 0.741826 0.818503 0.738240 0.821516 0.736805
0 0.849667 0.835536 0.853213 0.836082 0.854213 0.840718 0.852849 0.843900 0.848304 0.843900 0.845940 0.842627 0.845849 0.838991 0.846486 0.836355 0.849667 0.835536
3 0.174884 0.910565 0.189734 0.931698 0.179834 0.938552 0.165936 0.915896 0.174884 0.910565
0 0.164904 0.547858 0.168489 0.553313 0.163657 0.555807 0.160540 0.550196 0.164904 0.547858
