3 0.469595 0.116546 0.478373 0.108150 0.486578 0.115783 0.477800 0.124751 0.469595 0.116546
3 0.541180 0.179933 0.553964 0.173445 0.565223 0.198824 0.553010 0.204740 0.541180 0.179933
3 0.549380 0.214291 0.549747 0.211629 0.564833 0.204412 0.569848 0.211905 0.553669 0.220573 0.549380 0.214291
3 0.508260 0.392631 0.514653 0.389407 0.523255 0.411257 0.517046 0.414420 0.508260 0.392631
0 0.876622 0.598535 0.889032 0.599283 0.885892 0.625447 0.873483 0.624999 0.876622 0.598535
3 0.900401 0.221290 0.909751 0.220643 0.910326 0.228338 0.900545 0.228913 0.900401 0.221290
3 0.897063 0.214479 0.905143 0.214435 0.905231 0.220307 0.897240 0.220616 0.897063 0.214479
0 0.874155 0.597464 0.872660 0.615555 0.835133 0.613312 0.837376 0.594773 0.874155 0.597464
3 0.794565 0.306096 0.795932 0.306959 0.797442 0.309620 0.796076 0.312713 0.792839 0.313072 0.790610 0.310483 0.789747 0.308110 0.791473 0.306240 0.794565 0.306096
3 0.795098 0.313344 0.797803 0.313119 0.799268 0.313683 0.800113 0.315711 0.799155 0.317176 0.797070 0.317627 0.794873 0.317120 0.793802 0.314810 0.795098 0.313344
3 0.535077 0.229217 0.551306 0.229499 0.551249 0.237670 0.534964 0.237275 0.535077 0.229217
3 0.573375 0.193258 0.582645 0.192065 0.584481 0.200877 0.575211 0.202437 0.573375 0.193258
