0 0.149451 0.064154 0.160314 0.063555 0.161084 0.062358 0.162795 0.060390 0.164677 0.059535 0.167585 0.058936 0.169210 0.059193 0.170836 0.059877 0.172803 0.060989 0.180843 0.060989 0.197352 0.048586 0.215144 0.048158 0.215486 0.062015 0.216342 0.062956 0.217967 0.064154 0.218908 0.067404 0.219507 0.069628 0.218822 0.071852 0.216769 0.073221 0.215486 0.073820 0.213776 0.073649 0.211466 0.073649 0.196497 0.083913 0.196240 0.085196 0.195128 0.087591 0.194187 0.089559 0.193161 0.090842 0.191450 0.091611 0.188200 0.090927 0.186318 0.090328 0.185291 0.089131 0.184607 0.088447 0.164506 0.089730 0.164078 0.091783 0.162795 0.092809 0.160999 0.093921 0.159630 0.093921 0.157834 0.093408 0.156807 0.092980 0.155695 0.091868 0.155353 0.091013 0.154498 0.089986 0.150306 0.088960 0.150050 0.081775 0.148681 0.081347 0.147826 0.081090 0.146970 0.080577 0.146286 0.079551 0.146286 0.078268 0.146286 0.077156 0.146286 0.075787 0.147655 0.073991 0.148596 0.073734 0.149708 0.073392 0.149451 0.064154
0 0.117989 0.120621 0.122747 0.128628 0.114624 0.133269 0.109867 0.125379 0.117989 0.120621
3 0.383887 0.055907 0.383598 0.066625 0.381280 0.066335 0.381570 0.079949 0.371432 0.079370 0.372011 0.061411 0.376935 0.061700 0.376646 0.056197 0.383887 0.055907
0 -0.000000 0.678571 0.012871 0.679731 0.012554 0.682066 0.011014 0.695744 0.006257 0.695280 0.004168 0.705723 -0.000000 0.704795 -0.000000 0.678571
0 0.012554 0.682066 0.020940 0.687047 0.019868 0.696695 0.019681 0.697675 0.011315 0.692630 0.012554 0.682066
0 0.032793 0.681229 0.058808 0.683323 0.058697 0.686630 0.055831 0.699968 0.029706 0.698976 0.032793 0.681229
0 0.058697 0.686630 0.095275 0.690232 0.093182 0.701747 0.080920 0.700849 0.080023 0.706831 0.050863 0.705485 0.049966 0.700102 0.055831 0.699968 0.058697 0.686630
0 0.523642 0.000009 0.532768 0.030062 0.498080 0.039191 0.487534 0.000009 0.523642 0.000009
0 0.508991 0.073421 0.524401 0.075072 0.521649 0.116349 0.505413 0.115798 0.507340 0.095435 0.513944 0.095985 0.514494 0.089656 0.508991 0.088831 0.508991 0.073421
0 0.581573 0.085445 0.593236 0.081408 0.601760 0.064211 0.614769 0.070492 0.612526 0.076025 0.614321 0.077221 0.612237 0.080797 0.612887 0.083478 0.629058 0.089898 0.632647 0.088692 0.635183 0.083401 0.638820 0.085274 0.647639 0.068409 0.671260 0.078990 0.663145 0.101912 0.657060 0.099073 0.650569 0.106781 0.652192 0.108809 0.638398 0.118749 0.634138 0.116315 0.632109 0.122198 0.609593 0.114286 0.611621 0.107592 0.597219 0.097450 0.582816 0.098261 0.581573 0.085445
0 0.842452 0.012767 0.886065 0.024127 0.879574 0.040355 0.875720 0.056177 0.837787 0.041775 0.842047 0.027169 0.838395 0.025750 0.842452 0.012767
0 0.916362 0.153500 0.936647 0.148428 0.940907 0.165873 0.921027 0.171553 0.916362 0.153500
0 0.926707 0.130055 0.946446 0.123625 0.947193 0.125269 0.972016 0.117344 0.979942 0.137083 0.952427 0.146055 0.950483 0.140073 0.930894 0.146055 0.926707 0.130055
0 0.951678 0.071404 0.952780 0.078790 0.942859 0.080112 0.941867 0.073057 0.951678 0.071404
0 0.898007 0.263627 0.920274 0.264619 0.919613 0.279831 0.897125 0.278839 0.898007 0.263627
0 0.920715 0.272335 0.928432 0.272445 0.928652 0.267595 0.950919 0.267705 0.951140 0.271012 0.955549 0.272115 0.962714 0.267705 0.967564 0.279390 0.954336 0.286224 0.945077 0.286224 0.944526 0.294602 0.920385 0.293610 0.920715 0.272335
0 0.816086 0.375643 0.817849 0.354147 0.820936 0.354588 0.823409 0.323762 0.844344 0.325407 0.843895 0.334678 0.871260 0.336772 0.869466 0.355015 0.856755 0.353819 0.856306 0.359202 0.838063 0.357707 0.835371 0.381034 0.815932 0.379090 0.816086 0.375643
0 0.912011 0.456756 0.909171 0.457364 0.891523 0.440933 0.883814 0.448236 0.871846 0.433428 0.874280 0.429979 0.871237 0.427545 0.893551 0.408477 0.902071 0.418214 0.902274 0.421663 0.906736 0.425314 0.925399 0.408274 0.942844 0.427545 0.912011 0.456756
0 0.938202 0.403643 0.929229 0.389437 0.933267 0.387642 0.929977 0.381960 0.938949 0.377175 0.942389 0.383306 0.945678 0.381811 0.954052 0.394072 0.938202 0.403643
0 0.945439 0.378704 0.937069 0.376104 0.939588 0.366109 0.948364 0.369197 0.945439 0.378704
0 0.921630 0.363590 0.933575 0.364890 0.932600 0.374316 0.919598 0.372691 0.921630 0.363590
0 0.667465 0.246050 0.686452 0.249077 0.678197 0.316770 0.659210 0.314294 0.667465 0.246050
0 0.806896 0.456402 0.806148 0.475393 0.796458 0.474089 0.772981 0.472294 0.769213 0.473150 0.769961 0.454159 0.806896 0.456402
0 0.737362 0.458047 0.752016 0.458645 0.750671 0.487057 0.735717 0.486309 0.737362 0.458047
0 0.890934 0.595651 0.902598 0.611053 0.878223 0.629745 0.866709 0.614044 0.890934 0.595651
0 0.894121 0.595470 0.913411 0.581563 0.918944 0.588591 0.928066 0.581114 0.936440 0.592030 0.931654 0.595918 0.928514 0.591731 0.927019 0.593227 0.929411 0.596666 0.916850 0.606386 0.908775 0.598012 0.900102 0.605040 0.894121 0.595470
0 0.781074 0.567344 0.781071 0.567440 0.789339 0.568983 0.787796 0.590699 0.793528 0.591250 0.792425 0.603376 0.782394 0.602715 0.782504 0.600069 0.771922 0.599297 0.772363 0.595990 0.766962 0.595880 0.767070 0.592715 0.769596 0.592420 0.771705 0.566386 0.781074 0.567344
0 0.781953 0.555645 0.781074 0.567344 0.771705 0.566386 0.769596 0.592420 0.767070 0.592715 0.759135 0.592132 0.761119 0.569094 0.765088 0.569314 0.766080 0.554322 0.781953 0.555645
0 0.782488 0.603612 0.778100 0.629453 0.762173 0.627340 0.764123 0.617914 0.763311 0.617589 0.764042 0.603856 0.771518 0.604343 0.772005 0.601093 0.782488 0.603612
0 0.772981 0.472294 0.796458 0.474089 0.796757 0.480070 0.774027 0.479023 0.772981 0.472294
0 0.789189 0.497686 0.787866 0.511255 0.766161 0.508415 0.767500 0.494854 0.789189 0.497686
0 0.790300 0.486304 0.789189 0.497686 0.767500 0.494854 0.768595 0.483667 0.768595 0.483261 0.790300 0.486304
0 0.225841 0.494416 0.242581 0.495310 0.242418 0.498479 0.243474 0.498641 0.243393 0.506605 0.239818 0.506361 0.239574 0.512699 0.237671 0.512479 0.238112 0.526589 0.217388 0.524825 0.218931 0.497708 0.225104 0.498259 0.225841 0.494416
0 0.235649 0.418705 0.247270 0.418945 0.247030 0.428949 0.235050 0.428649 0.235649 0.418705
0 0.100827 0.708951 0.104565 0.690179 0.135769 0.696436 0.135525 0.698143 0.133331 0.717320 0.133493 0.719027 0.099933 0.715370 0.100827 0.708951
0 0.135525 0.698143 0.161284 0.700093 0.161528 0.698630 0.166648 0.701068 0.162341 0.719596 0.133331 0.717320 0.135525 0.698143
0 0.171397 0.709156 0.171722 0.705662 0.177735 0.706312 0.178060 0.703468 0.194718 0.705743 0.192931 0.721670 0.190574 0.726384 0.175216 0.725165 0.175216 0.721508 0.169040 0.720858 0.168634 0.716551 0.166196 0.715820 0.167090 0.709481 0.171397 0.709156
0 0.194996 0.725136 0.197239 0.709286 0.219370 0.712575 0.218922 0.720650 0.216081 0.721099 0.214735 0.735454 0.210398 0.734707 0.210548 0.733361 0.209501 0.733211 0.209501 0.729921 0.203968 0.729323 0.203669 0.732314 0.195146 0.731118 0.196043 0.725136 0.194996 0.725136
0 0.203669 0.732314 0.203968 0.729323 0.209501 0.729921 0.209501 0.733211 0.210548 0.733361 0.210398 0.734707 0.212230 0.735550 0.212119 0.739849 0.199663 0.738416 0.200104 0.734117 0.203190 0.734778 0.203669 0.732314
0 0.202086 0.738571 0.212119 0.739849 0.214946 0.740515 0.214049 0.755618 0.201937 0.753973 0.202086 0.738571
0 0.214946 0.740515 0.219432 0.741263 0.217040 0.758908 0.218236 0.762497 0.216890 0.773114 0.203731 0.770273 0.202086 0.779245 0.187432 0.776703 0.193712 0.737973 0.199663 0.738416 0.202086 0.738571 0.201937 0.753973 0.214049 0.755618 0.214946 0.740515
0 0.260585 0.742573 0.258717 0.743645 0.258108 0.736748 0.259814 0.727929 0.262569 0.719602 0.268200 0.720201 0.268260 0.718464 0.275688 0.719422 0.275688 0.721279 0.287650 0.722685 0.293482 0.731208 0.291090 0.751545 0.286006 0.746760 0.260585 0.742573
0 0.259528 0.747093 0.286913 0.751759 0.291090 0.751545 0.290159 0.768798 0.286102 0.789489 0.255877 0.788272 0.255268 0.776912 0.256282 0.754193 0.259325 0.754193 0.259528 0.747093
0 0.257129 0.724103 0.249951 0.788852 0.234848 0.786908 0.236194 0.778534 0.232904 0.777936 0.232904 0.779730 0.227521 0.778235 0.227521 0.780777 0.219296 0.777936 0.227072 0.716327 0.243970 0.717523 0.245914 0.717673 0.245914 0.722308 0.253390 0.723505 0.257129 0.724103
0 0.202086 0.779245 0.203731 0.770273 0.216890 0.773114 0.215268 0.791782 0.199851 0.789957 0.202086 0.779245
0 -0.000000 0.766507 0.007020 0.764073 0.013106 0.779692 0.012700 0.783141 0.021017 0.809106 0.014526 0.811134 0.015337 0.819248 -0.000000 0.821885 -0.000000 0.766507
0 0.009657 0.763667 0.016149 0.761638 0.017163 0.763464 0.021828 0.763261 0.020814 0.761233 0.024668 0.759204 0.039882 0.757581 0.041302 0.760016 0.045156 0.762450 0.043939 0.770970 0.050228 0.805049 0.026900 0.816205 0.025683 0.811945 0.025074 0.811945 0.013106 0.779692 0.013714 0.776447 0.009657 0.763667
0 0.049353 0.757993 0.065354 0.755451 0.066550 0.765620 0.080008 0.764423 0.082550 0.798368 0.085840 0.803303 0.083448 0.807191 0.057428 0.810181 0.052344 0.779676 0.050699 0.779676 0.049353 0.757993
0 0.086104 0.757057 0.119400 0.757057 0.119400 0.774669 0.121051 0.785125 0.119675 0.812092 0.119400 0.826126 0.116373 0.826952 0.114447 0.831905 0.091883 0.832731 0.091883 0.825301 0.088580 0.820898 0.088580 0.796683 0.086379 0.787877 0.086654 0.773568 0.084453 0.769165 0.086104 0.757057
0 0.158969 0.746783 0.154841 0.767421 0.151814 0.781730 0.150989 0.795764 0.148512 0.801268 0.120444 0.799067 0.121051 0.785125 0.119400 0.774669 0.124021 0.764119 0.133377 0.764119 0.138331 0.745407 0.159794 0.741555 0.158969 0.746783
0 0.188137 0.738528 0.193712 0.737973 0.187432 0.776703 0.185386 0.799067 0.151814 0.800167 0.157318 0.761918 0.163096 0.749535 0.166399 0.746233 0.169150 0.736051 0.188137 0.738528
0 0.356294 0.739623 0.376869 0.742135 0.375495 0.754816 0.393015 0.757986 0.387636 0.792080 0.356981 0.786397 0.360719 0.761425 0.353392 0.759631 0.356294 0.739623
0 0.400795 0.771593 0.397804 0.770846 0.400197 0.751556 0.418141 0.754098 0.416346 0.773836 0.400795 0.771593
0 0.460335 0.757937 0.454503 0.810275 0.423549 0.807135 0.424596 0.798013 0.423250 0.795770 0.423855 0.791439 0.422210 0.790243 0.422808 0.786803 0.425200 0.787551 0.426696 0.777084 0.425350 0.772897 0.428640 0.755401 0.434771 0.756448 0.435070 0.754504 0.460335 0.757937
0 0.496209 0.761155 0.500605 0.763548 0.500246 0.776109 0.491872 0.827848 0.488582 0.826054 0.488582 0.820371 0.461217 0.815437 0.465255 0.784034 0.462713 0.782688 0.466302 0.758165 0.496209 0.761155
0 0.557804 0.799175 0.551515 0.833863 0.494514 0.825749 0.501208 0.789844 0.509119 0.790453 0.546444 0.796133 0.557804 0.799175
0 0.561049 0.794510 0.594317 0.797552 0.605068 0.811346 0.600808 0.844208 0.560035 0.836500 0.559426 0.841571 0.552124 0.840354 0.561049 0.794510
0 0.560035 0.836500 0.600808 0.844208 0.599794 0.858814 0.557804 0.852728 0.560035 0.836500
0 0.634270 0.804806 0.625345 0.862416 0.601814 0.858561 0.610739 0.800343 0.634270 0.804806
0 0.637578 0.802871 0.654789 0.805305 0.652324 0.819005 0.656974 0.819708 0.653947 0.837668 0.634879 0.833205 0.637110 0.822048 0.634410 0.821393 0.637578 0.802871
0 0.653947 0.837668 0.650093 0.866067 0.629402 0.864850 0.631633 0.847607 0.628996 0.847607 0.631633 0.833611 0.634879 0.833205 0.653947 0.837668
0 0.679226 0.811477 0.675575 0.832573 0.659550 0.829733 0.662867 0.808637 0.679226 0.811477
0 0.675575 0.832573 0.683486 0.832979 0.677198 0.878621 0.652856 0.874766 0.655493 0.856307 0.658333 0.857118 0.662074 0.832522 0.659183 0.832185 0.659550 0.829733 0.675575 0.832573
0 0.687544 0.815938 0.706004 0.817358 0.705395 0.823241 0.709249 0.824053 0.703367 0.869491 0.680647 0.866043 0.682067 0.854074 0.685921 0.854074 0.686530 0.844338 0.683487 0.843526 0.687544 0.815938
0 0.720406 0.817561 0.738460 0.819387 0.728115 0.889573 0.700730 0.885314 0.703367 0.869491 0.707829 0.871114 0.713306 0.832775 0.718175 0.832978 0.720406 0.817561
0 0.764019 0.826081 0.757934 0.876997 0.730752 0.873751 0.737851 0.828110 0.742720 0.823444 0.764019 0.826081
0 0.767881 0.827253 0.784180 0.829048 0.782386 0.846992 0.781339 0.854319 0.760853 0.852076 0.762797 0.836973 0.766984 0.837422 0.767881 0.827253
0 0.762049 0.859703 0.782536 0.862245 0.782835 0.864039 0.780442 0.888114 0.757264 0.883180 0.762049 0.859703
0 0.791283 0.826528 0.811974 0.825919 0.810554 0.848639 0.804874 0.848842 0.804063 0.852899 0.797774 0.853101 0.788240 0.853507 0.787023 0.849044 0.789458 0.843770 0.791283 0.826528
0 0.804063 0.855739 0.802643 0.867301 0.806903 0.868721 0.809540 0.874807 0.806091 0.895294 0.791486 0.893063 0.790472 0.890426 0.786212 0.889412 0.782763 0.882312 0.785603 0.860607 0.788240 0.853507 0.804063 0.855739
0 0.819407 0.823857 0.838445 0.826097 0.839191 0.828337 0.844791 0.828337 0.845910 0.839162 0.839938 0.838789 0.836205 0.846255 0.844791 0.852227 0.835832 0.905981 0.808208 0.900008 0.819407 0.823857
0 0.861851 0.842515 0.882745 0.843732 0.880108 0.864423 0.876457 0.864828 0.876051 0.871320 0.857186 0.868074 0.861851 0.842515
0 0.857186 0.868074 0.876051 0.871320 0.887005 0.873145 0.884571 0.888359 0.881731 0.888156 0.880919 0.896270 0.853737 0.891808 0.857186 0.868074
0 0.896736 0.833176 0.899373 0.816542 0.919658 0.820193 0.918441 0.836016 0.896736 0.833176
0 0.896736 0.833176 0.911544 0.834798 0.910530 0.842101 0.917833 0.844738 0.910530 0.888351 0.887202 0.884903 0.896736 0.833176
0 0.887613 0.895816 0.893496 0.897439 0.889844 0.914073 0.881122 0.912856 0.885179 0.895005 0.887613 0.895816
0 0.948982 0.844173 0.940868 0.842144 0.933566 0.841536 0.924235 0.840724 0.927074 0.821453 0.953039 0.825916 0.951011 0.842753 0.948982 0.844173
0 0.940868 0.842144 0.939043 0.855127 0.931740 0.854112 0.933566 0.841536 0.940868 0.842144
0 0.924235 0.840724 0.934438 0.839420 0.931740 0.854112 0.939043 0.855127 0.940868 0.842144 0.948434 0.848954 0.939509 0.875731 0.936263 0.875934 0.934843 0.883236 0.919021 0.880396 0.924235 0.840724
0 0.919021 0.880396 0.934843 0.883236 0.937872 0.883195 0.935671 0.893101 0.916684 0.890900 0.919021 0.880396
0 0.916684 0.890900 0.935671 0.893101 0.931819 0.907961 0.915583 0.905209 0.916684 0.890900
0 0.953689 0.837642 0.971035 0.841380 0.967447 0.867100 0.949502 0.865904 0.953689 0.837642
0 0.998847 0.864524 0.994425 0.863215 0.993325 0.870920 0.974337 0.865691 0.980391 0.838449 0.998847 0.842179 0.998847 0.864524
0 0.948634 0.870184 0.965268 0.873227 0.963443 0.882964 0.953300 0.881544 0.953097 0.884789 0.962428 0.886209 0.961414 0.892295 0.965471 0.892903 0.960400 0.916231 0.939303 0.914000 0.941332 0.896149 0.948634 0.870184
0 0.971759 0.883572 0.996507 0.886006 0.988393 0.921505 0.964457 0.916434 0.971759 0.883572
0 0.964457 0.916434 0.988393 0.921505 0.984945 0.940979 0.979062 0.940979 0.978656 0.935502 0.962023 0.933068 0.964457 0.916434
0 0.723357 0.589955 0.720681 0.614511 0.675977 0.609473 0.679597 0.585075 0.692662 0.586335 0.692505 0.590112 0.702264 0.590427 0.703523 0.581455 0.709977 0.582085 0.709820 0.588066 0.723357 0.589955
0 0.657295 0.581294 0.659026 0.569803 0.675711 0.571850 0.674295 0.584914 0.657295 0.581294
0 0.683979 0.384886 0.691452 0.330863 0.705545 0.332571 0.705118 0.337909 0.696577 0.337482 0.694015 0.351575 0.697218 0.352643 0.696150 0.361611 0.692734 0.361184 0.689744 0.387234 0.683765 0.386807 0.683979 0.384886
0 0.714156 0.327920 0.722743 0.328268 0.722511 0.335462 0.713924 0.335114 0.714156 0.327920
0 0.720190 0.322930 0.712299 0.321422 0.715896 0.308658 0.722511 0.310747 0.720190 0.322930
0 0.770866 0.363332 0.770169 0.372034 0.763555 0.371338 0.764136 0.362403 0.770866 0.363332
0 0.693164 0.388021 0.716602 0.390160 0.715404 0.401964 0.690171 0.399056 0.691283 0.387936 0.693164 0.388021
0 0.745384 0.322953 0.745699 0.314926 0.756088 0.315555 0.755458 0.323740 0.745384 0.322953
0 0.708708 0.309888 0.708236 0.315870 0.701310 0.315240 0.700886 0.313351 0.702239 0.309888 0.708708 0.309888
0 0.702412 0.306898 0.702275 0.307783 0.702253 0.307777 0.702239 0.309888 0.700886 0.313351 0.694226 0.313406 0.694431 0.307337 0.694384 0.306740 0.702412 0.306898
0 0.694268 0.303110 0.694079 0.293449 0.700385 0.293449 0.700385 0.303412 0.694268 0.303110
0 0.696374 0.266295 0.711575 0.267803 0.711110 0.274765 0.696606 0.273721 0.696374 0.266295
0 0.701247 0.234617 0.717376 0.237402 0.715868 0.245292 0.700319 0.242159 0.701247 0.234617
0 0.767565 0.226955 0.767691 0.232126 0.760314 0.232189 0.760377 0.226262 0.767565 0.226955
0 0.978297 0.060512 0.976329 0.049393 0.990529 0.047340 0.992667 0.058802 0.978297 0.060512
0 0.522467 0.252662 0.523396 0.239434 0.537320 0.238738 0.537320 0.241639 0.544746 0.241755 0.544514 0.255447 0.522467 0.252662
