0 0.270714 0.605351 0.292317 0.605351 0.293979 0.624877 0.271130 0.624877 0.270714 0.605351
2 0.307273 0.533896 0.307273 0.518110 0.326798 0.517694 0.325967 0.524341 0.347154 0.523095 0.348401 0.540959 0.325967 0.545944 0.325967 0.577517 0.303949 0.577102 0.305611 0.560484 0.296056 0.564223 0.288578 0.544698 0.307273 0.533896
0 0.718115 0.283897 0.727670 0.266448 0.784170 0.298852 0.775030 0.316301 0.718115 0.283897
0 0.739303 0.256893 0.751350 0.241107 0.805772 0.274757 0.794140 0.290544 0.739303 0.256893
3 0.734834 0.515968 0.767238 0.492703 0.777624 0.510152 0.746421 0.535710 0.734834 0.515968
3 0.778030 0.489286 0.805120 0.471000 0.815053 0.485223 0.785931 0.504186 0.778030 0.489286
3 0.872247 0.564125 0.883884 0.553100 0.892765 0.564125 0.893378 0.566269 0.907465 0.562594 0.909609 0.574844 0.920021 0.578213 0.925227 0.588931 0.909609 0.603937 0.898890 0.592912 0.898890 0.586175 0.896134 0.584031 0.889397 0.591075 0.875922 0.580050 0.881434 0.574231 0.872247 0.564125
0 0.504134 0.420834 0.517012 0.412941 0.525321 0.426235 0.512442 0.434543 0.504134 0.420834
0 0.019830 0.000004 0.015541 0.028420 0.002222 0.027065 0.005833 0.000003 0.019830 0.000004
0 0.199084 0.466369 0.203367 0.465866 0.205635 0.467251 0.206264 0.470778 0.204501 0.473423 0.200470 0.474557 0.197699 0.473423 0.196565 0.468763 0.199084 0.466369
0 0.208784 0.470274 0.212815 0.471030 0.213822 0.472416 0.213318 0.476447 0.211303 0.478840 0.207524 0.478714 0.205761 0.476321 0.206642 0.472164 0.208784 0.470274
4 0.226491 0.539068 0.234931 0.536927 0.236443 0.543351 0.227877 0.545114 0.226491 0.539068
0 0.366884 0.534768 0.405664 0.526971 0.407510 0.533948 0.367704 0.541745 0.366884 0.534768
0 0.275580 0.628681 0.282508 0.628303 0.282634 0.633468 0.275832 0.633846 0.275580 0.628681
0 0.441839 0.590841 0.412509 0.627765 0.406486 0.622004 0.434506 0.585342 0.441839 0.590841
0 0.675222 0.537454 0.677238 0.537328 0.681395 0.538840 0.682277 0.544130 0.680765 0.547783 0.676734 0.548287 0.673459 0.546650 0.672325 0.543500 0.672199 0.540099 0.675222 0.537454
0 0.657461 0.533675 0.659603 0.532415 0.663382 0.531912 0.666027 0.533675 0.667413 0.540225 0.664389 0.543752 0.660862 0.543752 0.658721 0.542493 0.656831 0.538966 0.657461 0.533675
0 0.657461 0.533675 0.656831 0.538966 0.653052 0.540225 0.649525 0.539721 0.647888 0.537832 0.647006 0.533549 0.647258 0.530400 0.649903 0.528385 0.653556 0.527881 0.656831 0.528762 0.657713 0.531408 0.657461 0.533675
0 0.958543 0.387703 0.961621 0.387498 0.961211 0.385651 0.976600 0.384830 0.977215 0.392422 0.980498 0.392422 0.980703 0.409658 0.967161 0.411299 0.963878 0.412530 0.961416 0.400630 0.962442 0.400630 0.962647 0.396321 0.958954 0.395500 0.958543 0.387703
0 0.967161 0.411299 0.980703 0.409658 0.985422 0.409247 0.987064 0.426073 0.991168 0.425457 0.992194 0.447412 0.973522 0.449464 0.972906 0.452952 0.954645 0.453773 0.952063 0.435215 0.950541 0.427714 0.967366 0.426688 0.967161 0.411299
0 0.911966 0.412941 0.910940 0.386882 0.928381 0.387293 0.927971 0.419917 0.922431 0.420327 0.922225 0.413146 0.911966 0.412941
0 0.911966 0.412941 0.922225 0.413146 0.922431 0.420327 0.923406 0.429190 0.923867 0.433459 0.916654 0.441134 0.907247 0.441462 0.908068 0.413351 0.911966 0.412941
0 0.916654 0.441134 0.923867 0.433459 0.923406 0.429190 0.939051 0.428330 0.940077 0.435101 0.952063 0.435215 0.954234 0.451310 0.943770 0.451105 0.943770 0.461570 0.916891 0.463621 0.916654 0.441134
2 0.908748 0.486449 0.914493 0.486654 0.919418 0.493425 0.920238 0.498965 0.917160 0.502454 0.911620 0.504300 0.906286 0.500812 0.904849 0.493425 0.908748 0.486449
3 0.694209 0.434126 0.701801 0.441103 0.692978 0.456286 0.682514 0.450131 0.694209 0.434126
3 0.682514 0.450131 0.673486 0.446643 0.684361 0.430638 0.690926 0.436178 0.682514 0.450131
3 0.673486 0.446643 0.665073 0.441923 0.674101 0.427560 0.681693 0.432895 0.673486 0.446643
0 0.688669 0.397398 0.705084 0.403964 0.697698 0.422431 0.679436 0.417096 0.688669 0.397398
3 0.704776 0.253508 0.712573 0.256997 0.704981 0.278746 0.697595 0.276489 0.704776 0.253508
0 0.953669 0.259529 0.964930 0.274456 0.947646 0.284669 0.937957 0.269742 0.953669 0.259529
0 0.816168 0.010417 0.817775 0.010899 0.820348 0.012186 0.821795 0.015722 0.820348 0.018938 0.817775 0.019902 0.814238 0.018938 0.812309 0.015240 0.813595 0.011542 0.816168 0.010417
3 0.723171 0.505162 0.716400 0.512548 0.712501 0.508239 0.718862 0.501879 0.723171 0.505162
0 0.521006 0.447992 0.525263 0.449119 0.526765 0.451748 0.525764 0.454752 0.523135 0.456755 0.517501 0.455503 0.516374 0.453375 0.516625 0.451372 0.518252 0.449494 0.521006 0.447992
0 0.519254 0.458383 0.521132 0.458508 0.522509 0.458759 0.524387 0.459134 0.525388 0.459635 0.526265 0.460636 0.526891 0.462139 0.526515 0.463641 0.525513 0.465143 0.523510 0.466270 0.521382 0.466395 0.519379 0.466020 0.517251 0.464643 0.516625 0.463265 0.516124 0.461262 0.517251 0.459510 0.519254 0.458383
