1 0.898781 0.466215 0.946688 0.501304 0.930298 0.522316 0.882812 0.487436 0.898781 0.466215
0 0.605766 0.063693 0.626050 0.007249 0.626986 0.007622 0.645418 0.013508 0.635388 0.040993 0.633995 0.045402 0.625592 0.070663 0.605766 0.063693
3 0.467621 0.071576 0.488686 0.081335 0.479420 0.099726 0.456341 0.088574 0.465223 0.070765 0.467621 0.071576
3 0.431828 0.063373 0.434911 0.068739 0.425548 0.074677 0.422183 0.069178 0.431828 0.063373
3 0.230470 0.051514 0.263307 0.051823 0.263462 0.069946 0.238060 0.070255 0.238060 0.065609 0.229541 0.065764 0.229667 0.051355 0.230470 0.051514
3 0.151080 0.183974 0.177456 0.188998 0.172292 0.214108 0.146115 0.208996 0.151080 0.183974
3 0.154814 0.169665 0.158354 0.156877 0.184273 0.163271 0.180505 0.177315 0.164063 0.172748 0.154814 0.169665
3 0.782284 0.245123 0.789831 0.247227 0.785280 0.264506 0.777115 0.261897 0.782284 0.245123
4 0.635388 0.040993 0.644671 0.044010 0.646063 0.039368 0.659523 0.045866 0.654418 0.061183 0.639913 0.055033 0.641538 0.049696 0.633995 0.045402 0.635388 0.040993
1 0.785194 0.583247 0.787555 0.593321 0.782990 0.594581 0.779999 0.584664 0.785194 0.583247
