0 0.784867 0.691403 0.805938 0.689942 0.807614 0.691330 0.813952 0.691278 0.813952 0.678302 0.818532 0.678302 0.821299 0.744739 0.808878 0.745212 0.808068 0.733094 0.786868 0.733166 0.784867 0.691403
3 0.825832 0.728311 0.822711 0.728061 0.822475 0.715767 0.826494 0.714821 0.826772 0.703264 0.841293 0.702899 0.841254 0.710265 0.847215 0.710769 0.847853 0.729022 0.842230 0.729725 0.840824 0.731482 0.827821 0.731482 0.825832 0.728311
3 0.854986 0.703094 0.864386 0.702010 0.864685 0.703804 0.873954 0.704253 0.873954 0.712177 0.875599 0.712625 0.875599 0.713672 0.879785 0.713672 0.879249 0.735075 0.872489 0.735435 0.872058 0.738599 0.853518 0.738708 0.854069 0.707684 0.855262 0.707408 0.854986 0.703094
3 0.883074 0.699705 0.905650 0.699854 0.905650 0.702546 0.911780 0.702845 0.911631 0.704639 0.913275 0.704938 0.913574 0.710918 0.910734 0.711068 0.909089 0.736634 0.902361 0.736485 0.901614 0.739325 0.887859 0.739325 0.887111 0.737531 0.883523 0.737531 0.883672 0.735737 0.880832 0.736036 0.883074 0.699705
3 0.913570 0.691079 0.931284 0.691258 0.931094 0.701157 0.937693 0.701516 0.938936 0.694432 0.946408 0.695291 0.941779 0.742206 0.934719 0.742206 0.934147 0.744114 0.915447 0.741061 0.913920 0.739153 0.909913 0.738771 0.912394 0.712439 0.913782 0.710953 0.913483 0.704972 0.913570 0.691079
3 0.950837 0.704547 0.969122 0.705888 0.970481 0.701661 0.977222 0.701909 0.973486 0.747166 0.942379 0.747149 0.945723 0.714776 0.950505 0.715019 0.950837 0.704547
3 0.998863 0.747025 0.979309 0.745473 0.974865 0.745832 0.976852 0.707324 0.982851 0.707435 0.993354 0.708166 0.998863 0.708568 0.998863 0.747025
3 0.850399 0.689248 0.858921 0.688650 0.859369 0.697172 0.850548 0.697172 0.850399 0.689248
3 0.885445 0.687001 0.895548 0.687505 0.895507 0.693226 0.906968 0.694123 0.906866 0.699212 0.884195 0.698502 0.885445 0.687001
3 0.869102 0.766539 0.888255 0.766009 0.889389 0.767668 0.901648 0.768116 0.901258 0.792038 0.889987 0.792636 0.889837 0.786506 0.887594 0.785908 0.888684 0.811608 0.868170 0.810986 0.869102 0.766539
3 0.910666 0.769117 0.945979 0.769360 0.945979 0.776910 0.950119 0.776666 0.950362 0.795419 0.947196 0.795419 0.946953 0.799315 0.921138 0.799315 0.914707 0.795810 0.904577 0.796636 0.904334 0.775205 0.911153 0.774231 0.910666 0.769117
3 0.911032 0.806778 0.924007 0.806969 0.924771 0.801244 0.945760 0.802580 0.946524 0.807350 0.949958 0.811357 0.947478 0.826432 0.941753 0.826241 0.940799 0.829867 0.925152 0.830248 0.925152 0.828340 0.920573 0.828340 0.919428 0.823570 0.909696 0.823379 0.911032 0.806778
3 0.952290 0.835166 0.953244 0.843180 0.949427 0.843371 0.949237 0.859209 0.947519 0.859400 0.946947 0.863980 0.918515 0.863598 0.918515 0.860163 0.916230 0.859814 0.913585 0.850413 0.905521 0.850261 0.905034 0.841081 0.920423 0.840509 0.920041 0.834594 0.952290 0.835166
3 0.907814 0.870681 0.924988 0.871635 0.925179 0.865720 0.947069 0.866865 0.947314 0.890526 0.945787 0.896633 0.931667 0.896823 0.931285 0.896060 0.919454 0.896060 0.916783 0.892053 0.906860 0.891290 0.905524 0.881367 0.907814 0.870681
3 0.918433 0.898418 0.945953 0.899636 0.946927 0.925207 0.941813 0.926181 0.942300 0.928617 0.914780 0.929835 0.914293 0.925224 0.904308 0.922772 0.903578 0.913274 0.904065 0.906211 0.918921 0.905237 0.918433 0.898418
3 0.889513 0.897406 0.902421 0.895945 0.904065 0.906211 0.902177 0.910070 0.890244 0.910314 0.889513 0.897406
3 0.904708 0.940575 0.917510 0.940716 0.916807 0.934525 0.944663 0.934103 0.945648 0.945218 0.947758 0.945358 0.948180 0.964633 0.918917 0.964773 0.918354 0.959146 0.905552 0.959709 0.904708 0.940575
3 0.913600 0.999005 0.912037 0.985784 0.906235 0.984674 0.906019 0.976262 0.919851 0.975232 0.919710 0.973122 0.918444 0.972559 0.918163 0.969182 0.919429 0.968760 0.934201 0.967213 0.934623 0.968479 0.939969 0.968057 0.941095 0.974107 0.947989 0.973684 0.948833 0.990145 0.926323 0.991833 0.925901 0.998689 0.916715 0.999004 0.913600 0.999005
3 0.992264 0.999003 0.991690 0.996466 0.976509 0.996311 0.976150 0.953576 0.998863 0.954260 0.998863 0.999003 0.992264 0.999003
3 0.998863 0.934723 0.975750 0.933668 0.977321 0.895818 0.998863 0.896142 0.998863 0.934723
3 0.998863 0.862602 0.993858 0.862456 0.992242 0.873884 0.983475 0.873261 0.983475 0.857257 0.979124 0.856520 0.978849 0.837138 0.988904 0.836959 0.988725 0.833547 0.998863 0.833573 0.998863 0.862602
3 0.998863 0.814959 0.993565 0.815413 0.993389 0.810689 0.982531 0.810533 0.981517 0.770649 0.986440 0.770304 0.986699 0.773845 0.998863 0.773371 0.998863 0.814959
3 0.906879 0.801384 0.906728 0.809915 0.902122 0.809764 0.902198 0.801384 0.906879 0.801384
