0 0.475606 0.266118 0.497310 0.297951 0.485456 0.306737 0.485734 0.311294 0.468372 0.322387 0.460976 0.312741 0.461619 0.302934 0.455510 0.295378 0.457761 0.282517 0.465317 0.278658 0.462102 0.271745 0.475606 0.266118
0 0.511054 0.308667 0.516849 0.320508 0.507401 0.323279 0.502867 0.311187 0.511054 0.308667
3 0.476319 0.432513 0.488755 0.457385 0.474641 0.463702 0.462205 0.438731 0.476319 0.432513
3 0.524791 0.515912 0.526432 0.538072 0.518635 0.538893 0.519456 0.556128 0.509812 0.557565 0.510017 0.562284 0.520482 0.561463 0.521303 0.573979 0.511043 0.574595 0.512069 0.590600 0.495244 0.591625 0.494629 0.579725 0.484164 0.579930 0.482112 0.548537 0.487857 0.548126 0.487652 0.541560 0.500784 0.539098 0.498527 0.517759 0.524791 0.515912
0 0.407717 0.723629 0.421222 0.759159 0.385210 0.772342 0.372783 0.736508 0.394848 0.731277 0.393567 0.727213 0.407717 0.723629
0 0.420677 0.754417 0.417449 0.746109 0.423431 0.744067 0.425947 0.752755 0.420677 0.754417
0 0.113453 0.701951 0.123278 0.723743 0.112823 0.728530 0.102494 0.706990 0.113453 0.701951
0 0.129995 0.746617 0.140260 0.757868 0.133549 0.764185 0.123284 0.753328 0.129995 0.746617
0 0.890267 0.835488 0.893228 0.851674 0.886713 0.853253 0.883259 0.837067 0.890267 0.835488
0 0.596915 0.000009 0.595310 0.037515 0.603755 0.039141 0.602557 0.066193 0.584706 0.063936 0.586347 0.046085 0.571163 0.042802 0.580114 0.000009 0.596915 0.000009
0 0.571554 0.089431 0.569464 0.077534 0.582607 0.075123 0.583451 0.086859 0.571554 0.089431
0 0.570222 0.098973 0.576637 0.103611 0.572887 0.110718 0.566669 0.105289 0.570222 0.098973
0 0.599273 0.182215 0.599433 0.175009 0.605018 0.171549 0.609855 0.175556 0.610592 0.181596 0.605018 0.183788 0.599273 0.182215
4 0.084917 0.961432 0.087483 0.954918 0.093997 0.958865 0.090740 0.964985 0.084917 0.961432
0 0.599963 0.268202 0.600390 0.259244 0.610201 0.259671 0.609774 0.269055 0.599963 0.268202
0 0.570645 0.279157 0.567637 0.289183 0.557944 0.286844 0.560952 0.277485 0.570645 0.279157
0 0.340411 0.489476 0.351775 0.490144 0.351106 0.509195 0.339743 0.508193 0.340411 0.489476
0 0.343419 0.522230 0.354449 0.523233 0.353780 0.532925 0.343754 0.532925 0.343419 0.522230
0 0.373664 0.759434 0.375670 0.768124 0.363966 0.771349 0.361556 0.762395 0.373664 0.759434
0 0.152286 0.732768 0.159538 0.732768 0.160391 0.741300 0.153139 0.741300 0.152286 0.732768
0 0.313592 0.855568 0.320611 0.863589 0.313258 0.868268 0.308245 0.860581 0.313592 0.855568
