3 -0.000000 0.510285 0.006955 0.510309 0.022597 0.492350 0.050115 0.490323 0.050984 0.506544 0.044322 0.506254 0.044611 0.517841 0.037659 0.517841 0.037659 0.527689 0.011300 0.546228 -0.000000 0.545938 -0.000000 0.510285
0 0.035231 0.661685 0.022776 0.655602 0.023355 0.649809 0.028859 0.643726 0.031466 0.643726 0.030886 0.637063 0.038418 0.635036 0.047977 0.641988 0.048266 0.646043 0.056666 0.646043 0.056087 0.641698 0.058984 0.637353 0.061011 0.639670 0.065936 0.634746 0.074625 0.631560 0.084764 0.632718 0.088529 0.635615 0.089978 0.639381 0.089109 0.648650 0.083605 0.650967 0.077522 0.650967 0.074336 0.653284 0.072598 0.659947 0.074336 0.662264 0.070860 0.669216 0.064487 0.669216 0.059563 0.673561 0.035231 0.661685
3 0.312465 0.540029 0.297113 0.554512 0.276547 0.533656 0.314493 0.505559 0.332452 0.528732 0.315651 0.544084 0.312465 0.540029
0 0.494720 0.566896 0.503505 0.578804 0.484638 0.589193 0.486560 0.590901 0.469264 0.602218 0.471613 0.605421 0.449833 0.619941 0.442573 0.608411 0.446417 0.602005 0.448125 0.592609 0.456666 0.587058 0.457307 0.588979 0.494720 0.566896
0 0.573072 0.677275 0.601459 0.680172 0.597114 0.712035 0.566410 0.710007 0.573072 0.677275
0 0.591031 0.641357 0.631005 0.650626 0.625501 0.669165 0.586397 0.659316 0.591031 0.641357
0 0.604733 0.518441 0.610712 0.511608 0.618399 0.511395 0.621388 0.517801 0.629289 0.517160 0.633133 0.513103 0.650642 0.511608 0.651496 0.517801 0.661271 0.515765 0.658420 0.505949 0.668748 0.503209 0.675914 0.501734 0.679497 0.513432 0.674228 0.514275 0.676020 0.526921 0.669380 0.528186 0.670073 0.533602 0.655553 0.536378 0.653845 0.525061 0.644023 0.525274 0.633133 0.533175 0.614983 0.532320 0.614342 0.528050 0.604733 0.518441
0 0.773720 0.476878 0.815142 0.482382 0.808190 0.527279 0.774879 0.523224 0.768796 0.513086 0.770244 0.503238 0.764161 0.497444 0.765899 0.491072 0.773720 0.486437 0.773720 0.476878
0 0.950440 0.764240 0.934707 0.762559 0.927939 0.761457 0.926837 0.771059 0.915661 0.769642 0.912828 0.767123 0.918967 0.734540 0.970124 0.744142 0.969337 0.750910 0.978624 0.752642 0.975791 0.766336 0.968550 0.764762 0.969337 0.775309 0.950133 0.771688 0.950440 0.764240
0 0.998844 0.947528 0.977099 0.944289 0.978380 0.930410 0.972615 0.929556 0.979234 0.880444 0.998843 0.882035 0.998844 0.947528
0 0.998844 0.990900 0.976199 0.989897 0.975934 0.988172 0.965058 0.984968 0.967626 0.964295 0.984573 0.967116 0.986494 0.952383 0.998844 0.953493 0.998844 0.990900
0 0.898142 0.887619 0.931742 0.890226 0.927833 0.918431 0.880542 0.913650 0.882500 0.895150 0.896114 0.897178 0.898142 0.887619
0 0.900920 0.942233 0.928897 0.945061 0.921321 0.998324 0.895338 0.996536 0.900920 0.942233
0 0.728028 0.974560 0.742982 0.975505 0.742195 0.994866 0.727241 0.994079 0.728028 0.974560
0 0.626185 0.999009 0.626300 0.998204 0.622365 0.997776 0.623049 0.976819 0.627241 0.977332 0.629465 0.964929 0.629037 0.958600 0.648454 0.958429 0.648967 0.961593 0.652303 0.961936 0.652303 0.964160 0.649652 0.964416 0.649908 0.979556 0.666332 0.980070 0.668641 0.980070 0.669497 0.983577 0.667648 0.999008 0.626185 0.999009
0 0.581710 0.999009 0.582120 0.996613 0.567384 0.996033 0.570517 0.973522 0.614726 0.976539 0.611986 0.999009 0.581710 0.999009
0 0.769680 0.966784 0.778495 0.967099 0.778180 0.976543 0.769680 0.976071 0.769680 0.966784
0 0.594572 0.941469 0.617396 0.943988 0.616924 0.959571 0.597406 0.959571 0.597563 0.952803 0.592526 0.950284 0.587646 0.956108 0.579304 0.956581 0.573322 0.953432 0.570804 0.947766 0.570017 0.943201 0.571906 0.938951 0.574424 0.935960 0.579146 0.933914 0.585757 0.933599 0.591424 0.937219 0.594572 0.941469
0 0.788535 0.893069 0.787275 0.907236 0.781294 0.908023 0.781294 0.916995 0.777201 0.919356 0.774525 0.917782 0.767914 0.917310 0.766655 0.926755 0.746822 0.925810 0.745877 0.913847 0.740204 0.914018 0.739960 0.908794 0.726831 0.908023 0.727146 0.889134 0.745929 0.887454 0.751394 0.890369 0.761618 0.890866 0.766025 0.893699 0.788535 0.893069
0 0.657920 0.855163 0.676497 0.855804 0.676070 0.881000 0.655999 0.880573 0.657920 0.855163
0 0.650601 0.949148 0.661619 0.949620 0.661147 0.955759 0.658786 0.955287 0.658156 0.959065 0.648784 0.957491 0.650601 0.949148
0 0.727146 0.889134 0.729369 0.873086 0.746416 0.872598 0.745929 0.887454 0.727146 0.889134
0 0.274906 0.421123 0.276661 0.421903 0.278220 0.425607 0.275686 0.428141 0.272567 0.427946 0.270715 0.425314 0.271495 0.422195 0.274906 0.421123
3 0.340477 0.453837 0.342529 0.455133 0.342853 0.458912 0.339074 0.462368 0.335942 0.461180 0.333566 0.458264 0.335726 0.453837 0.340477 0.453837
0 0.482428 0.604137 0.488067 0.609150 0.476789 0.617045 0.472653 0.610904 0.482428 0.604137
