3 0.998861 0.218008 0.985829 0.217285 0.987400 0.205104 0.969718 0.203925 0.969325 0.185457 0.977970 0.171312 0.998861 0.172717 0.998861 0.218008
0 0.904883 0.145771 0.943391 0.144199 0.943391 0.146949 0.946535 0.146949 0.946535 0.148914 0.952036 0.148914 0.952822 0.157559 0.956358 0.157166 0.957537 0.175634 0.944570 0.176813 0.947714 0.199603 0.918243 0.199210 0.916671 0.192530 0.904490 0.189780 0.904883 0.145771
3 0.675842 0.171381 0.690904 0.158636 0.729140 0.200057 0.718422 0.211354 0.711760 0.211644 0.703649 0.210485 0.702780 0.215120 0.698725 0.215120 0.690035 0.212802 0.661359 0.226706 0.654986 0.223230 0.650641 0.212802 0.657883 0.207589 0.661938 0.212802 0.668311 0.207589 0.660779 0.200057 0.663386 0.192236 0.675262 0.190788 0.678159 0.192236 0.687428 0.184705 0.675842 0.171381
3 0.746256 0.335391 0.765260 0.334964 0.765900 0.364004 0.745401 0.364004 0.746256 0.335391
3 0.769317 0.338594 0.812023 0.338594 0.812023 0.363577 0.768463 0.361442 0.769317 0.338594
3 0.830635 0.999006 0.834114 0.997706 0.833642 0.992669 0.843873 0.987790 0.850235 0.999006 0.830635 0.999006
3 0.787859 0.959002 0.803234 0.959216 0.802593 0.978006 0.812202 0.986761 0.814124 0.996156 0.809853 0.997438 0.812075 0.999006 0.775909 0.999007 0.765652 0.986975 0.765652 0.979715 0.770777 0.979288 0.770777 0.969465 0.786151 0.969465 0.787859 0.959002
0 0.809009 0.875640 0.843189 0.910400 0.830444 0.920827 0.812196 0.901420 0.806113 0.908951 0.812485 0.915903 0.804664 0.921986 0.806113 0.946028 0.775408 0.943711 0.773670 0.921986 0.782360 0.917351 0.778305 0.908951 0.809009 0.875640
0 0.811892 0.850504 0.826412 0.834917 0.825985 0.832995 0.837089 0.821464 0.838797 0.822959 0.853744 0.810574 0.878514 0.833849 0.871040 0.839614 0.880222 0.849437 0.869973 0.859686 0.851609 0.841750 0.827480 0.868227 0.811892 0.850504
0 0.897314 0.861119 0.920777 0.833022 0.925122 0.835049 0.933522 0.819407 0.953508 0.826649 0.957853 0.826359 0.963936 0.829256 0.966254 0.835339 0.983633 0.842870 0.976681 0.863726 0.954377 0.854746 0.950322 0.858801 0.943950 0.857063 0.939894 0.850981 0.939894 0.849243 0.930915 0.848374 0.910928 0.873864 0.897314 0.861119
0 0.998861 0.881126 0.988638 0.878708 0.995497 0.846321 0.998861 0.846989 0.998861 0.881126
2 0.695412 0.490429 0.707060 0.492790 0.708005 0.487910 0.733032 0.491216 0.732560 0.518132 0.705014 0.514669 0.705014 0.503808 0.693838 0.501762 0.695412 0.490429
3 0.557350 0.468327 0.574432 0.470248 0.574432 0.480498 0.586176 0.481993 0.587244 0.474733 0.612867 0.477508 0.611373 0.489466 0.619060 0.490747 0.618632 0.508257 0.573791 0.503559 0.574432 0.493950 0.568667 0.492455 0.567385 0.483060 0.555428 0.481993 0.557350 0.468327
0 0.431513 0.537010 0.444087 0.516184 0.469628 0.531116 0.450767 0.557050 0.455483 0.563730 0.439765 0.577483 0.429549 0.568838 0.408330 0.573160 0.408330 0.586913 0.400471 0.589664 0.393005 0.587699 0.390648 0.577483 0.372180 0.579840 0.365893 0.553120 0.385932 0.548405 0.383575 0.540546 0.408330 0.535831 0.408330 0.538975 0.422083 0.535831 0.423262 0.541725 0.431513 0.537010
0 0.439437 0.716680 0.457975 0.708279 0.467534 0.725949 0.448706 0.733190 0.439437 0.716680
0 0.369049 0.759260 0.382953 0.754707 0.385786 0.765096 0.400740 0.760846 0.402314 0.766670 0.406407 0.765411 0.413018 0.790124 0.397907 0.794374 0.395073 0.782726 0.386258 0.784772 0.382481 0.773911 0.372092 0.776430 0.370990 0.773124 0.371620 0.772337 0.369049 0.759260
0 0.247546 0.999007 0.252389 0.986039 0.284831 0.997336 0.284468 0.999008 0.247546 0.999007
0 0.066702 0.967651 0.087528 0.961757 0.094208 0.986905 0.074561 0.992013 0.066702 0.967651
3 0.093235 0.819738 0.118858 0.805218 0.115228 0.797958 0.135087 0.788135 0.139571 0.797531 0.143201 0.796036 0.150461 0.810769 0.142133 0.815254 0.154518 0.835752 0.139998 0.841518 0.134873 0.837674 0.120140 0.845788 0.123770 0.851981 0.119713 0.857533 0.120353 0.862017 0.109250 0.865220 0.109250 0.859454 0.096224 0.857960 0.096865 0.839169 0.092167 0.838955 0.095584 0.827211 0.093235 0.819738
0 0.041739 0.594482 0.055353 0.580868 0.052746 0.576813 0.058540 0.568992 0.061726 0.570150 0.067230 0.564067 0.077947 0.572178 0.098223 0.551612 0.112127 0.561750 0.087796 0.592165 0.089533 0.595351 0.064623 0.619972 0.041739 0.594482
0 0.149492 0.763562 0.160495 0.750202 0.176212 0.760811 0.184464 0.750595 0.193895 0.758454 0.197824 0.751381 0.204504 0.754131 0.219043 0.755703 0.228473 0.769849 0.220221 0.774564 0.216292 0.783995 0.199396 0.783995 0.198610 0.789889 0.181320 0.813072 0.151457 0.782816 0.156172 0.777315 0.149492 0.763562
0 0.206309 0.626370 0.246820 0.608780 0.248952 0.611445 0.255349 0.608247 0.253750 0.602917 0.278269 0.596520 0.284666 0.615710 0.280935 0.619974 0.280470 0.627622 0.277918 0.629246 0.277105 0.635976 0.257843 0.643867 0.254943 0.641314 0.221524 0.659647 0.206309 0.626370
0 0.273118 0.408293 0.290407 0.387861 0.287263 0.385110 0.302588 0.371750 0.315162 0.384717 0.309268 0.394148 0.348562 0.429512 0.326557 0.452696 0.273118 0.408293
0 0.408639 0.305520 0.419936 0.301175 0.428046 0.318555 0.416460 0.323479 0.408639 0.305520
0 0.452088 0.354183 0.493800 0.334776 0.505965 0.362294 0.479027 0.377067 0.473523 0.368377 0.460778 0.373880 0.452088 0.354183
0 0.512628 0.308417 0.550284 0.289878 0.561581 0.312762 0.521607 0.331300 0.512628 0.308417
0 0.567084 0.291906 0.583884 0.296251 0.576643 0.313631 0.561291 0.309575 0.567084 0.291906
3 0.457926 0.268464 0.480346 0.268251 0.480133 0.274656 0.485898 0.274229 0.485898 0.286401 0.456858 0.286187 0.457926 0.268464
0 0.385753 0.260991 0.375290 0.264834 0.370088 0.255449 0.380000 0.250723 0.385753 0.260991
0 0.380000 0.250723 0.370088 0.255449 0.363555 0.243672 0.373350 0.238877 0.380000 0.250723
0 0.372514 0.225972 0.368030 0.229388 0.373350 0.238877 0.363555 0.243672 0.353510 0.225545 0.369311 0.219779 0.372514 0.225972
0 0.023603 0.906874 0.028168 0.906087 0.027224 0.900105 0.058548 0.891290 0.059650 0.896485 0.062798 0.896485 0.063900 0.899790 0.086566 0.895540 0.088927 0.903568 0.101205 0.901207 0.110964 0.929068 0.095066 0.933476 0.090974 0.921355 0.079955 0.924031 0.077751 0.911911 0.067835 0.915216 0.070196 0.922929 0.055557 0.926550 0.053196 0.914272 0.032103 0.919466 0.031159 0.914744 0.024390 0.916476 0.023603 0.906874
0 0.352816 0.424161 0.363706 0.412843 0.375663 0.425015 0.364773 0.433556 0.352816 0.424161
0 0.919719 0.660330 0.933623 0.662068 0.933044 0.677130 0.919140 0.674523 0.919719 0.660330
3 0.555151 0.379586 0.558889 0.379287 0.561281 0.381679 0.557394 0.394986 0.552460 0.393490 0.555151 0.379586
1 0.159098 0.492154 0.176193 0.478477 0.181166 0.485626 0.164382 0.498681 0.159098 0.492154
0 0.009946 0.587608 0.008728 0.568612 0.038683 0.568856 0.039171 0.589069 0.009946 0.587608
0 0.033122 0.969466 0.030200 0.959481 0.055041 0.952906 0.058450 0.963621 0.033122 0.969466
0 0.024598 0.959238 0.022163 0.947304 0.031661 0.944382 0.034583 0.956802 0.024598 0.959238
0 0.040428 0.953880 0.039211 0.946817 0.051144 0.944626 0.052118 0.951445 0.040428 0.953880
0 0.412246 0.876021 0.411787 0.867668 0.421058 0.867944 0.421517 0.875654 0.412246 0.876021
0 0.976488 0.679465 0.976338 0.671839 0.987851 0.671839 0.988150 0.679465 0.976488 0.679465
0 0.908081 0.206853 0.909277 0.197583 0.917799 0.197583 0.917650 0.207002 0.908081 0.206853
0 0.955708 0.214367 0.955409 0.206443 0.965725 0.205995 0.965127 0.214517 0.955708 0.214367
0 0.091930 0.103936 0.088114 0.106035 0.077428 0.103554 0.068269 0.095349 0.062544 0.089243 0.062544 0.078366 0.063880 0.069970 0.075520 0.061956 0.086396 0.059285 0.095556 0.063673 0.102425 0.068825 0.103761 0.073023 0.108722 0.085617 0.106432 0.090770 0.103188 0.096494 0.100708 0.099738 0.091930 0.103936
0 0.167402 0.971311 0.155380 0.953374 0.170837 0.943070 0.182667 0.962343 0.167402 0.971311
