0 0.998850 0.884969 0.998282 0.885031 0.977788 0.869520 0.989201 0.853882 0.990400 0.854764 0.998850 0.845119 0.998850 0.884969
0 0.967169 0.821184 0.968561 0.819327 0.984806 0.832207 0.987243 0.829306 0.996410 0.836501 0.996990 0.839285 0.980861 0.858547 0.982717 0.860172 0.974711 0.869455 0.945702 0.848684 0.967169 0.821184
0 0.998850 0.797789 0.988054 0.789355 0.998850 0.775052 0.998850 0.797789
0 0.908213 0.732712 0.901130 0.727833 0.912463 0.709573 0.929935 0.722323 0.912778 0.748610 0.903334 0.742157 0.908213 0.732712
0 0.881358 0.758322 0.884679 0.760377 0.897099 0.769183 0.898987 0.771387 0.878210 0.800507 0.861682 0.786813 0.881358 0.758322
0 0.884679 0.760377 0.891747 0.750294 0.904969 0.758480 0.897099 0.769183 0.884679 0.760377
0 0.882811 0.712790 0.890366 0.701142 0.894616 0.703660 0.896033 0.700984 0.901227 0.703975 0.899811 0.706494 0.905635 0.709957 0.896033 0.724753 0.881709 0.715308 0.882811 0.712790
0 0.963561 0.752771 0.949394 0.769142 0.937903 0.758910 0.923422 0.781105 0.936801 0.789762 0.913505 0.820771 0.884070 0.799521 0.932394 0.732781 0.963561 0.752771
0 0.815074 0.665084 0.817592 0.654853 0.821055 0.650288 0.825305 0.652177 0.836481 0.660047 0.843407 0.662723 0.843879 0.667760 0.834120 0.676890 0.815074 0.665084
0 0.877004 0.755172 0.859599 0.779656 0.851012 0.773506 0.850084 0.774782 0.841845 0.769213 0.840917 0.768284 0.862268 0.738347 0.879441 0.751575 0.877004 0.755172
0 0.866509 0.679402 0.887979 0.695397 0.878484 0.708998 0.875405 0.706346 0.872753 0.709425 0.855097 0.696795 0.866509 0.679402
0 0.848013 0.713323 0.859189 0.721351 0.843448 0.744332 0.849115 0.749054 0.831485 0.776915 0.826606 0.782582 0.808189 0.769989 0.848013 0.713323
0 0.844814 0.665654 0.865343 0.677287 0.853262 0.697287 0.832376 0.682899 0.844814 0.665654
0 0.839221 0.688643 0.852333 0.698390 0.843166 0.711386 0.833071 0.702335 0.829706 0.707672 0.826457 0.704888 0.839221 0.688643
0 0.843166 0.711386 0.819147 0.750142 0.815432 0.747894 0.801508 0.738959 0.798956 0.737842 0.818566 0.703727 0.828197 0.710225 0.829706 0.707672 0.833071 0.702335 0.843166 0.711386
0 0.815432 0.747894 0.812299 0.753463 0.798839 0.743832 0.801508 0.738959 0.815432 0.747894
0 0.805854 0.677404 0.817502 0.684960 0.801761 0.711089 0.807113 0.715339 0.789168 0.738478 0.772955 0.726673 0.805854 0.677404
0 0.804001 0.628704 0.813980 0.634970 0.812239 0.636594 0.820014 0.642512 0.818505 0.644253 0.819201 0.649126 0.808758 0.661194 0.797154 0.653652 0.800287 0.648198 0.792281 0.643208 0.804001 0.628704
0 0.783306 0.657752 0.800621 0.670502 0.788973 0.691752 0.791019 0.692696 0.786612 0.698363 0.787556 0.700566 0.770242 0.725279 0.754344 0.715048 0.759853 0.708437 0.755918 0.706233 0.763631 0.697418 0.763001 0.690492 0.783306 0.657752
0 0.780875 0.620037 0.794335 0.626884 0.794335 0.630597 0.797120 0.632453 0.765326 0.683277 0.764746 0.686758 0.758248 0.693952 0.753839 0.691167 0.751054 0.694300 0.755579 0.699058 0.748617 0.710662 0.726953 0.698704 0.739458 0.675895 0.743393 0.676750 0.745788 0.672303 0.744077 0.671618 0.752203 0.656221 0.758191 0.658788 0.771363 0.636975 0.770679 0.636462 0.780875 0.620037
0 0.752422 0.604444 0.773036 0.616419 0.764825 0.629934 0.756100 0.625144 0.749000 0.634040 0.738462 0.627495 0.752422 0.604444
0 0.730551 0.645565 0.746921 0.656269 0.730708 0.683501 0.726144 0.680667 0.720477 0.688852 0.709773 0.681297 0.707884 0.679565 0.730551 0.645565
0 0.718595 0.643137 0.706424 0.635663 0.730980 0.594452 0.746568 0.605342 0.739948 0.616018 0.733542 0.614310 0.718595 0.643137
0 0.701940 0.636731 0.722225 0.647834 0.703648 0.681145 0.685071 0.668760 0.701940 0.636731
0 0.705356 0.580145 0.724147 0.592317 0.679733 0.667266 0.660942 0.655094 0.683149 0.616445 0.682295 0.612602 0.701940 0.578437 0.705356 0.580145
0 0.682631 0.568296 0.697428 0.577268 0.681057 0.611268 0.681844 0.615046 0.654928 0.660852 0.632891 0.648259 0.647530 0.622444 0.646743 0.620241 0.677909 0.566250 0.682631 0.568296
0 0.659480 0.558006 0.675732 0.566731 0.646050 0.620239 0.646748 0.622889 0.629592 0.654751 0.610801 0.643647 0.618488 0.627419 0.618061 0.621013 0.625748 0.607347 0.627243 0.607561 0.638560 0.589838 0.640909 0.590478 0.659480 0.558006
0 0.635236 0.546110 0.655094 0.557213 0.644204 0.580275 0.627336 0.572374 0.629684 0.567463 0.625414 0.564900 0.635236 0.546110
0 0.607107 0.590570 0.625898 0.601674 0.610524 0.630928 0.608816 0.630287 0.597926 0.652921 0.581057 0.642031 0.592801 0.621319 0.590025 0.619397 0.607107 0.590570
0 0.608602 0.528647 0.624403 0.537829 0.609883 0.562812 0.596004 0.553203 0.608602 0.528647
0 0.584260 0.577332 0.597072 0.583951 0.594723 0.588008 0.602623 0.593133 0.585541 0.624949 0.580843 0.622600 0.575719 0.630928 0.560344 0.620892 0.584260 0.577332
0 0.566537 0.561530 0.582979 0.570712 0.563761 0.610215 0.545824 0.599325 0.566537 0.561530
0 0.550753 0.538425 0.549594 0.540743 0.544380 0.539005 0.564077 0.501349 0.582326 0.511776 0.571609 0.531184 0.558863 0.522784 0.550753 0.538425
0 0.563820 0.494712 0.549403 0.520491 0.531958 0.511222 0.547042 0.485664 0.563820 0.494712
0 0.520371 0.532368 0.530509 0.538161 0.528482 0.541347 0.537171 0.546851 0.516026 0.584507 0.496329 0.575238 0.520371 0.532368
0 0.512260 0.487760 0.519502 0.491525 0.521530 0.487180 0.535433 0.495581 0.520081 0.525126 0.509654 0.520202 0.505019 0.529761 0.514288 0.535264 0.493432 0.576107 0.472577 0.565389 0.512260 0.487760
0 0.495460 0.468063 0.516026 0.479649 0.466784 0.568286 0.446218 0.557858 0.471997 0.508036 0.477211 0.511222 0.488798 0.491525 0.484163 0.488049 0.495460 0.468063
0 0.461570 0.475015 0.471106 0.455918 0.490246 0.465456 0.480108 0.484284 0.461570 0.475015
0 0.455487 0.488918 0.472866 0.497029 0.446218 0.557858 0.422755 0.545692 0.450852 0.487760 0.455487 0.488918
0 0.382105 0.414080 0.399417 0.423420 0.391391 0.438428 0.377682 0.429920 0.382202 0.422071 0.378749 0.419873 0.382105 0.414080
0 0.396584 0.420272 0.404612 0.406892 0.411695 0.413661 0.403982 0.426096 0.396584 0.420272
0 0.361872 0.448325 0.380235 0.457934 0.358242 0.502775 0.337529 0.491885 0.361872 0.448325
0 0.332859 0.455535 0.348408 0.464121 0.333556 0.489881 0.315918 0.480134 0.330655 0.453910 0.332859 0.455535
0 0.330887 0.386029 0.351541 0.396473 0.338081 0.426642 0.316266 0.415386 0.330887 0.386029
0 0.314758 0.443119 0.325085 0.448921 0.309536 0.477814 0.291202 0.467835 0.301994 0.447296 0.309652 0.451357 0.314758 0.443119
0 0.308285 0.375237 0.329535 0.386885 0.315683 0.413015 0.294118 0.401524 0.308285 0.375237
0 0.292072 0.407191 0.311433 0.416793 0.288294 0.463858 0.267989 0.451265 0.292072 0.407191
0 0.281978 0.380767 0.298919 0.389470 0.270026 0.445747 0.263941 0.457457 0.242691 0.446438 0.254496 0.421411 0.263469 0.426605 0.277163 0.401420 0.271496 0.397642 0.280311 0.380012 0.281978 0.380767
0 0.240294 0.445704 0.220776 0.434843 0.234628 0.408083 0.252766 0.418466 0.246276 0.430278 0.248322 0.431380 0.240294 0.445704
0 0.214760 0.391022 0.233790 0.402393 0.218357 0.429314 0.198167 0.418870 0.214760 0.391022
0 0.244001 0.344259 0.260246 0.352266 0.245509 0.382783 0.226595 0.373500 0.244001 0.344259
0 0.215454 0.329045 0.235412 0.339604 0.225897 0.357474 0.205823 0.346450 0.215454 0.329045
0 0.208028 0.350511 0.219051 0.357009 0.210001 0.374995 0.196656 0.367453 0.206636 0.349815 0.208028 0.350511
0 0.200215 0.409043 0.194916 0.420365 0.172637 0.409922 0.179287 0.396963 0.200215 0.409043
0 0.207680 0.376039 0.204663 0.381377 0.211161 0.385670 0.200215 0.409043 0.179287 0.396963 0.192827 0.370586 0.195032 0.368033 0.207680 0.376039
0 0.184795 0.368696 0.184814 0.368672 0.190042 0.371630 0.176897 0.397075 0.174109 0.395679 0.160111 0.388365 0.157681 0.387290 0.170803 0.361396 0.172289 0.362347 0.184795 0.368696
0 0.200834 0.329625 0.201182 0.335079 0.184795 0.368696 0.172289 0.362347 0.190971 0.324984 0.200834 0.329625
0 0.174109 0.395679 0.171966 0.400471 0.174929 0.402615 0.165975 0.416992 0.149455 0.408606 0.160111 0.388365 0.174109 0.395679
0 0.170985 0.299968 0.192420 0.310107 0.152931 0.391802 0.130884 0.379966 0.150610 0.339470 0.155716 0.341675 0.165579 0.321716 0.161285 0.319512 0.170985 0.299968
0 0.154733 0.324621 0.135687 0.314390 0.142770 0.301955 0.161659 0.310140 0.154733 0.324621
0 0.125455 0.347603 0.131437 0.337843 0.145289 0.345084 0.125455 0.385066 0.105465 0.374519 0.120261 0.346501 0.125455 0.347603
0 0.108928 0.312186 0.127187 0.321001 0.101844 0.373890 0.080437 0.363658 0.108928 0.312186
0 0.145960 0.293229 0.137248 0.309737 0.115933 0.297805 0.125102 0.281851 0.145960 0.293229
0 0.097398 0.277957 0.118806 0.288503 0.106371 0.313688 0.091574 0.305188 0.093778 0.301096 0.086380 0.297318 0.097398 0.277957
0 0.087096 0.306469 0.087726 0.306469 0.102680 0.315283 0.098902 0.322524 0.084724 0.314932 0.082217 0.313709 0.087096 0.306469
0 0.098902 0.322524 0.099059 0.325515 0.076078 0.367543 0.065689 0.361719 0.067893 0.356839 0.058920 0.352274 0.069467 0.327404 0.077022 0.329922 0.084724 0.314932 0.098902 0.322524
0 0.065689 0.361719 0.063234 0.360435 0.059556 0.367876 0.052456 0.363942 0.058920 0.352274 0.067893 0.356839 0.065689 0.361719
0 0.077559 0.284400 0.065596 0.277946 0.074253 0.259057 0.097864 0.271493 0.056624 0.350196 0.037577 0.334456 0.038050 0.332567 0.055050 0.296835 0.069216 0.301085 0.077559 0.284400
0 0.051184 0.248621 0.070755 0.258828 0.064931 0.272680 0.057061 0.269217 0.054699 0.273939 0.061940 0.277560 0.044311 0.314236 0.039746 0.312819 0.036598 0.318800 0.037385 0.325569 0.030616 0.337689 0.011727 0.328087 0.035023 0.280550 0.038014 0.281810 0.041320 0.276458 0.037542 0.273939 0.051184 0.248621
0 0.015033 0.230180 0.041949 0.243874 0.033449 0.258828 0.007635 0.247180 0.015033 0.230180
0 -0.000000 0.279449 0.005070 0.278947 0.007862 0.278109 0.012829 0.280550 0.014551 0.285945 0.026487 0.290339 0.014246 0.318171 -0.000000 0.320060 -0.000000 0.279449
0 0.399265 0.427281 0.454018 0.454524 0.445872 0.472018 0.421048 0.456966 0.416483 0.461507 0.406224 0.455765 0.409029 0.451224 0.391134 0.441475 0.399265 0.427281
0 0.406224 0.455765 0.416483 0.461507 0.413974 0.505661 0.433291 0.515698 0.425148 0.529901 0.413595 0.523841 0.413217 0.532174 0.361137 0.505471 0.361516 0.503009 0.406224 0.455765
