0 0.106946 0.059048 0.143761 0.075286 0.125916 0.114995 0.087653 0.101169 0.106946 0.059048
0 0.138189 0.036255 0.155446 0.044568 0.147762 0.058425 0.130631 0.050237 0.138189 0.036255
3 0.031851 0.113313 0.024647 0.111241 0.025930 0.107490 0.033233 0.109859 0.031851 0.113313
3 0.037675 0.099792 0.028891 0.094265 0.031851 0.089330 0.040636 0.094166 0.037675 0.099792
0 0.416337 0.127808 0.418100 0.121006 0.430193 0.124911 0.428051 0.131587 0.416337 0.127808
0 0.406277 0.144471 0.403663 0.153771 0.394379 0.150497 0.396957 0.141622 0.406277 0.144471
0 0.410613 0.134659 0.407287 0.142021 0.398261 0.140158 0.401392 0.131646 0.410613 0.134659
0 0.395503 0.141324 0.392744 0.150705 0.385223 0.148874 0.388315 0.139428 0.395503 0.141324
0 0.399643 0.130647 0.396370 0.139300 0.390320 0.137831 0.393083 0.128240 0.399643 0.130647
0 0.387109 0.138774 0.383822 0.148155 0.369441 0.143562 0.372006 0.134045 0.387109 0.138774
0 0.391546 0.127285 0.388678 0.137673 0.372301 0.132292 0.376207 0.122752 0.391546 0.127285
0 0.375225 0.121064 0.367432 0.143682 0.314968 0.127381 0.322524 0.104552 0.375225 0.121064
0 0.555548 0.207931 0.479436 0.191892 0.482390 0.177261 0.559206 0.194987 0.555548 0.207931
3 0.530920 0.214746 0.534634 0.218115 0.536361 0.224247 0.533597 0.229861 0.528847 0.233402 0.522628 0.233662 0.516496 0.229343 0.514077 0.222433 0.516409 0.216992 0.522196 0.213365 0.530920 0.214746
1 0.670942 0.389102 0.664658 0.404544 0.656937 0.400773 0.662862 0.385152 0.670942 0.389102
