0 0.522734 0.394014 0.518752 0.389421 0.541108 0.375027 0.543252 0.378702 0.546008 0.376558 0.548458 0.379621 0.550296 0.378702 0.564077 0.400446 0.537433 0.421577 0.520284 0.397077 0.522734 0.394014
3 0.578719 0.470253 0.593290 0.457632 0.604578 0.470274 0.589226 0.483819 0.578719 0.470253
0 0.399030 0.226957 0.411179 0.223296 0.417170 0.246927 0.403024 0.249590 0.399030 0.226957
0 0.443123 0.243039 0.454297 0.240654 0.461505 0.236020 0.476545 0.235017 0.482896 0.254068 0.447133 0.261755 0.445920 0.256701 0.443123 0.243039
0 0.476545 0.235017 0.483564 0.232343 0.491920 0.248386 0.482896 0.254068 0.476545 0.235017
0 0.421398 0.211287 0.434767 0.204937 0.440783 0.214629 0.442120 0.219643 0.429420 0.225325 0.421398 0.211287
0 0.419059 0.224322 0.429420 0.225325 0.442120 0.219643 0.447802 0.233012 0.441452 0.237357 0.433096 0.233012 0.428083 0.238694 0.419393 0.238025 0.419059 0.224322
0 0.428083 0.238694 0.433096 0.233012 0.441452 0.237357 0.443123 0.243039 0.445920 0.256701 0.431759 0.261421 0.428083 0.238694
0 0.481243 0.306162 0.486030 0.305532 0.488423 0.307044 0.488298 0.310193 0.487164 0.313468 0.484519 0.313720 0.481117 0.312334 0.479354 0.308933 0.481243 0.306162
0 0.475575 0.310823 0.478724 0.310571 0.481243 0.314728 0.481243 0.316743 0.479480 0.319010 0.476961 0.318884 0.473308 0.316113 0.473056 0.312964 0.475575 0.310823
0 0.479480 0.319010 0.481243 0.316743 0.486912 0.316869 0.487920 0.320018 0.486408 0.323293 0.483889 0.324301 0.480614 0.322663 0.479480 0.319010
0 0.549172 0.362255 0.554841 0.358350 0.562902 0.373340 0.556604 0.376993 0.549172 0.362255
0 0.557108 0.378505 0.563280 0.375230 0.570712 0.388960 0.564162 0.392235 0.557108 0.378505
0 0.570078 0.402123 0.574109 0.398344 0.582675 0.409681 0.578644 0.413208 0.570078 0.402123
0 0.413282 0.268983 0.423737 0.267471 0.424241 0.272384 0.413911 0.273517 0.413282 0.268983
