0 0.017658 0.288409 0.032305 0.285884 0.033719 0.293662 0.018971 0.296389 0.017658 0.288409
1 0.064068 0.085386 0.071745 0.085782 0.071507 0.094963 0.063593 0.094567 0.064068 0.085386
1 0.072710 0.088455 0.079318 0.088390 0.079415 0.095942 0.072710 0.096039 0.072710 0.088455
1 0.101073 0.091554 0.114472 0.090471 0.115217 0.100757 0.101141 0.101840 0.101073 0.091554
1 0.102205 0.121272 0.103901 0.126733 0.096531 0.129119 0.094516 0.123552 0.102205 0.121272
1 0.105052 0.131151 0.106811 0.135821 0.100924 0.137919 0.098826 0.133046 0.105052 0.131151
0 0.131672 0.167489 0.135808 0.172633 0.128862 0.178147 0.124620 0.173057 0.131672 0.167489
3 0.391341 0.000057 0.396696 0.003771 0.392982 0.009298 0.387368 0.005325 0.391341 0.000057
0 0.117037 0.264460 0.169177 0.252665 0.172153 0.263579 0.119792 0.275594 0.117037 0.264460
3 0.028424 0.438999 0.035593 0.449623 0.017628 0.462319 0.010459 0.451782 0.028424 0.438999
1 0.037210 0.429130 0.040492 0.429993 0.041702 0.431548 0.042133 0.435003 0.041702 0.437508 0.039111 0.440099 0.037038 0.441222 0.034447 0.440099 0.032546 0.438458 0.031855 0.435176 0.031855 0.433016 0.033410 0.431203 0.035483 0.430080 0.037210 0.429130
1 0.039323 0.418623 0.039376 0.425516 0.033809 0.425569 0.033809 0.422812 0.035186 0.418525 0.039323 0.418623
1 0.033606 0.421857 0.027658 0.421857 0.027446 0.414275 0.034710 0.414275 0.034805 0.418105 0.033606 0.421857
3 0.844174 0.864382 0.851601 0.863345 0.852379 0.867750 0.844692 0.868873 0.844174 0.864382
3 0.778523 0.870172 0.789351 0.872811 0.787726 0.879511 0.776696 0.876872 0.778523 0.870172
3 0.921033 0.805172 0.924295 0.810108 0.923259 0.811749 0.926627 0.816672 0.911340 0.826777 0.902876 0.814081 0.908144 0.810713 0.909353 0.812440 0.921033 0.805172
1 0.786773 0.551139 0.789586 0.551139 0.792260 0.551983 0.794229 0.555078 0.795636 0.556907 0.794651 0.560143 0.794088 0.562816 0.790853 0.564504 0.787335 0.564504 0.785647 0.563519 0.784240 0.559580 0.783255 0.557188 0.783255 0.554515 0.784803 0.552405 0.786773 0.551139
3 0.968722 0.475748 0.972868 0.479980 0.967685 0.486026 0.963367 0.481275 0.968722 0.475748
0 0.109060 0.680228 0.105477 0.689228 0.097477 0.686252 0.101756 0.675337 0.106097 0.676702 0.105428 0.679026 0.109060 0.680228
3 0.971314 0.231719 0.976842 0.241047 0.980556 0.248734 0.974424 0.251671 0.975287 0.252880 0.962850 0.260049 0.952140 0.242343 0.971314 0.231719
3 0.965171 0.210262 0.970281 0.219527 0.963260 0.223557 0.958399 0.214043 0.965171 0.210262
3 0.222722 0.322305 0.228068 0.332812 0.227308 0.334947 0.231952 0.341231 0.223172 0.345918 0.227730 0.354296 0.208908 0.365096 0.212385 0.372432 0.162109 0.395595 0.153432 0.379963 0.149912 0.362919 0.166464 0.353686 0.167932 0.356709 0.177692 0.351182 0.175140 0.348161 0.222722 0.322305
1 0.158214 0.425468 0.158373 0.429604 0.153442 0.429869 0.153335 0.425945 0.158214 0.425468
0 0.190189 0.217540 0.194157 0.219635 0.193385 0.220737 0.202322 0.226858 0.190265 0.244057 0.177717 0.234995 0.190189 0.217540
1 0.276676 0.235799 0.258928 0.260491 0.246904 0.250176 0.257936 0.234476 0.263999 0.226429 0.276676 0.235799
0 0.257021 0.233887 0.246533 0.249854 0.245700 0.249137 0.246031 0.248256 0.238866 0.241752 0.239527 0.239216 0.248015 0.228083 0.257021 0.233887
3 0.222892 0.251465 0.227254 0.255632 0.223315 0.259799 0.219246 0.255925 0.222892 0.251465
3 0.196652 0.251827 0.201592 0.252369 0.200644 0.262384 0.195637 0.261978 0.196652 0.251827
1 0.177717 0.234995 0.188858 0.242970 0.188685 0.248152 0.179789 0.248929 0.177717 0.234995
1 0.316371 0.177381 0.322331 0.174963 0.326995 0.184637 0.320258 0.187228 0.316371 0.177381
0 0.973062 0.285242 0.972641 0.284514 0.972028 0.283251 0.971645 0.282371 0.971722 0.280993 0.972143 0.279997 0.972985 0.279155 0.973674 0.278543 0.975129 0.278275 0.977004 0.278275 0.977617 0.279155 0.978650 0.280342 0.978688 0.281299 0.978420 0.282753 0.977808 0.284361 0.976966 0.285356 0.975129 0.285548 0.973062 0.285242
3 0.372824 0.539560 0.376735 0.526115 0.384802 0.527337 0.383580 0.540538 0.372824 0.539560
