0 0.781879 0.262465 0.797152 0.268870 0.793457 0.279709 0.777938 0.274290 0.781879 0.262465
0 0.757897 0.214448 0.768307 0.220044 0.763014 0.230781 0.752730 0.225639 0.757897 0.214448
0 0.729018 0.200869 0.738455 0.205131 0.734997 0.214877 0.724682 0.210474 0.729018 0.200869
0 0.638006 0.153339 0.646871 0.158472 0.642003 0.168282 0.632910 0.163254 0.638006 0.153339
0 0.665980 0.169045 0.676331 0.173201 0.671473 0.183628 0.661445 0.178933 0.665980 0.169045
0 0.678235 0.190663 0.688553 0.195740 0.684375 0.205396 0.673976 0.200290 0.678235 0.190663
0 0.701922 0.213195 0.706378 0.204375 0.716962 0.209945 0.712506 0.218672 0.701922 0.213195
0 0.575405 0.022558 0.580737 0.036848 0.566518 0.041707 0.560708 0.027340 0.575405 0.022558
0 0.580247 0.000905 0.585397 0.005207 0.581035 0.009994 0.576066 0.005692 0.580247 0.000905
0 0.361130 0.000003 0.353789 0.016905 0.353628 0.012571 0.353855 0.000003 0.361130 0.000003
