0 0.625525 0.659829 0.638206 0.653097 0.664508 0.711337 0.635544 0.724331 0.628969 0.711650 0.622080 0.712746 0.617540 0.705388 0.618010 0.699751 0.626151 0.695994 0.624898 0.693332 0.632570 0.689888 0.622863 0.670475 0.625525 0.659829
0 0.518880 0.894304 0.520417 0.890130 0.546753 0.890363 0.547081 0.918980 0.532376 0.927150 0.506521 0.926573 0.507098 0.897835 0.518880 0.894304
0 0.421637 0.776206 0.447972 0.756983 0.451624 0.761501 0.451047 0.763423 0.457968 0.770535 0.449606 0.778513 0.466330 0.799081 0.457092 0.806179 0.458342 0.807524 0.454690 0.810119 0.452671 0.808966 0.450845 0.810600 0.451902 0.811465 0.449980 0.812907 0.444502 0.812522 0.427404 0.791524 0.430864 0.789409 0.428750 0.785757 0.425097 0.788352 0.421157 0.784027 0.423464 0.780759 0.421637 0.776206
2 0.218808 0.667913 0.215944 0.671826 0.203049 0.660438 0.196735 0.666459 0.201331 0.672325 0.190263 0.684929 0.166811 0.661958 0.179332 0.649948 0.182600 0.653024 0.187117 0.649083 0.184137 0.645815 0.189413 0.641234 0.191912 0.643540 0.196429 0.639407 0.194699 0.635755 0.207914 0.624129 0.205566 0.621468 0.227171 0.601741 0.260715 0.635356 0.246915 0.647385 0.249106 0.650517 0.236379 0.664803 0.225340 0.672669 0.218808 0.667913
3 0.348858 0.603537 0.354048 0.582008 0.377212 0.587005 0.380480 0.572204 0.402682 0.578067 0.395762 0.611322 0.389803 0.610938 0.386823 0.615455 0.371061 0.614494 0.369138 0.622856 0.348474 0.617762 0.351934 0.605459 0.348858 0.603537
3 0.404403 0.576602 0.421574 0.565456 0.431364 0.579087 0.413114 0.592632 0.404403 0.576602
3 0.313155 0.469071 0.310134 0.467281 0.305425 0.469203 0.297351 0.449500 0.316542 0.439983 0.315613 0.438351 0.327865 0.432159 0.329372 0.434785 0.345528 0.425773 0.346523 0.427190 0.352249 0.423861 0.357423 0.433328 0.352410 0.436482 0.358113 0.444623 0.346314 0.452924 0.329013 0.464458 0.322958 0.464265 0.313155 0.469071
3 0.316824 0.405453 0.328646 0.396995 0.339069 0.411980 0.329464 0.417933 0.328120 0.416071 0.323408 0.418711 0.318585 0.411377 0.320188 0.410355 0.316824 0.405453
3 0.303971 0.429020 0.309026 0.425392 0.307284 0.422619 0.318430 0.415540 0.322485 0.421597 0.317417 0.425200 0.322354 0.433703 0.310899 0.440241 0.303971 0.429020
3 0.218782 0.315552 0.228297 0.304307 0.233199 0.299982 0.240984 0.305556 0.240407 0.306710 0.265974 0.327470 0.252998 0.341407 0.246366 0.342945 0.228874 0.328912 0.218782 0.315552
0 0.067008 0.275807 0.087868 0.271515 0.089073 0.281305 0.067987 0.284694 0.067008 0.275807
0 0.044470 0.311250 0.060294 0.305240 0.064097 0.313949 0.048886 0.319837 0.044470 0.311250
3 0.331550 0.146219 0.362912 0.137238 0.354565 0.108175 0.381180 0.102069 0.386503 0.122578 0.413600 0.115673 0.418478 0.131680 0.411396 0.134164 0.415936 0.147158 0.402628 0.150289 0.404351 0.156395 0.389008 0.160466 0.387442 0.154516 0.345954 0.166102 0.343762 0.155015 0.333845 0.157001 0.331550 0.146219
1 0.295384 0.097478 0.299923 0.070368 0.327401 0.074661 0.323598 0.100667 0.295384 0.097478
1 0.339123 0.090706 0.340104 0.075617 0.349550 0.075127 0.349795 0.077580 0.361817 0.078316 0.360345 0.093159 0.339123 0.090706
3 0.180348 0.000007 0.182342 0.010989 0.194867 0.009424 0.197419 0.021815 0.190746 0.023043 0.195742 0.050852 0.193150 0.065115 0.178701 0.052023 0.173891 0.025371 0.170088 0.025984 0.165991 0.000006 0.180348 0.000007
4 0.204669 0.000007 0.189317 0.003793 0.188101 0.000007 0.204669 0.000007
3 0.402498 0.291685 0.400669 0.291508 0.391346 0.299769 0.387216 0.295933 0.394828 0.289148 0.397070 0.287496 0.396834 0.284427 0.400846 0.281064 0.401908 0.282067 0.403797 0.280356 0.403797 0.277819 0.410877 0.272154 0.417545 0.276816 0.402498 0.291685
0 0.699584 0.303255 0.714413 0.304840 0.711935 0.325772 0.696873 0.324718 0.699584 0.303255
3 0.243647 0.093675 0.241244 0.096348 0.229176 0.082512 0.244996 0.065338 0.274927 0.095760 0.259665 0.111394 0.243647 0.093675
0 0.651946 0.786469 0.653909 0.784855 0.656485 0.783079 0.659128 0.781471 0.663610 0.779574 0.667919 0.779000 0.672516 0.778885 0.678994 0.781267 0.683375 0.785205 0.685789 0.788653 0.687053 0.792273 0.687800 0.795893 0.687915 0.801524 0.687742 0.804741 0.686593 0.808246 0.684639 0.812441 0.681652 0.815658 0.676710 0.818072 0.669470 0.820083 0.660622 0.819278 0.654876 0.815946 0.649820 0.807729 0.648671 0.804109 0.648441 0.795318 0.649283 0.791581 0.650275 0.788733 0.651946 0.786469
0 0.090860 0.276848 0.102579 0.274992 0.103783 0.282349 0.091934 0.284205 0.090860 0.276848
0 0.512663 0.441793 0.514267 0.440613 0.516375 0.440467 0.517382 0.440733 0.518366 0.441507 0.519503 0.442217 0.520087 0.443225 0.520193 0.443967 0.520193 0.445452 0.520034 0.447414 0.519450 0.448739 0.516746 0.450224 0.514572 0.450065 0.512981 0.449535 0.511391 0.448209 0.510967 0.446088 0.511338 0.444444 0.512080 0.442747 0.512663 0.441793
0 0.518602 0.433945 0.520206 0.432766 0.522314 0.432620 0.523321 0.432885 0.524647 0.433415 0.525442 0.434370 0.526025 0.435377 0.526131 0.436119 0.526131 0.437604 0.525972 0.439566 0.525389 0.440892 0.522685 0.442376 0.520511 0.442217 0.519067 0.441443 0.517671 0.439971 0.517247 0.438094 0.517276 0.436597 0.518019 0.434900 0.518602 0.433945
0 0.965272 0.718218 0.971599 0.719841 0.969652 0.726493 0.963487 0.724871 0.965272 0.718218
0 0.906537 0.692907 0.906537 0.682848 0.914325 0.683335 0.914974 0.693232 0.906537 0.692907
3 0.051879 0.557392 0.061506 0.559861 0.059284 0.567760 0.053360 0.573684 0.047189 0.570228 0.051879 0.557392
3 0.180602 0.131767 0.180858 0.129893 0.183670 0.127848 0.186226 0.127677 0.188100 0.128359 0.189634 0.129637 0.189804 0.131938 0.190060 0.135516 0.188867 0.136624 0.185800 0.136794 0.183499 0.135687 0.181540 0.134409 0.180602 0.131767
