0 0.739268 0.053836 0.769586 0.056898 0.770505 0.059654 0.784286 0.059654 0.784286 0.078642 0.765605 0.078335 0.765911 0.081704 0.737431 0.080785 0.739268 0.053836
3 0.772036 0.092989 0.781023 0.094154 0.781023 0.098647 0.789344 0.099479 0.789344 0.107634 0.785516 0.107634 0.785516 0.109631 0.791507 0.109631 0.790509 0.142748 0.773368 0.143414 0.774033 0.139420 0.759555 0.140085 0.759888 0.123776 0.749570 0.121280 0.751067 0.097815 0.759056 0.098148 0.759056 0.095984 0.771537 0.096816 0.772036 0.092989
0 0.998857 0.461453 0.984710 0.463429 0.955660 0.416031 0.971714 0.390038 0.979359 0.392331 0.998857 0.408219 0.998857 0.461453
3 0.833342 0.397683 0.916671 0.399976 0.918028 0.429465 0.836400 0.430880 0.833342 0.397683
0 0.969860 0.795827 0.987009 0.791846 0.992216 0.810220 0.979353 0.816039 0.969860 0.795827
0 0.941518 0.960287 0.959587 0.955694 0.970305 0.982643 0.937537 0.994587 0.931718 0.977437 0.944274 0.973762 0.941518 0.960287
0 0.875818 0.841587 0.891437 0.845568 0.888987 0.871293 0.873062 0.867312 0.875818 0.841587
0 0.872535 0.897971 0.881522 0.899136 0.880856 0.906625 0.871038 0.905626 0.872535 0.897971
0 0.527385 0.838416 0.555562 0.843488 0.560634 0.820946 0.590503 0.829399 0.579795 0.889700 0.520059 0.874484 0.527385 0.838416
0 0.496953 0.809675 0.527385 0.816437 0.519495 0.845742 0.490754 0.840107 0.496953 0.809675
0 0.348635 0.914568 0.380758 0.908932 0.388084 0.954016 0.354834 0.958525 0.348635 0.914568
0 0.137445 0.920338 0.164864 0.924077 0.166526 0.910368 0.225933 0.913691 0.220532 0.980161 0.175665 0.975176 0.175665 0.983069 0.155309 0.981823 0.155309 0.972268 0.131214 0.967698 0.137445 0.920338
0 0.060434 0.866584 0.101165 0.868422 0.101165 0.891084 0.080646 0.888021 0.080646 0.880978 0.055841 0.879446 0.060434 0.866584
0 0.023332 0.902248 0.043650 0.903151 0.040489 0.923920 0.021300 0.919405 0.023332 0.902248
0 0.407402 0.518604 0.418619 0.516527 0.418619 0.514450 0.437729 0.511957 0.439391 0.517358 0.455177 0.517358 0.465563 0.555162 0.449361 0.558486 0.449361 0.568456 0.434406 0.569287 0.426097 0.532313 0.409895 0.533975 0.407402 0.518604
0 0.922961 0.496351 0.929699 0.496351 0.930311 0.510132 0.921430 0.510132 0.922961 0.496351
0 0.940241 0.520835 0.943902 0.516341 0.963040 0.532151 0.959545 0.536977 0.940241 0.520835
0 0.357653 0.801644 0.345476 0.791902 0.357409 0.775585 0.372752 0.787518 0.357653 0.801644
0 0.314908 0.780438 0.311011 0.772888 0.326110 0.765826 0.329763 0.775324 0.314908 0.780438
0 0.372582 0.816964 0.359431 0.806979 0.364058 0.802596 0.361623 0.801135 0.375505 0.790175 0.387925 0.802352 0.372582 0.816964
0 0.610390 0.902085 0.614207 0.886820 0.628900 0.889682 0.625274 0.905138 0.610390 0.902085
0 0.398374 0.975089 0.403975 0.957554 0.424676 0.961938 0.418100 0.982395 0.398374 0.975089
0 0.405571 0.954408 0.410929 0.928349 0.431386 0.932002 0.425298 0.959522 0.405571 0.954408
0 0.432827 0.930428 0.411837 0.925467 0.421378 0.897417 0.438361 0.901424 0.432827 0.930428
0 0.440450 0.923978 0.444076 0.903179 0.605736 0.943653 0.596588 0.987088 0.433149 0.942658 0.440450 0.923978
0 0.430828 0.958369 0.462222 0.966450 0.458181 0.980126 0.428031 0.971113 0.430828 0.958369
0 0.463776 0.957436 0.596807 0.991316 0.589373 0.999009 0.567665 0.999009 0.517237 0.996600 0.458181 0.980126 0.463776 0.957436
0 0.428229 0.977336 0.452095 0.982938 0.449173 0.994384 0.424819 0.989513 0.428229 0.977336
0 0.014910 0.874496 0.018917 0.856368 0.034564 0.859230 0.031129 0.877358 0.014910 0.874496
0 0.893316 0.923825 0.891090 0.923591 0.889918 0.921248 0.891207 0.917382 0.892730 0.917265 0.895424 0.917850 0.896479 0.920779 0.896127 0.922771 0.893316 0.923825
0 0.785732 0.594320 0.790217 0.584452 0.808009 0.597011 0.801281 0.604785 0.785732 0.594320
0 -0.000000 0.953319 0.006040 0.954646 -0.000000 0.973516 -0.000000 0.953319
