0 0.133489 0.999005 0.126218 0.994046 0.134119 0.980235 0.150749 0.989842 0.144958 0.999006 0.133489 0.999005
0 0.122769 0.969350 0.125689 0.970472 0.123401 0.975114 0.133632 0.980236 0.127879 0.989683 0.115816 0.982722 0.122769 0.969350
0 -0.000000 0.909555 -0.000000 0.882246 0.011162 0.887682 0.022147 0.894719 0.009098 0.913765 -0.000000 0.909555
0 0.053625 0.936984 0.090323 0.940987 0.088045 0.960873 0.084773 0.960559 0.084048 0.966997 0.071882 0.965723 0.072287 0.963009 0.063918 0.961802 0.064240 0.956813 0.051216 0.955084 0.053625 0.936984
0 0.021337 0.831843 0.060951 0.821335 0.078962 0.816308 0.085997 0.839627 0.027431 0.856598 0.021337 0.831843
0 0.013996 0.795203 0.038538 0.788839 0.039490 0.791610 0.053813 0.787895 0.058535 0.805675 0.044149 0.810271 0.044993 0.812610 0.018634 0.819480 0.013996 0.795203
0 -0.000000 0.834326 -0.000000 0.818612 0.003774 0.817597 0.007880 0.831974 -0.000000 0.834326
3 0.137264 0.835911 0.137511 0.821395 0.146788 0.821526 0.147352 0.815769 0.153764 0.815964 0.153926 0.811539 0.167730 0.812046 0.166868 0.831877 0.152639 0.831505 0.152390 0.836485 0.137264 0.835911
3 0.162779 0.724133 0.183739 0.715275 0.188778 0.728758 0.187577 0.729140 0.193557 0.741919 0.172621 0.749641 0.162779 0.724133
3 0.139004 0.714678 0.149180 0.704626 0.160255 0.715191 0.149868 0.725465 0.139004 0.714678
2 0.112559 0.645177 0.116402 0.628934 0.118626 0.621931 0.152007 0.629425 0.145171 0.654712 0.117489 0.649884 0.118374 0.646182 0.112559 0.645177
0 0.128663 0.785687 0.140624 0.782099 0.145110 0.795106 0.132102 0.798694 0.128663 0.785687
0 0.156496 0.771208 0.180119 0.764145 0.186208 0.782167 0.159906 0.787281 0.156496 0.771208
0 0.189008 0.765476 0.194699 0.763549 0.196259 0.769056 0.190660 0.770617 0.189008 0.765476
