0 0.289178 0.313877 0.303302 0.310661 0.302463 0.308284 0.343016 0.298355 0.344135 0.302830 0.351686 0.301292 0.350148 0.297376 0.358259 0.295418 0.367628 0.330238 0.350847 0.339608 0.316167 0.347299 0.295471 0.348138 0.290716 0.328980 0.292814 0.327861 0.289178 0.313877
0 0.449892 0.466977 0.462114 0.459907 0.466963 0.469402 0.454942 0.476169 0.449892 0.466977
3 0.482215 0.451119 0.506054 0.436371 0.517973 0.452836 0.521609 0.450412 0.536963 0.472937 0.536660 0.477684 0.529488 0.482028 0.530801 0.484654 0.501609 0.502129 0.489791 0.478593 0.491205 0.473240 0.478680 0.453038 0.482215 0.451119
3 0.517562 0.514941 0.524438 0.511733 0.531943 0.515875 0.530003 0.507839 0.538039 0.502852 0.542195 0.506454 0.548014 0.503129 0.554387 0.512550 0.546351 0.518646 0.550231 0.524742 0.553833 0.528898 0.558266 0.526127 0.565465 0.533198 0.561969 0.541449 0.551621 0.549419 0.537637 0.556551 0.528268 0.546343 0.524034 0.534107 0.518919 0.523356 0.517562 0.514941
3 0.556053 0.588618 0.590512 0.562870 0.596320 0.569259 0.600386 0.566162 0.605419 0.572357 0.612388 0.566355 0.620132 0.576809 0.617809 0.587070 0.609872 0.591329 0.612388 0.594039 0.601160 0.603331 0.598450 0.603331 0.592835 0.602751 0.588964 0.597717 0.585479 0.593265 0.579090 0.597911 0.575606 0.596362 0.565732 0.603138 0.556053 0.588618
3 0.552254 0.607351 0.573790 0.622454 0.560785 0.636018 0.545542 0.632383 0.544004 0.620496 0.542326 0.618119 0.552254 0.607351
3 0.471302 0.623740 0.477175 0.614371 0.488781 0.621084 0.482908 0.631012 0.471302 0.623740
3 0.748044 0.660343 0.765274 0.671184 0.754626 0.688801 0.747270 0.696351 0.761402 0.703707 0.767790 0.698868 0.790247 0.712806 0.765855 0.751912 0.748625 0.740297 0.752303 0.733327 0.728491 0.717840 0.722103 0.727907 0.702743 0.713581 0.720167 0.688994 0.724038 0.691511 0.734492 0.676604 0.736816 0.677960 0.748044 0.660343
0 0.796766 0.719947 0.808769 0.726336 0.812060 0.721302 0.834323 0.733499 0.835872 0.729627 0.839163 0.731369 0.853682 0.701362 0.868202 0.708525 0.871880 0.710074 0.849230 0.756536 0.833742 0.761376 0.832000 0.755568 0.810318 0.744533 0.800251 0.753245 0.785150 0.744727 0.796766 0.719947
0 0.963902 0.707139 0.980551 0.711205 0.974937 0.735985 0.970678 0.734436 0.969903 0.735985 0.963708 0.733662 0.964095 0.731532 0.958869 0.728047 0.963902 0.707139
0 0.956599 0.735201 0.959816 0.735481 0.970443 0.737578 0.967087 0.752401 0.993377 0.763029 0.998864 0.763956 0.998864 0.784144 0.990720 0.796171 0.974918 0.798269 0.974219 0.805261 0.954642 0.800786 0.954642 0.789039 0.946391 0.786802 0.950307 0.765546 0.946531 0.764567 0.949468 0.753940 0.952544 0.755198 0.956320 0.746528 0.951845 0.745409 0.953383 0.737858 0.957718 0.739956 0.956599 0.735201
0 0.948123 0.914649 0.957803 0.907486 0.968450 0.920263 0.979872 0.919876 0.984519 0.918521 0.998865 0.920853 0.998865 0.941230 0.991295 0.939042 0.991101 0.949302 0.988584 0.952012 0.983357 0.950851 0.969418 0.961305 0.962255 0.951625 0.958190 0.953561 0.948898 0.936912 0.957803 0.930911 0.948123 0.914649
3 0.376283 0.274745 0.382478 0.272035 0.394288 0.289846 0.387899 0.292556 0.376283 0.274745
3 0.380614 0.428703 0.404387 0.419194 0.409281 0.431080 0.384670 0.440869 0.379635 0.428983 0.380614 0.428703
