4 -0.000000 0.167934 0.002833 0.165747 0.005213 0.168614 0.001035 0.171821 -0.000000 0.171675 -0.000000 0.167934
3 0.591172 0.804018 0.598557 0.803678 0.598897 0.810383 0.591609 0.810772 0.591172 0.804018
3 0.612517 0.552872 0.619539 0.557513 0.615265 0.564319 0.617006 0.565111 0.616373 0.566377 0.620014 0.567722 0.619539 0.574687 0.610041 0.572550 0.603393 0.582127 0.596904 0.577853 0.612517 0.552872
3 0.594541 0.533499 0.605952 0.541189 0.603285 0.545220 0.599316 0.542739 0.598031 0.544645 0.590591 0.539658 0.594541 0.533499
3 0.589709 0.540643 0.595848 0.545418 0.592810 0.549449 0.586565 0.544663 0.589709 0.540643
0 0.597738 0.566565 0.599341 0.566857 0.600750 0.567342 0.600896 0.567683 0.601042 0.568363 0.601090 0.569383 0.601042 0.570501 0.600556 0.571715 0.599924 0.572493 0.598564 0.572541 0.596961 0.572104 0.596620 0.571570 0.595260 0.570987 0.594968 0.570161 0.595551 0.568849 0.596037 0.567877 0.597738 0.566565
3 0.598920 0.553921 0.603341 0.557323 0.597559 0.565194 0.592798 0.561744 0.598920 0.553921
0 0.601749 0.590085 0.605976 0.593874 0.601360 0.598733 0.597036 0.594749 0.601749 0.590085
3 0.594890 0.582522 0.598097 0.585291 0.592218 0.592191 0.588865 0.589227 0.594890 0.582522
3 0.717959 0.612803 0.717959 0.616449 0.709658 0.616547 0.709593 0.613096 0.717959 0.612803
3 0.703039 0.626658 0.708215 0.626821 0.708085 0.635284 0.703007 0.635219 0.703039 0.626658
3 0.756146 0.644083 0.756407 0.648738 0.750319 0.648868 0.750352 0.644213 0.756146 0.644083
3 0.615147 0.579199 0.619389 0.582380 0.616355 0.586785 0.614548 0.585294 0.613066 0.587192 0.610534 0.585190 0.615147 0.579199
3 0.603167 0.546470 0.604307 0.547153 0.605023 0.547804 0.605413 0.548813 0.605478 0.549822 0.605218 0.551190 0.604567 0.552036 0.603265 0.552720 0.601800 0.552817 0.600531 0.552427 0.599652 0.551320 0.599066 0.549692 0.599228 0.547902 0.600140 0.546990 0.601409 0.546470 0.603167 0.546470
