3 0.209138 0.517120 0.215294 0.526148 0.199084 0.536818 0.193749 0.529431 0.209138 0.517120
0 0.293542 0.595438 0.315964 0.596949 0.315838 0.617734 0.302738 0.618489 0.302234 0.611687 0.294233 0.609932 0.293542 0.595438
3 0.386623 0.575323 0.395834 0.556900 0.436727 0.578678 0.440465 0.603184 0.433882 0.603861 0.433705 0.611925 0.424150 0.611220 0.423861 0.601153 0.422092 0.599867 0.419636 0.589948 0.386623 0.575323
1 0.495101 0.560170 0.502955 0.544484 0.534291 0.565095 0.536138 0.576995 0.550090 0.580689 0.549270 0.604285 0.525879 0.596078 0.525490 0.583002 0.495101 0.560170
0 0.549270 0.604285 0.558504 0.604375 0.558314 0.598453 0.567758 0.598765 0.568670 0.618390 0.548930 0.617107 0.549270 0.604285
0 0.764193 0.666775 0.780807 0.669406 0.779169 0.688175 0.761786 0.685781 0.764193 0.666775
0 0.737423 0.632296 0.757680 0.663968 0.736619 0.677151 0.724883 0.657858 0.711539 0.664611 0.704267 0.651106 0.737423 0.632296
0 0.686332 0.612949 0.685849 0.605233 0.699032 0.605072 0.699676 0.612789 0.686332 0.612949
0 0.929652 0.576818 0.951665 0.572711 0.955279 0.590745 0.932180 0.595013 0.929652 0.576818
0 0.998824 0.543798 0.988915 0.543798 0.988159 0.520746 0.998824 0.520292 0.998824 0.543798
0 0.971484 0.500149 0.980928 0.496029 0.988079 0.511403 0.978516 0.515321 0.971484 0.500149
0 0.925624 0.440709 0.926331 0.454321 0.897902 0.457045 0.896487 0.443787 0.925624 0.440709
3 0.615558 0.310760 0.623620 0.306100 0.628532 0.314161 0.619967 0.318948 0.615558 0.310760
0 0.814310 0.811915 0.824513 0.806625 0.834100 0.823709 0.823538 0.828888 0.814310 0.811915
0 0.971144 0.947565 0.986603 0.965668 0.958636 0.999004 0.936490 0.999005 0.945900 0.974063 0.971144 0.947565
3 0.233873 0.619211 0.234516 0.616317 0.237249 0.614388 0.240625 0.613745 0.243519 0.614549 0.245930 0.616638 0.246895 0.620979 0.246573 0.624034 0.244966 0.625481 0.243037 0.626606 0.239821 0.627249 0.237570 0.627249 0.234516 0.624516 0.234194 0.623230 0.233873 0.619211
0 0.625778 0.553238 0.629204 0.565695 0.611113 0.567903 0.609542 0.562142 0.606661 0.562142 0.605352 0.555333 0.625778 0.553238
0 0.736953 0.504360 0.749841 0.497756 0.755586 0.506990 0.741018 0.514787 0.736953 0.504360
0 0.767231 0.428978 0.774823 0.442520 0.761076 0.450317 0.753279 0.437801 0.767231 0.428978
0 0.893149 0.574536 0.918027 0.572441 0.921693 0.583701 0.922479 0.594176 0.896291 0.598105 0.892625 0.585535 0.892831 0.582087 0.893149 0.574536
0 0.892831 0.582087 0.892625 0.585535 0.896291 0.598105 0.888310 0.599741 0.885237 0.582997 0.892831 0.582087
3 0.365058 0.596676 0.384029 0.584297 0.390621 0.579313 0.398337 0.586226 0.383547 0.596355 0.369238 0.604875 0.365058 0.596676
0 0.780873 0.663586 0.784950 0.663865 0.785283 0.667428 0.787005 0.669429 0.788462 0.671760 0.782616 0.673378 0.780807 0.669406 0.780873 0.663586
