0 0.341092 0.402869 0.340107 0.417450 0.331161 0.417234 0.325160 0.414684 0.325664 0.400422 0.341092 0.402869
3 0.285530 0.451271 0.285530 0.465885 0.257692 0.464881 0.257420 0.450083 0.285530 0.451271
3 0.224273 0.448031 0.201375 0.448695 0.202073 0.463109 0.187051 0.463398 0.185889 0.448542 0.158288 0.450275 0.157931 0.437691 0.180713 0.436504 0.180978 0.439928 0.188056 0.439627 0.188115 0.436104 0.188842 0.436064 0.224732 0.435196 0.224273 0.448031
3 0.181012 0.429606 0.175721 0.430000 0.175446 0.421871 0.181373 0.421878 0.181012 0.429606
3 0.192692 0.427796 0.182912 0.428576 0.182375 0.421027 0.192383 0.420654 0.192692 0.427796
3 0.195205 0.420039 0.175146 0.420977 0.173832 0.400479 0.163306 0.400687 0.162955 0.396484 0.173253 0.394342 0.173979 0.388592 0.194068 0.388254 0.195205 0.420039
3 0.168520 0.395368 0.160332 0.396875 0.154599 0.397831 0.152268 0.392199 0.144800 0.387622 0.142730 0.379488 0.152268 0.379446 0.151456 0.366494 0.163613 0.366368 0.168520 0.395368
0 0.872525 0.534778 0.871335 0.554999 0.816917 0.549349 0.781828 0.546078 0.784207 0.525262 0.849033 0.531209 0.849628 0.532696 0.867767 0.532993 0.872525 0.534778
0 0.831957 0.555913 0.829544 0.583794 0.810778 0.583794 0.810242 0.566369 0.814531 0.566369 0.815068 0.554573 0.831957 0.555913
0 0.741435 0.555997 0.742337 0.568614 0.738732 0.574022 0.738431 0.574022 0.727617 0.576124 0.717403 0.566512 0.717403 0.556598 0.725514 0.551191 0.734226 0.550590 0.741435 0.555997
3 0.309168 0.487112 0.341964 0.488224 0.342520 0.497303 0.339741 0.497673 0.339926 0.503417 0.310095 0.503417 0.309168 0.487112
1 0.315283 0.459504 0.317321 0.457281 0.318987 0.455976 0.322324 0.455428 0.324362 0.456910 0.325103 0.461172 0.324362 0.463395 0.322880 0.464692 0.320286 0.465248 0.317136 0.464877 0.315654 0.463024 0.315283 0.459504
