0 -0.000000 0.754454 0.019682 0.756287 0.021515 0.776713 -0.000000 0.775928 -0.000000 0.754454
0 0.477057 0.999009 0.462417 0.969297 0.498234 0.952069 0.513684 0.979304 0.529135 0.972757 0.539872 0.991350 0.522945 0.999009 0.477057 0.999009
0 0.445391 0.897245 0.457575 0.890753 0.467003 0.907775 0.455108 0.914901 0.445391 0.897245
0 0.421566 0.824937 0.457663 0.806555 0.471366 0.831288 0.469695 0.835298 0.477048 0.854349 0.452315 0.867718 0.448304 0.860699 0.441286 0.863039 0.421566 0.824937
0 0.357977 0.717120 0.378952 0.701962 0.388746 0.714733 0.391815 0.712312 0.400258 0.723686 0.397056 0.726240 0.416974 0.753866 0.388257 0.772349 0.379829 0.759304 0.384808 0.756187 0.357977 0.717120
0 0.362169 0.787725 0.381622 0.776471 0.390625 0.790137 0.372297 0.802194 0.362169 0.787725
0 0.393058 0.793972 0.383147 0.777450 0.401823 0.765454 0.412821 0.780643 0.393058 0.793972
0 0.204136 0.505385 0.220634 0.511932 0.213040 0.536810 0.196280 0.530263 0.204136 0.505385
0 0.257558 0.537596 0.276174 0.545523 0.268819 0.564045 0.279556 0.568497 0.278287 0.571990 0.281389 0.573473 0.282739 0.570548 0.291602 0.573473 0.278439 0.613367 0.233728 0.595732 0.250749 0.548071 0.253658 0.549036 0.257558 0.537596
0 0.247231 0.512550 0.250447 0.504351 0.253180 0.504994 0.256234 0.499527 0.261861 0.501296 0.261861 0.503064 0.267006 0.504511 0.268453 0.500010 0.279546 0.504351 0.274562 0.520588 0.247231 0.512550
0 0.287849 0.426484 0.313907 0.435307 0.290926 0.492964 0.259738 0.482089 0.264868 0.464238 0.271434 0.465469 0.287849 0.426484
0 0.530293 0.245455 0.536087 0.250242 0.541630 0.257800 0.523365 0.276065 0.514673 0.265736 0.530293 0.245455
0 0.565311 0.246715 0.573373 0.240039 0.583828 0.251502 0.574129 0.258934 0.565311 0.246715
0 0.682799 0.305300 0.701931 0.299673 0.704342 0.304657 0.718972 0.299994 0.720258 0.301763 0.736174 0.297744 0.750483 0.345331 0.734888 0.352083 0.730226 0.339382 0.724599 0.340186 0.722670 0.331666 0.707236 0.336167 0.709165 0.340508 0.695018 0.344527 0.682799 0.305300
0 0.721639 0.254468 0.735181 0.250160 0.742362 0.268216 0.727794 0.273756 0.721639 0.254468
0 0.720714 0.225257 0.727788 0.221399 0.733254 0.229759 0.726180 0.234100 0.720714 0.225257
0 0.886929 0.084173 0.893640 0.071539 0.909925 0.080027 0.902227 0.092167 0.886929 0.084173
0 0.998848 0.044575 0.985652 0.044691 0.985652 0.016727 0.998848 0.015800 0.998848 0.044575
0 0.857695 0.022045 0.868402 0.012976 0.872181 0.018015 0.877471 0.015117 0.883392 0.022297 0.869283 0.034012 0.857695 0.022045
0 0.998848 0.377511 0.997346 0.378167 0.993809 0.371415 0.986735 0.374791 0.976125 0.355017 0.984163 0.350194 0.979019 0.338779 0.998848 0.329023 0.998848 0.377511
0 0.618501 0.562428 0.626357 0.554309 0.626095 0.550643 0.651497 0.537288 0.653330 0.542787 0.656735 0.542787 0.656735 0.536764 0.674542 0.535978 0.675066 0.532312 0.693135 0.537811 0.692088 0.541216 0.703086 0.553524 0.710157 0.566094 0.712252 0.573688 0.716966 0.574212 0.716180 0.593852 0.682398 0.589924 0.682398 0.579187 0.679518 0.572903 0.675328 0.569760 0.671400 0.568189 0.672971 0.559809 0.666424 0.557714 0.656997 0.559285 0.651235 0.562428 0.647569 0.565570 0.644950 0.570808 0.639451 0.577878 0.620858 0.566879 0.618501 0.562428
0 0.674742 0.586684 0.684955 0.617062 0.689669 0.616800 0.696477 0.645606 0.664529 0.652153 0.661386 0.624132 0.665053 0.624132 0.656411 0.591136 0.674742 0.586684
