0 0.922496 0.558792 0.947422 0.559207 0.949761 0.607325 0.930804 0.606016 0.930804 0.593273 0.924573 0.593273 0.922496 0.558792
0 0.900803 0.643080 0.920373 0.650558 0.917005 0.663995 0.919494 0.666070 0.917947 0.671679 0.899960 0.664522 0.897524 0.658451 0.900803 0.643080
4 0.998826 0.276895 0.991015 0.275325 0.991015 0.268778 0.998826 0.268778 0.998826 0.276895
3 0.302757 0.894774 0.337975 0.867458 0.345425 0.879648 0.339555 0.883486 0.344296 0.891388 0.342941 0.895903 0.345876 0.902224 0.341587 0.910577 0.343619 0.918478 0.340458 0.921639 0.349714 0.933152 0.331654 0.954148 0.320817 0.938119 0.328945 0.929089 0.302757 0.894774
0 0.034207 0.857472 0.055809 0.851241 0.057886 0.861211 0.078243 0.854980 0.086136 0.877829 0.066195 0.883645 0.064118 0.879906 0.041684 0.886137 0.034207 0.857472
0 0.052843 0.780143 0.081018 0.786268 0.077343 0.801887 0.050700 0.798212 0.052843 0.780143
0 0.083635 0.684421 0.092891 0.682163 0.100341 0.703610 0.083861 0.706996 0.082055 0.699321 0.087022 0.697740 0.083635 0.684421
0 0.158130 0.870842 0.161909 0.870464 0.165562 0.872731 0.164807 0.877392 0.162665 0.879030 0.158634 0.878400 0.156367 0.873235 0.158130 0.870842
0 0.096647 0.878889 0.099219 0.877603 0.095843 0.867153 0.110151 0.862652 0.112563 0.874388 0.123495 0.906059 0.106453 0.910721 0.096647 0.878889
0 0.139177 0.801603 0.138337 0.806452 0.135828 0.807541 0.131637 0.806354 0.130591 0.803526 0.132511 0.801954 0.135316 0.800664 0.139177 0.801603
0 0.058047 0.752407 0.080716 0.755301 0.079429 0.768002 0.057083 0.763983 0.058047 0.752407
0 0.107269 0.323403 0.112686 0.322899 0.116968 0.325544 0.117399 0.329026 0.117724 0.331591 0.113945 0.334362 0.107899 0.334866 0.104876 0.330331 0.107269 0.323403
0 0.113945 0.334362 0.117724 0.331591 0.117399 0.329026 0.120873 0.328567 0.126416 0.331969 0.124400 0.339149 0.118984 0.340156 0.113945 0.337763 0.113945 0.334362
