1 0.847020 0.562654 0.841873 0.596727 0.803540 0.591943 0.810321 0.558898 0.847020 0.562654
1 0.708621 0.588885 0.736990 0.581426 0.737923 0.589285 0.740986 0.596344 0.744558 0.605681 0.742188 0.612807 0.738063 0.613632 0.723566 0.615867 0.720343 0.602269 0.713644 0.603003 0.710752 0.595944 0.708621 0.588885
1 0.654648 0.586732 0.667907 0.569903 0.684364 0.581173 0.668927 0.603730 0.657028 0.596591 0.661278 0.591661 0.654648 0.586732
3 0.691088 0.545201 0.704863 0.544367 0.705385 0.552402 0.691088 0.554072 0.691088 0.545201
3 0.606180 0.535710 0.610309 0.524789 0.616435 0.527453 0.612173 0.537309 0.606180 0.535710
3 0.592867 0.562154 0.596197 0.546838 0.604653 0.549768 0.599793 0.563886 0.592867 0.562154
3 0.529785 0.488411 0.535778 0.484948 0.542171 0.496669 0.537110 0.500398 0.529785 0.488411
3 0.537909 0.502662 0.544302 0.497068 0.552560 0.506925 0.546167 0.512652 0.537909 0.502662
0 0.478342 0.423028 0.483951 0.423708 0.484631 0.438667 0.479531 0.439007 0.478342 0.423028
3 0.516204 0.363814 0.521108 0.363188 0.522152 0.372580 0.516517 0.372788 0.516204 0.363814
3 0.476560 0.353012 0.489309 0.347913 0.493899 0.358452 0.482679 0.363891 0.476560 0.353012
3 0.449000 0.345343 0.460729 0.339394 0.471949 0.356563 0.456990 0.363192 0.451380 0.355203 0.453420 0.351973 0.449000 0.345343
3 0.415502 0.876341 0.425916 0.880246 0.425048 0.881765 0.457591 0.895216 0.440452 0.929711 0.401617 0.910185 0.415502 0.876341
0 0.325541 0.935692 0.327411 0.930252 0.353419 0.938582 0.351379 0.945211 0.325541 0.935692
0 0.271163 0.873035 0.273037 0.871161 0.274580 0.871823 0.275682 0.873366 0.275793 0.875460 0.274470 0.877114 0.271273 0.875901 0.270832 0.874137 0.271163 0.873035
0 0.276353 0.875225 0.277807 0.874768 0.279178 0.874934 0.279760 0.875765 0.280757 0.876472 0.280923 0.877344 0.280965 0.878715 0.280175 0.879754 0.278971 0.880585 0.276769 0.879878 0.275813 0.879214 0.275689 0.877843 0.275813 0.876306 0.276353 0.875225
0 0.278313 0.886615 0.282380 0.878073 0.292579 0.882361 0.288942 0.890518 0.278313 0.886615
0 0.261430 0.845083 0.278075 0.840343 0.279288 0.847508 0.263855 0.851587 0.261430 0.845083
0 0.479682 0.907816 0.487456 0.908334 0.487283 0.910925 0.479344 0.910559 0.479682 0.907816
0 0.488905 0.911505 0.489700 0.911717 0.490867 0.912936 0.491238 0.914686 0.490920 0.915641 0.489965 0.916542 0.488321 0.917231 0.487155 0.917019 0.485935 0.916383 0.484822 0.915588 0.484398 0.913042 0.484769 0.912565 0.485882 0.911876 0.486943 0.911452 0.488905 0.911505
4 0.367778 0.866659 0.375724 0.865623 0.376761 0.871064 0.368901 0.872187 0.367778 0.866659
3 0.839800 0.960952 0.846905 0.943077 0.859280 0.946514 0.852405 0.965764 0.839800 0.960952
3 0.813129 0.866574 0.843295 0.862803 0.844192 0.872499 0.814565 0.877527 0.813129 0.866574
1 0.758470 0.795378 0.770157 0.789420 0.773136 0.796295 0.761907 0.802482 0.758470 0.795378
1 0.711655 0.711616 0.727456 0.704792 0.739845 0.730649 0.722428 0.738729 0.711655 0.711616
3 0.663121 0.800799 0.661825 0.799763 0.661652 0.795703 0.664589 0.794408 0.667439 0.794408 0.668735 0.796394 0.669167 0.798985 0.666230 0.801835 0.662689 0.800799 0.663121 0.800799
3 0.663121 0.793544 0.661480 0.793198 0.660443 0.790435 0.661048 0.789053 0.663121 0.788362 0.664416 0.788189 0.665712 0.788880 0.666748 0.791385 0.667007 0.792680 0.665453 0.793803 0.663121 0.793544
3 0.661048 0.789053 0.660011 0.786893 0.659925 0.785166 0.661480 0.784216 0.663207 0.783957 0.664416 0.784907 0.665021 0.786030 0.664416 0.788189 0.663121 0.788362 0.661048 0.789053
3 0.658284 0.776874 0.657679 0.774974 0.657679 0.773592 0.657938 0.772556 0.660184 0.771779 0.661652 0.771433 0.663034 0.771260 0.664416 0.772901 0.665366 0.774715 0.664762 0.776788 0.664071 0.777911 0.659579 0.777738 0.658284 0.776874
3 0.660443 0.782834 0.659666 0.782229 0.659666 0.781020 0.660011 0.779725 0.660875 0.778861 0.661307 0.778861 0.662430 0.778343 0.663639 0.779379 0.664243 0.780588 0.664762 0.781798 0.664157 0.782834 0.662084 0.783439 0.660443 0.782834
3 0.670785 0.812991 0.676351 0.808322 0.686766 0.817659 0.682097 0.823405 0.670785 0.812991
3 0.747572 0.881470 0.760859 0.885600 0.750085 0.907865 0.739312 0.904274 0.738953 0.901581 0.734284 0.899067 0.741467 0.885600 0.744878 0.886857 0.747572 0.881470
3 0.356880 0.379348 0.361463 0.379119 0.361463 0.387598 0.356880 0.387827 0.356880 0.379348
3 0.371628 0.377889 0.376699 0.377117 0.377250 0.383841 0.371848 0.384833 0.371628 0.377889
3 0.378132 0.376897 0.385076 0.376015 0.386399 0.382739 0.379234 0.383841 0.378132 0.376897
3 0.387665 0.373312 0.395093 0.372794 0.395611 0.378236 0.387837 0.378840 0.387665 0.373312
3 0.111569 0.574335 0.144569 0.581898 0.142965 0.592898 0.110194 0.585335 0.111569 0.574335
0 0.156297 0.607248 0.162582 0.604734 0.165096 0.611557 0.159709 0.613353 0.156297 0.607248
0 0.151988 0.586958 0.158273 0.588574 0.156477 0.600963 0.150013 0.600784 0.151988 0.586958
3 0.150013 0.666502 0.157375 0.662731 0.162043 0.669375 0.169764 0.666322 0.175151 0.678532 0.168148 0.682303 0.165455 0.676198 0.162941 0.683021 0.153604 0.680687 0.154681 0.674941 0.150013 0.666502
3 0.160449 0.648453 0.170921 0.650106 0.170921 0.655398 0.159677 0.654846 0.160449 0.648453
3 0.138332 0.724978 0.141842 0.714741 0.164948 0.722053 0.162900 0.732582 0.138332 0.724978
3 0.008178 0.658877 0.011395 0.650103 0.016075 0.653612 0.019877 0.651857 0.034794 0.666481 0.025434 0.679643 0.020755 0.674086 0.017245 0.675841 0.011688 0.672331 0.013150 0.669114 0.008178 0.658877
0 0.011600 0.897586 0.014686 0.887554 0.020308 0.888657 0.016291 0.899729 0.011600 0.897586
3 0.484119 0.244198 0.487715 0.244198 0.501859 0.249952 0.500900 0.261698 0.481962 0.265773 0.484119 0.244198
