0 0.870644 0.125080 0.826939 0.112473 0.826099 0.115204 0.819375 0.113103 0.814122 0.107220 0.822317 0.082426 0.829840 0.083927 0.835564 0.065578 0.844823 0.068440 0.849284 0.054131 0.867885 0.060696 0.859001 0.089472 0.882636 0.096095 0.881266 0.101347 0.889944 0.104430 0.884920 0.122927 0.871675 0.119844 0.870644 0.125080
0 0.797425 0.306185 0.799595 0.283920 0.833963 0.288716 0.831223 0.311209 0.797425 0.306185
0 0.845673 0.434073 0.816864 0.430201 0.821975 0.386986 0.843660 0.389619 0.841491 0.405728 0.852334 0.406967 0.849546 0.427413 0.846758 0.427413 0.845673 0.434073
0 0.801424 0.331080 0.800209 0.328764 0.806220 0.325029 0.807932 0.321147 0.816409 0.322144 0.819031 0.335419 0.828574 0.346002 0.817520 0.355046 0.811097 0.351445 0.811843 0.356840 0.804393 0.362324 0.793317 0.348550 0.796514 0.346381 0.790873 0.338777 0.801424 0.331080
0 0.546628 0.140727 0.546967 0.121766 0.587044 0.121309 0.587585 0.119477 0.588515 0.117995 0.589882 0.116660 0.591249 0.115521 0.592949 0.114686 0.594923 0.114214 0.596736 0.083985 0.610794 0.082814 0.610908 0.080629 0.620614 0.080775 0.620333 0.086712 0.625638 0.086930 0.625295 0.092815 0.619949 0.092566 0.618800 0.117688 0.617081 0.117667 0.615726 0.140346 0.546628 0.140727
0 0.524155 0.072947 0.510687 0.068654 0.514056 0.058572 0.528115 0.063016 0.524155 0.072947
4 0.524186 0.000009 0.518531 0.013999 0.492459 0.003177 0.493657 0.000009 0.524186 0.000009
0 0.192834 0.035484 0.194012 0.038009 0.186942 0.041040 0.189214 0.047016 0.187699 0.050551 0.192581 0.061830 0.165226 0.073109 0.160344 0.063092 0.160260 0.058463 0.156556 0.051056 0.176841 0.042218 0.172296 0.030771 0.187783 0.024121 0.192834 0.035484
0 0.140623 0.142389 0.123387 0.133544 0.127577 0.124040 0.134563 0.127322 0.139950 0.116128 0.151145 0.121178 0.140623 0.142389
0 0.169879 0.109059 0.192854 0.125712 0.185660 0.135989 0.182692 0.133362 0.165907 0.153002 0.146953 0.137245 0.169879 0.109059
0 0.274151 0.195659 0.281002 0.197486 0.277234 0.215413 0.268670 0.213357 0.269584 0.209133 0.259764 0.206849 0.262505 0.193147 0.274151 0.195659
0 0.143724 0.240448 0.132262 0.236421 0.120800 0.230535 0.131332 0.213033 0.122658 0.208850 0.130713 0.194910 0.160607 0.209625 0.143724 0.240448
0 0.012261 0.178722 0.040456 0.193988 0.037363 0.199280 0.041675 0.201455 0.034877 0.214089 0.002765 0.196171 0.005853 0.187384 0.012261 0.178722
0 0.041300 0.167101 0.055728 0.174953 0.048946 0.186632 0.034759 0.178700 0.041300 0.167101
0 0.041120 0.324932 0.017713 0.321278 0.023765 0.286796 0.074119 0.295131 0.073434 0.300497 0.087592 0.302781 0.085423 0.319565 0.082454 0.318995 0.081084 0.328814 0.071378 0.326873 0.070807 0.330070 0.061559 0.328700 0.061216 0.331554 0.041805 0.328243 0.041120 0.324932
0 0.170066 0.392885 0.180342 0.380667 0.192559 0.371190 0.200209 0.378041 0.206261 0.371761 0.212998 0.378726 0.209458 0.382722 0.213454 0.386947 0.189248 0.411154 0.170066 0.392885
0 0.167033 0.369912 0.149045 0.385836 0.137828 0.373010 0.128616 0.381184 0.109755 0.357238 0.119803 0.346163 0.133048 0.337942 0.138301 0.343194 0.143210 0.340225 0.153650 0.352834 0.152916 0.353470 0.162450 0.363881 0.167033 0.369912
0 0.224133 0.259014 0.228700 0.256502 0.238177 0.272601 0.250851 0.266321 0.264895 0.290756 0.230869 0.310053 0.207805 0.268034 0.224133 0.259014
0 0.344417 0.329526 0.322577 0.318839 0.328463 0.306603 0.351077 0.317445 0.344417 0.329526
0 0.309163 0.302430 0.298166 0.298867 0.302348 0.286011 0.306375 0.272071 0.320160 0.276718 0.319695 0.280125 0.325272 0.281984 0.326666 0.277957 0.336888 0.281364 0.328463 0.306603 0.318456 0.302894 0.319850 0.297938 0.311796 0.295769 0.309163 0.302430
0 0.257222 0.509973 0.248202 0.509173 0.247974 0.513855 0.231646 0.512256 0.231874 0.508031 0.223196 0.507689 0.223539 0.499810 0.213719 0.498783 0.214975 0.481656 0.226393 0.483026 0.227535 0.471379 0.241237 0.472179 0.241237 0.474691 0.245119 0.475033 0.245576 0.465899 0.261675 0.467383 0.260762 0.479144 0.263502 0.479258 0.262589 0.493074 0.258935 0.492617 0.257222 0.509973
0 0.348870 0.411051 0.351587 0.409445 0.360571 0.416570 0.356543 0.420287 0.358712 0.424005 0.382100 0.428961 0.387367 0.424005 0.400533 0.435157 0.394027 0.441508 0.388761 0.441198 0.384269 0.447858 0.377609 0.442437 0.368935 0.450646 0.371103 0.454673 0.359951 0.465980 0.351953 0.465972 0.343846 0.460378 0.342134 0.457523 0.333799 0.451015 0.333684 0.448046 0.316215 0.433203 0.321581 0.426237 0.318042 0.423725 0.324664 0.416075 0.322609 0.410252 0.318727 0.406713 0.330601 0.394838 0.336082 0.398720 0.335511 0.400889 0.348870 0.411051
0 0.519067 0.462219 0.493510 0.460670 0.494904 0.444097 0.516588 0.446265 0.543230 0.424735 0.547257 0.428298 0.553298 0.424116 0.551284 0.421482 0.555776 0.418230 0.557944 0.420863 0.561817 0.417610 0.568012 0.425200 0.573588 0.426594 0.577306 0.430311 0.574053 0.439450 0.584895 0.450447 0.570490 0.462838 0.576376 0.469034 0.565534 0.478018 0.558099 0.470118 0.542765 0.480806 0.537034 0.474920 0.532232 0.478328 0.520461 0.462838 0.519067 0.462219
0 0.621821 0.334087 0.588563 0.339406 0.586516 0.330491 0.582319 0.327325 0.584945 0.319102 0.583900 0.314412 0.623056 0.307499 0.626435 0.329580 0.621323 0.330378 0.621821 0.334087
0 0.996410 0.864800 0.993035 0.902576 0.991665 0.902119 0.989838 0.920845 0.952048 0.919246 0.952668 0.896817 0.954617 0.896713 0.956429 0.868756 0.973768 0.869682 0.973431 0.876247 0.980249 0.876668 0.981006 0.864042 0.996410 0.864800
0 0.882440 0.898406 0.873648 0.897379 0.874561 0.886532 0.856178 0.884020 0.848299 0.877397 0.849441 0.872716 0.846587 0.857301 0.860745 0.853876 0.863600 0.867235 0.886550 0.870432 0.882440 0.898406
0 0.513739 0.921655 0.516682 0.902138 0.518851 0.892225 0.542394 0.896872 0.546111 0.876426 0.567951 0.880454 0.559742 0.929709 0.513739 0.921655
0 0.443150 0.899407 0.439277 0.892592 0.439742 0.881285 0.443459 0.865795 0.501698 0.872765 0.498446 0.902350 0.478775 0.898787 0.478000 0.903589 0.460807 0.901730 0.461736 0.895844 0.453063 0.894760 0.451823 0.900026 0.443150 0.899407
0 0.625402 0.875783 0.616724 0.875897 0.616724 0.872814 0.608732 0.872129 0.609074 0.860026 0.617980 0.860825 0.618094 0.859569 0.626658 0.860026 0.625402 0.875783
0 0.720473 0.848611 0.720782 0.835290 0.741073 0.835755 0.740918 0.848456 0.720473 0.848611
0 0.121049 0.638278 0.094873 0.635800 0.096267 0.615973 0.123992 0.618607 0.121049 0.638278
0 0.070385 0.670674 0.051798 0.669435 0.052572 0.651468 0.071314 0.652242 0.070385 0.670674
0 0.030157 0.676614 0.012459 0.672618 0.013943 0.666322 0.001155 0.663826 0.004466 0.647498 0.019309 0.650581 0.018689 0.654333 0.033880 0.657847 0.030157 0.676614
0 -0.000000 0.671213 0.008062 0.672417 0.006547 0.683107 -0.000000 0.682012 -0.000000 0.671213
0 -0.000000 0.741856 0.006984 0.700979 -0.000000 0.698353 0.000476 0.693900 0.002417 0.684651 0.013782 0.686776 0.015018 0.681465 0.028678 0.684423 0.026166 0.696526 0.022284 0.696070 0.021599 0.700066 0.032556 0.702105 0.027347 0.732404 0.016575 0.730324 0.015634 0.735080 0.020349 0.736080 0.018288 0.745396 -0.000000 0.741856
0 0.062577 0.690385 0.083798 0.694377 0.077285 0.726314 0.068880 0.724003 0.067199 0.732408 0.076444 0.734299 0.070351 0.767287 0.046608 0.760984 0.048289 0.750898 0.040724 0.748797 0.044296 0.731777 0.041145 0.730937 0.044086 0.713077 0.050810 0.714338 0.058164 0.710766 0.062577 0.690385
0 0.106190 0.796634 0.070565 0.791213 0.077535 0.749083 0.089926 0.751096 0.087183 0.769081 0.101169 0.770605 0.102937 0.761629 0.111735 0.762975 0.106190 0.796634
0 0.332109 0.756028 0.356926 0.758284 0.343382 0.846359 0.329110 0.844304 0.327968 0.850927 0.323629 0.852525 0.319519 0.852069 0.316321 0.848871 0.316892 0.843391 0.304561 0.840650 0.304789 0.839166 0.271175 0.834402 0.274957 0.807297 0.290296 0.810028 0.291977 0.797211 0.324545 0.801834 0.332109 0.756028
0 0.388700 0.891443 0.388280 0.895856 0.355712 0.890813 0.358444 0.868331 0.388490 0.872953 0.393533 0.850051 0.411603 0.853202 0.412864 0.841856 0.400047 0.840175 0.402988 0.821265 0.427992 0.826097 0.417066 0.895436 0.388700 0.891443
0 0.761453 0.709453 0.758512 0.727102 0.725523 0.723951 0.727835 0.705881 0.761453 0.709453
0 0.775517 0.846162 0.775288 0.866943 0.757704 0.866601 0.758732 0.844336 0.763984 0.844450 0.763870 0.845706 0.775517 0.846162
0 0.786034 0.786343 0.789597 0.787117 0.788822 0.809112 0.780768 0.808802 0.781388 0.803536 0.776586 0.803690 0.776121 0.809421 0.762336 0.808027 0.762801 0.801832 0.760632 0.801832 0.760942 0.794087 0.763885 0.794087 0.764814 0.785723 0.786034 0.786343
0 0.743459 0.798645 0.732498 0.797731 0.732954 0.790994 0.743916 0.791908 0.743459 0.798645
0 0.730921 0.828409 0.702718 0.829208 0.701805 0.808998 0.728866 0.808541 0.730921 0.828409
0 0.825070 0.817314 0.825225 0.828931 0.807257 0.828002 0.807567 0.816850 0.825070 0.817314
0 0.208579 0.826912 0.188288 0.823195 0.196962 0.779980 0.201609 0.780445 0.204861 0.759999 0.216478 0.762013 0.219886 0.754268 0.222984 0.754423 0.222829 0.750860 0.236769 0.753184 0.235995 0.756127 0.238938 0.756901 0.240951 0.763871 0.256595 0.766504 0.255666 0.775178 0.273014 0.777811 0.266973 0.814521 0.227011 0.807860 0.227785 0.799032 0.216323 0.797483 0.215549 0.805227 0.212451 0.805227 0.208579 0.826912
0 0.511402 0.709412 0.452990 0.702268 0.458243 0.664657 0.515604 0.672642 0.511402 0.709412
0 0.725206 0.864285 0.746271 0.865524 0.744877 0.887364 0.734500 0.886590 0.734190 0.895883 0.730318 0.895883 0.730163 0.902543 0.685709 0.899755 0.687413 0.879774 0.724122 0.881323 0.725206 0.864285
3 0.998841 0.415935 0.977287 0.412269 0.976752 0.415202 0.975857 0.418021 0.973923 0.420653 0.970847 0.421648 0.966788 0.422080 0.963517 0.421633 0.960915 0.420525 0.959250 0.418014 0.958065 0.414998 0.957842 0.412175 0.957618 0.408530 0.934072 0.404315 0.938149 0.383724 0.976756 0.389963 0.982383 0.365525 0.998841 0.367615 0.998841 0.415935
0 0.325688 0.693826 0.321871 0.719847 0.293161 0.715510 0.296723 0.689179 0.311128 0.691347 0.310818 0.691967 0.325688 0.693826
0 0.506982 0.291169 0.514989 0.290744 0.515413 0.299599 0.507406 0.300183 0.506982 0.291169
