3 0.228249 0.008710 0.240044 0.012521 0.238893 0.015758 0.264761 0.022035 0.265840 0.019303 0.288757 0.026214 0.283158 0.045616 0.278555 0.044538 0.274672 0.055541 0.247846 0.046983 0.217733 0.037826 0.228249 0.008710
3 0.297761 0.089876 0.304956 0.089773 0.305388 0.099131 0.298084 0.099711 0.297761 0.089876
0 0.489069 0.961737 0.493148 0.958761 0.526959 0.971950 0.525633 0.985923 0.534276 0.986400 0.533905 0.988468 0.569879 0.991507 0.569879 0.994958 0.577053 0.998342 0.577144 0.999009 0.498242 0.999009 0.498770 0.992170 0.506198 0.992775 0.507062 0.990357 0.506758 0.990186 0.484951 0.977871 0.464944 0.966565 0.474078 0.953580 0.489069 0.961737
0 0.282868 0.988102 0.289094 0.972740 0.303170 0.976665 0.300057 0.985734 0.298365 0.993177 0.292410 0.991012 0.282868 0.988102
0 0.289445 0.971912 0.293210 0.960299 0.299436 0.962479 0.295649 0.974086 0.289445 0.971912
3 0.127956 0.884930 0.146901 0.879851 0.147646 0.881272 0.152518 0.879783 0.152450 0.876197 0.167406 0.873016 0.169528 0.886459 0.171380 0.895605 0.131652 0.904396 0.129554 0.894583 0.127956 0.884930
3 0.170673 0.851202 0.171620 0.847480 0.171011 0.846803 0.171959 0.842202 0.172974 0.841999 0.175951 0.832524 0.184502 0.834785 0.179594 0.853109 0.170673 0.851202
3 0.164057 0.871174 0.169200 0.853037 0.177321 0.855203 0.173125 0.873745 0.164057 0.871174
3 0.019670 0.966843 0.025490 0.966099 0.025287 0.963866 0.037536 0.962174 0.037942 0.965219 0.049649 0.963392 0.050259 0.965084 0.053575 0.964610 0.054688 0.962933 0.056807 0.961687 0.060712 0.960690 0.063454 0.961189 0.065116 0.962186 0.066695 0.964138 0.067401 0.966590 0.070642 0.966257 0.070060 0.959236 0.081632 0.958008 0.082110 0.960182 0.086670 0.960129 0.087229 0.966416 0.082424 0.971221 0.083800 0.982176 0.087387 0.985424 0.110763 0.981829 0.112566 0.983632 0.113876 0.993349 0.087348 0.997613 0.086062 0.991116 0.075173 0.993060 0.074361 0.990285 0.058661 0.992789 0.059067 0.996714 0.043227 0.998470 0.040266 0.981679 0.021764 0.983572 0.019670 0.966843
0 0.019051 0.893477 0.020972 0.891784 0.023283 0.891361 0.025757 0.891849 0.026701 0.893444 0.027124 0.896179 0.026310 0.898099 0.023771 0.899043 0.020646 0.898555 0.019377 0.896667 0.018888 0.894844 0.019051 0.893477
3 0.293555 0.180945 0.302410 0.175059 0.318461 0.193419 0.322434 0.198170 0.314660 0.205425 0.293555 0.180945
3 0.268105 0.157529 0.277951 0.151051 0.292461 0.167116 0.282615 0.174630 0.268105 0.157529
0 0.610303 0.494893 0.618362 0.511153 0.619018 0.517648 0.616826 0.523005 0.611775 0.529792 0.597718 0.528855 0.564097 0.558376 0.554715 0.564890 0.543950 0.562049 0.539166 0.556667 0.535877 0.545603 0.517786 0.517495 0.509179 0.516671 0.500159 0.512922 0.496996 0.505659 0.498402 0.495936 0.502619 0.489141 0.507305 0.484338 0.516208 0.483284 0.528838 0.471621 0.533524 0.476456 0.525761 0.486851 0.526550 0.498562 0.536945 0.508299 0.546814 0.517905 0.551288 0.515141 0.557562 0.515058 0.565983 0.517638 0.567070 0.521577 0.597222 0.502562 0.610303 0.494893
0 0.593835 0.411532 0.607889 0.396880 0.609235 0.390002 0.619102 0.388058 0.620451 0.393634 0.628161 0.391614 0.630272 0.398039 0.637432 0.395561 0.639543 0.401435 0.646794 0.399416 0.660308 0.406570 0.662080 0.414618 0.660336 0.420125 0.599731 0.438021 0.599822 0.467196 0.610303 0.494893 0.597222 0.502562 0.598309 0.492647 0.595230 0.484705 0.590754 0.481827 0.583424 0.481799 0.573015 0.482574 0.567389 0.484575 0.562139 0.484575 0.557388 0.481574 0.549817 0.476753 0.540630 0.474088 0.533524 0.476456 0.528838 0.471621 0.535165 0.465784 0.510740 0.440405 0.512648 0.434681 0.518373 0.429910 0.526769 0.427620 0.530013 0.428765 0.541884 0.441949 0.558948 0.426966 0.572853 0.438029 0.582870 0.425471 0.522072 0.381991 0.523046 0.376877 0.526456 0.371276 0.529451 0.367623 0.532057 0.365674 0.534233 0.363833 0.593835 0.411532
3 0.795263 0.067323 0.803463 0.059005 0.818926 0.061817 0.828298 0.052914 0.831929 0.056545 0.839427 0.049399 0.831694 0.028256 0.857119 0.021372 0.866278 0.052316 0.853982 0.061833 0.856284 0.065500 0.839485 0.080324 0.845532 0.089252 0.831855 0.102194 0.825706 0.095769 0.822860 0.098247 0.795263 0.067323
3 0.941700 0.000004 0.949596 0.007940 0.917058 0.010197 0.903751 0.024907 0.887491 0.011378 0.898133 0.000005 0.941700 0.000004
0 0.361042 0.079863 0.361977 0.076339 0.362984 0.074900 0.367299 0.072959 0.369529 0.072671 0.372405 0.072527 0.373916 0.073174 0.375210 0.074972 0.382258 0.088996 0.379813 0.092520 0.377943 0.093886 0.376433 0.094821 0.373412 0.095037 0.369960 0.095469 0.367227 0.093383 0.361042 0.079863
3 0.268651 0.139141 0.285284 0.143443 0.282607 0.150421 0.267026 0.145163 0.268651 0.139141
0 0.465218 0.390867 0.477200 0.414092 0.462112 0.420009 0.458414 0.413500 0.464479 0.411577 0.461964 0.402850 0.456195 0.403737 0.452349 0.394861 0.465218 0.390867
3 0.197340 0.870239 0.208683 0.881436 0.208537 0.886235 0.220317 0.898015 0.205774 0.909648 0.181634 0.881145 0.197340 0.870239
