0 0.741756 0.116111 0.759204 0.091600 0.804902 0.118188 0.789946 0.141452 0.774575 0.132728 0.779976 0.124420 0.770836 0.117773 0.756296 0.127328 0.741756 0.116111
0 0.890252 0.003218 0.902234 0.004050 0.909556 0.007378 0.906228 0.019860 0.886424 0.016864 0.885925 0.012204 0.890252 0.003218
0 0.976676 0.473004 0.991350 0.475262 0.991575 0.488356 0.980739 0.487227 0.979610 0.484518 0.976676 0.484066 0.976676 0.473004
0 0.981776 0.508840 0.982679 0.501616 0.992160 0.502293 0.992160 0.506131 0.993967 0.507034 0.993515 0.515387 0.985388 0.514258 0.985388 0.517193 0.970940 0.517193 0.965296 0.516516 0.965521 0.505679 0.970037 0.505454 0.970037 0.507711 0.981776 0.508840
0 0.973356 0.522077 0.992997 0.522528 0.993900 0.542395 0.984644 0.543072 0.984644 0.541266 0.973808 0.540814 0.973356 0.522077
0 0.962745 0.576532 0.972678 0.580144 0.969969 0.590529 0.960713 0.586691 0.962745 0.576532
0 0.809609 0.911000 0.837223 0.904237 0.846240 0.937487 0.819753 0.946504 0.809609 0.911000
0 0.829367 0.863991 0.853600 0.875859 0.841507 0.901645 0.818480 0.889454 0.829367 0.863991
0 0.821047 0.794257 0.821498 0.789065 0.835947 0.792677 0.835495 0.817058 0.816758 0.814801 0.817435 0.809157 0.820595 0.809157 0.821047 0.794257
0 0.941212 0.589055 0.949317 0.592468 0.943772 0.603985 0.936094 0.600572 0.941212 0.589055
0 0.761286 0.912830 0.769391 0.913257 0.768964 0.942263 0.761286 0.943117 0.761286 0.912830
