0 0.119881 0.058515 0.124426 0.044336 0.141634 0.050092 0.137877 0.063301 0.119881 0.058515
3 0.012838 0.066141 0.024092 0.066623 0.021680 0.113889 0.010426 0.111799 0.012838 0.066141
3 0.016255 0.060263 0.019782 0.044392 0.028852 0.046659 0.025577 0.063791 0.016255 0.060263
0 0.165773 0.058846 0.180403 0.063508 0.177509 0.070903 0.164165 0.066723 0.165773 0.058846
0 0.238740 0.075264 0.247583 0.079444 0.240509 0.095682 0.231827 0.091663 0.238740 0.075264
3 0.073640 0.445657 0.080442 0.437595 0.092157 0.445405 0.084221 0.454223 0.073640 0.445657
3 0.956700 0.734655 0.962424 0.737715 0.967655 0.742453 0.952061 0.764462 0.944659 0.759922 0.939724 0.755777 0.956700 0.734655
3 0.025496 0.028496 0.025964 0.020179 0.031822 0.020413 0.031705 0.024162 0.033930 0.026388 0.033110 0.031894 0.025496 0.028496
3 -0.000000 0.098398 0.007664 0.099894 0.004973 0.115293 -0.000000 0.112901 -0.000000 0.098398
3 0.002286 0.431936 0.022513 0.428501 0.024803 0.443194 0.018697 0.443003 0.019841 0.451590 0.011255 0.454261 0.011064 0.450636 0.005339 0.451781 0.002286 0.431936
3 0.031257 0.473281 0.048061 0.467679 0.050253 0.482048 0.035153 0.486432 0.031257 0.473281
