0 0.161153 0.295871 0.182334 0.292020 0.181564 0.285473 0.206596 0.282393 0.206981 0.288939 0.213143 0.287784 0.213143 0.291250 0.223926 0.290865 0.228547 0.321288 0.184260 0.327835 0.184260 0.323599 0.163079 0.326295 0.161153 0.295871
3 0.334067 0.253124 0.346390 0.265833 0.334837 0.280082 0.339458 0.284703 0.315582 0.309735 0.290165 0.288169 0.307880 0.265448 0.316352 0.271995 0.334067 0.253124
1 0.388206 0.318953 0.418232 0.326755 0.411848 0.346378 0.383241 0.338103 0.388206 0.318953
0 0.400973 0.266939 0.407829 0.277342 0.402628 0.282307 0.395299 0.270722 0.400973 0.266939
3 0.022324 0.063411 0.046733 0.061213 0.048494 0.079520 0.031227 0.081515 0.029718 0.073066 0.022693 0.073318 0.022324 0.063411
0 0.569935 0.174631 0.575468 0.166668 0.581537 0.170570 0.575112 0.179412 0.569935 0.174631
0 0.979924 0.101495 0.997425 0.089727 0.998866 0.093105 0.998866 0.116194 0.990485 0.115074 0.979924 0.101495
0 0.174905 0.351783 0.202429 0.348343 0.204887 0.371444 0.176871 0.374884 0.174905 0.351783
0 -0.000000 0.174791 0.005797 0.174646 0.007684 0.170291 0.012619 0.168114 0.017844 0.169711 0.019296 0.171307 0.028585 0.170872 0.029891 0.181758 0.034536 0.182193 0.034826 0.184515 0.038890 0.185822 0.039325 0.198014 0.033750 0.201200 0.032352 0.214145 0.036974 0.224088 0.028875 0.238073 -0.000000 0.222979 -0.000000 0.174791
3 0.318060 0.067773 0.325338 0.068114 0.325452 0.073686 0.317832 0.073459 0.318060 0.067773
0 0.070897 0.150825 0.078935 0.150352 0.079881 0.159100 0.072315 0.159337 0.070897 0.150825
3 0.268814 0.238223 0.277891 0.234332 0.286412 0.252486 0.277891 0.256747 0.268814 0.238223
0 0.216257 0.348587 0.219094 0.350479 0.220040 0.354025 0.219331 0.357335 0.215075 0.359226 0.211529 0.358517 0.209874 0.354498 0.209874 0.351661 0.212002 0.349769 0.214129 0.349060 0.216257 0.348587
0 -0.000000 0.153335 0.013099 0.152569 0.013637 0.160457 0.019732 0.161174 0.024035 0.164401 0.028585 0.170872 0.019296 0.171307 0.017844 0.169711 0.012619 0.168114 0.007684 0.170291 0.005797 0.174646 -0.000000 0.174791 -0.000000 0.153335
