0 0.079481 0.089667 0.088802 0.089927 0.088963 0.097343 0.085802 0.097343 0.086254 0.103212 0.079095 0.102504 0.079481 0.089667
0 0.070949 0.088312 0.077551 0.088945 0.076917 0.097899 0.070858 0.097175 0.070949 0.088312
0 0.536477 0.000010 0.528963 0.009484 0.509547 0.000010 0.536477 0.000010
0 0.526041 0.012993 0.543216 0.013729 0.543830 0.030168 0.525428 0.029432 0.526041 0.012993
0 0.630727 0.086423 0.635712 0.079776 0.642540 0.085716 0.636209 0.092589 0.630727 0.086423
0 0.631840 0.132832 0.643958 0.112936 0.684330 0.146739 0.675300 0.162542 0.671011 0.160511 0.667624 0.164123 0.631840 0.132832
0 0.747995 0.170850 0.760861 0.170850 0.761595 0.178717 0.765594 0.178517 0.766528 0.178717 0.766994 0.184450 0.743061 0.185317 0.742595 0.179384 0.747661 0.178784 0.747995 0.170850
0 0.734171 0.193685 0.749002 0.191967 0.751172 0.205713 0.734261 0.207250 0.734171 0.193685
0 0.730908 0.156786 0.744055 0.156287 0.745719 0.176590 0.729410 0.176257 0.729077 0.164108 0.731407 0.164108 0.730908 0.156786
0 0.861151 0.290448 0.868375 0.288191 0.871762 0.300607 0.862731 0.302413 0.861151 0.290448
0 0.835641 0.229495 0.842865 0.229269 0.843768 0.243717 0.835641 0.243491 0.835641 0.229495
0 0.781685 0.278032 0.791619 0.277355 0.790264 0.300833 0.782137 0.301285 0.781685 0.278032
0 0.937027 0.038866 0.951420 0.038866 0.951420 0.067653 0.935802 0.067653 0.937027 0.038866
0 0.656592 0.022108 0.660609 0.020912 0.663291 0.024372 0.662786 0.029144 0.658578 0.031530 0.656043 0.027722 0.656592 0.022108
0 0.772385 0.103310 0.780539 0.101313 0.784700 0.128107 0.777044 0.128606 0.772385 0.103310
0 0.507370 0.543660 0.507046 0.536256 0.521314 0.533932 0.522414 0.542256 0.524826 0.552522 0.497876 0.558054 0.495733 0.545192 0.507370 0.543660
0 0.459737 0.539190 0.478898 0.545086 0.473386 0.565766 0.457405 0.561011 0.448487 0.558728 0.453709 0.542288 0.458738 0.543449 0.459737 0.539190
0 0.222252 0.591950 0.238577 0.582664 0.243162 0.589099 0.249776 0.586238 0.248482 0.583571 0.255604 0.579096 0.257768 0.582196 0.264091 0.578582 0.276341 0.598488 0.257047 0.613800 0.252147 0.606757 0.243266 0.604001 0.231935 0.611350 0.222252 0.591950
0 0.175665 0.634230 0.191867 0.639215 0.182312 0.680343 0.163617 0.674527 0.175665 0.634230
0 0.066279 0.823075 0.088650 0.825043 0.084975 0.846174 0.068744 0.843418 0.069969 0.832699 0.065681 0.832132 0.066279 0.823075
0 0.111770 0.801626 0.117879 0.777287 0.136009 0.781077 0.133367 0.800210 0.146842 0.802660 0.145311 0.810009 0.160639 0.811349 0.162407 0.805668 0.168892 0.805722 0.176242 0.775404 0.194923 0.780610 0.182673 0.844922 0.141627 0.837565 0.137140 0.842766 0.118668 0.839715 0.120925 0.827254 0.104580 0.822259 0.104795 0.809955 0.111770 0.801626
0 0.762635 0.898167 0.787561 0.911045 0.776760 0.929740 0.752665 0.917277 0.762635 0.898167
0 0.555530 0.481363 0.561157 0.481363 0.560675 0.489240 0.555530 0.489240 0.555530 0.481363
0 0.555530 0.489240 0.558585 0.490366 0.560514 0.492295 0.559871 0.497279 0.557299 0.498404 0.553762 0.497600 0.553279 0.494546 0.553762 0.490687 0.555530 0.489240
0 0.657334 0.494162 0.662874 0.499497 0.663285 0.502780 0.642766 0.509551 0.638252 0.498882 0.657334 0.494162
0 0.738578 0.583618 0.741223 0.583618 0.744372 0.588531 0.744120 0.591554 0.742231 0.594199 0.740215 0.594703 0.736058 0.594325 0.734673 0.589539 0.734169 0.585634 0.738578 0.583618
0 0.734169 0.585634 0.734673 0.589539 0.736058 0.594325 0.731775 0.596089 0.729130 0.596215 0.726863 0.594829 0.724847 0.590420 0.726611 0.586893 0.729634 0.584626 0.734169 0.585634
0 0.719255 0.648535 0.733489 0.648409 0.733489 0.654077 0.719255 0.654581 0.719255 0.648535
3 0.692022 0.263391 0.690175 0.278780 0.679506 0.277344 0.681763 0.262981 0.692022 0.263391
0 0.674992 0.282473 0.687713 0.282884 0.687508 0.292527 0.673760 0.291296 0.674992 0.282473
3 0.639787 0.268986 0.653928 0.271343 0.652618 0.281294 0.637692 0.278937 0.639787 0.268986
0 0.935363 0.071404 0.944596 0.070583 0.944596 0.086588 0.935978 0.087408 0.935363 0.071404
4 0.822982 0.055571 0.832468 0.052195 0.835040 0.061037 0.824268 0.064092 0.822982 0.055571
0 0.649490 0.020724 0.653606 0.021323 0.654388 0.026118 0.652611 0.032165 0.648822 0.032143 0.647754 0.025769 0.649490 0.020724
0 0.252373 0.029093 0.257839 0.028771 0.259447 0.031183 0.259286 0.034881 0.257357 0.036649 0.254142 0.036810 0.250926 0.034238 0.252373 0.029093
0 0.245621 0.030379 0.249801 0.030379 0.250926 0.034238 0.249480 0.037453 0.246264 0.038257 0.243692 0.037453 0.243692 0.033434 0.245621 0.030379
0 0.057970 0.085713 0.067294 0.087642 0.066330 0.096645 0.058291 0.094555 0.057970 0.085713
