3 0.848326 0.000006 0.848905 0.007638 0.845540 0.007870 0.844612 0.036531 0.823145 0.036531 0.823377 0.012395 0.821405 0.012627 0.821985 0.000007 0.848326 0.000006
3 0.981797 0.475659 0.976066 0.479765 0.978718 0.483101 0.974612 0.486095 0.972046 0.483015 0.971190 0.483614 0.965887 0.477113 0.977092 0.469073 0.981797 0.475659
0 0.985863 0.596189 0.976710 0.598242 0.975598 0.592426 0.984836 0.590544 0.985863 0.596189
0 0.810762 0.490167 0.810605 0.499611 0.803679 0.498981 0.804308 0.490009 0.810762 0.490167
0 0.840827 0.485602 0.845234 0.504176 0.836105 0.506065 0.831697 0.487491 0.840827 0.485602
3 0.906527 0.679511 0.899129 0.680298 0.898500 0.674474 0.906527 0.674159 0.906527 0.679511
0 0.839314 0.645825 0.852537 0.645196 0.852851 0.654640 0.839944 0.655585 0.839314 0.645825
0 0.825935 0.643307 0.832231 0.645353 0.827351 0.658733 0.821685 0.657159 0.825935 0.643307
0 0.808447 0.659856 0.805198 0.654982 0.812508 0.651501 0.815177 0.656375 0.808447 0.659856
0 0.612964 0.668791 0.624916 0.673201 0.621551 0.683876 0.608206 0.678074 0.612964 0.668791
0 0.583027 0.654867 0.594398 0.660437 0.589873 0.670068 0.578733 0.664498 0.583027 0.654867
3 0.877493 0.444545 0.900666 0.454104 0.896901 0.462215 0.873438 0.453525 0.877493 0.444545
3 0.911963 0.457870 0.921812 0.465111 0.915149 0.476408 0.903273 0.467718 0.911963 0.457870
3 0.978372 0.496494 0.996474 0.483429 0.998845 0.486393 0.998845 0.489246 0.997418 0.490985 0.998845 0.494551 0.998845 0.501737 0.984983 0.509874 0.976483 0.498540 0.978372 0.496494
0 0.899348 0.105587 0.902427 0.113884 0.896354 0.116878 0.893104 0.109180 0.899348 0.105587
0 0.891479 0.113799 0.894900 0.120642 0.889426 0.123635 0.886004 0.116878 0.891479 0.113799
