0 0.472552 0.283107 0.591707 0.306255 0.583618 0.359299 0.461001 0.330689 0.472552 0.283107
0 0.642931 0.347477 0.679472 0.370200 0.659844 0.403489 0.621770 0.383185 0.642931 0.347477
0 0.392833 0.198004 0.407578 0.207343 0.403261 0.216239 0.410918 0.219358 0.396672 0.251220 0.366291 0.233884 0.382511 0.202428 0.389392 0.205377 0.392833 0.198004
0 0.498015 0.225529 0.506862 0.233884 0.481304 0.261409 0.471965 0.254036 0.498015 0.225529
0 0.532245 0.218607 0.536470 0.223435 0.523797 0.238522 0.517762 0.233694 0.532245 0.218607
0 0.610418 0.130273 0.621280 0.116091 0.629729 0.124540 0.618867 0.138420 0.610418 0.130273
0 0.640894 0.095572 0.647834 0.102512 0.635764 0.114884 0.628221 0.108547 0.640894 0.095572
0 0.641799 0.046992 0.656283 0.030698 0.661412 0.038543 0.655377 0.044578 0.660809 0.050914 0.650248 0.060570 0.641799 0.046992
0 0.873248 0.649752 0.874873 0.648418 0.912675 0.676071 0.893229 0.704299 0.856846 0.676698 0.862013 0.665853 0.837500 0.648252 0.836055 0.642480 0.844990 0.629355 0.873248 0.649752
0 0.687610 0.539045 0.701902 0.544965 0.703157 0.542456 0.718212 0.549983 0.718839 0.546847 0.725739 0.549356 0.726367 0.544965 0.743931 0.554374 0.730131 0.583230 0.681201 0.558138 0.687610 0.539045
0 0.577696 0.482235 0.596515 0.464043 0.629135 0.498544 0.632271 0.495408 0.649464 0.512600 0.634741 0.527688 0.625127 0.517085 0.615755 0.526939 0.577696 0.482235
3 -0.000000 0.781440 0.042564 0.784907 0.041024 0.807243 -0.000000 0.804162 -0.000000 0.781440
3 0.132701 0.816349 0.148490 0.824051 0.144639 0.832138 0.129620 0.824821 0.132701 0.816349
0 0.253742 0.498803 0.275640 0.498801 0.277132 0.508708 0.277116 0.512657 0.281362 0.518635 0.279887 0.545987 0.258255 0.545496 0.254196 0.525687 0.248090 0.518389 0.247941 0.516900 0.253451 0.510942 0.253742 0.498803
0 -0.000000 0.442948 0.003280 0.443794 0.003714 0.437285 0.017020 0.439310 0.016297 0.448133 0.024686 0.447699 0.024831 0.450303 0.030472 0.448278 0.039439 0.464622 0.020202 0.473734 0.019190 0.477206 0.025843 0.481400 0.021649 0.490368 0.017888 0.488198 0.011693 0.492956 0.009841 0.509628 -0.000000 0.506294 -0.000000 0.442948
0 0.661943 0.323728 0.681018 0.336822 0.675821 0.343199 0.656936 0.329505 0.661943 0.323728
3 0.060482 0.790351 0.069490 0.790749 0.069945 0.794378 0.060227 0.794079 0.060482 0.790351
3 0.122091 0.805252 0.126425 0.806072 0.126659 0.810641 0.122091 0.810758 0.122091 0.805252
3 0.009087 0.747652 0.021520 0.751071 0.020588 0.757598 0.006290 0.755111 0.009087 0.747652
1 0.058592 0.541204 0.066225 0.538723 0.066988 0.547882 0.059546 0.548837 0.058592 0.541204
4 0.472327 0.035014 0.467700 0.029413 0.473302 0.024542 0.477685 0.029657 0.472327 0.035014
4 0.172175 0.168746 0.183054 0.175584 0.169287 0.199691 0.157877 0.193923 0.172175 0.168746
4 0.782987 0.589278 0.786725 0.583447 0.794051 0.588829 0.790463 0.594511 0.782987 0.589278
0 0.503847 0.226495 0.512967 0.216478 0.518050 0.221113 0.509528 0.231279 0.503847 0.226495
0 0.664242 0.037789 0.669475 0.043470 0.664242 0.049152 0.658112 0.044068 0.664242 0.037789
0 0.630881 0.021890 0.634189 0.024910 0.628508 0.032246 0.624481 0.029225 0.630881 0.021890
4 0.675883 0.161847 0.683614 0.172624 0.681623 0.175319 0.681623 0.176139 0.680451 0.177076 0.671783 0.165947 0.675883 0.161847
4 0.615250 0.045430 0.622011 0.048810 0.621220 0.052118 0.613668 0.048882 0.615250 0.045430
4 0.276765 0.504094 0.288612 0.504692 0.290560 0.502744 0.299814 0.502013 0.299814 0.512241 0.295431 0.516138 0.281362 0.518635 0.277116 0.512657 0.277132 0.508708 0.276765 0.504094
3 0.119535 0.760225 0.120156 0.750901 0.132900 0.754009 0.132900 0.755563 0.137251 0.756806 0.136319 0.763955 0.119535 0.760225
3 0.103745 0.723985 0.106223 0.727014 0.106682 0.729033 0.102460 0.730043 0.100349 0.726922 0.103745 0.723985
4 0.282399 0.026859 0.289398 0.032134 0.284241 0.037688 0.278290 0.031341 0.282399 0.026859
4 0.795188 0.594039 0.800546 0.596718 0.798354 0.600128 0.792996 0.597449 0.795188 0.594039
0 0.200600 0.509991 0.199090 0.534808 0.198011 0.534592 0.195205 0.534808 0.183768 0.524450 0.182905 0.522076 0.184631 0.517328 0.187868 0.514739 0.200600 0.509991
